REGIÃO:;CO
UF:;MS
ESTAÇÃO:;MARACAJU
CODIGO (WMO):;A731
LATITUDE:;-21,60916666
LONGITUDE:;-55,17777777
ALTITUDE:;400
DATA DE FUNDAÇÃO (YYYY-MM-DD):;2006-12-15
DATA (YYYY-MM-DD);HORA (UTC);PRECIPITAÇÃO TOTAL, HORÁRIO (mm);PRESSAO ATMOSFERICA AO NIVEL DA ESTACAO, HORARIA (mB);PRESSÃO ATMOSFERICA MAX.NA HORA ANT. (AUT) (mB);PRESSÃO ATMOSFERICA MIN. NA HORA ANT. (AUT) (mB);RADIACAO GLOBAL (KJ/m²);TEMPERATURA DO AR - BULBO SECO, HORARIA (°C);TEMPERATURA DO PONTO DE ORVALHO (°C);TEMPERATURA MÁXIMA NA HORA ANT. (AUT) (°C);TEMPERATURA MÍNIMA NA HORA ANT. (AUT) (°C);TEMPERATURA ORVALHO MAX. NA HORA ANT. (AUT) (°C);TEMPERATURA ORVALHO MIN. NA HORA ANT. (AUT) (°C);UMIDADE REL. MAX. NA HORA ANT. (AUT) (%);UMIDADE REL. MIN. NA HORA ANT. (AUT) (%);UMIDADE RELATIVA DO AR, HORARIA (%);VENTO, DIREÇÃO HORARIA (gr) (° (gr));VENTO, RAJADA MAXIMA (m/s);VENTO, VELOCIDADE HORARIA (m/s);
2007-01-01;00:00;0;967,5;967,5;967;-9999;22,9;22;23,4;22,9;22,1;21,8;95;91;95;335;1,7;,5;
2007-01-01;01:00;0;968,4;968,4;967,5;-9999;23,2;22,5;23,2;22,9;22,5;22,1;96;95;95;128;1,7;,5;
2007-01-01;02:00;3,6;968,3;968,5;968,3;-9999;23;22,2;23,3;23;22,5;22,2;96;95;95;37;2,8;1,7;
2007-01-01;03:00;1,2;967,6;968,3;967,6;-9999;22,3;21,5;23;22,3;22,3;21,5;96;94;95;336;5,2;,7;
2007-01-01;04:00;0;966,5;967,6;966,5;-9999;21,8;21,3;22,4;21,8;21,6;21,2;97;95;96;290;2,9;,9;
2007-01-01;05:00;0;965,4;966,5;965,4;-9999;21,9;21,2;22;21,7;21,4;21,2;97;96;96;253;1,3;0;
2007-01-01;06:00;0;965,1;965,4;965,1;-9999;21,5;21;21,9;21,5;21,4;21;97;96;97;334;1;,1;
2007-01-01;07:00;0;965,4;965,4;965,1;-9999;21,3;20,8;21,5;21,2;21;20,7;97;97;97;289;2,5;1,6;
2007-01-01;08:00;0;965,7;965,7;965,4;-9999;21,3;20,8;21,4;21,1;20,8;20,6;97;96;97;250;2,5;,7;
2007-01-01;09:00;0;966,3;966,3;965,7;-9999;21,2;20,7;21,5;21,1;20,9;20,6;97;96;97;278;1,7;,2;
2007-01-01;10:00;0;966,8;966,8;966,2;104,8;21,4;20,9;21,4;21,1;20,9;20,6;97;97;97;318;1,6;,7;
2007-01-01;11:00;0;967,2;967,2;966,8;635,1;23,7;22;23,7;21,5;22;21;97;90;90;296;2;,5;
2007-01-01;12:00;0;967,5;967,5;967,1;1467,3;25;21,3;25,1;23,8;21,7;20,7;90;78;80;332;4,4;1,3;
2007-01-01;13:00;0;967,2;967,5;967,2;2508,8;27,1;21,6;27,7;24,9;22,8;21;81;69;72;11;5,1;2,1;
2007-01-01;14:00;0;967;967,3;967;2990,4;27,5;21,7;28,3;26,9;23,3;21;76;68;71;4;6,1;2,2;
2007-01-01;15:00;,2;965,9;967;965,9;2453,7;28,8;22,3;28,8;27,1;23,1;20,9;77;65;68;13;5,3;1,5;
2007-01-01;16:00;0;965;965,9;965;3341,5;29,3;21,8;29,9;28,3;23;20,5;71;57;64;8;5,2;2,2;
2007-01-01;17:00;0;964,8;965;964,8;2552,2;30,4;21,9;30,6;29,1;22,5;20,5;67;58;61;319;5,6;2,6;
2007-01-01;18:00;0;963,8;964,8;963,8;4084,8;31,1;20,9;31,3;30,2;22,9;20,6;63;54;55;315;5,7;1,5;
2007-01-01;19:00;0;963,3;963,8;963;3154,9;31,5;20,7;31,8;29,5;22,9;19,8;66;50;53;318;5,3;2,1;
2007-01-01;20:00;0;962,7;963,3;962,6;1154,7;29,5;23,5;31,9;28,9;23,5;20,4;70;51;70;323;6,2;2,8;
2007-01-01;21:00;0;963,1;963,1;962,4;849,2;27,7;22,1;30,4;27,7;23,6;22;72;64;72;320;9;3,6;
2007-01-01;22:00;0;963,4;964,1;963;309,4;25,7;22;27,7;25,5;22,4;21,5;80;71;80;272;9;,5;
2007-01-01;23:00;0;964,8;964,8;963,1;24,6;24,7;22,4;25,9;24,7;22,5;21,7;87;78;87;131;3,9;,5;
2007-01-02;00:00;0;965,3;965,5;964,9;-9999;23,9;20,8;24,8;23,9;22,3;19,8;87;76;83;250;2,8;,2;
2007-01-02;01:00;0;965,8;965,8;965,3;-9999;23,2;21,3;23,9;23,1;21,6;20,5;91;83;89;264;1,4;,3;
2007-01-02;02:00;0;966,1;966,2;965,8;-9999;23,5;21,7;23,5;23,1;21,8;21,2;92;88;90;80;1,1;0;
2007-01-02;03:00;0;965,7;966,1;965,6;-9999;23;21,8;23,5;22,9;22;21,6;95;90;93;334;2,5;,8;
2007-01-02;04:00;0;965,1;965,7;965;-9999;22,7;21,6;23;22,6;21,8;21,5;95;93;94;345;3,8;1,7;
2007-01-02;05:00;0;965,1;965,3;965;-9999;22,1;21,5;22,7;22,1;21,6;21,4;96;94;96;70;3,8;,7;
2007-01-02;06:00;0;965,3;965,3;965;-9999;22,7;21,9;22,7;22,1;21,9;21,5;96;94;95;4;2,7;,2;
2007-01-02;07:00;0;965,3;965,4;965,3;-9999;22,8;21,7;22,9;22,7;21,9;21,7;95;93;93;345;1,9;,8;
2007-01-02;08:00;0;965,4;965,4;965,2;-9999;22,7;21,7;22,8;22,7;21,8;21,6;95;93;94;346;2,5;,1;
2007-01-02;09:00;0;965,8;965,8;965,4;-9999;22;21,3;22,7;22;21,7;21,3;96;94;96;244;1,6;0;
2007-01-02;10:00;0;966,6;966,6;965,8;206,8;22,9;21,6;22,9;21,8;21,8;21,1;96;92;93;332;2,7;1;
2007-01-02;11:00;0;967,4;967,4;966,6;534;23,9;22;24;22,9;22,3;21,5;93;89;89;327;5;1,8;
2007-01-02;12:00;0;967,9;967,9;967,4;942,7;25,3;22,4;25,3;23,9;22,7;21,9;90;83;84;328;6,3;1,8;
2007-01-02;13:00;0;967,8;968;967,7;1083;26,2;22,3;26,6;25,3;22,8;22;84;77;79;332;6,9;2,3;
2007-01-02;14:00;0;967;967,8;967;1568,9;27,5;22,7;28,4;26,2;23,1;22;80;70;75;312;7,3;3,8;
2007-01-02;15:00;3,2;966,9;967,2;966,8;1527,6;24,1;22,5;29;23,5;23,3;21,7;94;68;91;354;10,2;4,4;
2007-01-02;16:00;0;966,9;967,1;966,8;621,1;24,7;22,4;24,7;23,9;22,7;22;93;85;87;330;8,8;2,3;
2007-01-02;17:00;0;965,8;966,9;965,8;2305,8;28,5;24;28,5;24,7;24,3;22,1;87;74;77;324;8,3;3,3;
2007-01-02;18:00;,2;965,5;965,8;965,2;1719,3;26,4;23,6;29;25,8;24,2;22,2;87;72;85;323;8,6;2,5;
2007-01-02;19:00;,8;964,4;966;964,4;680,7;24,7;21,7;27,2;24,1;23,8;21,6;91;75;83;320;11;4;
2007-01-02;20:00;0;964,5;964,9;964,2;954,7;24,9;22,4;25,1;24,5;22,6;21,1;86;81;86;321;10,6;3,3;
2007-01-02;21:00;0;964,3;964,4;963,8;318,4;24,3;22,6;24,9;24,3;22,8;22,4;91;86;90;322;8,5;1,4;
2007-01-02;22:00;0;965,3;965,3;964,3;102,4;23,8;22,1;24,3;23,8;22,6;22,1;91;89;90;2;4,5;1,8;
2007-01-02;23:00;0;966,3;966,3;965,3;12,1;23;21,5;23,8;23;22,2;21,5;92;90;92;339;5,1;1,5;
2007-01-03;00:00;0;966,7;966,7;966,1;-9999;22,4;21,5;23;22,4;21,6;21,5;94;92;94;26;4,1;,7;
2007-01-03;01:00;0;967;967,2;966,7;-9999;22,7;21,7;22,7;22,3;21,8;21,4;95;94;94;43;2,2;,9;
2007-01-03;02:00;0;967;967,2;966,8;-9999;23,1;21,8;23,1;22,7;22;21,8;95;92;93;3;3,6;,8;
2007-01-03;03:00;0;967,7;967,8;967;-9999;23;21,8;23,2;23;21,9;21,6;93;91;93;359;4,2;,8;
2007-01-03;04:00;0;966,9;967,8;966,9;-9999;22,5;21,8;23;22,5;21,8;21,7;96;93;96;8;2;,3;
2007-01-03;05:00;0;966,1;966,9;966,1;-9999;22,2;21,5;22,6;22,2;21,8;21,5;96;95;96;36;2,2;,5;
2007-01-03;06:00;0;965,8;966,2;965,8;-9999;22,3;21,1;22,3;21,9;21,5;21,1;96;93;93;341;3,5;1,7;
2007-01-03;07:00;0;965,7;965,8;965,5;-9999;22,2;21,1;22,3;22,1;21,1;21;94;93;93;343;3,9;1,2;
2007-01-03;08:00;0;966,5;966,5;965,7;-9999;22,4;21,1;22,6;22,1;21,2;21;93;92;93;315;5,4;1,4;
2007-01-03;09:00;0;966,7;966,7;966,3;-9999;22,5;21,2;22,5;22,3;21,2;21,1;93;92;93;328;6,2;2;
2007-01-03;10:00;,2;967,5;967,5;966,7;40;22,5;21,4;22,5;22,4;21,4;21,2;94;92;93;306;6,2;2,9;
2007-01-03;11:00;0;968,2;968,2;967,5;297,4;23,5;21,8;23,5;22,5;21,8;21,4;93;89;90;322;5,3;2,3;
2007-01-03;12:00;0;968,6;968,6;968,1;724;25,2;22,3;25,2;23,5;22,4;21,7;90;84;84;321;9;3,4;
2007-01-03;13:00;0;968,8;968,8;968,5;1123,6;25,8;22,6;25,8;25,2;22,9;21,8;85;80;82;321;9,9;2,7;
2007-01-03;14:00;0;968,4;968,8;968,4;2475,5;27,6;23;28,2;25,8;23,2;21,9;82;72;76;311;9,8;5;
2007-01-03;15:00;0;968,1;968,4;968,1;2423,1;29;22,5;29,3;27,6;23,4;22;77;68;68;317;12,9;5,2;
2007-01-03;16:00;0;967,2;968,1;967,2;2774,6;29,6;22,5;29,8;28,6;23,7;22,1;73;64;66;321;11,4;4,8;
2007-01-03;17:00;0;966;967,2;966;2823,8;29,8;22,5;30,1;29,2;23,7;22;70;64;65;322;11,3;4,3;
2007-01-03;18:00;0;965;966;965;2731,4;30,3;22,5;31,1;29,5;23,3;21,4;67;57;63;307;12,1;6,6;
2007-01-03;19:00;0;963,8;965,1;963,8;2043,7;29,8;22,3;30,3;28,8;23,4;21,1;71;62;64;322;11,6;3,1;
2007-01-03;20:00;0;963,5;963,9;963,4;1658,7;28,9;22,3;29,9;27,9;23,2;21,5;70;64;67;320;11,9;3,3;
2007-01-03;21:00;0;963,2;963,5;963;663,7;27,6;22,2;29,6;27,6;22,7;21,3;73;63;72;314;8,8;3;
2007-01-03;22:00;0;963,9;963,9;963,2;226,9;27;22,8;27,8;27;22,8;22,1;77;72;77;338;5,6;1,2;
2007-01-03;23:00;0;964,6;964,6;963,9;23,9;25,3;22,8;27;25,3;22,9;22,5;86;77;86;358;4,3;,4;
2007-01-04;00:00;0;964,9;964,9;964,5;-9999;24,8;22,5;25,3;24,6;23;22,5;89;86;87;22;2,9;1,4;
2007-01-04;01:00;0;965,4;965,4;964,9;-9999;23,9;22,4;24,8;23,8;22,5;22,2;91;87;91;20;3,3;1;
2007-01-04;02:00;0;966,2;966,2;965,4;-9999;23,4;22,2;23,9;23,4;22,4;22,2;93;91;93;33;2,7;1;
2007-01-04;03:00;0;965,5;966,2;965,5;-9999;23,1;22,1;23,6;23,1;22,3;22,1;94;93;94;10;2,7;,9;
2007-01-04;04:00;0;964,9;965,5;964,9;-9999;23,2;22,1;23,3;23,1;22,2;22;94;93;93;334;3,2;,7;
2007-01-04;05:00;0;964,4;964,9;964,3;-9999;23;22;23,3;22,5;22,1;21,7;95;93;94;346;3,1;1,1;
2007-01-04;06:00;0;963,9;964,4;963,9;-9999;23,6;22,1;23,6;23;22,2;22;94;91;91;334;5,3;2,3;
2007-01-04;07:00;0;963,7;963,9;963,6;-9999;23,6;22,3;23,8;23,6;22,3;22,1;92;91;92;334;5,8;2;
2007-01-04;08:00;0;964;964;963,6;-9999;23,6;22,2;23,8;23,5;22,3;22,2;93;91;92;325;5,6;1,5;
2007-01-04;09:00;0;964,2;964,2;963,9;-9999;23,4;22,1;23,6;23,3;22,2;22,1;94;92;92;340;3,9;1,8;
2007-01-04;10:00;,2;964,5;964,5;964;101;23,9;22,5;23,9;23,4;22,5;22,1;92;91;92;336;8,1;2,7;
2007-01-04;11:00;3,2;964,8;965,1;964,5;354,4;23,4;22,6;24,6;23,4;22,8;22,5;96;90;96;350;8,1;3;
2007-01-04;12:00;,8;965,1;965,1;964,8;625,2;24,2;23,1;24,4;23,4;23,3;22,7;96;92;94;342;6,9;2,3;
2007-01-04;13:00;13,2;965,4;965,6;965,1;160,7;22,7;22;24,2;22,4;23,1;21,7;97;94;96;335;11,2;2,3;
2007-01-04;14:00;,4;964,5;965,3;964,5;312,2;24,1;23,1;24,1;22,7;23,2;22;96;94;94;359;6,2;2,2;
2007-01-04;15:00;,2;963,7;964,6;963,6;1645;25,9;23,9;26,9;24;24,6;22,9;94;81;88;317;10,8;3,4;
2007-01-04;16:00;5,4;963,8;963,9;963,4;1121,9;22,7;21,9;27,2;22,6;24,5;21,6;96;80;95;288;14,9;4,1;
2007-01-04;17:00;,2;963;963,8;963;458,8;24,7;23,4;24,7;22,7;23,5;21,9;96;93;93;312;7,6;1,9;
2007-01-04;18:00;12,2;963,3;963,4;962,9;491,6;21,8;21,2;25,4;21,8;23,5;21,2;96;87;96;290;15,3;6,5;
2007-01-04;19:00;2,8;962,1;963,3;962,1;52,1;22,3;21,9;22,3;21,6;21,9;21;97;96;97;328;11;1,2;
2007-01-04;20:00;0;961,4;962,1;961,4;443,9;23,5;22,7;23,6;22,3;23;21,8;97;96;96;348;3,3;,9;
2007-01-04;21:00;0;961,1;961,4;960,9;802,9;24,5;23;24,7;23,4;23,6;22,7;96;91;92;340;3,5;1,5;
2007-01-04;22:00;,2;961,4;961,4;961;226,1;23,9;22,9;24,5;23,9;23,3;22,9;95;91;94;321;4,7;2,1;
2007-01-04;23:00;,2;961,6;961,6;961,1;25,7;23,8;22,9;23,9;23,7;22,9;22,8;95;94;95;319;4,7;1,8;
2007-01-05;00:00;0;961,6;961,7;961,5;-9999;23,8;22,8;23,9;23,7;22,9;22,8;95;94;94;327;4,3;1,9;
2007-01-05;01:00;0;962,1;962,1;961,5;-9999;23,6;22,6;23,8;23,6;22,9;22,6;94;94;94;327;6;2;
2007-01-05;02:00;0;962,8;962,8;962,1;-9999;23,5;22,5;23,7;23,5;22,6;22,5;94;94;94;309;6,3;3,6;
2007-01-05;03:00;0;963;963,1;962,8;-9999;23,6;22,7;23,6;23,5;22,7;22,5;95;94;95;305;6;1,9;
2007-01-05;04:00;0;962,4;963;962,4;-9999;23,3;22,6;23,6;23,3;22,7;22,5;95;95;95;315;4,6;1,1;
2007-01-05;05:00;0;961,7;962,4;961,7;-9999;23,9;22,7;23,9;23,3;22,7;22,6;95;93;93;329;8,3;2,9;
2007-01-05;06:00;4,2;961,5;961,7;961,5;-9999;22,1;21,3;23,9;21,4;22,7;20,6;96;90;95;264;11,1;5,6;
2007-01-05;07:00;5;961,3;961,6;961,3;-9999;22,1;21,5;22,3;21,6;21,6;21;97;95;96;323;8,8;1,5;
2007-01-05;08:00;5;961,9;962;961,2;-9999;22,5;21,9;23,1;22,1;22,4;21,6;97;95;96;286;4,9;1,5;
2007-01-05;09:00;12,8;962,4;962,4;961,9;,4;22,8;22,3;22,9;22,5;22,4;21,9;98;96;97;330;4,7;1,4;
2007-01-05;10:00;0;962,9;962,9;962,4;134,8;23;22,4;23;22,6;22,4;22,1;97;96;96;308;4,5;1,1;
2007-01-05;11:00;0;963,2;963,2;962,8;642,8;24,2;22,9;24,4;23;23;22,4;96;91;92;316;3,8;1,4;
2007-01-05;12:00;,8;963,1;963,3;963,1;744,3;24,9;23,5;24,9;24,1;23,6;22,8;95;91;92;300;6,9;3,4;
2007-01-05;13:00;0;963,4;963,4;963,1;1637,3;26;23,2;26,2;24,9;24;22,9;92;85;85;287;7,9;5,5;
2007-01-05;14:00;,6;962,9;963,5;962,9;1761,2;26,9;24,4;26,9;24,2;24,6;22,6;95;84;86;295;9,3;4,3;
2007-01-05;15:00;0;962,3;962,9;962,3;2475,9;27,2;23;27,6;25,8;24,5;22,5;87;76;78;265;12;5,4;
2007-01-05;16:00;0;961,5;962,4;961,5;3421,6;29,6;24,3;29,8;27,2;24,5;22,7;80;69;73;266;9,3;5,2;
2007-01-05;17:00;0;961,1;961,5;961,1;3114,5;31,2;22,5;31,3;29,5;24,3;21,7;74;58;60;250;9,5;4,8;
2007-01-05;18:00;0;960,5;961,1;960,4;2777,7;30,1;22,6;31,2;29,8;23,9;21,4;67;58;64;269;10,3;6,6;
2007-01-05;19:00;0;959,8;960,5;959,8;2598,1;29,4;23;30,9;28,7;23,7;21,8;71;59;69;262;10,8;4,2;
2007-01-05;20:00;0;959,1;959,8;959,1;2265,6;30,9;21,6;31,4;29,4;24,1;21,2;71;56;58;238;10,1;4,7;
2007-01-05;21:00;0;959,1;959,3;959;731,2;28,3;23;30,9;27,1;23,4;21,4;78;57;73;205;12,1;,7;
2007-01-05;22:00;0;959,6;959,6;959,1;412,9;28,3;22,4;29;28,3;23,6;22,3;74;68;70;226;5,7;2,1;
2007-01-05;23:00;0;960,6;960,6;959,6;24,8;27;22,3;28,3;27;22,6;22,3;76;70;75;243;4,9;2,8;
2007-01-06;00:00;0;961,5;961,5;960,6;-9999;26,3;22;27;26,3;22,3;22;78;75;77;247;5,3;2,8;
2007-01-06;01:00;0;962,4;962,4;961,5;-9999;24;22,2;26,4;24;22,2;21,9;90;77;90;283;4,9;1,5;
2007-01-06;02:00;0;962,8;962,9;962,4;-9999;24,9;22,3;25;23,7;22,6;22,2;91;85;85;236;3,4;1,7;
2007-01-06;03:00;0;962,4;962,8;962,4;-9999;23,5;21,7;24,9;23,5;22,3;21,7;90;85;90;275;3,6;1,1;
2007-01-06;04:00;0;962,1;962,4;962,1;-9999;24,1;21,8;24,1;23,1;21,9;21,5;92;87;87;249;3,1;1,5;
2007-01-06;05:00;0;961,9;962,1;961,9;-9999;22,8;21,5;24,2;22,7;21,8;21,4;93;86;93;285;3,2;1,3;
2007-01-06;06:00;0;961,4;961,9;961,4;-9999;23,5;21,8;23,8;22,8;22;21,6;93;89;90;254;3,4;2,1;
2007-01-06;07:00;0;961,3;961,5;961,2;-9999;23,2;22,1;23,5;22,9;22,1;21,7;94;90;94;272;3,5;1,9;
2007-01-06;08:00;0;961,3;961,4;961,1;-9999;23,3;22,2;23,4;23,2;22,2;22,1;94;93;94;266;3,6;2,4;
2007-01-06;09:00;0;962,1;962,1;961,3;-9999;23,7;22,7;23,7;23,3;22,7;22,2;95;94;94;291;3,3;1,7;
2007-01-06;10:00;0;962,8;962,8;962,1;113,3;24,1;22,9;24,2;23,6;22,9;22,5;95;93;93;312;2,9;1,2;
2007-01-06;11:00;0;963,6;963,6;962,8;504,6;25,5;23,7;25,5;24,1;23,7;22,8;93;90;90;281;4,6;3;
2007-01-06;12:00;0;964,1;964,2;963,6;1092,5;26,7;23,8;26,7;25,3;24,1;23,3;90;83;84;279;6,1;3,8;
2007-01-06;13:00;0;964,4;964,4;964,1;2359,6;27,8;24,2;28,6;26,6;24,7;23,4;86;77;81;281;6,6;3,6;
2007-01-06;14:00;0;964,1;964,4;964;2552,9;29,5;23,8;29,5;27,8;24,7;23,5;81;71;71;255;6,2;3,1;
2007-01-06;15:00;0;963,6;964,1;963,6;3233,6;31,2;24;31,2;29,2;24,7;23;74;64;66;276;6,2;2,8;
2007-01-06;16:00;0;963;963,6;963;3480,7;31,7;24,5;32;30,4;25;23,5;71;61;66;298;6,6;4;
2007-01-06;17:00;0;962,3;963;962,3;3389,5;31,8;23,8;32,5;31,4;25,1;23,3;67;60;63;288;6,6;4;
2007-01-06;18:00;,4;961,8;962,4;961,8;2155,7;29,2;24,5;31,9;28;25,1;23,1;81;63;76;291;9,3;4,7;
2007-01-06;19:00;0;960,7;961,8;960,6;2429,4;30;23,5;31,9;29,2;25,3;23,4;76;64;68;315;7,8;2,3;
2007-01-06;20:00;0;960,1;960,7;960;640,8;26,6;22,5;30;26,6;25;22,2;79;68;78;292;7;4,4;
2007-01-06;21:00;,2;960,4;960,5;960,1;529,2;27,3;23,4;27,8;26,3;24,1;22,4;84;77;79;335;8,3;1,3;
2007-01-06;22:00;2,2;961,1;961,2;960,4;157,4;26;23,6;27,4;25,5;24,1;23,1;90;78;87;291;7,8;3,6;
2007-01-06;23:00;0;962,2;962,2;961,1;44,8;25,3;22,7;26,1;25,1;23,6;22,7;89;85;85;264;5,6;4,3;
2007-01-07;00:00;0;962,7;962,8;962,2;-9999;24,9;22,6;25,3;24,6;22,9;22,6;89;85;87;257;5,6;3;
2007-01-07;01:00;0;963,3;963,3;962,7;-9999;24,8;22,9;25;24,3;22,9;22,6;91;87;89;254;4,3;1,2;
2007-01-07;02:00;0;963,8;964;963,2;-9999;25,7;22,5;26,5;24,8;23,1;22,3;89;78;82;120;5,3;2,3;
2007-01-07;03:00;0;963,1;963,9;963,1;-9999;24;22,5;25,7;24;22,9;22,2;91;82;91;325;3,8;,7;
2007-01-07;04:00;0;962,8;963,2;962,8;-9999;23,8;22,7;24,2;23,5;22,8;22,2;94;90;94;192;1,9;0;
2007-01-07;05:00;0;963;963,2;962,8;-9999;23,1;22,1;23,9;23,1;22,7;22;95;92;94;208;1,4;0;
2007-01-07;06:00;0;962,8;963;962,7;-9999;22,5;21,1;23,3;22;22,1;20,9;94;91;92;260;2,5;1,7;
2007-01-07;07:00;0;963,1;963,1;962,8;-9999;22,4;21,2;23;21,6;21,3;20,5;95;89;93;233;2,4;1,2;
2007-01-07;08:00;0;963,5;963,5;963;-9999;21,7;20,6;23;21,5;21,2;20,3;94;87;93;245;2,3;1,2;
2007-01-07;09:00;0;964,2;964,2;963,5;-9999;22,6;20,9;22,6;21,5;21,1;20,4;94;90;90;232;2;1,3;
2007-01-07;10:00;0;965;965;964,2;190,3;22,5;21,2;22,7;21,7;21,2;20,5;94;90;92;314;2,8;1;
2007-01-07;11:00;0;965,7;965,7;964,9;849,2;24,8;22,3;24,8;22,5;22,5;21,3;93;86;86;300;3,2;1,9;
2007-01-07;12:00;0;966,1;966,1;965,7;1642,1;26,5;22,5;26,5;24,8;22,9;21,8;87;76;79;262;3,3;1,3;
2007-01-07;13:00;0;966,8;966,8;966,1;2354,4;28,3;22,6;28,3;26,4;23,2;21,8;79;69;71;358;3,2;,8;
2007-01-07;14:00;0;966,7;966,9;966,7;2896,8;29;22,4;29,7;27,8;24;22;75;66;67;305;3,7;1,5;
2007-01-07;15:00;0;966,2;966,7;966,2;3385,2;30,4;23,4;30,5;29;24,2;22,6;72;66;66;287;4,6;2,2;
2007-01-07;16:00;0;966;966,3;966;2974,5;31,2;23,8;31,5;30,3;24,6;22,8;70;61;65;298;4,9;3;
2007-01-07;17:00;0;965,3;966;965,3;3811,4;32;23,5;32,5;31,1;25;22,6;67;58;61;300;6,8;3,2;
2007-01-07;18:00;0;964,4;965,3;964,4;3091;32,2;24,4;32,8;31,5;24,7;22,6;66;55;64;313;6,7;2,9;
2007-01-07;19:00;0;963,8;964,5;963,8;2285,5;32;24,2;32,5;31;25,4;23,7;69;62;64;314;9,1;3,5;
2007-01-07;20:00;0;963,4;963,8;963,3;1843;30,7;23,9;32,1;30,6;24,7;23,7;70;63;67;330;8,2;2,6;
2007-01-07;21:00;0;963,5;963,6;963,3;1099,9;29,5;24,2;30,8;29,5;24,6;23,5;73;66;73;328;7,5;2,4;
2007-01-07;22:00;0;964,9;964,9;963,4;313,8;27,7;24,1;29,6;27,7;24,3;23,6;81;72;81;336;6;1,3;
2007-01-07;23:00;0;964,4;964,9;964,2;8,4;25,8;24,1;27,7;25,8;24,3;24;91;81;91;291;3,5;2;
2007-01-08;00:00;0;964,9;964,9;964,4;-9999;25,8;24,2;26,1;25,7;24,3;24;92;89;91;290;3,6;2,3;
2007-01-08;01:00;0;965,4;965,5;964,9;-9999;25,4;24,1;25,9;25,4;24,4;24,1;93;91;92;320;3,4;,4;
2007-01-08;02:00;0;966;966;965,4;-9999;25,4;24,2;25,6;25,3;24,3;24,1;94;92;93;327;1,9;,2;
2007-01-08;03:00;0;965,9;966,1;965,8;-9999;24,7;23,9;25,4;24,7;24,3;23,8;95;93;95;313;2,4;,7;
2007-01-08;04:00;0;965,6;966;965,6;-9999;24,8;23,8;24,8;24,2;23,9;23,4;96;94;94;237;1,7;,1;
2007-01-08;05:00;0;965,3;965,6;965,2;-9999;24,7;23,7;24,8;24,5;23,9;23,7;95;94;95;341;1,7;,4;
2007-01-08;06:00;0;965,1;965,4;964,8;-9999;24,7;23,8;24,9;24,6;23,9;23,7;95;94;95;337;2,8;,6;
2007-01-08;07:00;,4;964,8;965,1;964,7;-9999;24,6;23,9;24,8;24,6;23,9;23,8;96;94;96;320;3,4;,6;
2007-01-08;08:00;0;965,4;965,4;964,8;-9999;24,7;23,9;24,7;24,6;23,9;23,8;96;95;95;109;2;1,1;
2007-01-08;09:00;0;965,5;965,5;965,2;-9999;24,2;23,3;24,7;24,2;24;23,3;96;94;95;98;2,6;1,7;
2007-01-08;10:00;0;966,3;966,3;965,5;16,2;23,9;23;24,2;23,9;23,2;22,8;95;94;94;63;2,5;,3;
2007-01-08;11:00;0;966,8;966,8;966,3;214,3;24,8;23,8;24,8;23,9;23,8;22,9;95;93;94;343;2,3;,9;
2007-01-08;12:00;0;967,2;967,3;966,8;672,7;26,6;24,5;26,6;24,9;24,6;23,7;94;88;88;346;5,8;2;
2007-01-08;13:00;,2;967,6;967,6;967,1;2218,3;28,1;23,6;28,5;26,5;24,9;23,5;88;77;77;320;7,6;3,3;
2007-01-08;14:00;0;967,8;967,8;967,6;2301,1;28,9;24;28,9;26,7;24,6;23,2;83;75;75;302;10,1;5,7;
2007-01-08;15:00;0;967,3;967,8;967,3;3727,3;29,1;23,7;30;28,2;24,5;23,3;76;70;73;326;9,7;3,7;
2007-01-08;16:00;0;966,4;967,4;966,4;4078,2;29,5;23,5;30,2;29,1;24,2;22,9;74;66;71;318;10,2;4,5;
2007-01-08;17:00;0;966,1;966,4;965,9;3904,9;30,9;23,5;30,9;29,2;24,3;22,8;72;65;65;305;9,8;3,9;
2007-01-08;18:00;0;965,2;966,2;965,2;3093,6;30,1;23,4;31;29,6;24,3;22,8;70;64;67;309;8,7;3,7;
2007-01-08;19:00;0;964,7;965,2;964,5;2657,6;30,4;23,1;30,8;29,9;23,8;22,3;69;61;65;318;7,7;2,8;
2007-01-08;20:00;0;964,3;964,7;964,3;1613,5;29;23,7;30,9;29;23,7;22,4;73;62;73;303;7,1;3,8;
2007-01-08;21:00;0;963,6;964,4;963,6;622,5;28,3;23,9;29;28,2;24,1;23,3;78;72;77;298;6,6;1,9;
2007-01-08;22:00;0;964,8;964,8;963,6;295,3;27,5;24,5;28,3;27,5;24,5;23,5;84;76;84;292;3,4;1,3;
2007-01-08;23:00;0;965,9;965,9;964,8;21,7;26,2;24,2;27,5;26,1;24,6;24,1;89;84;89;283;2;,5;
2007-01-09;00:00;0;966,8;966,8;965,9;-9999;25,3;23,8;26,2;25,3;24,2;23,8;91;88;91;295;2,6;1,4;
2007-01-09;01:00;0;967;967;966,4;-9999;24,6;23,3;25,3;24,5;23,8;23,3;94;91;92;293;2,4;,6;
2007-01-09;02:00;0;966,3;967;966,3;-9999;24,3;23,1;24,8;24,2;23,4;23;93;91;93;311;2,6;1,1;
2007-01-09;03:00;0;966,5;966,7;966,3;-9999;24,2;22,9;24,7;24,2;23,2;22,9;93;91;93;358;2,9;,6;
2007-01-09;04:00;0;966,5;966,5;966,3;-9999;23,6;22,9;24,2;23,6;23;22,8;96;93;96;32;2,1;,2;
2007-01-09;05:00;0;965,9;966,5;965,9;-9999;23,5;22,8;23,7;23,4;23;22,5;96;94;95;243;2;,3;
2007-01-09;06:00;0;965,7;965,9;965,6;-9999;22,6;21,8;23,7;22,6;23;21,8;97;95;95;290;1;,2;
2007-01-09;07:00;0;965,5;965,8;965,4;-9999;22,6;22,1;22,9;22,5;22,5;21,8;97;95;97;310;1,4;,2;
2007-01-09;08:00;0;965,7;965,8;965,5;-9999;23,1;22,6;23,1;22,6;22,6;22,1;98;97;97;2;1,4;0;
2007-01-09;09:00;0;966,1;966,1;965,6;-9999;23,1;22,4;23,2;23,1;22,6;22,3;97;95;96;270;2,6;1,6;
2007-01-09;10:00;0;967;967;966,1;58,6;23,7;22,5;23,7;23,1;22,6;22,4;96;93;93;51;2,3;0;
2007-01-09;11:00;0;967,5;967,5;967;408,7;24,5;22,6;24,6;23,6;22,8;22,4;94;88;89;20;1,6;,5;
2007-01-09;12:00;0;967,9;967,9;967,4;1048,3;26;23;26;24,5;23,4;22,5;90;83;84;328;5,2;2;
2007-01-09;13:00;0;968,5;968,5;967,9;1734,1;27,1;22,9;27,3;25,9;23,5;22,6;84;77;78;337;6,3;2,5;
2007-01-09;14:00;0;968,2;968,7;968,2;1683,6;29,2;23,6;29,2;27,1;24;22,8;79;72;72;311;6,4;3,2;
2007-01-09;15:00;0;967,4;968,2;967,4;3426,6;31,2;23,6;31,5;29,3;24,2;22,4;72;60;64;335;9,1;3,1;
2007-01-09;16:00;,2;966,6;967,4;966,6;2970,7;31;24,1;31,9;28,6;25;22,2;76;59;67;317;9,7;3,4;
2007-01-09;17:00;0;966;966,6;965,9;3995,2;32,5;22,7;32,6;31;24;22,2;67;56;57;303;9,5;5,1;
2007-01-09;18:00;0;965,1;966;965,1;3473,7;32,5;22,5;32,7;31,6;23,9;22,1;61;54;56;314;9,6;4,4;
2007-01-09;19:00;0;964,4;965,1;964,3;3030,9;32,6;22,4;33,5;32,3;23,4;22,1;58;53;55;306;9;4,1;
2007-01-09;20:00;0;963,8;964,4;963,8;1009,7;29,1;23,5;32,6;29,1;24;21,8;74;55;72;296;7,8;3;
2007-01-09;21:00;0;964;964,1;963,7;181,9;27,5;23,3;29,1;27,4;23,5;22,7;78;70;78;306;6,5;2,5;
2007-01-09;22:00;0;964,6;964,6;964;86;27,7;22,1;28,2;27,4;23,3;21,9;78;69;72;322;4,4;1,4;
2007-01-09;23:00;0;964,3;964,8;964,3;6;26,6;22,8;27,7;26,5;23,3;22,2;83;72;80;324;3,5;,5;
2007-01-10;00:00;0;964,7;964,7;964,2;-9999;26;23,6;26,8;26;23,6;22,7;86;79;86;29;2,6;,1;
2007-01-10;01:00;0;965,5;965,6;964,7;-9999;25,2;23,9;26;25,1;23,9;23,1;93;85;93;77;4,2;1,8;
2007-01-10;02:00;0;966,8;966,8;965,5;-9999;25;23,7;25,3;25;23,9;23,6;93;92;92;105;3,7;1,1;
2007-01-10;03:00;0;966,8;966,8;966,6;-9999;25;23,6;25,1;24,8;23,7;23,5;93;92;92;69;2,6;,7;
2007-01-10;04:00;0;966,2;966,8;966,2;-9999;24,6;23,5;25;24,6;23,6;23,4;93;92;93;78;2,1;,8;
2007-01-10;05:00;0;965,9;966,2;965,9;-9999;24,2;23,3;24,6;24,2;23,5;23,3;95;93;95;353;2,5;,5;
2007-01-10;06:00;0;966;966;965,8;-9999;24,3;23,3;24,5;24,1;23,6;23,3;96;94;94;259;2;,1;
2007-01-10;07:00;0;965,9;966;965,9;-9999;23,8;22,8;24,3;23,7;23,1;22,8;95;94;94;280;1,5;,4;
2007-01-10;08:00;0;966,1;966,1;965,8;-9999;23,9;22,8;23,9;23,3;23;22,5;96;94;94;239;1,2;,1;
2007-01-10;09:00;0;966,5;966,5;966,1;-9999;22,8;22;23,9;22,8;22,8;22;95;93;95;245;1,6;0;
2007-01-10;10:00;0;967;967;966,5;187,5;24,3;22,9;24,3;22,5;22,9;21,6;96;92;92;293;2;,1;
2007-01-10;11:00;0;967,6;967,6;967;912,7;26,5;23,6;26,5;24,3;23,6;22,6;92;83;84;341;2,9;1;
2007-01-10;12:00;0;967,9;967,9;967,6;1688,7;27,9;23,5;28,2;26,4;23,9;22,9;85;75;77;351;4,3;1,8;
2007-01-10;13:00;0;968,1;968,1;967,9;2433,1;29,7;23,8;29,7;27,9;24,1;23;78;69;70;311;8,2;4;
2007-01-10;14:00;0;968;968,1;967,9;3079;31,6;23,6;31,6;29,2;24,2;23;71;61;62;317;8,2;3,3;
2007-01-10;15:00;0;967,4;968;967,4;2918,3;32,1;23,6;32,3;29,9;24,3;22,8;70;59;61;304;7,9;3,9;
2007-01-10;16:00;0;966,3;967,4;966,3;3740,6;32,9;23;33;31,3;24,1;22,5;64;56;56;301;9,1;3,2;
2007-01-10;17:00;0;965,4;966,3;965,4;3316,7;32;23,3;33,6;32;23,7;21,6;60;52;60;307;7;3,5;
2007-01-10;18:00;,8;965,1;965,6;965,1;1749,7;28,8;23,8;31,9;25,7;24,9;22,5;87;60;74;345;9,8;3;
2007-01-10;19:00;0;964;965,1;964;1429,8;29,4;23,9;29,5;28,6;24,5;22,6;77;70;73;337;8,5;2,1;
2007-01-10;20:00;0;963,7;964,1;963,5;1224,1;30;24,1;30,1;29,3;24,7;23,6;74;69;71;336;5,2;1,8;
2007-01-10;21:00;0;963,1;963,8;962,9;860,1;30;24,1;30,3;29,8;24,3;23,4;72;67;71;307;4,9;,9;
2007-01-10;22:00;0;963,2;963,2;963;272,5;28,5;24,5;30;28,5;24,7;23,6;80;71;79;6;3;,5;
2007-01-10;23:00;0;963,9;963,9;963,2;22,1;27,3;24,3;28,5;27,3;24,7;24;84;79;84;311;3,1;1,1;
2007-01-11;00:00;0;964,9;964,9;963,9;-9999;25,9;24;27,3;25,9;24,4;23,9;90;83;90;3;2,9;,1;
2007-01-11;01:00;0;965,8;965,8;964,9;-9999;25,8;24,2;26,3;25,8;24,3;24;91;89;91;349;1,6;,6;
2007-01-11;02:00;0;965,4;966;965,4;-9999;24,9;23,7;26,2;24,9;24,4;23,7;93;89;93;295;1,6;,9;
2007-01-11;03:00;0;965,4;965,5;965,1;-9999;25;23,3;25,4;24,8;23,7;23,3;93;89;91;287;3,2;1,3;
2007-01-11;04:00;0;965,8;965,9;965,4;-9999;24,9;23,4;25,4;24,8;23,4;23,2;92;88;91;354;2,9;1,3;
2007-01-11;05:00;0;965,7;966;965,7;-9999;24,9;23,4;25;24,8;23,5;23,3;92;91;91;319;3,4;1,1;
2007-01-11;06:00;0;965;965,7;965;-9999;24,9;23,3;25,1;24,5;23,5;23,2;93;90;91;271;3;1;
2007-01-11;07:00;0;965,2;965,2;965;-9999;24,8;23,2;24,9;24,6;23,4;23,2;92;91;91;337;3,3;1,3;
2007-01-11;08:00;,2;965,2;965,3;965,2;-9999;24,5;23,1;24,8;24,5;23,3;23,1;93;91;92;333;5,3;1,6;
2007-01-11;09:00;0;965,8;965,8;965,2;-9999;24,4;23,1;24,6;24,4;23,1;23,1;93;91;92;336;5,4;1,7;
2007-01-11;10:00;,2;966,5;966,5;965,8;79,5;24,5;23,3;24,6;24,3;23,3;23,1;93;92;93;336;4,2;1,7;
2007-01-11;11:00;0;966,8;966,9;966,5;1077,6;26,4;23,6;26,5;24,5;24;23,3;93;84;85;346;6,8;2,7;
2007-01-11;12:00;0;966,4;966,9;966,4;1669,9;28,2;24,2;28,3;26,3;24,6;23,5;85;78;79;327;10,1;3,8;
2007-01-11;13:00;0;966,8;966,8;966,3;2054,2;29,4;24,3;29,5;28,2;24,8;23,7;79;73;74;321;10,2;4,2;
2007-01-11;14:00;0;967,1;967,2;966,8;2662,1;30,7;23,6;30,9;29,1;24,6;23,1;75;64;66;318;10,2;4,6;
2007-01-11;15:00;0;966,6;967,1;966,6;3261;31,6;23,9;31,9;30,5;24,5;23,1;68;60;64;297;10,7;4,8;
2007-01-11;16:00;0;965,6;966,6;965,6;3178;31,3;23,8;33,4;30,4;24,6;22,5;70;54;65;299;9,1;5,6;
2007-01-11;17:00;0;964,8;965,6;964,8;3881,8;32,6;22,9;32,9;31,3;24,5;22,3;65;55;57;296;10,9;6,7;
2007-01-11;18:00;0;964,4;965;964,4;3063,1;32,3;22,9;33;31,2;24,1;22;65;54;58;308;12,2;5,9;
2007-01-11;19:00;0;963,9;964,4;963,8;1822,3;29,5;23;32,3;29,4;23,1;21,1;68;57;68;303;14,2;4;
2007-01-11;20:00;0;963,7;964,1;963,7;871,7;29,4;24,2;29,7;29,4;24,3;22,5;74;66;74;307;6,8;3;
2007-01-11;21:00;0;963,9;963,9;963,7;557,7;29,1;24,3;29,5;29,1;24,6;23,7;76;72;75;301;5,4;1,9;
2007-01-11;22:00;0;964,5;964,5;963,9;243,3;27,9;24,2;29,1;27,8;24,5;23,7;82;74;81;299;3,5;,6;
2007-01-11;23:00;0;965;965;964,5;11,6;26,4;24,1;27,9;26,4;24,5;23,7;88;79;87;312;1,6;,2;
2007-01-12;00:00;0;965,7;965,7;965;-9999;26,1;23,3;26,4;25,9;24,3;23,3;89;84;85;261;1,3;,3;
2007-01-12;01:00;0;966;966;965,6;-9999;25,2;23,3;26,1;25,2;23,5;23,1;90;84;89;293;1,3;0;
2007-01-12;02:00;0;966;966,2;966;-9999;25,2;23,1;25,5;25,2;23,3;23;89;87;88;329;1,5;,2;
2007-01-12;03:00;0;965,8;966,1;965,8;-9999;25,1;23,4;25,2;24,9;23,4;23,1;91;88;91;245;2,2;,1;
2007-01-12;04:00;0;965,1;965,8;965,1;-9999;24,3;23,1;25,3;24,3;23,5;23;93;89;93;320;1,7;,8;
2007-01-12;05:00;0;964,1;965,1;964,1;-9999;24,7;23;25,1;24,4;23,3;23;93;88;90;342;4;1,8;
2007-01-12;06:00;0;964,2;964,3;964;-9999;24,2;22,8;24,7;24,2;23,1;22,8;92;90;92;290;4;1,3;
2007-01-12;07:00;0;963,8;964,2;963,8;-9999;23,8;22,5;24,5;23,7;23;22,4;93;90;93;279;2;1,3;
2007-01-12;08:00;0;963,5;963,8;963,5;-9999;23,3;22,3;24;23,3;22,6;22,3;94;92;94;311;2;,2;
2007-01-12;09:00;0;964,6;964,6;963,5;-9999;23,5;22,4;23,7;23,2;22,7;22,2;95;92;93;275;1,9;,9;
2007-01-12;10:00;0;964,9;965;964,6;128;24,7;23;24,7;23,1;23;22;95;90;90;86;2;,5;
2007-01-12;11:00;0;965,4;965,4;964,9;905,1;26,7;23,3;26,8;24,7;23,6;22,8;91;82;82;334;3,3;,9;
2007-01-12;12:00;0;965,8;965,8;965,4;1651,5;29,3;23,9;29,3;26,6;24,4;23,3;84;73;73;305;6,7;2,9;
2007-01-12;13:00;0;965,4;965,8;965,4;2066,5;30,1;24,3;30,5;28,5;24,8;23,3;75;70;71;321;8,2;3,5;
2007-01-12;14:00;0;964,9;965,4;964,9;2573;31,6;24,8;31,7;29,9;24,8;23,9;72;64;67;310;8;4;
2007-01-12;15:00;0;963,9;964,9;963,9;3151,4;32,1;23,5;32,7;30,9;24,5;22,9;67;58;60;300;10,9;5,9;
2007-01-12;16:00;0;963,5;963,9;963,5;3643,7;32,7;24;33;31,4;24,4;23,1;63;57;60;299;10,2;6,3;
2007-01-12;17:00;0;962,4;963,5;962,3;3480,3;31,2;21,9;33,2;30,2;24,4;21,6;69;57;58;293;12,8;8,3;
2007-01-12;18:00;0;962,3;962,7;962,3;2526,4;29,1;23,4;31,3;29;23,4;21,6;71;58;71;292;12,3;4,4;
2007-01-12;19:00;0;961,2;962,3;961,2;2076;31,2;23,8;31,2;29,1;23,9;23,1;72;65;65;286;7,6;4,3;
2007-01-12;20:00;0;960;961,2;959,9;2141,2;30,9;23,1;32,3;30,7;24,3;22,6;66;59;63;298;8,5;4,9;
2007-01-12;21:00;0;960,5;960,5;960;962,4;30,5;23,9;30,9;29,9;24;22,9;70;63;68;305;7,7;2,3;
2007-01-12;22:00;0;961;961;960,2;326,1;28,9;24,5;30,4;28,9;24,8;23,6;78;67;77;325;5,1;,1;
2007-01-12;23:00;0;961,3;961,3;961;16,6;28,3;24,2;28,9;28,2;24,6;24,2;80;76;79;31;3;1,5;
2007-01-13;00:00;12;962,6;963;961,3;2,7;22,2;21,2;28,3;21,7;24,4;20,9;96;71;94;232;13,7;4,5;
2007-01-13;01:00;3,2;963,6;963,6;962,5;-9999;22,8;22,2;22,8;22,2;22,2;21,4;97;94;97;8;8,8;1;
2007-01-13;02:00;0;963;963,9;963;-9999;23,3;22,7;23,6;22,8;22,7;22,1;97;94;96;89;3,6;,1;
2007-01-13;03:00;0;962,7;963,1;962,7;-9999;22,4;21,7;23,3;22,4;22,6;21,7;97;94;96;90;2,9;1,2;
2007-01-13;04:00;0;961,8;962,7;961,8;-9999;22,2;21,3;22,5;22,1;21,8;21,2;96;94;95;17;2,8;,3;
2007-01-13;05:00;0;961,4;961,8;961,4;-9999;22,3;21,5;22,3;22,1;21,6;21,3;96;94;96;263;2,3;,7;
2007-01-13;06:00;0;961;961,4;960,9;-9999;22,2;21,6;22,3;22,1;21,7;21,5;97;95;97;184;1,5;,1;
2007-01-13;07:00;,2;960,6;961;960,6;-9999;22,2;21,7;22,4;22,2;21,7;21,5;97;96;97;315;,7;,1;
2007-01-13;08:00;0;960,4;960,7;960,4;-9999;22,4;21,8;22,4;22,1;21,9;21,6;97;96;96;261;1,6;,1;
2007-01-13;09:00;0;960,4;960,5;960,2;-9999;22,5;21,9;22,6;22,4;22,1;21,8;97;96;96;137;1,5;0;
2007-01-13;10:00;,2;961;961;960,4;77,8;23,2;22,3;23,2;22,5;22,5;21,7;96;95;95;156;1,1;,4;
2007-01-13;11:00;,2;961,9;961,9;961;214,5;23,5;22,8;23,7;23,2;22,8;22,4;96;94;96;110;2;,8;
2007-01-13;12:00;,2;962,1;962,1;961,8;182,9;23,9;23,1;23,9;23,3;23,1;22,5;96;95;95;141;2;,1;
2007-01-13;13:00;,4;961,9;962,2;961,9;132,4;24,7;23,9;24,7;23,8;23,9;22,9;97;95;95;320;4;1,5;
2007-01-13;14:00;1,4;961,9;962,1;961,9;763,7;25;23,8;25,3;24,7;24,3;23,2;95;90;93;310;5,8;3,4;
2007-01-13;15:00;0;961,5;962,1;961,5;1641,4;27,2;24,4;27,3;25,1;25,1;23,7;93;85;85;320;6;2,9;
2007-01-13;16:00;0;960,9;961,6;960,9;2298,8;29;24,3;29,1;27,2;25,5;24;85;75;76;310;6,7;3;
2007-01-13;17:00;0;959,9;960,9;959,9;2687,6;29,4;23,7;30;28,8;25,2;23,7;80;70;71;299;7,2;2,7;
2007-01-13;18:00;0;958,9;959,9;958,9;2393,3;29,8;23,8;30,3;29,2;25,2;23,7;76;69;70;301;6,3;2,7;
2007-01-13;19:00;0;958,7;959,1;958,7;1815,3;29,7;24,3;30,2;29,6;24,5;23;73;66;73;300;7,1;4,1;
2007-01-13;20:00;0;958,5;958,9;958,3;1089,3;27,5;23,1;30,4;27,5;24,7;22,9;78;68;77;314;6,8;3,4;
2007-01-13;21:00;0;958,5;958,7;958,3;547,8;26,6;23,1;27,5;26,6;24,1;23,1;83;77;81;299;6,6;3,7;
2007-01-13;22:00;0;959,4;959,5;958,5;160,5;25,4;23,1;26,6;25,4;23,1;22,5;87;80;87;305;7,8;1,6;
2007-01-13;23:00;0;959,9;960;959,4;23,9;25,1;22,8;25,5;25,1;23,2;22,7;88;86;87;302;4,3;1,4;
2007-01-14;00:00;0;960,6;960,6;959,9;-9999;24,6;23,1;25,1;24,5;23,2;22,8;92;87;91;282;2,7;,5;
2007-01-14;01:00;0;960,9;960,9;960,5;-9999;24,6;23,3;24,9;24,6;23,3;22,9;93;89;93;282;1,8;1,1;
2007-01-14;02:00;0;962,1;962,1;960,9;-9999;24,1;23,1;24,8;24,1;23,3;23,1;94;91;94;28;1,8;,1;
2007-01-14;03:00;0;962;962,2;962;-9999;24;23,1;24,5;24;23,3;23,1;95;92;95;299;1,9;1,3;
2007-01-14;04:00;0;961,8;962,1;961,8;-9999;23,7;22,7;24;23,7;23,2;22,6;95;93;94;300;2,8;1,8;
2007-01-14;05:00;0;961,4;961,8;961,4;-9999;23,2;22,2;23,8;23,2;22,7;22,2;94;92;94;287;2,8;1,5;
2007-01-14;06:00;0;961;961,5;961;-9999;23,2;22,3;23,3;22,8;22,3;22;96;94;94;252;3,1;2;
2007-01-14;07:00;0;960,9;961,1;960,8;-9999;23,1;22,2;23,4;22,9;22,3;22;95;93;95;216;3,1;1,3;
2007-01-14;08:00;0;960,6;960,9;960,6;-9999;22,6;21,9;23,4;22,5;22,4;21,7;96;93;95;276;2,3;1,1;
2007-01-14;09:00;0;961,2;961,2;960,6;-9999;22,5;21,8;23,2;22,5;22,2;21,6;96;94;95;270;2,1;,8;
2007-01-14;10:00;0;961,6;961,6;961,2;104,6;22,9;22,1;22,9;22,3;22,2;21,6;97;95;95;276;1,3;,2;
2007-01-14;11:00;0;962;962;961,6;619;25,6;23,3;25,6;22,9;23,3;22,2;95;86;87;174;2,5;,9;
2007-01-14;12:00;0;962,6;962,6;962;1348,5;27,1;23,2;27,1;25,5;23,8;22,8;87;79;80;174;4,2;1,7;
2007-01-14;13:00;0;963,4;963,4;962,6;2317,1;27,9;23,1;28,5;27;23,9;22,9;81;74;75;138;4,5;2,2;
2007-01-14;14:00;0;963,4;963,6;963,4;2747,4;29,1;23,1;29,7;27,9;24,3;22,5;78;69;70;101;5,2;2,9;
2007-01-14;15:00;0;963,4;963,5;963,4;2551,7;30,2;24,6;30,2;28,4;24,6;22,8;75;66;72;78;5,6;2,4;
2007-01-14;16:00;0;963;963,5;963;2728,6;30,3;23,4;30,6;29,5;24,2;22,6;72;63;67;101;7;3,1;
2007-01-14;17:00;0;962,3;963,1;962,3;3011;30,9;22,4;31,2;30;24,3;21,9;69;59;61;109;6,2;3,1;
2007-01-14;18:00;0;961,2;962,3;961,2;2945,2;31,5;22,1;32;30,4;24,3;20,9;67;53;57;123;5,9;3;
2007-01-14;19:00;0;960,4;961,2;960,4;2053,1;31;22,8;31,7;30,8;23,8;22;64;57;62;106;6,2;3,4;
2007-01-14;20:00;0;960,5;960,5;960,2;1718,3;31,1;22,3;31,5;30,8;23,2;21,5;63;56;59;121;7,6;3,3;
2007-01-14;21:00;0;960,6;960,6;960,3;940,8;30,4;22,1;31,4;30,4;22,3;21,1;61;55;61;122;7,8;2,6;
2007-01-14;22:00;0;960,8;960,8;960,5;269,1;29,4;22,5;30,4;29,4;22,7;22;67;61;67;119;5,3;1,4;
2007-01-14;23:00;0;961,4;961,4;960,8;24,7;28,1;22,7;29,5;28,1;22,7;22,2;73;65;73;112;3,5;1,3;
2007-01-15;00:00;0;961,8;961,8;961,4;-9999;26,6;23,2;28,1;26,5;23,2;22,7;82;73;82;206;2,5;,3;
2007-01-15;01:00;0;962,7;962,7;961,8;-9999;26,9;22,5;26,9;25,8;23,8;22,5;86;77;77;143;2,2;,9;
2007-01-15;02:00;0;963,6;963,6;962,7;-9999;25,6;22,6;26,9;25,6;22,7;22,3;83;77;83;103;3,7;1,3;
2007-01-15;03:00;0;963,8;963,8;963,6;-9999;25,1;22,7;25,6;25,1;22,9;22,6;88;83;86;112;3,3;,9;
2007-01-15;04:00;0;963,5;963,8;963,5;-9999;24,1;22,6;25,3;24;22,8;22,5;92;85;91;72;2,7;1,3;
2007-01-15;05:00;0;962,9;963,6;962,9;-9999;24,2;22,9;24,3;24,1;22,9;22,6;93;90;92;267;3,1;1,3;
2007-01-15;06:00;0;962,6;962,9;962,4;-9999;23,5;22,5;24,3;23,5;22,9;22,5;94;91;94;105;3;0;
2007-01-15;07:00;0;962,6;962,6;962,6;-9999;23,5;22,3;23,9;23,4;22,8;22,3;95;92;93;219;3,2;,8;
2007-01-15;08:00;0;962,9;962,9;962,6;-9999;23,5;22,3;23,7;23,4;22,5;22,2;94;92;93;243;2,2;,7;
2007-01-15;09:00;0;963,5;963,5;962,9;-9999;23,5;22;23,6;23,2;22,3;21,8;94;90;91;164;2,6;,3;
2007-01-15;10:00;0;964,1;964,1;963,4;28,8;23,6;21,8;23,8;23,4;22,1;21,8;92;90;90;188;2,9;1;
2007-01-15;11:00;0;964,8;964,8;964,1;397,3;24,6;22,2;24,6;23,5;22,2;21,7;90;86;87;174;2,4;,7;
2007-01-15;12:00;0;965,5;965,5;964,8;1157,6;25,3;22,5;26,6;24,6;23;22,1;87;78;84;116;4,7;2,8;
2007-01-15;13:00;0;966,1;966,1;965,4;1943,4;26,4;22,6;26,6;25,3;23,3;22,3;86;78;79;106;7,2;4,1;
2007-01-15;14:00;0;966,1;966,2;966;2478,7;27,9;22,5;28,1;26,5;23,5;22,2;80;71;72;107;6,5;4,1;
2007-01-15;15:00;0;965,9;966,1;965,8;2686,9;29,1;22,5;29,6;27,8;23,7;22,2;74;66;68;89;6,3;3;
2007-01-15;16:00;0;965,4;965,9;965,3;2799,8;29,7;22,2;30,4;29;23,1;21,9;69;62;64;107;5,8;3,2;
2007-01-15;17:00;0;965,1;965,4;965,1;3584,4;30,9;21,8;31,2;29,6;23,4;21,6;65;58;59;94;7,3;3,3;
2007-01-15;18:00;0;964,7;965,1;964,7;1675,6;28,4;22,9;31,1;28,1;23,5;21,4;74;56;72;70;10;3,9;
2007-01-15;19:00;0;963,8;964,8;963,8;2388,2;29,5;22,3;30,1;28,4;23,5;22,2;73;63;65;90;7,7;4,3;
2007-01-15;20:00;0;963,5;963,8;963,4;1267,8;29,7;21,6;30,5;29,5;22,9;20,9;68;57;62;93;7,4;3,9;
2007-01-15;21:00;0;963,3;963,6;963,2;837,2;28,9;22,1;29,8;28,6;22,8;21,4;69;61;67;88;6,6;2,9;
2007-01-15;22:00;0;963,8;963,8;963,3;546,5;28,2;22,5;28,9;28,2;22,5;21,8;71;66;71;92;5,3;2,6;
2007-01-15;23:00;0;964,8;964,8;963,8;59,6;26,8;22,9;28,2;26,8;23,3;22,6;80;71;79;80;4,3;2,1;
2007-01-16;00:00;0;965;965;964,8;-9999;26,6;22,7;26,9;26,3;23,1;22,6;82;78;79;116;4,2;2;
2007-01-16;01:00;0;965,9;965,9;965;-9999;25,9;22,5;26,6;25,9;22,7;22,4;83;79;81;113;3,8;1,9;
2007-01-16;02:00;0;966,4;966,4;965,9;-9999;25,3;21,9;26;25,3;22,6;21,9;84;81;82;116;4;2;
2007-01-16;03:00;0;966,4;966,5;966,4;-9999;24,4;21,6;25,4;24;22;21,6;87;81;84;114;3,7;1,6;
2007-01-16;04:00;0;966,2;966,5;966,2;-9999;23,7;21,6;24,6;23,7;21,6;21,4;88;83;88;89;2,8;,2;
2007-01-16;05:00;0;965,8;966,2;965,8;-9999;24;21,3;24;23,5;21,6;21,2;89;85;85;125;3,2;1,1;
2007-01-16;06:00;0;965,3;965,8;965,3;-9999;23,2;21,4;24;23,2;21,5;21,2;90;85;89;147;3,1;1,1;
2007-01-16;07:00;0;965,3;965,5;965,3;-9999;22,9;21;23,4;22,9;21,4;21;89;88;89;119;3,9;1,9;
2007-01-16;08:00;0;965,1;965,3;965;-9999;22,4;20,7;22,9;22,4;21;20,7;90;89;90;115;3,8;2,1;
2007-01-16;09:00;0;965,6;965,6;965;-9999;22,2;20,5;22,5;22,2;20,7;20,5;91;89;90;118;4,3;2,2;
2007-01-16;10:00;0;966,3;966,3;965,6;138,4;22,5;20,6;22,5;22;20,7;20,4;91;89;89;110;4,7;2,5;
2007-01-16;11:00;0;967,1;967,1;966,3;720,3;23,5;21,2;23,8;22,4;21,5;20,6;91;85;87;97;4,5;2,2;
2007-01-16;12:00;0;967,4;967,5;967,1;1072,4;24,4;21,9;24,5;23,3;22,2;21,1;89;85;86;89;4,9;2,6;
2007-01-16;13:00;0;967,6;967,6;967,3;1553;26;22,9;26,1;24,3;23;21,9;88;82;83;103;6,5;3,4;
2007-01-16;14:00;0;967,5;967,7;967,4;2034,3;27,7;23,2;28,1;26;23,8;22,6;84;74;77;84;6,8;4;
2007-01-16;15:00;0;966,7;967,5;966,7;2669;28,1;22,3;29,3;27,5;24;22,2;79;67;71;96;6,8;3,5;
2007-01-16;16:00;7;966,4;966,8;966,3;640,2;24,1;23,2;28,4;23,7;23,4;22,3;95;71;95;330;6,7;1,8;
2007-01-16;17:00;2,2;965,6;966,4;965,3;737,2;25,6;23,9;25,6;24,1;24,2;22,6;96;87;91;277;7,2;,3;
2007-01-16;18:00;15;964,7;965,7;964,7;664,4;24,7;23,6;26;23,9;24,2;22,7;95;87;94;186;7,4;1,6;
2007-01-16;19:00;0;964;964,7;964;978,7;26,5;24,3;26,5;24,7;24,4;23,6;94;86;88;183;4;1,9;
2007-01-16;20:00;0;963,3;964;963,3;1302,1;27,2;23,5;27,9;26,5;24,8;23,4;89;77;80;146;6,5;3,3;
2007-01-16;21:00;0;963,4;963,5;963,2;526,2;25,3;23,1;27,2;25,3;24;23,1;89;80;88;116;7,9;4,2;
2007-01-16;22:00;9,8;964,5;964,5;963,2;46,7;23,9;23,2;25,3;23,8;23,2;22,6;96;86;96;82;8,4;2,3;
2007-01-16;23:00;3,8;964,6;964,6;964,4;0;23,4;22,7;23,9;23,3;23,2;22,5;96;95;96;91;7,3;2,8;
2007-01-17;00:00;0;965,1;965,1;964,5;-9999;22,9;22,3;23,4;22,8;22,7;22,2;97;96;96;93;4,8;2,4;
2007-01-17;01:00;1;965,9;965,9;965,1;-9999;22,7;22,1;22,9;22,7;22,3;21,9;97;95;96;69;5,6;2,7;
2007-01-17;02:00;,6;966,4;966,4;965,8;-9999;22,9;22,3;22,9;22,7;22,3;22;97;96;96;65;6,4;2,9;
2007-01-17;03:00;0;966,2;966,5;966,2;-9999;22,7;22;23,1;22,7;22,3;22;96;95;96;80;7,7;3,2;
2007-01-17;04:00;,8;965,5;966,2;965,5;-9999;22,7;22;22,8;22,7;22,1;22;96;95;96;66;6,9;3,9;
2007-01-17;05:00;1,4;964,9;965,6;964,9;-9999;22,6;21,9;22,7;22,6;22,1;21,9;97;96;96;54;6,9;4,1;
2007-01-17;06:00;0;964,3;964,9;964,2;-9999;22,5;21,8;22,6;22,5;21,9;21,8;96;95;96;64;6,9;2,6;
2007-01-17;07:00;,2;964;964,3;964;-9999;22,5;21,8;22,5;22,4;21,9;21,8;96;96;96;67;6,8;3,2;
2007-01-17;08:00;0;963,8;964;963,8;-9999;22,6;21,9;22,6;22,5;21,9;21,8;96;96;96;67;5,5;2,2;
2007-01-17;09:00;1,2;964;964,1;963,8;-9999;22,6;21,9;22,6;22,5;21,9;21,9;96;96;96;67;4,2;2,3;
2007-01-17;10:00;4;964,2;964,3;964;3,3;22,6;21,9;22,6;22,5;22;21,9;96;96;96;58;7,7;4,1;
2007-01-17;11:00;1,8;964,6;964,6;964,2;43;22,8;22;22,8;22,6;22;21,9;96;95;95;49;8,8;3,9;
2007-01-17;12:00;2,4;965,1;965,1;964,5;220,3;23,7;22,5;23,8;22,7;22,6;22;96;93;93;18;7,3;2,8;
2007-01-17;13:00;1,4;965,4;965,5;965,1;671;23,7;22,8;23,9;23,6;23;22,5;96;93;94;333;7,2;2,5;
2007-01-17;14:00;,2;965,3;965,5;965,2;1546,9;25,1;22,8;25,8;23,7;23,5;22,6;95;84;87;347;10;3,4;
2007-01-17;15:00;0;964,9;965,4;964,9;1563,5;26,7;23,4;26,7;25;23,7;22,6;90;79;82;326;8,4;3,2;
2007-01-17;16:00;0;964,2;964,9;964,2;2441;27;23,2;28,2;26,4;23,9;22,6;83;75;80;325;10,3;4,2;
2007-01-17;17:00;0;963,5;964,2;963,4;2715,3;26,7;22,7;28,4;25,8;24;22,1;84;75;79;325;11,4;4,6;
2007-01-17;18:00;0;963;963,5;963;1629,5;25,5;22,5;28,3;25,5;24,2;22,3;85;75;83;317;11,6;4,4;
2007-01-17;19:00;0;962,2;963;962,2;948,8;26,1;23,1;26,1;24,9;23,4;22,4;89;83;84;324;9,5;3;
2007-01-17;20:00;0;961,9;962,2;961,9;793,1;25,8;22,8;26,3;25,8;23,4;22,6;85;81;83;326;8,4;2,6;
2007-01-17;21:00;0;962,3;962,3;961,7;774,6;26,1;23,2;26,9;25,8;23,5;22,8;85;79;84;318;6,5;2,6;
2007-01-17;22:00;0;963;963;962,3;176,5;26,3;23,1;26,4;25,9;23,6;23,1;87;82;82;259;4,6;,1;
2007-01-17;23:00;0;963,9;963,9;963;52,3;25,3;23,6;26,4;25,3;23,8;23,2;91;82;90;29;1,3;,1;
2007-01-18;00:00;0;964,2;964,2;963,9;-9999;24,6;22,9;25,3;24,4;23,5;22,8;93;87;91;63;2;0;
2007-01-18;01:00;0;964,3;964,4;964;-9999;24,6;22,7;24,7;24,2;23,1;22,3;92;88;89;338;5,9;2,3;
2007-01-18;02:00;0;964,7;964,7;964,3;-9999;24,2;22,5;24,6;24,2;22,7;22,5;90;89;90;323;5,4;2;
2007-01-18;03:00;0;965,1;965,2;964,7;-9999;24,1;22,5;24,2;23,8;22,5;22,4;92;90;90;320;5,4;2,2;
2007-01-18;04:00;0;964,6;965,2;964,6;-9999;24,2;22,7;24,2;23,7;22,7;22,4;93;90;91;311;5,8;3;
2007-01-18;05:00;0;964;964,6;963,8;-9999;23,8;22,6;24,2;23,8;22,7;22,6;93;91;93;319;5,5;2,7;
2007-01-18;06:00;0;964,2;964,4;964;-9999;23,4;22,5;23,8;23,4;22,6;22,5;95;93;95;315;5,4;1,3;
2007-01-18;07:00;0;964,3;964,4;964,2;-9999;23;22;23,4;22,9;22,5;22;95;94;95;314;3,5;1;
2007-01-18;08:00;0;964,8;964,8;964,2;-9999;22,4;21,8;23;22,3;22;21,7;96;94;96;68;2,2;0;
2007-01-18;09:00;0;965,5;965,5;964,8;-9999;22,6;21,5;22,7;22;21,8;21,4;97;93;93;304;2,4;,9;
2007-01-18;10:00;0;966,4;966,4;965,5;32,3;23,4;21,8;23,5;22,6;21,8;21,5;94;89;90;273;4,7;2,5;
2007-01-18;11:00;0;967,1;967,1;966,4;294;24,5;22,5;24,5;23,4;22,5;21,8;91;89;89;295;4,5;1,4;
2007-01-18;12:00;0;967,5;967,5;967,1;722,4;25,8;22,9;25,8;24,5;22,9;22,4;89;83;84;326;3,6;1,3;
2007-01-18;13:00;0;967,7;967,7;967,5;2112,1;28,5;23,4;28,5;25,7;23,7;22,5;85;71;74;299;6,7;4,2;
2007-01-18;14:00;0;967,6;967,8;967,6;2978,2;29,7;23,3;29,7;28,5;23,6;22,3;75;67;69;305;8,4;4,9;
2007-01-18;15:00;0;967,3;967,6;967,3;3520,2;29,8;23,8;30,9;29,7;24,1;22,7;71;64;70;305;11,2;5,1;
2007-01-18;16:00;0;966,5;967,3;966,5;2943,1;30,2;23,3;31;29,8;24,2;22,8;71;65;67;306;11,6;5,9;
2007-01-18;17:00;0;965,4;966,5;965,4;3418,1;31,4;23,3;31,7;30;24,5;22,9;70;62;62;307;12,7;5,5;
2007-01-18;18:00;0;964,3;965,4;964,3;3330,9;31,5;22,6;31,9;30,6;24,3;22,4;66;59;59;294;10,7;6,3;
2007-01-18;19:00;0;963,5;964,3;963,4;2672,1;29,8;23,8;31,9;29,7;24,1;22,4;70;59;70;286;10,8;5,9;
2007-01-18;20:00;0;962,6;963,5;962,5;2130,7;31;23,3;31,2;29,8;24,2;22,7;71;63;63;282;9,5;4,8;
2007-01-18;21:00;0;962,7;962,7;962,4;1321,7;30,3;24;31,8;30,3;24,2;22,9;69;60;69;307;7,9;2,3;
2007-01-18;22:00;0;963,7;963,7;962,7;321;29,1;23,3;30,9;29,1;24,1;22,9;71;65;71;319;4,6;1,1;
2007-01-18;23:00;0;964,3;964,3;963,7;21,8;26,8;23,9;29,1;26,8;24,5;23,5;85;71;84;266;2,9;,6;
2007-01-19;00:00;0;964,6;964,6;964,2;-9999;25,8;23,8;26,8;25,8;24,3;23,7;90;84;89;4;1,3;,1;
2007-01-19;01:00;0;965;965;964,6;-9999;26;23,1;26;25,4;24;22,9;90;83;84;329;2,2;,6;
2007-01-19;02:00;0;965,3;965,3;965;-9999;25,1;22,8;26;25,1;23;22,7;87;83;87;334;4,6;1,7;
2007-01-19;03:00;0;965,5;965,5;965,3;-9999;24,5;23,2;25,1;24,4;23,2;22,7;93;87;92;331;3,7;1,1;
2007-01-19;04:00;0;964,8;965,5;964,8;-9999;24,4;23,1;24,6;24,4;23,2;23,1;93;92;92;336;4,7;1,7;
2007-01-19;05:00;0;964,4;964,8;964,3;-9999;24,4;22,7;24,8;24,4;23,1;22,7;92;89;90;333;6,2;1,2;
2007-01-19;06:00;0;964,1;964,4;964;-9999;24;22,4;24,4;23,9;22,7;22,4;92;90;91;314;4,4;2,2;
2007-01-19;07:00;0;964,5;964,5;964;-9999;23,8;22,2;24;23,8;22,4;22,2;92;91;91;340;4,6;1,7;
2007-01-19;08:00;0;964,9;964,9;964,4;-9999;23,1;22,1;23,8;23;22,2;21,9;94;91;94;193;4,6;,2;
2007-01-19;09:00;0;965,4;965,5;964,9;-9999;22,4;21,7;23,2;22,4;22,3;21,7;96;94;96;350;1,5;,1;
2007-01-19;10:00;0;966,2;966,2;965,4;123,7;23,8;22,3;23,8;22,4;22,4;21,7;97;92;92;312;2,6;,1;
2007-01-19;11:00;0;966,9;966,9;966,2;820,3;26,4;23,2;26,4;23,8;23,3;22,4;92;81;82;314;4,1;1,5;
2007-01-19;12:00;0;967,2;967,3;966,9;1610,7;28,2;23,5;28,3;26,3;24;22,8;83;75;76;324;7,2;3,1;
2007-01-19;13:00;0;967,1;967,2;967;2386,4;29,7;23,7;29,7;28,2;24,2;23,1;76;70;70;320;9,6;4,2;
2007-01-19;14:00;0;967;967,2;966,9;3044,6;31,2;24,1;31,2;29,6;24,8;23,3;72;65;66;326;8,9;3,3;
2007-01-19;15:00;0;967;967,1;966,9;2664,3;31;23,2;31,5;30,7;24,4;22,9;67;62;63;315;9;3,9;
2007-01-19;16:00;0;965,7;967;965,7;3200,8;32,4;23,8;32,9;30,6;25;22,8;67;58;61;318;9;3,7;
2007-01-19;17:00;0;964,9;965,7;964,9;2898,8;32,6;23,4;33,1;31,5;24,1;22,6;64;56;58;322;7,8;3,7;
2007-01-19;18:00;0;964,1;964,9;964,1;2626,3;31,4;23,2;33,7;31,3;24,4;21,9;62;53;62;324;8,4;2,7;
2007-01-19;19:00;0;962,6;964,1;962,6;2716;32,6;23,3;33,1;31,4;24,4;22,2;63;55;58;337;8,7;4;
2007-01-19;20:00;0;961,5;962,6;961,5;2175,2;32,7;22,5;33,1;32,1;23,6;21,8;59;53;55;321;9,4;3,4;
2007-01-19;21:00;0;960,7;961,6;960,7;1425,5;32,1;22,6;32,8;31,9;23,3;21,8;59;53;58;324;8,9;2,6;
2007-01-19;22:00;0;961,1;961,2;960,7;404,2;29,7;23;32,1;29,7;23;22,2;67;57;67;331;8;1,4;
2007-01-19;23:00;0;962;962;961;16,2;27,8;23,4;29,7;27,8;23,5;22,9;78;67;77;324;6,1;1,5;
2007-01-20;00:00;0;963,1;963,1;962;-9999;26,1;23,1;27,8;26,1;23,5;23,1;84;77;84;292;3,9;1,1;
2007-01-20;01:00;0;963,8;963,8;963,1;-9999;25,2;23,2;26,1;25;23,4;23;90;84;89;8;2;,5;
2007-01-20;02:00;0;965,3;965,3;963,8;-9999;25;23,1;25,2;24,9;23,4;23,1;91;89;89;283;1,7;,1;
2007-01-20;03:00;0;966,7;966,7;965,3;-9999;25,3;23,7;25,7;25;23,7;23,1;91;87;91;178;1,7;0;
2007-01-20;04:00;0;966,6;966,8;966,5;-9999;24,7;23,3;25,3;24,5;23,8;23;93;90;92;348;1,6;0;
2007-01-20;05:00;0;966;966,6;965,9;-9999;24,6;23,7;25,2;24,4;23,7;23,2;95;90;95;9;1,9;,5;
2007-01-20;06:00;0;966,1;966,1;965,8;-9999;24,8;23,6;24,9;24,6;23,7;23,5;95;92;93;4;3,3;,5;
2007-01-20;07:00;0;965,7;966,1;965,5;-9999;24,8;23,3;25;24,7;23,6;23,3;93;91;91;306;4,4;1,7;
2007-01-20;08:00;0;966,9;966,9;965,7;-9999;24,8;23,4;25,1;24,4;23,5;23,2;94;91;92;178;4,1;2;
2007-01-20;09:00;0;968,4;968,4;966,9;-9999;21,9;19,5;25,5;21,9;23,6;19,5;92;83;86;132;8,9;2,8;
2007-01-20;10:00;,4;969,3;969,3;968,3;39,5;21,3;19,8;21,9;21,2;20;19,4;92;86;91;149;8,8;2,5;
2007-01-20;11:00;0;970;970,1;969,3;95,9;21,5;19,8;21,7;21,3;20,1;19,7;92;89;90;177;5,7;2,1;
2007-01-20;12:00;,4;970,6;970,6;969,9;222,6;21,5;20,3;21,5;21,2;20,4;19,7;94;89;93;139;4,9;1;
2007-01-20;13:00;3,2;970,9;971,3;970,5;370;21,6;20,6;21,8;21,5;20,8;20;95;90;94;177;3;1,1;
2007-01-20;14:00;,4;970,9;970,9;970,4;891;22,6;20,5;22,6;21,6;21;19,9;94;87;88;46;4,8;1,5;
2007-01-20;15:00;,2;970,4;971,1;970,3;1107,3;22,8;20,7;23,6;22,6;21,2;19,7;90;81;88;288;3,4;,4;
2007-01-20;16:00;1,4;970,4;970,5;970;363,6;22,4;20,9;22,9;22,3;21,3;20,3;94;85;91;279;2,6;1,5;
2007-01-20;17:00;,4;971;971;970,4;710,6;22,6;19,8;22,8;22,3;21,5;19,6;93;84;85;298;5,4;3,5;
2007-01-20;18:00;1,2;969,4;971;969,4;516,2;21,1;19,7;22,6;21,1;20;19,1;93;83;92;290;9,2;3,4;
2007-01-20;19:00;0;968,1;969,4;968,1;568,1;22,3;20,6;22,3;21,1;20,8;19,6;94;89;90;357;5,8;,7;
2007-01-20;20:00;0;967,3;968,1;967,3;602,1;22,7;19,8;22,8;22,3;20,5;19,3;90;81;84;299;4;1,7;
2007-01-20;21:00;0;967,3;967,7;967,3;297,4;22,8;20,5;23;22,6;20,5;19,3;87;79;87;2;2,8;,3;
2007-01-20;22:00;0;967,2;967,6;967,1;115,6;22,3;20,6;22,8;22,3;21,1;20;93;85;90;334;3,6;1;
2007-01-20;23:00;,2;967;967,2;966,7;4;21,7;20,1;22,3;21,7;20,6;19,8;91;87;91;335;3,9;1;
2007-01-21;00:00;0;969,6;969,6;967;-9999;21,8;20;22,8;21,7;20,4;19,4;91;82;89;210;6,9;1,5;
2007-01-21;01:00;0;970,4;970,4;969,6;-9999;21,3;19,6;21,8;21,3;19,9;19,6;90;89;90;245;6,6;1,3;
2007-01-21;02:00;0;970,7;970,8;970,4;-9999;20,4;19,4;21,3;20,4;19,6;19,4;95;90;94;261;3,4;2;
2007-01-21;03:00;0;970;970,8;969,9;-9999;20,1;19,3;20,5;20,1;19,4;19,1;95;92;95;342;2,9;,2;
2007-01-21;04:00;0;969,5;970;969,3;-9999;20,3;19,4;20,3;20,1;19,5;19;95;93;95;192;1,8;,3;
2007-01-21;05:00;0;968,9;969,5;968,9;-9999;19,9;19,3;20,3;19,9;19,4;19,3;97;95;96;2;1,1;,1;
2007-01-21;06:00;0;969;969;968,8;-9999;19,9;19,2;20;19,9;19,4;19,2;97;95;95;229;2,9;1,6;
2007-01-21;07:00;0;969;969,1;968,9;-9999;19,7;18,8;20;19,5;19,2;18,7;95;94;94;246;3,7;1,9;
2007-01-21;08:00;0;968,9;969;968,6;-9999;19;18,3;19,7;18,8;18,8;18,2;96;94;96;269;3,3;1,7;
2007-01-21;09:00;0;968,8;969;968,7;-9999;19,4;18,7;19,5;18,9;18,8;18,2;97;95;96;359;2,4;,5;
2007-01-21;10:00;0;969,2;969,2;968,7;170,1;20,4;19,4;20,4;19,4;19,4;18,7;96;94;94;192;2,5;1;
2007-01-21;11:00;0;969,6;969,7;969,2;412,3;21,1;19,7;21,1;20,3;19,8;19,1;94;91;91;152;4,2;1,1;
2007-01-21;12:00;0;970,5;970,5;969,5;741;22,6;20;22,8;21,1;20,5;19,6;92;84;85;142;3;,5;
2007-01-21;13:00;0;971,2;971,2;970,5;1212,3;24,1;20,1;24,4;22,6;21;19,7;87;78;79;218;2;,6;
2007-01-21;14:00;0;971,1;971,3;971,1;1713,8;25,1;21,3;25,1;23,9;21,3;20,1;82;76;80;261;2,3;,4;
2007-01-21;15:00;0;970,8;971,2;970,8;1678,6;25,1;20,2;25,9;24,9;21,3;20,1;80;72;74;61;3,3;1,8;
2007-01-21;16:00;0;970,4;970,8;970,4;1975,9;25,9;21,1;26;25,1;21,9;20,4;79;73;75;51;4;1,9;
2007-01-21;17:00;0;969,9;970,4;969,9;2002,2;26,5;20,4;26,7;25,9;21,7;20;76;68;69;34;3,5;1,5;
2007-01-21;18:00;0;969,3;969,9;969,3;2190,4;27,9;20;28,3;26,4;21,6;18,8;74;59;62;352;3,2;1;
2007-01-21;19:00;0;968,3;969,3;968,3;2611,3;28,6;20;29;27,8;20,9;19,3;65;57;60;281;3,4;1,5;
2007-01-21;20:00;0;967,7;968,3;967,7;1791,9;28,7;19,6;29,3;28,2;20,3;17,9;61;51;58;266;3,4;1;
2007-01-21;21:00;0;967,3;967,8;967,3;990,8;27,7;20,8;29,2;27,6;21;19,1;67;55;66;309;2,8;,4;
2007-01-21;22:00;0;967,4;967,4;967,2;223;26,7;22,3;27,8;26,7;23,1;20,4;81;64;77;278;1,2;0;
2007-01-21;23:00;0;967,8;967,8;967,4;9,6;25,4;22,6;26,7;25,4;23,3;21,9;85;75;84;286;,4;0;
2007-01-22;00:00;0;968;968;967,8;-9999;24,5;22,6;25,4;24,5;23,4;22;91;83;89;219;1,1;0;
2007-01-22;01:00;0;968,5;968,5;968;-9999;23,2;21,7;24,5;23,2;22,7;21,7;93;89;91;279;1,5;1,1;
2007-01-22;02:00;0;968,7;968,8;968,5;-9999;22,5;21,6;23,2;22,3;21,7;21,2;95;90;95;228;2,1;1;
2007-01-22;03:00;0;968,5;968,8;968,4;-9999;22,3;21,1;22,9;22,1;22,2;21,1;97;90;92;261;2;,8;
2007-01-22;04:00;0;968,1;968,5;968,1;-9999;21,4;20,5;22,3;21,3;21,1;20,4;95;93;95;294;1,8;,7;
2007-01-22;05:00;0;967,9;968,1;967,9;-9999;21,9;21;21,9;21,4;21,1;20,6;95;94;95;105;1,8;0;
2007-01-22;06:00;0;967,4;967,9;967,4;-9999;21,9;21,1;22;21,9;21,1;21;95;94;95;327;,5;0;
2007-01-22;07:00;0;967,1;967,7;967,1;-9999;21,2;20,6;22,1;21,2;21,2;20,6;96;94;96;278;2,1;,9;
2007-01-22;08:00;0;966,8;967,2;966,8;-9999;21;20,3;21,3;21;20,8;20,3;97;96;96;272;2,4;,9;
2007-01-22;09:00;0;967,3;967,3;966,8;-9999;21,1;20,5;21,4;20,9;20,9;20,3;97;96;96;242;1,6;,5;
2007-01-22;10:00;0;967,8;967,8;967,3;54,6;21,3;20,6;21,4;20,8;20,7;20,1;97;94;95;292;2;,4;
2007-01-22;11:00;0;968,3;968,3;967,8;353;23,1;21,7;23,1;21,3;21,7;20,6;96;91;92;44;1,2;0;
2007-01-22;12:00;0;968,9;968,9;968,3;596,2;23,9;21,7;24;23,1;22,2;21,5;92;87;87;319;1,5;,2;
2007-01-22;13:00;0;969,2;969,2;968,8;1077,7;25,3;22;25,4;23,9;22,4;21,3;89;79;82;87;1,9;,4;
2007-01-22;14:00;0;969,3;969,3;969,2;1402,2;26,3;22,5;26,4;25,3;22,7;21,3;82;76;79;88;2,8;1,5;
2007-01-22;15:00;0;968,6;969,3;968,6;2996,5;28,4;22,9;28,4;26,3;23,1;21,4;80;69;72;68;4,5;2,4;
2007-01-22;16:00;0;967,3;968,6;967,3;3319,8;29,1;23,1;29,3;27,6;23,6;21,9;77;66;70;64;4,9;1,5;
2007-01-22;17:00;0;966,6;967,3;966,6;2684,2;28;23,6;30,7;28;23,6;21,9;77;62;77;276;5,1;2;
2007-01-22;18:00;0;965,8;966,7;965,7;3390,6;30,7;21,5;31,2;27,9;23,9;20,9;79;55;58;278;5,1;1,4;
2007-01-22;19:00;0;964,8;965,8;964,8;2851,1;31,8;20,9;31,9;30,2;22,7;20,8;62;52;52;299;3,2;1,3;
2007-01-22;20:00;0;964,4;964,9;964,3;2102,8;31,6;20,4;32,6;31,3;21,4;19,2;55;46;52;257;3;,7;
2007-01-22;21:00;0;964,3;964,5;964;357,6;27,6;22,7;31,6;27,6;23,1;19,8;75;51;75;99;6,1;2,7;
2007-01-22;22:00;38,2;964,8;966;964,3;284,9;23,3;22;27,6;21,3;22,8;20,4;96;73;93;103;8,5;3,8;
2007-01-22;23:00;0;966,1;966,1;964,8;142,1;23,1;22,2;23,7;23,1;22,4;21,3;95;87;95;95;7,1;3,4;
2007-01-23;00:00;,6;966,5;966,5;965,9;-9999;23;22,1;23,1;22,9;22,1;21,9;95;93;95;54;6;1,1;
2007-01-23;01:00;0;966,9;966,9;966,4;-9999;23;22,2;23,1;22,9;22,3;22;96;94;95;340;3,1;,2;
2007-01-23;02:00;0;966,9;967,2;966,9;-9999;23;22,3;23,2;23;22,4;22,1;96;95;96;25;1,2;,2;
2007-01-23;03:00;0;966,7;967,2;966,7;-9999;22,8;22,2;23,2;22,8;22,6;22,2;97;96;97;95;2,7;,4;
2007-01-23;04:00;0;965,9;966,7;965,8;-9999;22,7;22,1;22,9;22,6;22,4;22;97;96;96;115;1,8;,2;
2007-01-23;05:00;0;965,2;965,9;965,2;-9999;22,3;21,8;22,9;22,3;22,1;21,8;97;95;97;78;1,6;,7;
2007-01-23;06:00;0;964,8;965,2;964,8;-9999;21,8;21,4;22,4;21,8;21,8;21,4;98;97;98;102;1,7;1,1;
2007-01-23;07:00;0;964,9;964,9;964,8;-9999;21,5;21,1;21,8;21,5;21,4;21,1;98;98;98;93;2;1;
2007-01-23;08:00;0;965,1;965,1;964,9;-9999;21,3;21;21,5;21,3;21,1;21;98;98;98;90;1,9;,3;
2007-01-23;09:00;,2;965,2;965,3;965,1;-9999;21;20,7;21,3;21;21;20,7;98;98;98;102;2,4;,6;
2007-01-23;10:00;0;965,6;965,6;965,2;99,5;21,2;20,9;21,3;21;21;20,7;98;98;98;98;2,1;1,2;
2007-01-23;11:00;0;966,3;966,3;965,6;586,4;22,2;21,8;22,2;21,2;21,9;20,9;98;97;98;114;3,6;2,2;
2007-01-23;12:00;0;966,7;966,7;966,3;1535,6;24,6;22,1;24,7;22,2;22,7;21,5;98;85;86;79;4,1;2,4;
2007-01-23;13:00;0;966,9;967,1;966,7;2342;26;22,1;26,3;24,5;23;21,7;89;79;79;73;5,3;2,6;
2007-01-23;14:00;0;967;967;966,9;3112,1;27,9;23;27,9;25,9;23,8;22,2;83;73;74;65;5,3;2,8;
2007-01-23;15:00;0;966,6;967;966,6;3110,3;28,9;22,7;29,8;27,8;24,4;22,2;79;67;69;62;5,2;1,5;
2007-01-23;16:00;0;965,7;966,6;965,7;2725,1;30,1;23;30,6;28,9;23,9;22;72;62;66;40;4,1;,9;
2007-01-23;17:00;0;964,8;965,7;964,8;3492;31,3;22,6;31,5;30,1;24,7;21,9;71;59;60;313;4,8;1,8;
2007-01-23;18:00;0;964;964,8;964;3653,7;28,5;20,7;31,3;27,9;24;19,5;74;57;63;29;8,8;2,1;
2007-01-23;19:00;0;963,7;964;963,3;3125,7;28,2;21;29,7;28,2;22,1;19,2;66;56;65;91;5,8;3,8;
2007-01-23;20:00;0;963,8;963,8;963,4;1503,9;26,4;21,6;29,7;26,4;22,7;21;77;61;75;107;7,1;3;
2007-01-23;21:00;0;964;965,1;963,4;86,8;23,5;21;26,7;23,4;22,4;21;88;74;86;314;6,8;3,2;
2007-01-23;22:00;0;965,9;965,9;963,7;69,3;23,2;21,4;24,1;23,2;22,1;20,8;91;85;90;338;8,4;3,1;
2007-01-23;23:00;0;965,3;965,9;965,3;3,7;23;21,2;23,2;22,8;21,5;21,2;92;89;90;299;8,3;2,8;
2007-01-24;00:00;0;964,9;965,3;964,6;-9999;23;21,3;23;22,7;21,4;21,1;92;89;90;187;5,7;,6;
2007-01-24;01:00;0;966,3;966,3;964,9;-9999;22,6;21,5;23;22,5;21,6;21,2;94;90;94;86;3;1,3;
2007-01-24;02:00;0;966,6;966,6;966,3;-9999;22,1;21,3;22,7;22,1;21,5;21,2;95;92;95;73;3,6;,9;
2007-01-24;03:00;0;967;967;966,6;-9999;22,2;21,2;22,2;22;21,2;21,1;95;94;94;112;1,9;1;
2007-01-24;04:00;0;967,2;967,3;966,9;-9999;22;21,2;22,3;21,9;21,3;21,1;95;94;95;57;2,5;,2;
2007-01-24;05:00;0;966,6;967,3;966,6;-9999;22,1;21,4;22,1;21,9;21,4;21,1;96;95;96;204;1;,3;
2007-01-24;06:00;0;966,3;966,6;966,3;-9999;21,7;21,1;22,1;21,5;21,4;20,8;97;95;96;256;2,4;1,1;
2007-01-24;07:00;0;965,9;966,4;965,9;-9999;20,9;20,3;21,7;20,9;21,1;20,2;97;96;96;282;2,1;,7;
2007-01-24;08:00;0;965,4;966;965,4;-9999;20,3;19,7;20,9;20,3;20,5;19,7;97;96;96;274;1,4;,1;
2007-01-24;09:00;0;965,9;965,9;965,4;-9999;20,4;20;20,6;20,3;20,2;19,7;98;96;97;4;,8;0;
2007-01-24;10:00;0;966,7;966,7;965,9;88,3;20,6;20;20,6;19,9;20;19,4;98;96;97;267;1;0;
2007-01-24;11:00;0;967,4;967,4;966,7;773,8;24,4;21,8;24,4;20,6;21,8;20,1;97;85;86;85;1,4;0;
2007-01-24;12:00;0;967,3;967,6;967,2;1596,1;25,5;22,2;25,5;23,8;22,8;21,2;88;82;82;51;3,5;1,9;
2007-01-24;13:00;0;966,8;967,3;966,8;2417,8;27,3;22,4;27,4;25,3;23,3;21,6;83;74;74;23;3,6;1,7;
2007-01-24;14:00;0;966,6;966,8;966,6;3051;29;22,7;29,2;27,3;23,6;21,3;76;66;69;6;5,2;1,9;
2007-01-24;15:00;0;966,7;966,9;966,6;3242,5;30,8;22,5;30,9;29;23,9;22,4;73;60;61;294;5,2;1,9;
2007-01-24;16:00;0;965,4;966,7;965,4;3325,8;31,2;23,2;31,5;30,3;23,4;21,3;65;55;63;332;5,4;1,7;
2007-01-24;17:00;0;964,5;965,4;964,5;3119,1;31,7;22,1;32;30,9;22,8;21,1;63;54;57;299;4,2;1,5;
2007-01-24;18:00;0;963,5;964,5;963,5;2938;32;21,7;32,6;31,5;22,7;20,1;59;50;55;8;3,8;,9;
2007-01-24;19:00;0;963,3;963,5;963,3;2439,1;32,1;21,7;32,8;31,8;22,3;20,9;57;50;54;334;3,3;,8;
2007-01-24;20:00;0;962,6;963,3;962,5;1618,3;32,3;21,1;32,8;31,7;22,8;20,2;59;48;52;263;2,8;1,3;
2007-01-24;21:00;0;962,7;962,7;962,5;1209;31,6;21,3;32,6;31,6;22,4;20,9;57;51;54;315;2,4;,5;
2007-01-24;22:00;0;963;963,1;962,7;246,5;28,4;21,9;31,7;28,4;23,5;21,3;70;54;68;342;5,5;2;
2007-01-24;23:00;0;964,3;964,4;963;9,3;26,7;22,5;28,4;26,1;23,1;21,5;82;68;78;199;5,9;1,7;
2007-01-25;00:00;1;965,4;965,4;964,2;-9999;24,5;22,3;26,7;23,8;23,1;20,7;87;77;87;276;8,6;2,3;
2007-01-25;01:00;6;965,6;965,6;965,2;-9999;23,8;23,1;24,5;23,3;23,1;22,2;96;88;96;316;5,1;,2;
2007-01-25;02:00;0;966;966;965,5;-9999;23,9;22,9;24;23,7;23,3;22,8;96;94;94;187;2,3;,4;
2007-01-25;03:00;0;966;966,2;965,8;-9999;23,9;22,8;24,1;23,8;23,4;22,8;96;93;94;67;2,2;1,4;
2007-01-25;04:00;2,8;965,8;966,1;965,7;-9999;23,8;21,2;24,2;23,4;22,9;21;94;85;85;15;7,4;2,2;
2007-01-25;05:00;1;965,5;965,8;965,4;-9999;23,2;22,3;23,8;22,8;22,3;21;95;86;95;259;7,4;1,4;
2007-01-25;06:00;1;965,2;965,6;965,2;-9999;23,3;22,5;23,6;23,2;22,7;22,1;96;93;95;262;3,2;2;
2007-01-25;07:00;0;965,5;965,6;965,2;-9999;23,2;22,4;23,4;23,2;22,6;22,2;95;94;95;90;3,1;,9;
2007-01-25;08:00;,4;965,1;965,5;964,8;-9999;23,1;22,4;23,5;23,1;22,6;22,2;96;93;95;250;2,7;1,4;
2007-01-25;09:00;0;965,7;965,7;965,1;-9999;22,5;21,7;23,2;22,4;22,5;21,6;96;94;95;112;3,2;1,1;
2007-01-25;10:00;0;966,7;966,7;965,7;46,2;22,8;22,3;22,8;22,4;22,3;21,6;97;94;97;58;2,9;1,6;
2007-01-25;11:00;0;967,1;967,1;966,7;295,7;23;21,9;23,1;22,8;22,4;21,7;97;93;94;65;5,3;3,2;
2007-01-25;12:00;0;967,4;967,4;967;1095,9;24,1;22;24,2;22,8;22,4;21,6;95;88;88;60;5,3;2,2;
2007-01-25;13:00;0;967,4;967,4;967,2;1854,7;25,8;22;25,9;24,1;23;21,7;88;79;79;29;5,6;2,2;
2007-01-25;14:00;0;966,7;967,4;966,7;1691,7;27,3;22,9;27,3;25,8;23,1;22;83;75;77;16;4,9;1,4;
2007-01-25;15:00;0;965,8;966,7;965,8;2842,9;29;22,5;29,3;27,3;23,7;22,1;77;65;68;3;5;2,1;
2007-01-25;16:00;5,2;967,2;967,2;965,8;1725,5;22,1;21,1;30,2;22,1;24,4;21,1;94;65;94;311;13,1;6,5;
2007-01-25;17:00;13;965,4;967,3;965,4;106,4;22,6;21,6;22,6;21,6;22;20,7;97;93;94;25;13,1;2,4;
2007-01-25;18:00;,2;964,6;965,4;964,6;734;24,9;22,9;24,9;22,6;23;21,4;95;86;89;301;5,5;1,7;
2007-01-25;19:00;0;963,9;964,6;963,8;643,9;24,7;22,8;25,1;24,6;23,3;22,6;91;87;90;312;5,1;2,3;
2007-01-25;20:00;,4;963,2;963,9;963,2;355,1;24,3;22,9;24,7;24;23;22,4;93;88;92;270;6,8;2,5;
2007-01-25;21:00;0;962,7;963,2;962,4;512,9;25,5;23,2;25,5;24,2;23,4;22,6;93;86;87;325;3,9;,5;
2007-01-25;22:00;0;964,1;964,2;962,7;264,5;24,2;22,8;25,5;24,2;23;22,6;93;85;92;28;4,6;,5;
2007-01-25;23:00;0;964,3;964,4;964,2;10,7;23,6;22,2;24,2;23,6;22,8;22,2;93;90;92;41;2,2;,2;
2007-01-26;00:00;0;964,9;964,9;964,3;-9999;23;21,8;23,6;23;22,3;21,8;93;92;93;324;3,4;1,2;
2007-01-26;01:00;0;964,8;965,3;964,8;-9999;22,6;21,7;23;22,5;21,9;21,6;95;93;95;137;3,2;0;
2007-01-26;02:00;0;965,4;965,4;964,8;-9999;22,5;21,6;22,7;22,3;21,9;21,5;96;95;95;257;2,3;1,4;
2007-01-26;03:00;0;965,8;965,8;965,4;-9999;22,5;21,7;22,5;22,2;21,7;21,4;96;95;95;328;3,6;1,4;
2007-01-26;04:00;0;965,7;966;965,7;-9999;22,3;21,2;22,6;22,2;21,7;21,2;95;93;93;314;3,6;1,3;
2007-01-26;05:00;0;965;965,7;965;-9999;21,9;21,1;22,4;21,7;21,2;20,9;95;93;95;306;3,1;1,4;
2007-01-26;06:00;0;964,6;965;964,6;-9999;22,3;21,2;22,3;21,9;21,2;21;95;93;94;342;2,2;,4;
2007-01-26;07:00;0;964,9;964,9;964,6;-9999;22,1;21,1;22,3;22;21,2;21;95;93;94;327;3;1,3;
2007-01-26;08:00;0;965;965;964,8;-9999;22,2;21,2;22,3;22;21,2;21;95;93;94;237;3;,4;
2007-01-26;09:00;0;965,2;965,2;965;-9999;22;21,3;22,3;21,9;21,3;21,1;96;93;96;265;1,8;,4;
2007-01-26;10:00;0;965,8;965,9;965,2;38,4;22,2;21,4;22,2;21,9;21,4;21,2;96;95;95;299;1,9;,6;
2007-01-26;11:00;0;966,6;966,6;965,9;204,3;23,2;21,6;23,2;22,2;21,8;21,3;95;91;91;296;2,4;1,3;
2007-01-26;12:00;0;967;967;966,6;533;24,4;22,4;24,4;23,2;22,5;21,6;92;87;89;328;3,6;1,4;
2007-01-26;13:00;0;966,9;967,1;966,9;2062,7;27,6;23,5;27,6;24,4;23,7;22,3;91;77;79;323;8,2;2,9;
2007-01-26;14:00;0;966,9;966,9;966,8;3029,5;29,1;23,9;29,2;27,2;24;22,5;78;71;73;317;8,2;3,2;
2007-01-26;15:00;1,6;966,9;967;966,8;1575,5;25,1;23,4;29,5;24,1;24,4;22;92;70;90;360;9;1,8;
2007-01-26;16:00;0;966,2;966,9;966,2;3253,6;29,7;24;30,3;25,1;25,3;23,3;91;70;72;318;9,1;3,6;
2007-01-26;17:00;,2;966,1;966,2;966;3232,7;27,8;24,4;29,7;27,5;24,9;23,2;84;71;82;315;10,5;4,9;
2007-01-26;18:00;0;965,2;966,1;965,2;2176,9;27,7;23,3;29,5;27,6;25;22,9;82;70;77;324;9,9;3,2;
2007-01-26;19:00;0;964,3;965,3;964,3;1708,5;28,9;23,5;29;27,7;24,5;22,9;79;71;73;316;7,8;3,4;
2007-01-26;20:00;0;963,9;964,3;963,9;1952;29,1;23;30;28,6;23,9;22,6;73;66;70;320;7,8;2,1;
2007-01-26;21:00;0;963,7;963,9;963,7;1246,2;29,6;22,2;30,1;28,6;23,7;22,2;74;63;64;313;4,9;2;
2007-01-26;22:00;0;964,1;964,1;963,6;438,5;27,9;22,9;29,8;27,9;22,9;22;74;64;74;330;5;,8;
2007-01-26;23:00;0;964,8;964,9;964,1;19,7;26,5;23,2;27,9;26,2;23,5;22,8;85;74;82;337;2,6;,7;
2007-01-27;00:00;2;966,2;966,2;964,6;-9999;22,4;21;26,6;22,4;23,5;20,5;92;81;92;263;13,2;6,9;
2007-01-27;01:00;9,8;966,4;966,4;965,8;-9999;22,9;22,1;22,9;22;22,1;20,9;96;90;96;103;13,2;0;
2007-01-27;02:00;0;966,8;966,8;966,4;-9999;24,3;23,4;24,4;22,8;23,6;22,1;98;95;95;317;3,4;1,8;
2007-01-27;03:00;0;966,9;966,9;966,8;-9999;24,1;23,1;24,3;24,1;23,4;23,1;95;94;94;304;3,9;1,4;
2007-01-27;04:00;0;966,6;966,9;966,6;-9999;24;23;24,1;23,9;23,1;23;95;94;94;319;4;1;
2007-01-27;05:00;0;965,8;966,6;965,8;-9999;23,8;22,6;24,1;23,8;23;22,6;94;93;93;332;3,7;,9;
2007-01-27;06:00;0;965,5;965,8;965,4;-9999;23,5;22,6;23,8;23,5;22,6;22,5;95;93;94;328;4,8;1,6;
2007-01-27;07:00;0;965,2;965,5;965,2;-9999;23,4;22,5;23,5;23,3;22,6;22,4;95;94;95;327;4,8;,5;
2007-01-27;08:00;0;965,3;965,3;965,2;-9999;23,5;22,5;23,6;23,4;22,6;22,5;95;94;94;325;2,7;,9;
2007-01-27;09:00;0;965,7;965,7;965,3;-9999;23,5;22,5;23,6;23,5;22,6;22,5;94;94;94;182;3,2;,1;
2007-01-27;10:00;0;966,3;966,4;965,7;61,1;23,8;22,9;23,8;23,3;23;22,4;95;94;95;187;,9;0;
2007-01-27;11:00;0;966,9;966,9;966,3;442;25,4;23,5;25,4;23,8;23,5;22,6;95;89;89;320;5,3;1,6;
2007-01-27;12:00;,2;967,3;967,3;966,9;1290,2;26,5;23,7;26,5;25,3;23,9;23,1;89;84;84;313;8,3;3,2;
2007-01-27;13:00;0;967,2;967,3;967,2;2469,2;28,3;23,5;28,5;26,4;24,6;23,3;85;75;75;317;11,1;4,3;
2007-01-27;14:00;0;967,1;967,2;967;2403,2;28,9;23,9;29;28,1;24,5;23,2;78;73;74;318;9,8;3,3;
2007-01-27;15:00;0;966,6;967,1;966,6;2098,3;29,1;23,7;29,3;28,1;24,6;23,2;78;71;73;330;8,6;3,6;
2007-01-27;16:00;0;966,2;966,6;966,2;3605,8;30,1;23;30,5;28,4;25;22,7;75;66;66;297;10,1;5,5;
2007-01-27;17:00;0;965,5;966,3;965,5;3738,3;30,8;22,6;31;29,4;23,9;22,4;70;60;62;299;8,7;5,3;
2007-01-27;18:00;0;964,9;965,5;964,8;2719,9;29,4;23,2;31,4;29,4;23,5;21,8;70;58;69;292;10;4,6;
2007-01-27;19:00;0;964,6;965;964,6;1282,5;27,7;22,7;29,4;27,7;23,6;22,1;75;68;74;312;9,8;3;
2007-01-27;20:00;0;963,5;964,6;963,5;895,2;27;22,8;27,7;26,9;23,3;22,3;80;73;78;297;7,9;3,9;
2007-01-27;21:00;0;964,4;964,4;963,5;1209,8;27,5;22,9;28,4;26,9;23,5;22,6;80;72;76;293;8,6;2,5;
2007-01-27;22:00;0;964,1;964,4;964,1;245,8;26,8;23,4;27,5;26,8;23,6;23;82;76;82;27;3,6;,9;
2007-01-27;23:00;0;965,1;965,1;964;12,8;25,9;23,6;26,8;25,9;23,7;23,3;87;82;87;40;2,1;,4;
2007-01-28;00:00;0;965,3;965,3;964,8;-9999;25;23,5;25,9;25;23,8;23,3;92;87;91;278;1,6;,6;
2007-01-28;01:00;0;966,2;966,2;965,3;-9999;24,4;23,6;25,2;24,2;23,6;23,2;95;91;95;338;1,7;,1;
2007-01-28;02:00;,2;966;966,3;966;-9999;24,4;23,1;24,7;24,4;23,6;23;95;91;92;331;2,1;,9;
2007-01-28;03:00;0;965,8;966;965,7;-9999;24;23;24,4;24;23,2;22,8;94;92;94;336;2,1;,2;
2007-01-28;04:00;0;965,6;965,8;965,5;-9999;23,9;22,6;24;23,8;23;22,6;94;93;93;345;1,9;,4;
2007-01-28;05:00;0;965,4;965,6;965,3;-9999;24,1;22,7;24,1;23,7;22,8;22,6;94;92;92;332;3,6;1;
2007-01-28;06:00;0;965;965,4;965;-9999;23,9;22,8;24,1;23,9;22,8;22,6;94;92;94;21;2,8;0;
2007-01-28;07:00;0;964,7;965;964,7;-9999;23,8;23;23,9;23,8;23;22,7;95;93;95;23;1,7;0;
2007-01-28;08:00;,4;964,6;964,7;964,4;-9999;23,7;23,1;23,9;23,6;23,1;22,8;96;94;96;300;1,4;1;
2007-01-28;09:00;1,2;965;965;964,6;-9999;23,6;22,6;23,8;23,6;23,1;22,6;96;94;94;307;6,5;2,6;
2007-01-28;10:00;2,6;965,3;965,3;965;14,9;22,8;22,1;23,6;22,5;22,6;21,8;96;93;96;325;6,5;1,4;
2007-01-28;11:00;,8;965,5;965,5;965,2;113,1;22,9;22,1;22,9;22,7;22,1;21,9;96;95;95;282;3,7;1,1;
2007-01-28;12:00;,4;966,3;966,3;965,5;195;23,2;22,4;23,2;22,9;22,4;22;96;94;95;328;3,9;,9;
2007-01-28;13:00;2,8;967;967;966,3;51,6;23,2;22,5;23,3;23,1;22,6;22,4;96;95;96;300;4,1;2,4;
2007-01-28;14:00;5,6;966,7;967;966,6;35,5;22,4;21,6;23,2;22,4;22,6;21,6;96;94;95;317;4,3;1,4;
2007-01-28;15:00;4,4;966,6;966,8;966,5;63;22;21,4;22,4;21,9;21,6;21,2;96;95;96;318;3,7;1,7;
2007-01-28;16:00;10,4;965,9;966,6;965,9;173;22,4;21,9;22,5;22;21,9;21,4;97;96;97;319;4,3;1,8;
2007-01-28;17:00;5,6;964,9;965,9;964,9;388,5;23;22,3;23,2;22,4;22,6;21,9;97;95;96;334;3,7;1,3;
2007-01-28;18:00;,4;963,4;964,9;963,4;1306,5;25,3;22,7;25,3;23;23;22,1;96;85;85;305;6,4;3,6;
2007-01-28;19:00;0;963;963,5;962,8;1573,4;27,4;22,8;27,8;25,3;23,4;22,2;86;74;76;297;8,6;4,9;
2007-01-28;20:00;6,6;962,8;963,9;962,8;533,5;21,4;20,8;27,4;21;23,1;19,7;97;74;96;197;8;1;
2007-01-28;21:00;,4;962,7;962,8;962,2;241,7;22,2;20,9;22,3;21,4;21,2;20,8;97;92;93;300;9,5;2,5;
2007-01-28;22:00;1;962,8;963,1;962,6;45,3;21,8;20,9;22,2;21,8;21,2;20,9;95;93;95;343;4,3;,7;
2007-01-28;23:00;0;962,8;962,8;962,5;8,7;21,5;20,3;21,8;21,5;21,1;20,2;96;92;93;316;5,4;1,8;
2007-01-29;00:00;0;963,8;963,8;962,8;-9999;21,3;20,4;21,5;21,3;20,6;20,2;95;92;95;289;5;,7;
2007-01-29;01:00;0;964,6;964,7;963,8;-9999;21,9;20,7;21,9;21,2;20,7;20,4;96;93;93;225;5;1,9;
2007-01-29;02:00;0;965,2;965,2;964,6;-9999;21,7;20,7;21,9;21,7;20,8;20,5;94;93;94;188;4,3;,7;
2007-01-29;03:00;0;965,3;965,4;965,1;-9999;21,6;20,7;21,7;21,6;20,7;20,6;95;94;94;229;3,3;,3;
2007-01-29;04:00;0;964,9;965,4;964,9;-9999;21,5;20,7;21,6;21,5;20,8;20,6;95;94;95;280;1,5;,4;
2007-01-29;05:00;0;964,5;964,9;964,4;,4;21,6;20,7;21,6;21,5;20,8;20,5;95;93;94;242;1,7;,7;
2007-01-29;06:00;0;964,2;964,5;964,2;-9999;21,4;20,5;21,6;21,4;20,9;20,5;96;94;95;238;1,6;,2;
2007-01-29;07:00;,2;964,1;964,2;964;-9999;21,5;20,7;21,5;21,4;20,8;20,5;96;95;95;264;1,8;,9;
2007-01-29;08:00;,8;964;964,2;964;-9999;21,5;20,9;21,5;21,4;21;20,6;97;95;97;309;1,9;,1;
2007-01-29;09:00;,2;964,5;964,5;964;-9999;21,4;20,7;21,6;21,4;21;20,5;97;95;96;295;2;,5;
2007-01-29;10:00;,6;965,1;965,1;964,5;22,4;21,4;20,7;21,4;21,2;20,8;20,6;97;96;96;283;1,2;,1;
2007-01-29;11:00;0;965,6;965,6;965,1;366,6;22,5;20,9;22,5;21,4;21,1;20,6;97;91;91;165;2,3;,8;
2007-01-29;12:00;0;966,4;966,4;965,6;651,6;22,9;20,8;22,9;22,5;20,9;20,2;91;85;88;206;2,3;,2;
2007-01-29;13:00;0;966,8;966,9;966,4;1170,5;24,3;21,4;24,3;22,8;21,6;20,5;88;81;84;110;1,8;,7;
2007-01-29;14:00;0;966,9;967;966,8;2723,4;25,9;21,5;25,9;24,3;21,9;20,4;85;74;77;10;2,7;,9;
2007-01-29;15:00;0;966,5;966,9;966,5;2178,3;26,7;22,2;27,1;25,7;23;21,2;83;74;76;8;4,1;1,5;
2007-01-29;16:00;0;965,8;966,5;965,8;3262;28,1;22,9;28,2;26,8;23,9;21,9;80;70;74;311;4,8;2;
2007-01-29;17:00;0;964,9;965,8;964,9;2927;28,8;22,9;29,4;27,7;23,6;22,3;76;68;71;305;4,8;1,4;
2007-01-29;18:00;0;964;964,9;963,9;3251,9;30,1;23,3;30,8;28,4;24,1;22,3;75;64;67;300;3,9;2,3;
2007-01-29;19:00;0;962,9;964;962,9;1982,6;29,8;23,3;30,4;29,4;24,1;22,4;74;63;68;356;4;1,3;
2007-01-29;20:00;0;962,6;963,1;962,6;1372,2;30,1;23,2;30,6;29,2;24;22,6;73;65;67;243;3,4;1;
2007-01-29;21:00;0;962,8;962,8;962,4;964,4;27,4;23,7;30,7;27,4;24,2;22,8;80;64;80;330;6,1;2,1;
2007-01-29;22:00;17,8;963,6;963,6;962,8;67,6;24,7;24;27,4;24,5;24,8;23,6;96;80;96;24;6,1;,8;
2007-01-29;23:00;,4;963,9;963,9;963,6;34,6;24,2;23,2;24,9;23,7;24,2;22,1;96;89;94;3;4,8;,8;
2007-01-30;00:00;0;965,2;965,2;963,9;-9999;24,4;23,5;24,4;24;23,5;22,2;95;88;95;312;3,5;,6;
2007-01-30;01:00;0;965,9;965,9;964,9;-9999;24,5;23,8;24,6;24,4;23,9;23,5;96;94;96;191;2,3;0;
2007-01-30;02:00;0;966;966,2;965,9;-9999;24,5;23,8;24,6;24,5;23,9;23,7;96;95;96;323;1,7;,3;
2007-01-30;03:00;0;966,1;966,2;965,9;-9999;24,4;23,7;24,6;24,3;23,8;23,6;96;95;96;262;2;1,1;
2007-01-30;04:00;0;966,3;966,3;966,1;-9999;24,4;23,6;24,4;24,1;23,8;23,5;97;96;96;307;2,3;,7;
2007-01-30;05:00;0;965,5;966,3;965,5;-9999;24,2;23,5;24,4;24,2;23,6;23,3;96;95;96;91;1,6;,4;
2007-01-30;06:00;0;965,3;965,5;965,3;-9999;23,5;22,9;24,2;23,5;23,5;22,9;97;96;97;320;2,8;1;
2007-01-30;07:00;0;965,1;965,3;965;-9999;22,8;22,3;23,5;22,8;22,9;22,3;97;96;97;281;3,3;0;
2007-01-30;08:00;0;965;965,3;965;-9999;22,2;21,8;22,8;22,2;22,4;21,7;97;97;97;304;1,6;,9;
2007-01-30;09:00;0;965,3;965,3;965;-9999;22,5;22,1;22,5;22,2;22,1;21,7;98;97;97;6;1,4;0;
2007-01-30;10:00;0;966,7;966,7;965,4;18,7;23,1;22,8;23,2;22,5;22,8;22,1;98;97;98;309;2;1;
2007-01-30;11:00;0;967,2;967,2;966,7;226,3;23,8;23,4;23,8;23,1;23,4;22,8;98;98;98;176;2;,2;
2007-01-30;12:00;0;967,3;967,3;967,1;625,8;25,2;23,7;25,7;23,8;24,5;23,5;98;89;91;335;3,8;1,5;
2007-01-30;13:00;0;967,9;968;967,2;564,1;25,4;23,7;25,9;25,2;24,3;23,4;92;88;91;331;4,8;1,3;
2007-01-30;14:00;,6;967,6;968,1;967,6;261,5;24,4;23,2;25,5;24,3;24;22,9;93;89;93;331;6,4;1,8;
2007-01-30;15:00;,6;967,7;968,1;967,6;464,5;25,8;24,5;25,8;24,4;24,5;23,2;94;92;92;284;4,8;2;
2007-01-30;16:00;0;967,1;967,7;966,9;1095,4;27,1;24,7;27,1;25,8;24,8;23,9;93;84;87;310;7,4;3,6;
2007-01-30;17:00;0;966,4;967,4;966,4;739,8;27,5;24,3;27,5;26,7;24,9;24,1;89;82;83;263;8,2;4,2;
2007-01-30;18:00;3,8;965,5;967,2;965,5;203,8;22,3;21,2;27,4;21,6;24,2;20,3;94;80;93;255;18,4;4,8;
2007-01-30;19:00;,6;966,5;966,8;965,5;253,5;22,7;21,6;23,1;22,3;21,6;20,9;94;88;93;131;7,6;,3;
2007-01-30;20:00;,2;964,5;966,5;964,5;461,2;23,2;21,5;23,2;22,7;22;21,3;94;90;90;105;3,8;1,3;
2007-01-30;21:00;0;964,4;964,5;964,2;419,6;22,9;21,6;23,2;22,8;22,1;20,9;93;89;92;103;4,5;2,3;
2007-01-30;22:00;0;965,4;965,4;964,4;390,4;23,2;21,3;23,2;22,9;21,7;21,2;93;89;89;14;4,3;,1;
2007-01-30;23:00;0;965,9;965,9;965,4;36,9;22,4;21,2;23,2;22,4;21,7;21,2;95;89;93;234;3,4;1,7;
2007-01-31;00:00;0;966,3;966,4;965,9;-9999;21,8;20,9;22,4;21,5;21,2;20,7;96;93;95;206;3,7;,6;
2007-01-31;01:00;0;966,5;966,7;966,3;-9999;21,4;20,9;21,8;21;20,9;20,4;97;95;97;160;2;,5;
2007-01-31;02:00;0;967,3;967,3;966,5;-9999;21;20,4;21,4;21;20,8;20,4;97;96;97;21;1,5;0;
2007-01-31;03:00;0;967,2;967,4;967,2;-9999;20,5;20;21,1;20,5;20,7;20;98;97;97;275;2,2;,6;
2007-01-31;04:00;0;966,7;967,2;966,7;-9999;20,3;19,9;20,5;20,1;20,1;19,6;98;97;97;306;1,7;1,1;
2007-01-31;05:00;0;966,8;966,8;966,6;-9999;20,5;20,1;20,6;20,2;20,3;19,7;98;97;98;160;2,2;,9;
2007-01-31;06:00;0;965,9;966,8;965,9;-9999;19,7;19,3;20,6;19,7;20,2;19,2;98;97;97;293;1,8;,4;
2007-01-31;07:00;0;965,7;966;965,6;-9999;19,3;18,9;19,9;19,3;19,6;18,9;98;97;98;277;1,3;0;
2007-01-31;08:00;0;966;966;965,7;-9999;19,2;18,9;19,3;18,9;19;18,5;98;98;98;265;2,9;2;
2007-01-31;09:00;0;966;966;965,8;-9999;19,1;18,7;19,7;18,9;19,3;18,5;98;97;98;39;3,1;,5;
2007-01-31;10:00;0;966,5;966,5;965,9;108,6;19,7;19,2;19,7;18,7;19,2;18,3;98;96;97;332;1,8;,1;
2007-01-31;11:00;0;967,4;967,4;966,5;788,9;22,6;20,7;22,6;19,7;21;19,3;97;89;89;311;2,1;,7;
2007-01-31;12:00;0;967,5;967,5;967,3;1153,4;24,8;21,3;25;22,6;21,7;20,5;89;78;81;90;2;,5;
2007-01-31;13:00;0;967,9;967,9;967,5;1662,6;26,1;21,4;26,1;24,7;22;20,8;82;75;76;50;2,7;1,2;
2007-01-31;14:00;0;967,7;968;967,7;2192,9;27,8;21,2;28,1;25,9;21,6;19,4;77;63;67;278;2,2;,7;
2007-01-31;15:00;0;967,5;967,8;967,5;2731,2;28,8;23,1;28,8;27,6;23,5;20,7;74;66;71;323;4,4;1;
2007-01-31;16:00;0;966,9;967,5;966,9;2065,8;29,2;24,8;29,2;28,4;24,8;22,7;77;70;77;313;4,6;1,8;
2007-01-31;17:00;0;966,5;967;966,5;2967,2;29,1;23,8;29,7;28,4;24,8;22,5;79;66;73;286;8,5;2;
2007-01-31;18:00;,2;966;966,5;966;2010,7;29,4;24;29,9;28,9;24,8;23,5;76;70;73;303;7,6;3,9;
2007-01-31;19:00;0;965,4;966;965,3;2118,1;29,3;23,4;30,6;29,3;24,5;23,4;74;67;71;305;7,6;4;
2007-01-31;20:00;0;964,9;965,4;964,9;1119,5;28,8;24,1;29,6;28,8;24,3;23,2;76;69;76;299;6,1;3,4;
2007-01-31;21:00;0;965;965,1;964,8;832,5;28,2;23,6;28,9;28,2;24,5;23,5;79;74;77;275;6,2;3,7;
2007-01-31;22:00;0;965,5;965,5;964,9;231,7;26,9;23,7;28,2;26,8;23,9;23,4;83;77;82;247;5,8;,9;
2007-01-31;23:00;0;965,9;965,9;965,5;8,1;25,9;23,7;26,9;25,6;24,1;23,6;90;82;88;250;3,4;,7;
2007-02-01;00:00;0;966,5;966,5;965,9;-9999;24,9;23,6;26;24,5;23,8;23,4;94;88;92;270;1,9;1;
2007-02-01;01:00;0;967,1;967,1;966,5;-9999;24,5;23,3;25,4;24,5;23,7;23,3;94;90;93;309;2,2;,4;
2007-02-01;02:00;0;967,4;967,4;967;-9999;23,5;22,6;24,5;23,5;23,4;22,6;95;93;95;277;1,5;,2;
2007-02-01;03:00;0;967,5;967,6;967,4;-9999;23,4;22,8;23,5;23,2;22,8;22,5;96;95;96;256;1;,4;
2007-02-01;04:00;0;967;967,5;967;-9999;23,1;22,6;23,4;22,8;22,7;22,1;97;95;97;211;1,2;0;
2007-02-01;05:00;0;966,6;967;966,6;-9999;22,3;21,8;23,3;22,2;22,8;21,5;97;95;97;295;1,3;,3;
2007-02-01;06:00;0;966,3;966,7;966,3;-9999;22,3;21,5;22,7;22,2;22,1;21,5;97;95;95;244;1,9;,8;
2007-02-01;07:00;0;966,3;966,3;966,1;-9999;22,3;21,6;22,5;22,1;21,8;21,5;97;96;96;251;2,4;,7;
2007-02-01;08:00;0;966,5;966,7;966,2;-9999;21,8;21,2;22,7;21,8;22,1;21;97;95;96;186;1,8;,1;
2007-02-01;09:00;0;967,1;967,1;966,5;-9999;21,8;21;23,1;21,8;22,2;21;97;92;96;266;2;0;
2007-02-01;10:00;0;968;968;967,1;83,8;22,6;21,8;22,6;21,7;21,9;21;97;95;96;178;1,4;,3;
2007-02-01;11:00;0;968,4;968,4;968;709,1;25,6;22,7;26;22,6;23,2;21,8;95;82;84;180;2,6;1,4;
2007-02-01;12:00;0;968,8;968,8;968,4;1511,9;27,2;23,4;27,7;25,6;23,9;22,7;86;76;80;100;3,9;2,2;
2007-02-01;13:00;0;968,8;968,9;968,7;2353,5;28,8;23,7;29;27,3;24,4;22,9;80;73;74;83;4,1;2,3;
2007-02-01;14:00;0;968,7;968,9;968,7;3041,8;30,1;23;30,3;28,5;25,3;23;77;66;66;86;5,3;2,3;
2007-02-01;15:00;0;968,3;968,7;968,3;2834,6;30,7;23,2;30,8;29,5;24,6;22,4;74;62;64;64;5,7;2,1;
2007-02-01;16:00;0;967,6;968,3;967,5;3498,6;31,5;22,8;32,1;30,5;24,3;22;68;59;60;122;5,6;1,8;
2007-02-01;17:00;0;966,8;967,6;966,8;4242,1;32,1;22;32,5;31,3;24;20,9;63;50;55;79;5,7;2,3;
2007-02-01;18:00;0;965,4;966,8;965,4;2321,9;31,8;21,4;32,8;31,4;23,2;21,2;60;50;54;163;5;1,6;
2007-02-01;19:00;0;964,6;965,4;964,6;2631,1;32,7;21;33,5;31,6;22,9;20,6;57;48;50;117;4,1;1,7;
2007-02-01;20:00;0;964;964,6;964;1727,2;32,3;21,9;33,4;32,2;22,2;20,7;55;48;55;193;4,5;1;
2007-02-01;21:00;0;964,2;964,2;964;1141,7;32,3;22,1;32,7;32,1;22,8;21,1;57;52;55;193;4,6;2,3;
2007-02-01;22:00;0;965;965;963,8;419,4;30,2;23,6;32,3;30,2;23,9;22,2;69;55;68;246;3,9;,6;
2007-02-01;23:00;0;965,8;965,8;965;14,4;28,5;23,8;30,4;27,8;25;23,5;84;66;76;228;1,7;,6;
2007-02-02;00:00;0;966,9;966,9;965,9;-9999;25,8;23,6;28,7;25,7;23,8;23,2;88;72;88;324;3,4;1;
2007-02-02;01:00;0;968;968;966,8;-9999;25,3;23,2;25,8;25,2;23,7;23,1;91;88;89;315;4,4;1;
2007-02-02;02:00;0;968;968,3;968;-9999;25,3;23,6;25,3;24,8;23,6;23,1;92;88;90;239;3;1,4;
2007-02-02;03:00;0;968;968,3;968;-9999;25,2;23,5;25,4;24,9;23,7;23,5;92;90;91;260;3;1,2;
2007-02-02;04:00;0;967,3;968;967,3;-9999;25,1;23,6;25,7;24,7;23,7;23,4;94;89;92;252;2,4;,7;
2007-02-02;05:00;0;966,7;967,3;966,7;-9999;25;22,8;25,5;25;23,6;22,7;92;86;87;217;3,8;1,6;
2007-02-02;06:00;0;966,2;966,7;966,2;-9999;24,4;22,3;25;24,4;22,8;22,2;88;87;88;211;3,8;,6;
2007-02-02;07:00;0;966;966,3;965,9;-9999;24,1;21,7;24,6;23,4;22,2;21,7;92;86;86;183;3;,8;
2007-02-02;08:00;0;965,8;966,1;965,8;-9999;23,6;21,2;24,1;23,5;21,7;21,1;88;86;86;230;2,4;,8;
2007-02-02;09:00;0;966,1;966,1;965,8;-9999;22,8;21;23,7;22,7;21,2;20,9;90;85;90;172;2,4;,3;
2007-02-02;10:00;0;967;967;966,1;87,3;24,1;21,3;24,1;22,6;21,3;20,9;90;84;84;209;3,4;,5;
2007-02-02;11:00;0;967,7;967,7;967;707,5;26,7;21,8;26,7;24,1;22,4;21,1;84;75;75;161;2,8;1,2;
2007-02-02;12:00;0;968,3;968,3;967,7;1520,6;27,9;22;28,2;26,4;22,7;21,5;77;70;71;152;5,2;1,8;
2007-02-02;13:00;0;968,6;968,6;968,2;2259,4;28,3;22,5;28,8;27,4;23,4;21,4;74;68;71;104;5,4;2,9;
2007-02-02;14:00;0;968,3;968,6;968,3;2938,3;29,3;23,1;29,9;28,2;24;22,2;73;67;69;84;5;3;
2007-02-02;15:00;0;967,8;968,3;967,8;3434,9;31;23,4;31,2;29,2;24,1;21,4;72;57;64;78;5,8;2,7;
2007-02-02;16:00;0;967,1;967,8;967,1;3834,1;32,1;22,2;32,2;30,9;23,7;21,8;65;56;56;39;4,9;1,5;
2007-02-02;17:00;0;965,4;967,1;965,4;3850,8;33,4;22,8;33,4;31,8;23,2;21;59;52;54;154;4,7;1,9;
2007-02-02;18:00;0;964,4;965,4;964,4;3432,1;33,8;22;34;32,5;23,2;21,1;56;49;50;152;4,9;1,8;
2007-02-02;19:00;0;964;964,4;963,6;2215,6;32,8;22,5;34,6;32,8;23,5;20,9;55;48;55;118;5,6;2,7;
2007-02-02;20:00;0;964,5;964,6;963,9;605,8;26,3;21,8;32,8;26,3;22,9;21;76;55;76;358;10,3;2,7;
2007-02-02;21:00;0;964,3;964,7;964,2;415,5;25,4;22,1;26,5;25,4;22,7;21,6;82;76;82;346;7,4;2,3;
2007-02-02;22:00;0;965,4;965,4;964,3;64,5;24,7;22,4;25,5;24,7;22,8;22,2;87;82;87;12;5;1,3;
2007-02-02;23:00;0;967,1;967,3;965,4;6;25,1;22,8;25,2;24,5;22,8;22,2;88;86;87;197;5,5;,8;
2007-02-03;00:00;,2;966,7;967,5;966,6;-9999;24,2;22,8;25,1;24,2;23,1;22,2;92;87;92;68;2,8;,5;
2007-02-03;01:00;,2;966,7;966,8;966,4;-9999;24;22,9;24,2;23,9;23,1;22,4;94;91;94;250;1,7;,7;
2007-02-03;02:00;0;967,3;967,4;966,7;-9999;23,7;22,4;24;23,5;23;22,3;95;92;92;90;1,9;1,2;
2007-02-03;03:00;0;966,7;967,4;966,7;-9999;23,1;22,2;23,8;23,1;22,4;22,1;95;91;95;118;1,9;0;
2007-02-03;04:00;0;966;966,7;966;-9999;22,8;21,6;23,3;22,8;22,4;21,6;96;92;93;74;2;,5;
2007-02-03;05:00;0;964,9;966;964,9;-9999;22,7;21,7;22,9;22,5;21,8;21,5;95;93;94;90;1,9;,3;
2007-02-03;06:00;0;964,1;964,9;964;-9999;21,5;20,9;22,7;21,3;21,7;20,7;97;94;96;278;3,1;1;
2007-02-03;07:00;0;963,9;964,1;963,7;-9999;21,2;20,7;21,8;21,1;21,1;20,5;97;95;97;246;3,1;1,1;
2007-02-03;08:00;0;964,3;964,4;963,9;-9999;20,6;20,1;21,5;20,6;21;20;97;96;97;274;2,2;1;
2007-02-03;09:00;0;964,6;964,6;964,2;-9999;21,3;20,7;21,4;20,6;20,9;20,1;97;96;96;182;2,2;1;
2007-02-03;10:00;0;965,5;965,5;964,5;48,8;21,1;20,7;21,3;21;20,8;20,4;98;96;98;97;3,4;2,1;
2007-02-03;11:00;0;966,2;966,2;965,5;273,2;21,6;21,2;21,8;21,1;21,5;20,7;98;98;98;98;3,4;,1;
2007-02-03;12:00;0;967,5;967,5;966,2;760,3;23;22;23;21,5;22;21,2;98;93;94;19;3,8;1,4;
2007-02-03;13:00;0;967,4;967,6;967,3;1587,3;25,7;22,6;25,7;22,9;22,6;21,6;94;81;83;43;4,3;2,1;
2007-02-03;14:00;0;967,3;967,4;967,3;2722,6;27,3;22,1;27,7;25,3;22,6;21,3;82;70;73;2;5;1,6;
2007-02-03;15:00;0;966,5;967,3;966,5;3415,2;29,3;21,2;29,8;27,3;22,8;21;76;61;62;114;5;1,5;
2007-02-03;16:00;0;966,1;966,6;966,1;3427,8;30,3;21,4;30,9;29;23;21,1;66;58;59;17;9,1;1;
2007-02-03;17:00;0;965,3;966,1;965,3;2324,5;31,3;21,5;31,4;30,1;22,8;21;62;55;56;25;4,5;1;
2007-02-03;18:00;0;964,5;965,4;964,4;2842,7;30,9;21,8;32,5;30,7;22,6;21;60;53;58;71;3,7;,9;
2007-02-03;19:00;0;963,4;964,5;963,4;2788,9;32,6;22,2;32,8;30,9;23,2;21,1;62;52;54;273;4,1;2;
2007-02-03;20:00;0;962,4;963,4;962,4;2326,7;32,1;21,5;33,1;31,5;22,3;20,7;57;51;53;88;4,6;1,8;
2007-02-03;21:00;0;962,5;962,5;962,4;753,8;31,3;21,8;32,1;31;22,5;20,5;61;52;57;86;2,7;1,6;
2007-02-03;22:00;0;962,7;962,7;962,5;403,1;30,3;22,7;31,4;30,3;22,7;20,9;64;54;64;76;2,8;1;
2007-02-03;23:00;0;963,3;963,3;962,7;14,6;28,8;22,8;30,3;28,8;23;22,2;71;63;70;112;3,6;2,2;
2007-02-04;00:00;0;964,2;964,2;963,3;-9999;27,4;23,2;28,9;27,2;23,3;22,8;79;70;78;113;3,4;1,3;
2007-02-04;01:00;0;964,5;964,5;964,2;-9999;26,5;23;27,7;26,4;23,4;23;83;76;81;97;3,2;,1;
2007-02-04;02:00;0;964,5;964,6;964,5;-9999;25,1;22,7;26,5;25,1;23,2;22,7;86;81;86;5;,9;0;
2007-02-04;03:00;0;964,1;964,5;964,1;-9999;24,1;22,8;25,1;23,7;22,8;22,2;93;87;92;15;,7;,1;
2007-02-04;04:00;0;964,1;964,3;964,1;-9999;23,2;22,1;24,6;23,2;23,1;22,1;93;89;93;281;1,1;,5;
2007-02-04;05:00;0;963,9;964,1;963,9;-9999;24;22,8;24,2;22,7;22,8;21,6;95;90;93;191;1,5;,2;
2007-02-04;06:00;0;963,2;963,9;963,2;-9999;22,5;21,6;24;22,5;22,6;21,5;95;91;95;53;1;0;
2007-02-04;07:00;0;963;963,3;963;-9999;23;22;23,3;22,4;22,4;21,5;97;94;94;58;2,3;,2;
2007-02-04;08:00;0;963,4;963,4;963;-9999;22;21,1;23;22;22;21,1;96;93;95;173;,8;0;
2007-02-04;09:00;0;963,7;963,7;963,4;-9999;21,6;20,9;22,1;21,5;21,3;20,8;96;94;96;288;1,6;,8;
2007-02-04;10:00;0;964,1;964,1;963,3;84;23,1;21,9;23,2;21,5;22;20,8;97;93;93;219;1,5;,1;
2007-02-04;11:00;0;964,9;964,9;964,1;707,9;25,5;23;25,8;23,1;23,4;21,9;94;85;86;277;2,4;1,1;
2007-02-04;12:00;0;965,6;965,6;964,9;1490,9;27,1;22,9;27,3;25,5;23,6;22,6;87;76;78;355;3,6;1,6;
2007-02-04;13:00;0;965,3;965,9;965,3;2081,3;28,9;23,9;29,3;27,1;24,3;22,9;79;72;74;322;4,1;1,7;
2007-02-04;14:00;0;964,8;965,3;964,8;2421,4;29,9;23,9;29,9;28,6;24,2;23,1;75;69;70;351;5,3;1,9;
2007-02-04;15:00;0;964,1;964,8;964,1;2505;30,9;23,9;31,4;29,4;24,5;22,4;72;61;66;345;5,1;2,1;
2007-02-04;16:00;0;964,3;964,3;963,8;2970,2;31,2;22,8;32,3;30,3;24,9;22,1;69;57;61;16;5,4;1,9;
2007-02-04;17:00;0;963,9;964,5;963,9;2614,4;32,5;22,5;32,9;31,2;23,5;21,4;62;52;56;327;4,4;1,9;
2007-02-04;18:00;0;963;964;963;2557,6;32,1;23;32,7;31,6;24,3;21,5;63;53;59;327;6,5;2,1;
2007-02-04;19:00;0;961,9;963;961,9;1474,8;30,3;24;32,2;30,3;24,4;22,6;70;58;69;303;6,5;2,6;
2007-02-04;20:00;0;961,7;961,9;961,6;1245,9;30,5;24,2;31,1;30,3;24,5;23,3;70;64;69;288;4,3;2;
2007-02-04;21:00;0;961,5;961,8;961,4;825,3;30,2;23,9;31;29,9;24,6;23;73;64;69;256;3,2;1,4;
2007-02-04;22:00;0;962,6;962,6;961,5;209,6;28,6;22,9;30,2;28,6;25,1;22,9;79;68;71;98;4,2;1,7;
2007-02-04;23:00;15,6;964,3;964,3;962,5;10,8;21,2;19,6;28,6;21,2;23,1;19,3;93;67;91;4;9,4;4,5;
2007-02-05;00:00;6,8;964,1;964,3;963,4;-9999;21,7;20,6;22,4;21;21,4;19,1;96;88;94;288;9,4;1,2;
2007-02-05;01:00;0;964,7;964,7;964,1;-9999;22,4;21,3;22,5;21,7;21,4;20,6;95;91;94;227;3,7;,3;
2007-02-05;02:00;0;964,7;964,9;964,7;-9999;22,3;21,3;22,5;22;21,3;20,6;95;90;94;84;2,2;,8;
2007-02-05;03:00;0;964,7;964,9;964,6;-9999;22,7;21,6;22,9;22,3;21,8;21,1;95;92;94;116;2,2;1,5;
2007-02-05;04:00;0;964,3;964,8;964,3;-9999;23,1;21,7;23,1;22,6;22;21,5;95;92;92;200;2,7;,5;
2007-02-05;05:00;0;964,2;964,3;964,1;-9999;23,1;21,8;23,2;23;21,9;21,5;93;91;92;127;2,5;,4;
2007-02-05;06:00;0;963,8;964,2;963,8;-9999;23,4;22,1;23,4;23,1;22,2;21,8;93;91;93;185;1,6;,1;
2007-02-05;07:00;1,4;963,3;964;963,3;-9999;23;22,3;23,4;23;22,4;22;96;92;96;118;2;,1;
2007-02-05;08:00;0;962,9;963,3;962,8;-9999;22,9;22,3;23,2;22,9;22,6;22,3;97;96;96;91;1,9;,8;
2007-02-05;09:00;0;963,6;963,6;962,9;-9999;23,1;22,5;23,1;22,9;22,6;22,3;97;96;96;134;1,9;0;
2007-02-05;10:00;0;964,5;964,5;963,5;32,4;23,1;22,5;23,1;22,8;22,5;22,2;97;96;97;246;2;,6;
2007-02-05;11:00;0;965,1;965,1;964,5;261,6;23,8;22,9;23,8;23,1;23;22,4;97;94;95;304;1,8;,3;
2007-02-05;12:00;0;965,6;965,6;965,1;601,9;25;23,1;25,1;23,8;23,6;22,8;95;89;89;76;2;,5;
2007-02-05;13:00;0;965,4;965,6;965,3;1955,8;26,9;23,2;27,2;24,9;24;22,6;91;78;80;17;2,2;,8;
2007-02-05;14:00;0;965,2;965,6;965,2;2744,2;28,8;24,2;28,9;26,7;24,6;23;83;75;76;323;4,1;1,5;
2007-02-05;15:00;2,8;965;965,2;964,7;2053,6;23,8;22;30,4;23,8;25,7;21,4;91;67;90;278;10,2;3,9;
2007-02-05;16:00;,6;963,7;965;963,7;3576,9;29,5;24,2;29,7;23,8;25,8;22;96;72;73;311;6,9;1,3;
2007-02-05;17:00;0;963,3;963,7;963,3;1493,4;29,4;24,9;29,9;28,9;25,4;23,7;80;71;77;139;4;1,6;
2007-02-05;18:00;0;962,3;963,4;962,3;2323,3;29,7;23,9;32,2;29,4;25,5;23,3;79;60;71;355;8;2,9;
2007-02-05;19:00;0;961,5;962,5;961,5;2798,4;30;25,2;31,9;29,3;25,2;23,1;78;60;76;31;8;3,8;
2007-02-05;20:00;0;961,7;961,9;961,3;1743,4;29,3;24,1;30,1;28,5;24,8;23,6;79;72;73;17;7,1;2,7;
2007-02-05;21:00;0;961,3;962,5;961,1;1308,8;28,4;23,4;29,7;26,1;24,4;20,9;76;67;74;33;7,5;2,2;
2007-02-05;22:00;0;961,8;961,8;961,3;436,2;28;23,7;28,4;27,8;23,7;22,6;77;72;77;31;5,5;1,2;
2007-02-05;23:00;0;962,4;962,4;961,8;19,8;27,2;24,2;28;27,2;24,2;23,7;84;77;84;23;3,7;2,2;
2007-02-06;00:00;0;962,7;962,7;962,4;-9999;26,4;24,4;27,2;26,4;24,7;24,2;89;84;89;318;3,7;,7;
2007-02-06;01:00;0;963,3;963,3;962,7;-9999;25,6;24;26,4;25,6;24,3;24;92;88;91;79;2,7;,1;
2007-02-06;02:00;0;963,9;963,9;963,2;-9999;25,2;24,1;25,7;25,1;24,3;23,9;94;91;93;67;1,3;,3;
2007-02-06;03:00;0;963,7;964,1;963,7;-9999;24,6;23,6;25,3;24,6;24,1;23,6;94;92;94;305;3,3;2;
2007-02-06;04:00;0;963,2;963,7;963,2;-9999;24,2;23,2;24,6;24,1;23,6;23,2;95;94;94;294;3,6;1,5;
2007-02-06;05:00;0;962,9;963,2;962,9;-9999;24;23;24,6;24;23,4;23;95;93;94;316;3,3;,8;
2007-02-06;06:00;0;962,8;962,9;962,8;-9999;23,8;22,8;24;23,7;23;22,7;95;94;94;302;3,9;1,6;
2007-02-06;07:00;0;962,9;962,9;962,6;-9999;23,8;22,6;24;23,8;22,9;22,6;94;93;93;302;5,6;3;
2007-02-06;08:00;0;963,2;963,2;962,9;-9999;24,6;23;24,6;23,5;23;22,5;94;91;91;295;6,9;4,2;
2007-02-06;09:00;0;963,8;963,8;963,2;-9999;24,2;23;24,6;24;23,1;22,8;94;90;93;306;7,4;2,2;
2007-02-06;10:00;0;964,6;964,6;963,8;30,4;24,4;23,2;24,4;24,2;23,3;23;94;93;93;318;3,9;,3;
2007-02-06;11:00;0;965,1;965,1;964,6;292,6;25,4;23,7;25,4;24,4;23,9;23,2;93;89;90;319;3,5;1,1;
2007-02-06;12:00;0;965,2;965,3;965;1384,5;27,5;24,3;27,5;25,4;24,6;23,6;91;82;83;327;6,1;2,1;
2007-02-06;13:00;0;965,3;965,4;965,2;2111,3;29;24,2;29,4;26,9;24,9;23,6;85;73;75;328;6,1;2,1;
2007-02-06;14:00;0;965,2;965,3;965,1;2965;30,7;24,3;30,7;28,4;24,7;22,9;78;66;69;345;6,8;2,5;
2007-02-06;15:00;0;964,8;965,2;964,8;3443,7;30,9;23,3;31,6;29,7;24,5;23;70;62;64;355;6,7;3,2;
2007-02-06;16:00;0;964,2;964,8;964,2;3728;32,1;23,6;32,6;30,6;24,7;22,5;68;58;61;337;7,5;3,1;
2007-02-06;17:00;0;963,3;964,2;963,3;3161,9;31,9;22,4;32,6;30,2;24,8;21,4;70;54;57;5;7,9;3,2;
2007-02-06;18:00;0;962;963,3;962;3547,1;32,4;22,3;32,8;31,9;23,4;21,2;58;52;55;344;7,7;3,2;
2007-02-06;19:00;0;960,9;962;960,8;2764,7;32,7;23,7;33,3;32;24,2;21,6;60;52;59;356;7,7;2,7;
2007-02-06;20:00;0;960,6;960,9;960,6;1914,1;32,9;23,6;33,3;31,7;24,5;22,6;63;55;58;331;7,3;2,3;
2007-02-06;21:00;0;960;960,6;960;1264,4;31,5;24;32,9;31,5;24,3;22,7;66;56;64;335;7,3;2,7;
2007-02-06;22:00;0;960,3;960,4;959,8;321,2;29,2;24,1;31,5;29,2;24,2;23,2;74;63;74;340;6,4;1,6;
2007-02-06;23:00;0;961,7;961,8;960,2;4;28,5;24;29,2;28,3;24,4;23,9;79;74;77;335;3,8;,8;
2007-02-07;00:00;0;961,6;962;961,5;-9999;27,8;24,1;28,5;27,7;24,3;23,8;81;77;81;322;5,1;2,1;
2007-02-07;01:00;0;962,6;962,6;961,6;-9999;26,8;24,4;27,8;26,8;24,4;24,1;87;80;87;341;4,9;1,5;
2007-02-07;02:00;0;963,8;963,8;962,6;-9999;26,5;24,3;26,9;26,5;24,5;24,3;89;86;88;343;3,9;1,7;
2007-02-07;03:00;0;963,8;964,2;963,8;-9999;26,1;24,3;26,6;26,1;24,3;24,2;89;87;89;336;3,9;,9;
2007-02-07;04:00;0;964,4;964,4;963,5;-9999;25,7;24,2;26,2;25,7;24,3;24,1;91;89;91;299;4,2;,9;
2007-02-07;05:00;,6;966,4;966,4;964,4;-9999;24,4;22,5;26,3;24,4;24,5;22,5;91;86;89;186;9;2,4;
2007-02-07;06:00;21,2;966,4;966,9;965,7;,9;20,4;19,9;24,4;20,2;22,3;19,6;97;85;97;200;13,5;1,1;
2007-02-07;07:00;4,6;966,9;966,9;966;-9999;21,3;19,6;21,4;20,4;20,2;19,5;97;89;90;238;9,1;3,8;
2007-02-07;08:00;3,6;966,7;967,3;966,7;-9999;20,8;20;21,3;20,8;20;19,6;95;90;95;275;8;1,5;
2007-02-07;09:00;3,6;964,8;966,7;964,8;-9999;20,7;20,1;20,8;20,6;20,2;19,9;97;95;97;350;2,8;,4;
2007-02-07;10:00;,2;964,5;965,5;964,5;11,2;20,9;20,2;20,9;20,7;20,3;20;97;95;96;28;4;1,5;
2007-02-07;11:00;0;965,3;965,3;964,5;188,7;21,5;20,5;21,5;20,9;20,5;20,2;96;94;94;307;8,2;3,1;
2007-02-07;12:00;0;965,5;965,6;965,2;290,4;22,1;20,3;22,1;21,5;20,6;20,2;94;89;89;293;7,7;3,4;
2007-02-07;13:00;0;966,3;966,3;965,6;483,8;23,8;20,7;23,8;22,1;20,9;20,2;90;83;83;299;6,5;3,8;
2007-02-07;14:00;0;966,5;966,6;966,3;1096,2;25,3;21,5;25,3;23,8;21,6;20,7;84;79;79;300;8,4;4,5;
2007-02-07;15:00;0;966,9;967;966,5;1774,8;26,1;21,6;26,4;25,3;22,3;21,3;81;75;76;285;7,9;3,5;
2007-02-07;16:00;0;966,8;966,9;966,7;2396,1;27,4;22,6;27,4;26,1;22,6;21,4;78;72;75;282;5,9;2,8;
2007-02-07;17:00;0;966,6;966,8;966,6;2148,8;27,7;22,3;27,8;27;22,6;21,4;75;70;72;279;5,9;2,8;
2007-02-07;18:00;0;965,8;966,7;965,8;2081,9;28,4;23,6;28,4;27,7;23,6;22,1;75;70;75;278;6;3,5;
2007-02-07;19:00;0;964,8;965,8;964,8;1551,1;28,7;23,4;28,7;28,3;23,5;22,7;75;71;73;292;5,9;3,9;
2007-02-07;20:00;0;964,4;965;964,3;893,9;26,6;20,3;28,8;26;23,6;20,1;78;68;68;248;9,2;3,8;
2007-02-07;21:00;0;964,4;964,5;964,2;930;27,1;22,6;27,6;26;22,9;20,1;78;67;77;303;8,9;,2;
2007-02-07;22:00;0;964,9;965;964,4;304,8;27;23,7;27,5;27;24,1;22,6;84;76;82;112;1,8;,1;
2007-02-07;23:00;0;965,4;965,4;964,9;8,6;25,2;23,6;27,1;25,2;23,9;23,2;91;80;90;357;2,5;,2;
2007-02-08;00:00;0;966,2;966,2;965,4;-9999;25,4;23,6;25,5;25,2;23,9;23,3;92;88;90;185;1;,2;
2007-02-08;01:00;0;967;967;966,2;-9999;24,6;23,5;25,5;24,6;24;23,4;94;90;94;75;2,3;0;
2007-02-08;02:00;0;967,6;967,6;967;-9999;24,7;23,3;24,8;24,5;23,5;23,3;94;92;92;171;2;,5;
2007-02-08;03:00;0;967,6;967,7;967,6;-9999;24,7;22,8;24,9;24,7;23,4;22,8;92;89;89;156;4;1,8;
2007-02-08;04:00;0;967,1;967,6;967,1;-9999;23,9;22,5;24,7;23,9;22,8;22,5;92;89;92;158;4;,9;
2007-02-08;05:00;0;966,9;967,1;966,9;-9999;23,5;22,3;24;23,5;22,5;22,3;93;91;93;159;2,5;,7;
2007-02-08;06:00;0;966,7;966,9;966,7;-9999;23,2;21,9;23,6;23,2;22,3;21,9;93;92;92;145;2,5;,8;
2007-02-08;07:00;0;966,7;966,7;966,6;-9999;22,7;21,6;23,2;22,7;21,9;21,6;94;92;94;91;2,3;,7;
2007-02-08;08:00;0;966,9;966,9;966,7;-9999;22,2;21,4;22,7;22,2;21,7;21,4;96;94;95;182;1,7;,1;
2007-02-08;09:00;0;967;967;966,8;-9999;22,1;21,3;22,2;22;21,5;21,2;96;95;95;197;1,9;,5;
2007-02-08;10:00;0;967,6;967,6;967;33;22;21,1;22,1;21,9;21,3;21,1;96;95;95;190;1,7;,3;
2007-02-08;11:00;0;968,2;968,2;967,6;546,4;24,5;22,1;24,5;22;22,1;21,1;95;86;86;174;1,6;,5;
2007-02-08;12:00;0;968,3;968,3;968,2;1486,6;25,3;22,4;25,3;24,4;22,5;21,5;87;81;84;114;4,4;2,7;
2007-02-08;13:00;0;968,9;968,9;968,3;2365,3;26,9;22,9;27;25;23,2;22;85;77;79;83;4,8;2,5;
2007-02-08;14:00;0;968,9;969,1;968,9;3209,7;28;22,5;28;26,4;23,5;22,1;81;72;72;72;5,9;2,7;
2007-02-08;15:00;0;968,6;969;968,6;3496,8;29,1;22,1;29,7;27,7;24;21,5;74;63;66;103;4,9;1,6;
2007-02-08;16:00;0;968,1;968,6;968;3742,7;30,1;22,3;30,6;28,8;23,5;21,4;69;60;63;98;4,2;2,1;
2007-02-08;17:00;0;967,4;968,1;967,4;3893,9;31,2;20,4;31,4;29,6;22,7;20,4;66;52;53;118;4,6;2;
2007-02-08;18:00;0;966,6;967,4;966,6;3591,3;30,8;21,4;32,2;30,8;23,4;20;62;50;58;154;5,4;2,5;
2007-02-08;19:00;0;965,8;966,6;965,8;2250,7;30,9;21,6;32,4;30,7;22,6;21;61;52;57;180;5,4;1,9;
2007-02-08;20:00;0;965,3;965,8;965,3;1467,3;30,9;21,7;31,9;30,6;22,8;20,6;63;54;58;167;5,6;2,5;
2007-02-08;21:00;0;965,3;965,4;965,2;955,1;30,8;22,1;31,3;30,4;22,6;21,8;63;57;60;177;4,7;1,2;
2007-02-08;22:00;0;965,3;965,4;965,2;483,6;29,6;21,9;31;29,6;22,3;21,3;64;57;63;185;4,5;1,4;
2007-02-08;23:00;0;965,7;965,7;965,2;19,2;26,6;22,8;29,6;26,6;23,4;21,9;80;64;80;257;3,2;0;
2007-02-09;00:00;0;966,5;966,5;965,7;-9999;24,5;22,2;26,6;24,4;23;22,2;88;78;87;240;,8;0;
2007-02-09;01:00;0;967,2;967,2;966,5;-9999;24;22;25,4;24;22,9;21,9;91;85;88;262;,9;,5;
2007-02-09;02:00;0;967,5;967,6;967,2;-9999;24,2;21,8;25,1;23,7;22,3;21,4;92;82;86;243;1,3;,3;
2007-02-09;03:00;0;968,1;968,1;967,5;-9999;23,3;21,8;24,2;23;21,9;21,6;92;86;91;4;1,5;0;
2007-02-09;04:00;0;967,9;968,1;967,8;-9999;25,1;22,4;25,3;23,2;22,5;21,8;93;84;85;121;3,3;1,7;
2007-02-09;05:00;0;967,1;967,9;967,1;-9999;24,8;22,8;25,2;24,8;22,9;22,4;89;85;89;123;4,1;1,8;
2007-02-09;06:00;0;966,7;967,1;966,7;-9999;24,3;22,8;24,8;24,2;22,9;22,8;92;88;91;118;4,7;2,2;
2007-02-09;07:00;0;967;967;966,7;-9999;23,9;22,3;24,3;23,9;22,8;22,3;91;90;91;111;4,7;2,1;
2007-02-09;08:00;0;967,6;967,6;967;-9999;23,5;22,4;23,9;23,4;22,4;22,2;94;91;94;117;5,1;3;
2007-02-09;09:00;0;968,2;968,2;967,5;-9999;23,7;22,6;23,8;23,5;22,6;22,4;94;93;94;109;5,3;2,6;
2007-02-09;10:00;0;968,9;968,9;968,2;27,1;24;22,7;24;23,7;22,8;22,6;94;92;93;116;4,9;2,6;
2007-02-09;11:00;0;969,6;969,6;968,9;324;24,8;22,9;24,8;24;23,2;22,7;93;90;90;101;4,6;3;
2007-02-09;12:00;0;970,2;970,2;969,6;727,7;25,7;23,3;25,7;24,7;23,3;22,8;91;86;87;98;6,1;3,2;
2007-02-09;13:00;0;970,3;970,4;970,2;1679,6;27,2;23,6;27,2;25,6;23,8;22,9;87;79;81;96;5,7;2,4;
2007-02-09;14:00;0;970,1;970,3;970,1;2094,7;27,9;23,3;27,9;26,5;23,7;22,8;82;75;76;83;4,9;1,5;
2007-02-09;15:00;0;969,7;970,1;969,7;3235,7;29,6;23,7;29,6;27,9;24,1;22,7;77;68;71;64;4,3;1,7;
2007-02-09;16:00;0;968,9;969,7;968,9;3255,5;30,4;23;30,7;29;24,5;22,4;73;64;65;79;4,1;1,5;
2007-02-09;17:00;0;968;968,9;968;1848,4;30,4;23,8;30,8;29,8;23,8;22,4;70;62;68;93;4,5;1,3;
2007-02-09;18:00;,4;966,8;968;966,8;3077,3;31,3;24,1;31,4;28,7;24,9;23;79;62;66;65;5,9;1,9;
2007-02-09;19:00;0;966;966,8;966;2685,8;30,9;22,5;31,6;30,7;24,9;22,2;69;58;61;60;5,9;2,6;
2007-02-09;20:00;0;966,2;966,3;965,7;1599,1;28,3;23,2;31,9;28,3;24;21,9;74;56;74;282;6,1;2,9;
2007-02-09;21:00;9;967,1;967,2;966,2;167,4;24,1;22,5;28,5;24,1;23,7;22,1;92;73;91;63;9;1,8;
2007-02-09;22:00;5,8;966,8;967,2;966,8;122,1;24,3;23;24,5;23,8;23,5;22,5;96;91;92;103;4,4;1,4;
2007-02-09;23:00;0;967,2;967,2;966,6;9,9;24,4;23,3;24,4;24,2;23,4;22,8;95;91;94;293;2,6;1;
2007-02-10;00:00;0;968,5;968,5;967,2;-9999;24,6;23,5;24,6;24,4;23,7;23,2;95;93;93;309;2,1;,2;
2007-02-10;01:00;0;969,3;969,3;968,5;-9999;24,4;23,5;24,7;24,4;24;23,2;96;93;95;88;2,9;1,4;
2007-02-10;02:00;0;970,1;970,1;969,3;-9999;24,4;23,5;24,5;24,4;23,6;23,4;95;94;95;83;3,3;2;
2007-02-10;03:00;0;969,7;970,1;969,7;-9999;24,4;23,5;24,4;24,4;23,6;23,5;95;95;95;76;3,6;,5;
2007-02-10;04:00;0;969,5;969,7;969,4;-9999;24,3;23,5;24,6;24,2;23,7;23,4;96;94;96;121;1,9;0;
2007-02-10;05:00;0;968,7;969,5;968,7;-9999;24,2;23,5;24,4;24;23,7;23,3;96;95;96;143;1,4;,1;
2007-02-10;06:00;0;968,7;968,8;968,7;-9999;24;23,4;24,3;23,9;23,6;23,3;97;96;96;308;1,7;,3;
2007-02-10;07:00;0;968,9;968,9;968,7;-9999;23,8;23,3;24,1;23,8;23,5;23,2;97;96;97;324;1;0;
2007-02-10;08:00;0;969,2;969,3;968,9;-9999;23,8;23,1;24,1;23,8;23,4;23,1;97;95;96;350;1,6;0;
2007-02-10;09:00;0;969,6;969,6;969,2;-9999;23,6;23,1;23,8;23,5;23,2;22,9;97;96;97;110;,5;0;
2007-02-10;10:00;0;970,5;970,5;969,6;17,4;23,6;23,1;23,6;23,5;23,1;22,9;97;97;97;112;1,3;,2;
2007-02-10;11:00;0;970,8;970,9;970,5;206,7;24,5;23,6;24,5;23,6;23,6;23,1;97;94;95;274;1,1;,4;
2007-02-10;12:00;0;971,2;971,2;970,8;688,5;25,4;23,3;25,4;24,5;23,7;23;95;87;88;360;3,7;1,2;
2007-02-10;13:00;0;971,9;971,9;971,2;678;26,2;23,4;26,3;25,4;24;23,1;89;84;85;337;3,7;1;
2007-02-10;14:00;0;971,6;971,9;971,6;1691,5;28;23,7;28,1;26,2;24,3;23,3;87;76;77;328;6,1;2,1;
2007-02-10;15:00;0;971,3;971,6;971,3;1450,6;27,5;23,6;28,7;27,5;24,2;23;82;73;80;1;6,5;2;
2007-02-10;16:00;,2;970,1;971,3;970,1;1920,4;29,3;25,5;29,3;26,3;25,5;23,5;89;78;80;339;6,3;1,6;
2007-02-10;17:00;0;969,1;970,2;969,1;2831,6;30,5;23,9;30,5;29,3;25,3;23,2;80;66;68;308;7,7;2,9;
2007-02-10;18:00;0;968,4;969,1;968,4;2591,1;30,9;23,4;31,3;30,1;24,3;22,3;71;61;64;322;8,4;2,9;
2007-02-10;19:00;0;969;969,1;968,3;1381,2;25;21,8;31,3;25;23,6;21,3;82;63;82;295;15,1;8,4;
2007-02-10;20:00;0;968,8;969,1;968,4;314,5;24,5;22,1;25;24,4;22,2;21,7;87;82;87;300;15;4;
2007-02-10;21:00;0;969;969;968,7;149,7;24,4;22,4;24,5;24,3;22,4;22;89;87;89;307;7,2;1,3;
2007-02-10;22:00;,2;968,9;969;968,8;71,4;23,9;22,3;24,4;23,9;22,7;22,3;93;89;91;259;2,9;1,6;
2007-02-10;23:00;0;968,8;968,9;968,8;-9999;23,5;22,3;23,9;23,5;22,5;22,1;93;91;93;344;2,5;1;
2007-02-11;00:00;0;969,7;969,7;968,8;-9999;23,4;22,4;23,6;23,2;22,5;22,2;95;93;94;343;2,5;1,3;
2007-02-11;01:00;0;970,2;970,2;969,7;-9999;23,2;22,1;23,4;23,2;22,5;22,1;95;93;94;287;3;1,6;
2007-02-11;02:00;,4;971,2;971,2;970,2;-9999;23,4;22,2;23,6;23,2;22,3;22;94;91;93;236;4,1;1,5;
2007-02-11;03:00;,6;970,7;971,3;970,7;-9999;23,1;22,3;23,5;23,1;22,3;22;95;92;95;63;3,1;,1;
2007-02-11;04:00;0;969,9;970,7;969,9;-9999;22,7;22,1;23,1;22,7;22,3;22,1;97;95;97;347;,9;0;
2007-02-11;05:00;0;969,2;969,9;969,2;-9999;22,7;22,1;22,7;22,6;22,2;22,1;97;97;97;257;1,8;1,2;
2007-02-11;06:00;,2;968,3;969,2;968,3;-9999;22,6;22;22,7;22,5;22,1;22;97;97;97;318;2,5;,6;
2007-02-11;07:00;0;967,8;968,3;967,8;-9999;22,4;21,8;22,6;22,4;22;21,7;97;96;96;339;2,7;1,1;
2007-02-11;08:00;0;967,6;967,8;967,6;-9999;22,2;21,7;22,4;22,2;21,8;21,6;97;96;97;331;3,1;1;
2007-02-11;09:00;0;968,2;968,2;967,6;-9999;22,7;21,9;22,7;22,2;21,9;21,7;97;95;95;301;4;2,3;
2007-02-11;10:00;0;968,8;968,8;968,2;11,5;22,9;22,2;22,9;22,6;22,2;21,9;96;95;96;285;4,3;2;
2007-02-11;11:00;0;969,6;969,7;968,8;137,1;23,5;22,5;23,5;22,9;22,5;22,2;96;94;94;263;3,4;1,8;
2007-02-11;12:00;0;969,8;969,8;969,6;380,9;24,2;22,9;24,2;23,5;22,9;22,5;94;91;92;254;4,6;2,5;
2007-02-11;13:00;0;969,9;970;969,8;862,1;25,6;23,4;25,6;24,2;23,4;22,6;92;87;88;272;6,3;2,9;
2007-02-11;14:00;0;969,9;970,1;969,8;1257,3;26,2;22,6;26,7;25,6;23,6;22,6;88;79;80;262;7,3;4,6;
2007-02-11;15:00;0;968,9;969,9;968,9;2521,6;28,3;23,5;28,3;26,2;23,8;22,4;82;73;75;268;7,3;2,8;
2007-02-11;16:00;0;967,9;968,9;967,9;2969,8;28,3;23,1;29,8;28,1;24;22,3;75;64;74;267;6,4;3,8;
2007-02-11;17:00;1,4;967,3;967,9;967,3;1796;25,1;22,7;29,7;25;24,3;22,3;89;66;86;241;6,3;3,2;
2007-02-11;18:00;1,2;966,3;967,3;966,3;1974,2;28;23,7;28;24,7;24,6;22,1;90;75;77;151;7;1,1;
2007-02-11;19:00;0;965,6;966,3;965,5;1872,6;28,5;23,4;29,6;28,1;24,9;23,1;80;69;74;196;6,5;1,6;
2007-02-11;20:00;0;965,5;965,7;965,5;1177,5;29;23,2;29;28,5;24,4;22,7;78;70;71;173;5,2;2;
2007-02-11;21:00;0;965,8;965,9;965,1;474,3;26;21,5;29,2;26;23,8;21,5;78;69;76;51;9,6;2,5;
2007-02-11;22:00;,4;966,2;966,3;965,6;137,8;24,2;22,5;26;24;22,5;21,5;91;76;90;179;10,2;,2;
2007-02-11;23:00;0;966,5;966,5;966,2;15,8;23,8;22,7;24,2;23,7;22,7;22,1;94;89;94;276;3,1;0;
2007-02-12;00:00;0;966,5;966,6;966,3;-9999;23,4;22,6;23,9;23,4;22,8;22,4;95;92;95;256;1;,1;
2007-02-12;01:00;0;966,9;966,9;966,5;-9999;22,7;21,7;23,5;22,6;22,7;21,7;95;94;94;242;3,5;,6;
2007-02-12;02:00;0;967,1;967,3;966,8;-9999;22,5;21,5;22,7;22,2;21,8;21,4;96;94;95;257;2,4;1,4;
2007-02-12;03:00;0;966,9;967,3;966,9;-9999;22,1;21,3;22,8;22,1;21,7;21,3;96;92;95;277;4;2,3;
2007-02-12;04:00;0;966,3;966,9;966,2;-9999;21,9;21,1;22,2;21,9;21,4;21;95;94;95;269;4,1;2,2;
2007-02-12;05:00;0;966;966,3;965,9;-9999;21,8;20,9;22,6;21,8;21,4;20,9;95;92;95;30;3,5;0;
2007-02-12;06:00;0;965,8;966;965,8;-9999;21,1;20,5;21,8;21;21,1;20,4;97;95;97;340;,8;,1;
2007-02-12;07:00;0;965,6;965,9;965,6;-9999;20,9;20,3;21,4;20,9;20,9;20,3;97;96;96;241;1;0;
2007-02-12;08:00;0;965,8;965,8;965,4;-9999;20,4;19,9;21,3;20,4;20,9;19,9;98;96;97;80;,9;,2;
2007-02-12;09:00;0;966;966,1;965,7;-9999;21,2;20,9;21,3;20,4;20,9;19,9;98;97;98;198;3,5;,5;
2007-02-12;10:00;0;966,6;966,6;965,9;29,3;22;21,6;22;21,1;21,6;20,8;98;98;98;136;1,8;,2;
2007-02-12;11:00;0;967,3;967,3;966,6;218,2;22,9;22,2;22,9;22;22,2;21,6;98;95;96;116;3;1,8;
2007-02-12;12:00;,2;968;968,1;967,2;324,5;22;20,9;23,2;22;22,3;20,9;96;93;94;106;10,7;5;
2007-02-12;13:00;,4;968,6;968,6;968;792,3;22,3;20,7;22,3;21,6;21,2;20,5;96;90;91;96;10,7;5,6;
2007-02-12;14:00;0;968,8;968,8;968,6;1452,8;23,4;20,1;23,6;22,2;21,1;20;92;81;82;82;9,8;4,3;
2007-02-12;15:00;0;968,5;968,9;968,5;2958,5;25,1;20,5;25,5;23,4;21,2;19,8;83;73;76;78;8,8;4,6;
2007-02-12;16:00;0;967,9;968,5;967,8;3672,3;26,6;21,5;26,8;25,1;21,6;20,2;80;70;74;74;7,4;3,8;
2007-02-12;17:00;0;967;967,9;967;2818,5;27,1;21,1;27,5;26;21,7;20,2;76;65;70;85;7,7;3,6;
2007-02-12;18:00;0;965,9;967;965,8;3140,7;27,8;20,8;28,3;27;21,8;20,3;71;63;66;88;7,7;3,3;
2007-02-12;19:00;0;965;965,9;965;2110,1;28,1;20,6;28,5;27,2;21,8;20,3;70;62;64;88;6,3;2,6;
2007-02-12;20:00;0;964,6;965;964,6;1702;28,6;20,9;28,7;27,7;21,4;20,2;68;61;63;104;7;2,4;
2007-02-12;21:00;0;964,6;964,6;964,5;973,9;28,5;20,6;28,9;27,7;21,8;20;69;61;62;104;5,7;3,5;
2007-02-12;22:00;0;964,9;964,9;964,4;370,1;27,3;20,5;28,5;27,3;21,1;20,4;67;62;66;121;5,6;2,7;
2007-02-12;23:00;0;965,1;965,1;964,9;14,8;25,9;21;27,3;25,6;21,1;20,5;76;67;74;114;4,8;1,8;
2007-02-13;00:00;0;965,6;965,6;965,1;-9999;24,1;21,2;25,9;24;21,6;21;86;74;84;100;3,4;,5;
2007-02-13;01:00;0;966,1;966,1;965,6;-9999;23,4;20,9;24,3;23,4;21,4;20,8;87;83;86;103;2;1;
2007-02-13;02:00;0;966,9;966,9;966,1;-9999;23,3;20,7;23,6;23,2;20,8;20,6;86;84;85;107;3,1;1,7;
2007-02-13;03:00;0;967,1;967,2;966,9;-9999;23,2;20,6;23,6;23,1;20,8;20,6;86;84;86;111;3,1;1,4;
2007-02-13;04:00;0;967;967,2;967;-9999;22,1;20,4;23,2;22;20,7;20,4;90;86;90;100;2,3;,5;
2007-02-13;05:00;0;966,4;967;966,4;-9999;21,7;20;22,1;21,6;20,4;19,9;92;89;90;113;2,2;1;
2007-02-13;06:00;0;966,4;966,4;966,2;-9999;21;19,6;21,7;20,9;20;19,6;93;90;92;166;1,8;0;
2007-02-13;07:00;0;966;966,4;966;-9999;20,9;19,3;21,1;19,8;19,8;18,7;96;90;90;115;3,6;1;
2007-02-13;08:00;0;966;966,1;966;-9999;20,6;19,1;21,3;20,5;19,4;19;92;88;91;128;3,6;,7;
2007-02-13;09:00;0;966,2;966,2;965,9;-9999;20,2;18,7;20,7;20;19,2;18,7;93;90;91;130;2,5;,8;
2007-02-13;10:00;0;966,8;966,8;966,2;49,1;21,1;18,7;21,1;20,2;18,9;18,6;92;86;86;115;3;1,5;
2007-02-13;11:00;0;967,5;967,5;966,8;669,8;22;19,3;22;21,1;19,3;18,6;87;84;85;99;4,3;2,5;
2007-02-13;12:00;0;967,8;967,9;967,5;1558;23,2;19;23,2;21,9;19,6;18,7;85;78;78;86;7;3,9;
2007-02-13;13:00;0;967,8;967,9;967,7;2410,8;24,3;18,6;24,4;23,1;19,7;18,6;80;70;70;78;7,6;4;
2007-02-13;14:00;0;967,7;967,8;967,6;3106,3;25,9;19,6;26,1;24,2;20;18,2;73;65;68;75;7,7;3,1;
2007-02-13;15:00;0;967;967,7;966,9;3470;27,8;19,5;27,8;25,9;20,2;18,3;69;59;61;61;6,8;2,7;
2007-02-13;16:00;0;966,3;967;966,3;3913,9;28,6;18,7;28,6;27,2;19,8;17,8;62;53;55;54;6,8;2,1;
2007-02-13;17:00;0;965,4;966,3;965,4;3996,6;29,3;17,8;30;28,3;19,7;17,1;57;48;50;63;6,1;1,8;
2007-02-13;18:00;0;964,6;965,4;964,6;2783,1;30,3;15,8;30,3;28,6;18,7;15,8;55;42;42;61;4,5;2,2;
2007-02-13;19:00;0;963,7;964,6;963,7;2512,7;29,5;16,4;31,1;29,4;17,7;14,4;48;38;45;100;5,7;1,6;
2007-02-13;20:00;0;962,8;963,7;962,8;1481;30,1;16,2;30,4;28,9;17,4;15,1;49;40;43;54;4,9;2,1;
2007-02-13;21:00;0;962,9;962,9;962,8;1153,4;29,2;16,4;30,6;29,1;16,5;14,4;46;38;46;121;5,3;3;
2007-02-13;22:00;0;963,3;963,3;962,9;429,6;27,8;17,7;29,4;27,8;18;16,2;54;45;54;121;6,2;3;
2007-02-13;23:00;0;963,7;963,8;963,3;8,3;26;18,3;27,8;25,9;18,4;17,7;63;54;63;115;5,3;2,5;
2007-02-14;00:00;0;964,6;964,6;963,7;-9999;24;18,7;26;23,7;19,1;18,3;75;62;72;105;4,8;1,8;
2007-02-14;01:00;0;965,4;965,4;964,5;-9999;23,2;18,3;24;23,2;18,8;18,2;75;72;74;107;3,5;2;
2007-02-14;02:00;0;965,9;965,9;965,4;-9999;22,4;18,4;23,3;22,1;18,6;18,2;80;73;78;109;3,5;1,7;
2007-02-14;03:00;0;965,7;966;965,7;-9999;21,1;18,1;22,5;21,1;18,4;17,9;83;77;83;61;2,9;,2;
2007-02-14;04:00;0;965,5;965,8;965,5;-9999;20,1;17,8;21,1;19,8;18,4;17,8;89;83;86;98;1,3;0;
2007-02-14;05:00;0;965;965,5;965;-9999;18,8;17,3;20,1;18,8;18;17,3;92;86;91;203;,7;0;
2007-02-14;06:00;0;964,6;965;964,6;-9999;17,7;16,6;18,8;17,3;17,1;16,3;95;90;93;308;1,8;,6;
2007-02-14;07:00;0;964,4;964,7;964,3;-9999;17,4;16;18,5;17,4;17,6;16;95;91;92;248;1,5;,2;
2007-02-14;08:00;0;964,2;964,4;964,1;-9999;16,8;15,8;18,2;16,5;16,4;15,5;95;89;94;273;3,1;1,6;
2007-02-14;09:00;0;964,4;964,5;964,2;-9999;16,3;15,5;17,1;16,1;16,1;15,3;96;93;95;274;3,4;,7;
2007-02-14;10:00;0;965,3;965,3;964,4;53,6;16,8;15,7;16,8;15,7;15,7;14,8;96;93;93;270;2,7;2;
2007-02-14;11:00;0;966;966;965,3;650;21,1;16,8;21,2;16,8;18,2;15,8;93;76;76;220;2,7;,4;
2007-02-14;12:00;0;966,6;966,6;966;1586,5;23,4;17,4;23,6;21,1;18,1;16,4;78;65;69;114;2,9;1,5;
2007-02-14;13:00;0;966,9;966,9;966,6;2402,6;25,2;17,8;25,4;23,4;18,6;16,8;72;60;63;80;5,9;3,2;
2007-02-14;14:00;0;966,6;967;966,6;3082;26,4;18,2;26,6;25;19,1;17,4;67;59;61;95;6,3;3;
2007-02-14;15:00;0;966,2;966,6;966,2;3550,7;27,9;17,6;28;26,4;18,6;16,5;62;51;54;113;6;2,5;
2007-02-14;16:00;0;965,5;966,2;965,5;3878,6;29,1;17,2;29,2;27,7;18,4;15,7;55;45;49;43;6,1;2,1;
2007-02-14;17:00;0;964,4;965,5;964,3;3849,7;29,2;15,7;30,3;28,3;17,8;14,9;51;41;44;92;7,7;2,8;
2007-02-14;18:00;0;963,4;964,4;963,4;3471,4;29,9;16,2;30,2;28,9;17,8;15,2;48;40;44;126;7,7;2,6;
2007-02-14;19:00;0;962,8;963,4;962,8;2972,7;30;15,3;31;29,6;18,4;14,6;48;38;41;127;6,3;2,4;
2007-02-14;20:00;0;962,3;962,8;962,3;2177;29,8;14,9;30,8;29,5;16,8;14,3;45;37;41;131;5,5;2,6;
2007-02-14;21:00;0;962,3;962,4;962,2;1393,5;29,2;14,7;29,9;29,1;15,7;14,1;43;39;41;125;6,3;2,7;
2007-02-14;22:00;0;962,5;962,5;962,3;422,1;28;14,3;29,3;28;14,8;13,5;44;39;43;120;5,1;1,9;
2007-02-14;23:00;0;963;963;962,4;7,2;25;16,8;28;24,9;17,2;14,1;62;43;60;197;4,3;0;
2007-02-15;00:00;0;963,9;963,9;963;-9999;21,4;18,1;25,1;21,4;18,7;17,2;82;60;82;197;,7;0;
2007-02-15;01:00;0;964,8;964,8;963,9;-9999;20,4;18,1;21,4;20,3;18,2;17,9;88;81;86;186;,5;0;
2007-02-15;02:00;0;965,2;965,2;964,8;-9999;20,8;18,2;20,8;20,1;18,4;17,9;89;85;85;167;1,1;0;
2007-02-15;03:00;0;964,8;965,2;964,8;-9999;20,7;17,8;21,3;20,3;18,4;17,8;88;82;83;99;1,6;,7;
2007-02-15;04:00;0;964,4;964,8;964,4;-9999;21,7;17,6;22,2;20,8;18;17,6;84;76;78;121;2,6;,4;
2007-02-15;05:00;0;963,9;964,4;963,9;-9999;18,9;17,1;21,7;18,9;17,9;17,1;89;78;89;290;2;1,1;
2007-02-15;06:00;0;963,1;964;963,1;-9999;17,8;16,6;19;17,8;17,5;16,6;93;89;93;278;2,3;,9;
2007-02-15;07:00;0;962,8;963,2;962,7;-9999;17,8;16,7;18,7;17,6;17,4;16,5;94;91;93;267;2,6;,3;
2007-02-15;08:00;0;962,7;963,1;962,7;-9999;17,2;16,4;17,8;17,2;16,8;16,3;95;93;95;320;2,3;0;
2007-02-15;09:00;0;962,8;962,9;962,7;-9999;17;16,1;17,2;16,8;16,3;15,9;95;94;95;261;1,8;0;
2007-02-15;10:00;0;963,5;963,5;962,8;47,2;17,7;16,7;17,7;16,8;16,7;16;96;94;94;260;2,2;1,3;
2007-02-15;11:00;0;964,3;964,3;963,5;619,7;21,4;19;21,4;17,7;19;16,7;94;85;86;263;2,7;,3;
2007-02-15;12:00;0;964,9;964,9;964,3;1496,2;23,8;18;24,1;21,5;19,2;17,5;87;67;70;58;3,2;1,5;
2007-02-15;13:00;0;964,9;965;964,8;1932,3;26,3;19,9;26,3;23,8;19,9;17,5;71;63;68;98;3,9;2,3;
2007-02-15;14:00;0;965,1;965,1;964,8;2916,4;27,8;19,3;27,8;25,9;20,4;18,3;67;59;60;66;7,1;3,7;
2007-02-15;15:00;0;964,5;965,1;964,5;3227,6;29,4;19,8;29,6;27,8;20;18,6;60;53;56;48;7,4;3,6;
2007-02-15;16:00;0;963,7;964,5;963,7;3520,6;30,2;18,3;31;29;19,7;16,9;57;45;49;4;6,7;1,7;
2007-02-15;17:00;0;963,1;963,7;963,1;2362,1;30,4;17,8;31;29,8;19,1;16,9;51;44;47;46;5;1,7;
2007-02-15;18:00;0;962,4;963,2;962,4;2871,6;31,9;18,3;32;30,3;19,3;16,6;49;42;44;322;5,2;1,9;
2007-02-15;19:00;0;961,7;962,4;961,7;2570;32,2;17,8;32,4;30,9;18,3;15,3;47;37;42;327;4,5;1,3;
2007-02-15;20:00;0;961,3;961,7;961,3;1558,2;30,9;19;32,3;30,8;19;15,9;49;38;49;341;4,2;,7;
2007-02-15;21:00;0;961,5;961,5;961,3;461;30,1;18,9;31;29,9;20,2;16,5;56;42;51;5;1,8;,1;
2007-02-15;22:00;0;961,7;961,7;961,5;328,6;28,8;19,7;30,1;28,8;19,8;17,8;58;48;58;82;3,6;0;
2007-02-15;23:00;0;962;962;961,7;4,2;25,4;20,4;28,8;25,4;21,6;19,4;78;57;74;323;1,3;0;
2007-02-16;00:00;0;962,7;962,7;962;-9999;23,3;20,2;25,4;23,3;20,8;20,1;84;74;83;273;1,2;,7;
2007-02-16;01:00;0;963,5;963,5;962,7;-9999;22,7;20,1;23,3;22,4;20,3;19,9;88;81;85;244;2,2;,1;
2007-02-16;02:00;0;964;964;963,5;-9999;23,2;21,1;23,2;22,5;21,3;20,1;89;85;88;338;2,1;0;
2007-02-16;03:00;0;963,7;964;963,7;-9999;23,7;21;23,7;22,9;21,6;20,8;91;84;85;333;2,3;,4;
2007-02-16;04:00;0;963,4;963,7;963,4;-9999;23,4;20,8;24;23;21;20,6;87;82;85;330;3,1;,7;
2007-02-16;05:00;0;963;963,4;963;-9999;22,9;21;23,6;22,9;21;20,7;89;84;89;256;3,1;0;
2007-02-16;06:00;0;962,6;963;962,6;-9999;22,4;21;22,9;22,4;21,2;20,9;93;89;92;65;,6;0;
2007-02-16;07:00;0;962,5;962,6;962,3;-9999;21,8;20,6;22,5;21,8;21;20,6;93;91;93;307;1;,4;
2007-02-16;08:00;0;962,5;962,5;962,3;-9999;21,4;20,5;21,9;21,4;20,6;20,1;94;92;94;267;1,3;,2;
2007-02-16;09:00;0;962,8;962,8;962,4;-9999;21,8;20,8;22;21,4;20,9;20,4;95;92;94;334;,8;0;
2007-02-16;10:00;0;963,3;963,3;962,8;21,2;22,6;21,2;22,6;21,8;21,4;20,8;95;92;92;188;,6;,1;
2007-02-16;11:00;0;963,8;963,9;963,3;322;24,3;22,5;24,3;22,6;22,5;21,3;93;88;89;333;2,1;,4;
2007-02-16;12:00;0;964,6;964,6;963,8;589,6;25;22,8;25;24,3;22,9;22,3;89;88;88;333;5,5;1,9;
2007-02-16;13:00;0;965;965;964,6;987,9;26,4;22,8;26,5;25;23,2;22,6;88;80;80;320;5,8;1,8;
2007-02-16;14:00;0;964,9;965,1;964,9;1248,9;27,5;22,8;27,6;26,2;23,2;22,4;81;75;75;315;5,7;2,4;
2007-02-16;15:00;0;964,1;964,9;964,1;2505,8;29,1;23;29,2;27,3;23,3;22,3;77;68;70;344;5;2,2;
2007-02-16;16:00;0;962,8;964,1;962,8;3162,6;30,1;22,5;30,9;28,8;23,5;21,9;70;59;64;334;5,9;1,8;
2007-02-16;17:00;6;962;962,8;961,9;1272,5;23;21,7;30,9;23;24,1;21,2;92;62;92;248;12;5,7;
2007-02-16;18:00;21,4;962,2;962,5;961,8;351,3;23,3;22,7;24,4;23;23,7;22,1;97;92;97;238;12;1,2;
2007-02-16;19:00;0;961,5;962,3;961,5;734,2;25,5;24,5;25,5;23,3;24,5;22,6;97;92;94;100;3;1,1;
2007-02-16;20:00;0;960,4;961,5;960,4;927,4;27;24;27;25,5;24,9;23,5;94;82;84;257;2,8;,7;
2007-02-16;21:00;0;960,7;960,7;960,3;587,1;27,7;22,9;27,7;27;24,3;22,9;85;75;75;9;2,8;,7;
2007-02-16;22:00;0;961,1;961,1;960,7;187,4;26,2;23,6;27,7;26,2;24,4;22,4;88;73;86;104;2,8;,6;
2007-02-16;23:00;0;961,8;961,8;961,1;2;25,2;23,9;26,2;25,1;24,1;23,4;93;85;93;84;1,7;0;
2007-02-17;00:00;,2;962,4;962,4;961,8;-9999;24,5;22,3;25,3;24,5;24;21,7;94;83;88;212;4,2;,6;
2007-02-17;01:00;,4;963,2;963,2;962,4;-9999;23,9;23;24,5;23,6;23;22;95;86;95;112;1,5;0;
2007-02-17;02:00;0;963,9;963,9;963,2;-9999;23,8;23;24;23,7;23,3;22,6;96;93;95;349;1,3;,1;
2007-02-17;03:00;,2;963,6;964;963,6;-9999;23,8;23,1;24;23,8;23,3;22,9;96;95;96;349;,8;,1;
2007-02-17;04:00;0;963,3;963,6;963,3;-9999;23,6;22,8;23,9;23,6;23,1;22,8;96;95;95;325;1,1;0;
2007-02-17;05:00;0;962,8;963,3;962,8;-9999;23,5;22,6;23,6;23,4;22,8;22,6;95;95;95;333;1,3;,2;
2007-02-17;06:00;0;962;962,8;962;-9999;23,4;22,4;23,6;23,4;22,6;22,4;95;94;95;23;2,2;,9;
2007-02-17;07:00;0;962;962;961,6;-9999;23,3;22,1;23,5;23,2;22,5;22,1;95;93;93;347;3,2;1,4;
2007-02-17;08:00;0;962,2;962,2;961,9;-9999;22,9;21,9;23,3;22,9;22,2;21,9;94;93;94;332;3;,8;
2007-02-17;09:00;0;962,7;962,8;962,2;-9999;22,4;21,6;23;22,4;22;21,6;96;93;96;339;3,7;,2;
2007-02-17;10:00;0;963,3;963,3;962,7;25,4;22,9;21,5;22,9;22,4;21,8;21,5;96;92;92;103;2,9;,1;
2007-02-17;11:00;0;964;964;963,3;349,9;23,5;21,7;23,5;22,9;21,8;21,4;92;89;89;338;2,3;,7;
2007-02-17;12:00;0;964,6;964,6;964;899,8;25,2;22,1;25,3;23,5;22,5;21,5;91;82;83;344;4,6;1,8;
2007-02-17;13:00;0;965,1;965,1;964,5;2322,9;27,8;22,8;27,9;25,2;23,2;21,7;85;73;74;344;6,7;2,5;
2007-02-17;14:00;0;965,4;965,5;965,1;2206,7;28,5;22,5;29;27,4;23,5;22,2;77;69;70;338;7,6;2,9;
2007-02-17;15:00;0;965,5;965,6;965,4;1256,9;28;22,6;28,5;27,5;23;22;76;70;72;344;8,1;2,9;
2007-02-17;16:00;0;964,7;965,5;964,7;2601,3;30;22,8;30;28;23,8;22,4;73;64;65;336;9,5;3,7;
2007-02-17;17:00;0;962,7;964,7;962,7;3342,8;30,5;21,5;31,3;29,7;23,5;21,5;67;57;59;325;11;4,7;
2007-02-17;18:00;0;961,6;962,7;961,6;2534,5;30,8;21,2;31,7;29,6;22,7;20,5;65;53;57;328;12,6;4;
2007-02-17;19:00;,2;962,1;962,4;961,5;1052,3;23,9;21,7;31,7;23,5;22,1;20,3;88;55;88;261;20,5;4,6;
2007-02-17;20:00;0;961,8;962,2;961,6;768,9;26,2;22,4;27;23,9;22,8;21,5;88;75;80;292;7,4;3,9;
2007-02-17;21:00;0;961,9;962;961,7;704,9;28,2;22,2;28,2;26;22,6;21,9;81;70;70;286;9,7;5,1;
2007-02-17;22:00;0;962,4;962,6;961,9;311,7;24,5;21,9;28,2;24,5;22,6;21,7;86;70;86;307;8,4;3,1;
2007-02-17;23:00;0;963,4;963,4;962,4;,2;23,2;21,2;24,5;23,2;22,1;21,2;89;84;89;316;8,6;1,2;
2007-02-18;00:00;,6;964,2;964,2;963,5;-9999;22,6;21,3;23,2;22,6;21,5;21,1;92;89;92;29;3,8;1,5;
2007-02-18;01:00;0;964,9;964,9;964,2;-9999;22,5;21,3;22,6;22,4;21,4;21,1;94;92;93;310;3;,4;
2007-02-18;02:00;0;965,2;965,3;964,9;-9999;22,3;21,3;22,6;22,3;21,5;21,2;94;93;94;349;1,6;,2;
2007-02-18;03:00;0;965,4;965,5;965,2;-9999;22,4;21,4;22,7;22,3;21,5;21,3;95;93;94;345;1,2;,1;
2007-02-18;04:00;0;964,7;965,4;964,7;-9999;22,5;21,5;22,5;22,4;21,7;21,4;95;94;95;90;,8;0;
2007-02-18;05:00;0;964,2;964,7;964,2;-9999;22,3;21,4;22,5;22,3;21,6;21,4;95;94;94;284;1,6;,5;
2007-02-18;06:00;0;963,5;964,2;963,5;-9999;22,4;21,5;22,6;22,1;21,6;21,3;96;94;94;227;2,5;1,4;
2007-02-18;07:00;0;964;964;963,5;-9999;22,8;21,8;22,8;22,4;21,9;21,5;95;93;95;307;2,5;1;
2007-02-18;08:00;0;964;964,1;963,9;-9999;22,6;21,8;22,9;22,6;21,9;21,8;95;94;95;295;1,5;,1;
2007-02-18;09:00;0;963,7;964;963,6;-9999;22,9;22;22,9;22,5;22,1;21,8;96;95;95;86;1,3;,1;
2007-02-18;10:00;0;964,4;964,4;963,5;12,3;22,8;22;22,9;22,5;22;21,8;96;95;95;31;2,2;1,3;
2007-02-18;11:00;0;965,1;965,1;964,4;298;23,7;22,3;23,7;22,8;22,4;22;95;92;92;32;2,7;1,3;
2007-02-18;12:00;0;965,7;965,7;965,1;758,1;24,4;22,5;24,6;23,7;22,8;22,3;92;88;89;10;4,2;1,7;
2007-02-18;13:00;0;965,7;965,9;965,7;663;25,5;22,9;25,5;24,3;23;22,3;90;85;85;341;5,6;2,4;
2007-02-18;14:00;0;965,5;965,7;965,4;2057;26,6;22,2;27,7;25,5;23,9;21,9;86;73;77;344;8,8;3,2;
2007-02-18;15:00;0;965,4;965,6;965,3;2225,8;26,3;22,2;28,2;26,3;23,6;22;79;73;78;332;8,6;3,3;
2007-02-18;16:00;0;965,5;965,5;965,1;1948;25,4;21,6;27,6;25,4;22,7;21,5;80;72;80;317;11,9;4,9;
2007-02-18;17:00;0;964,3;965,5;964,3;1352,2;26,3;21,7;26,5;25,3;22,2;21,4;81;74;76;314;10,6;5,5;
2007-02-18;18:00;0;963,6;964,3;963,6;2796,4;27,7;21,7;29;26,3;22,2;21,2;76;64;70;314;12;4,3;
2007-02-18;19:00;0;962,7;963,6;962,7;2128,7;28,1;21;28,8;27;22,4;20,9;73;63;66;324;10,3;4,3;
2007-02-18;20:00;0;962,8;962,9;962,5;1326,9;26,3;20,9;28,2;26,3;21,7;20,8;72;65;72;327;9,7;4,1;
2007-02-18;21:00;0;962,8;962,9;962,7;681,3;25,4;21,4;26,3;25,3;21,5;20,7;79;72;79;328;9,1;2;
2007-02-18;22:00;0;962,8;962,9;962,7;362,1;25;21,2;25,7;25;21,5;20,8;80;75;79;311;6,9;2,7;
2007-02-18;23:00;0;963,7;963,8;962,8;10,4;23,9;21,5;25;23,9;21,6;21,2;87;80;87;319;5,1;,7;
2007-02-19;00:00;0;964,5;964,5;963,6;-9999;22,8;21,3;23,9;22,8;21,5;21,3;91;87;91;268;2,9;1,6;
2007-02-19;01:00;0;965,2;965,2;964,5;-9999;21,5;19,7;23,3;21,5;21,6;19,7;92;87;90;172;8,8;3,7;
2007-02-19;02:00;0;965,5;965,5;965,2;-9999;21,3;19,8;21,5;21,2;19,9;19,6;92;90;91;183;7,8;1,9;
2007-02-19;03:00;0;965,6;965,6;965,5;-9999;21;19,7;21,3;21;19,8;19,6;92;91;92;162;5,2;1,5;
2007-02-19;04:00;0;965,1;965,6;965,1;-9999;21,1;20;21,1;20,9;20,1;19,7;95;92;93;170;3,5;,7;
2007-02-19;05:00;0;964,6;965,1;964,6;-9999;21,4;20,2;21,4;21,1;20,2;19,9;94;92;92;162;3,8;1,3;
2007-02-19;06:00;0;964;964,6;964;-9999;21,3;20,1;21,4;21,3;20,2;20;93;92;93;189;2,9;1,1;
2007-02-19;07:00;0;963,7;964;963,7;-9999;21,2;20,2;21,4;21,2;20,3;20,1;94;93;94;183;2,4;1,3;
2007-02-19;08:00;0;963,8;963,8;963,7;-9999;21;20,2;21,2;21;20,3;20,1;95;94;95;202;2,4;1,2;
2007-02-19;09:00;0;964;964;963,8;-9999;21,1;20,4;21,2;21;20,6;20,2;96;95;96;185;2,9;,6;
2007-02-19;10:00;0;964,7;964,7;964;6,3;21,1;20,4;21,2;21,1;20,5;20,3;96;95;96;188;3,1;1,2;
2007-02-19;11:00;0;965,2;965,2;964,7;87,3;21,3;20,5;21,3;20,8;20,5;20,2;97;95;95;178;3,1;,7;
2007-02-19;12:00;0;965,6;965,6;965,2;177,7;21,4;20,7;21,6;21,1;20,8;20,3;96;95;96;177;2;,8;
2007-02-19;13:00;0;966,1;966,1;965,6;321,6;22;20,9;22;21,4;21,1;20,7;96;93;93;150;2,6;1,3;
2007-02-19;14:00;,2;966,2;966,3;966,1;538,8;22,4;21,3;22,7;22;21,4;20,6;94;90;94;239;2,5;1,3;
2007-02-19;15:00;1,8;965,9;966,3;965,9;836,4;24;21,8;24;22,1;21,9;21,1;96;85;88;78;2,4;,9;
2007-02-19;16:00;0;965,3;966;965,3;1910,7;25,3;22;25,3;23,7;22,2;20,6;88;79;82;325;3;,7;
2007-02-19;17:00;0;964,3;965,3;964,3;2025,2;26;20,8;26,4;25;21,8;20,6;82;71;73;85;3,9;1,3;
2007-02-19;18:00;0;963,6;964,3;963,6;1677,9;26;22,6;26,6;24,6;22,8;20,4;87;71;82;292;7,1;4,4;
2007-02-19;19:00;0;962,6;963,6;962,6;2851,4;26,9;21,9;27,2;25,7;22,7;21,3;82;74;74;289;7,1;4,2;
2007-02-19;20:00;0;962,3;962,6;962,3;1445,2;25,9;21,5;27;25,7;22,3;21,3;78;73;77;259;7,1;4,1;
2007-02-19;21:00;0;962,2;962,4;962,1;1243,8;26,2;21,2;26,7;25,8;22;21;78;72;74;272;7,1;3,5;
2007-02-19;22:00;0;962,9;962,9;962,2;548,1;24,7;21,4;26,3;24,7;21,6;21,1;82;73;82;274;5,8;2,7;
2007-02-19;23:00;0;963,7;963,7;962,9;35,6;23;21,1;24,7;23;21,3;21;89;82;89;272;4,9;2,1;
2007-02-20;00:00;0;964,5;964,5;963,7;-9999;22,4;20,7;23;22,4;21,1;20,7;90;89;90;274;3,9;2;
2007-02-20;01:00;0;965;965;964,4;-9999;22;20,7;22,5;22;20,8;20,6;92;90;92;274;3,8;1,7;
2007-02-20;02:00;0;965,4;965,4;965;-9999;22,1;20,4;22,4;22;20,7;20,4;92;89;90;262;3,9;2,7;
2007-02-20;03:00;0;965,3;965,6;965,3;-9999;21,9;20,7;22,1;21,9;20,7;20,5;93;90;93;268;3,9;1,6;
2007-02-20;04:00;0;964,7;965,3;964,7;-9999;21,9;20,7;21,9;21,8;20,8;20,6;94;92;93;254;2,7;1,1;
2007-02-20;05:00;0;964,3;964,7;964,3;-9999;22;20,8;22;21,8;20,8;20,7;94;92;93;232;2,6;,9;
2007-02-20;06:00;0;963,5;964,3;963,5;-9999;21,8;20,5;22,1;21,7;20,8;20,5;93;92;93;239;2,8;1,5;
2007-02-20;07:00;0;963,8;963,9;963,5;-9999;21,7;20,6;21,8;21,7;20,7;20,5;94;93;93;228;3,7;1,2;
2007-02-20;08:00;0;963,9;963,9;963,8;-9999;21,6;20,8;21,8;21,6;20,8;20,6;95;93;95;239;3,5;1,1;
2007-02-20;09:00;,2;964,3;964,3;963,8;-9999;21,7;20,9;21,7;21,6;21;20,7;96;95;95;233;2,4;,5;
2007-02-20;10:00;0;964,9;964,9;964,3;15,3;21,7;21,1;21,7;21,6;21,1;20,8;96;95;96;284;1,5;,3;
2007-02-20;11:00;0;965,6;965,6;964,9;160,3;22,1;21,2;22,1;21,7;21,2;21;96;94;94;287;2;1,3;
2007-02-20;12:00;0;966,1;966,1;965,6;514,9;23,1;21,2;23,1;22,1;21,4;21,1;95;89;89;277;2,2;1,1;
2007-02-20;13:00;0;966,6;966,7;966,1;1120,3;24,3;21,2;24,5;23,1;21,8;21,1;90;82;83;82;2,1;,5;
2007-02-20;14:00;0;966,5;966,7;966,5;1927,6;25,9;21,4;26;24,3;21,7;20,6;85;73;77;31;2,7;1,2;
2007-02-20;15:00;0;966,3;966,6;966,3;2709,7;26,5;20,6;27,4;25,9;21,7;19,8;77;66;70;4;3,5;1,7;
2007-02-20;16:00;0;965,7;966,3;965,7;1786,5;27,4;20,2;27,8;26,3;21,6;20;72;65;65;323;4;1;
2007-02-20;17:00;,8;964,8;965,7;964,8;1476,6;25,9;21,6;27,4;24,8;22,5;20,2;84;65;77;84;3,6;1,3;
2007-02-20;18:00;0;963,5;964,8;963,5;2427,8;27,6;20,9;28,3;25,5;23,4;20,6;84;65;67;230;3,1;,8;
2007-02-20;19:00;0;962,5;963,5;962,5;1942,2;28,9;21,2;29;27,4;22,3;20,5;73;61;63;258;5,6;2,4;
2007-02-20;20:00;,4;962,4;962,5;962,4;1192,5;26,9;22,3;29,4;26,4;22,6;20,4;79;60;76;203;6,2;1,7;
2007-02-20;21:00;10,6;962,9;962,9;962,3;348,7;23,7;23;27,5;23,5;23,1;21,8;97;73;96;219;6,8;1,6;
2007-02-20;22:00;,8;963,5;963,5;962,8;119,5;23,9;23,1;23,9;23,1;23,2;22;97;93;95;256;6,5;,8;
2007-02-20;23:00;18;964,5;964,5;963,5;1,9;23,2;22,6;23,9;23,1;23;22,4;96;95;96;119;3,8;,7;
2007-02-21;00:00;5,4;965,4;965,4;964,5;-9999;23,3;22,7;23,4;23,2;22,7;22,5;97;95;97;113;3,5;1,5;
2007-02-21;01:00;5,6;965,8;965,8;965,4;-9999;22,8;22,1;23,3;22,8;22,8;22,1;97;96;96;155;3,1;1,3;
2007-02-21;02:00;1;966,5;966,6;965,8;-9999;22,3;21,5;22,8;22,3;22,1;21,4;96;94;95;109;6,8;3,5;
2007-02-21;03:00;0;966,1;966,5;966,1;,2;22;21,3;22,3;21,9;21,5;21,2;96;95;96;97;6,8;1,8;
2007-02-21;04:00;0;965,6;966,1;965,6;-9999;21,8;21,2;22;21,7;21,3;21,1;96;96;96;98;3,3;,7;
2007-02-21;05:00;,4;965,3;965,6;965,3;-9999;21,9;21,3;21,9;21,7;21,4;21,1;97;96;97;179;1,5;,4;
2007-02-21;06:00;,2;964,6;965,3;964,6;-9999;21,7;21,1;21,9;21,7;21,3;21,1;97;96;96;113;1,5;,5;
2007-02-21;07:00;,2;964,6;964,6;964,5;-9999;21,6;21;21,8;21,6;21,2;21;97;96;96;114;2,1;1,4;
2007-02-21;08:00;0;964,7;964,7;964,6;-9999;21,5;21;21,7;21,5;21,1;21;97;96;97;93;4;2,4;
2007-02-21;09:00;,4;965;965;964,7;-9999;21,5;21,1;21,5;21,4;21,1;21;98;97;98;95;4,2;1,9;
2007-02-21;10:00;,4;965,2;965,2;965;8,8;21,7;21,2;21,7;21,5;21,2;21,1;98;97;97;62;3,7;2,2;
2007-02-21;11:00;,2;965,9;965,9;965,2;107,9;21,9;21,3;21,9;21,7;21,3;21,1;97;96;96;61;4,6;1,9;
2007-02-21;12:00;0;966,6;966,6;965,9;537,1;23;21,5;23;21,9;22;21,3;96;91;91;57;3,3;2;
2007-02-21;13:00;0;966,9;966,9;966,6;1129,9;24,3;22;24,3;22,9;22,2;21,5;93;85;87;78;4;1,6;
2007-02-21;14:00;0;967,1;967,1;966,8;2177,6;26,3;21,8;26,4;24,3;23,2;21,6;88;76;76;73;3,4;1,1;
2007-02-21;15:00;0;966,8;967,1;966,8;2400,4;28,1;23,2;28,1;26;23,2;21,5;82;71;75;61;5,4;2,7;
2007-02-21;16:00;0;965,8;966,8;965,8;2672,8;28;21,8;28,5;27,4;23;21,6;75;68;69;61;6,3;3,3;
2007-02-21;17:00;0;964,6;965,8;964,6;3393,4;29,1;21,5;30,2;28;22,8;20,7;72;59;64;79;6,3;2,7;
2007-02-21;18:00;2,2;964,7;965,1;964,5;762,4;24;22,6;29,4;23,6;23;21;92;61;92;85;10;2,3;
2007-02-21;19:00;1;963,8;964,8;963,6;461,8;23,6;21,6;24,3;23,4;22,9;21,3;92;86;89;29;4,6;,7;
2007-02-21;20:00;0;963,5;963,8;963,5;643,6;24,5;22,2;24,5;23,6;22,2;21,2;91;84;87;21;3,1;,4;
2007-02-21;21:00;0;963,6;964;963,4;444,8;24,6;22,7;25,1;24,5;22,9;21,9;89;84;89;95;3,9;2,2;
2007-02-21;22:00;0;964,9;964,9;963,4;122,6;24,6;23,3;24,8;24,5;23,4;22,6;93;88;92;325;3,9;0;
2007-02-21;23:00;,2;965,5;965,5;964,9;-9999;24,1;23,2;24,6;24,1;23,5;23;95;92;95;206;1,5;,9;
2007-02-22;00:00;0;966,3;966,3;965,5;-9999;23,7;22,9;24,1;23,7;23,1;22,7;95;92;95;146;2,2;,1;
2007-02-22;01:00;0;967,1;967,1;966,3;-9999;23,3;22,3;23,7;23,2;22,9;22,2;96;94;94;86;3,2;1,2;
2007-02-22;02:00;0;967,5;967,5;967;-9999;23,2;22,2;23,3;23;22,2;21,8;94;92;94;158;2,3;,3;
2007-02-22;03:00;17,8;968,8;969;967,5;-9999;21,2;20,8;23,2;21,2;22,2;20,7;97;92;97;48;9,6;5,4;
2007-02-22;04:00;5;968,7;968,9;968,6;-9999;21,4;20,8;21,5;21,2;21;20,8;97;96;96;77;9,5;1,3;
2007-02-22;05:00;2,4;968,1;968,7;968,1;-9999;21,2;20,7;21,4;21,2;20,8;20,7;97;96;97;66;2,9;,3;
2007-02-22;06:00;,4;967,5;968,1;967,5;-9999;21,3;20,9;21,3;21,1;20,9;20,6;97;97;97;180;1,5;,1;
2007-02-22;07:00;0;967,3;967,5;967,2;-9999;21,3;20,9;21,4;21,2;20,9;20,8;97;97;97;1;,8;0;
2007-02-22;08:00;0;968;968,3;967,3;-9999;21,4;20,9;21,4;21,3;21;20,8;98;97;97;105;5,2;2,2;
2007-02-22;09:00;,2;968,5;968,5;968;-9999;21,6;21;21,6;21,3;21,1;20,8;97;96;96;98;3,5;1,5;
2007-02-22;10:00;0;969;969;968,5;40,6;22;21,3;22;21,6;21,3;21;96;96;96;114;2,6;,7;
2007-02-22;11:00;0;969,4;969,4;969;667,5;23,6;22,2;23,6;22;22,2;21,3;96;90;92;79;3,3;1,9;
2007-02-22;12:00;0;969,7;969,7;969,4;1899,9;25,6;22,7;25,8;23,7;23,1;21,9;92;82;84;63;5,9;3;
2007-02-22;13:00;0;969,7;969,9;969,6;2325,1;27,3;22,4;27,5;25,5;23,4;22,1;85;74;75;59;6,8;4,3;
2007-02-22;14:00;0;969,9;970;969,7;2879,5;28,1;23,4;28,3;27,3;23,4;21,7;77;70;75;61;7,6;4,1;
2007-02-22;15:00;0;969,7;969,9;969,6;3274;30,2;21,7;30,4;27,9;23,4;21;76;60;60;38;8,4;4,5;
2007-02-22;16:00;0;969,1;969,7;969,1;3058,1;30,5;21,8;30,7;29,4;22,3;20,9;65;57;60;38;9,6;4,2;
2007-02-22;17:00;0;968,3;969,1;968,3;3242,8;31;21,9;31,8;30;22,7;20,4;62;54;58;24;8,4;2,8;
2007-02-22;18:00;0;967,4;968,3;967,4;2085,3;31;22,3;31,8;30;22,8;20,4;62;53;60;57;8,4;3,8;
2007-02-22;19:00;0;966,6;967,4;966,6;947,3;29,9;21,7;31,1;29,6;22,1;20,8;62;56;61;38;6,7;2,7;
2007-02-22;20:00;0;966,1;966,6;966,1;1032,2;29,9;21,8;30,9;29,6;22,3;21;62;56;62;24;5,7;2,2;
2007-02-22;21:00;0;966,3;966,3;966,1;871,4;30;21,6;31;29,7;22,2;21;62;56;61;10;4,4;1,1;
2007-02-22;22:00;0;967,1;967,2;966,2;385;26,5;21,9;30,9;26,5;22,5;21,4;76;59;76;72;8,7;4,1;
2007-02-22;23:00;1;968,2;968,2;966,9;12,3;25;23,3;26,6;24,9;23,4;21,9;91;76;90;199;8,7;,9;
2007-02-23;00:00;19,4;969,7;970;967,9;-9999;22,6;21,8;25,1;21,4;23,4;19,6;96;88;96;212;16;2,1;
2007-02-23;01:00;0;970,3;970,3;969,5;-9999;22,6;22;22,8;22,5;22,3;21,8;97;95;96;246;4,2;,7;
2007-02-23;02:00;0;970,4;970,5;970,1;-9999;22,4;21,9;22,7;22,4;22,1;21,8;97;96;97;244;2,3;0;
2007-02-23;03:00;0;970,9;970,9;970;-9999;22,5;22;22,5;22,2;22,1;21,6;97;96;97;111;2,5;1;
2007-02-23;04:00;,2;970,8;971,7;970,7;-9999;22,6;21,6;22,9;22,5;22,1;21,6;97;94;94;98;6,6;4,3;
2007-02-23;05:00;0;970,7;970,8;970,4;-9999;22,2;21,6;22,6;22,2;21,7;21,4;97;94;97;98;6,4;1,1;
2007-02-23;06:00;,2;970,1;970,7;970,1;-9999;22;21;22,2;21,9;21,7;21;97;94;94;81;3,4;2;
2007-02-23;07:00;0;970,1;970,3;969,9;-9999;21,6;20,8;22;21,6;21;20,7;96;93;95;19;3,5;0;
2007-02-23;08:00;0;970,1;970,5;970,1;-9999;21,3;20,5;21,6;21,3;20,8;20,5;96;95;95;329;2,4;,7;
2007-02-23;09:00;0;970,4;970,6;970,1;-9999;21,3;20,7;21,3;21,1;20,7;20,5;96;95;96;331;2,4;0;
2007-02-23;10:00;0;970,8;970,8;970,3;65,4;22,3;21,4;22,3;21,3;21,4;20,8;96;95;95;324;3,1;,7;
2007-02-23;11:00;0;971,6;971,7;970,8;641,4;24,6;22,2;24,6;22,3;22,6;21,4;95;86;87;324;2,8;,5;
2007-02-23;12:00;0;972;972;971,6;1559,4;27,5;22,9;27,5;24,6;23,6;22,2;88;74;76;345;3,7;1,4;
2007-02-23;13:00;0;972,3;972,4;972;2338,2;28,9;21,8;29,2;27,5;23,1;21,4;77;64;65;10;5,8;2,4;
2007-02-23;14:00;0;971,9;972,3;971,9;2990,4;30,3;21,6;30,6;29;22,4;20,8;68;58;60;24;6,7;2,7;
2007-02-23;15:00;0;971,7;972;971,7;3178,8;30,9;20,1;31,1;30,1;22,4;20;62;52;53;7;7,7;2,9;
2007-02-23;16:00;0;971,4;971,7;971,4;2847,5;31,7;21,5;31,7;30,3;22,1;19,7;58;51;55;350;7,8;2,9;
2007-02-23;17:00;0;970,6;971,3;970,6;3189,3;31,5;20,5;32,2;31,2;21,6;19,7;54;49;52;343;7;3;
2007-02-23;18:00;0;969,8;970,6;969,8;2727,6;32;21;33,3;31,5;22,7;19,9;58;48;52;352;8;2,3;
2007-02-23;19:00;0;968,8;969,8;968,8;2549,4;32,7;20,4;33,4;31,7;21,7;19,2;52;45;48;2;6,8;1,7;
2007-02-23;20:00;0;968,2;968,9;968,1;2157,7;32,7;20,6;33,3;32,5;21,9;19,9;52;46;49;307;7,3;4;
2007-02-23;21:00;0;967,9;968,4;967,9;1383,4;31,8;20,7;32,7;31,8;21,4;19,7;53;46;52;309;6,8;2,5;
2007-02-23;22:00;0;967,7;968,1;967,7;388,3;29,8;21,7;31,8;29,8;21,8;20,2;62;51;62;327;5,3;1,1;
2007-02-23;23:00;0;968,3;968,3;967,7;16,4;26,9;22,8;29,8;26,9;22,9;21,5;78;61;78;306;4,1;0;
2007-02-24;00:00;0;969,2;969,2;968,3;-9999;26;22,6;27;26;23,1;22,5;82;77;82;237;1,9;,4;
2007-02-24;01:00;0;969,9;969,9;969,2;-9999;24,3;23;26;24,3;23,3;22,6;92;82;92;282;1,4;,5;
2007-02-24;02:00;0;970,5;970,5;969,9;-9999;24,3;22,8;24,7;24,1;23;22,6;92;89;91;271;1,7;1,3;
2007-02-24;03:00;0;970,7;970,7;970,4;-9999;23,7;22,6;24,5;23,7;22,9;22,5;94;90;94;324;1,7;,7;
2007-02-24;04:00;0;970,5;970,8;970,5;-9999;24,1;22,6;24,5;23,5;22,9;22,4;95;89;91;130;5,5;,1;
2007-02-24;05:00;0;970,4;970,6;970,4;-9999;24,1;22,6;24,2;23,7;22,8;22,4;93;90;91;121;1,7;0;
2007-02-24;06:00;0;970;970,4;969,9;-9999;22,9;21,8;24,1;22,9;22,5;21,8;96;91;94;240;1,3;,4;
2007-02-24;07:00;0;969,9;970;969,8;-9999;22,4;21,5;22,9;22,4;21,9;21,5;96;94;95;271;3,1;1,5;
2007-02-24;08:00;0;970,3;970,3;969,8;-9999;22;21,2;22,5;22;21,7;21,2;96;95;95;271;2,3;,7;
2007-02-24;09:00;0;971,1;971,1;970,3;-9999;22,2;21,2;22,2;21,7;21,4;20,9;96;94;94;276;2;1,2;
2007-02-24;10:00;0;971,5;971,5;971,1;17;22,2;21,4;22,5;22;21,5;21;95;93;95;261;3;2;
2007-02-24;11:00;0;972,4;972,4;971,5;366;24,3;22,5;24,3;22,2;22,5;21,4;95;89;90;57;3,3;,8;
2007-02-24;12:00;0;972,6;972,7;972,4;1262,2;26,2;22,3;26,3;24,3;23,1;22,3;90;79;79;104;3,1;1,4;
2007-02-24;13:00;0;973,6;973,6;972,6;1560,4;27,3;22,8;27,3;26,1;23,2;22,3;82;75;77;119;5;1,9;
2007-02-24;14:00;0;973,4;973,7;973,3;1848,1;27;22,5;27,9;27;23,2;22;78;71;76;92;7,6;3,9;
2007-02-24;15:00;0;971,8;973,4;971,8;2971,3;29,1;22,5;29,4;26,9;23,6;22,2;79;67;68;56;6,6;2,9;
2007-02-24;16:00;0;970,7;971,8;970,7;3372,4;31,5;23,8;31,6;29,1;24,5;22,1;71;62;64;30;6,6;2,5;
2007-02-24;17:00;0;970;970,7;970;3381,6;32,5;22,2;32,5;31,3;24,3;21,6;64;52;55;24;6,8;2,5;
2007-02-24;18:00;0;969,3;970;969,3;2870,2;31,7;22,4;33,1;31,3;23,9;19,9;64;47;58;84;7,2;2,9;
2007-02-24;19:00;0;968,3;969,3;968,2;1783,5;31,5;22,4;32,6;31,5;23,9;21;62;51;59;64;5,6;3,2;
2007-02-24;20:00;0;968,3;968,6;968,2;460,1;29,7;21,1;31,5;28,8;22,6;20,6;64;57;60;263;10,4;3,2;
2007-02-24;21:00;0;968,1;968,5;968,1;276,2;27,3;22,4;29,8;27,3;22,5;20,1;75;57;75;272;6,7;3,3;
2007-02-24;22:00;0;967,6;968,1;967,6;102,7;26,3;22,3;27,3;26,3;22,6;21,8;79;73;79;263;5,5;1,1;
2007-02-24;23:00;0;967,7;967,8;967,5;-9999;24,6;22,2;26,5;24,6;22,5;22,2;86;78;86;266;4,5;2;
2007-02-25;00:00;0;968,1;968,1;967,7;-9999;24;22,3;24,7;23,9;22,3;22,1;90;86;90;257;3,2;,9;
2007-02-25;01:00;0;968,8;968,8;968,1;-9999;23,4;22,1;24,2;23,3;22,4;21,9;93;89;92;248;2;0;
2007-02-25;02:00;0;969,6;969,6;968,8;-9999;23,7;21,8;24,2;23,2;22,3;21,8;93;87;89;227;2;,3;
2007-02-25;03:00;0;969,4;969,8;969,4;-9999;22,5;21,4;23,8;22,4;21,9;21,4;94;88;94;284;1,7;,5;
2007-02-25;04:00;-9999;-9999;-9999;-9999;-9999;-9999;-9999;-9999;-9999;-9999;-9999;-9999;-9999;-9999;-9999;-9999;-9999;
2007-02-25;05:00;0;969,2;969,3;969,1;-9999;21,8;21,1;22,4;21,8;21,6;21;96;94;96;343;1,8;,1;
2007-02-25;06:00;0;968,7;969,2;968,7;-9999;22,3;21,6;22,4;21,8;21,6;21;96;94;95;286;1,6;1,1;
2007-02-25;07:00;0;969;969;968,7;-9999;22,9;21,8;23;22,3;21,8;21,5;95;92;94;325;1,6;0;
2007-02-25;08:00;0;968,8;969;968,7;-9999;22;21,3;23;22;21,8;21,3;95;93;95;286;2,1;1,1;
2007-02-25;09:00;0;969,2;969,2;968,8;-9999;21,7;21;22,4;21,7;21,5;21;96;94;96;324;1,7;,3;
2007-02-25;10:00;0;969,6;969,6;969,2;12,9;21,6;20,9;21,7;21,4;21;20,6;96;95;96;275;2,4;1,6;
2007-02-25;11:00;0;970,3;970,4;969,6;464,2;24,5;21,9;24,5;21,6;22;20,9;96;85;85;267;2,4;,4;
2007-02-25;12:00;0;970,9;970,9;970,3;1437,7;27,6;22,1;27,6;24,6;22,6;21,4;85;71;72;60;1,2;,4;
2007-02-25;13:00;0;970,8;970,9;970,7;2254,6;29,5;22,7;29,6;27,5;23,6;22,1;76;65;67;11;2,6;1,1;
2007-02-25;14:00;0;970,1;970,8;970,1;2988,7;31,7;20,7;31,7;29,5;23,6;19,8;70;50;52;357;3,8;1,4;
2007-02-25;15:00;0;969,4;970,1;969,4;3468,2;32,9;17,6;33,3;31,7;21,6;17,6;55;40;40;18;4,9;1,5;
2007-02-25;16:00;0;968,9;969,4;968,9;3863,2;33,6;17,7;34,2;32,8;20,5;17,2;47;37;39;348;7,3;2,6;
2007-02-25;17:00;0;967,9;968,9;967,9;3936,1;34,6;18,2;35;33,6;20,2;17,4;43;36;38;338;7,3;1,9;
2007-02-25;18:00;0;966,7;968;966,7;2612,4;34,8;18,3;35,1;33,8;19,4;17;42;35;38;327;8,4;3,5;
2007-02-25;19:00;0;966,1;966,7;966;2263,3;32,3;20,4;35,5;32,1;20,5;17;50;34;50;322;8,4;1,4;
2007-02-25;20:00;0;965,4;966,1;965,4;1626,3;34,4;19;35,1;32,3;21,1;18;52;37;40;291;8,3;4,8;
2007-02-25;21:00;0;965,9;965,9;965,3;1155,8;33,8;18,1;34,5;33;18,8;17,2;43;37;39;287;9,1;5,1;
2007-02-25;22:00;0;966,2;966,2;965,7;410,9;30,6;21,1;33,9;30,6;21,1;17,5;57;38;57;281;7,7;1,7;
2007-02-25;23:00;0;966,9;966,9;966,2;9,1;27,7;22,1;30,6;27,7;22,3;21;72;57;72;269;3,2;1,3;
2007-02-26;00:00;0;968,1;968,1;966,9;-9999;26,7;23;28,3;26,7;23;21,6;80;68;80;154;2,7;,1;
2007-02-26;01:00;0;970,4;970,4;968,1;-9999;24,2;21,2;26,9;24,2;23,7;20,9;86;74;83;113;11;5,8;
2007-02-26;02:00;,2;970,7;970,7;970,4;-9999;22,5;21,2;24,2;22,5;21,8;21,1;94;83;92;111;12;5,9;
2007-02-26;03:00;0;969,7;970,7;969,7;-9999;22;20,5;22,5;21,9;21;20,5;93;91;91;87;12;3,3;
2007-02-26;04:00;0;969,1;969,7;969;-9999;21,4;19,9;22;21,4;20,5;19,9;92;91;91;72;5,9;1,8;
2007-02-26;05:00;0;968,3;969,1;968,3;-9999;21;19,7;21,4;21;19,9;19,6;93;91;92;102;3,2;1,1;
2007-02-26;06:00;0;967,1;968,3;967,1;-9999;20,9;19,7;21;20,7;19,8;19,6;94;92;93;208;2,1;0;
2007-02-26;07:00;0;966,4;967,1;966,4;-9999;19,9;19,1;20,9;19,9;19,8;19,1;96;93;95;275;2,4;1;
2007-02-26;08:00;0;966,5;966,5;966,2;-9999;20,1;19,4;20,1;19,6;19,4;19;96;95;95;245;1,9;1;
2007-02-26;09:00;0;966,6;966,6;966,3;-9999;19,8;19,1;20,2;19,5;19,4;18,8;97;95;96;250;2,4;,9;
2007-02-26;10:00;0;967,6;967,6;966,6;21;20,2;19,4;20,2;19,8;19,5;19,1;97;95;95;245;1,7;,1;
2007-02-26;11:00;0;968,2;968,2;967,6;514,1;22,4;20,2;22,4;20,1;20,3;19,4;96;87;87;261;1,8;,8;
2007-02-26;12:00;0;969;969;968,2;1406,6;24,5;21,1;24,5;22,4;21,3;20;88;80;81;97;2,8;1,6;
2007-02-26;13:00;0;969,3;969,4;969;2330;25,9;21,2;26;24,3;22;20,7;83;75;75;89;6,3;2,6;
2007-02-26;14:00;0;969,2;969,4;969,1;2713,3;26,3;21,7;26,8;25,4;22,3;21;80;73;76;96;5,8;3,3;
2007-02-26;15:00;0;968,3;969,2;968,3;3401,9;27,6;21,4;28,6;26,2;22,6;21,4;76;67;69;51;5,8;2,6;
2007-02-26;16:00;0;967,7;968,3;967,6;3770,9;29,4;21,9;29,9;27,5;22,5;21,1;72;63;64;64;5,4;1,4;
2007-02-26;17:00;0;967,1;967,7;967,1;2269,2;25,8;19,1;31,2;25,8;23,1;18,8;67;58;67;336;8,3;3,4;
2007-02-26;18:00;0;966,5;967,1;966,3;909,9;27,1;20,4;29,3;25,2;20,4;17,9;67;52;67;186;9,4;1,3;
2007-02-26;19:00;0;965,5;966,6;965,5;226,3;24,8;18,1;27,1;23,7;20,7;18,1;74;66;66;238;6,6;,9;
2007-02-26;20:00;0;965;965,5;965;654,3;25;21;25,1;24,6;21,1;18,2;80;66;78;7;4;,8;
2007-02-26;21:00;0;964,8;965;964,7;626,4;26,3;20,7;26,6;25;20,7;19,4;78;67;71;195;2,8;,8;
2007-02-26;22:00;0;965,3;965,3;964,8;168,7;25,3;21,8;26,6;25,3;21,8;20,5;81;69;81;106;1,8;,3;
2007-02-26;23:00;0;965,5;965,6;965,3;-9999;24;21,6;25,5;23,8;21,8;21,3;88;78;87;263;1,3;0;
2007-02-27;00:00;0;965,9;965,9;965,5;-9999;23,3;21,2;24;22,9;21,8;21,1;92;87;88;263;1,9;,5;
2007-02-27;01:00;0;967,3;967,3;965,9;-9999;22,3;20,7;23,3;22,1;21,4;20,7;94;88;91;303;1,6;,4;
2007-02-27;02:00;0;967,7;967,8;967,3;-9999;22,5;20,4;22,8;21,9;20,9;20,3;91;87;88;233;3,2;,6;
2007-02-27;03:00;0;967,3;967,7;967,3;-9999;21,8;20,1;22,5;21,6;20,5;20,1;92;87;90;287;2,1;,7;
2007-02-27;04:00;0;966,8;967,3;966,8;-9999;21,1;20,1;21,8;21,1;20,2;20;94;89;94;54;2,1;0;
2007-02-27;05:00;0;966,1;966,8;966,1;-9999;20,7;19,7;21,2;20,7;20,2;19,7;95;94;94;105;,7;0;
2007-02-27;06:00;0;965,6;966,1;965,6;-9999;20,2;19,4;20,9;20,2;19,9;19,4;96;93;95;272;2,6;1,1;
2007-02-27;07:00;0;965,6;965,7;965,6;-9999;19,7;19,1;20,2;19,7;19,7;19;97;95;96;293;2,5;,4;
2007-02-27;08:00;0;965,2;965,6;965,1;-9999;19,9;19,2;20,4;19,7;19,6;19;97;94;96;180;1,3;,3;
2007-02-27;09:00;0;965,9;965,9;965,1;-9999;19,6;19;19,9;19,5;19,3;18,9;97;96;97;21;1,7;0;
2007-02-27;10:00;0;966,5;966,5;965,8;35,8;19,7;19;19,9;19;19,5;18,3;97;96;96;268;3,3;1,9;
2007-02-27;11:00;0;967,2;967,2;966,5;608,6;22,7;20,7;22,7;19,7;20,7;19;96;88;89;104;2,7;1,1;
2007-02-27;12:00;0;967,7;967,7;967,2;1431,2;25,5;21,2;25,5;22,6;21,2;20,3;89;76;77;118;2,5;,2;
2007-02-27;13:00;0;967,9;967,9;967,6;2265,6;27,6;20,5;27,9;25,1;21,8;20,2;77;65;65;26;4,6;1,7;
2007-02-27;14:00;0;967,7;967,9;967,7;2952,4;29,9;21,3;29,9;27,3;21,8;20,1;68;58;60;44;5;2,1;
2007-02-27;15:00;0;966,8;967,7;966,8;3331,9;31,7;21,7;31,7;29,9;22,7;19,8;64;51;56;315;4,6;1,3;
2007-02-27;16:00;0;967;967;966,4;2240,6;28;17,6;32,5;28;21,9;16,2;59;45;53;310;10,7;5,2;
2007-02-27;17:00;,2;966;967,1;966;898,4;26;20,3;28;23,5;21;17,6;84;53;71;33;13,5;2,7;
2007-02-27;18:00;0;964,9;966;964,9;1135,5;28;22,8;28,1;26;23,6;20;77;69;73;248;6,1;,8;
2007-02-27;19:00;0;964,3;964,9;964,2;1732,3;28,8;21,5;29;27,3;23,5;21;78;62;65;111;3,8;1,9;
2007-02-27;20:00;0;963,7;964,3;963,7;872,1;29,5;22;29,7;28,2;22,3;21,3;70;61;64;201;4,6;,5;
2007-02-27;21:00;0;963,6;963,8;963,6;530,4;29,4;22,4;29,9;29,3;23;21,2;69;60;66;66;1,6;,2;
2007-02-27;22:00;0;964;964;963,5;417,6;27,6;20,4;30,1;27,6;22,8;20;66;55;65;30;4;1,4;
2007-02-27;23:00;,6;965,1;965,1;964;8,3;24,9;20,9;27,6;24,7;21,7;19,7;83;63;78;57;5,1;3;
2007-02-28;00:00;0;965,5;965,5;965;-9999;23,3;21;24,9;23,3;21,2;20,9;88;78;87;38;5,1;1,1;
2007-02-28;01:00;0;966,1;966,1;965,5;-9999;23;21,2;23,3;22,7;21,4;20,9;92;87;89;240;2,4;,1;
2007-02-28;02:00;0;966,6;966,7;966;-9999;22,3;21,1;23;22;21,3;20,8;94;89;93;209;2,1;,1;
2007-02-28;03:00;0;967,4;967,5;966,6;-9999;21,4;20,7;22,3;21,3;21;20,5;96;92;96;153;,9;0;
2007-02-28;04:00;0;967,1;967,5;967,1;-9999;21,2;20,5;21,5;21,2;20,8;20,4;96;94;96;98;,8;,1;
2007-02-28;05:00;0;966,8;967,2;966,8;-9999;21,1;20,4;21,6;21,1;20,7;20,2;96;94;96;286;1,8;,1;
2007-02-28;06:00;0;966,7;966,8;966,6;-9999;20,9;20,2;21,2;20,7;20,5;20,1;97;95;96;10;1,5;0;
2007-02-28;07:00;0;966,4;966,8;966,4;-9999;21,1;20,5;21,4;20,9;20,8;20,2;96;95;96;34;,8;,1;
2007-02-28;08:00;0;966,6;966,6;966,4;-9999;21,8;20,8;21,8;21,1;20,8;20,5;97;93;94;106;1,9;,9;
2007-02-28;09:00;0;966,7;966,7;966,5;-9999;21,8;20,8;22;21,7;20,8;20,7;95;93;94;113;1,2;,6;
2007-02-28;10:00;0;967;967,1;966,6;15;21,3;20,5;21,8;21;20,8;20,4;97;94;95;45;1,2;,1;
2007-02-28;11:00;0;967,4;967,4;967;487,7;24,1;21,8;24,1;21,1;21,8;20,4;97;85;87;352;1,2;,3;
2007-02-28;12:00;0;968,3;968,3;967,4;1013,1;25,4;21,7;25,6;24,1;22,4;21;87;77;80;327;4,9;1,7;
2007-02-28;13:00;0;968;968,4;967,9;2219;28,2;21,3;28,2;25,4;22,4;20,8;81;66;66;342;7,6;2,9;
2007-02-28;14:00;0;967,5;968;967,5;2951,9;30,3;21;30,7;28;21,9;20;68;55;58;347;9,1;2,4;
2007-02-28;15:00;0;966,9;967,5;966,8;3372;31,4;19,6;31,9;29,9;21,5;19,4;58;49;50;338;8,2;3,4;
2007-02-28;16:00;0;966,2;966,9;966,2;3719,1;32,7;19,9;33;31,2;21,5;19,7;54;46;47;333;9,2;3,2;
2007-02-28;17:00;0;964,9;966,2;964,9;3822,7;32,8;20,5;33,8;32,1;21,9;19;53;43;48;335;8,3;3,4;
2007-02-28;18:00;0;963,9;964,9;963,9;1210,5;29,4;21,6;32,9;26,3;21,8;19,1;66;49;63;27;10,2;1,5;
2007-02-28;19:00;0;962,7;963,9;962,7;2326,7;32,5;21;33,1;29,4;22,5;19,5;63;48;51;316;10,4;3,3;
2007-02-28;20:00;0;962,4;962,7;962,4;2147;32,5;19,6;33,4;31,7;21,4;18,9;52;43;47;334;9,9;3,1;
2007-02-28;21:00;0;962,8;962,8;962,3;1287,3;30,9;20,9;32,7;30,9;21;19,7;55;47;55;314;8,5;3,5;
2007-02-28;22:00;0;962,9;963;962,7;361,6;28,6;21,2;30,9;28,6;21,7;20,9;64;55;64;325;7,4;2,1;
2007-02-28;23:00;0;963,4;963,4;962,9;2,9;26,3;21,4;28,6;26,3;21,6;20,7;74;64;74;314;5,3;,9;
2007-03-01;00:00;0;964,6;964,8;963,3;-9999;25,4;21,9;26,3;25,3;22;21,3;81;74;81;79;2,2;1,1;
2007-03-01;01:00;0;965,7;965,7;964,6;-9999;24,7;21,5;25,6;24,7;21,9;21,5;82;79;82;76;4,3;1,8;
2007-03-01;02:00;0;966,3;966,3;965,7;-9999;24,3;21,3;24,7;24,2;21,5;21,3;84;82;84;86;3,1;,7;
2007-03-01;03:00;0;965,8;966,3;965,8;-9999;23,6;21,2;24,3;23,6;21,4;21,2;87;83;86;90;2,2;1,2;
2007-03-01;04:00;0;965,5;965,9;965,5;-9999;23,1;21,2;23,7;23,1;21,4;21,2;89;86;89;88;1,9;1,1;
2007-03-01;05:00;0;965,3;965,5;965,2;-9999;22,8;21;23,3;22,8;21,3;20,9;90;88;90;1;2,1;,6;
2007-03-01;06:00;0;965;965,3;965;-9999;22,3;20,7;22,8;22,3;21;20,7;91;90;91;176;2,4;0;
2007-03-01;07:00;0;965,1;965,2;964,9;-9999;22;20,3;22,6;22;20,8;20,2;91;88;90;36;2;,5;
2007-03-01;08:00;0;965,1;965,2;965;-9999;22;20,1;22,4;21,9;20,4;20,1;90;88;89;334;2,8;,3;
2007-03-01;09:00;0;965,5;965,5;965,1;-9999;21,7;19,9;22;21,5;20,1;19,8;91;89;89;336;2,5;,2;
2007-03-01;10:00;0;966,3;966,3;965,5;17,4;21,3;20;22,4;21,3;20,2;19,6;92;87;92;30;2;,2;
2007-03-01;11:00;0;966,6;966,6;966,2;565,4;24,6;20,9;24,6;21,3;21,1;20;93;80;80;325;3,7;1,5;
2007-03-01;12:00;0;966,9;966,9;966,6;1445,6;27;21,9;27,1;24,6;22,2;20,9;81;73;74;353;4,8;1,2;
2007-03-01;13:00;0;967,2;967,2;966,9;2270,4;29,3;21,3;29,8;27;22,5;20,7;74;60;62;347;6,2;2,3;
2007-03-01;14:00;0;966,7;967,3;966,7;2933,2;31,1;20,4;31,4;29,2;22;19,5;63;50;53;345;7,3;2,8;
2007-03-01;15:00;0;966,3;966,8;966,3;3044,7;31,6;20,5;32,6;31,1;21,1;19;54;48;52;346;8,4;2,9;
2007-03-01;16:00;0;965,9;966,3;965,9;2682;32,6;19,2;32,7;31,2;21,3;18,9;53;45;45;336;8,8;3,1;
2007-03-01;17:00;0;965,2;965,9;965,2;2966,8;32,3;20,1;33,7;31,6;20,4;18,3;49;41;48;341;8,6;3,1;
2007-03-01;18:00;0;964,3;965,2;964,3;2562,4;32,4;19,5;33,9;32,1;20,8;18,4;50;42;47;345;7,5;2,9;
2007-03-01;19:00;0;963,2;964,3;963,1;2722,1;34;19,2;34,3;32,4;21,3;18;51;39;42;329;7,1;2,9;
2007-03-01;20:00;0;962,9;963,2;962,9;1963,4;32,4;20;34,1;31;20,5;18,4;51;41;48;8;8,1;1,8;
2007-03-01;21:00;0;962,7;962,9;962,7;1390,9;32,4;18,9;33,7;32,2;20,1;18,4;48;41;45;332;6;1,9;
2007-03-01;22:00;0;963,4;963,4;962,7;348;30,1;20,3;32,6;30,1;20,3;19,2;56;45;56;328;5;1,2;
2007-03-01;23:00;0;964,2;964,2;963,4;2,9;28,1;21;30,1;28,1;21,1;20,3;65;56;65;325;4;1,6;
2007-03-02;00:00;0;964,8;964,8;964,2;-9999;26,2;21,6;28,1;26,2;21,9;20,9;76;65;76;318;3,6;,2;
2007-03-02;01:00;0;965,8;965,8;964,8;-9999;24,9;22,1;26,2;24,9;22,1;21,5;85;76;84;355;2,6;,8;
2007-03-02;02:00;0;966,3;966,3;965,8;-9999;25,2;21,6;25,3;24,7;22;21,5;84;80;80;338;2,7;1;
2007-03-02;03:00;0;966,3;966,5;966,3;-9999;24,5;21,9;25,3;24,2;21,9;21,4;86;79;86;102;4,6;1,6;
2007-03-02;04:00;0;966,2;966,4;966,2;-9999;23,7;21,8;24,6;23,7;22;21,8;89;85;89;352;2,6;,4;
2007-03-02;05:00;0;966,2;966,3;965,8;-9999;23,7;21,2;24,2;23,7;21,9;21,2;89;85;86;352;3,1;1;
2007-03-02;06:00;0;966,6;966,6;966,2;-9999;23,6;21;23,7;23;21,3;21;89;85;85;35;2,8;1,7;
2007-03-02;07:00;-9999;-9999;-9999;-9999;-9999;-9999;-9999;-9999;-9999;-9999;-9999;-9999;-9999;-9999;-9999;-9999;-9999;
2007-03-02;08:00;0;966,9;966,9;966,7;-9999;22;20,9;23,1;21,9;21;20,5;93;87;93;11;2;,1;
2007-03-02;09:00;0;967;967;966,9;-9999;21,8;20,4;22,5;21,7;21;20,4;95;91;92;235;1,7;,5;
2007-03-02;10:00;0;967,1;967,2;967;24;22,1;20,8;22,1;21,1;20,9;20,2;96;92;93;255;1,7;,1;
2007-03-02;11:00;0;967,8;967,8;967,1;567,7;24,8;21,8;24,8;22,1;21,8;20,7;93;83;84;333;2,7;1;
2007-03-02;12:00;0;968,7;968,7;967,8;1401,9;27,2;22;27,2;24,7;22,5;21,4;83;73;73;344;4,4;1,7;
2007-03-02;13:00;0;969,2;969,2;968,7;2181;30;21,8;30,2;27,1;22,6;21,5;74;61;62;350;5,6;1,5;
2007-03-02;14:00;0;969,7;969,7;969,2;2828,2;31,4;20,1;32,1;29,8;22,4;19,9;63;50;51;342;6,4;3,1;
2007-03-02;15:00;0;969,4;969,7;969,4;2335,7;31,9;19,7;32,5;30,7;21,3;19,5;55;47;48;317;8,2;3,1;
2007-03-02;16:00;0;968,3;969,4;968,3;3012,4;32,3;18,9;33,5;31,5;20,9;18,9;51;44;45;337;8,6;3,3;
2007-03-02;17:00;0;967,2;968,3;967,2;3189,1;33,4;19,2;34;32;20,9;18,5;49;42;43;331;9,4;3,5;
2007-03-02;18:00;0;967,4;967,9;967;995,6;25,5;21,4;33,8;25,5;21,6;17,9;78;39;78;147;9,9;3,7;
2007-03-02;19:00;0;966,4;967,6;966,4;354,9;24,4;22;25,5;24,4;22,4;21,6;89;78;86;74;7,5;2,8;
2007-03-02;20:00;0;966,1;966,4;965,7;681,9;27,3;21,4;27,3;24,3;22;20,5;87;67;70;126;4,7;0;
2007-03-02;21:00;0;966;966,4;966;565,8;26,6;22,4;27,6;26,5;22,8;20,7;80;66;78;146;5,4;1,7;
2007-03-02;22:00;0;966,7;966,7;965,9;231,8;25,1;22,1;26,6;25,1;23;21,9;85;78;83;92;4,7;,8;
2007-03-02;23:00;0;967,8;967,9;966,7;-9999;24,9;21,9;25,1;24,8;22,5;21,8;87;83;84;74;3,4;1,6;
2007-03-03;00:00;,6;969;969;967,9;-9999;24,2;23;24,9;24,1;23;21,9;93;84;93;99;3,2;1,9;
2007-03-03;01:00;0;970,1;970,1;969;-9999;23,8;22;24,2;23,8;23,1;22;94;89;90;106;4,6;2,6;
2007-03-03;02:00;0;970,8;970,9;970,1;-9999;23,1;21,4;23,8;23,1;22;21,4;90;89;90;92;5,7;2,4;
2007-03-03;03:00;0;970,6;970,8;970,6;-9999;23;21,7;23,1;22,8;21,7;21,4;93;90;93;244;4,1;0;
2007-03-03;04:00;0;969,9;970,6;969,8;-9999;22,5;21,6;23,1;22,3;21,7;21,4;95;91;95;282;2,8;1,6;
2007-03-03;05:00;0;969,3;969,9;969,2;-9999;22,8;21,6;23;22,5;21,7;21,5;95;92;93;238;2,5;,7;
2007-03-03;06:00;0;968,6;969,3;968,6;-9999;22,8;21,5;22,9;22,5;21,7;21,5;95;93;93;191;1,7;,2;
2007-03-03;07:00;0;968,5;968,6;968,3;-9999;22,1;21,4;22,8;22,1;21,6;21,4;96;93;96;92;3,2;1,9;
2007-03-03;08:00;0;969;969;968,5;-9999;21,8;21,3;22,1;21,8;21,4;21,2;97;96;97;99;3,2;1,2;
2007-03-03;09:00;0;969,4;969,4;969;-9999;21,9;21,5;21,9;21,7;21,5;21,3;98;97;98;110;3,4;1,2;
2007-03-03;10:00;0;969,8;969,8;969,4;16,9;21,9;21,5;22;21,8;21,6;21,5;98;98;98;69;2,7;1,3;
2007-03-03;11:00;0;970,9;970,9;969,8;235,2;22,6;21,6;22,7;21,8;21,8;21,4;98;94;94;70;3;1,6;
2007-03-03;12:00;0;971,5;971,5;970,9;1552,9;25,4;22;25,5;22,6;22,2;21,1;94;80;82;141;3,1;,7;
2007-03-03;13:00;0;971,8;971,8;971,5;2038,7;26,4;21,7;26,5;25,3;22,3;21;82;73;76;92;4;1,8;
2007-03-03;14:00;0;971,5;971,8;971,5;1913,1;27,4;21,5;27,5;26;22,2;21,1;76;70;71;112;5,4;1,6;
2007-03-03;15:00;0;970,8;971,5;970,8;3162,1;29,4;20,1;29,9;27,2;22,3;20;72;56;57;36;5,4;2,7;
2007-03-03;16:00;0;969,9;970,8;969,9;3694,9;31,4;20,9;31,5;29,3;22,4;20,4;63;53;54;58;6;3;
2007-03-03;17:00;0;968,7;969,9;968,6;3178,3;32,1;20,1;32,2;30,6;21,6;19,7;56;48;49;76;6;3,2;
2007-03-03;18:00;0;967,5;968,7;967,5;3632;32,2;19,2;33,1;31,7;21,1;18,6;51;45;46;37;9,7;2,9;
2007-03-03;19:00;0;967,5;967,5;967,1;1929,2;27,4;19,5;33,6;25,9;21,3;18,8;68;43;62;360;12,6;2,6;
2007-03-03;20:00;0;968,2;968,5;967,5;264,1;25,8;21,4;27,4;25,8;21,7;19;77;62;77;94;9,3;1,8;
2007-03-03;21:00;0;967;968,2;966,9;164,8;25,6;22,4;26,1;25,5;22,6;21,1;84;75;82;214;3,1;1,3;
2007-03-03;22:00;0;967,2;967,2;966,9;93,1;25,8;21,4;26,1;25,5;22,4;21,3;83;75;77;229;3,9;1,4;
2007-03-03;23:00;0;967,8;967,8;967,2;-9999;24,7;21,5;25,9;24,7;21,6;20,8;82;76;82;227;3,9;,6;
2007-03-04;00:00;0;968,6;968,6;967,8;-9999;24,4;21,3;24,7;23,9;21,6;21,3;86;82;83;229;3,1;1,1;
2007-03-04;01:00;0;969,3;969,4;968,6;-9999;24;20,7;24,4;24;21,3;20,7;84;80;82;244;3,6;,5;
2007-03-04;02:00;0;969,6;969,7;969,3;-9999;23,6;21;24;23,2;21;20,7;86;82;85;247;2,8;,9;
2007-03-04;03:00;0;969,4;969,8;969,4;-9999;23,2;21,1;23,7;22,9;21,3;20,9;90;85;88;144;2,6;,3;
2007-03-04;04:00;0;969,1;969,4;969,1;-9999;22,8;21;23,4;22,6;21,2;20,9;90;87;90;206;2,3;,3;
2007-03-04;05:00;0;969;969,1;968,9;-9999;22,6;20,6;22,9;21,8;21,1;20,4;92;88;88;226;1,8;,6;
2007-03-04;06:00;0;968,6;969;968,6;-9999;22,1;20,3;22,7;22,1;20,6;20,3;90;88;90;170;2,5;,4;
2007-03-04;07:00;0;968,6;968,7;968,5;-9999;22;20,3;22,1;21,6;20,4;20,2;92;90;90;220;1,8;,3;
2007-03-04;08:00;0;968,8;968,8;968,5;-9999;21,3;19,9;22,1;21,3;20,3;19,9;92;89;92;251;1,9;1,2;
2007-03-04;09:00;0;969,2;969,2;968,8;-9999;20,9;19,8;21,5;20,7;20,1;19,6;95;92;94;244;1,9;,8;
2007-03-04;10:00;0;969,4;969,4;969,2;24;20,6;19,8;20,9;20;19,9;19,3;96;94;95;244;1,3;0;
2007-03-04;11:00;0;970,1;970,1;969,4;531,9;24;21,1;24;20,5;21,1;19,6;95;83;84;153;1,9;,2;
2007-03-04;12:00;0;970,5;970,5;970,1;1398,3;25,1;21,2;25,3;23,8;21,7;20,5;84;78;79;110;3,3;1,4;
2007-03-04;13:00;0;970,7;970,8;970,5;2254,1;27,1;22,3;27,3;24,9;22,3;21;80;73;75;115;3,4;1,1;
2007-03-04;14:00;0;970,6;970,8;970,6;2959;29,7;20,5;30,2;27,2;22,5;20,5;75;58;58;64;5,1;2,7;
2007-03-04;15:00;0;970,1;970,7;970,1;3405,8;31,8;21,2;31,8;29,6;22,1;20,2;62;52;53;54;6,4;2,8;
2007-03-04;16:00;0;969,3;970,1;969,2;3548;32,9;18,9;33,6;31,6;21,2;18,4;53;42;44;43;8,6;3,3;
2007-03-04;17:00;0;968,3;969,3;968,3;3817,8;33,6;17,8;34,2;32,7;19,6;17,1;44;37;39;55;8,6;2,3;
2007-03-04;18:00;0;967,3;968,3;967,3;3246,6;34,7;17,2;34,9;32,9;18;15,9;40;34;35;54;8;2,7;
2007-03-04;19:00;0;966,6;967,3;966,6;2867,8;34,2;15,9;35,1;33,5;17,4;15,1;38;31;34;33;6;3;
2007-03-04;20:00;0;966;966,6;966;2123,6;33,8;15,4;34,7;33,8;16,6;14,9;35;32;33;44;6,5;3,2;
2007-03-04;21:00;0;966,3;966,3;965,9;1078,7;31,2;18,6;34,2;31,2;18,6;15;47;32;47;39;9,1;3,9;
2007-03-04;22:00;0;966,8;966,8;966,3;69,2;27,1;19,4;31,2;27,1;19,4;17,9;63;47;63;336;7,2;1,4;
2007-03-04;23:00;0;967,6;967,6;966,8;-9999;25,6;20,1;27,1;25,6;20,1;19,4;72;63;72;302;4,1;,7;
2007-03-05;00:00;0;968,1;968,1;967,5;-9999;25,5;19,7;26;25,4;20,2;19,7;72;69;71;240;3,8;1,3;
2007-03-05;01:00;0;968,7;968,7;968,1;-9999;23,8;20,1;25,5;23,8;20,3;19,7;80;71;79;264;2,9;1,7;
2007-03-05;02:00;0;969;969;968,7;-9999;23,2;20,2;24,2;23,2;20,2;20;83;78;83;245;3;,7;
2007-03-05;03:00;0;969;969,1;969;-9999;22,1;20,4;23,2;21,6;20,4;19,9;90;83;90;80;2,3;1;
2007-03-05;04:00;0;968,6;969,1;968,6;-9999;20,9;19,6;22,2;20,9;20,4;19,4;92;89;92;277;2,3;1,7;
2007-03-05;05:00;-9999;-9999;-9999;-9999;-9999;-9999;-9999;-9999;-9999;-9999;-9999;-9999;-9999;-9999;-9999;-9999;-9999;
2007-03-05;06:00;0;968,1;968,3;968,1;-9999;20,1;19;21,1;20,1;19,6;19;94;91;94;275;1,8;1,2;
2007-03-05;07:00;-9999;-9999;-9999;-9999;-9999;-9999;-9999;-9999;-9999;-9999;-9999;-9999;-9999;-9999;-9999;-9999;-9999;
2007-03-05;08:00;-9999;-9999;-9999;-9999;-9999;-9999;-9999;-9999;-9999;-9999;-9999;-9999;-9999;-9999;-9999;-9999;-9999;
2007-03-05;09:00;-9999;-9999;-9999;-9999;-9999;-9999;-9999;-9999;-9999;-9999;-9999;-9999;-9999;-9999;-9999;-9999;-9999;
2007-03-05;10:00;-9999;-9999;-9999;-9999;-9999;-9999;-9999;-9999;-9999;-9999;-9999;-9999;-9999;-9999;-9999;-9999;-9999;
2007-03-05;11:00;-9999;-9999;-9999;-9999;-9999;-9999;-9999;-9999;-9999;-9999;-9999;-9999;-9999;-9999;-9999;-9999;-9999;
2007-03-05;12:00;-9999;-9999;-9999;-9999;-9999;-9999;-9999;-9999;-9999;-9999;-9999;-9999;-9999;-9999;-9999;-9999;-9999;
2007-03-05;13:00;0;971;971;970,8;2251,1;29,4;19;29,8;26,3;20,9;18,7;70;52;54;29;4,1;2;
2007-03-05;14:00;0;970,8;971,1;970,8;2969,3;31,7;18,9;31,7;29,4;20,3;18,4;55;45;47;67;5,8;3,3;
2007-03-05;15:00;0;970,4;970,9;970,3;3424,8;32,8;16,6;33,3;31,7;19,1;15,4;47;34;38;46;7;2,9;
2007-03-05;16:00;0;969,6;970,4;969,6;3633,1;33,5;15;34,8;32,8;18,2;13,6;40;29;33;1;6,8;1,9;
2007-03-05;17:00;0;968,7;969,6;968,7;3506;34,3;14,4;35,3;33,2;16,4;13,1;36;28;30;57;6,8;2,2;
2007-03-05;18:00;0;967,8;968,7;967,8;3467,4;34,9;13,6;35,4;33,9;15,3;13,2;31;27;28;34;6,9;2,8;
2007-03-05;19:00;0;967;967,8;967;2765,4;34,3;13,9;35,5;33,9;15,6;13,2;32;28;29;17;6,4;1,8;
2007-03-05;20:00;0;966,4;967;966,4;2093,5;34,5;13,3;35,1;34,2;14,9;12,8;31;27;28;51;4,7;2,4;
2007-03-05;21:00;0;966,4;966,5;966,3;1237,1;33,6;15,1;34,6;33,5;15,5;12,6;34;26;33;68;4,5;2,6;
2007-03-05;22:00;0;966,6;966,6;966,4;293,7;30,8;17,2;33,6;30,8;17,3;15,2;44;33;44;83;4,5;1,8;
2007-03-05;23:00;0;967,1;967,1;966,5;-9999;28,7;17,5;30,8;28,7;17,6;17;51;44;51;93;3,3;1;
2007-03-06;00:00;0;968,1;968,1;967,1;-9999;25,6;18,9;28,7;25,1;19,1;17,5;69;51;67;299;2;,6;
2007-03-06;01:00;0;969,1;969,1;968,1;-9999;25,5;19,3;26,1;24,4;19,5;18,7;74;64;69;188;3,9;,3;
2007-03-06;02:00;0;969,5;969,5;969,1;-9999;22,8;19,3;25,4;22,6;19,8;19,1;82;69;80;270;2,3;,5;
2007-03-06;03:00;-9999;-9999;-9999;-9999;-9999;-9999;-9999;-9999;-9999;-9999;-9999;-9999;-9999;-9999;-9999;-9999;-9999;
2007-03-06;04:00;-9999;-9999;-9999;-9999;-9999;-9999;-9999;-9999;-9999;-9999;-9999;-9999;-9999;-9999;-9999;-9999;-9999;
2007-03-06;05:00;-9999;-9999;-9999;-9999;-9999;-9999;-9999;-9999;-9999;-9999;-9999;-9999;-9999;-9999;-9999;-9999;-9999;
2007-03-06;06:00;-9999;-9999;-9999;-9999;-9999;-9999;-9999;-9999;-9999;-9999;-9999;-9999;-9999;-9999;-9999;-9999;-9999;
2007-03-06;07:00;-9999;-9999;-9999;-9999;-9999;-9999;-9999;-9999;-9999;-9999;-9999;-9999;-9999;-9999;-9999;-9999;-9999;
2007-03-06;08:00;-9999;-9999;-9999;-9999;-9999;-9999;-9999;-9999;-9999;-9999;-9999;-9999;-9999;-9999;-9999;-9999;-9999;
2007-03-06;09:00;-9999;-9999;-9999;-9999;-9999;-9999;-9999;-9999;-9999;-9999;-9999;-9999;-9999;-9999;-9999;-9999;-9999;
2007-03-06;10:00;-9999;-9999;-9999;-9999;-9999;-9999;-9999;-9999;-9999;-9999;-9999;-9999;-9999;-9999;-9999;-9999;-9999;
2007-03-06;11:00;-9999;-9999;-9999;-9999;-9999;-9999;-9999;-9999;-9999;-9999;-9999;-9999;-9999;-9999;-9999;-9999;-9999;
2007-03-06;12:00;-9999;-9999;-9999;-9999;-9999;-9999;-9999;-9999;-9999;-9999;-9999;-9999;-9999;-9999;-9999;-9999;-9999;
2007-03-06;13:00;-9999;-9999;-9999;-9999;-9999;-9999;-9999;-9999;-9999;-9999;-9999;-9999;-9999;-9999;-9999;-9999;-9999;
2007-03-06;14:00;-9999;-9999;-9999;-9999;-9999;-9999;-9999;-9999;-9999;-9999;-9999;-9999;-9999;-9999;-9999;-9999;-9999;
2007-03-06;15:00;-9999;-9999;-9999;-9999;-9999;-9999;-9999;-9999;-9999;-9999;-9999;-9999;-9999;-9999;-9999;-9999;-9999;
2007-03-06;16:00;-9999;-9999;-9999;-9999;-9999;-9999;-9999;-9999;-9999;-9999;-9999;-9999;-9999;-9999;-9999;-9999;-9999;
2007-03-06;17:00;-9999;-9999;-9999;-9999;-9999;-9999;-9999;-9999;-9999;-9999;-9999;-9999;-9999;-9999;-9999;-9999;-9999;
2007-03-06;18:00;-9999;-9999;-9999;-9999;-9999;-9999;-9999;-9999;-9999;-9999;-9999;-9999;-9999;-9999;-9999;-9999;-9999;
2007-03-06;19:00;-9999;-9999;-9999;-9999;-9999;-9999;-9999;-9999;-9999;-9999;-9999;-9999;-9999;-9999;-9999;-9999;-9999;
2007-03-06;20:00;-9999;-9999;-9999;-9999;-9999;-9999;-9999;-9999;-9999;-9999;-9999;-9999;-9999;-9999;-9999;-9999;-9999;
2007-03-06;21:00;-9999;-9999;-9999;-9999;-9999;-9999;-9999;-9999;-9999;-9999;-9999;-9999;-9999;-9999;-9999;-9999;-9999;
2007-03-06;22:00;-9999;-9999;-9999;-9999;-9999;-9999;-9999;-9999;-9999;-9999;-9999;-9999;-9999;-9999;-9999;-9999;-9999;
2007-03-06;23:00;-9999;-9999;-9999;-9999;-9999;-9999;-9999;-9999;-9999;-9999;-9999;-9999;-9999;-9999;-9999;-9999;-9999;
2007-03-07;00:00;-9999;-9999;-9999;-9999;-9999;-9999;-9999;-9999;-9999;-9999;-9999;-9999;-9999;-9999;-9999;-9999;-9999;
2007-03-07;01:00;-9999;-9999;-9999;-9999;-9999;-9999;-9999;-9999;-9999;-9999;-9999;-9999;-9999;-9999;-9999;-9999;-9999;
2007-03-07;02:00;-9999;-9999;-9999;-9999;-9999;-9999;-9999;-9999;-9999;-9999;-9999;-9999;-9999;-9999;-9999;-9999;-9999;
2007-03-07;03:00;-9999;-9999;-9999;-9999;-9999;-9999;-9999;-9999;-9999;-9999;-9999;-9999;-9999;-9999;-9999;-9999;-9999;
2007-03-07;04:00;-9999;-9999;-9999;-9999;-9999;-9999;-9999;-9999;-9999;-9999;-9999;-9999;-9999;-9999;-9999;-9999;-9999;
2007-03-07;05:00;-9999;-9999;-9999;-9999;-9999;-9999;-9999;-9999;-9999;-9999;-9999;-9999;-9999;-9999;-9999;-9999;-9999;
2007-03-07;06:00;-9999;-9999;-9999;-9999;-9999;-9999;-9999;-9999;-9999;-9999;-9999;-9999;-9999;-9999;-9999;-9999;-9999;
2007-03-07;07:00;-9999;-9999;-9999;-9999;-9999;-9999;-9999;-9999;-9999;-9999;-9999;-9999;-9999;-9999;-9999;-9999;-9999;
2007-03-07;08:00;-9999;-9999;-9999;-9999;-9999;-9999;-9999;-9999;-9999;-9999;-9999;-9999;-9999;-9999;-9999;-9999;-9999;
2007-03-07;09:00;-9999;-9999;-9999;-9999;-9999;-9999;-9999;-9999;-9999;-9999;-9999;-9999;-9999;-9999;-9999;-9999;-9999;
2007-03-07;10:00;-9999;-9999;-9999;-9999;-9999;-9999;-9999;-9999;-9999;-9999;-9999;-9999;-9999;-9999;-9999;-9999;-9999;
2007-03-07;11:00;-9999;-9999;-9999;-9999;-9999;-9999;-9999;-9999;-9999;-9999;-9999;-9999;-9999;-9999;-9999;-9999;-9999;
2007-03-07;12:00;-9999;-9999;-9999;-9999;-9999;-9999;-9999;-9999;-9999;-9999;-9999;-9999;-9999;-9999;-9999;-9999;-9999;
2007-03-07;13:00;-9999;-9999;-9999;-9999;-9999;-9999;-9999;-9999;-9999;-9999;-9999;-9999;-9999;-9999;-9999;-9999;-9999;
2007-03-07;14:00;-9999;-9999;-9999;-9999;-9999;-9999;-9999;-9999;-9999;-9999;-9999;-9999;-9999;-9999;-9999;-9999;-9999;
2007-03-07;15:00;-9999;-9999;-9999;-9999;-9999;-9999;-9999;-9999;-9999;-9999;-9999;-9999;-9999;-9999;-9999;-9999;-9999;
2007-03-07;16:00;-9999;-9999;-9999;-9999;-9999;-9999;-9999;-9999;-9999;-9999;-9999;-9999;-9999;-9999;-9999;-9999;-9999;
2007-03-07;17:00;-9999;-9999;-9999;-9999;-9999;-9999;-9999;-9999;-9999;-9999;-9999;-9999;-9999;-9999;-9999;-9999;-9999;
2007-03-07;18:00;-9999;-9999;-9999;-9999;-9999;-9999;-9999;-9999;-9999;-9999;-9999;-9999;-9999;-9999;-9999;-9999;-9999;
2007-03-07;19:00;-9999;-9999;-9999;-9999;-9999;-9999;-9999;-9999;-9999;-9999;-9999;-9999;-9999;-9999;-9999;-9999;-9999;
2007-03-07;20:00;-9999;-9999;-9999;-9999;-9999;-9999;-9999;-9999;-9999;-9999;-9999;-9999;-9999;-9999;-9999;-9999;-9999;
2007-03-07;21:00;-9999;-9999;-9999;-9999;-9999;-9999;-9999;-9999;-9999;-9999;-9999;-9999;-9999;-9999;-9999;-9999;-9999;
2007-03-07;22:00;-9999;-9999;-9999;-9999;-9999;-9999;-9999;-9999;-9999;-9999;-9999;-9999;-9999;-9999;-9999;-9999;-9999;
2007-03-07;23:00;-9999;-9999;-9999;-9999;-9999;-9999;-9999;-9999;-9999;-9999;-9999;-9999;-9999;-9999;-9999;-9999;-9999;
2007-03-08;00:00;-9999;-9999;-9999;-9999;-9999;-9999;-9999;-9999;-9999;-9999;-9999;-9999;-9999;-9999;-9999;-9999;-9999;
2007-03-08;01:00;-9999;-9999;-9999;-9999;-9999;-9999;-9999;-9999;-9999;-9999;-9999;-9999;-9999;-9999;-9999;-9999;-9999;
2007-03-08;02:00;-9999;-9999;-9999;-9999;-9999;-9999;-9999;-9999;-9999;-9999;-9999;-9999;-9999;-9999;-9999;-9999;-9999;
2007-03-08;03:00;-9999;-9999;-9999;-9999;-9999;-9999;-9999;-9999;-9999;-9999;-9999;-9999;-9999;-9999;-9999;-9999;-9999;
2007-03-08;04:00;-9999;-9999;-9999;-9999;-9999;-9999;-9999;-9999;-9999;-9999;-9999;-9999;-9999;-9999;-9999;-9999;-9999;
2007-03-08;05:00;-9999;-9999;-9999;-9999;-9999;-9999;-9999;-9999;-9999;-9999;-9999;-9999;-9999;-9999;-9999;-9999;-9999;
2007-03-08;06:00;-9999;-9999;-9999;-9999;-9999;-9999;-9999;-9999;-9999;-9999;-9999;-9999;-9999;-9999;-9999;-9999;-9999;
2007-03-08;07:00;-9999;-9999;-9999;-9999;-9999;-9999;-9999;-9999;-9999;-9999;-9999;-9999;-9999;-9999;-9999;-9999;-9999;
2007-03-08;08:00;-9999;-9999;-9999;-9999;-9999;-9999;-9999;-9999;-9999;-9999;-9999;-9999;-9999;-9999;-9999;-9999;-9999;
2007-03-08;09:00;-9999;-9999;-9999;-9999;-9999;-9999;-9999;-9999;-9999;-9999;-9999;-9999;-9999;-9999;-9999;-9999;-9999;
2007-03-08;10:00;-9999;-9999;-9999;-9999;-9999;-9999;-9999;-9999;-9999;-9999;-9999;-9999;-9999;-9999;-9999;-9999;-9999;
2007-03-08;11:00;-9999;-9999;-9999;-9999;-9999;-9999;-9999;-9999;-9999;-9999;-9999;-9999;-9999;-9999;-9999;-9999;-9999;
2007-03-08;12:00;-9999;-9999;-9999;-9999;-9999;-9999;-9999;-9999;-9999;-9999;-9999;-9999;-9999;-9999;-9999;-9999;-9999;
2007-03-08;13:00;-9999;-9999;-9999;-9999;-9999;-9999;-9999;-9999;-9999;-9999;-9999;-9999;-9999;-9999;-9999;-9999;-9999;
2007-03-08;14:00;-9999;-9999;-9999;-9999;-9999;-9999;-9999;-9999;-9999;-9999;-9999;-9999;-9999;-9999;-9999;-9999;-9999;
2007-03-08;15:00;-9999;-9999;-9999;-9999;-9999;-9999;-9999;-9999;-9999;-9999;-9999;-9999;-9999;-9999;-9999;-9999;-9999;
2007-03-08;16:00;-9999;-9999;-9999;-9999;-9999;-9999;-9999;-9999;-9999;-9999;-9999;-9999;-9999;-9999;-9999;-9999;-9999;
2007-03-08;17:00;-9999;-9999;-9999;-9999;-9999;-9999;-9999;-9999;-9999;-9999;-9999;-9999;-9999;-9999;-9999;-9999;-9999;
2007-03-08;18:00;-9999;-9999;-9999;-9999;-9999;-9999;-9999;-9999;-9999;-9999;-9999;-9999;-9999;-9999;-9999;-9999;-9999;
2007-03-08;19:00;-9999;-9999;-9999;-9999;-9999;-9999;-9999;-9999;-9999;-9999;-9999;-9999;-9999;-9999;-9999;-9999;-9999;
2007-03-08;20:00;-9999;-9999;-9999;-9999;-9999;-9999;-9999;-9999;-9999;-9999;-9999;-9999;-9999;-9999;-9999;-9999;-9999;
2007-03-08;21:00;-9999;-9999;-9999;-9999;-9999;-9999;-9999;-9999;-9999;-9999;-9999;-9999;-9999;-9999;-9999;-9999;-9999;
2007-03-08;22:00;-9999;-9999;-9999;-9999;-9999;-9999;-9999;-9999;-9999;-9999;-9999;-9999;-9999;-9999;-9999;-9999;-9999;
2007-03-08;23:00;-9999;-9999;-9999;-9999;-9999;-9999;-9999;-9999;-9999;-9999;-9999;-9999;-9999;-9999;-9999;-9999;-9999;
2007-03-09;00:00;-9999;-9999;-9999;-9999;-9999;-9999;-9999;-9999;-9999;-9999;-9999;-9999;-9999;-9999;-9999;-9999;-9999;
2007-03-09;01:00;-9999;-9999;-9999;-9999;-9999;-9999;-9999;-9999;-9999;-9999;-9999;-9999;-9999;-9999;-9999;-9999;-9999;
2007-03-09;02:00;-9999;-9999;-9999;-9999;-9999;-9999;-9999;-9999;-9999;-9999;-9999;-9999;-9999;-9999;-9999;-9999;-9999;
2007-03-09;03:00;-9999;-9999;-9999;-9999;-9999;-9999;-9999;-9999;-9999;-9999;-9999;-9999;-9999;-9999;-9999;-9999;-9999;
2007-03-09;04:00;-9999;-9999;-9999;-9999;-9999;-9999;-9999;-9999;-9999;-9999;-9999;-9999;-9999;-9999;-9999;-9999;-9999;
2007-03-09;05:00;-9999;-9999;-9999;-9999;-9999;-9999;-9999;-9999;-9999;-9999;-9999;-9999;-9999;-9999;-9999;-9999;-9999;
2007-03-09;06:00;-9999;-9999;-9999;-9999;-9999;-9999;-9999;-9999;-9999;-9999;-9999;-9999;-9999;-9999;-9999;-9999;-9999;
2007-03-09;07:00;-9999;-9999;-9999;-9999;-9999;-9999;-9999;-9999;-9999;-9999;-9999;-9999;-9999;-9999;-9999;-9999;-9999;
2007-03-09;08:00;-9999;-9999;-9999;-9999;-9999;-9999;-9999;-9999;-9999;-9999;-9999;-9999;-9999;-9999;-9999;-9999;-9999;
2007-03-09;09:00;-9999;-9999;-9999;-9999;-9999;-9999;-9999;-9999;-9999;-9999;-9999;-9999;-9999;-9999;-9999;-9999;-9999;
2007-03-09;10:00;-9999;-9999;-9999;-9999;-9999;-9999;-9999;-9999;-9999;-9999;-9999;-9999;-9999;-9999;-9999;-9999;-9999;
2007-03-09;11:00;-9999;-9999;-9999;-9999;-9999;-9999;-9999;-9999;-9999;-9999;-9999;-9999;-9999;-9999;-9999;-9999;-9999;
2007-03-09;12:00;-9999;-9999;-9999;-9999;-9999;-9999;-9999;-9999;-9999;-9999;-9999;-9999;-9999;-9999;-9999;-9999;-9999;
2007-03-09;13:00;-9999;-9999;-9999;-9999;-9999;-9999;-9999;-9999;-9999;-9999;-9999;-9999;-9999;-9999;-9999;-9999;-9999;
2007-03-09;14:00;-9999;-9999;-9999;-9999;-9999;-9999;-9999;-9999;-9999;-9999;-9999;-9999;-9999;-9999;-9999;-9999;-9999;
2007-03-09;15:00;-9999;-9999;-9999;-9999;-9999;-9999;-9999;-9999;-9999;-9999;-9999;-9999;-9999;-9999;-9999;-9999;-9999;
2007-03-09;16:00;-9999;-9999;-9999;-9999;-9999;-9999;-9999;-9999;-9999;-9999;-9999;-9999;-9999;-9999;-9999;-9999;-9999;
2007-03-09;17:00;-9999;-9999;-9999;-9999;-9999;-9999;-9999;-9999;-9999;-9999;-9999;-9999;-9999;-9999;-9999;-9999;-9999;
2007-03-09;18:00;-9999;-9999;-9999;-9999;-9999;-9999;-9999;-9999;-9999;-9999;-9999;-9999;-9999;-9999;-9999;-9999;-9999;
2007-03-09;19:00;-9999;-9999;-9999;-9999;-9999;-9999;-9999;-9999;-9999;-9999;-9999;-9999;-9999;-9999;-9999;-9999;-9999;
2007-03-09;20:00;-9999;-9999;-9999;-9999;-9999;-9999;-9999;-9999;-9999;-9999;-9999;-9999;-9999;-9999;-9999;-9999;-9999;
2007-03-09;21:00;-9999;-9999;-9999;-9999;-9999;-9999;-9999;-9999;-9999;-9999;-9999;-9999;-9999;-9999;-9999;-9999;-9999;
2007-03-09;22:00;-9999;-9999;-9999;-9999;-9999;-9999;-9999;-9999;-9999;-9999;-9999;-9999;-9999;-9999;-9999;-9999;-9999;
2007-03-09;23:00;-9999;-9999;-9999;-9999;-9999;-9999;-9999;-9999;-9999;-9999;-9999;-9999;-9999;-9999;-9999;-9999;-9999;
2007-03-10;00:00;-9999;-9999;-9999;-9999;-9999;-9999;-9999;-9999;-9999;-9999;-9999;-9999;-9999;-9999;-9999;-9999;-9999;
2007-03-10;01:00;-9999;-9999;-9999;-9999;-9999;-9999;-9999;-9999;-9999;-9999;-9999;-9999;-9999;-9999;-9999;-9999;-9999;
2007-03-10;02:00;-9999;-9999;-9999;-9999;-9999;-9999;-9999;-9999;-9999;-9999;-9999;-9999;-9999;-9999;-9999;-9999;-9999;
2007-03-10;03:00;-9999;-9999;-9999;-9999;-9999;-9999;-9999;-9999;-9999;-9999;-9999;-9999;-9999;-9999;-9999;-9999;-9999;
2007-03-10;04:00;-9999;-9999;-9999;-9999;-9999;-9999;-9999;-9999;-9999;-9999;-9999;-9999;-9999;-9999;-9999;-9999;-9999;
2007-03-10;05:00;-9999;-9999;-9999;-9999;-9999;-9999;-9999;-9999;-9999;-9999;-9999;-9999;-9999;-9999;-9999;-9999;-9999;
2007-03-10;06:00;-9999;-9999;-9999;-9999;-9999;-9999;-9999;-9999;-9999;-9999;-9999;-9999;-9999;-9999;-9999;-9999;-9999;
2007-03-10;07:00;-9999;-9999;-9999;-9999;-9999;-9999;-9999;-9999;-9999;-9999;-9999;-9999;-9999;-9999;-9999;-9999;-9999;
2007-03-10;08:00;-9999;-9999;-9999;-9999;-9999;-9999;-9999;-9999;-9999;-9999;-9999;-9999;-9999;-9999;-9999;-9999;-9999;
2007-03-10;09:00;-9999;-9999;-9999;-9999;-9999;-9999;-9999;-9999;-9999;-9999;-9999;-9999;-9999;-9999;-9999;-9999;-9999;
2007-03-10;10:00;-9999;-9999;-9999;-9999;-9999;-9999;-9999;-9999;-9999;-9999;-9999;-9999;-9999;-9999;-9999;-9999;-9999;
2007-03-10;11:00;-9999;-9999;-9999;-9999;-9999;-9999;-9999;-9999;-9999;-9999;-9999;-9999;-9999;-9999;-9999;-9999;-9999;
2007-03-10;12:00;-9999;-9999;-9999;-9999;-9999;-9999;-9999;-9999;-9999;-9999;-9999;-9999;-9999;-9999;-9999;-9999;-9999;
2007-03-10;13:00;-9999;-9999;-9999;-9999;-9999;-9999;-9999;-9999;-9999;-9999;-9999;-9999;-9999;-9999;-9999;-9999;-9999;
2007-03-10;14:00;-9999;-9999;-9999;-9999;-9999;-9999;-9999;-9999;-9999;-9999;-9999;-9999;-9999;-9999;-9999;-9999;-9999;
2007-03-10;15:00;-9999;-9999;-9999;-9999;-9999;-9999;-9999;-9999;-9999;-9999;-9999;-9999;-9999;-9999;-9999;-9999;-9999;
2007-03-10;16:00;-9999;-9999;-9999;-9999;-9999;-9999;-9999;-9999;-9999;-9999;-9999;-9999;-9999;-9999;-9999;-9999;-9999;
2007-03-10;17:00;-9999;-9999;-9999;-9999;-9999;-9999;-9999;-9999;-9999;-9999;-9999;-9999;-9999;-9999;-9999;-9999;-9999;
2007-03-10;18:00;-9999;-9999;-9999;-9999;-9999;-9999;-9999;-9999;-9999;-9999;-9999;-9999;-9999;-9999;-9999;-9999;-9999;
2007-03-10;19:00;-9999;-9999;-9999;-9999;-9999;-9999;-9999;-9999;-9999;-9999;-9999;-9999;-9999;-9999;-9999;-9999;-9999;
2007-03-10;20:00;-9999;-9999;-9999;-9999;-9999;-9999;-9999;-9999;-9999;-9999;-9999;-9999;-9999;-9999;-9999;-9999;-9999;
2007-03-10;21:00;-9999;-9999;-9999;-9999;-9999;-9999;-9999;-9999;-9999;-9999;-9999;-9999;-9999;-9999;-9999;-9999;-9999;
2007-03-10;22:00;-9999;-9999;-9999;-9999;-9999;-9999;-9999;-9999;-9999;-9999;-9999;-9999;-9999;-9999;-9999;-9999;-9999;
2007-03-10;23:00;-9999;-9999;-9999;-9999;-9999;-9999;-9999;-9999;-9999;-9999;-9999;-9999;-9999;-9999;-9999;-9999;-9999;
2007-03-11;00:00;-9999;-9999;-9999;-9999;-9999;-9999;-9999;-9999;-9999;-9999;-9999;-9999;-9999;-9999;-9999;-9999;-9999;
2007-03-11;01:00;-9999;-9999;-9999;-9999;-9999;-9999;-9999;-9999;-9999;-9999;-9999;-9999;-9999;-9999;-9999;-9999;-9999;
2007-03-11;02:00;-9999;-9999;-9999;-9999;-9999;-9999;-9999;-9999;-9999;-9999;-9999;-9999;-9999;-9999;-9999;-9999;-9999;
2007-03-11;03:00;-9999;-9999;-9999;-9999;-9999;-9999;-9999;-9999;-9999;-9999;-9999;-9999;-9999;-9999;-9999;-9999;-9999;
2007-03-11;04:00;-9999;-9999;-9999;-9999;-9999;-9999;-9999;-9999;-9999;-9999;-9999;-9999;-9999;-9999;-9999;-9999;-9999;
2007-03-11;05:00;-9999;-9999;-9999;-9999;-9999;-9999;-9999;-9999;-9999;-9999;-9999;-9999;-9999;-9999;-9999;-9999;-9999;
2007-03-11;06:00;-9999;-9999;-9999;-9999;-9999;-9999;-9999;-9999;-9999;-9999;-9999;-9999;-9999;-9999;-9999;-9999;-9999;
2007-03-11;07:00;-9999;-9999;-9999;-9999;-9999;-9999;-9999;-9999;-9999;-9999;-9999;-9999;-9999;-9999;-9999;-9999;-9999;
2007-03-11;08:00;-9999;-9999;-9999;-9999;-9999;-9999;-9999;-9999;-9999;-9999;-9999;-9999;-9999;-9999;-9999;-9999;-9999;
2007-03-11;09:00;-9999;-9999;-9999;-9999;-9999;-9999;-9999;-9999;-9999;-9999;-9999;-9999;-9999;-9999;-9999;-9999;-9999;
2007-03-11;10:00;-9999;-9999;-9999;-9999;-9999;-9999;-9999;-9999;-9999;-9999;-9999;-9999;-9999;-9999;-9999;-9999;-9999;
2007-03-11;11:00;-9999;-9999;-9999;-9999;-9999;-9999;-9999;-9999;-9999;-9999;-9999;-9999;-9999;-9999;-9999;-9999;-9999;
2007-03-11;12:00;-9999;-9999;-9999;-9999;-9999;-9999;-9999;-9999;-9999;-9999;-9999;-9999;-9999;-9999;-9999;-9999;-9999;
2007-03-11;13:00;-9999;-9999;-9999;-9999;-9999;-9999;-9999;-9999;-9999;-9999;-9999;-9999;-9999;-9999;-9999;-9999;-9999;
2007-03-11;14:00;-9999;-9999;-9999;-9999;-9999;-9999;-9999;-9999;-9999;-9999;-9999;-9999;-9999;-9999;-9999;-9999;-9999;
2007-03-11;15:00;-9999;-9999;-9999;-9999;-9999;-9999;-9999;-9999;-9999;-9999;-9999;-9999;-9999;-9999;-9999;-9999;-9999;
2007-03-11;16:00;-9999;-9999;-9999;-9999;-9999;-9999;-9999;-9999;-9999;-9999;-9999;-9999;-9999;-9999;-9999;-9999;-9999;
2007-03-11;17:00;-9999;-9999;-9999;-9999;-9999;-9999;-9999;-9999;-9999;-9999;-9999;-9999;-9999;-9999;-9999;-9999;-9999;
2007-03-11;18:00;-9999;-9999;-9999;-9999;-9999;-9999;-9999;-9999;-9999;-9999;-9999;-9999;-9999;-9999;-9999;-9999;-9999;
2007-03-11;19:00;-9999;-9999;-9999;-9999;-9999;-9999;-9999;-9999;-9999;-9999;-9999;-9999;-9999;-9999;-9999;-9999;-9999;
2007-03-11;20:00;-9999;-9999;-9999;-9999;-9999;-9999;-9999;-9999;-9999;-9999;-9999;-9999;-9999;-9999;-9999;-9999;-9999;
2007-03-11;21:00;-9999;-9999;-9999;-9999;-9999;-9999;-9999;-9999;-9999;-9999;-9999;-9999;-9999;-9999;-9999;-9999;-9999;
2007-03-11;22:00;-9999;-9999;-9999;-9999;-9999;-9999;-9999;-9999;-9999;-9999;-9999;-9999;-9999;-9999;-9999;-9999;-9999;
2007-03-11;23:00;-9999;-9999;-9999;-9999;-9999;-9999;-9999;-9999;-9999;-9999;-9999;-9999;-9999;-9999;-9999;-9999;-9999;
2007-03-12;00:00;-9999;-9999;-9999;-9999;-9999;-9999;-9999;-9999;-9999;-9999;-9999;-9999;-9999;-9999;-9999;-9999;-9999;
2007-03-12;01:00;-9999;-9999;-9999;-9999;-9999;-9999;-9999;-9999;-9999;-9999;-9999;-9999;-9999;-9999;-9999;-9999;-9999;
2007-03-12;02:00;-9999;-9999;-9999;-9999;-9999;-9999;-9999;-9999;-9999;-9999;-9999;-9999;-9999;-9999;-9999;-9999;-9999;
2007-03-12;03:00;-9999;-9999;-9999;-9999;-9999;-9999;-9999;-9999;-9999;-9999;-9999;-9999;-9999;-9999;-9999;-9999;-9999;
2007-03-12;04:00;-9999;-9999;-9999;-9999;-9999;-9999;-9999;-9999;-9999;-9999;-9999;-9999;-9999;-9999;-9999;-9999;-9999;
2007-03-12;05:00;-9999;-9999;-9999;-9999;-9999;-9999;-9999;-9999;-9999;-9999;-9999;-9999;-9999;-9999;-9999;-9999;-9999;
2007-03-12;06:00;-9999;-9999;-9999;-9999;-9999;-9999;-9999;-9999;-9999;-9999;-9999;-9999;-9999;-9999;-9999;-9999;-9999;
2007-03-12;07:00;-9999;-9999;-9999;-9999;-9999;-9999;-9999;-9999;-9999;-9999;-9999;-9999;-9999;-9999;-9999;-9999;-9999;
2007-03-12;08:00;-9999;-9999;-9999;-9999;-9999;-9999;-9999;-9999;-9999;-9999;-9999;-9999;-9999;-9999;-9999;-9999;-9999;
2007-03-12;09:00;-9999;-9999;-9999;-9999;-9999;-9999;-9999;-9999;-9999;-9999;-9999;-9999;-9999;-9999;-9999;-9999;-9999;
2007-03-12;10:00;-9999;-9999;-9999;-9999;-9999;-9999;-9999;-9999;-9999;-9999;-9999;-9999;-9999;-9999;-9999;-9999;-9999;
2007-03-12;11:00;-9999;-9999;-9999;-9999;-9999;-9999;-9999;-9999;-9999;-9999;-9999;-9999;-9999;-9999;-9999;-9999;-9999;
2007-03-12;12:00;-9999;-9999;-9999;-9999;-9999;-9999;-9999;-9999;-9999;-9999;-9999;-9999;-9999;-9999;-9999;-9999;-9999;
2007-03-12;13:00;-9999;-9999;-9999;-9999;-9999;-9999;-9999;-9999;-9999;-9999;-9999;-9999;-9999;-9999;-9999;-9999;-9999;
2007-03-12;14:00;-9999;-9999;-9999;-9999;-9999;-9999;-9999;-9999;-9999;-9999;-9999;-9999;-9999;-9999;-9999;-9999;-9999;
2007-03-12;15:00;-9999;-9999;-9999;-9999;-9999;-9999;-9999;-9999;-9999;-9999;-9999;-9999;-9999;-9999;-9999;-9999;-9999;
2007-03-12;16:00;-9999;-9999;-9999;-9999;-9999;-9999;-9999;-9999;-9999;-9999;-9999;-9999;-9999;-9999;-9999;-9999;-9999;
2007-03-12;17:00;-9999;-9999;-9999;-9999;-9999;-9999;-9999;-9999;-9999;-9999;-9999;-9999;-9999;-9999;-9999;-9999;-9999;
2007-03-12;18:00;-9999;-9999;-9999;-9999;-9999;-9999;-9999;-9999;-9999;-9999;-9999;-9999;-9999;-9999;-9999;-9999;-9999;
2007-03-12;19:00;-9999;-9999;-9999;-9999;-9999;-9999;-9999;-9999;-9999;-9999;-9999;-9999;-9999;-9999;-9999;-9999;-9999;
2007-03-12;20:00;-9999;-9999;-9999;-9999;-9999;-9999;-9999;-9999;-9999;-9999;-9999;-9999;-9999;-9999;-9999;-9999;-9999;
2007-03-12;21:00;-9999;-9999;-9999;-9999;-9999;-9999;-9999;-9999;-9999;-9999;-9999;-9999;-9999;-9999;-9999;-9999;-9999;
2007-03-12;22:00;-9999;-9999;-9999;-9999;-9999;-9999;-9999;-9999;-9999;-9999;-9999;-9999;-9999;-9999;-9999;-9999;-9999;
2007-03-12;23:00;-9999;-9999;-9999;-9999;-9999;-9999;-9999;-9999;-9999;-9999;-9999;-9999;-9999;-9999;-9999;-9999;-9999;
2007-03-13;00:00;-9999;-9999;-9999;-9999;-9999;-9999;-9999;-9999;-9999;-9999;-9999;-9999;-9999;-9999;-9999;-9999;-9999;
2007-03-13;01:00;-9999;-9999;-9999;-9999;-9999;-9999;-9999;-9999;-9999;-9999;-9999;-9999;-9999;-9999;-9999;-9999;-9999;
2007-03-13;02:00;-9999;-9999;-9999;-9999;-9999;-9999;-9999;-9999;-9999;-9999;-9999;-9999;-9999;-9999;-9999;-9999;-9999;
2007-03-13;03:00;-9999;-9999;-9999;-9999;-9999;-9999;-9999;-9999;-9999;-9999;-9999;-9999;-9999;-9999;-9999;-9999;-9999;
2007-03-13;04:00;-9999;-9999;-9999;-9999;-9999;-9999;-9999;-9999;-9999;-9999;-9999;-9999;-9999;-9999;-9999;-9999;-9999;
2007-03-13;05:00;-9999;-9999;-9999;-9999;-9999;-9999;-9999;-9999;-9999;-9999;-9999;-9999;-9999;-9999;-9999;-9999;-9999;
2007-03-13;06:00;-9999;-9999;-9999;-9999;-9999;-9999;-9999;-9999;-9999;-9999;-9999;-9999;-9999;-9999;-9999;-9999;-9999;
2007-03-13;07:00;-9999;-9999;-9999;-9999;-9999;-9999;-9999;-9999;-9999;-9999;-9999;-9999;-9999;-9999;-9999;-9999;-9999;
2007-03-13;08:00;-9999;-9999;-9999;-9999;-9999;-9999;-9999;-9999;-9999;-9999;-9999;-9999;-9999;-9999;-9999;-9999;-9999;
2007-03-13;09:00;-9999;-9999;-9999;-9999;-9999;-9999;-9999;-9999;-9999;-9999;-9999;-9999;-9999;-9999;-9999;-9999;-9999;
2007-03-13;10:00;-9999;-9999;-9999;-9999;-9999;-9999;-9999;-9999;-9999;-9999;-9999;-9999;-9999;-9999;-9999;-9999;-9999;
2007-03-13;11:00;-9999;-9999;-9999;-9999;-9999;-9999;-9999;-9999;-9999;-9999;-9999;-9999;-9999;-9999;-9999;-9999;-9999;
2007-03-13;12:00;-9999;-9999;-9999;-9999;-9999;-9999;-9999;-9999;-9999;-9999;-9999;-9999;-9999;-9999;-9999;-9999;-9999;
2007-03-13;13:00;-9999;-9999;-9999;-9999;-9999;-9999;-9999;-9999;-9999;-9999;-9999;-9999;-9999;-9999;-9999;-9999;-9999;
2007-03-13;14:00;-9999;-9999;-9999;-9999;-9999;-9999;-9999;-9999;-9999;-9999;-9999;-9999;-9999;-9999;-9999;-9999;-9999;
2007-03-13;15:00;-9999;-9999;-9999;-9999;-9999;-9999;-9999;-9999;-9999;-9999;-9999;-9999;-9999;-9999;-9999;-9999;-9999;
2007-03-13;16:00;-9999;-9999;-9999;-9999;-9999;-9999;-9999;-9999;-9999;-9999;-9999;-9999;-9999;-9999;-9999;-9999;-9999;
2007-03-13;17:00;-9999;-9999;-9999;-9999;-9999;-9999;-9999;-9999;-9999;-9999;-9999;-9999;-9999;-9999;-9999;-9999;-9999;
2007-03-13;18:00;-9999;-9999;-9999;-9999;-9999;-9999;-9999;-9999;-9999;-9999;-9999;-9999;-9999;-9999;-9999;-9999;-9999;
2007-03-13;19:00;-9999;-9999;-9999;-9999;-9999;-9999;-9999;-9999;-9999;-9999;-9999;-9999;-9999;-9999;-9999;-9999;-9999;
2007-03-13;20:00;-9999;-9999;-9999;-9999;-9999;-9999;-9999;-9999;-9999;-9999;-9999;-9999;-9999;-9999;-9999;-9999;-9999;
2007-03-13;21:00;-9999;-9999;-9999;-9999;-9999;-9999;-9999;-9999;-9999;-9999;-9999;-9999;-9999;-9999;-9999;-9999;-9999;
2007-03-13;22:00;-9999;-9999;-9999;-9999;-9999;-9999;-9999;-9999;-9999;-9999;-9999;-9999;-9999;-9999;-9999;-9999;-9999;
2007-03-13;23:00;-9999;-9999;-9999;-9999;-9999;-9999;-9999;-9999;-9999;-9999;-9999;-9999;-9999;-9999;-9999;-9999;-9999;
2007-03-14;00:00;-9999;-9999;-9999;-9999;-9999;-9999;-9999;-9999;-9999;-9999;-9999;-9999;-9999;-9999;-9999;-9999;-9999;
2007-03-14;01:00;-9999;-9999;-9999;-9999;-9999;-9999;-9999;-9999;-9999;-9999;-9999;-9999;-9999;-9999;-9999;-9999;-9999;
2007-03-14;02:00;-9999;-9999;-9999;-9999;-9999;-9999;-9999;-9999;-9999;-9999;-9999;-9999;-9999;-9999;-9999;-9999;-9999;
2007-03-14;03:00;-9999;-9999;-9999;-9999;-9999;-9999;-9999;-9999;-9999;-9999;-9999;-9999;-9999;-9999;-9999;-9999;-9999;
2007-03-14;04:00;-9999;-9999;-9999;-9999;-9999;-9999;-9999;-9999;-9999;-9999;-9999;-9999;-9999;-9999;-9999;-9999;-9999;
2007-03-14;05:00;-9999;-9999;-9999;-9999;-9999;-9999;-9999;-9999;-9999;-9999;-9999;-9999;-9999;-9999;-9999;-9999;-9999;
2007-03-14;06:00;-9999;-9999;-9999;-9999;-9999;-9999;-9999;-9999;-9999;-9999;-9999;-9999;-9999;-9999;-9999;-9999;-9999;
2007-03-14;07:00;-9999;-9999;-9999;-9999;-9999;-9999;-9999;-9999;-9999;-9999;-9999;-9999;-9999;-9999;-9999;-9999;-9999;
2007-03-14;08:00;-9999;-9999;-9999;-9999;-9999;-9999;-9999;-9999;-9999;-9999;-9999;-9999;-9999;-9999;-9999;-9999;-9999;
2007-03-14;09:00;-9999;-9999;-9999;-9999;-9999;-9999;-9999;-9999;-9999;-9999;-9999;-9999;-9999;-9999;-9999;-9999;-9999;
2007-03-14;10:00;-9999;-9999;-9999;-9999;-9999;-9999;-9999;-9999;-9999;-9999;-9999;-9999;-9999;-9999;-9999;-9999;-9999;
2007-03-14;11:00;-9999;-9999;-9999;-9999;-9999;-9999;-9999;-9999;-9999;-9999;-9999;-9999;-9999;-9999;-9999;-9999;-9999;
2007-03-14;12:00;-9999;-9999;-9999;-9999;-9999;-9999;-9999;-9999;-9999;-9999;-9999;-9999;-9999;-9999;-9999;-9999;-9999;
2007-03-14;13:00;-9999;-9999;-9999;-9999;-9999;-9999;-9999;-9999;-9999;-9999;-9999;-9999;-9999;-9999;-9999;-9999;-9999;
2007-03-14;14:00;-9999;-9999;-9999;-9999;-9999;-9999;-9999;-9999;-9999;-9999;-9999;-9999;-9999;-9999;-9999;-9999;-9999;
2007-03-14;15:00;-9999;-9999;-9999;-9999;-9999;-9999;-9999;-9999;-9999;-9999;-9999;-9999;-9999;-9999;-9999;-9999;-9999;
2007-03-14;16:00;-9999;-9999;-9999;-9999;-9999;-9999;-9999;-9999;-9999;-9999;-9999;-9999;-9999;-9999;-9999;-9999;-9999;
2007-03-14;17:00;-9999;-9999;-9999;-9999;-9999;-9999;-9999;-9999;-9999;-9999;-9999;-9999;-9999;-9999;-9999;-9999;-9999;
2007-03-14;18:00;-9999;-9999;-9999;-9999;-9999;-9999;-9999;-9999;-9999;-9999;-9999;-9999;-9999;-9999;-9999;-9999;-9999;
2007-03-14;19:00;-9999;-9999;-9999;-9999;-9999;-9999;-9999;-9999;-9999;-9999;-9999;-9999;-9999;-9999;-9999;-9999;-9999;
2007-03-14;20:00;-9999;-9999;-9999;-9999;-9999;-9999;-9999;-9999;-9999;-9999;-9999;-9999;-9999;-9999;-9999;-9999;-9999;
2007-03-14;21:00;-9999;-9999;-9999;-9999;-9999;-9999;-9999;-9999;-9999;-9999;-9999;-9999;-9999;-9999;-9999;-9999;-9999;
2007-03-14;22:00;-9999;-9999;-9999;-9999;-9999;-9999;-9999;-9999;-9999;-9999;-9999;-9999;-9999;-9999;-9999;-9999;-9999;
2007-03-14;23:00;-9999;-9999;-9999;-9999;-9999;-9999;-9999;-9999;-9999;-9999;-9999;-9999;-9999;-9999;-9999;-9999;-9999;
2007-03-15;00:00;-9999;-9999;-9999;-9999;-9999;-9999;-9999;-9999;-9999;-9999;-9999;-9999;-9999;-9999;-9999;-9999;-9999;
2007-03-15;01:00;-9999;-9999;-9999;-9999;-9999;-9999;-9999;-9999;-9999;-9999;-9999;-9999;-9999;-9999;-9999;-9999;-9999;
2007-03-15;02:00;-9999;-9999;-9999;-9999;-9999;-9999;-9999;-9999;-9999;-9999;-9999;-9999;-9999;-9999;-9999;-9999;-9999;
2007-03-15;03:00;-9999;-9999;-9999;-9999;-9999;-9999;-9999;-9999;-9999;-9999;-9999;-9999;-9999;-9999;-9999;-9999;-9999;
2007-03-15;04:00;-9999;-9999;-9999;-9999;-9999;-9999;-9999;-9999;-9999;-9999;-9999;-9999;-9999;-9999;-9999;-9999;-9999;
2007-03-15;05:00;-9999;-9999;-9999;-9999;-9999;-9999;-9999;-9999;-9999;-9999;-9999;-9999;-9999;-9999;-9999;-9999;-9999;
2007-03-15;06:00;-9999;-9999;-9999;-9999;-9999;-9999;-9999;-9999;-9999;-9999;-9999;-9999;-9999;-9999;-9999;-9999;-9999;
2007-03-15;07:00;-9999;-9999;-9999;-9999;-9999;-9999;-9999;-9999;-9999;-9999;-9999;-9999;-9999;-9999;-9999;-9999;-9999;
2007-03-15;08:00;-9999;-9999;-9999;-9999;-9999;-9999;-9999;-9999;-9999;-9999;-9999;-9999;-9999;-9999;-9999;-9999;-9999;
2007-03-15;09:00;-9999;-9999;-9999;-9999;-9999;-9999;-9999;-9999;-9999;-9999;-9999;-9999;-9999;-9999;-9999;-9999;-9999;
2007-03-15;10:00;-9999;-9999;-9999;-9999;-9999;-9999;-9999;-9999;-9999;-9999;-9999;-9999;-9999;-9999;-9999;-9999;-9999;
2007-03-15;11:00;-9999;-9999;-9999;-9999;-9999;-9999;-9999;-9999;-9999;-9999;-9999;-9999;-9999;-9999;-9999;-9999;-9999;
2007-03-15;12:00;-9999;-9999;-9999;-9999;-9999;-9999;-9999;-9999;-9999;-9999;-9999;-9999;-9999;-9999;-9999;-9999;-9999;
2007-03-15;13:00;-9999;-9999;-9999;-9999;-9999;-9999;-9999;-9999;-9999;-9999;-9999;-9999;-9999;-9999;-9999;-9999;-9999;
2007-03-15;14:00;-9999;-9999;-9999;-9999;-9999;-9999;-9999;-9999;-9999;-9999;-9999;-9999;-9999;-9999;-9999;-9999;-9999;
2007-03-15;15:00;-9999;-9999;-9999;-9999;-9999;-9999;-9999;-9999;-9999;-9999;-9999;-9999;-9999;-9999;-9999;-9999;-9999;
2007-03-15;16:00;-9999;-9999;-9999;-9999;-9999;-9999;-9999;-9999;-9999;-9999;-9999;-9999;-9999;-9999;-9999;-9999;-9999;
2007-03-15;17:00;-9999;-9999;-9999;-9999;-9999;-9999;-9999;-9999;-9999;-9999;-9999;-9999;-9999;-9999;-9999;-9999;-9999;
2007-03-15;18:00;-9999;-9999;-9999;-9999;-9999;-9999;-9999;-9999;-9999;-9999;-9999;-9999;-9999;-9999;-9999;-9999;-9999;
2007-03-15;19:00;-9999;-9999;-9999;-9999;-9999;-9999;-9999;-9999;-9999;-9999;-9999;-9999;-9999;-9999;-9999;-9999;-9999;
2007-03-15;20:00;-9999;-9999;-9999;-9999;-9999;-9999;-9999;-9999;-9999;-9999;-9999;-9999;-9999;-9999;-9999;-9999;-9999;
2007-03-15;21:00;-9999;-9999;-9999;-9999;-9999;-9999;-9999;-9999;-9999;-9999;-9999;-9999;-9999;-9999;-9999;-9999;-9999;
2007-03-15;22:00;-9999;-9999;-9999;-9999;-9999;-9999;-9999;-9999;-9999;-9999;-9999;-9999;-9999;-9999;-9999;-9999;-9999;
2007-03-15;23:00;-9999;-9999;-9999;-9999;-9999;-9999;-9999;-9999;-9999;-9999;-9999;-9999;-9999;-9999;-9999;-9999;-9999;
2007-03-16;00:00;-9999;-9999;-9999;-9999;-9999;-9999;-9999;-9999;-9999;-9999;-9999;-9999;-9999;-9999;-9999;-9999;-9999;
2007-03-16;01:00;-9999;-9999;-9999;-9999;-9999;-9999;-9999;-9999;-9999;-9999;-9999;-9999;-9999;-9999;-9999;-9999;-9999;
2007-03-16;02:00;-9999;-9999;-9999;-9999;-9999;-9999;-9999;-9999;-9999;-9999;-9999;-9999;-9999;-9999;-9999;-9999;-9999;
2007-03-16;03:00;-9999;-9999;-9999;-9999;-9999;-9999;-9999;-9999;-9999;-9999;-9999;-9999;-9999;-9999;-9999;-9999;-9999;
2007-03-16;04:00;-9999;-9999;-9999;-9999;-9999;-9999;-9999;-9999;-9999;-9999;-9999;-9999;-9999;-9999;-9999;-9999;-9999;
2007-03-16;05:00;-9999;-9999;-9999;-9999;-9999;-9999;-9999;-9999;-9999;-9999;-9999;-9999;-9999;-9999;-9999;-9999;-9999;
2007-03-16;06:00;-9999;-9999;-9999;-9999;-9999;-9999;-9999;-9999;-9999;-9999;-9999;-9999;-9999;-9999;-9999;-9999;-9999;
2007-03-16;07:00;-9999;-9999;-9999;-9999;-9999;-9999;-9999;-9999;-9999;-9999;-9999;-9999;-9999;-9999;-9999;-9999;-9999;
2007-03-16;08:00;-9999;-9999;-9999;-9999;-9999;-9999;-9999;-9999;-9999;-9999;-9999;-9999;-9999;-9999;-9999;-9999;-9999;
2007-03-16;09:00;-9999;-9999;-9999;-9999;-9999;-9999;-9999;-9999;-9999;-9999;-9999;-9999;-9999;-9999;-9999;-9999;-9999;
2007-03-16;10:00;-9999;-9999;-9999;-9999;-9999;-9999;-9999;-9999;-9999;-9999;-9999;-9999;-9999;-9999;-9999;-9999;-9999;
2007-03-16;11:00;-9999;-9999;-9999;-9999;-9999;-9999;-9999;-9999;-9999;-9999;-9999;-9999;-9999;-9999;-9999;-9999;-9999;
2007-03-16;12:00;-9999;-9999;-9999;-9999;-9999;-9999;-9999;-9999;-9999;-9999;-9999;-9999;-9999;-9999;-9999;-9999;-9999;
2007-03-16;13:00;-9999;-9999;-9999;-9999;-9999;-9999;-9999;-9999;-9999;-9999;-9999;-9999;-9999;-9999;-9999;-9999;-9999;
2007-03-16;14:00;-9999;-9999;-9999;-9999;-9999;-9999;-9999;-9999;-9999;-9999;-9999;-9999;-9999;-9999;-9999;-9999;-9999;
2007-03-16;15:00;-9999;-9999;-9999;-9999;-9999;-9999;-9999;-9999;-9999;-9999;-9999;-9999;-9999;-9999;-9999;-9999;-9999;
2007-03-16;16:00;-9999;-9999;-9999;-9999;-9999;-9999;-9999;-9999;-9999;-9999;-9999;-9999;-9999;-9999;-9999;-9999;-9999;
2007-03-16;17:00;-9999;-9999;-9999;-9999;-9999;-9999;-9999;-9999;-9999;-9999;-9999;-9999;-9999;-9999;-9999;-9999;-9999;
2007-03-16;18:00;-9999;-9999;-9999;-9999;-9999;-9999;-9999;-9999;-9999;-9999;-9999;-9999;-9999;-9999;-9999;-9999;-9999;
2007-03-16;19:00;-9999;-9999;-9999;-9999;-9999;-9999;-9999;-9999;-9999;-9999;-9999;-9999;-9999;-9999;-9999;-9999;-9999;
2007-03-16;20:00;-9999;-9999;-9999;-9999;-9999;-9999;-9999;-9999;-9999;-9999;-9999;-9999;-9999;-9999;-9999;-9999;-9999;
2007-03-16;21:00;-9999;-9999;-9999;-9999;-9999;-9999;-9999;-9999;-9999;-9999;-9999;-9999;-9999;-9999;-9999;-9999;-9999;
2007-03-16;22:00;-9999;-9999;-9999;-9999;-9999;-9999;-9999;-9999;-9999;-9999;-9999;-9999;-9999;-9999;-9999;-9999;-9999;
2007-03-16;23:00;-9999;-9999;-9999;-9999;-9999;-9999;-9999;-9999;-9999;-9999;-9999;-9999;-9999;-9999;-9999;-9999;-9999;
2007-03-17;00:00;-9999;-9999;-9999;-9999;-9999;-9999;-9999;-9999;-9999;-9999;-9999;-9999;-9999;-9999;-9999;-9999;-9999;
2007-03-17;01:00;-9999;-9999;-9999;-9999;-9999;-9999;-9999;-9999;-9999;-9999;-9999;-9999;-9999;-9999;-9999;-9999;-9999;
2007-03-17;02:00;-9999;-9999;-9999;-9999;-9999;-9999;-9999;-9999;-9999;-9999;-9999;-9999;-9999;-9999;-9999;-9999;-9999;
2007-03-17;03:00;-9999;-9999;-9999;-9999;-9999;-9999;-9999;-9999;-9999;-9999;-9999;-9999;-9999;-9999;-9999;-9999;-9999;
2007-03-17;04:00;-9999;-9999;-9999;-9999;-9999;-9999;-9999;-9999;-9999;-9999;-9999;-9999;-9999;-9999;-9999;-9999;-9999;
2007-03-17;05:00;-9999;-9999;-9999;-9999;-9999;-9999;-9999;-9999;-9999;-9999;-9999;-9999;-9999;-9999;-9999;-9999;-9999;
2007-03-17;06:00;-9999;-9999;-9999;-9999;-9999;-9999;-9999;-9999;-9999;-9999;-9999;-9999;-9999;-9999;-9999;-9999;-9999;
2007-03-17;07:00;-9999;-9999;-9999;-9999;-9999;-9999;-9999;-9999;-9999;-9999;-9999;-9999;-9999;-9999;-9999;-9999;-9999;
2007-03-17;08:00;-9999;-9999;-9999;-9999;-9999;-9999;-9999;-9999;-9999;-9999;-9999;-9999;-9999;-9999;-9999;-9999;-9999;
2007-03-17;09:00;-9999;-9999;-9999;-9999;-9999;-9999;-9999;-9999;-9999;-9999;-9999;-9999;-9999;-9999;-9999;-9999;-9999;
2007-03-17;10:00;-9999;-9999;-9999;-9999;-9999;-9999;-9999;-9999;-9999;-9999;-9999;-9999;-9999;-9999;-9999;-9999;-9999;
2007-03-17;11:00;-9999;-9999;-9999;-9999;-9999;-9999;-9999;-9999;-9999;-9999;-9999;-9999;-9999;-9999;-9999;-9999;-9999;
2007-03-17;12:00;-9999;-9999;-9999;-9999;-9999;-9999;-9999;-9999;-9999;-9999;-9999;-9999;-9999;-9999;-9999;-9999;-9999;
2007-03-17;13:00;-9999;-9999;-9999;-9999;-9999;-9999;-9999;-9999;-9999;-9999;-9999;-9999;-9999;-9999;-9999;-9999;-9999;
2007-03-17;14:00;-9999;-9999;-9999;-9999;-9999;-9999;-9999;-9999;-9999;-9999;-9999;-9999;-9999;-9999;-9999;-9999;-9999;
2007-03-17;15:00;-9999;-9999;-9999;-9999;-9999;-9999;-9999;-9999;-9999;-9999;-9999;-9999;-9999;-9999;-9999;-9999;-9999;
2007-03-17;16:00;-9999;-9999;-9999;-9999;-9999;-9999;-9999;-9999;-9999;-9999;-9999;-9999;-9999;-9999;-9999;-9999;-9999;
2007-03-17;17:00;-9999;-9999;-9999;-9999;-9999;-9999;-9999;-9999;-9999;-9999;-9999;-9999;-9999;-9999;-9999;-9999;-9999;
2007-03-17;18:00;-9999;-9999;-9999;-9999;-9999;-9999;-9999;-9999;-9999;-9999;-9999;-9999;-9999;-9999;-9999;-9999;-9999;
2007-03-17;19:00;-9999;-9999;-9999;-9999;-9999;-9999;-9999;-9999;-9999;-9999;-9999;-9999;-9999;-9999;-9999;-9999;-9999;
2007-03-17;20:00;-9999;-9999;-9999;-9999;-9999;-9999;-9999;-9999;-9999;-9999;-9999;-9999;-9999;-9999;-9999;-9999;-9999;
2007-03-17;21:00;-9999;-9999;-9999;-9999;-9999;-9999;-9999;-9999;-9999;-9999;-9999;-9999;-9999;-9999;-9999;-9999;-9999;
2007-03-17;22:00;-9999;-9999;-9999;-9999;-9999;-9999;-9999;-9999;-9999;-9999;-9999;-9999;-9999;-9999;-9999;-9999;-9999;
2007-03-17;23:00;-9999;-9999;-9999;-9999;-9999;-9999;-9999;-9999;-9999;-9999;-9999;-9999;-9999;-9999;-9999;-9999;-9999;
2007-03-18;00:00;-9999;-9999;-9999;-9999;-9999;-9999;-9999;-9999;-9999;-9999;-9999;-9999;-9999;-9999;-9999;-9999;-9999;
2007-03-18;01:00;-9999;-9999;-9999;-9999;-9999;-9999;-9999;-9999;-9999;-9999;-9999;-9999;-9999;-9999;-9999;-9999;-9999;
2007-03-18;02:00;-9999;-9999;-9999;-9999;-9999;-9999;-9999;-9999;-9999;-9999;-9999;-9999;-9999;-9999;-9999;-9999;-9999;
2007-03-18;03:00;-9999;-9999;-9999;-9999;-9999;-9999;-9999;-9999;-9999;-9999;-9999;-9999;-9999;-9999;-9999;-9999;-9999;
2007-03-18;04:00;-9999;-9999;-9999;-9999;-9999;-9999;-9999;-9999;-9999;-9999;-9999;-9999;-9999;-9999;-9999;-9999;-9999;
2007-03-18;05:00;-9999;-9999;-9999;-9999;-9999;-9999;-9999;-9999;-9999;-9999;-9999;-9999;-9999;-9999;-9999;-9999;-9999;
2007-03-18;06:00;-9999;-9999;-9999;-9999;-9999;-9999;-9999;-9999;-9999;-9999;-9999;-9999;-9999;-9999;-9999;-9999;-9999;
2007-03-18;07:00;-9999;-9999;-9999;-9999;-9999;-9999;-9999;-9999;-9999;-9999;-9999;-9999;-9999;-9999;-9999;-9999;-9999;
2007-03-18;08:00;-9999;-9999;-9999;-9999;-9999;-9999;-9999;-9999;-9999;-9999;-9999;-9999;-9999;-9999;-9999;-9999;-9999;
2007-03-18;09:00;0;967,2;967,2;966,8;-9999;20,8;19,5;21,2;20,8;19,8;19,5;92;90;92;236;4,8;1,9;
2007-03-18;10:00;0;967,9;967,9;967,1;3,5;20,5;19;20,9;20,5;19,5;19;92;91;91;227;5,6;1,8;
2007-03-18;11:00;0;968,7;968,7;967,9;259;20,9;19;20,9;20,5;19,2;19;92;89;89;230;5,9;2,3;
2007-03-18;12:00;0;969,2;969,2;968,7;827,4;22;18,6;22;20,9;19,3;18,5;90;81;81;203;6,1;2,3;
2007-03-18;13:00;0;969,9;969,9;969,2;1651,1;23,2;17,9;23,4;21,9;19,4;17,8;83;72;72;193;6,4;2,4;
2007-03-18;14:00;0;969,8;970;969,7;2651,6;24,9;18,1;25,1;23,2;19,1;17,9;75;64;66;188;6,2;2,7;
2007-03-18;15:00;0;969,4;969,8;969,4;2982,8;26,2;17,5;26,3;24,6;19;16,9;69;58;59;201;6;2,1;
2007-03-18;16:00;0;968,7;969,4;968,7;3387,5;26,8;16,2;27,6;26,2;17,9;15,5;59;48;52;231;6,2;2,5;
2007-03-18;17:00;0;967,9;968,7;967,9;2951,9;27,9;16,1;28,2;26,7;17,5;15,1;54;48;49;235;7,1;2,4;
2007-03-18;18:00;0;966,6;967,9;966,6;2534,5;27,8;16;28,3;26,9;16,9;15,2;53;45;49;242;7,6;3;
2007-03-18;19:00;0;965,7;966,6;965,7;2281,6;28,6;14,1;28,8;27,3;15,9;14,1;49;41;41;240;8,4;3,5;
2007-03-18;20:00;0;965,5;965,7;965,5;2010,5;27,9;12,5;29,1;27,9;13,9;11,9;41;35;38;238;8,9;4,2;
2007-03-18;21:00;0;965,9;965,9;965,5;1043,8;26,5;12,1;27,9;26,5;12,3;10,2;41;34;41;243;9;4;
2007-03-18;22:00;0;966,3;966,3;965,8;156,1;23,9;13,2;26,5;23,9;13,3;11,8;51;40;51;240;8,5;2,6;
2007-03-18;23:00;0;967,4;967,4;966,3;-9999;21,9;13,9;23,9;21,9;13,9;13,3;60;51;60;233;5,1;2;
2007-03-19;00:00;0;968,6;968,6;967,4;-9999;20,6;14,3;21,9;20,6;14,4;14;67;60;67;240;4,6;2,3;
2007-03-19;01:00;0;969,7;969,7;968,6;-9999;18,5;14,6;20,6;18,5;14,6;14,3;78;67;78;260;4,6;1,6;
2007-03-19;02:00;0;969,7;969,9;969,7;-9999;17,4;14,4;18,5;16,6;14,8;14,4;88;78;83;260;2,9;2,1;
2007-03-19;03:00;-9999;-9999;-9999;-9999;-9999;-9999;-9999;-9999;-9999;-9999;-9999;-9999;-9999;-9999;-9999;-9999;-9999;
2007-03-19;04:00;0;969,5;969,7;969,5;-9999;16,4;14,1;17,4;16,3;14,3;14,1;88;82;87;261;3,2;2,4;
2007-03-19;05:00;0;969,2;969,5;969,1;-9999;16,4;14,5;16,6;16,1;14,6;14,1;90;86;89;257;3,3;2,2;
2007-03-19;06:00;0;968,9;969,2;968,8;-9999;15,7;14,3;16,5;15,7;14,7;14,3;91;89;91;259;3,5;2,8;
2007-03-19;07:00;0;968,6;968,9;968,5;-9999;15,5;14,1;15,9;15,3;14,4;14,1;92;90;92;259;4,1;2,6;
2007-03-19;08:00;0;968,6;968,7;968,4;-9999;15,4;14;15,7;15,2;14,2;13,9;93;90;91;257;3,6;2,6;
2007-03-19;09:00;0;969,1;969,1;968,6;-9999;14,8;13,6;15,4;14,8;14;13,6;93;91;93;261;3,4;1,7;
2007-03-19;10:00;0;969,5;969,5;969,1;7,4;15,1;13,8;15,4;14,6;14;13,5;94;91;92;258;3,9;3;
2007-03-19;11:00;0;970,1;970,1;969,5;523,3;17,9;15;17,9;15,1;15,2;13,8;92;83;83;260;3,8;1,8;
2007-03-19;12:00;0;970,7;970,7;970,1;1351;21,6;15,1;21,8;17,9;16,8;14,9;84;65;67;226;4,4;1,7;
2007-03-19;13:00;0;970,9;970,9;970,7;2226,6;23;15;23;21,6;15,7;14,2;67;60;61;191;4,7;1,7;
2007-03-19;14:00;0;970,9;970,9;970,8;2345,1;24;14,6;24,3;22,7;15,6;13,7;62;54;55;211;6,8;1,3;
2007-03-19;15:00;0;970,5;970,9;970,5;1737,3;23,7;14;24,5;23,5;15,3;13,3;59;51;54;235;5,8;2,6;
2007-03-19;16:00;0;969,9;970,5;969,9;2096,5;24,8;14,1;25,2;23,7;14,9;13,4;55;49;51;243;5,7;2,6;
2007-03-19;17:00;0;969,2;969,9;969,2;2496,7;25,8;13,7;25,8;24,8;14,8;12,8;53;45;47;209;5,3;2,3;
2007-03-19;18:00;0;968,4;969,2;968,4;2680,9;26,5;13,1;27,2;25,3;14,6;12,7;50;42;44;237;6,6;2,7;
2007-03-19;19:00;0;968;968,4;968;2359;26,9;13,7;27,7;25,9;14,5;12,7;48;40;44;265;6,4;2,9;
2007-03-19;20:00;0;967,6;968;967,6;1099,2;25,9;13,2;27,3;25,9;14,2;12,4;46;41;45;201;5,4;1,4;
2007-03-19;21:00;0;967,5;967,7;967,5;551,3;26;13,3;26,5;25,6;14,2;12,9;49;44;46;231;4;2;
2007-03-19;22:00;0;967,7;967,7;967,5;111,6;24;15,1;26;24;15,2;13;58;45;57;178;5,2;,1;
2007-03-19;23:00;0;968,2;968,2;967,7;-9999;23,1;15,6;24;23;15,8;14,6;64;56;63;184;3,7;,6;
2007-03-20;00:00;0;968,5;968,5;968,2;-9999;21;16,4;23,1;21;16,7;15,6;75;62;75;261;2,2;1;
2007-03-20;01:00;0;969;969;968,5;-9999;19,3;15,8;21,3;19,3;16,3;15,5;80;70;80;268;2,4;1,1;
2007-03-20;02:00;0;969,3;969,3;969;-9999;20,5;15,5;20,5;18,9;15,9;15,4;82;73;73;238;2,8;1,5;
2007-03-20;03:00;0;969,3;969,4;969,2;-9999;17,6;15,7;20,5;17,5;15,7;15,3;89;73;88;354;2,8;,5;
2007-03-20;04:00;-9999;-9999;-9999;-9999;-9999;-9999;-9999;-9999;-9999;-9999;-9999;-9999;-9999;-9999;-9999;-9999;-9999;
2007-03-20;05:00;0;968,7;968,9;968,7;-9999;16,2;15,1;17,3;16;15,5;14,9;94;89;93;263;2,1;1,6;
2007-03-20;06:00;-9999;-9999;-9999;-9999;-9999;-9999;-9999;-9999;-9999;-9999;-9999;-9999;-9999;-9999;-9999;-9999;-9999;
2007-03-20;07:00;0;968,2;968,5;968,2;-9999;15,1;14,4;15,6;15;14,9;14,3;96;95;95;276;2,1;,7;
2007-03-20;08:00;0;968,3;968,3;968,2;-9999;15;14,2;15,2;15;14,5;14,2;96;95;95;261;2;1,5;
2007-03-20;09:00;-9999;-9999;-9999;-9999;-9999;-9999;-9999;-9999;-9999;-9999;-9999;-9999;-9999;-9999;-9999;-9999;-9999;
2007-03-20;10:00;-9999;-9999;-9999;-9999;-9999;-9999;-9999;-9999;-9999;-9999;-9999;-9999;-9999;-9999;-9999;-9999;-9999;
2007-03-20;11:00;-9999;-9999;-9999;-9999;-9999;-9999;-9999;-9999;-9999;-9999;-9999;-9999;-9999;-9999;-9999;-9999;-9999;
2007-03-20;12:00;-9999;-9999;-9999;-9999;-9999;-9999;-9999;-9999;-9999;-9999;-9999;-9999;-9999;-9999;-9999;-9999;-9999;
2007-03-20;13:00;0;970,7;970,8;970,6;2150,6;23,3;16,2;23,7;21,6;17,8;16;77;63;65;167;2,3;1;
2007-03-20;14:00;0;970,7;970,8;970,6;2436,7;24,2;16,2;25,1;23,3;17,3;15,6;65;57;61;138;3;,5;
2007-03-20;15:00;0;970,2;970,7;970,2;2327,1;26,8;14,8;26,9;24,2;17,9;14,5;62;48;48;310;4,6;1,5;
2007-03-20;16:00;0;969,5;970,2;969,5;1871,3;26,5;14,5;27,1;25,9;15,6;13,5;54;44;48;232;4,1;1,3;
2007-03-20;17:00;0;968,5;969,5;968,5;2829,8;27,7;14,2;28,6;26,4;16,2;13,8;50;42;44;257;5,1;2,2;
2007-03-20;18:00;0;967,8;968,5;967,8;1923,7;28,7;13,4;28,8;27;15,5;13,1;47;39;39;289;5,6;1,8;
2007-03-20;19:00;0;967,2;967,8;967,2;852,2;27,2;14,6;28,6;27,2;14,7;12,8;47;39;46;237;5,6;1,4;
2007-03-20;20:00;0;966,8;967,2;966,8;1089,4;28,7;14,2;28,8;27;15,1;13,2;47;39;41;242;4,5;1,6;
2007-03-20;21:00;0;966,7;966,8;966,7;1045,7;28,4;13,2;29,1;28,3;14,3;12,3;41;36;39;243;4,5;1,5;
2007-03-20;22:00;0;966,8;966,8;966,7;167,2;26,3;14,2;28,5;26,3;14,2;13;47;38;47;232;3,3;1;
2007-03-20;23:00;0;967,2;967,2;966,8;-9999;22,9;16,7;26,3;22,5;17,8;15;72;47;68;283;1,8;0;
2007-03-21;00:00;0;967,5;967,5;967,2;-9999;21,1;16,7;23,1;21;16,9;16;77;65;76;268;3,4;2,1;
2007-03-21;01:00;0;967,8;967,9;967,5;-9999;20,1;17,3;21,4;20,1;17,6;16,5;85;75;84;123;3,2;0;
2007-03-21;02:00;0;967,9;968;967,8;-9999;19,7;16,4;20,2;19,5;17,2;16,4;85;80;81;264;4,2;3,4;
2007-03-21;03:00;0;968,2;968,3;967,9;-9999;18,4;16,5;19,7;18,4;16,8;16,3;89;81;89;311;4,2;,6;
2007-03-21;04:00;0;968;968,2;968;-9999;17,5;16,1;18,4;17,4;16,7;15,8;92;89;92;267;1,4;,9;
2007-03-21;05:00;0;967,6;968;967,6;-9999;17,2;15,9;18,2;17,2;16,4;15,9;92;89;92;266;2,8;2,2;
2007-03-21;06:00;0;967,6;967,7;967,6;-9999;16,9;15,8;17,2;16,9;16;15,7;94;92;94;278;3;1,2;
2007-03-21;07:00;0;967,2;967,6;967,2;-9999;17;15,8;17,5;16,9;16,1;15,8;94;91;93;263;2,2;1,6;
2007-03-21;08:00;0;967,2;967,2;967,1;-9999;16,6;15,6;17,1;16,5;15,9;15,6;95;93;94;281;2,3;,8;
2007-03-21;09:00;0;967,3;967,4;967,2;-9999;16,1;15,5;16,6;15,6;15,7;14,6;97;93;96;215;1,8;,2;
2007-03-21;10:00;0;967,7;967,7;967,3;7,4;15,8;15,2;16,3;15,6;15,8;14,9;97;95;96;251;1,8;0;
2007-03-21;11:00;0;968,3;968,3;967,7;500;19,3;17,3;19,3;15,8;17,3;15,1;96;88;88;274;1,9;,2;
2007-03-21;12:00;0;969;969;968,3;1283,2;22,1;17,6;22,1;19,3;17,9;16,9;88;74;75;76;1,8;,4;
2007-03-21;13:00;0;969,4;969,5;969;2006,8;24,6;16,4;24,8;22,1;18,5;15,5;76;57;60;54;3,8;2,4;
2007-03-21;14:00;0;969,2;969,5;969,2;2306,6;25,3;16,2;25,9;24,5;17;15,7;62;54;57;35;3,9;1,6;
2007-03-21;15:00;0;968,8;969,2;968,8;2761,5;27,8;13,6;27,9;25,3;18,1;13,6;60;42;42;344;3,8;1;
2007-03-21;16:00;0;968,1;968,8;968,1;3073,2;28,2;14,6;28,6;27,5;15,7;11,5;47;36;44;351;4,9;1,9;
2007-03-21;17:00;0;967,1;968,1;967,1;2896,6;28,7;14,4;29,9;27,8;16,1;13,2;48;37;42;3;6,6;1,4;
2007-03-21;18:00;0;966;967,1;966;2877,6;29,9;14,6;30,1;28,5;16,3;13,4;46;37;39;43;7;1,8;
2007-03-21;19:00;0;965,3;966;965,3;1977,6;28,9;14,2;30,3;28,9;15,4;13,4;43;36;41;47;7,9;2,5;
2007-03-21;20:00;0;964,7;965,3;964,6;1386,7;29,4;13;30;28,8;15,3;11,6;43;33;37;28;5,4;2,5;
2007-03-21;21:00;0;964,9;964,9;964,6;786,6;28,2;14,8;29,4;28,2;15,4;12,4;45;35;44;334;5;1,2;
2007-03-21;22:00;0;965,3;965,4;964,9;165,2;25,6;16,6;28,2;25,6;17,2;14,5;59;44;58;338;3,6;,4;
2007-03-21;23:00;0;965,7;965,7;965,3;-9999;23;17,3;25,6;22,9;18,3;17;71;58;71;261;1,5;,4;
2007-03-22;00:00;0;966,8;966,8;965,7;-9999;21,7;18;23;20,7;18,4;17,2;84;70;79;72;1,8;,1;
2007-03-22;01:00;0;967,5;967,5;966,8;-9999;21,7;18,1;22,6;21,7;18,2;17,5;80;73;80;114;1,5;0;
2007-03-22;02:00;0;967,7;967,7;967,5;-9999;20,3;17,8;22,1;20,3;18,5;17,8;87;78;86;286;1,1;,4;
2007-03-22;03:00;0;967,5;967,7;967,5;-9999;19,8;17,6;20,5;19,8;17,9;17,3;87;83;87;212;1,5;0;
2007-03-22;04:00;0;967,4;967,5;967,3;-9999;18,5;17,2;19,9;18,5;17,7;17;92;85;92;328;1,3;,1;
2007-03-22;05:00;0;967,1;967,4;967,1;-9999;18,8;17,1;18,8;18,4;17,4;16,9;93;90;90;259;,7;0;
2007-03-22;06:00;0;966,9;967,1;966,9;-9999;18;16,7;18,8;18;17;16,6;92;89;92;221;1,6;,2;
2007-03-22;07:00;0;966,8;966,9;966,8;-9999;17,6;16,5;18;17,4;16,8;16,3;94;92;93;278;2,1;1,1;
2007-03-22;08:00;0;966,4;966,9;966,4;-9999;18,2;17,2;18,5;17,6;17,4;16,4;94;92;94;194;2,1;0;
2007-03-22;09:00;0;966,8;966,9;966,4;-9999;18,7;17,3;18,7;18;17,4;16,9;94;91;91;234;1,4;,3;
2007-03-22;10:00;0;967,4;967,4;966,8;-9999;18,5;17,4;18,8;18,3;17,6;17,3;95;91;93;282;1,3;,1;
2007-03-22;11:00;0;967,8;967,9;967,4;297,2;21,2;17,6;21,2;18,5;18,1;17,3;94;80;80;97;1,4;,3;
2007-03-22;12:00;0;968,4;968,4;967,8;1139,7;23,4;18,1;23,5;21,1;18,6;17,3;80;72;72;98;2,4;1,5;
2007-03-22;13:00;0;968,5;968,5;968,4;2190,9;25,2;19,6;25,5;23,4;20,1;18,2;75;68;71;54;5,7;3,1;
2007-03-22;14:00;0;968,4;968,6;968,4;2759,4;27,2;20,4;27,3;25,2;21,2;19,5;73;65;66;18;5,7;1,5;
2007-03-22;15:00;0;967,9;968,4;967,9;2284,5;28,4;20,1;29;27,2;21,1;19,6;67;60;61;27;4,5;1,5;
2007-03-22;16:00;0;967,2;967,9;967,2;2334,9;29,5;19,1;30,5;28,4;20,8;18,9;61;52;54;18;3,6;1,5;
2007-03-22;17:00;0;966,3;967,2;966,3;2478;30,4;18,8;31,3;29,4;20,3;18,3;57;47;50;41;5,7;2,2;
2007-03-22;18:00;0;965,6;966,3;965,5;2432,6;32;18,6;32,1;30,3;19,5;17,6;50;43;45;356;5,5;1,4;
2007-03-22;19:00;0;965,2;965,6;965,2;2262,5;31,4;18,5;32,4;30,4;19,7;17,4;49;43;46;340;6,2;1,3;
2007-03-22;20:00;0;964,9;965,2;964,9;1908,4;31,8;18,4;32,3;30,9;18,9;17,1;47;40;45;334;6,9;2,1;
2007-03-22;21:00;0;964,9;965;964,9;1009,5;30,1;18,5;31,9;30,1;18,8;17,5;50;43;50;313;5,1;2;
2007-03-22;22:00;0;965;965;964,9;56,5;27,3;20;30,1;27,3;20,3;18,6;65;50;65;354;3,9;1,2;
2007-03-22;23:00;0;965,4;965,4;964,9;-9999;25,7;20,7;27,3;25,7;21;19,9;75;64;74;353;2;,2;
2007-03-23;00:00;0;966;966;965,4;-9999;24,4;21;25,7;24,4;21,1;20,6;81;74;81;349;1,6;,2;
2007-03-23;01:00;0;966,7;966,7;966;-9999;24;20,8;24,7;23,7;21,1;20,5;84;78;82;248;1,7;0;
2007-03-23;02:00;0;967,1;967,1;966,7;-9999;23,3;20,3;24,1;22,9;20,9;20,2;85;81;83;253;,8;,3;
2007-03-23;03:00;0;967,3;967,3;967,1;-9999;22,2;20,1;23,3;22;20,3;19,9;88;83;88;249;1,4;,5;
2007-03-23;04:00;0;967,6;967,6;967,3;-9999;21,3;20,2;22,4;21,1;20,2;19,8;93;87;93;74;1,1;0;
2007-03-23;05:00;0;967,7;967,9;967,6;-9999;21,7;20,2;21,9;21,1;20,5;19,9;94;91;91;57;3,4;0;
2007-03-23;06:00;0;967,3;967,7;967,3;-9999;20,8;19,6;21,9;20,8;20,2;19,6;93;90;93;271;1,6;,5;
2007-03-23;07:00;0;967,4;967,4;967,2;-9999;20,7;19,6;21;20,6;19,9;19,4;94;93;94;268;2,7;1,5;
2007-03-23;08:00;0;967,9;967,9;967,4;-9999;20,5;19,7;20,7;20,1;19,8;19,2;96;93;95;107;2,2;,3;
2007-03-23;09:00;0;968,3;968,3;967,8;-9999;19,8;19;20,6;19,8;19,8;18,8;95;93;95;266;1,7;,9;
2007-03-23;10:00;0;968,8;968,8;968,3;5,6;19,6;18,8;20,2;19,4;19,3;18,6;95;94;95;290;2,3;1,2;
2007-03-23;11:00;0;969,5;969,5;968,8;434,4;22,7;20,1;22,7;19,6;20,2;18,8;95;85;85;233;1,6;,5;
2007-03-23;12:00;0;970,3;970,3;969,5;1248,8;26;21,2;26;22,7;21,3;20;85;74;75;359;1,3;,1;
2007-03-23;13:00;0;970,7;970,7;970,3;2060,8;28;20,8;28,1;26;22,2;20,7;76;65;65;82;3,4;1,2;
2007-03-23;14:00;0;970,6;970,7;970,6;2696,1;30,6;20,7;30,6;27,9;21,8;20,7;68;56;56;110;3,5;1,7;
2007-03-23;15:00;0;970,4;970,6;970,3;3165,9;31,6;21;32;30,4;21;19,1;56;48;54;273;4,8;1,4;
2007-03-23;16:00;0;969,4;970,4;969,4;3540,5;33,4;21,1;33,4;31,4;21,3;19,4;53;45;49;63;4,3;2;
2007-03-23;17:00;6;969,2;969,8;969,1;1792,9;24,1;20,9;33,5;23,3;21,2;18,8;82;45;82;293;17,5;5,5;
2007-03-23;18:00;,6;968,3;969,3;968,2;510;26,5;21,8;26,6;23,8;23,7;20,4;90;72;75;217;17,3;2,1;
2007-03-23;19:00;0;967,9;968,3;967,8;264,6;25,7;21,3;26,5;25,5;22,4;20,4;79;72;77;220;6,2;1,5;
2007-03-23;20:00;0;967,5;967,9;967,5;359,3;26,8;21,1;26,8;25,7;21,9;21,1;79;71;71;207;3,8;1,2;
2007-03-23;21:00;0;967,3;967,7;967,2;470,1;27,6;22;27,9;26,8;22;20,4;71;64;71;249;3,6;1,9;
2007-03-23;22:00;0;967,8;967,8;967,2;110,7;26,5;21,7;27,8;26;22,4;21,2;79;69;75;65;4,2;1;
2007-03-23;23:00;0;968,7;968,7;967,8;-9999;25,6;21,1;26,5;25,6;21,9;21;79;74;76;80;3,6;1,2;
2007-03-24;00:00;0;969,8;969,8;968,7;-9999;24,7;21,2;25,7;24,7;21,6;20,9;81;75;81;330;5;1,8;
2007-03-24;01:00;4,4;970,5;970,6;969,7;-9999;24,3;20,9;25;23,7;21,5;20,9;86;79;81;304;7,8;1,8;
2007-03-24;02:00;5;972,2;972,3;970,4;-9999;21,6;20;24,7;21,6;21,6;20;92;81;91;16;7,9;3,3;
2007-03-24;03:00;6,8;972,4;972,5;972;-9999;21,1;20;21,6;20,9;20,1;19,4;94;90;94;194;7,9;,8;
2007-03-24;04:00;,6;971,8;972,4;971,8;-9999;22;21,1;22;21,1;21,3;19,9;96;92;95;250;3,7;1,7;
2007-03-24;05:00;,8;970,5;971,8;970,5;-9999;21,9;21,2;22,1;21,8;21,2;20,9;96;94;96;173;4,3;0;
2007-03-24;06:00;,2;969,3;970,5;969,3;-9999;22;21,2;22;21,8;21,3;21,1;96;95;96;297;2,7;,9;
2007-03-24;07:00;0;969,3;969,7;969,3;-9999;21,8;21,2;22,1;21,7;21,4;21,1;96;95;96;33;2,4;,3;
2007-03-24;08:00;0;969,5;969,5;969,1;-9999;21,5;20,9;21,8;21,4;21,3;20,8;97;96;96;295;2,6;,3;
2007-03-24;09:00;0;969,4;969,7;969,3;-9999;21,2;20,7;21,5;21,2;20,9;20,7;97;96;97;188;1,7;0;
2007-03-24;10:00;0;970,3;970,3;969,4;9;20,8;20,3;21,3;20,6;20,8;20;97;96;97;304;2,2;,8;
2007-03-24;11:00;0;971;971;970,3;395,2;22,2;21,2;22,2;20,8;21,3;20,3;97;94;94;94;2,5;,4;
2007-03-24;12:00;0;971,9;971,9;971;1328,6;24,4;21,5;24,6;22,2;22,3;21,1;94;83;84;95;3;1,1;
2007-03-24;13:00;0;972,1;972,1;971,8;1617,1;25,7;21,6;26;24,4;22,6;20,9;87;77;78;75;3,1;,6;
2007-03-24;14:00;0;972;972,1;971,9;876,4;26,3;22,1;26,4;25,6;22,3;21,6;81;76;78;44;1,7;,1;
2007-03-24;15:00;0;971,6;972;971,6;1575,5;27,6;21,8;27,7;26,3;22,7;21;78;68;71;105;2,6;1,5;
2007-03-24;16:00;0;970,8;971,6;970,8;2293;29,5;21,3;29,6;27,5;23,2;21;76;60;61;180;2,9;,7;
2007-03-24;17:00;0;969,9;970,8;969,9;2796,9;30,7;21,5;31,2;29,2;23,7;20,8;65;57;58;45;3,4;1,2;
2007-03-24;18:00;0;968,7;969,9;968,7;2638,9;31,7;21,5;32,2;30,6;22,7;20,5;62;52;55;10;4,1;1,4;
2007-03-24;19:00;0;967,8;968,8;967,8;2513,1;32,9;21;32,9;31,7;22,4;20,2;58;49;50;347;4,7;1,4;
2007-03-24;20:00;0;968;968;967,7;1264,8;31,8;20,2;33,3;30,1;22;20,1;58;47;50;332;5,8;,6;
2007-03-24;21:00;0;968,3;968,4;967,9;387,4;28,7;20,2;32;28,7;21,9;19,6;65;48;60;168;4,4;1;
2007-03-24;22:00;0;968,7;968,7;968,2;64,9;27,8;20,1;28,7;27,4;21,1;19,8;67;59;63;193;3,6;1,1;
2007-03-24;23:00;0;968,9;969;968,6;-9999;26,1;20,8;27,8;25,5;22,1;20;81;62;72;223;3,6;,9;
2007-03-25;00:00;0;969,1;969,1;968,8;-9999;25;21,5;26,1;24,5;22,2;20,7;84;72;81;294;1,7;0;
2007-03-25;01:00;0;969,8;969,8;969;-9999;24,4;21,6;25,2;23,9;22,2;21,1;89;79;84;287;,9;,2;
2007-03-25;02:00;0;970;970,1;969,8;-9999;23,9;21,7;24,5;23,7;22,1;21,3;89;84;88;268;1,4;,5;
2007-03-25;03:00;0;969,8;970,1;969,7;-9999;23,4;21,9;23,9;23,3;22,1;21,7;92;87;91;281;1,3;,8;
2007-03-25;04:00;0;969,7;969,8;969,6;-9999;23,2;22;23,5;22,9;22,1;21,7;94;91;93;257;2,2;1,2;
2007-03-25;05:00;0;969,4;969,8;969,3;-9999;22,7;21,6;23,8;22,3;22;21,3;95;89;93;221;2,7;,6;
2007-03-25;06:00;0;969;969,4;969;-9999;22,1;20,9;22,8;21,9;21,7;20,9;96;92;93;283;2;,4;
2007-03-25;07:00;0;968,7;969;968,7;-9999;21,7;20,7;22,1;21,7;21,1;20,6;95;93;94;273;1,6;,6;
2007-03-25;08:00;0;969,1;969,1;968,7;-9999;21,3;20,5;21,7;21,2;20,9;20,3;97;94;95;255;1,6;,1;
2007-03-25;09:00;0;969,2;969,3;969,1;-9999;20,8;20,1;21,4;20,8;20,8;20,1;96;95;96;274;1,4;,5;
2007-03-25;10:00;0;969,3;969,4;969,2;4,5;20,8;19,9;20,9;20,5;20,1;19,7;96;94;95;274;1,7;1,3;
2007-03-25;11:00;0;969,8;969,9;969,3;426,7;23,8;21,3;23,8;20,8;21,7;19,9;95;86;86;332;1,7;0;
2007-03-25;12:00;0;970,6;970,6;969,8;1234,7;25,7;20,9;25,9;23,7;21,8;20,7;88;74;75;90;2,4;1,3;
2007-03-25;13:00;0;970,5;970,7;970,4;2066,3;28,3;21,9;28,3;25,7;22,5;21;79;66;68;66;5,4;3;
2007-03-25;14:00;0;970,5;970,6;970,4;2709,8;29,9;21,5;30,3;28,1;23,2;21,4;70;61;61;27;5,4;1,7;
2007-03-25;15:00;0;969,9;970,5;969,9;3135,2;31,6;21,4;31,7;29,9;23,2;21,4;66;55;55;70;4,5;2,5;
2007-03-25;16:00;0;968,8;969,9;968,8;3164,4;32,1;21,3;32,5;31,4;22,4;20,1;57;49;53;48;6,3;2,1;
2007-03-25;17:00;0;967,7;968,8;967,7;3404,5;33,2;19,8;33,6;32,1;22,2;19,1;56;43;45;57;8,2;3,6;
2007-03-25;18:00;0;967;967,7;967;1514,2;32,6;20,1;33,5;32,1;21;19;51;43;48;12;5,7;,9;
2007-03-25;19:00;0;966,2;967;966,2;1168,2;32,7;19,2;33,1;32,5;20,2;18;48;41;45;61;3,9;1,1;
2007-03-25;20:00;0;965,7;966,2;965,7;1004,3;33,2;19,5;33,6;31,2;21;17,8;54;39;45;329;3,7;1,6;
2007-03-25;21:00;0;965,6;965,7;965,4;478,2;30,8;23,4;33,4;30,8;23,4;17,7;65;40;65;256;3,6;,2;
2007-03-25;22:00;0;965,5;965,7;965,5;56,1;27,7;22,5;30,7;27,7;24,5;19,8;74;55;74;245;2,3;,4;
2007-03-25;23:00;0;966;966;965,5;-9999;26,8;22,7;27,7;26,8;23,4;22;80;72;78;198;1,9;,1;
2007-03-26;00:00;0;966,7;966,7;966;-9999;25,9;22,4;26,9;25,9;22,8;22,4;81;76;81;275;2,1;1,3;
2007-03-26;01:00;0;967;967,1;966,7;-9999;24,8;22,3;26,2;24,8;22,5;22,2;86;79;86;278;2,6;1,4;
2007-03-26;02:00;0;966,7;967;966,7;-9999;24,1;22;24,9;24,1;22,4;22;88;85;88;266;1,8;0;
2007-03-26;03:00;0;966,7;966,8;966,6;-9999;23,6;21,9;24,1;23,4;22,1;21,7;91;88;90;76;1,3;0;
2007-03-26;04:00;0;966,8;966,8;966,7;-9999;22,8;21,6;23,6;22,8;21,9;21,5;93;90;93;168;1;0;
2007-03-26;05:00;0;966,6;966,8;966,6;-9999;22,4;21,2;22,8;22,1;21,6;21,1;96;93;93;277;,9;,5;
2007-03-26;06:00;0;966,4;966,6;966,3;-9999;21,8;20,7;22,5;21,8;21,4;20,7;94;92;94;118;2;,2;
2007-03-26;07:00;0;966,2;966,5;966,1;-9999;21,4;20,4;21,8;21,3;21,1;20,3;96;93;94;278;1,7;1;
2007-03-26;08:00;0;966,2;966,2;965,9;-9999;21,4;20,2;21,5;21,2;20,5;20,1;94;93;93;259;2,9;1,8;
2007-03-26;09:00;0;966,7;966,7;966,2;-9999;20,7;19,8;21,5;20,7;20,4;19,8;95;92;95;286;2,6;1,2;
2007-03-26;10:00;0;967,2;967,2;966,7;3,6;21,3;20,2;21,4;20,7;20,3;19,8;95;93;93;265;1,9;,2;
2007-03-26;11:00;0;968;968;967,2;396,5;23,9;21,5;23,9;21,3;21,5;20,1;93;86;86;264;1,9;0;
2007-03-26;12:00;0;968,6;968,6;967,9;1225,6;27,3;20,3;27,4;24;22;20,2;86;65;65;37;3,1;1,1;
2007-03-26;13:00;0;968,5;968,7;968,5;2052,1;28,9;20,4;29;27,3;21,7;20,3;68;60;60;31;4,4;2,4;
2007-03-26;14:00;0;968,4;968,6;968,4;2718,4;32;20,8;32,1;28,8;22,4;20,2;65;49;52;37;6,3;2,9;
2007-03-26;15:00;0;967,8;968,4;967,8;3161,8;33,4;18;33,4;32;21,2;18;52;40;40;35;7,6;3,7;
2007-03-26;16:00;0;966,9;967,8;966,9;3401,2;34,3;17;34,4;33,3;19;15,6;42;34;36;25;7,8;3,2;
2007-03-26;17:00;0;966;966,9;965,9;3268,9;34,6;17,5;34,7;33,6;18,8;15,4;41;33;36;14;6,8;2,6;
2007-03-26;18:00;0;965,2;966;965,2;2475,3;34,3;16,6;34,9;33,1;18,5;15,6;39;32;35;23;8,5;1,7;
2007-03-26;19:00;0;964,8;965,2;964,7;1308,4;34,1;16,6;34,7;32,9;19,6;15,9;42;34;35;1;6,8;2,5;
2007-03-26;20:00;0;964,5;964,8;964,5;964,7;32,9;17,2;34,4;32,9;18,8;16,2;43;34;39;339;6,8;1,2;
2007-03-26;21:00;0;964,5;964,6;964,5;749,5;32,4;18,6;34;31,7;19,3;16;47;34;44;5;3,6;,3;
2007-03-26;22:00;0;964,7;964,8;964,5;89,7;29,8;20,2;32,6;29,7;21,6;18,5;60;44;56;338;2,2;0;
2007-03-26;23:00;0;965,5;965,5;964,7;-9999;27,4;18,8;29,8;27,4;22,2;18,7;69;55;59;118;7,4;2,9;
2007-03-27;00:00;0;965,6;965,6;965,4;-9999;26,3;20;27,6;26;20,5;18,7;71;59;68;277;5,1;1,2;
2007-03-27;01:00;1,6;966,3;966,6;965,6;-9999;27,5;21,2;28,5;24,9;21,4;19,6;80;60;69;321;8,2;2;
2007-03-27;02:00;0;966,4;966,5;966,2;-9999;24,4;22,2;27,5;23,9;22,4;20,5;91;67;88;105;8,2;,1;
2007-03-27;03:00;0;966,3;966,4;966,3;-9999;23,4;22;24,6;23,3;23;21,8;93;87;92;289;1,6;,3;
2007-03-27;04:00;0;966,3;966,3;966,2;-9999;22,6;21,5;23,6;22,6;22,3;21,3;94;90;93;341;1,4;,1;
2007-03-27;05:00;0;966,2;966,3;966,1;-9999;22;20,9;22,9;22;21,8;20,9;94;92;94;161;1,3;,2;
2007-03-27;06:00;0;966,2;966,3;966,1;-9999;22,1;21,3;22,5;21,9;21,8;20,7;96;92;95;213;1,3;0;
2007-03-27;07:00;0;965,9;966,2;965,9;-9999;21,5;20,5;22,1;21,4;21,4;20,5;96;93;94;291;1,4;1;
2007-03-27;08:00;0;966,4;966,4;965,9;-9999;21,3;20,3;21,6;21;20,5;20,1;96;93;94;253;1,4;,3;
2007-03-27;09:00;0;967;967;966,4;-9999;21,2;19,9;21,3;20,7;20,4;19,8;96;92;92;258;2,7;1,5;
2007-03-27;10:00;0;967,6;967,6;967;3,1;20,8;19,6;21,2;20,5;20;19,4;94;92;93;278;2,4;1,2;
2007-03-27;11:00;0;968,3;968,4;967,6;426,5;23,8;21,5;23,8;20,7;21,5;19,5;93;86;87;236;1,6;0;
2007-03-27;12:00;0;968,9;968,9;968,3;1298,4;27,8;20,4;27,8;23,8;22,3;19,2;87;60;64;22;2,9;,7;
2007-03-27;13:00;0;969,1;969,2;968,9;2123,3;30,1;20,9;30,1;27,7;21,3;18,7;64;56;58;23;4,5;1,2;
2007-03-27;14:00;0;968,6;969,1;968,6;2793,1;32,4;17;32,4;29,9;20,7;16;57;38;40;33;9,1;4,3;
2007-03-27;15:00;0;967,9;968,6;967,8;3240,7;33,5;14,1;33,7;32,4;17,8;14,1;41;31;31;24;11,4;4,5;
2007-03-27;16:00;0;967;967,9;966,9;3416,4;33,9;14,8;34,5;33,4;16,5;13,1;35;29;32;346;9,4;3,4;
2007-03-27;17:00;0;966,1;967;966,1;3378;34,8;13,2;34,9;33,8;16;13,2;34;27;27;357;8,6;2,9;
2007-03-27;18:00;0;965,4;966,1;965,4;2662,5;34,6;15,5;35,2;33,3;15,9;13,2;33;27;32;353;8,9;2,5;
2007-03-27;19:00;0;965,1;965,5;965,1;2144;34,7;13,7;34,9;33,5;15,3;12,9;32;27;28;12;7,1;2,8;
2007-03-27;20:00;0;964,9;965,2;964,9;1645,7;34,3;15;34,8;33,6;15,7;12,9;33;27;31;357;7,2;1,8;
2007-03-27;21:00;0;965;965;964,9;854,7;32,3;17;34,3;32,3;17,5;14,4;41;31;40;334;6,4;1,1;
2007-03-27;22:00;0;965,3;965,3;964,9;97;29,3;18,8;32,3;29,2;19;16,9;54;40;53;336;3,2;,9;
2007-03-27;23:00;0;965,8;965,8;965,3;-9999;27,4;19,9;29,5;27,4;20,2;18,7;65;52;64;280;2,6;,8;
2007-03-28;00:00;0;966,3;966,3;965,8;-9999;24,9;20,6;27,5;24,9;21;19,3;78;61;77;276;2;0;
2007-03-28;01:00;0;967,2;967,2;966,3;-9999;25,3;20,3;25,3;23,5;21,1;20,1;83;74;74;110;2,4;1;
2007-03-28;02:00;0;967,3;967,4;967,2;-9999;24,1;20,5;25,4;24;20,9;20;81;73;80;267;1,8;,4;
2007-03-28;03:00;0;967,4;967,4;967,2;-9999;22,4;20,2;24,1;22,4;21;20,2;89;80;88;329;2,4;,9;
2007-03-28;04:00;0;967,2;967,4;967,2;-9999;22,4;20,3;23,4;22,3;20,6;20,1;89;83;88;254;2,4;0;
2007-03-28;05:00;0;967,2;967,5;967,2;-9999;22;20,1;23;21,8;20,4;19,9;91;84;89;265;2,2;,4;
2007-03-28;06:00;0;967;967,2;967;-9999;21,2;19,7;22,2;21,2;20,2;19,6;92;88;91;311;1,5;0;
2007-03-28;07:00;0;967;967,2;966,9;-9999;21,3;20,1;21,6;20,6;20,2;19,5;94;89;93;116;1,3;,2;
2007-03-28;08:00;0;967,5;967,5;966,9;-9999;20,3;19,1;21,3;20,3;20,1;19;93;92;93;290;1,8;1,2;
2007-03-28;09:00;0;968,1;968,1;967,5;-9999;20,6;19,3;20,7;20,2;19,6;19;95;92;92;259;3,6;2,3;
2007-03-28;10:00;0;968,7;968,7;968,1;2,8;20,3;18,8;20,8;20,2;19,3;18,8;92;91;92;269;3,6;1,9;
2007-03-28;11:00;0;969,3;969,3;968,6;418,3;23,8;20,4;23,8;20,2;20,4;18,9;92;81;81;266;2,5;,4;
2007-03-28;12:00;0;970,1;970,1;969,3;1224,8;27,6;19,9;27,6;23,8;21,6;19,8;82;63;63;78;2,3;,8;
2007-03-28;13:00;0;970,6;970,7;970,1;2048,2;29,8;19,1;30,1;27,6;20,5;18,4;64;52;52;19;5;1,8;
2007-03-28;14:00;0;970,7;970,7;970,6;2818,6;33,2;19,3;33,2;29,8;20,8;18,1;55;42;44;28;6,1;2,4;
2007-03-28;15:00;0;970,1;970,7;970,1;3206,9;33,9;17,6;34,2;32,5;18,8;16;44;35;38;359;7,2;2,2;
2007-03-28;16:00;0;969,4;970,1;969,4;3181,7;34,4;16,3;34,7;33,5;17,9;15,4;39;32;34;352;6,5;2,7;
2007-03-28;17:00;0;968,5;969,4;968,5;3198,9;35,2;16;35,5;34;17,4;14,3;36;30;32;8;6,3;2,2;
2007-03-28;18:00;0;967,5;968,5;967,5;3021;35,1;16;35,5;34,5;17,8;14,6;36;30;32;27;7,6;1,9;
2007-03-28;19:00;0;967,1;967,5;967,1;2330,6;34,6;16;35,5;34,5;17,9;15,7;36;32;33;49;6,1;2;
2007-03-28;20:00;0;967;967,1;967;624,5;33,4;18,2;34,9;32,2;20,6;16,2;50;33;41;24;4,6;,5;
2007-03-28;21:00;0;967;967,1;967;365,3;31,2;20,1;34,4;31,2;20,3;17;52;36;52;1;1,3;0;
2007-03-28;22:00;0;967,3;967,3;967;26;27,7;22,3;31,2;27,7;22,6;20,2;72;52;72;270;,9;0;
2007-03-28;23:00;0;967,7;967,7;967,3;-9999;27,3;20,8;28;26,8;23;20,8;76;66;67;279;2,6;1,5;
2007-03-29;00:00;0;968,3;968,3;967,7;-9999;25,8;21,3;28,7;25,8;21,4;20,4;76;61;76;141;3,2;,3;
2007-03-29;01:00;0;968,9;968,9;968,3;-9999;24,7;21,4;25,9;24,4;21,6;20,9;82;74;82;300;1,6;,2;
2007-03-29;02:00;0;969,2;969,2;968,9;-9999;24,1;20,9;25,3;23,5;21,5;20,7;86;79;82;264;2,9;1,7;
2007-03-29;03:00;0;969,3;969,4;969,2;-9999;23,2;20,6;24,2;22,5;21,2;20,6;90;82;85;282;2,8;1,7;
2007-03-29;04:00;0;968,9;969,3;968,8;-9999;22,7;20,6;23,8;22,6;20,8;20,4;88;83;88;193;3,2;,2;
2007-03-29;05:00;0;968,4;968,9;968,4;-9999;22;20;22,7;21,8;20,5;20;91;88;89;268;2,4;1,8;
2007-03-29;06:00;0;968,1;968,4;968,1;-9999;21,5;20,2;22,4;21,2;20,3;19,9;93;87;92;141;3,4;,1;
2007-03-29;07:00;0;967,7;968,1;967,6;-9999;20,8;19,2;21,6;20,8;20,3;19,2;93;88;91;271;2,2;1,6;
2007-03-29;08:00;0;967,8;967,8;967,5;-9999;20,9;19,3;21,2;20,6;19,5;19,2;92;90;90;263;3,4;2,7;
2007-03-29;09:00;0;967,9;967,9;967,8;-9999;20,8;18,9;21;20,4;19,3;18,8;91;89;89;265;3,7;2;
2007-03-29;10:00;0;968,6;968,6;967,9;2,3;20,6;18,7;21;20,6;18,9;18,7;89;88;89;267;3,2;1,5;
2007-03-29;11:00;0;969,2;969,2;968,6;408,3;23,9;19,8;23,9;20,6;20,2;18,8;90;78;78;265;2,2;1;
2007-03-29;12:00;0;969,7;969,7;969,2;1210;27,2;20,7;27,2;23,9;21,4;19,7;80;66;68;164;1,5;,7;
2007-03-29;13:00;0;969,6;969,8;969,6;2021,7;29,8;19,6;30,1;27,2;21,2;18,6;69;51;54;90;2,2;1,5;
2007-03-29;14:00;0;969,3;969,7;969,3;2673,3;32,2;18,4;32,3;29,8;19,9;16,8;55;41;44;33;3,8;1,9;
2007-03-29;15:00;0;968,6;969,3;968,6;3089;32,9;18,5;33,4;31,9;20,9;17,8;49;42;43;46;5,1;2,8;
2007-03-29;16:00;0;967,6;968,6;967,5;3286,2;34,3;17;35,1;32,9;19,9;17;45;36;36;49;6,3;3;
2007-03-29;17:00;0;966,5;967,6;966,5;3382,5;35,4;18,1;35,4;34,2;19,1;15,6;40;32;36;46;9,1;2,2;
2007-03-29;18:00;0;965,5;966,5;965,5;2880,6;35,5;16,6;35,9;34,1;18,5;15,4;38;31;33;351;4,5;1,2;
2007-03-29;19:00;0;964,8;965,5;964,7;1963,7;34,4;16,5;35,6;34,1;18,3;15,5;38;32;35;76;6,1;2,7;
2007-03-29;20:00;0;964,3;964,8;964,3;319,9;32,6;18,4;34,3;32,6;19,3;16,1;45;34;43;72;4,8;,6;
2007-03-29;21:00;0;964,3;964,3;964,2;729;32,7;19,9;34,1;32,1;20,8;16,8;49;37;47;327;3,8;,2;
2007-03-29;22:00;0;964,5;964,6;964,3;94,7;29,3;19,6;32,7;28,7;21,3;19,4;61;46;56;283;5,2;1,8;
2007-03-29;23:00;0;965;965;964,4;-9999;26,9;20,5;29,3;26,8;20,5;19,3;69;56;68;261;2,8;,8;
2007-03-30;00:00;0;965,7;965,7;965;-9999;24,7;20,5;26,9;24,7;21,2;20,3;78;68;78;352;3;,6;
2007-03-30;01:00;0;965,6;965,7;965,5;-9999;24,2;21,1;25,2;24;21,4;20,5;84;77;83;119;3,3;,5;
2007-03-30;02:00;0;965,7;965,8;965,5;-9999;24,6;20,4;24,6;23,7;21,1;20,4;84;77;77;252;3,3;,5;
2007-03-30;03:00;0;965,6;965,7;965,5;-9999;22,7;20,6;24,6;22,7;20,7;20,2;88;77;88;127;2,1;,3;
2007-03-30;04:00;0;965,3;965,7;965,3;-9999;22,6;20,5;23,1;22,4;20,8;20,5;89;86;88;273;2;,4;
2007-03-30;05:00;0;964,8;965,3;964,8;-9999;22,3;20,1;22,6;22,1;20,5;20,1;90;88;88;265;2,8;1,6;
2007-03-30;06:00;0;964,6;964,8;964,6;-9999;22,1;19,9;22,5;21,7;20,2;19,9;89;86;88;270;2,3;1,4;
2007-03-30;07:00;0;964,8;964,9;964,6;-9999;22;19,6;22,2;21,6;20;19,6;89;86;86;271;2,2;,8;
2007-03-30;08:00;0;965,2;965,2;964,8;-9999;21,4;19,7;22;21,1;19,8;19,6;91;86;90;269;2,5;1,2;
2007-03-30;09:00;0;965,7;965,7;965,2;-9999;20,9;19,5;21,5;20,8;19,7;19,4;92;89;92;274;2,6;,5;
2007-03-30;10:00;0;966,5;966,5;965,7;2,4;20,9;19,5;21,2;20,5;19,8;19,3;94;90;92;275;1,8;,5;
2007-03-30;11:00;0;967,3;967,3;966,5;381,7;23,2;20,4;23,3;20,9;20,6;19,5;92;84;84;34;1,8;0;
2007-03-30;12:00;0;967,8;967,8;967,3;1203,6;26,9;20,9;26,9;23,2;21,2;19,9;85;70;70;88;1,9;1;
2007-03-30;13:00;0;967,7;967,9;967,6;2018,1;29,7;20,7;29,7;26,9;21,9;19,5;70;55;59;34;5,9;3;
2007-03-30;14:00;0;967,4;967,7;967,3;2686,4;32,5;18,7;32,7;29,6;21;18,7;59;43;44;30;8;3,5;
2007-03-30;15:00;0;967;967,4;966,9;3093,1;33,9;17,6;34,5;32,5;20,1;17,2;46;37;38;7;8;2,9;
2007-03-30;16:00;0;966,3;967;966,3;3129,1;34,5;17,7;35,1;33,5;19,2;17,1;41;35;37;2;8,3;3,2;
2007-03-30;17:00;0;965;966,3;965;3101,6;35,2;17,8;35,3;33,9;18,3;16,1;39;33;36;344;8,6;2,9;
2007-03-30;18:00;0;964,3;965;964,3;1808,5;33,3;17,8;35,5;33,2;19,6;16,4;41;33;40;25;7,4;2,2;
2007-03-30;19:00;0;963,7;964,3;963,7;1485;34;18,3;34,5;33;19,3;17,2;42;36;40;13;6,7;2,3;
2007-03-30;20:00;0;963,4;963,7;963,4;1595,7;34;15,7;34,5;33,3;18,1;15,3;40;33;33;345;6,1;2,7;
2007-03-30;21:00;0;963,7;963,7;963,4;766,2;31,9;18,6;34;31,9;18,7;15,6;46;33;45;339;8,9;2,4;
2007-03-30;22:00;0;964,4;964,4;963,7;57,5;29,7;19,3;31,9;29,6;19,3;18,5;54;45;54;323;5,3;1,5;
2007-03-30;23:00;0;965,1;965,1;964,4;-9999;26,9;20,4;29,7;26,9;20,4;19,3;68;54;68;298;3,3;1,4;
2007-03-31;00:00;0;965,7;965,7;965,1;-9999;26;20,8;26,9;25,3;21,1;20,3;76;68;73;267;2,4;1;
2007-03-31;01:00;0;966,3;966,4;965,6;-9999;24,9;20,9;26,2;24,9;20,9;20,7;79;72;79;266;2,9;1,9;
2007-03-31;02:00;0;966,6;966,6;966,3;-9999;24,1;20,7;25,7;23,9;20,9;20,5;83;74;81;271;2,8;1,7;
2007-03-31;03:00;0;966,3;966,6;966,2;-9999;23,3;20,6;24,2;23,2;20,7;20,4;85;81;85;291;2,5;0;
2007-03-31;04:00;0;966,2;966,5;966,2;-9999;23;20,7;23,8;22,9;21;20,5;87;84;87;81;2,9;,9;
2007-03-31;05:00;0;966,1;966,3;966,1;-9999;21,8;20,3;23;21,7;20,8;20,2;92;87;91;294;1,4;0;
2007-03-31;06:00;-9999;-9999;-9999;-9999;-9999;-9999;-9999;-9999;-9999;-9999;-9999;-9999;-9999;-9999;-9999;-9999;-9999;
2007-03-31;07:00;0;965,6;965,9;965,5;-9999;20,8;19,8;21,7;20,8;20,4;19,8;94;92;94;278;1,6;1,1;
2007-03-31;08:00;-9999;-9999;-9999;-9999;-9999;-9999;-9999;-9999;-9999;-9999;-9999;-9999;-9999;-9999;-9999;-9999;-9999;
2007-03-31;09:00;0;966,3;966,3;965,8;-9999;20,8;19,6;21,1;20,4;20;19,4;95;93;93;267;2,7;2,1;
2007-03-31;10:00;0;967,3;967,3;966,3;3,1;20,6;19,5;20,8;20,4;19,6;19,3;94;93;94;267;2,8;1,4;
2007-03-31;11:00;0;967,9;967,9;967,3;415,9;23,8;20,7;23,8;20,6;20,7;19,6;94;83;83;273;3,1;1,3;
2007-03-31;12:00;0;968,8;968,8;967,9;1199,6;28,1;22,5;28,1;23,8;22,5;20,6;83;72;72;293;2,8;,3;
2007-03-31;13:00;0;968,9;969;968,8;1985,1;30,8;20,6;30,9;28,1;22,9;20,2;72;54;55;79;1,9;,7;
2007-03-31;14:00;0;968,8;969;968,8;2630,1;32,6;20,1;33,1;30,7;22;20,1;59;47;48;128;3;,9;
2007-03-31;15:00;0;968,2;968,8;968,2;3070,1;33,6;17,5;34;32,2;20,8;16,3;49;35;38;18;4,8;1,1;
2007-03-31;16:00;0;967,5;968,3;967,5;3255,6;34,2;16,9;34,9;33,4;19;16,2;41;33;36;240;4,4;1,1;
2007-03-31;17:00;0;966,4;967,5;966,4;3300,9;34,6;16,1;35,4;33,8;18,3;15,1;39;31;33;9;5,5;2;
2007-03-31;18:00;0;965,2;966,4;965,1;2421,6;34,3;17,2;35,6;33,5;17,9;13,6;37;27;36;315;8,5;4,4;
2007-03-31;19:00;0;964,8;965,2;964,8;1293,4;33,3;17,3;34,7;31,8;17,9;15,8;43;33;39;256;8,5;2,7;
2007-03-31;20:00;0;964,8;964,8;964,5;1463,1;33,5;15,7;34,9;33,3;18,1;15;41;32;34;338;4,1;1,5;
2007-03-31;21:00;0;965;965;964,7;687,5;32,5;16,3;33,7;32,5;17,8;15,6;39;34;38;327;3,8;1;
2007-03-31;22:00;0;965,8;965,8;964,9;46;30,7;17,6;32,5;30,2;20,5;16,3;55;38;45;247;3,4;2,2;
2007-03-31;23:00;0;966,6;966,6;965,8;-9999;27,2;18,2;30,9;27,2;18,6;17,4;58;45;58;228;5,9;1,4;
2007-04-01;00:00;0;967,5;967,5;966,6;-9999;25,6;19,2;27,4;25,6;19,2;18,1;68;57;68;274;2,4;1,8;
2007-04-01;01:00;0;968,1;968,1;967,5;-9999;25,4;19,2;25,7;25,1;19,4;19;70;67;69;256;5,4;2,3;
2007-04-01;02:00;0;967,7;968,1;967,7;-9999;24,4;19,2;25,4;24,3;19,5;19,1;74;69;73;253;4,2;1,1;
2007-04-01;03:00;0;968,1;968,3;967,7;-9999;24,7;19,1;24,7;23,7;19,4;19;77;71;71;183;5,2;1,9;
2007-04-01;04:00;0;967,7;968,2;967,6;-9999;24,6;18,5;25,1;24,6;19,1;18,4;71;67;69;119;5,2;1,5;
2007-04-01;05:00;0;967,7;967,7;967,6;-9999;23,1;19,1;24,6;22,8;19,1;18,5;79;69;78;118;3,2;0;
2007-04-01;06:00;-9999;-9999;-9999;-9999;-9999;-9999;-9999;-9999;-9999;-9999;-9999;-9999;-9999;-9999;-9999;-9999;-9999;
2007-04-01;07:00;-9999;-9999;-9999;-9999;-9999;-9999;-9999;-9999;-9999;-9999;-9999;-9999;-9999;-9999;-9999;-9999;-9999;
2007-04-01;08:00;-9999;-9999;-9999;-9999;-9999;-9999;-9999;-9999;-9999;-9999;-9999;-9999;-9999;-9999;-9999;-9999;-9999;
2007-04-01;09:00;-9999;-9999;-9999;-9999;-9999;-9999;-9999;-9999;-9999;-9999;-9999;-9999;-9999;-9999;-9999;-9999;-9999;
2007-04-01;10:00;-9999;-9999;-9999;-9999;-9999;-9999;-9999;-9999;-9999;-9999;-9999;-9999;-9999;-9999;-9999;-9999;-9999;
2007-04-01;11:00;-9999;-9999;-9999;-9999;-9999;-9999;-9999;-9999;-9999;-9999;-9999;-9999;-9999;-9999;-9999;-9999;-9999;
2007-04-01;12:00;-9999;-9999;-9999;-9999;-9999;-9999;-9999;-9999;-9999;-9999;-9999;-9999;-9999;-9999;-9999;-9999;-9999;
2007-04-01;13:00;-9999;-9999;-9999;-9999;-9999;-9999;-9999;-9999;-9999;-9999;-9999;-9999;-9999;-9999;-9999;-9999;-9999;
2007-04-01;14:00;-9999;-9999;-9999;-9999;-9999;-9999;-9999;-9999;-9999;-9999;-9999;-9999;-9999;-9999;-9999;-9999;-9999;
2007-04-01;15:00;-9999;-9999;-9999;-9999;-9999;-9999;-9999;-9999;-9999;-9999;-9999;-9999;-9999;-9999;-9999;-9999;-9999;
2007-04-01;16:00;-9999;-9999;-9999;-9999;-9999;-9999;-9999;-9999;-9999;-9999;-9999;-9999;-9999;-9999;-9999;-9999;-9999;
2007-04-01;17:00;0;967,4;968,3;967,4;2983,7;33,9;15,6;34,4;32,2;19,2;15,6;45;33;33;349;4,3;1,5;
2007-04-01;18:00;0;966,5;967,4;966,5;2879,3;34,4;15,1;34,9;33,5;18,4;15,1;39;31;32;20;4,8;1,6;
2007-04-01;19:00;0;965,9;966,6;965,9;2298,7;34,5;14,5;35;34;16,7;14,2;35;29;30;33;4,8;1,6;
2007-04-01;20:00;0;965,4;965,9;965,4;1245,2;33,4;15,3;35;33,4;16,3;14,2;35;29;34;34;4,1;,3;
2007-04-01;21:00;0;965,7;965,7;965,4;233,9;30,6;20,5;33,7;30,6;20,5;14,6;55;32;55;323;1,2;0;
2007-04-01;22:00;0;966,3;966,3;965,7;28,2;29,6;17;30,5;29,2;21,3;16,7;61;45;47;287;7,1;3,7;
2007-04-01;23:00;0;966,7;966,7;966,3;-9999;28,9;17,3;29,6;28,9;17,3;16,9;50;47;49;247;6,4;1,8;
2007-04-02;00:00;0;968,4;968,4;966,7;-9999;25,3;19,5;28,9;25,3;19,8;17,3;71;49;70;83;9,5;5,2;
2007-04-02;01:00;1;968,5;968,7;968,3;-9999;24;21;25,3;23,5;21,1;19,2;86;69;83;305;9,5;2,5;
2007-04-02;02:00;0;968,1;968,7;968,1;-9999;24,3;20;24,5;23,8;20,9;20;83;77;77;328;4,4;,5;
2007-04-02;03:00;0;967,9;968,2;967,9;-9999;24,3;20,2;24,6;23,9;21;19,8;83;76;78;224;2,8;,3;
2007-04-02;04:00;0;967,8;968;967,8;-9999;23,1;21;24,4;22,9;21,1;19,9;89;77;88;282;2,8;1,2;
2007-04-02;05:00;0;967,5;967,8;967,4;-9999;23;20,1;23,8;22,8;21;20;89;80;84;235;3,1;,1;
2007-04-02;06:00;0;967,4;967,6;967,4;-9999;21,9;20,7;23,1;21,7;20,7;20,1;93;83;92;306;1,2;0;
2007-04-02;07:00;0;967,3;967,5;967,3;-9999;21,7;20,2;21,9;21,5;20,6;20,2;94;91;92;276;1,6;,7;
2007-04-02;08:00;0;967,5;967,5;967,3;-9999;21,5;20,3;21,7;21,3;20,4;20,2;94;92;93;244;1,4;,2;
2007-04-02;09:00;-9999;-9999;-9999;-9999;-9999;-9999;-9999;-9999;-9999;-9999;-9999;-9999;-9999;-9999;-9999;-9999;-9999;
2007-04-02;10:00;0;968,6;968,6;968,1;,8;20,7;19,9;21,5;20,7;20,5;19,9;96;92;95;296;1,9;,6;
2007-04-02;11:00;0;969,3;969,3;968,6;352,1;22,9;20,7;22,9;20,7;20,7;19,9;95;87;87;295;1,6;,7;
2007-04-02;12:00;0;969,5;969,5;969,3;1143,1;26,1;21,4;26,1;22,9;21,4;20;88;72;75;100;1,4;,6;
2007-04-02;13:00;0;969,7;969,8;969,5;1980,1;28,5;22;28,5;26,2;22;20,2;76;66;68;98;3,4;2;
2007-04-02;14:00;0;969,5;969,8;969,5;2582,9;30,9;20,8;30,9;28,2;22,2;20,3;68;53;55;76;4,9;2,3;
2007-04-02;15:00;0;968,9;969,6;968,9;3037,5;32,5;19,6;33,3;30,7;21,3;19,4;56;45;47;64;6,1;2,8;
2007-04-02;16:00;0;967,8;968,8;967,8;3206,4;33,5;17,7;33,8;32,4;20,2;17,7;48;39;39;31;6,4;3,1;
2007-04-02;17:00;0;966,8;967,8;966,8;3184,5;34,4;17,3;34,9;33,1;19,6;17;43;35;36;20;6,4;1,8;
2007-04-02;18:00;0;965,9;966,8;965,8;2800,9;34,7;17,1;35,1;33,7;19;16,2;41;34;35;34;6;2,2;
2007-04-02;19:00;0;965,3;965,9;965,3;2280,2;34,5;16,6;35,4;34,2;18,2;15,7;37;33;35;43;6,8;2,8;
2007-04-02;20:00;0;965;965,3;964,9;1460,2;33,7;16,4;35;33,1;17,7;16;40;33;36;30;5,9;2,4;
2007-04-02;21:00;0;964,9;965;964,9;764,9;33;17,2;33,9;33;17,4;15,7;39;34;39;52;5,9;1,3;
2007-04-02;22:00;0;965,3;965,3;964,9;54,4;29,7;20,1;33;29,7;20,3;16,9;56;38;56;13;2,3;0;
2007-04-02;23:00;0;965,8;965,8;965,2;-9999;27,4;21,4;29,7;27,4;21,6;19,7;70;56;70;291;1,4;,9;
2007-04-03;00:00;0;966,6;966,6;965,8;-9999;26,6;20,8;27,7;26,4;21,5;20,1;71;64;71;215;3,4;,4;
2007-04-03;01:00;0;967,2;967,3;966,6;-9999;26,3;21,2;26,6;25;21,3;20,4;78;70;73;273;2,8;,3;
2007-04-03;02:00;0;967,4;967,4;967,2;-9999;25,1;21;26,6;25,1;21,7;20,7;80;71;78;270;2,9;2,3;
2007-04-03;03:00;0;967,3;967,4;967,2;-9999;24,3;21;25,2;24,3;21,1;20,9;82;77;82;273;3,7;1,3;
2007-04-03;04:00;0;967,4;967,4;967,3;-9999;24,3;20,8;24,3;23,8;21,1;20,8;84;81;81;258;3,2;,9;
2007-04-03;05:00;0;967,3;967,4;967,3;-9999;23,9;20,8;24,4;23,2;21,1;20,6;86;80;83;272;2,6;1,8;
2007-04-03;06:00;0;966,9;967,3;966,9;-9999;25,3;20,2;25,3;23,7;21,3;20,2;86;74;74;190;5,1;1,8;
2007-04-03;07:00;0;966,8;966,9;966,7;-9999;26;19,8;26,8;25,3;20,3;19,1;74;63;69;182;9,5;1,7;
2007-04-03;08:00;0;967,2;967,2;966,8;-9999;24,1;20;26;24,1;20,1;19,1;78;67;78;73;3,6;1;
2007-04-03;09:00;0;967,5;967,5;967,2;-9999;22,8;20,7;24,2;22,8;20,7;20,1;88;78;88;17;1,7;,5;
2007-04-03;10:00;0;967,9;967,9;967,5;1,5;22,1;20,8;22,9;22,1;20,8;20,4;92;88;92;319;1,7;,1;
2007-04-03;11:00;0;968,3;968,3;967,8;342,7;24,4;21,2;24,4;22,1;21,3;20,8;92;82;82;268;1,4;,5;
2007-04-03;12:00;0;968,7;968,7;968,3;1224,1;27,3;21;27,4;24,4;21,4;20,5;82;68;68;74;3,1;1;
2007-04-03;13:00;0;969;969,1;968,7;1707,7;29,5;21,3;29,5;27,3;21,9;20,4;68;60;62;150;2,2;,3;
2007-04-03;14:00;0;968,4;969;968,4;2524,4;32;20,2;32,3;29,5;21,5;19,4;61;48;50;26;3,5;1,7;
2007-04-03;15:00;0;967,8;968,4;967,8;2729,1;33,3;20,1;33,4;31,6;21;18,9;50;43;46;40;5,3;2,8;
2007-04-03;16:00;0;967;967,8;967;2435,4;33,2;17,9;34,5;33,2;20,3;17,6;46;38;40;39;5,8;2,4;
2007-04-03;17:00;0;966,7;967,1;966,7;1082,9;26,6;17,8;35,1;26,3;20;16,6;65;34;59;321;14,3;5,5;
2007-04-03;18:00;,2;965,7;966,7;965,7;682,7;28,7;18,5;28,7;24,8;20,1;18,1;75;54;54;289;12,2;6;
2007-04-03;19:00;0;965,9;966,2;965,5;521,1;25,8;19,1;30,4;25,8;19,1;16,9;67;44;67;46;9,1;3,6;
2007-04-03;20:00;,4;965,1;965,9;965,1;274,3;25,1;20,8;25,9;24,2;21,3;19,1;80;66;77;309;9,2;,5;
2007-04-03;21:00;0;965,1;965,2;964,9;188,1;25,1;21,2;25,5;24,7;22,1;20;83;72;79;275;3,6;,2;
2007-04-03;22:00;0;965,3;965,3;965,1;18,9;25,1;20,4;26;25,1;21,5;19,1;80;66;75;266;4,5;3,2;
2007-04-03;23:00;0;966,5;966,5;965,3;-9999;24;20,4;25,6;24;20,6;20,1;81;72;81;3;5,6;1;
2007-04-04;00:00;0;966,8;966,9;966,5;-9999;24;21;24,1;23,4;21,3;20,5;87;81;84;188;4,3;,3;
2007-04-04;01:00;0;967,4;967,4;966,8;-9999;23,7;21,1;24,1;23,3;21,5;21;89;83;86;29;1,6;,3;
2007-04-04;02:00;0;967,6;967,8;967,4;-9999;23,1;21,3;23,7;23,1;21,6;21,1;91;86;89;337;2,4;,5;
2007-04-04;03:00;0;967;967,6;966,9;-9999;23;21,2;23,6;23;21,5;21,2;90;87;90;323;2,3;0;
2007-04-04;04:00;0;966,9;967;966,7;-9999;22,7;20,8;23,3;22,7;21,5;20,7;92;86;89;201;1,9;0;
2007-04-04;05:00;0;966,5;966,9;966,4;-9999;22,8;20,9;23,1;22,7;21,2;20,7;90;87;89;339;1;,1;
2007-04-04;06:00;0;966,4;966,5;966,4;-9999;23,1;20,7;23,1;22,3;21;20,5;91;86;86;205;1,8;,1;
2007-04-04;07:00;0;966,2;966,4;966,2;-9999;23,8;20,3;23,8;23,1;20,6;20,2;86;80;81;187;2,2;,5;
2007-04-04;08:00;0;966,3;966,4;966,1;-9999;23,4;20,5;24,1;23,2;20,8;20,2;86;79;84;235;2,9;,4;
2007-04-04;09:00;0;966,7;966,7;966,3;-9999;23,5;20,4;23,7;23,1;20,7;20,3;85;82;83;176;3,5;1,8;
2007-04-04;10:00;0;967,1;967,2;966,7;,5;23,3;20,4;23,5;23,3;20,4;20,3;84;82;84;182;3,5;,9;
2007-04-04;11:00;0;967,7;967,7;967,1;171,7;23,7;20,7;23,7;23,2;20,8;20,4;85;82;84;215;2,7;,7;
2007-04-04;12:00;0;968,4;968,4;967,7;709,2;25,8;21,4;25,8;23,7;21,5;20,6;84;76;77;142;2,5;,9;
2007-04-04;13:00;,2;968,5;968,5;968,2;1630,6;26,5;21,9;26,9;25,3;21,9;20,8;78;72;76;102;3,6;1,9;
2007-04-04;14:00;0;968,8;968,8;968,5;1470,4;28;21,8;28;26,3;22,1;21,4;76;68;69;113;3,8;1,9;
2007-04-04;15:00;0;968;968,8;968;2272,7;30,1;22,1;30,3;27,9;22,3;21,3;70;60;62;115;3,5;1,7;
2007-04-04;16:00;0;967,3;968;967,3;3156,1;32,5;19,7;33,4;30,1;22,4;19,5;62;44;47;58;5,3;3,3;
2007-04-04;17:00;0;966,2;967,4;966,2;2852,3;33,8;20,1;33,9;32,5;21,1;19,4;50;44;45;42;5,2;2,4;
2007-04-04;18:00;0;965,1;966,2;965,1;2558,2;33,2;19,8;34,7;33,2;21,5;19,1;49;41;45;17;5;2;
2007-04-04;19:00;0;964,7;965,1;964,6;1860,1;29,3;19;33,8;29,1;20,8;18,2;54;42;54;32;12;6,1;
2007-04-04;20:00;0;965;965,4;964,7;713,7;28,3;18,9;30,2;28,3;19,4;17,9;58;50;57;89;11,1;2,7;
2007-04-04;21:00;0;965,7;965,7;964,9;372,6;27,1;18,6;28,6;27,1;19,2;17,9;60;55;60;173;5,1;2,3;
2007-04-04;22:00;0;966,2;966,2;965,7;44,2;25,4;20,2;27;25,4;20,2;18,7;73;60;73;205;4,8;1,2;
2007-04-04;23:00;0;966,5;966,5;966,2;-9999;24,4;20,1;25,4;24,2;20,4;20,1;79;73;77;214;5,1;2,5;
2007-04-05;00:00;0;967,3;967,3;966,5;-9999;24,2;19,8;24,5;24,2;20,1;19,8;77;76;76;231;5,4;1,3;
2007-04-05;01:00;0;967,8;967,8;967,3;-9999;24,2;20;24,4;23,4;20,2;19,7;83;75;77;129;2,9;,5;
2007-04-05;02:00;0;969,3;969,3;967,8;-9999;23,6;20,5;24,4;23,4;20,6;19,9;85;76;83;184;5;1,5;
2007-04-05;03:00;0;969,9;969,9;969,2;-9999;23,7;20,5;23,7;23,3;20,7;20,4;85;82;82;228;5,2;2;
2007-04-05;04:00;0;968,8;969,9;968,8;-9999;22,6;19,5;23,7;22,5;20,5;19,5;85;82;83;139;8,4;2,8;
2007-04-05;05:00;0;968,8;968,9;968,7;-9999;22;19,4;22,6;22;19,5;19,4;85;83;85;193;7,1;,8;
2007-04-05;06:00;0;968,7;968,9;968,6;-9999;21,5;19,4;22;21,5;19,5;19,3;88;85;88;195;2,8;,9;
2007-04-05;07:00;0;968,4;968,8;968,3;-9999;21,1;19,4;21,5;21;19,5;19,3;90;88;90;178;2,3;0;
2007-04-05;08:00;0;968,4;968,4;968,2;-9999;20;18,9;21,1;20;19,4;18,9;94;90;94;269;1,5;,2;
2007-04-05;09:00;-9999;-9999;-9999;-9999;-9999;-9999;-9999;-9999;-9999;-9999;-9999;-9999;-9999;-9999;-9999;-9999;-9999;
2007-04-05;10:00;-9999;-9999;-9999;-9999;-9999;-9999;-9999;-9999;-9999;-9999;-9999;-9999;-9999;-9999;-9999;-9999;-9999;
2007-04-05;11:00;-9999;-9999;-9999;-9999;-9999;-9999;-9999;-9999;-9999;-9999;-9999;-9999;-9999;-9999;-9999;-9999;-9999;
2007-04-05;12:00;0;970,1;970,2;969,7;1013,2;22,8;20,2;23;20,8;20,2;19,3;92;82;85;109;4,2;1,7;
2007-04-05;13:00;0;970,1;970,1;970;1792,8;25,3;20,6;25,5;22,8;20,9;19,9;85;75;75;84;5;2,6;
2007-04-05;14:00;0;970;970,1;970;2231,8;28,3;20,7;28,3;25,3;21,1;20,1;76;62;63;90;5,9;2,9;
2007-04-05;15:00;0;969,7;970;969,7;2026,6;29,4;20,3;30,4;28,3;21,3;19,9;63;56;58;56;6,1;2,5;
2007-04-05;16:00;0;969;969,7;969;2126,5;31,7;21,4;32,5;28,9;21,9;20;62;51;54;39;5,4;2,2;
2007-04-05;17:00;0;968,1;969;968,1;3342,4;33,2;19,8;33,6;31,3;20,8;19,1;54;44;45;343;5,5;1,5;
2007-04-05;18:00;0;967,2;968,1;967,2;2556,2;34,2;18,5;34,4;32,9;20;18,1;46;39;39;51;6,4;2,5;
2007-04-05;19:00;0;966,2;967,2;966,2;2332,7;33,6;18,3;34,8;33,6;19,3;16,7;42;34;41;99;5,5;1,6;
2007-04-05;20:00;0;965,9;966,2;965,9;1212,5;32,9;17,8;35,1;32,8;19;16;44;33;41;294;3,8;,1;
2007-04-05;21:00;0;966,7;966,8;965,9;205,8;26,5;20,5;32,9;26,5;20,5;16,5;70;41;70;241;9,5;4,7;
2007-04-05;22:00;0;966,7;966,7;966,4;34,8;26,2;20,6;26,7;25,6;21,1;20,5;76;70;71;223;9,5;1;
2007-04-05;23:00;0;967,7;967,7;966,7;-9999;27,4;19,5;27,4;26;20,5;19,5;71;62;62;268;7,7;2,9;
2007-04-06;00:00;0;968,4;968,4;967,7;-9999;25,6;19,9;27,4;25,6;20;19,4;71;62;71;44;4,7;1,1;
2007-04-06;01:00;0;969,5;969,6;968,3;-9999;24,6;20,5;26,1;24,3;20,5;20;79;69;78;262;4,2;1,1;
2007-04-06;02:00;0;969,7;969,7;969,5;-9999;24,6;19,9;25;24,6;20,4;19,8;78;73;75;175;2;,7;
2007-04-06;03:00;0;969,5;969,8;969,5;-9999;23,9;19,9;24,7;23,8;20,4;19,7;80;75;79;215;2,1;,1;
2007-04-06;04:00;0;968,8;969,5;968,8;-9999;24,3;19,8;24,5;23,9;19,9;19,7;78;75;76;212;1,8;,5;
2007-04-06;05:00;0;968,1;968,8;968;-9999;24;20,2;24,4;23,7;20,2;19,8;80;76;79;236;2;,5;
2007-04-06;06:00;0;968,2;968,2;968;-9999;22,1;20,2;24;22;20,4;20,1;89;79;89;269;2,4;1,2;
2007-04-06;07:00;0;967,8;968,4;967,8;-9999;22,1;20,2;22,2;21,6;20,4;19,9;91;89;89;234;1,7;,4;
2007-04-06;08:00;0;967,9;967,9;967,6;-9999;21,7;20;22,1;21,4;20,3;19,9;91;89;90;220;2,2;0;
2007-04-06;09:00;0;968,3;968,3;967,9;-9999;22,3;20,4;22,9;21,7;20,6;20;91;87;89;255;1,7;,2;
2007-04-06;10:00;0;968,9;968,9;968,2;-9999;22,4;20,7;22,4;21,7;20,8;20,3;93;89;90;161;1,2;,3;
2007-04-06;11:00;0;969,4;969,4;968,9;184,9;23,7;20,8;23,7;22,1;20,9;20,5;91;84;84;117;4;2,2;
2007-04-06;12:00;0;969,9;970;969,4;1042,1;25,2;21,6;25,2;23,7;21,7;20,8;85;81;81;100;5,1;3,3;
2007-04-06;13:00;0;970,6;970,7;969,9;1289,1;26,1;21,4;26,3;25;21,7;21,2;81;75;76;68;6;2,6;
2007-04-06;14:00;0;970,5;970,7;970,5;1527,4;27;21;27,3;26,1;21,9;21;76;70;70;38;4,7;1,9;
2007-04-06;15:00;0;969,8;970,6;969,8;1887,1;28;21,2;28,4;26,8;22,1;20,7;71;65;67;38;5,2;2,5;
2007-04-06;16:00;0;969;969,8;969;1744,7;29,6;21,7;29,7;28;22;21,1;68;62;62;18;5,2;1,8;
2007-04-06;17:00;0;967,8;969;967,8;2414,8;30,8;21,2;31;29,4;22;20,1;63;55;57;346;6,7;2,8;
2007-04-06;18:00;0;966,5;967,8;966,5;1708,9;29,7;20,1;31,6;29,5;21,7;19,7;59;51;56;342;6,1;2,5;
2007-04-06;19:00;0;965,6;966,5;965,6;1282,8;30,3;18,2;30,9;29,7;21,4;17,9;59;47;48;347;7,7;2,8;
2007-04-06;20:00;0;964,9;965,6;964,8;868,7;29,9;19;30,9;29,8;19,6;18,1;53;48;52;25;7,7;3,2;
2007-04-06;21:00;0;965,8;965,8;964,9;230,6;28,2;20,3;29,9;28,2;20,3;18,8;62;52;62;320;6;,4;
2007-04-06;22:00;0;966,4;966,4;965,8;22;27,6;20,3;28,3;27,6;20,3;19,3;64;59;64;183;2,3;,4;
2007-04-06;23:00;0;967,7;967,7;966,4;-9999;26,2;20,4;27,6;26,2;20,7;20;71;63;71;103;4,3;1,9;
2007-04-07;00:00;0;968,3;968,3;967,7;-9999;25,7;20,4;26,2;25,5;20,4;20,2;74;70;72;58;4,6;2,5;
2007-04-07;01:00;0;970;970;968,3;-9999;24;20,7;25,7;23,8;20,7;19,9;83;72;82;129;7,1;3,3;
2007-04-07;02:00;10,2;970,8;971,1;969,9;-9999;20,7;19,8;24,2;20,6;20,8;19,7;95;80;94;142;9,7;4,3;
2007-04-07;03:00;,6;971,4;971,4;970,7;-9999;20,7;19,7;20,8;20,7;19,8;19,6;94;93;94;136;9,5;2,2;
2007-04-07;04:00;,8;970,4;971,4;970,3;-9999;20,5;19,5;20,7;20,5;19,8;19,5;95;93;94;112;8,3;3,7;
2007-04-07;05:00;0;970,6;970,7;970,3;-9999;20,4;19,4;20,5;20,4;19,5;19,4;94;94;94;113;8,3;3,5;
2007-04-07;06:00;0;970;970,8;970;,2;20,2;19,1;20,4;20,2;19,4;19,1;94;93;94;96;8,6;4,6;
2007-04-07;07:00;,2;969,6;970;969,6;-9999;19,9;18,9;20,2;19,9;19,1;18,9;95;94;94;79;8,6;2,5;
2007-04-07;08:00;0;969,4;969,7;969,3;-9999;19,6;18,8;19,9;19,6;18,9;18,8;95;94;95;65;5,5;1,1;
2007-04-07;09:00;0;969,4;969,6;969,3;-9999;19,6;18,8;19,7;19,5;18,9;18,7;96;95;95;46;3;1,1;
2007-04-07;10:00;0;970;970;969,4;,9;19,5;18,7;19,7;19,5;18,9;18,7;95;94;95;67;3,4;1,5;
2007-04-07;11:00;-9999;-9999;-9999;-9999;-9999;-9999;-9999;-9999;-9999;-9999;-9999;-9999;-9999;-9999;-9999;-9999;-9999;
2007-04-07;12:00;0;970,9;971;970,5;1076,2;21,9;19,4;21,9;20,6;19,5;18,8;91;85;86;60;6,4;2,9;
2007-04-07;13:00;-9999;-9999;-9999;-9999;-9999;-9999;-9999;-9999;-9999;-9999;-9999;-9999;-9999;-9999;-9999;-9999;-9999;
2007-04-07;14:00;0;971,2;971,4;971;2454,7;25,4;20;26;23,7;21,1;19,6;80;70;72;59;6,9;2,6;
2007-04-07;15:00;0;970,5;971,3;970,5;2995,6;27,8;20,4;28,1;25,1;21,4;19,8;75;62;64;27;5,4;2;
2007-04-07;16:00;0;969,4;970,5;969,4;2979,2;29,4;21;29,4;27,7;21,5;19,8;67;59;61;19;6,2;2,3;
2007-04-07;17:00;0;968,1;969,4;968,1;3131;29,4;20,3;30,5;29,4;21,4;19,3;61;53;58;27;5,8;1,7;
2007-04-07;18:00;0;966,7;968,1;966,7;2232,7;30,1;20,1;30,9;29,4;20,9;18,9;59;51;55;338;5,6;,9;
2007-04-07;19:00;0;966,3;966,7;966,1;990,1;29,9;20,1;30,3;29,4;20,8;19,4;59;53;56;38;3,9;,1;
2007-04-07;20:00;0;966,8;966,8;966,3;318,8;24,8;17,9;29,8;24,7;21,5;17,1;66;55;66;181;8;3,5;
2007-04-07;21:00;0;968,9;968,9;966,8;30,9;21,8;18,7;24,9;21,8;19,2;17,5;83;65;83;233;11,1;4,4;
2007-04-07;22:00;4,4;968,9;969,7;968,8;-9999;19,7;18,7;21,8;19,6;19;18,6;95;83;94;274;11,1;1,3;
2007-04-07;23:00;2,4;967,8;969;967,6;-9999;19,8;18,8;19,9;19,6;19,3;18,6;97;93;94;135;4,8;1,3;
2007-04-08;00:00;0;968,8;968,8;967,6;-9999;19,5;18,8;19,9;19,4;19,1;18,6;96;93;96;342;3,2;1,2;
2007-04-08;01:00;0;969,5;969,5;968,8;-9999;19,6;18,9;19,6;19,5;19;18,8;96;96;96;309;3,2;,8;
2007-04-08;02:00;0;969,3;969,7;969,3;-9999;20;19,2;20;19,4;19,2;18,8;96;95;95;279;3,3;1,2;
2007-04-08;03:00;0;969;969,4;969;-9999;19,9;19,1;20,1;19,9;19,3;19,1;96;95;95;255;2,1;,6;
2007-04-08;04:00;0;969,2;969,5;969;-9999;19,6;18,8;19,9;19,6;19,2;18,8;96;95;95;118;2,7;1;
2007-04-08;05:00;0;968,8;969,2;968,8;-9999;19,3;18,7;19,6;19,3;18,9;18,7;97;95;97;23;2,5;0;
2007-04-08;06:00;0;968,9;968,9;968,5;-9999;19,2;18,8;19,3;19,1;18,8;18,6;98;97;98;354;2,1;,3;
2007-04-08;07:00;0;968,4;968,9;968,4;-9999;19,3;18,9;19,3;19,1;19;18,8;98;98;98;342;2,2;,5;
2007-04-08;08:00;0;968,5;968,5;968,2;-9999;19,3;18,9;19,4;19,2;19;18,9;98;98;98;271;2,3;1,7;
2007-04-08;09:00;0;968,5;968,7;968,3;-9999;19,1;18,7;19,3;18,9;18,9;18,6;98;98;98;251;3,1;,5;
2007-04-08;10:00;,2;969,3;969,4;968,5;-9999;19,2;18,7;19,2;18,9;18,8;18,6;98;97;97;290;1,9;1,1;
2007-04-08;11:00;0;969,9;969,9;969,3;202,5;20,3;19,5;20,3;19,2;19,5;18,7;97;95;95;280;2,7;1,6;
2007-04-08;12:00;0;970,3;970,3;969,8;673,5;21,7;19,8;21,7;20,3;20,1;19,6;95;89;89;240;3,9;2,3;
2007-04-08;13:00;0;970,3;970,3;970,1;1606,5;24,6;19,9;24,7;21,7;20,5;19,5;90;74;75;228;5,2;1,8;
2007-04-08;14:00;0;970,3;970,5;970,3;1632,1;24,7;19,3;25;23,9;20,3;19,2;78;72;72;206;5,3;2;
2007-04-08;15:00;0;969,9;970,3;969,9;1756,4;25,4;20,1;25,7;24,5;20,5;19,1;76;69;72;223;4,3;1,9;
2007-04-08;16:00;0;969,3;969,9;969,3;591,2;23,7;20,4;25,4;23,6;20,7;19,6;84;70;82;196;5;1,2;
2007-04-08;17:00;0;968,7;969,3;968,7;1212,8;24,8;20,2;25,4;23,8;21,1;19,4;83;71;75;243;4,6;1,9;
2007-04-08;18:00;0;968,3;968,7;968,3;1136,2;23,3;21,3;25,9;23,2;21,3;19,9;89;70;89;242;6,1;2,3;
2007-04-08;19:00;0;967,6;968,3;967,6;1513,6;25,5;20,1;25,9;23,3;21,7;19,8;89;72;72;227;5,4;3,2;
2007-04-08;20:00;0;967,7;967,7;967,5;778;25,9;19;25,9;25,4;20,2;18,8;73;65;66;237;5,6;1,8;
2007-04-08;21:00;0;967,7;967,7;967,6;319,3;25,4;16,2;25,9;25,4;18,8;16,1;66;57;57;232;4,8;1,6;
2007-04-08;22:00;0;968,1;968,1;967,7;57,2;23,6;16,7;25,4;23,6;16,8;16;66;56;65;207;4,5;,4;
2007-04-08;23:00;0;968,6;968,6;968,1;-9999;22;16,6;23,5;21,7;17,1;16,5;75;65;72;244;2,6;,7;
2007-04-09;00:00;0;969,5;969,5;968,6;-9999;20,6;16,5;22;20,5;16,6;16,3;78;71;77;242;3,4;1,4;
2007-04-09;01:00;0;969,9;970;969,5;-9999;19,5;16,6;20,9;19;16,7;16,2;85;75;83;254;3,2;1,8;
2007-04-09;02:00;0;970;970;969,9;-9999;18,5;16,5;20,1;18,5;16,6;16,3;88;79;88;268;2,8;,2;
2007-04-09;03:00;0;970,2;970,3;970;-9999;18,1;16,3;19;18;16,6;16,2;90;86;90;290;1,6;,1;
2007-04-09;04:00;0;970,1;970,4;970,1;-9999;17,8;16,2;18,1;17,7;16,5;16,2;92;90;90;268;2,3;1,7;
2007-04-09;05:00;0;969,6;970,1;969,6;-9999;17,2;16;17,8;17,2;16,3;16;93;90;93;286;2,3;1,3;
2007-04-09;06:00;0;969,1;969,6;969,1;-9999;17,3;15,9;17,4;17,1;16,1;15,8;94;92;92;269;2;1,1;
2007-04-09;07:00;0;968,8;969,1;968,8;-9999;17,2;15,6;17,9;17,2;16,1;15,6;92;88;90;262;2,7;1;
2007-04-09;08:00;0;968,7;968,9;968,6;-9999;17;15,7;17,3;16,8;15,8;15,6;93;91;92;248;2,4;1,2;
2007-04-09;09:00;0;969,4;969,4;968,7;-9999;17,4;15,9;17,4;16,6;15,9;15,4;93;91;91;238;3,2;1,7;
2007-04-09;10:00;0;969,7;969,7;969,4;-9999;17,1;15,8;17,6;17,1;16;15,8;92;90;92;240;3,3;1,5;
2007-04-09;11:00;0;970,2;970,3;969,7;387,6;18,6;16,4;18,6;17,1;16,5;15,8;92;87;87;224;3,4;1,7;
2007-04-09;12:00;0;970,7;970,7;970,2;1200,9;21;18,2;21;18,5;18,2;16,5;88;81;84;173;5,2;2,3;
2007-04-09;13:00;0;970,9;970,9;970,6;2056,4;22,5;17,5;22,6;20,9;18,2;17;84;73;74;189;5,5;2,3;
2007-04-09;14:00;0;970,9;971,1;970,9;2599,3;23,4;16,1;24;22,3;18,2;16;75;63;63;107;4,9;2,4;
2007-04-09;15:00;0;970;970,9;970;2844,6;24,1;15,8;25;23,4;17,9;15,4;69;56;60;180;4,6;1,7;
2007-04-09;16:00;0;968,9;970;968,9;2382,2;25,6;15,3;25,9;23,8;16,8;15,1;63;52;53;118;4,5;1,8;
2007-04-09;17:00;0;968;968,9;967,9;2989,7;26,6;14,8;26,7;25,4;16,8;14,3;58;48;48;217;6,5;2,5;
2007-04-09;18:00;0;967,1;968;967;2465,4;27,1;13,7;27,2;26;16,1;13,1;53;42;44;208;6,5;1,6;
2007-04-09;19:00;0;966,7;967,1;966,6;2250,4;27,6;13,6;27,6;26,8;15,2;12,7;48;41;42;169;7;1,7;
2007-04-09;20:00;0;966,7;966,7;966,6;1703,7;27,4;14,2;28,1;26,7;15,3;13,3;48;42;44;191;6,7;1,5;
2007-04-09;21:00;0;966,6;966,7;966,6;843,4;26,5;14,1;27,6;26,4;14,9;13,8;49;44;47;126;4;1,3;
2007-04-09;22:00;0;966,5;966,7;966,5;50,4;24,3;16,2;26,5;24,2;16,3;13,8;61;46;61;156;3,1;,2;
2007-04-09;23:00;0;966,7;966,8;966,5;-9999;22,5;17,5;24,4;22,5;17,6;16;74;59;74;191;1,2;,1;
2007-04-10;00:00;0;966,9;967;966,6;-9999;20,3;17,6;22,4;20,1;17,9;17,1;85;73;85;23;1;,2;
2007-04-10;01:00;0;967,2;967,2;966,9;-9999;19,1;17;20,5;19,1;17,5;16,9;87;82;87;119;1;0;
2007-04-10;02:00;0;967;967,2;966,9;-9999;18,1;16,5;19,2;18,1;17,2;16,5;90;87;90;206;1,1;,2;
2007-04-10;03:00;0;967;967;966,9;-9999;17,2;16;18,1;17,2;16,9;16;93;90;92;194;1,4;0;
2007-04-10;04:00;0;966,6;967;966,6;-9999;16,7;15,7;17,3;16,7;16,1;15,7;94;91;94;190;1,3;0;
2007-04-10;05:00;0;966,4;966,6;966,4;-9999;16,5;15,4;16,7;16,4;15,8;15,1;95;92;93;268;1,5;,5;
2007-04-10;06:00;0;966,2;966,4;966,2;-9999;15,7;14,8;16,6;15,7;15,6;14,6;95;93;95;279;2,3;,6;
2007-04-10;07:00;-9999;-9999;-9999;-9999;-9999;-9999;-9999;-9999;-9999;-9999;-9999;-9999;-9999;-9999;-9999;-9999;-9999;
2007-04-10;08:00;-9999;-9999;-9999;-9999;-9999;-9999;-9999;-9999;-9999;-9999;-9999;-9999;-9999;-9999;-9999;-9999;-9999;
2007-04-10;09:00;0;967;967;966,6;-9999;15,1;14,3;15,9;15;14,8;14,1;95;93;95;206;3;,2;
2007-04-10;10:00;-9999;-9999;-9999;-9999;-9999;-9999;-9999;-9999;-9999;-9999;-9999;-9999;-9999;-9999;-9999;-9999;-9999;
2007-04-10;11:00;0;968,3;968,3;967,7;362,4;17,1;15,6;17,1;14,5;15,6;13,9;96;90;91;269;2,5;,9;
2007-04-10;12:00;0;968,9;968,9;968,3;1194,5;20,7;16,7;20,7;17,1;17;15,7;91;77;78;89;1,7;,1;
2007-04-10;13:00;0;969,4;969,5;968,9;2030,7;23,6;17,3;23,6;20,7;17,9;16,4;78;66;68;71;3,7;1,7;
2007-04-10;14:00;0;969,4;969,6;969,4;2689,1;24,6;17,1;24,8;23,3;18,2;16,5;72;61;63;64;5,2;2;
2007-04-10;15:00;0;968,5;969,5;968,5;3094,8;27,5;16,1;27,6;24,6;18;14,7;64;48;50;7;4,8;1,5;
2007-04-10;16:00;0;967,7;968,5;967,7;3221,1;27,9;16,1;28,4;26,9;16,9;15;53;45;49;46;5,5;2,3;
2007-04-10;17:00;0;966,9;967,7;966,9;3140,6;29,3;16,1;29,3;27,8;17,5;14,7;51;42;45;15;5,1;1,5;
2007-04-10;18:00;0;966,3;966,9;966,3;2837,6;29,6;15;30,2;28,9;16,6;14;46;39;41;44;5,4;2,6;
2007-04-10;19:00;0;965,9;966,4;965,9;2268;30,4;14,6;30,4;29;16,2;13,5;43;35;38;299;5,4;1,1;
2007-04-10;20:00;0;966,1;966,1;965,8;1544,6;30,1;12,8;30,8;29,9;15,1;12,8;40;34;35;334;2,8;,5;
2007-04-10;21:00;0;966,3;966,4;966,1;720;28,9;15,1;30,1;28,6;15,9;12,7;45;34;43;39;3,5;,1;
2007-04-10;22:00;0;966,4;966,4;966,3;60,2;24,2;18,3;28,9;24,2;18,5;14,8;70;43;70;71;1,5;0;
2007-04-10;23:00;0;966,9;967;966,4;-9999;22,6;18,8;24,4;22,1;19;18,1;81;69;79;122;,5;0;
2007-04-11;00:00;0;967,8;967,8;966,9;-9999;22,4;18,3;22,6;21,4;19;18,3;84;78;78;167;1,1;,1;
2007-04-11;01:00;0;968,4;968,4;967,8;-9999;20,7;18,1;22,7;20,7;18,5;17,9;86;76;85;273;1,1;0;
2007-04-11;02:00;0;968,5;968,6;968,4;-9999;19,9;17,9;20,7;19,5;18,1;17,7;90;85;88;300;1,1;,1;
2007-04-11;03:00;0;968,4;968,6;968,4;-9999;18,6;17,3;20,1;18,5;18;17,2;93;86;93;132;1;0;
2007-04-11;04:00;0;968,3;968,5;968,3;-9999;18,3;17,1;19;18,3;18;17,1;94;92;93;208;,8;0;
2007-04-11;05:00;0;968;968,3;968;-9999;18,1;16,8;18,8;18,1;17,5;16,8;93;91;93;117;1;0;
2007-04-11;06:00;0;967,9;968;967,9;-9999;17,9;16,8;18,2;17,7;17,2;16,5;95;92;93;274;,7;,1;
2007-04-11;07:00;0;967,7;968;967,7;-9999;17,1;16,2;18;17,1;16,9;16,2;94;92;94;265;1,5;,8;
2007-04-11;08:00;0;967,9;967,9;967,7;-9999;16,9;15,9;17,4;16,9;16,4;15,9;95;93;94;220;1,7;0;
2007-04-11;09:00;0;968,4;968,4;967,9;-9999;16,7;15,9;16,9;16,6;16,2;15,7;96;94;95;271;1,7;,8;
2007-04-11;10:00;0;969,1;969,1;968,4;,4;16,6;15,8;16,9;16,4;16;15,6;96;94;95;235;1,4;0;
2007-04-11;11:00;0;969,8;969,8;969,1;331,1;19,7;17,7;19,7;16,5;17,8;15,6;95;88;88;176;2,2;0;
2007-04-11;12:00;0;970,5;970,5;969,8;1162;22,7;18,3;22,7;19,7;18,5;17,2;88;75;77;81;2,9;1,2;
2007-04-11;13:00;0;970,8;970,8;970,5;1983,7;25,2;18,6;25,2;22,7;18,8;17,5;77;66;67;56;5,9;3;
2007-04-11;14:00;0;970,3;970,8;970,2;2629,6;28,4;18,2;28,5;25,2;19,3;17,8;67;53;54;39;7,2;3,5;
2007-04-11;15:00;0;969,5;970,3;969,5;3011,2;30,7;18;30,7;28,4;19,1;17,1;55;46;47;16;7,4;3,1;
2007-04-11;16:00;0;968,5;969,5;968,5;3122,9;31,4;15,6;32,2;30,2;18,2;15,3;47;37;39;5;6,7;2,4;
2007-04-11;17:00;0;967,6;968,5;967,6;3071,8;32,5;17,6;32,5;31,4;17,8;15,2;43;36;41;334;7,1;2,5;
2007-04-11;18:00;0;966,8;967,6;966,8;2782,2;32,2;16,9;32,7;31,5;18,1;15,9;43;38;40;345;7;2,2;
2007-04-11;19:00;0;966,3;966,8;966,3;2222,2;32,6;16;33;32;17,4;15,4;41;36;37;340;5,8;1,8;
2007-04-11;20:00;0;966;966,3;966;1505,7;32,1;17,1;33,1;31,8;17,7;15,4;43;36;41;339;6;1,2;
2007-04-11;21:00;0;966,3;966,3;966;690;30,7;18,1;32,1;30,7;18,2;16,8;47;41;47;323;4;1,1;
2007-04-11;22:00;0;966,6;966,6;966,3;58,7;26,8;20;30,7;26,8;20;18;66;47;66;301;3;,9;
2007-04-11;23:00;0;967,3;967,3;966,6;-9999;24,8;19,7;26,8;24,8;20,3;19,7;76;66;73;258;1,3;,1;
2007-04-12;00:00;0;968;968;967,3;-9999;24,1;20,3;24,8;22,8;20,6;19,5;84;73;79;159;2,1;0;
2007-04-12;01:00;0;968,7;968,7;968;-9999;22,7;19,8;24,2;22,5;20,2;19,7;85;79;84;257;1,3;,7;
2007-04-12;02:00;0;968,8;968,8;968,7;-9999;21,6;19,3;22,9;21,6;19,9;19,3;88;83;87;271;2,9;1,8;
2007-04-12;03:00;0;969,2;969,2;968,7;-9999;21,2;19,5;21,6;20,7;19,6;19;91;87;90;100;3,4;1;
2007-04-12;04:00;0;968,8;969,3;968,8;-9999;20,6;19,4;21,4;20,4;19,6;19,1;93;89;93;318;1,9;,4;
2007-04-12;05:00;0;968,3;968,8;968,3;-9999;20,4;18,8;20,9;20,4;19,6;18,8;93;89;91;264;1,6;0;
2007-04-12;06:00;0;968;968,3;968;-9999;19,8;18,9;20,4;19,5;19,1;18,5;94;91;94;261;1,6;,9;
2007-04-12;07:00;0;967,7;968,1;967,7;-9999;19,5;18,4;20;19,3;18,9;18,2;95;91;94;266;2,5;1,8;
2007-04-12;08:00;0;968;968;967,7;-9999;19,1;18,1;20,3;19;19;17,9;95;91;94;271;2,6;,6;
2007-04-12;09:00;0;968,7;968,7;968;-9999;18,7;17,8;19,6;18,7;18,4;17,7;95;92;95;123;2,6;0;
2007-04-12;10:00;0;969,7;969,7;968,6;3;19,9;18,7;19,9;18,7;18,7;17,8;96;93;93;298;,9;,1;
2007-04-12;11:00;0;970,2;970,2;969,5;326,6;21,6;19,2;21,6;19,8;19,6;18,7;94;86;86;125;3,5;,3;
2007-04-12;12:00;0;970,9;971;970,1;750;22,6;19,7;22,6;21,4;19,9;19;89;83;83;226;2,4;0;
2007-04-12;13:00;0;970,8;971,2;970,7;1311,4;26,4;21;26,5;22,7;21,6;19,8;85;71;72;73;1,5;,3;
2007-04-12;14:00;0;971,5;971,6;970,8;642,8;26,7;21,9;27,2;26,4;21,9;20,7;76;68;75;54;1,5;,1;
2007-04-12;15:00;0;970,6;971,5;970,6;1202,2;29,1;20,2;29,2;26,6;22,7;20,1;75;58;59;6;4,7;1,7;
2007-04-12;16:00;0;970,3;970,7;970,3;1504,7;30,9;19,4;30,9;29;20,4;18,1;60;47;50;331;5,2;2,3;
2007-04-12;17:00;0;969;970,2;969;1977,1;30,7;18,4;31,6;30,7;19,3;17,1;51;43;48;343;7,1;1,3;
2007-04-12;18:00;0;968,7;969;968,5;451,7;29,1;19;30,6;29,1;20,4;18,1;59;48;55;298;3,6;,6;
2007-04-12;19:00;0;970,5;970,5;968,5;85,4;22,2;19,3;29,2;22,2;21,2;18,3;84;54;84;181;14,9;6,3;
2007-04-12;20:00;5,4;970,9;971,3;970,3;20,6;20,4;19,1;22,2;20;20;19;95;84;92;148;14,3;3,6;
2007-04-12;21:00;3,4;971,8;971,9;970,9;12,8;20,4;19,5;20,5;20,3;19,5;19,1;95;92;95;216;9,1;1,2;
2007-04-12;22:00;3,4;970,6;971,9;970,5;2,5;20,4;19,8;20,4;20,2;19,8;19,4;96;95;96;142;5,1;2;
2007-04-12;23:00;0;971,4;971,5;970,5;-9999;20,7;19,8;20,7;20,4;19,8;19,7;96;94;95;146;4,5;1,5;
2007-04-13;00:00;,2;972,7;972,8;971,4;-9999;20,5;19,7;20,7;20,5;20;19,7;96;94;95;339;3,8;,2;
2007-04-13;01:00;,2;973,3;973,3;972,5;-9999;20,6;19,8;20,7;20,4;20,1;19,7;96;95;96;220;2,5;1,2;
2007-04-13;02:00;,4;973,3;973,5;973,1;-9999;20,5;19,9;20,6;20,4;19,9;19,7;96;95;96;4;2,4;,2;
2007-04-13;03:00;,6;972,3;973,3;972,3;-9999;20,3;19,7;20,5;20,3;19,9;19,7;97;96;96;313;2,8;,7;
2007-04-13;04:00;0;971,7;972,3;971,7;-9999;20,3;19,8;20,4;20,2;19,9;19,6;97;96;97;216;2,1;,4;
2007-04-13;05:00;,2;970,4;971,7;970,4;-9999;20,2;19,6;20,4;20,2;19,8;19,6;97;96;96;1;1,9;,7;
2007-04-13;06:00;0;970,4;970,7;970,2;-9999;20,2;19,5;20,3;20,2;19,8;19,5;97;96;96;120;3;,3;
2007-04-13;07:00;0;969,8;970,5;969,8;-9999;19,8;19,3;20,3;19,8;19,7;19,3;97;96;97;5;2,2;,1;
2007-04-13;08:00;0;969,8;969,9;969,5;-9999;19,8;19,4;19,9;19,7;19,5;19,2;97;97;97;131;1,9;,9;
2007-04-13;09:00;0;970,5;970,5;969,8;-9999;19,8;19,2;20,1;19,8;19,6;19,2;97;96;96;189;2,1;,8;
2007-04-13;10:00;0;970,9;970,9;970,5;-9999;19,9;19;19,9;19,7;19,3;19;97;95;95;120;3,2;1,5;
2007-04-13;11:00;0;971,6;971,6;970,9;141;20,1;19,3;20,1;19,8;19,3;19;96;94;95;138;3,2;,3;
2007-04-13;12:00;0;972,2;972,2;971,6;425,1;21,2;19,4;21,3;20,1;19,8;19,2;95;89;89;141;1,7;,4;
2007-04-13;13:00;0;972,6;972,6;972,2;720,8;22;19,7;22,1;21,2;20,3;19,3;91;86;86;89;2,8;1,1;
2007-04-13;14:00;0;972,1;972,7;972,1;985,1;22,6;20;22,8;21,9;20,4;19,5;88;84;85;99;4;2,3;
2007-04-13;15:00;0;971,4;972,1;971,4;1676,7;24;20,8;24,1;22,6;21,4;19,9;87;81;82;96;4,2;2,2;
2007-04-13;16:00;0;970,4;971,4;970,4;2071;25,8;21,6;26,2;23,9;22,1;20,5;84;74;77;55;3,7;1,2;
2007-04-13;17:00;0;969,5;970,4;969,5;2681,1;27,3;21,9;27,6;25,8;22,7;21;78;71;72;93;4,6;1,6;
2007-04-13;18:00;0;968,3;969,5;968,3;1954,3;28,3;22,2;28,4;26,9;22,7;21,1;76;66;69;96;4,4;1,5;
2007-04-13;19:00;0;967,8;968,3;967,8;2121;28,8;21,6;29,6;28,1;22,7;21,1;71;62;65;96;4;1,6;
2007-04-13;20:00;0;967,7;967,8;967,6;1409,6;28,8;21,4;29,3;28,8;22,4;21,1;68;62;64;114;3,6;1,9;
2007-04-13;21:00;0;967,7;967,9;967,5;380;27,5;22,3;29,1;27,5;22,6;21,1;75;63;73;103;3,5;2,1;
2007-04-13;22:00;0;967,9;967,9;967,5;44,2;26,3;22;27,6;26,1;22,6;21,5;78;73;77;121;3,4;1,1;
2007-04-13;23:00;0;969,3;969,3;967,9;-9999;23;21,2;26,6;23;22,4;20,9;90;77;90;65;9,7;5;
2007-04-14;00:00;,8;969,7;969,8;969,1;-9999;22,6;20,8;23;22;21,2;20,8;94;89;90;69;9;3,8;
2007-04-14;01:00;0;970,4;970,5;969,7;-9999;21,8;20;22,7;21,8;20,8;19,9;90;87;90;89;8,2;1,3;
2007-04-14;02:00;0;970,4;970,7;970,4;-9999;21,5;20,3;21,8;21,5;20,4;19,9;93;90;93;116;2,8;,3;
2007-04-14;03:00;0;970;970,4;970;-9999;21,2;20,4;21,6;21,1;20,5;20,2;95;93;95;274;1,3;,2;
2007-04-14;04:00;0;969,6;970;969,6;-9999;20,9;20,2;21,3;20,9;20,5;20,2;96;95;96;23;,8;0;
2007-04-14;05:00;0;969,1;969,6;969,1;-9999;20,9;20,4;20,9;20,5;20,4;19,9;97;96;97;117;1,9;1,3;
2007-04-14;06:00;0;968,7;969;968,7;-9999;20,4;19,8;21,1;20,4;20,5;19,7;97;95;97;340;1,9;0;
2007-04-14;07:00;0;968,7;968,8;968,7;-9999;20,3;19,8;20,5;20;20;19,3;97;96;97;135;1,6;,1;
2007-04-14;08:00;0;968,8;968,9;968,7;-9999;20,4;19,9;20,5;20,3;20;19,8;97;97;97;280;1;0;
2007-04-14;09:00;0;969,1;969,1;968,7;-9999;21;20,4;21;20,3;20,5;19,8;97;96;96;163;1,1;0;
2007-04-14;10:00;0;969,5;969,5;969,1;2,7;21,2;20,5;21,2;20,7;20,5;20,1;97;96;96;111;1,4;1;
2007-04-14;11:00;0;970,2;970,2;969,5;304,3;22,2;20,8;22,2;21,2;20,9;20,4;96;91;92;97;2,4;1,2;
2007-04-14;12:00;0;970,5;970,6;970,2;972,3;24,1;21,5;24,1;22,1;21,8;20,6;92;85;86;78;4,2;2,4;
2007-04-14;13:00;0;970,6;970,7;970,5;1759,2;25,9;21,8;26;23,9;22,1;21;86;77;78;58;7;3,8;
2007-04-14;14:00;0;970,4;970,8;970,4;2310,7;28,1;22;28,1;25,9;22,9;21,5;79;69;70;52;7,7;3,8;
2007-04-14;15:00;0;969,7;970,5;969,7;2678,1;29,7;21;30,1;27,9;22,8;20,8;72;58;60;35;8,5;3,2;
2007-04-14;16:00;0;968,7;969,7;968,7;2823,1;31,5;18,7;31,9;29,7;21,9;18,2;63;45;47;12;8,2;3,4;
2007-04-14;17:00;0;968;968,7;968;2921,5;32;18,5;32,5;31,5;19,7;18,1;49;42;45;350;8,2;3,9;
2007-04-14;18:00;0;967,4;968;967,4;2575,6;32,7;18,2;32,9;31,6;20;18,2;49;42;42;344;7,8;3;
2007-04-14;19:00;0;967,2;967,4;967,1;1929,3;31,9;17,1;33,1;31,9;20,4;17;49;40;41;337;7,6;2,8;
2007-04-14;20:00;0;967,4;967,4;967,2;1190,7;31,4;17,7;32,1;31,2;18,5;17,4;46;41;44;330;6,6;1,7;
2007-04-14;21:00;0;967,8;967,8;967,4;292,7;28,9;19,2;31,4;28,9;19,2;17,5;56;44;56;331;5,3;,8;
2007-04-14;22:00;0;967,9;967,9;967,8;45,4;26,1;20,8;29;26,1;20,9;18,7;73;54;73;304;2,7;1,4;
2007-04-14;23:00;0;968,4;968,4;967,9;-9999;25,1;20,9;26,1;25,1;20,9;20,5;78;73;78;270;2,3;,4;
2007-04-15;00:00;0;969,2;969,2;968,4;-9999;23,5;21,2;25,1;23,5;21,2;20,7;87;78;87;197;1,6;0;
2007-04-15;01:00;0;969,6;969,6;969,1;-9999;22,4;20,7;23,5;22,3;21,2;20,6;91;85;90;279;0;0;
2007-04-15;02:00;0;969,9;969,9;969,6;-9999;22,5;21,4;22,5;21,5;21,4;20,4;95;90;93;104;,8;0;
2007-04-15;03:00;0;969,8;970;969,7;-9999;21,7;20,5;22,6;21,6;21,3;20,4;94;90;93;272;,6;0;
2007-04-15;04:00;0;969,4;969,8;969,4;-9999;21,5;20,1;22;21,4;20,7;20,1;94;92;92;264;3,2;2,7;
2007-04-15;05:00;0;969,4;969,6;969,4;-9999;20,9;19,8;21,5;20,9;20,1;19,7;93;92;93;278;3,2;1,2;
2007-04-15;06:00;0;969,2;969,5;969,2;-9999;20,8;19,7;21,1;20,8;19,9;19,7;94;93;93;271;2,7;1,9;
2007-04-15;07:00;0;969,3;969,3;969,1;-9999;20,5;19,6;21,1;20,5;19,8;19,5;94;92;94;272;2,7;1,5;
2007-04-15;08:00;0;969,7;969,7;969,3;-9999;20,4;19,4;21,1;20,4;19,8;19,3;94;92;94;81;3,1;,9;
2007-04-15;09:00;0;969,8;969,9;969,7;-9999;20;19,4;20,5;19,9;19,7;19,2;96;94;96;240;1,8;0;
2007-04-15;10:00;0;970,7;970,7;969,8;-9999;19,5;18,8;20,1;19,4;19,5;18,6;96;95;96;110;2,3;,1;
2007-04-15;11:00;0;971,8;971,8;970,7;165;20,6;19,7;20,6;19,5;19,7;18,9;97;95;95;309;,8;0;
2007-04-15;12:00;0;972,4;972,4;971,8;1063,7;24,3;20,9;24,3;20,6;21;19,7;95;80;81;91;1,9;1;
2007-04-15;13:00;0;972,9;972,9;972,4;1582,7;26,1;20,5;26,5;24;21,4;20,2;81;70;72;97;1,9;,6;
2007-04-15;14:00;0;973,7;973,7;972,9;1618,4;27,9;21,3;27,9;26,1;21,6;19,8;74;63;67;98;3,5;1,9;
2007-04-15;15:00;0;973,5;973,8;973,4;1404;28,1;20,8;28,5;27,7;22,8;20,4;72;64;65;109;4,1;1,9;
2007-04-15;16:00;0;973;973,5;973;1333,2;28,4;20,9;28,5;27,8;21,6;20,1;68;62;64;113;3,8;1,6;
2007-04-15;17:00;0;972,3;973;972,1;985;28,5;21,7;28,6;28,2;21,7;20,7;67;63;66;145;4,2;1,9;
2007-04-15;18:00;0;970,8;972,3;970,8;1145,9;28,3;21,4;28,8;28,1;21,8;20,6;68;62;66;98;4,6;2,6;
2007-04-15;19:00;0;970,2;971,1;970,2;758,5;28,1;21,5;28,4;28,1;21,8;21;68;65;68;115;4,6;2,5;
2007-04-15;20:00;0;969,8;970,4;969,7;476,6;27,8;21,2;28,2;27,8;21,8;20,8;70;65;67;123;4,1;,6;
2007-04-15;21:00;0;969,8;969,8;969,6;224,1;27;21,5;27,9;27;21,5;20,8;72;65;72;120;2,9;1,2;
2007-04-15;22:00;0;969,7;970,1;969,7;15;25,2;21,6;27;25,2;21,9;21,3;80;71;80;160;2,3;,6;
2007-04-15;23:00;0;970,2;970,2;969,7;-9999;23,7;21,6;25,2;23,7;21,8;21,4;88;80;88;182;2,2;,3;
2007-04-16;00:00;0;970,9;970,9;970,2;-9999;23,6;21,1;24,1;23,6;21,6;21;88;84;86;205;1,8;0;
2007-04-16;01:00;0;971,6;971,6;970,9;-9999;23,3;20,5;23,6;22,8;21;20,5;87;84;84;154;2,4;,7;
2007-04-16;02:00;0;972;972,1;971,6;-9999;22,6;20,2;23,3;22,6;20,5;20,2;87;84;86;186;2,2;,4;
2007-04-16;03:00;0;972,1;972,2;972;-9999;23,2;20,9;23,2;22,5;20,9;20,3;89;87;87;144;2,8;1,2;
2007-04-16;04:00;0;971,8;972,2;971,8;-9999;22,3;20,6;23,3;22,3;20,9;20,6;90;87;90;115;3,4;1;
2007-04-16;05:00;0;971,7;971,9;971,6;-9999;21,7;20,6;22,3;21,7;20,8;20,6;94;90;94;122;2,2;,2;
2007-04-16;06:00;0;971,3;971,7;971,2;-9999;20,1;19,4;21,7;20,1;20,7;19,4;96;94;96;97;,9;0;
2007-04-16;07:00;0;971,3;971,4;971,3;-9999;19,7;19,1;20,4;19,5;19,9;18,9;97;95;97;275;2,4;1,4;
2007-04-16;08:00;0;971,4;971,4;971,2;-9999;20,3;19,8;20,3;19,6;19,8;19;97;96;97;232;3;,7;
2007-04-16;09:00;0;971,7;971,7;971,2;-9999;19,6;19;20,4;19,6;19,9;18,9;97;96;96;260;1,9;1,5;
2007-04-16;10:00;0;972,3;972,3;971,6;-9999;19,4;18,9;19,6;18,9;19;18,3;97;96;97;263;2;1,1;
2007-04-16;11:00;0;973;973;972,3;317,3;21,2;20,2;21,2;19,1;20,2;18,6;97;94;94;260;2,4;1;
2007-04-16;12:00;0;973,4;973,4;973;1006,1;24,6;21,6;24,7;21,2;22;20,2;94;82;83;157;2,2;,3;
2007-04-16;13:00;0;973,6;973,6;973,4;1870;26;21,8;26,1;24,3;22,1;21;85;75;78;95;3,7;2,2;
2007-04-16;14:00;0;973,3;973,6;973,3;2515,4;27,9;21,4;28,1;25,9;22,1;21;78;67;68;96;4,7;2,5;
2007-04-16;15:00;0;972,4;973,3;972,3;2895,7;29,5;21,3;29,8;27,9;21,8;20,6;69;59;62;85;6;2,7;
2007-04-16;16:00;0;971,2;972,4;971,2;3004,9;31,3;19,4;31,3;29,4;21,9;18,5;63;48;49;74;6,9;2,8;
2007-04-16;17:00;0;970,2;971,2;970,2;2876,3;31,6;19,4;32,1;31;20,1;18,1;51;45;48;93;5,2;2,3;
2007-04-16;18:00;0;969,2;970,2;969,2;2731,8;32;18,5;32,8;31,2;19,6;18,3;49;43;45;86;5;1,9;
2007-04-16;19:00;0;968,5;969,2;968,5;2124,7;32,1;18,6;32,6;31,6;19,3;17,8;47;43;45;94;4,8;1,6;
2007-04-16;20:00;0;968,4;968,5;968,4;1302,6;31,8;18,8;32,3;31,3;19,1;17,9;47;43;46;117;3,6;1,5;
2007-04-16;21:00;0;968,1;968,4;968,1;591,2;30,8;18,4;32;30,8;19,2;18,2;49;45;48;115;3,1;1,6;
2007-04-16;22:00;0;968,1;968,2;968;33,5;28,7;19,2;30,8;28,1;20,4;18,4;63;48;57;120;2,5;,8;
2007-04-16;23:00;0;968,4;968,4;968;-9999;26,8;19,7;28,8;26,7;19,7;18,9;65;55;65;185;2,5;,8;
2007-04-17;00:00;0;969;969;968,4;-9999;25,2;19,7;26,8;24,8;20,1;19,5;74;65;72;153;1,9;,3;
2007-04-17;01:00;0;969,4;969,4;969;-9999;23,3;19,8;25,2;23,1;20,2;19,2;83;70;81;278;1,1;0;
2007-04-17;02:00;0;969,4;969,5;969,3;-9999;24,4;19,6;24,6;22,4;20,2;19,4;86;74;74;130;2,1;,6;
2007-04-17;03:00;0;969,4;969,4;969,3;-9999;23,9;19,2;24,4;23,4;19,6;19,2;78;74;75;131;2,4;,2;
2007-04-17;04:00;0;969,3;969,4;969,3;-9999;23;19,6;24;22,9;19,8;19,3;82;75;81;143;1,8;0;
2007-04-17;05:00;0;969;969,3;969;-9999;21,5;19,4;23;21,5;19,8;19,4;88;81;88;146;1,4;,4;
2007-04-17;06:00;0;968,8;969;968,8;-9999;20,9;19,1;22;20,8;19,7;19;90;86;89;11;1,4;0;
2007-04-17;07:00;0;968,4;968,8;968,4;-9999;19,7;18,5;20,9;19,7;19,1;18,4;93;90;93;258;,9;,2;
2007-04-17;08:00;0;968,3;968,4;968,2;-9999;19,3;18,1;20,1;19,3;19;18,1;94;91;92;255;1,8;1;
2007-04-17;09:00;0;968,4;968,4;968,3;-9999;19,4;18,3;19,5;18,9;18,3;17,8;94;92;93;257;2,2;,9;
2007-04-17;10:00;0;969,1;969,1;968,4;-9999;18,7;17,8;19,5;18,6;18,3;17,6;95;92;95;267;2,4;1,2;
2007-04-17;11:00;0;970;970;969,1;300,1;21;19,1;21;18,7;19,1;17,8;95;89;89;267;2,8;,1;
2007-04-17;12:00;0;970,7;970,7;970;1062,1;24,3;19,2;24,4;21;20,1;18,9;89;72;73;110;2;1,1;
2007-04-17;13:00;0;970,8;970,9;970,7;1880,1;26,2;19,8;26,2;24,3;19,9;18,7;74;67;68;77;3,6;1,7;
2007-04-17;14:00;0;970,8;971;970,7;2527,8;28,5;20;28,5;26,2;20,5;19;68;60;60;96;6,5;3,4;
2007-04-17;15:00;0;970,1;970,7;970,1;2919;30;18,5;30,8;28,3;20,4;18,3;61;49;50;79;7,8;3,9;
2007-04-17;16:00;0;969,2;970,1;969,2;3013,6;31,1;18,7;31,7;30;19,3;17,6;52;45;48;80;6,9;3,5;
2007-04-17;17:00;0;968,2;969,2;968,2;2812,1;32,3;18,8;32,3;31;19,2;17,8;49;44;45;110;6,5;2,5;
2007-04-17;18:00;0;967,5;968,2;967,5;2603,2;32;17,4;32,6;31,4;19,1;17,4;47;42;42;105;5,6;2,8;
2007-04-17;19:00;0;967;967,5;967;2096,9;32,2;16,4;32,8;31,8;19;16,4;45;39;39;93;5,4;2,5;
2007-04-17;20:00;0;966,9;967;966,8;1395,2;32;17,6;32,5;32;18;16,5;43;38;42;94;5,2;2,4;
2007-04-17;21:00;0;966,6;966,9;966,6;595;30,4;18,8;32;30,3;18,9;17;50;41;50;113;4,8;1,6;
2007-04-17;22:00;0;966,8;966,8;966,6;30,3;27,4;20;30,4;27,4;20;18,7;64;50;64;109;3,2;,8;
2007-04-17;23:00;0;967,4;967,4;966,8;-9999;25,1;20,1;27,4;25;20,6;19,9;74;64;74;171;1,4;0;
2007-04-18;00:00;0;967,9;967,9;967,4;-9999;23,9;20,3;25,4;23,5;20,5;19,8;83;72;80;122;1,9;0;
2007-04-18;01:00;0;968,3;968,3;967,9;-9999;25,1;19,1;25,8;23,6;20,3;19;81;67;69;113;4,4;1,8;
2007-04-18;02:00;0;968,3;968,4;968,3;-9999;24,2;19,4;25,1;24,1;19,4;19;75;69;75;125;4,6;1,2;
2007-04-18;03:00;0;968,5;968,5;968,3;-9999;23,5;19,2;24,2;23,4;19,4;19,2;78;74;77;136;3,5;1,1;
2007-04-18;04:00;0;968,2;968,6;968,2;-9999;22,2;19,1;23,4;22,2;19,3;19,1;83;77;83;132;2,5;,2;
2007-04-18;05:00;0;968,2;968,3;968,2;-9999;19,9;18,6;22,2;19,9;19,3;18,4;92;83;92;176;1,3;0;
2007-04-18;06:00;0;968,1;968,3;968;-9999;19,8;18,3;20,2;19,3;18,9;18,1;94;90;91;201;1,8;,1;
2007-04-18;07:00;0;967,8;968,1;967,8;-9999;19,3;18,1;20;19,1;18,8;17,7;93;90;93;204;1,4;,1;
2007-04-18;08:00;0;967,8;967,8;967,7;-9999;19,3;17,9;19,5;18,8;18,4;17,4;94;90;91;164;1,8;,5;
2007-04-18;09:00;0;968,6;968,6;967,8;-9999;17,7;16,7;19,4;17,7;18,1;16,7;95;89;94;262;1,6;1,2;
2007-04-18;10:00;0;969,3;969,3;968,6;-9999;18,3;17,1;18,4;17,6;17,6;16,5;96;92;93;156;2,1;,3;
2007-04-18;11:00;0;969,8;969,8;969,3;300,3;20,8;17,9;20,9;18,2;18;16,8;94;83;84;102;2,6;1,1;
2007-04-18;12:00;0;970,2;970,3;969,8;1122,1;22,7;18,8;22,7;20,8;18,8;17,8;85;77;79;111;3,9;2,1;
2007-04-18;13:00;0;970,7;970,7;970,2;1944,8;24,9;18,7;25;22,7;19;18;79;68;68;88;6,1;3,6;
2007-04-18;14:00;0;970,6;970,8;970,6;2586,1;27,3;18,8;27,6;24,8;19,6;18,4;70;59;60;97;6,3;3,5;
2007-04-18;15:00;0;969,9;970,7;969,9;2947,3;29;18,5;29,3;27,1;19,6;17,4;60;50;53;82;7,1;4,1;
2007-04-18;16:00;0;969,2;970;969,2;2954,1;30,1;15,5;30,1;28,8;18,9;15,5;54;41;41;88;8;3,7;
2007-04-18;17:00;0;968,4;969,2;968,4;2943,4;30,5;16,4;31,2;29,8;17,3;15,3;47;40;43;91;7,1;3,3;
2007-04-18;18:00;0;967,8;968,4;967,8;2680,2;30,9;16,4;31,3;30,1;17,1;14,1;44;36;42;95;6,6;2,3;
2007-04-18;19:00;0;967,5;967,8;967,4;2081,5;30,8;15;31,5;30,5;17,1;14,5;43;38;38;99;6,5;3,2;
2007-04-18;20:00;0;967,2;967,5;967,2;1378,5;30,6;15,5;31,1;30,4;16,2;14,3;42;37;40;94;6;2,6;
2007-04-18;21:00;0;967,3;967,3;967,2;594,4;28,9;17,2;30,6;28,9;17,4;15,2;50;40;49;108;4,8;1,4;
2007-04-18;22:00;0;967,5;967,5;967,3;33,2;26,9;18,1;28,9;26,5;18,3;17,1;61;49;59;116;3;1,4;
2007-04-18;23:00;0;967,9;967,9;967,5;-9999;24,9;18,1;26,9;24,8;18,3;17,6;66;57;66;106;3;1,4;
2007-04-19;00:00;0;968,6;968,6;967,9;-9999;23,9;17,7;25,1;23,9;18,1;17,7;69;64;68;126;2,8;,4;
2007-04-19;01:00;0;969;969;968,6;-9999;24;17,4;24,4;23,3;17,9;17,4;71;65;67;116;3,3;2;
2007-04-19;02:00;0;969,2;969,2;969;-9999;23;18,2;24;22,2;18,2;17,4;77;67;75;117;4,9;1,7;
2007-04-19;03:00;0;969,3;969,4;969,2;-9999;22,1;18,1;23,3;22,1;18,3;18;78;73;78;112;4,9;1,2;
2007-04-19;04:00;0;969,1;969,3;969,1;-9999;20,8;18,3;22,1;20,8;18,3;18,1;85;78;85;86;2,2;0;
2007-04-19;05:00;0;968,8;969,1;968,7;-9999;20,1;18,2;20,8;20,1;18,3;18;89;85;89;140;1,1;0;
2007-04-19;06:00;0;968,5;968,8;968,5;-9999;19,3;17,7;20,1;19,2;18,2;17,5;91;88;91;152;0;0;
2007-04-19;07:00;0;968,2;968,5;968,2;-9999;18,6;17,4;19,4;18,4;17,9;17,1;94;90;93;197;,8;0;
2007-04-19;08:00;0;968,2;968,2;968,1;-9999;17,9;16,9;18,7;17,9;17,7;16,9;95;92;94;242;1,1;,1;
2007-04-19;09:00;0;968,6;968,6;968,2;-9999;18;16,9;18,1;17,7;17,2;16,7;95;93;93;262;2,2;1,2;
2007-04-19;10:00;0;969,4;969,4;968,6;-9999;17,7;16,8;18,2;17,5;17,3;16,4;95;93;94;252;2,1;,9;
2007-04-19;11:00;0;970;970;969,4;286,3;20,6;18,4;20,6;17,2;18,4;16,3;95;87;87;117;2,1;0;
2007-04-19;12:00;0;970,4;970,4;970;1072,4;22,5;18,7;22,5;20,6;19,1;18,3;87;79;79;115;4,1;2,2;
2007-04-19;13:00;0;970,9;970,9;970,4;1877,1;24,9;19;25;22,5;19,6;18,7;80;70;70;89;6,4;3,4;
2007-04-19;14:00;0;970,8;971;970,7;2512,7;27;18,6;28,1;24,7;20;18,4;73;58;60;95;6,4;3,5;
2007-04-19;15:00;0;970;970,8;970;2888,5;29,5;18,7;29,9;27;19,5;17,8;61;50;52;61;7;3,6;
2007-04-19;16:00;0;969,1;970;969,1;2999,1;31,2;17,2;31,6;29,4;19,3;17,1;53;43;43;59;7,3;3,3;
2007-04-19;17:00;0;968,3;969,1;968,3;3056,7;31,7;17,1;31,9;30,6;17,9;16,2;44;40;42;49;9,2;4,2;
2007-04-19;18:00;0;967,8;968,4;967,7;2761,1;31,6;16,9;32,6;31,2;18,5;16,3;44;39;41;85;9,2;4;
2007-04-19;19:00;0;967,4;967,8;967,3;1970,2;32,1;15,9;32,2;31,1;17,5;14,4;44;34;38;65;7,8;3,7;
2007-04-19;20:00;0;967,2;967,4;967,1;1399,9;31,4;17,2;32,4;31,4;17,2;15,2;43;36;43;82;6,3;2,9;
2007-04-19;21:00;0;967,3;967,3;967,2;584;29,5;18,1;31,4;29,5;18,1;17,2;50;43;50;98;5,3;2,3;
2007-04-19;22:00;0;967,4;967,5;967,3;28,1;27,4;18,8;29,5;27,4;18,9;18,2;60;50;60;112;3,6;1,5;
2007-04-19;23:00;0;967,8;967,8;967,4;-9999;26;18,8;27,4;26;19,1;18,7;64;60;64;108;2,7;1,6;
2007-04-20;00:00;0;968,4;968,4;967,8;-9999;24,8;18,8;26;24,7;18,9;18,6;69;64;69;104;2,9;1,1;
2007-04-20;01:00;0;969;969;968,4;-9999;23,5;18,8;24,7;23,5;19;18,6;75;69;75;95;2;,1;
2007-04-20;02:00;0;969,2;969,2;968,9;-9999;22,7;18,9;23,5;22,7;19;18,4;79;74;79;107;1,5;0;
2007-04-20;03:00;0;969,4;969,4;969,1;-9999;22;18,7;22,9;21,6;19,1;18,6;85;78;82;124;1,9;,7;
2007-04-20;04:00;0;969,5;969,6;969,4;-9999;21,5;18,8;22,2;21,3;18,9;18,6;86;81;85;108;1,8;,3;
2007-04-20;05:00;0;969,3;969,5;969,3;-9999;20,4;18,4;21,7;20,4;18,8;18,4;89;84;88;157;1,1;0;
2007-04-20;06:00;0;969,1;969,3;969,1;-9999;19,6;18;20,5;19,4;18,4;18;92;88;90;273;2,1;1,6;
2007-04-20;07:00;0;969,3;969,3;969;-9999;18,9;17,7;19,7;18,9;18,3;17,7;94;90;93;280;2,1;,2;
2007-04-20;08:00;0;969,4;969,4;969,3;-9999;18,8;17,6;19,4;18,7;18,1;17,5;93;91;92;271;2,1;1,3;
2007-04-20;09:00;0;969,6;969,6;969,3;-9999;18,3;17,4;19,1;18,3;17,7;17,3;94;91;94;247;3,2;0;
2007-04-20;10:00;0;970,4;970,4;969,6;-9999;18;17,1;18,3;17,9;17,4;16,9;95;93;95;184;,8;0;
2007-04-20;11:00;0;971,1;971,2;970,4;286,7;21,3;18,5;21,3;18;18,7;17;95;84;84;112;2,2;1,1;
2007-04-20;12:00;0;971,6;971,6;971,1;1070,5;23,3;19,1;23,5;21,3;19,5;18,5;84;77;77;118;4,6;2,3;
2007-04-20;13:00;0;972,3;972,3;971,6;1848,6;25,5;19,6;25,7;23,3;19,9;18,9;79;68;70;135;4,6;1,6;
2007-04-20;14:00;0;972,2;972,3;972,2;2469;27,4;19,4;27,5;25,5;20;19;70;62;62;81;4;2,2;
2007-04-20;15:00;0;971,5;972,2;971,5;2824,6;29,3;19,8;29,5;26,9;20,4;19,2;64;56;56;77;5,2;1,9;
2007-04-20;16:00;0;970,5;971,5;970,5;2912,1;30,7;17,7;31,8;29,3;20,1;17,7;57;45;46;66;7,3;3,3;
2007-04-20;17:00;0;969,7;970,5;969,7;2981;32,3;18,7;32,3;30,7;19,4;17,6;49;44;45;39;7,3;1,3;
2007-04-20;18:00;0;968,9;969,7;968,9;1840,4;31,5;17,9;32,6;30,6;19,3;17,9;51;42;45;141;5;2;
2007-04-20;19:00;0;968;968,9;968;1673,4;31,6;18,8;32,2;30,9;19,3;17,2;48;42;47;117;6,8;2,8;
2007-04-20;20:00;0;967,9;968,1;967,7;845,6;30,8;18,1;31,9;30,5;19,1;17,6;49;43;47;110;5,5;2,7;
2007-04-20;21:00;0;968,1;968,1;967,9;494,4;29,8;18,5;31,1;29,7;18,8;17,6;51;44;51;119;4,5;1,9;
2007-04-20;22:00;0;968,7;968,7;968,1;7,9;28;18,7;29,8;28;19,2;18,5;57;51;57;126;4,7;1,8;
2007-04-20;23:00;0;969,9;969,9;968,7;-9999;24,5;18,5;28;24,5;19,5;18,5;70;57;69;359;6,9;1,8;
2007-04-21;00:00;0;970,8;970,9;969,9;-9999;23,4;18,6;24,5;23,2;18,8;18,4;76;69;75;331;6,4;1,8;
2007-04-21;01:00;0;970,8;970,9;970,5;-9999;22,8;18,6;23,4;22,8;18,7;18,4;77;74;77;242;4,8;,9;
2007-04-21;02:00;0;970,5;970,9;970,5;-9999;22,4;18,7;22,8;22,1;18,9;18,6;81;77;80;221;2,4;,1;
2007-04-21;03:00;0;970,5;970,6;970,4;-9999;21,8;18,9;22,4;21,6;19,1;18,6;85;79;84;253;1,9;,4;
2007-04-21;04:00;0;970,4;970,7;970,4;-9999;20,9;19,1;21,8;20,8;19,1;18,9;89;84;89;257;1,6;,2;
2007-04-21;05:00;0;970,3;970,4;970,2;-9999;19,7;18,7;21;19,7;19,1;18,6;94;89;94;5;,8;0;
2007-04-21;06:00;0;970,2;970,3;970,2;-9999;19,2;18,3;19,8;19,2;18,9;18,2;95;93;94;355;1;0;
2007-04-21;07:00;0;970,2;970,3;970,2;-9999;19,2;18,3;19,7;18,9;18,8;17,9;95;93;95;219;,6;0;
2007-04-21;08:00;-9999;-9999;-9999;-9999;-9999;-9999;-9999;-9999;-9999;-9999;-9999;-9999;-9999;-9999;-9999;-9999;-9999;
2007-04-21;09:00;0;970,6;970,6;970,1;-9999;18,7;17,9;18,8;18,3;18,1;17,5;96;94;95;178;1,8;,5;
2007-04-21;10:00;-9999;-9999;-9999;-9999;-9999;-9999;-9999;-9999;-9999;-9999;-9999;-9999;-9999;-9999;-9999;-9999;-9999;
2007-04-21;11:00;-9999;-9999;-9999;-9999;-9999;-9999;-9999;-9999;-9999;-9999;-9999;-9999;-9999;-9999;-9999;-9999;-9999;
2007-04-21;12:00;0;972,2;972,2;971,8;1113,2;22,8;19,3;22,9;21;19,5;18,9;89;80;81;84;2,8;1,6;
2007-04-21;13:00;0;972,2;972,5;972,1;1850,1;25,3;19,7;25,8;22,7;20,5;19,2;82;69;71;62;3,9;2,2;
2007-04-21;14:00;0;972,1;972,4;972,1;2475,9;26,8;20,3;26,8;25,2;20,4;19,5;72;66;68;114;4,4;2,1;
2007-04-21;15:00;0;971,1;972,1;971,1;2795,2;29,4;19;29,8;26,5;20,5;19;68;53;53;50;4,4;1,8;
2007-04-21;16:00;0;970,3;971,1;970,2;2951;30,2;18,1;30,8;28,8;19,4;17,9;56;47;49;69;5,9;3,3;
2007-04-21;17:00;0;969,4;970,3;969,4;2678;29,9;18,6;31,1;29,8;19,2;17,5;51;45;51;40;6,9;2,5;
2007-04-21;18:00;0;968,5;969,4;968,5;1906,8;30,9;17;31,4;29,4;19,2;16,7;53;42;43;337;4,5;1;
2007-04-21;19:00;0;967,6;968,5;967,6;2149,6;31;17,9;31,8;30,4;18,6;16,4;48;41;46;104;5,8;2,9;
2007-04-21;20:00;0;967,3;967,6;967,3;1040,8;30,7;17,5;31,3;30;18,7;17,3;49;44;45;115;5,3;1,6;
2007-04-21;21:00;0;967,4;967,5;967,3;564,7;29,8;17,7;30,8;29,8;18,1;17,3;49;45;48;115;3,2;1,6;
2007-04-21;22:00;0;967,9;967,9;967,4;26,2;26,8;19,9;29,8;26,8;19,9;17,7;66;48;66;100;3,2;,3;
2007-04-21;23:00;0;968,3;968,3;967,9;-9999;24,5;20,2;26,8;24,3;20,4;19,8;78;66;77;99;1,2;0;
2007-04-22;00:00;0;969;969,1;968,3;-9999;23,6;20;24,7;23,3;20,3;19,8;82;75;80;291;2;,3;
2007-04-22;01:00;0;969,3;969,3;969;-9999;22,2;19,6;23,9;22,2;20;19,5;86;79;86;252;1;0;
2007-04-22;02:00;0;969,5;969,5;969,2;-9999;23;19,6;23;21,5;20;19,5;89;81;81;97;1,7;,9;
2007-04-22;03:00;0;969,7;969,7;969,4;-9999;21,9;19,9;23,1;21,9;20;19,5;88;81;88;283;1,4;0;
2007-04-22;04:00;0;969,7;969,7;969,5;-9999;20,9;19,3;22;20,9;19,9;19,2;90;87;90;280;1,4;,9;
2007-04-22;05:00;0;969,5;969,7;969,4;-9999;20,4;19;21;20,3;19,4;18,8;92;89;92;294;1,4;,3;
2007-04-22;06:00;0;968,9;969,5;968,9;-9999;19,8;18,6;20,6;19,8;19,3;18,6;93;91;93;288;1,6;,9;
2007-04-22;07:00;0;968,7;968,9;968,6;-9999;19,5;18,4;20;19,4;18,9;18,3;95;92;93;142;1,2;0;
2007-04-22;08:00;0;968,6;968,7;968,5;-9999;19,5;18,4;19,7;19,3;18,7;18;94;92;93;249;,9;,3;
2007-04-22;09:00;0;969,1;969,1;968,6;-9999;18,9;17,9;19,5;18,8;18,4;17,8;95;93;94;270;2,6;1,3;
2007-04-22;10:00;0;969,4;969,4;969,1;-9999;18,5;17,6;19,1;18,5;18,1;17,6;95;94;94;272;1,8;,8;
2007-04-22;11:00;0;970,1;970,1;969,4;273,8;21,4;19,2;21,4;18,5;19,2;17,6;95;87;87;81;1,3;0;
2007-04-22;12:00;0;970,6;970,6;970,1;1039,9;24,2;20,2;24,4;21,4;20,4;19,2;87;76;78;103;2,7;1,4;
2007-04-22;13:00;0;970,8;970,8;970,6;1813;25,8;20,1;26,3;24,1;20,7;20;80;70;71;95;4,1;2,1;
2007-04-22;14:00;0;970,5;970,8;970,5;2433,9;28,3;20,5;28,5;25,8;21,3;19,7;71;62;62;55;4,8;2,2;
2007-04-22;15:00;0;969,6;970,5;969,6;2798,3;30,3;19,3;30,8;27,8;21;19,3;65;51;52;45;6,2;2,4;
2007-04-22;16:00;0;968,6;969,7;968,6;2594,1;30,7;19,4;31,7;30,1;20,6;18,8;54;49;51;25;6,2;2,7;
2007-04-22;17:00;0;967,8;968,6;967,8;2048,8;31,2;17,7;32,3;30,4;20,5;17,5;53;42;44;35;5,9;2,9;
2007-04-22;18:00;0;967,2;967,8;967,2;2549,5;31,8;17,7;32,6;31,1;19,5;17,3;48;41;43;346;5,7;2,7;
2007-04-22;19:00;0;966,6;967,2;966,6;2069,5;32,3;18,4;32,8;31,7;18,8;17;46;41;44;338;5,7;1,6;
2007-04-22;20:00;0;966,4;966,6;966,4;1367,7;31,4;16,6;32,4;31,4;18,3;16,4;44;40;41;333;4,9;1,5;
2007-04-22;21:00;0;966,5;966,5;966,3;580,9;29,2;18,7;31,4;29,2;18,7;16,7;53;41;53;343;4,6;,9;
2007-04-22;22:00;0;966,8;966,9;966,4;22,2;26,1;20,7;29,2;26,1;20,7;18,8;72;53;72;288;2,6;1,5;
2007-04-22;23:00;0;967,4;967,4;966,8;-9999;25,3;20,3;26,5;25;20,9;20,1;77;69;74;165;2,5;0;
2007-04-23;00:00;0;968;968;967,3;-9999;23,4;20,2;25,3;23,4;20,5;20;82;74;82;277;,9;,3;
2007-04-23;01:00;0;968,6;968,6;968;-9999;22,5;20,2;23,4;22,5;20,3;20;87;82;87;266;1,8;1,3;
2007-04-23;02:00;0;969,2;969,2;968,6;-9999;22,2;20;23;22,1;20,3;19,9;88;83;88;17;4,3;0;
2007-04-23;03:00;0;969,1;969,3;969,1;-9999;21,7;19,9;22,7;21,6;20,3;19,7;90;85;90;312;,9;,1;
2007-04-23;04:00;0;969;969,1;969;-9999;20,9;19,2;21,8;20,9;20;19,2;91;88;90;161;1,2;0;
2007-04-23;05:00;0;968,5;969;968,5;-9999;20,3;19;20,9;20,2;19,5;18,9;93;90;92;284;1,5;1,1;
2007-04-23;06:00;0;968,1;968,5;968,1;-9999;20,2;19,1;20,4;20,1;19,2;18,9;94;92;94;299;1,9;,7;
2007-04-23;07:00;0;968,1;968,2;968;-9999;20,3;19;20,5;20,2;19,1;19;94;92;92;160;2,9;,1;
2007-04-23;08:00;0;968,2;968,2;968,1;-9999;20,5;19,2;20,7;20,1;19,3;18,9;94;91;92;279;1,3;,3;
2007-04-23;09:00;0;968,2;968,2;968,1;-9999;20,8;19,6;20,8;20,5;19,6;19,2;93;92;93;183;1,6;0;
2007-04-23;10:00;0;968,9;968,9;968,2;-9999;20,6;19,4;20,9;20,5;19,6;19,3;94;92;93;165;1;,2;
2007-04-23;11:00;0;969,7;969,8;968,9;147,3;21,3;20,1;21,4;20,2;20,1;19,1;94;93;93;10;1;0;
2007-04-23;12:00;0;970,2;970,2;969,8;849,4;23,2;20;23,6;21,3;20,5;19,8;93;81;82;117;2,7;1,4;
2007-04-23;13:00;0;970,7;970,7;970,2;928,5;25;20,8;25,1;23,2;21;20,1;84;76;78;342;3,6;,5;
2007-04-23;14:00;,2;970,6;970,9;970,5;724,9;25,3;21,1;25,3;23,8;21,5;20,7;86;77;78;61;5,3;,6;
2007-04-23;15:00;0;969,9;970,6;969,9;1521,3;27,5;21,3;27,6;25,3;21,3;19,6;78;66;69;33;2,5;,8;
2007-04-23;16:00;0;968,7;969,9;968,7;2310,4;28,9;20,2;30;25,8;22,6;20,2;77;59;59;18;6;2,6;
2007-04-23;17:00;0;967,5;968,7;967,5;2610,1;31,3;19,7;31,3;28,7;20,8;18,4;61;48;50;353;5,9;2,3;
2007-04-23;18:00;0;966,8;967,5;966,8;1649,1;30,3;20,2;31,7;30,2;20,8;19,1;55;49;55;7;6,1;1,8;
2007-04-23;19:00;0;966,4;966,8;966,4;1488,5;32,2;19,5;32,5;29,6;21,3;19;61;46;47;324;5,7;2,1;
2007-04-23;20:00;0;966,6;966,6;966,2;1016,1;28;21,4;32,3;28;21,4;18,6;67;46;67;96;6,3;3,3;
2007-04-23;21:00;0;966,4;966,6;966,3;645,3;27,2;19,5;28,7;27,2;21,5;19;70;58;63;111;5;,2;
2007-04-23;22:00;0;966,6;966,6;966,4;20,6;26;20,9;27,2;25,9;20,9;19,5;74;63;74;199;2,3;,2;
2007-04-23;23:00;0;967,3;967,3;966,6;-9999;24,2;21;25,9;23,9;21,2;20,6;84;74;82;49;1,6;,4;
2007-04-24;00:00;0;967,7;967,7;967,3;-9999;22,9;21,1;24,3;22,8;21,1;20,6;89;82;89;60;1,5;0;
2007-04-24;01:00;0;968,1;968,1;967,7;-9999;22,3;20,5;23,2;22,3;21,3;20,5;90;86;90;210;,4;0;
2007-04-24;02:00;0;968,8;968,8;968,1;-9999;22,4;20,9;22,5;21,8;21,1;20,3;93;90;91;91;1;0;
2007-04-24;03:00;0;968,5;968,8;968,5;-9999;22;20,6;22,7;21,9;21;20,4;93;89;92;41;2;,8;
2007-04-24;04:00;0;968,3;968,7;968,3;-9999;22,2;20,7;22,5;21,9;20,9;20,2;92;90;91;22;1,7;,1;
2007-04-24;05:00;0;968,1;968,4;968,1;-9999;20,9;20;22,3;20,6;20,7;19,6;95;90;94;220;1,6;,1;
2007-04-24;06:00;0;967,7;968,1;967,7;-9999;21,1;20,1;21,1;20,5;20,1;19,5;95;93;94;255;1,3;0;
2007-04-24;07:00;0;967,7;967,8;967,6;-9999;20,5;19,7;21,1;20,3;20,1;19,3;96;93;96;318;1;,1;
2007-04-24;08:00;0;967,5;967,8;967,5;-9999;20;19,3;20,7;20;19,9;18,8;96;93;95;282;1,1;0;
2007-04-24;09:00;0;967,7;967,7;967,5;-9999;19,9;19;20,4;19,9;19,7;19;96;94;95;288;1,7;,5;
2007-04-24;10:00;0;968,4;968,4;967,7;-9999;20,4;19,4;20,7;19,9;19,9;19;95;93;94;268;2,2;,5;
2007-04-24;11:00;0;969;969;968,4;284,9;22,7;20,5;22,7;20,3;20,5;19,3;94;87;87;254;1,4;0;
2007-04-24;12:00;0;969,1;969,2;969;1061,1;26,6;21,3;26,6;22,7;21,7;20,5;87;73;73;38;2,7;,9;
2007-04-24;13:00;0;968,9;969,2;968,9;1811,4;28,8;21,3;28,8;26,6;21,6;20,5;73;64;64;351;4,5;1,7;
2007-04-24;14:00;0;968,7;968,9;968,7;2431,6;29,9;21,3;30,4;28,6;21,8;20,7;65;58;60;2;6,2;2,6;
2007-04-24;15:00;0;967,8;968,7;967,8;2476,1;31,3;19,7;31,8;30;21,9;19,7;61;50;50;360;7;2,8;
2007-04-24;16:00;0;966,7;967,8;966,7;2729,4;32,6;20,1;32,7;31,3;21;19,6;52;47;48;328;8,4;3,1;
2007-04-24;17:00;0;965,7;966,7;965,7;2678,1;32,2;19,7;33;31,8;20,3;19,1;49;45;48;319;10;3,6;
2007-04-24;18:00;0;965;965,7;964,9;2388,4;32,5;19,8;33,1;31,5;20,8;19,1;50;44;47;337;9,6;2,8;
2007-04-24;19:00;0;964,5;965;964,5;1838,3;32,4;19,2;33;31,6;20,6;19,1;50;44;46;320;9;3,1;
2007-04-24;20:00;0;964,1;964,5;964,1;1252,8;31;19,1;32,7;31;19,8;18,7;49;45;49;333;8,8;2,2;
2007-04-24;21:00;0;964,4;964,4;964,1;189,6;28,9;20,2;31;28,9;20,2;19,2;59;49;59;317;5,9;1,7;
2007-04-24;22:00;0;964,6;964,6;964,3;21;27,5;20,8;28,9;27,3;20,9;20,2;68;60;67;318;4;1,8;
2007-04-24;23:00;0;965,1;965,1;964,6;-9999;26,8;20,9;27,6;26,8;20,9;20,7;70;66;70;325;4,3;1,2;
2007-04-25;00:00;0;965,9;965,9;965,1;-9999;26;21,3;26,8;25,6;21,3;20,9;77;70;76;318;3,4;,7;
2007-04-25;01:00;0;966,5;966,5;965,9;-9999;24,5;21,5;26;24,3;21,5;21,3;84;76;83;236;2,3;0;
2007-04-25;02:00;0;966,3;966,5;966,3;-9999;23,3;21;24,7;23,3;21,5;21;87;82;87;283;1,9;1,4;
2007-04-25;03:00;0;966,4;966,5;966,2;-9999;23,3;21,1;23,8;22,8;21,2;20,6;89;85;88;255;2,1;,5;
2007-04-25;04:00;0;966;966,4;965,9;-9999;21,9;20,5;23,4;21,9;21,1;20,2;93;86;92;299;1,7;0;
2007-04-25;05:00;0;965,7;966;965,7;-9999;21,5;20,2;22;21,5;20,6;20;93;91;92;275;1,2;0;
2007-04-25;06:00;0;965,6;965,7;965,5;-9999;21,5;20,6;21,8;21,2;20,6;20;95;91;95;39;,6;0;
2007-04-25;07:00;0;965,6;965,6;965,5;-9999;22;20,7;22,1;21,5;20,8;20,5;95;92;92;355;,6;0;
2007-04-25;08:00;0;965,4;965,7;965,4;-9999;22,2;20,8;22,2;21,7;20,8;20,6;93;92;92;234;1,7;0;
2007-04-25;09:00;0;965,2;965,4;965,1;-9999;22,2;20,8;22,2;21,3;20,9;20,1;95;91;92;314;3,2;,8;
2007-04-25;10:00;0;965,8;965,8;965,2;-9999;23;21;23;22,2;21;20,7;92;89;89;324;3,6;1,2;
2007-04-25;11:00;0;966,7;966,7;965,8;158,9;24;21,6;24;22,6;21,6;20,9;90;87;87;325;4,8;1,9;
2007-04-25;12:00;0;967,4;967,4;966,7;561,3;25,8;22,2;25,8;24;22,4;21,6;87;81;81;329;5,4;1,6;
2007-04-25;13:00;0;967,9;967,9;967,4;885,7;27,5;22,7;27,5;25,8;22,9;22,2;81;75;75;328;6,4;2,1;
2007-04-25;14:00;0;967,4;967,9;967,4;1652;30,1;22;30,7;27,5;23,1;21,7;75;61;62;330;8,5;3,2;
2007-04-25;15:00;0;966,5;967,4;966,4;1954,5;31,2;21,3;31,7;29,2;22,1;20,8;64;54;56;308;11;5,4;
2007-04-25;16:00;0;965,2;966,5;965,2;2371,7;31,1;20,7;32,3;30,5;21,8;20,3;58;51;54;313;10,7;4,5;
2007-04-25;17:00;0;964,2;965,2;964,1;1858,8;31,3;20,4;32,6;31,1;21,7;20,1;55;49;53;300;10,1;5;
2007-04-25;18:00;0;963,2;964,2;963,1;1846;32,4;20,2;33,2;30,9;21,3;19,1;55;45;49;322;10,7;3,5;
2007-04-25;19:00;0;963,5;963,5;963,1;517,8;27,9;22,1;32,4;27,9;22,1;19,5;71;48;71;278;10,7;6,7;
2007-04-25;20:00;0;964,2;964,3;963,5;745,1;26;19,2;29,4;26;22,5;19,1;71;63;66;311;11,2;4,9;
2007-04-25;21:00;0;963,8;964,3;963,7;580,7;26,6;20,4;27,4;25,3;20,4;19,1;69;64;69;329;11,2;2,2;
2007-04-25;22:00;0;964,2;964,2;963,8;20,1;24,6;21,3;26,6;24,6;21,3;20,5;82;69;82;319;5,9;1,6;
2007-04-25;23:00;0;964,4;964,4;964;-9999;24,6;21,5;24,6;24,4;21,5;21,2;83;82;83;324;4,1;,7;
2007-04-26;00:00;0;964,9;964,9;964,4;-9999;23,3;21,2;24,6;23,3;21,5;21,2;89;83;88;265;2,8;0;
2007-04-26;01:00;0;965;965,1;964,9;-9999;22,3;21;23,3;22,2;21,3;20,8;93;88;92;213;,9;0;
2007-04-26;02:00;0;965,5;965,6;965;-9999;22,1;20,5;22,3;21,6;21;20,3;94;91;91;135;1,6;0;
2007-04-26;03:00;0;965,2;965,5;965,2;-9999;21,5;20,4;22,2;21,4;21;20,1;94;91;94;270;,9;,1;
2007-04-26;04:00;0;964,8;965,4;964,8;-9999;21,9;20,6;22,2;21,3;20,9;20;94;90;93;289;2,1;1,6;
2007-04-26;05:00;0;963,9;964,8;963,9;-9999;23,2;21;23,6;21,8;21,1;20,6;93;85;87;330;3,8;,9;
2007-04-26;06:00;0;963,6;964,1;963,5;-9999;23,3;21,1;23,5;23;21,1;20,9;88;86;88;339;4,7;1,5;
2007-04-26;07:00;0;963,1;963,6;963;-9999;23,2;20,9;23,6;22,9;21,2;20,9;88;86;87;326;4,7;1,8;
2007-04-26;08:00;0;963,2;963,2;963;-9999;22,9;21,2;23,4;22,7;21,2;20,7;90;86;90;323;5,7;2,2;
2007-04-26;09:00;0;963,6;963,6;963,2;-9999;23,3;21,3;23,4;22,9;21,4;21,2;90;88;89;320;8,3;2,6;
2007-04-26;10:00;0;965;965;963,6;-9999;22,6;21,1;23,3;22,6;21,3;21,1;92;89;91;254;6,9;,1;
2007-04-26;11:00;0;966,2;966,2;965;193,6;23,4;21,7;23,4;22,3;21,7;20,9;93;90;90;30;1,1;0;
2007-04-26;12:00;0;966,4;966,5;966,2;604,4;25;22,4;25;23,4;22,4;21,7;90;85;85;325;5,7;2,3;
2007-04-26;13:00;0;966,1;966,4;966,1;1689,2;28,3;22,4;28,3;25;23;22,3;85;70;70;302;12,3;7,2;
2007-04-26;14:00;0;966,3;966,4;966;2177,7;29,3;22,2;29,8;28,1;22,8;21,6;71;65;66;304;14,2;6,9;
2007-04-26;15:00;0;965,6;966,3;965,6;2453,4;29,3;21,5;30,3;28,4;22,8;21,5;69;62;63;311;14,9;7,1;
2007-04-26;16:00;6,6;966;966,4;965,6;407,9;22,5;21,1;29,3;22,5;22;20,8;94;63;92;284;14,4;5,7;
2007-04-26;17:00;3,8;966;966,4;965,7;546,5;24,8;23,2;24,8;22,4;23,2;21,2;95;88;91;302;9,8;3,5;
2007-04-26;18:00;1,6;965,2;966,1;965,2;1357,7;26,1;22,7;26,2;24;23,4;22,2;92;80;82;265;9;3,9;
2007-04-26;19:00;0;965;965,2;964,9;1309,3;26,8;21,5;26,8;26,1;22,6;21,4;81;73;73;264;7,7;4,4;
2007-04-26;20:00;,2;965,7;965,7;965;414;24,4;21,6;26,8;24,3;21,9;21,2;86;73;84;245;7,6;2,9;
2007-04-26;21:00;0;967,1;967,1;965,7;61,4;20,6;18,9;24,4;20,6;21,5;18,9;90;82;90;189;12;3,6;
2007-04-26;22:00;6,2;968,2;968,4;967,1;-9999;19,3;18,3;20,6;19,3;19;18,3;94;90;94;181;12;4,3;
2007-04-26;23:00;1,4;968,9;968,9;968;-9999;19,3;18;19,4;19,3;18,3;17,9;94;91;92;178;9,6;2,9;
2007-04-27;00:00;0;970;970;968,9;-9999;19,3;17,6;19,5;19,3;18,1;17,6;92;90;90;181;7,7;2,4;
2007-04-27;01:00;0;970,8;970,8;970;-9999;19,3;17,8;19,3;19,2;17,8;17,5;92;90;91;177;7,7;1,6;
2007-04-27;02:00;0;970,9;971;970,7;-9999;19,5;17,9;19,5;19,2;18,1;17,8;92;90;91;176;5,8;2,5;
2007-04-27;03:00;0;971,4;971,5;970,9;,1;19,3;17,4;19,5;19,2;17,9;17,4;91;88;89;200;7,1;1,6;
2007-04-27;04:00;0;971,7;971,7;971,3;,9;17,9;15,9;19,3;17,9;17,4;15,9;90;87;88;190;9,5;3,1;
2007-04-27;05:00;0;971,6;971,9;971,6;-9999;17,1;14,5;17,9;17,1;15,9;14,5;88;83;85;168;12,4;2,7;
2007-04-27;06:00;0;971,3;971,7;971,3;-9999;17;14,8;17,1;17;14,9;14,4;88;84;87;177;7,4;2,5;
2007-04-27;07:00;0;972,1;972,1;971,3;-9999;16,3;14,1;17;16,3;14,9;14;88;85;87;182;8,3;2,5;
2007-04-27;08:00;0;972,1;972,1;971,8;-9999;15,7;12,9;16,3;15,7;14,2;12,9;88;83;83;181;8,1;3;
2007-04-27;09:00;0;972,4;972,4;971,9;-9999;15,5;12,7;15,7;15,5;13,1;12,7;85;83;83;165;8,1;3;
2007-04-27;10:00;0;973;973;972,3;-9999;15,2;12,5;15,5;15,2;13,4;12,5;88;83;84;173;7,3;2,9;
2007-04-27;11:00;-9999;-9999;-9999;-9999;-9999;-9999;-9999;-9999;-9999;-9999;-9999;-9999;-9999;-9999;-9999;-9999;-9999;
2007-04-27;12:00;0;974,7;974,7;974,1;426;15,5;12;15,6;14,8;12,4;11,6;83;79;80;167;8,8;3,1;
2007-04-27;13:00;0;975,2;975,2;974,7;1293,5;17;12,2;17,1;15,5;13,2;11,5;81;73;73;157;8;2,9;
2007-04-27;14:00;0;975,3;975,4;975,2;2487,4;18,6;12,1;18,8;17;13,2;11,9;74;65;66;165;8,4;3,6;
2007-04-27;15:00;0;974,7;975,3;974,7;2858,6;20;13;20;18,6;13,5;11,9;71;61;64;169;8,1;3,5;
2007-04-27;16:00;0;974;974,7;973,9;2938,9;21,5;11,7;21,6;19,9;13,6;11;66;54;54;174;8,9;3,4;
2007-04-27;17:00;0;973,3;974;973,3;2902,7;22,5;10,2;22,5;21,1;12,7;9,3;57;45;46;172;9,4;3,6;
2007-04-27;18:00;0;972,6;973,3;972,6;2629,1;22,8;7,8;23,6;22,2;11,2;7;49;35;38;154;9,3;3,6;
2007-04-27;19:00;0;972,5;972,8;972,5;1932,4;23,1;8,5;23,5;22,4;10,4;6,4;44;34;39;174;8,8;3,2;
2007-04-27;20:00;0;972,4;972,5;972,3;1361,5;22,4;7,4;23,4;22,4;9,1;6,7;42;35;38;174;8,5;3,1;
2007-04-27;21:00;0;972,7;972,7;972,4;510,3;20,1;8,8;22,4;20,1;9,1;7,2;48;38;48;174;8;3,1;
2007-04-27;22:00;0;972,7;972,8;972,6;9,8;17,9;8,7;20,1;17,9;9,5;8,6;56;48;55;161;6,7;1,8;
2007-04-27;23:00;-9999;-9999;-9999;-9999;-9999;-9999;-9999;-9999;-9999;-9999;-9999;-9999;-9999;-9999;-9999;-9999;-9999;
2007-04-28;00:00;-9999;-9999;-9999;-9999;-9999;-9999;-9999;-9999;-9999;-9999;-9999;-9999;-9999;-9999;-9999;-9999;-9999;
2007-04-28;01:00;-9999;-9999;-9999;-9999;-9999;-9999;-9999;-9999;-9999;-9999;-9999;-9999;-9999;-9999;-9999;-9999;-9999;
2007-04-28;02:00;-9999;-9999;-9999;-9999;-9999;-9999;-9999;-9999;-9999;-9999;-9999;-9999;-9999;-9999;-9999;-9999;-9999;
2007-04-28;03:00;-9999;-9999;-9999;-9999;-9999;-9999;-9999;-9999;-9999;-9999;-9999;-9999;-9999;-9999;-9999;-9999;-9999;
2007-04-28;04:00;-9999;-9999;-9999;-9999;-9999;-9999;-9999;-9999;-9999;-9999;-9999;-9999;-9999;-9999;-9999;-9999;-9999;
2007-04-28;05:00;-9999;-9999;-9999;-9999;-9999;-9999;-9999;-9999;-9999;-9999;-9999;-9999;-9999;-9999;-9999;-9999;-9999;
2007-04-28;06:00;-9999;-9999;-9999;-9999;-9999;-9999;-9999;-9999;-9999;-9999;-9999;-9999;-9999;-9999;-9999;-9999;-9999;
2007-04-28;07:00;-9999;-9999;-9999;-9999;-9999;-9999;-9999;-9999;-9999;-9999;-9999;-9999;-9999;-9999;-9999;-9999;-9999;
2007-04-28;08:00;-9999;-9999;-9999;-9999;-9999;-9999;-9999;-9999;-9999;-9999;-9999;-9999;-9999;-9999;-9999;-9999;-9999;
2007-04-28;09:00;-9999;-9999;-9999;-9999;-9999;-9999;-9999;-9999;-9999;-9999;-9999;-9999;-9999;-9999;-9999;-9999;-9999;
2007-04-28;10:00;-9999;-9999;-9999;-9999;-9999;-9999;-9999;-9999;-9999;-9999;-9999;-9999;-9999;-9999;-9999;-9999;-9999;
2007-04-28;11:00;-9999;-9999;-9999;-9999;-9999;-9999;-9999;-9999;-9999;-9999;-9999;-9999;-9999;-9999;-9999;-9999;-9999;
2007-04-28;12:00;-9999;-9999;-9999;-9999;-9999;-9999;-9999;-9999;-9999;-9999;-9999;-9999;-9999;-9999;-9999;-9999;-9999;
2007-04-28;13:00;-9999;-9999;-9999;-9999;-9999;-9999;-9999;-9999;-9999;-9999;-9999;-9999;-9999;-9999;-9999;-9999;-9999;
2007-04-28;14:00;-9999;-9999;-9999;-9999;-9999;-9999;-9999;-9999;-9999;-9999;-9999;-9999;-9999;-9999;-9999;-9999;-9999;
2007-04-28;15:00;-9999;-9999;-9999;-9999;-9999;-9999;-9999;-9999;-9999;-9999;-9999;-9999;-9999;-9999;-9999;-9999;-9999;
2007-04-28;16:00;-9999;-9999;-9999;-9999;-9999;-9999;-9999;-9999;-9999;-9999;-9999;-9999;-9999;-9999;-9999;-9999;-9999;
2007-04-28;17:00;-9999;-9999;-9999;-9999;-9999;-9999;-9999;-9999;-9999;-9999;-9999;-9999;-9999;-9999;-9999;-9999;-9999;
2007-04-28;18:00;0;973;973,9;973;1910,3;23,1;15,5;24,3;22,9;16,3;14,8;64;59;62;113;7,4;3,7;
2007-04-28;19:00;0;973,3;973,3;972,9;654,7;22,7;15,5;23,3;22,7;15,9;15,3;65;61;64;133;6,3;1,5;
2007-04-28;20:00;0;973,3;973,3;973,1;160;21,7;16,4;22,7;21,7;16,6;15,7;73;64;72;155;4,1;1,3;
2007-04-28;21:00;,2;973,1;973,3;972,9;60,1;20,4;16,7;21,6;20,4;17,1;16,5;81;72;80;146;4,4;1,3;
2007-04-28;22:00;0;973,2;973,3;973;-9999;20,2;16,7;20,4;20,2;16,9;16,7;81;79;80;117;4,1;2,4;
2007-04-28;23:00;0;973,8;973,8;973,1;-9999;19,5;16,9;20,2;19,5;16,9;16,5;85;79;85;172;4,5;1;
2007-04-29;00:00;0;974,4;974,4;973,8;-9999;19,1;16,7;19,5;19,1;16,9;16,6;86;85;86;174;2,9;1;
2007-04-29;01:00;0;974,6;974,7;974,4;-9999;19,1;16,4;19,2;19;16,7;16,4;86;84;84;170;3,5;1,4;
2007-04-29;02:00;0;974,6;974,7;974,5;-9999;19,4;16,3;19,4;19;16,5;16,3;85;82;82;137;3,5;1,4;
2007-04-29;03:00;0;974,5;974,7;974,4;-9999;19,3;16,4;19,5;19,2;16,5;16,3;84;82;84;118;4,3;1,7;
2007-04-29;04:00;0;974,1;974,6;974,1;-9999;19;16,3;19,3;19;16,5;16,3;85;83;84;163;3,8;1,3;
2007-04-29;05:00;,2;973,3;974,1;973,2;-9999;18,7;16,5;19,2;18,7;16,5;16,2;87;83;87;138;4,1;1,7;
2007-04-29;06:00;0;973;973,4;972,8;-9999;18,4;16,5;18,7;18,4;16,6;16,4;89;87;88;155;4,1;,9;
2007-04-29;07:00;0;972,4;973;971,9;-9999;18,3;16,5;18,6;18,2;16,6;16,4;90;87;89;139;4,5;1,4;
2007-04-29;08:00;0;973;973;972,4;-9999;18,3;16,4;18,5;18,3;16,5;16,3;89;87;89;146;3,5;1;
2007-04-29;09:00;0;972,6;973,1;972,6;-9999;18,1;16,3;18,3;17,9;16,5;16,3;90;89;89;120;3,8;1,7;
2007-04-29;10:00;0;973,7;973,7;972,6;-9999;18,2;16,3;18,2;17,9;16,3;16,2;90;89;89;142;3,8;1;
2007-04-29;11:00;0;974,5;974,5;973,7;133,6;18,6;16,4;18,6;18,2;16,5;16,3;89;87;87;111;3,4;1,9;
2007-04-29;12:00;0;974,8;974,8;974,3;772;20,1;17;20,3;18,6;17,3;16,4;88;82;82;103;5,4;2,9;
2007-04-29;13:00;0;974,9;975;974,8;1351,1;21,3;17,4;21,4;20;18;16,8;83;77;78;75;7,1;3,5;
2007-04-29;14:00;0;974,8;975;974,7;2234,7;23,2;17,4;23,5;21,4;18,1;16,9;80;68;70;83;7,1;3,6;
2007-04-29;15:00;0;974,1;974,8;974,1;2782,7;24,2;17,7;24,7;23,2;18,4;17;70;66;67;100;7,1;3,3;
2007-04-29;16:00;0;972,9;974,1;972,9;2640,1;25,1;18,5;25,4;24,1;18,8;17,6;69;64;67;82;5,7;1,9;
2007-04-29;17:00;0;971,9;973;971,9;2728,4;26,2;18,9;26,3;24,9;18,9;17,9;67;62;64;95;5;1,8;
2007-04-29;18:00;0;971,2;971,8;971,2;2103,7;26,3;18,5;27;26,1;19,3;18,2;65;60;62;55;4;1,9;
2007-04-29;19:00;0;970,6;971,2;970,6;1051,3;26,8;18,8;26,9;26,2;19,3;18,5;65;61;62;155;3,6;,7;
2007-04-29;20:00;0;970,2;970,6;970,2;774,5;26,5;18,6;26,9;26,4;19,3;18,4;65;61;62;80;2,8;,9;
2007-04-29;21:00;0;970,3;970,3;970,2;276,9;25,6;19,3;26,5;25,5;19,5;18,7;69;62;68;115;4,2;1,8;
2007-04-29;22:00;0;970,4;970,4;970,2;8,5;24,1;19,4;25,6;24,1;19,5;19,2;75;68;75;117;4,8;2,2;
2007-04-29;23:00;0;970,8;970,8;970,4;-9999;23,3;19,1;24,1;23,3;19,4;19;77;75;77;130;4,4;1,4;
2007-04-30;00:00;0;971,3;971,3;970,8;-9999;22,3;18,9;23,3;22,2;19,2;18,9;81;77;81;138;3,5;,5;
2007-04-30;01:00;0;971,5;971,6;971,3;-9999;21,6;18,8;22,4;21,4;18,9;18,7;85;81;84;126;2,8;,5;
2007-04-30;02:00;0;971,5;971,6;971,5;-9999;21,3;18,7;21,8;21;18,8;18,6;86;83;85;115;3,1;1,8;
2007-04-30;03:00;0;971,4;971,6;971,4;-9999;21,2;18,9;21,4;21,1;18,9;18,7;87;84;87;118;3,6;1,2;
2007-04-30;04:00;0;971,1;971,5;971,1;-9999;20,9;18,8;21,2;20,9;18,9;18,8;88;87;88;120;2,5;1;
2007-04-30;05:00;0;970,9;971,1;970,8;-9999;19,7;18,5;20,9;19,7;18,8;18,5;92;88;92;96;1,9;0;
2007-04-30;06:00;0;970,4;970,9;970,4;-9999;18,4;17,5;19,7;18,4;18,7;17,5;96;92;95;293;0;0;
2007-04-30;07:00;0;970,2;970,4;970,2;-9999;18,2;17,6;18,7;18,2;18,1;17,6;96;95;96;267;1;0;
2007-04-30;08:00;0;969,9;970,2;969,9;-9999;18;17,5;18,2;17,7;17,5;17,1;97;96;96;203;0;0;
2007-04-30;09:00;0;970;970;969,8;-9999;17,8;17,3;18,1;17,6;17,6;17;97;96;97;164;,4;0;
2007-04-30;10:00;0;970,6;970,6;970;-9999;17,8;17,2;18,5;17,8;18;17,1;97;96;96;136;,9;0;
2007-04-30;11:00;0;971,1;971,1;970,6;232,6;20,3;19;20,3;17,7;19,1;17,2;97;92;92;130;1,3;,1;
2007-04-30;12:00;0;971,4;971,4;971,1;965,4;21,7;19,4;21,7;20,2;19,6;18,7;92;86;86;108;2,8;1,3;
2007-04-30;13:00;0;971,9;971,9;971,4;1730,6;23,9;19,9;23,9;21,7;20,3;19,2;88;79;79;79;3,3;1,6;
2007-04-30;14:00;0;971,7;971,9;971,7;2341,1;25,7;20,3;26,1;23,8;20,9;19,7;81;71;72;105;4,8;2,4;
2007-04-30;15:00;0;971;971,7;971;2684;27,9;21;27,9;25,6;21,3;20;73;66;66;81;4,8;2,1;
2007-04-30;16:00;0;970;971;970;2751,5;29,5;20,7;29,5;27,6;21,4;20,3;67;59;59;94;5,1;1,7;
2007-04-30;17:00;0;968,8;970;968,8;2679,1;29,7;19,8;30,7;29;21,9;19,7;64;53;55;76;4,8;2,4;
2007-04-30;18:00;0;967,9;968,8;967,9;2323,7;31,4;20,7;31,4;29,6;21,3;19,8;58;53;53;97;4,9;1,9;
2007-04-30;19:00;0;967,2;967,9;967,2;1188;30;20,4;31,4;29,9;20,9;19,6;57;50;56;91;5,1;1,9;
2007-04-30;20:00;0;967;967,2;966,9;1340,2;30,7;19,7;31,1;30;20,3;19,3;57;50;52;87;3,9;2,1;
2007-04-30;21:00;0;967,2;967,3;967;564,6;29,5;20,9;30,8;29,5;21,1;19,6;61;52;60;99;4;1,7;
2007-04-30;22:00;0;967,3;967,3;967,1;13,8;27,3;21,3;29,5;27,3;21,3;20,8;70;59;70;91;2,9;,7;
2007-04-30;23:00;0;967,8;967,8;967,3;-9999;25,1;21,4;27,3;25,1;21,5;21,1;80;70;80;65;1,9;0;
2007-05-01;00:00;0;968,2;968,2;967,7;-9999;25;21;25,1;24,5;21,7;20,9;83;78;78;118;1,6;,7;
2007-05-01;01:00;0;968,7;968,7;968,2;-9999;24;20,5;25;23,8;20,9;20,5;82;78;81;94;1,7;,2;
2007-05-01;02:00;0;968,8;968,8;968,7;-9999;22,5;20,3;24;22,5;20,5;20,3;88;81;88;300;1,1;0;
2007-05-01;03:00;0;969;969;968,8;-9999;21,5;20,2;22,5;21,3;20,5;20;93;88;92;51;1,7;0;
2007-05-01;04:00;0;968,9;969;968,9;-9999;20,7;19,6;21,8;20,7;20,3;19,5;93;90;93;107;0;0;
2007-05-01;05:00;0;968,4;968,9;968,4;-9999;20,4;19,3;20,8;20,1;19,9;19,1;95;93;93;192;0;0;
2007-05-01;06:00;0;968,1;968,4;968,1;-9999;19,6;18,8;20,4;19,6;19,3;18,7;95;93;95;128;,9;,1;
2007-05-01;07:00;0;967,8;968,1;967,8;-9999;19,6;18,9;20,1;19,5;19,4;18,5;97;94;96;91;,9;0;
2007-05-01;08:00;0;967,8;967,9;967,7;-9999;18,8;18;19,8;18,7;19,1;17,9;96;94;95;71;0;0;
2007-05-01;09:00;0;968,2;968,2;967,8;-9999;18,7;17,9;19,2;18,7;18,6;17,9;97;95;95;51;,4;0;
2007-05-01;10:00;0;968,9;968,9;968,2;-9999;19,3;18,7;19,3;18,6;18,7;17,9;97;95;96;153;1;0;
2007-05-01;11:00;0;969,5;969,5;968,9;272,3;21,2;19,1;21,2;18,8;19,4;18;96;88;88;103;1;0;
2007-05-01;12:00;0;970,1;970,2;969,5;922,1;24;20,1;24;21,1;20,6;19,1;89;79;79;73;2,6;1,1;
2007-05-01;13:00;0;970,6;970,6;970,1;1735,5;26,1;20,7;26,3;24;21,1;19,7;81;72;72;55;5,6;2,3;
2007-05-01;14:00;0;970,3;970,6;970,3;2346,2;28,8;20,3;28,8;26,1;21,3;20,2;73;60;60;62;7,7;4,1;
2007-05-01;15:00;0;969,7;970,4;969,7;2692,5;30,7;20,6;30,7;28,5;21;19,8;62;55;55;30;7,5;3;
2007-05-01;16:00;0;968,9;969,7;968,9;2768,3;31,4;20,1;31,9;30,3;20,8;19;55;48;51;26;7,5;2,6;
2007-05-01;17:00;0;967,9;968,9;967,9;2615,7;32,5;19,6;32,6;30,7;20,9;19,1;53;46;47;344;5,8;2,1;
2007-05-01;18:00;0;967,2;967,9;967,2;2445;32,3;18,2;32,9;31,7;20,4;18,2;50;43;43;338;6,1;2,2;
2007-05-01;19:00;0;966,8;967,2;966,8;1926,2;31,8;19,2;33;31,8;20,1;18,5;48;43;47;352;6,1;1,7;
2007-05-01;20:00;0;966,6;966,8;966,4;1275,7;31,9;19,5;32,9;31,8;19,7;18,4;48;44;48;353;4,6;1;
2007-05-01;21:00;0;967;967;966,6;423,8;30,8;20;32,1;30,7;20,6;19;55;46;53;52;2,7;0;
2007-05-01;22:00;0;967,3;967,3;967;20,4;26,9;22,5;30,8;26,9;22,6;20,5;77;53;77;200;1,5;0;
2007-05-01;23:00;0;967,8;967,8;967,3;-9999;26,5;22;26,9;25,6;22,5;21,7;82;74;76;245;1,5;,5;
2007-05-02;00:00;0;968,5;968,5;967,8;-9999;24,8;21,5;26,5;24,6;22,2;21,4;84;76;82;250;1,7;,5;
2007-05-02;01:00;0;968,9;968,9;968,5;-9999;23,6;21,4;25,2;23,4;21,7;21;88;79;88;336;1,5;0;
2007-05-02;02:00;0;969,1;969,1;968,8;-9999;22,9;21,2;23,7;22,9;21,5;21;90;87;90;322;1,2;,4;
2007-05-02;03:00;0;969,5;969,5;969,1;-9999;21,8;20,5;23;21,8;21,2;20,5;93;89;92;321;1,6;0;
2007-05-02;04:00;0;969,6;969,6;969,4;-9999;21,3;20;22;21,2;20,8;20;94;91;92;83;0;0;
2007-05-02;05:00;0;969,2;969,6;969,2;-9999;20,5;19,4;21,9;20,5;20,7;19,3;94;90;94;283;0;0;
2007-05-02;06:00;0;969,1;969,2;969,1;-9999;19,8;18,9;21;19,8;20;18,9;95;92;94;301;0;0;
2007-05-02;07:00;0;969,1;969,1;969;-9999;19,8;19;20,1;19,6;19,2;18,5;95;93;95;231;0;0;
2007-05-02;08:00;0;969;969,1;969;-9999;19,1;18,2;19,9;19,1;19,1;18,2;96;94;95;301;,9;,3;
2007-05-02;09:00;0;969;969,1;968,9;-9999;18,6;17,8;19,3;18,6;18,4;17,8;96;94;96;247;1,6;,7;
2007-05-02;10:00;0;969,9;969,9;969;-9999;18,5;17,9;18,9;18,2;18,3;17,4;96;95;96;282;1,6;0;
2007-05-02;11:00;0;970,8;970,8;969,9;230,4;20,9;19,3;20,9;18,5;19,3;17,8;96;91;91;229;2,4;1,2;
2007-05-02;12:00;0;971,4;971,4;970,7;951;24,6;20,1;24,6;20,5;20,5;18,7;91;76;76;85;2,6;1,1;
2007-05-02;13:00;0;971,7;971,8;971,4;1736,5;26,6;19,8;26,7;24,6;20,1;19,1;76;66;66;60;5,3;2,9;
2007-05-02;14:00;0;971,5;971,8;971,5;2344,3;29,5;19,7;29,6;26,6;20,1;19,1;67;56;56;41;6,6;2,9;
2007-05-02;15:00;0;970,7;971,5;970,7;2684;31,1;18,9;31,6;29,2;20,2;18,6;56;47;48;23;5,9;2,8;
2007-05-02;16:00;0;969,9;970,7;969,9;2734,2;32,5;19;32,8;31;20,1;18,1;50;43;45;360;5,5;1,7;
2007-05-02;17:00;0;969,3;970;969,3;2700,9;32,9;18,8;33,2;31,9;20,1;17,5;48;41;43;342;7;1,6;
2007-05-02;18:00;0;968,9;969,3;968,9;2472,6;33;17,2;33,3;32,1;19,2;16,1;45;37;39;43;5,4;1,5;
2007-05-02;19:00;0;968,4;968,9;968,4;1926;33,8;17,6;33,8;32,5;18;14,9;41;35;38;326;4,9;,7;
2007-05-02;20:00;0;968,2;968,4;968,1;1196,4;32,9;17,6;33,8;32,7;18,1;15,8;42;36;40;324;3,3;,5;
2007-05-02;21:00;0;968,3;968,4;968,2;395,2;30,2;20,9;33,1;30,2;21,2;16,6;58;38;58;303;1,9;0;
2007-05-02;22:00;0;968,6;968,6;968,3;,4;25,5;20,9;30,2;25,5;21,7;20,6;79;58;76;259;1;0;
2007-05-02;23:00;0;969,7;969,7;968,6;-9999;23,6;21,1;25,5;23,6;21,3;20,7;86;76;86;283;1;,5;
2007-05-03;00:00;0;970,3;970,3;969,7;-9999;22,6;20,5;23,6;22,5;21,1;20,3;88;86;88;295;,9;0;
2007-05-03;01:00;0;970,7;970,7;970,3;-9999;21,9;19,7;22,8;21,7;20,5;19,5;89;84;87;346;4,3;,1;
2007-05-03;02:00;0;970,7;970,8;970,6;-9999;23,2;19,1;24,1;21,5;19,8;19,1;88;75;78;91;2,1;,2;
2007-05-03;03:00;0;970,8;970,8;970,7;-9999;21,3;19,4;23,2;20,9;19,5;18,7;89;78;89;208;1,7;,1;
2007-05-03;04:00;0;970,4;970,8;970,4;-9999;20,5;18,7;21,7;20,2;19,5;18,6;91;87;90;246;2,5;,8;
2007-05-03;05:00;0;970,3;970,4;970,3;-9999;19,6;18,4;20,7;19,6;18,9;18;93;89;92;190;2,5;0;
2007-05-03;06:00;0;970,6;970,6;970,1;-9999;19,4;18,3;19,8;19;18,6;17,8;94;91;93;193;2;,1;
2007-05-03;07:00;0;970,5;970,8;970,5;-9999;20,3;18,6;20,6;18,5;18,9;17,2;95;89;90;262;2,1;0;
2007-05-03;08:00;0;970,6;970,6;970,3;-9999;19,1;18;20,3;18,5;18,9;17,4;95;89;93;214;2,3;1,3;
2007-05-03;09:00;0;970,7;970,9;970,5;-9999;18,4;17,4;19,5;18,3;18,5;17,3;95;92;94;253;2,2;,3;
2007-05-03;10:00;0;971,4;971,4;970,7;-9999;18;17,2;18,6;18;17,7;17,2;95;94;95;241;2,9;0;
2007-05-03;11:00;0;972,4;972,4;971,4;245,3;20;18,7;20;17,9;18,7;17,2;96;92;93;272;2,5;,2;
2007-05-03;12:00;0;973,2;973,2;972,4;1022,7;23,3;19,6;23,5;20;20,2;18,7;93;79;79;154;2,1;,8;
2007-05-03;13:00;0;973,2;973,3;973,2;1701,6;25,7;19,9;25,7;23,3;20,4;19;81;70;70;118;3,1;1,6;
2007-05-03;14:00;0;973;973,3;973;2313;27,2;19,2;27,2;25,7;19,9;18,7;70;61;62;98;3,9;2,1;
2007-05-03;15:00;0;972,3;973;972,3;2657,5;28,5;19,6;28,7;27,1;20,1;18,4;63;57;59;91;5;1,9;
2007-05-03;16:00;0;971,3;972,3;971,3;2726,2;29,6;19,2;29,8;28,5;19,7;18,4;59;51;54;80;5,9;3;
2007-05-03;17:00;0;970,3;971,2;970,3;2682,8;30,7;17,2;31,1;29,3;19,7;17,2;55;44;45;73;6,1;2,7;
2007-05-03;18:00;0;969,7;970,3;969,7;2449,8;31,3;17,1;31,9;30,7;18,1;15,8;46;39;43;77;5,1;2,7;
2007-05-03;19:00;0;969,4;969,7;969,4;1901,1;31,5;15,8;31,9;31,2;16,8;14,8;43;36;39;92;5;2,1;
2007-05-03;20:00;0;969,2;969,5;969,2;1189,3;30,9;16,6;31,7;30,9;17,3;15,5;43;38;42;100;4,3;2,6;
2007-05-03;21:00;0;969,4;969,4;969,2;408,3;28,8;17,8;30,9;28,8;17,8;16;51;41;51;91;4,3;1,2;
2007-05-03;22:00;0;969,5;969,5;969,4;2,6;25,8;19,4;28,8;25,8;19,4;17,8;68;51;68;156;1,9;,1;
2007-05-03;23:00;0;969,7;969,8;969,5;-9999;24,1;19,1;25,8;24;19,5;19,1;74;66;74;73;,9;0;
2007-05-04;00:00;0;970,4;970,4;969,7;-9999;23,9;18,4;24,8;23,8;19,2;18,4;75;69;71;93;2,5;,8;
2007-05-04;01:00;0;970,9;970,9;970,4;-9999;24,7;17,9;24,8;23,9;18,4;17,8;71;65;66;122;3,5;1,4;
2007-05-04;02:00;0;971;971;970,8;-9999;22,8;18,1;24,8;22,8;18,3;17,9;75;66;75;107;3,3;,1;
2007-05-04;03:00;0;970,7;971;970,7;-9999;20,7;18,3;22,8;20,7;18,4;18;86;75;86;89;1,8;0;
2007-05-04;04:00;0;970,8;970,9;970,7;-9999;20,4;18,1;20,7;20;18,5;17,7;89;86;87;188;,7;0;
2007-05-04;05:00;0;970,5;970,9;970,5;-9999;18,4;17,1;20,4;18,2;18,2;17;93;86;93;279;1;,1;
2007-05-04;06:00;0;970,4;970,5;970,3;-9999;18;17;19,1;18;17,7;16,7;94;90;93;272;1;0;
2007-05-04;07:00;0;970;970,4;970;-9999;17,8;16,9;18,3;17,5;17,2;16,5;95;92;95;224;0;0;
2007-05-04;08:00;0;969,9;970,1;969,9;-9999;17,1;16,2;18;17,1;17,1;16,2;95;93;95;298;1,6;,8;
2007-05-04;09:00;0;970,3;970,3;969,9;-9999;16,7;15,8;17,8;16,6;16,8;15,6;95;92;95;23;1,1;0;
2007-05-04;10:00;0;971,2;971,2;970,3;-9999;16,9;15,7;17,8;16,7;17;15,5;95;91;92;156;1,2;,2;
2007-05-04;11:00;0;972;972;971,2;224,8;19,8;17,7;19,8;16,9;17,7;15,6;96;88;88;111;2,9;1,7;
2007-05-04;12:00;0;972,4;972,5;972;937,5;21,8;17,8;21,9;19,8;18,3;17,6;88;78;78;83;5,2;2,8;
2007-05-04;13:00;0;972,6;972,7;972,4;1682,8;24,2;17,9;24,2;21,8;18,2;17,3;79;68;68;68;8,3;4,2;
2007-05-04;14:00;0;972,5;972,7;972,5;2278,1;25,8;17,8;26,1;24;18,7;17,5;69;60;61;94;8,3;4,4;
2007-05-04;15:00;0;971,7;972,5;971,7;2611,7;27,7;17,9;28;25,7;18,4;17,3;62;54;55;79;8,1;4,1;
2007-05-04;16:00;0;970,6;971,7;970,6;2628,9;28,8;18,3;29,2;27,3;18,6;17,4;56;51;53;72;7,9;4;
2007-05-04;17:00;0;969,4;970,6;969,4;2616,3;29,7;17,3;30,4;28,6;18,8;16,8;53;46;47;63;8,1;3,4;
2007-05-04;18:00;0;968,2;969,5;968,2;2308,8;30,6;16;30,7;29,4;18,3;14,9;49;39;41;46;7,1;3,6;
2007-05-04;19:00;0;967,5;968,3;967,5;1762,9;29,8;16,4;30,9;29,8;17,1;15,3;45;40;44;103;7,1;3,2;
2007-05-04;20:00;0;967,4;967,5;967,4;889,2;30;15;30,2;29,7;16,9;14,8;46;39;40;71;5,9;1,9;
2007-05-04;21:00;0;967,4;967,5;967,4;420,9;27,8;16,4;30,2;27,8;16,5;14,6;50;38;50;65;3,9;1,2;
2007-05-04;22:00;0;967,4;967,4;967,3;3,1;25,4;17,7;27,8;25,1;17,7;16,2;62;49;62;104;2,9;1,4;
2007-05-04;23:00;0;967,6;967,6;967,3;-9999;24;17,5;25,4;24;17,8;17,5;68;62;67;109;3,3;1,3;
2007-05-05;00:00;0;968;968,1;967,6;-9999;23;17,3;24,1;22,7;17,6;17,2;71;66;71;121;3,2;,9;
2007-05-05;01:00;0;968,4;968,4;968;-9999;21,3;17,4;23,6;21,3;17,5;17,1;79;68;79;96;2,4;0;
2007-05-05;02:00;0;968,8;968,9;968,4;-9999;19,7;16,8;21,3;19,7;17,7;16,8;85;79;83;161;1,4;,2;
2007-05-05;03:00;0;968,6;968,9;968,6;-9999;18,4;16,6;19,7;18,1;16,9;16,2;91;84;89;297;1,2;0;
2007-05-05;04:00;-9999;-9999;-9999;-9999;-9999;-9999;-9999;-9999;-9999;-9999;-9999;-9999;-9999;-9999;-9999;-9999;-9999;
2007-05-05;05:00;-9999;-9999;-9999;-9999;-9999;-9999;-9999;-9999;-9999;-9999;-9999;-9999;-9999;-9999;-9999;-9999;-9999;
2007-05-05;06:00;-9999;-9999;-9999;-9999;-9999;-9999;-9999;-9999;-9999;-9999;-9999;-9999;-9999;-9999;-9999;-9999;-9999;
2007-05-05;07:00;-9999;-9999;-9999;-9999;-9999;-9999;-9999;-9999;-9999;-9999;-9999;-9999;-9999;-9999;-9999;-9999;-9999;
2007-05-05;08:00;-9999;-9999;-9999;-9999;-9999;-9999;-9999;-9999;-9999;-9999;-9999;-9999;-9999;-9999;-9999;-9999;-9999;
2007-05-05;09:00;0;968,8;968,8;968,2;-9999;15,5;14,8;15,6;15;14,9;14,2;96;94;96;260;2,7;2;
2007-05-05;10:00;0;969,7;969,7;968,8;-9999;15,2;14,3;15,6;15;15;14,3;96;95;95;239;3,1;,6;
2007-05-05;11:00;0;969,9;969,9;969,7;258,8;17;15,9;17;14,9;15,9;14,2;96;93;93;237;2,8;,3;
2007-05-05;12:00;0;970,3;970,3;969,9;917,3;21;16,5;21,1;17;17,3;16;94;76;76;107;2,4;1,5;
2007-05-05;13:00;0;970,6;970,6;970,3;1702,5;23,3;16,7;23,3;21;17,1;16,1;77;65;66;99;3,4;1,1;
2007-05-05;14:00;0;970,5;970,8;970,5;2300,9;25,7;16,3;25,8;23,1;17,1;15,1;67;55;56;87;5;2,7;
2007-05-05;15:00;0;969,6;970,5;969,6;2634,9;29,2;14,2;29,4;25,7;16,9;14;56;40;40;54;6,5;3;
2007-05-05;16:00;0;968,3;969,6;968,3;2727,1;31,5;11;31,6;29;14,2;10,3;41;28;28;53;7;3,5;
2007-05-05;17:00;0;967,3;968,3;967,3;2695,5;31,9;10,6;32,5;31,2;12,2;10,1;30;26;27;16;8,7;3,2;
2007-05-05;18:00;0;966,7;967,3;966,7;2509,1;31,9;11,3;32,6;31,5;12,2;10,2;30;26;28;20;8,7;1,8;
2007-05-05;19:00;0;966;966,7;966;1882,8;32;11,1;32,6;31,7;12;10,3;30;26;28;6;6,3;1,9;
2007-05-05;20:00;0;965,9;966;965,9;1212,1;31,6;13,2;31,9;31,2;13,2;11,2;33;28;33;335;5,6;1,2;
2007-05-05;21:00;0;965,9;966;965,9;391,6;28,9;16,4;31,6;28,9;16,5;12,9;47;32;47;4;3,7;,1;
2007-05-05;22:00;0;966;966;965,8;1,9;23,7;18,4;28,9;23,7;18,7;16;72;47;72;210;1,4;,4;
2007-05-05;23:00;0;966,2;966,2;966;-9999;21,8;18,1;23,9;21,8;18,3;17,6;79;69;79;288;1,8;1,1;
2007-05-06;00:00;0;966,8;966,8;966,2;-9999;22,3;17,9;22,8;20,7;18,4;17,3;83;75;76;335;3,1;,2;
2007-05-06;01:00;0;967;967;966,7;-9999;21,4;17,3;22,7;21,4;18,2;17,3;80;72;78;326;1,6;,2;
2007-05-06;02:00;0;967;967,1;966,9;-9999;20,3;17,1;21,6;20,3;17,4;16,8;83;75;82;221;1,1;0;
2007-05-06;03:00;0;967,3;967,3;967;-9999;20;16,8;20,7;19,4;17,5;16,8;87;80;82;148;2,3;0;
2007-05-06;04:00;0;967,1;967,3;967,1;-9999;19,4;17,2;20;18,9;17,2;16,5;87;82;87;234;1,8;,3;
2007-05-06;05:00;0;967,2;967,3;967,1;-9999;19,1;17,1;19,4;18,9;17,2;17;90;86;89;273;1,6;,6;
2007-05-06;06:00;0;967,2;967,2;967;-9999;18,7;16,6;19,1;18,5;17,2;16,6;90;88;88;337;1,3;0;
2007-05-06;07:00;0;967,3;967,3;967,1;-9999;18,4;16,8;18,7;18,4;16,8;16,5;90;88;90;261;,8;0;
2007-05-06;08:00;0;966,8;967,3;966,7;-9999;17,2;15,9;18,5;17,2;16,8;15,9;92;89;92;103;1,1;,2;
2007-05-06;09:00;-9999;-9999;-9999;-9999;-9999;-9999;-9999;-9999;-9999;-9999;-9999;-9999;-9999;-9999;-9999;-9999;-9999;
2007-05-06;10:00;-9999;-9999;-9999;-9999;-9999;-9999;-9999;-9999;-9999;-9999;-9999;-9999;-9999;-9999;-9999;-9999;-9999;
2007-05-06;11:00;-9999;-9999;-9999;-9999;-9999;-9999;-9999;-9999;-9999;-9999;-9999;-9999;-9999;-9999;-9999;-9999;-9999;
2007-05-06;12:00;-9999;-9999;-9999;-9999;-9999;-9999;-9999;-9999;-9999;-9999;-9999;-9999;-9999;-9999;-9999;-9999;-9999;
2007-05-06;13:00;0;967,9;968;967,9;1693,4;26;15,6;26,3;23,2;16,2;14,9;64;52;53;12;4,1;1,4;
2007-05-06;14:00;0;967,6;967,9;967,6;2279,8;28,7;16,5;28,9;26;16,8;15;54;45;48;352;4,4;1,9;
2007-05-06;15:00;0;966,7;967,6;966,7;2618,4;30,9;17,3;30,9;28,7;17,5;16;48;43;44;347;6,1;2,1;
2007-05-06;16:00;0;965,9;966,7;965,9;2681,8;31,9;16,9;32,2;30,6;17,6;15,9;46;39;41;329;7,7;2,7;
2007-05-06;17:00;0;965,4;965,9;965,4;2607,9;32,2;16,5;32,5;31,4;17,3;15,6;41;37;39;338;8,9;3;
2007-05-06;18:00;0;964,8;965,4;964,8;2414;32,1;15,7;32,7;31,8;16,8;15,3;39;36;37;334;8,8;2,8;
2007-05-06;19:00;0;964,4;964,8;964,4;1862,8;31,9;16,7;32,5;31,7;17,3;15,5;42;37;40;333;6,4;2;
2007-05-06;20:00;0;964,5;964,5;964,2;1096,9;30,2;17,6;32,2;30,2;17,6;16,1;47;39;47;317;7,1;1,7;
2007-05-06;21:00;0;965;965;964,5;242,4;28,5;20;30,2;28,5;20;17,7;60;47;60;294;4,2;,3;
2007-05-06;22:00;0;965,5;965,5;965;1,6;25,3;20,6;28,4;25,3;20,6;20;75;61;75;226;1,5;0;
2007-05-06;23:00;0;966,1;966,1;965,5;-9999;24,3;19,3;25,3;24,2;20,5;19,2;76;73;74;242;1,2;,6;
2007-05-07;00:00;0;966,7;966,7;966,1;-9999;21,4;18,4;24,5;21,3;19,3;18,4;84;72;83;279;3;1,8;
2007-05-07;01:00;0;966,9;966,9;966,7;-9999;22,4;17,9;22,4;21,1;18,4;17,9;84;76;76;311;3;1,7;
2007-05-07;02:00;0;966,9;966,9;966,8;-9999;20,2;17,6;22,6;20,2;18;17,5;85;75;85;269;3,1;1,6;
2007-05-07;03:00;-9999;-9999;-9999;-9999;-9999;-9999;-9999;-9999;-9999;-9999;-9999;-9999;-9999;-9999;-9999;-9999;-9999;
2007-05-07;04:00;-9999;-9999;-9999;-9999;-9999;-9999;-9999;-9999;-9999;-9999;-9999;-9999;-9999;-9999;-9999;-9999;-9999;
2007-05-07;05:00;-9999;-9999;-9999;-9999;-9999;-9999;-9999;-9999;-9999;-9999;-9999;-9999;-9999;-9999;-9999;-9999;-9999;
2007-05-07;06:00;-9999;-9999;-9999;-9999;-9999;-9999;-9999;-9999;-9999;-9999;-9999;-9999;-9999;-9999;-9999;-9999;-9999;
2007-05-07;07:00;-9999;-9999;-9999;-9999;-9999;-9999;-9999;-9999;-9999;-9999;-9999;-9999;-9999;-9999;-9999;-9999;-9999;
2007-05-07;08:00;-9999;-9999;-9999;-9999;-9999;-9999;-9999;-9999;-9999;-9999;-9999;-9999;-9999;-9999;-9999;-9999;-9999;
2007-05-07;09:00;-9999;-9999;-9999;-9999;-9999;-9999;-9999;-9999;-9999;-9999;-9999;-9999;-9999;-9999;-9999;-9999;-9999;
2007-05-07;10:00;-9999;-9999;-9999;-9999;-9999;-9999;-9999;-9999;-9999;-9999;-9999;-9999;-9999;-9999;-9999;-9999;-9999;
2007-05-07;11:00;-9999;-9999;-9999;-9999;-9999;-9999;-9999;-9999;-9999;-9999;-9999;-9999;-9999;-9999;-9999;-9999;-9999;
2007-05-07;12:00;-9999;-9999;-9999;-9999;-9999;-9999;-9999;-9999;-9999;-9999;-9999;-9999;-9999;-9999;-9999;-9999;-9999;
2007-05-07;13:00;-9999;-9999;-9999;-9999;-9999;-9999;-9999;-9999;-9999;-9999;-9999;-9999;-9999;-9999;-9999;-9999;-9999;
2007-05-07;14:00;0;967,1;967,6;967,1;2156,8;30,2;19,4;30,2;26,7;19,9;18,9;64;53;53;339;7,2;2,5;
2007-05-07;15:00;0;966,6;967,2;966,5;2454;31;17,7;31,2;29,9;19,4;17,3;53;44;45;313;12,6;5,5;
2007-05-07;16:00;0;965,8;966,6;965,8;2521,7;31,4;18;31,8;30,7;18,8;17,3;47;44;45;310;12,9;5,6;
2007-05-07;17:00;0;965,3;965,8;965,3;2187,3;31,4;18,4;32,3;30,8;19,3;17,8;48;43;46;321;11;3,4;
2007-05-07;18:00;0;964,8;965,3;964,8;1964,9;31,5;18;32,1;30,8;19;17,8;48;43;45;304;9,9;5,6;
2007-05-07;19:00;0;964,2;964,8;964,2;1700,6;31,5;18,6;32;31,1;18,6;17,8;48;44;46;305;10,2;5,1;
2007-05-07;20:00;0;964,4;964,4;964,2;886,6;30,4;18,9;31,9;30,3;19,1;18,2;50;45;50;325;10,2;1,7;
2007-05-07;21:00;0;964,9;964,9;964,4;306,9;28,5;20;30,4;28,5;20;18,7;60;50;60;315;4,3;1,3;
2007-05-07;22:00;0;965,2;965,2;964,9;,5;25,7;20,5;28,5;25,7;21;19,9;73;60;73;321;2,5;,7;
2007-05-07;23:00;0;965,7;965,7;965,2;-9999;25,3;20;25,6;24,5;20,9;20;80;73;73;264;4,1;2;
2007-05-08;00:00;0;966,4;966,4;965,7;-9999;25,3;20,5;26;24,8;20,6;20;77;71;75;275;3,6;1,8;
2007-05-08;01:00;0;966,7;966,7;966,3;-9999;24,9;20,8;25,6;24,9;20,8;20,5;78;74;78;230;3,7;,3;
2007-05-08;02:00;0;966,9;967,1;966,6;-9999;24,1;21,1;24,9;23,8;21,1;20,7;85;78;83;261;3,2;2;
2007-05-08;03:00;0;967;967;966,8;-9999;23,6;21,6;24,4;23,6;21,6;20,9;89;81;89;244;5,2;2,3;
2007-05-08;04:00;0;966,8;967;966,8;-9999;23,9;21,8;23,9;23,2;21,9;21,5;92;88;88;266;5;1,2;
2007-05-08;05:00;1,2;966,8;966,9;966,7;-9999;23,1;22;24,1;23,1;22,1;21,6;94;86;93;255;3,9;1,9;
2007-05-08;06:00;0;966,8;966,9;966,7;-9999;23;21,9;23,2;23;22,2;21,8;94;93;94;260;3,1;,8;
2007-05-08;07:00;0;966,9;967;966,7;-9999;22,9;21,9;23,1;22,8;22,1;21,9;95;93;94;258;2,2;1,2;
2007-05-08;08:00;,2;967,4;967,4;966,8;-9999;22,5;21,3;22,9;22,5;22;21,3;95;92;93;255;6,9;3,1;
2007-05-08;09:00;,2;967,5;967,5;967,3;-9999;20,5;19,3;22,5;20,5;21,3;19,3;95;92;93;223;6,9;1,9;
2007-05-08;10:00;,2;969;969;967,5;-9999;19,6;18,3;20,5;19,6;19,2;18,3;93;91;92;237;6;2,2;
2007-05-08;11:00;,6;970,4;970,4;969;13,9;17,7;16,8;19,7;17,7;18,4;16,8;95;90;95;211;5,9;1,1;
2007-05-08;12:00;-9999;-9999;-9999;-9999;-9999;-9999;-9999;-9999;-9999;-9999;-9999;-9999;-9999;-9999;-9999;-9999;-9999;
2007-05-08;13:00;-9999;-9999;-9999;-9999;-9999;-9999;-9999;-9999;-9999;-9999;-9999;-9999;-9999;-9999;-9999;-9999;-9999;
2007-05-08;14:00;-9999;-9999;-9999;-9999;-9999;-9999;-9999;-9999;-9999;-9999;-9999;-9999;-9999;-9999;-9999;-9999;-9999;
2007-05-08;15:00;-9999;-9999;-9999;-9999;-9999;-9999;-9999;-9999;-9999;-9999;-9999;-9999;-9999;-9999;-9999;-9999;-9999;
2007-05-08;16:00;-9999;-9999;-9999;-9999;-9999;-9999;-9999;-9999;-9999;-9999;-9999;-9999;-9999;-9999;-9999;-9999;-9999;
2007-05-08;17:00;-9999;-9999;-9999;-9999;-9999;-9999;-9999;-9999;-9999;-9999;-9999;-9999;-9999;-9999;-9999;-9999;-9999;
2007-05-08;18:00;-9999;-9999;-9999;-9999;-9999;-9999;-9999;-9999;-9999;-9999;-9999;-9999;-9999;-9999;-9999;-9999;-9999;
2007-05-08;19:00;-9999;-9999;-9999;-9999;-9999;-9999;-9999;-9999;-9999;-9999;-9999;-9999;-9999;-9999;-9999;-9999;-9999;
2007-05-08;20:00;-9999;-9999;-9999;-9999;-9999;-9999;-9999;-9999;-9999;-9999;-9999;-9999;-9999;-9999;-9999;-9999;-9999;
2007-05-08;21:00;-9999;-9999;-9999;-9999;-9999;-9999;-9999;-9999;-9999;-9999;-9999;-9999;-9999;-9999;-9999;-9999;-9999;
2007-05-08;22:00;-9999;-9999;-9999;-9999;-9999;-9999;-9999;-9999;-9999;-9999;-9999;-9999;-9999;-9999;-9999;-9999;-9999;
2007-05-08;23:00;-9999;-9999;-9999;-9999;-9999;-9999;-9999;-9999;-9999;-9999;-9999;-9999;-9999;-9999;-9999;-9999;-9999;
2007-05-09;00:00;-9999;-9999;-9999;-9999;-9999;-9999;-9999;-9999;-9999;-9999;-9999;-9999;-9999;-9999;-9999;-9999;-9999;
2007-05-09;01:00;-9999;-9999;-9999;-9999;-9999;-9999;-9999;-9999;-9999;-9999;-9999;-9999;-9999;-9999;-9999;-9999;-9999;
2007-05-09;02:00;-9999;-9999;-9999;-9999;-9999;-9999;-9999;-9999;-9999;-9999;-9999;-9999;-9999;-9999;-9999;-9999;-9999;
2007-05-09;03:00;-9999;-9999;-9999;-9999;-9999;-9999;-9999;-9999;-9999;-9999;-9999;-9999;-9999;-9999;-9999;-9999;-9999;
2007-05-09;04:00;-9999;-9999;-9999;-9999;-9999;-9999;-9999;-9999;-9999;-9999;-9999;-9999;-9999;-9999;-9999;-9999;-9999;
2007-05-09;05:00;-9999;-9999;-9999;-9999;-9999;-9999;-9999;-9999;-9999;-9999;-9999;-9999;-9999;-9999;-9999;-9999;-9999;
2007-05-09;06:00;-9999;-9999;-9999;-9999;-9999;-9999;-9999;-9999;-9999;-9999;-9999;-9999;-9999;-9999;-9999;-9999;-9999;
2007-05-09;07:00;-9999;-9999;-9999;-9999;-9999;-9999;-9999;-9999;-9999;-9999;-9999;-9999;-9999;-9999;-9999;-9999;-9999;
2007-05-09;08:00;-9999;-9999;-9999;-9999;-9999;-9999;-9999;-9999;-9999;-9999;-9999;-9999;-9999;-9999;-9999;-9999;-9999;
2007-05-09;09:00;-9999;-9999;-9999;-9999;-9999;-9999;-9999;-9999;-9999;-9999;-9999;-9999;-9999;-9999;-9999;-9999;-9999;
2007-05-09;10:00;-9999;-9999;-9999;-9999;-9999;-9999;-9999;-9999;-9999;-9999;-9999;-9999;-9999;-9999;-9999;-9999;-9999;
2007-05-09;11:00;-9999;-9999;-9999;-9999;-9999;-9999;-9999;-9999;-9999;-9999;-9999;-9999;-9999;-9999;-9999;-9999;-9999;
2007-05-09;12:00;-9999;-9999;-9999;-9999;-9999;-9999;-9999;-9999;-9999;-9999;-9999;-9999;-9999;-9999;-9999;-9999;-9999;
2007-05-09;13:00;-9999;-9999;-9999;-9999;-9999;-9999;-9999;-9999;-9999;-9999;-9999;-9999;-9999;-9999;-9999;-9999;-9999;
2007-05-09;14:00;-9999;-9999;-9999;-9999;-9999;-9999;-9999;-9999;-9999;-9999;-9999;-9999;-9999;-9999;-9999;-9999;-9999;
2007-05-09;15:00;-9999;-9999;-9999;-9999;-9999;-9999;-9999;-9999;-9999;-9999;-9999;-9999;-9999;-9999;-9999;-9999;-9999;
2007-05-09;16:00;-9999;-9999;-9999;-9999;-9999;-9999;-9999;-9999;-9999;-9999;-9999;-9999;-9999;-9999;-9999;-9999;-9999;
2007-05-09;17:00;-9999;-9999;-9999;-9999;-9999;-9999;-9999;-9999;-9999;-9999;-9999;-9999;-9999;-9999;-9999;-9999;-9999;
2007-05-09;18:00;-9999;-9999;-9999;-9999;-9999;-9999;-9999;-9999;-9999;-9999;-9999;-9999;-9999;-9999;-9999;-9999;-9999;
2007-05-09;19:00;-9999;-9999;-9999;-9999;-9999;-9999;-9999;-9999;-9999;-9999;-9999;-9999;-9999;-9999;-9999;-9999;-9999;
2007-05-09;20:00;-9999;-9999;-9999;-9999;-9999;-9999;-9999;-9999;-9999;-9999;-9999;-9999;-9999;-9999;-9999;-9999;-9999;
2007-05-09;21:00;-9999;-9999;-9999;-9999;-9999;-9999;-9999;-9999;-9999;-9999;-9999;-9999;-9999;-9999;-9999;-9999;-9999;
2007-05-09;22:00;-9999;-9999;-9999;-9999;-9999;-9999;-9999;-9999;-9999;-9999;-9999;-9999;-9999;-9999;-9999;-9999;-9999;
2007-05-09;23:00;-9999;-9999;-9999;-9999;-9999;-9999;-9999;-9999;-9999;-9999;-9999;-9999;-9999;-9999;-9999;-9999;-9999;
2007-05-10;00:00;-9999;-9999;-9999;-9999;-9999;-9999;-9999;-9999;-9999;-9999;-9999;-9999;-9999;-9999;-9999;-9999;-9999;
2007-05-10;01:00;-9999;-9999;-9999;-9999;-9999;-9999;-9999;-9999;-9999;-9999;-9999;-9999;-9999;-9999;-9999;-9999;-9999;
2007-05-10;02:00;-9999;-9999;-9999;-9999;-9999;-9999;-9999;-9999;-9999;-9999;-9999;-9999;-9999;-9999;-9999;-9999;-9999;
2007-05-10;03:00;-9999;-9999;-9999;-9999;-9999;-9999;-9999;-9999;-9999;-9999;-9999;-9999;-9999;-9999;-9999;-9999;-9999;
2007-05-10;04:00;-9999;-9999;-9999;-9999;-9999;-9999;-9999;-9999;-9999;-9999;-9999;-9999;-9999;-9999;-9999;-9999;-9999;
2007-05-10;05:00;-9999;-9999;-9999;-9999;-9999;-9999;-9999;-9999;-9999;-9999;-9999;-9999;-9999;-9999;-9999;-9999;-9999;
2007-05-10;06:00;-9999;-9999;-9999;-9999;-9999;-9999;-9999;-9999;-9999;-9999;-9999;-9999;-9999;-9999;-9999;-9999;-9999;
2007-05-10;07:00;-9999;-9999;-9999;-9999;-9999;-9999;-9999;-9999;-9999;-9999;-9999;-9999;-9999;-9999;-9999;-9999;-9999;
2007-05-10;08:00;-9999;-9999;-9999;-9999;-9999;-9999;-9999;-9999;-9999;-9999;-9999;-9999;-9999;-9999;-9999;-9999;-9999;
2007-05-10;09:00;-9999;-9999;-9999;-9999;-9999;-9999;-9999;-9999;-9999;-9999;-9999;-9999;-9999;-9999;-9999;-9999;-9999;
2007-05-10;10:00;-9999;-9999;-9999;-9999;-9999;-9999;-9999;-9999;-9999;-9999;-9999;-9999;-9999;-9999;-9999;-9999;-9999;
2007-05-10;11:00;-9999;-9999;-9999;-9999;-9999;-9999;-9999;-9999;-9999;-9999;-9999;-9999;-9999;-9999;-9999;-9999;-9999;
2007-05-10;12:00;-9999;-9999;-9999;-9999;-9999;-9999;-9999;-9999;-9999;-9999;-9999;-9999;-9999;-9999;-9999;-9999;-9999;
2007-05-10;13:00;-9999;-9999;-9999;-9999;-9999;-9999;-9999;-9999;-9999;-9999;-9999;-9999;-9999;-9999;-9999;-9999;-9999;
2007-05-10;14:00;-9999;-9999;-9999;-9999;-9999;-9999;-9999;-9999;-9999;-9999;-9999;-9999;-9999;-9999;-9999;-9999;-9999;
2007-05-10;15:00;-9999;-9999;-9999;-9999;-9999;-9999;-9999;-9999;-9999;-9999;-9999;-9999;-9999;-9999;-9999;-9999;-9999;
2007-05-10;16:00;-9999;-9999;-9999;-9999;-9999;-9999;-9999;-9999;-9999;-9999;-9999;-9999;-9999;-9999;-9999;-9999;-9999;
2007-05-10;17:00;-9999;-9999;-9999;-9999;-9999;-9999;-9999;-9999;-9999;-9999;-9999;-9999;-9999;-9999;-9999;-9999;-9999;
2007-05-10;18:00;-9999;-9999;-9999;-9999;-9999;-9999;-9999;-9999;-9999;-9999;-9999;-9999;-9999;-9999;-9999;-9999;-9999;
2007-05-10;19:00;-9999;-9999;-9999;-9999;-9999;-9999;-9999;-9999;-9999;-9999;-9999;-9999;-9999;-9999;-9999;-9999;-9999;
2007-05-10;20:00;-9999;-9999;-9999;-9999;-9999;-9999;-9999;-9999;-9999;-9999;-9999;-9999;-9999;-9999;-9999;-9999;-9999;
2007-05-10;21:00;-9999;-9999;-9999;-9999;-9999;-9999;-9999;-9999;-9999;-9999;-9999;-9999;-9999;-9999;-9999;-9999;-9999;
2007-05-10;22:00;-9999;-9999;-9999;-9999;-9999;-9999;-9999;-9999;-9999;-9999;-9999;-9999;-9999;-9999;-9999;-9999;-9999;
2007-05-10;23:00;-9999;-9999;-9999;-9999;-9999;-9999;-9999;-9999;-9999;-9999;-9999;-9999;-9999;-9999;-9999;-9999;-9999;
2007-05-11;00:00;-9999;-9999;-9999;-9999;-9999;-9999;-9999;-9999;-9999;-9999;-9999;-9999;-9999;-9999;-9999;-9999;-9999;
2007-05-11;01:00;-9999;-9999;-9999;-9999;-9999;-9999;-9999;-9999;-9999;-9999;-9999;-9999;-9999;-9999;-9999;-9999;-9999;
2007-05-11;02:00;-9999;-9999;-9999;-9999;-9999;-9999;-9999;-9999;-9999;-9999;-9999;-9999;-9999;-9999;-9999;-9999;-9999;
2007-05-11;03:00;-9999;-9999;-9999;-9999;-9999;-9999;-9999;-9999;-9999;-9999;-9999;-9999;-9999;-9999;-9999;-9999;-9999;
2007-05-11;04:00;-9999;-9999;-9999;-9999;-9999;-9999;-9999;-9999;-9999;-9999;-9999;-9999;-9999;-9999;-9999;-9999;-9999;
2007-05-11;05:00;-9999;-9999;-9999;-9999;-9999;-9999;-9999;-9999;-9999;-9999;-9999;-9999;-9999;-9999;-9999;-9999;-9999;
2007-05-11;06:00;-9999;-9999;-9999;-9999;-9999;-9999;-9999;-9999;-9999;-9999;-9999;-9999;-9999;-9999;-9999;-9999;-9999;
2007-05-11;07:00;-9999;-9999;-9999;-9999;-9999;-9999;-9999;-9999;-9999;-9999;-9999;-9999;-9999;-9999;-9999;-9999;-9999;
2007-05-11;08:00;-9999;-9999;-9999;-9999;-9999;-9999;-9999;-9999;-9999;-9999;-9999;-9999;-9999;-9999;-9999;-9999;-9999;
2007-05-11;09:00;-9999;-9999;-9999;-9999;-9999;-9999;-9999;-9999;-9999;-9999;-9999;-9999;-9999;-9999;-9999;-9999;-9999;
2007-05-11;10:00;-9999;-9999;-9999;-9999;-9999;-9999;-9999;-9999;-9999;-9999;-9999;-9999;-9999;-9999;-9999;-9999;-9999;
2007-05-11;11:00;-9999;-9999;-9999;-9999;-9999;-9999;-9999;-9999;-9999;-9999;-9999;-9999;-9999;-9999;-9999;-9999;-9999;
2007-05-11;12:00;-9999;-9999;-9999;-9999;-9999;-9999;-9999;-9999;-9999;-9999;-9999;-9999;-9999;-9999;-9999;-9999;-9999;
2007-05-11;13:00;-9999;-9999;-9999;-9999;-9999;-9999;-9999;-9999;-9999;-9999;-9999;-9999;-9999;-9999;-9999;-9999;-9999;
2007-05-11;14:00;-9999;-9999;-9999;-9999;-9999;-9999;-9999;-9999;-9999;-9999;-9999;-9999;-9999;-9999;-9999;-9999;-9999;
2007-05-11;15:00;-9999;-9999;-9999;-9999;-9999;-9999;-9999;-9999;-9999;-9999;-9999;-9999;-9999;-9999;-9999;-9999;-9999;
2007-05-11;16:00;-9999;-9999;-9999;-9999;-9999;-9999;-9999;-9999;-9999;-9999;-9999;-9999;-9999;-9999;-9999;-9999;-9999;
2007-05-11;17:00;0;972,2;973,2;972,2;2524;26,2;14,9;26,2;23,7;15,5;14,1;57;49;50;323;4,5;1;
2007-05-11;18:00;0;971,5;972,2;971,5;2325,3;26,6;15,5;26,6;25,7;15,5;13,9;51;47;51;121;4,3;1,3;
2007-05-11;19:00;0;971,3;971,5;971,3;1775,2;26,5;15,2;27,1;26,1;15,7;14,6;51;47;50;33;3;1,3;
2007-05-11;20:00;0;971,6;971,6;971,2;1084,1;26,5;15,6;27;26,4;15,8;14,9;52;48;51;167;3,6;1,3;
2007-05-11;21:00;0;971,9;971,9;971,6;325,3;24,8;15,7;26,5;24,7;16,2;15,3;59;51;57;132;3;1,2;
2007-05-11;22:00;0;972,3;972,3;971,9;,8;22,2;16,3;24,8;22,2;16,3;15,7;69;57;69;174;2,9;,1;
2007-05-11;23:00;0;972,9;972,9;972,3;-9999;20,1;16,1;22,2;20;16,4;15,8;79;68;78;101;1,2;,1;
2007-05-12;00:00;0;973,3;973,3;972,9;-9999;18,5;15,9;20,3;18,5;16,3;15,9;85;78;85;23;1;,1;
2007-05-12;01:00;0;973,5;973,5;973,3;-9999;17,6;15,3;18,8;17,6;16;15,3;87;83;87;323;,7;0;
2007-05-12;02:00;-9999;-9999;-9999;-9999;-9999;-9999;-9999;-9999;-9999;-9999;-9999;-9999;-9999;-9999;-9999;-9999;-9999;
2007-05-12;03:00;-9999;-9999;-9999;-9999;-9999;-9999;-9999;-9999;-9999;-9999;-9999;-9999;-9999;-9999;-9999;-9999;-9999;
2007-05-12;04:00;-9999;-9999;-9999;-9999;-9999;-9999;-9999;-9999;-9999;-9999;-9999;-9999;-9999;-9999;-9999;-9999;-9999;
2007-05-12;05:00;-9999;-9999;-9999;-9999;-9999;-9999;-9999;-9999;-9999;-9999;-9999;-9999;-9999;-9999;-9999;-9999;-9999;
2007-05-12;06:00;-9999;-9999;-9999;-9999;-9999;-9999;-9999;-9999;-9999;-9999;-9999;-9999;-9999;-9999;-9999;-9999;-9999;
2007-05-12;07:00;-9999;-9999;-9999;-9999;-9999;-9999;-9999;-9999;-9999;-9999;-9999;-9999;-9999;-9999;-9999;-9999;-9999;
2007-05-12;08:00;-9999;-9999;-9999;-9999;-9999;-9999;-9999;-9999;-9999;-9999;-9999;-9999;-9999;-9999;-9999;-9999;-9999;
2007-05-12;09:00;-9999;-9999;-9999;-9999;-9999;-9999;-9999;-9999;-9999;-9999;-9999;-9999;-9999;-9999;-9999;-9999;-9999;
2007-05-12;10:00;-9999;-9999;-9999;-9999;-9999;-9999;-9999;-9999;-9999;-9999;-9999;-9999;-9999;-9999;-9999;-9999;-9999;
2007-05-12;11:00;-9999;-9999;-9999;-9999;-9999;-9999;-9999;-9999;-9999;-9999;-9999;-9999;-9999;-9999;-9999;-9999;-9999;
2007-05-12;12:00;-9999;-9999;-9999;-9999;-9999;-9999;-9999;-9999;-9999;-9999;-9999;-9999;-9999;-9999;-9999;-9999;-9999;
2007-05-12;13:00;-9999;-9999;-9999;-9999;-9999;-9999;-9999;-9999;-9999;-9999;-9999;-9999;-9999;-9999;-9999;-9999;-9999;
2007-05-12;14:00;-9999;-9999;-9999;-9999;-9999;-9999;-9999;-9999;-9999;-9999;-9999;-9999;-9999;-9999;-9999;-9999;-9999;
2007-05-12;15:00;0;975,3;976,1;975,3;2504,1;25,9;17,8;26,2;23,4;18,4;17,2;70;61;61;50;4,2;1,6;
2007-05-12;16:00;0;974,4;975,3;974,4;2560,7;27,3;17,7;27,8;25,6;18,9;17,6;64;55;56;34;4,9;1,7;
2007-05-12;17:00;0;973,4;974,4;973,4;2445,3;28,4;17,4;29,1;27,1;18,8;17,2;57;51;51;78;4,7;1,6;
2007-05-12;18:00;0;972,7;973,4;972,6;2382,9;30,1;16,4;30,1;28,4;17,9;15,2;52;41;44;267;4,7;2;
2007-05-12;19:00;0;972;972,6;972;1832,3;29,8;15,7;30,2;29,5;16,8;14,5;45;39;42;259;4;1;
2007-05-12;20:00;0;971,9;972;971,8;1003,5;29,4;15,4;30,1;29,3;16;14,6;44;40;43;262;2,5;,1;
2007-05-12;21:00;0;972,1;972,1;971,9;101,3;25,5;19,2;29,4;25,5;19,2;16;68;43;68;269;1,9;,8;
2007-05-12;22:00;0;972,3;972,3;972,1;1,2;24;18,9;25,5;24;19,3;18,3;73;65;73;272;2,6;,9;
2007-05-12;23:00;0;972,7;972,7;972,3;-9999;21,5;18,7;24;21,5;19,2;18,7;84;73;84;309;1,6;,4;
2007-05-13;00:00;0;973;973;972,7;-9999;20,6;18,6;21,5;20,4;18,9;18,3;89;84;88;271;1,7;1,1;
2007-05-13;01:00;0;973,1;973,1;973;-9999;19,5;17,7;20,6;19,5;18,6;17,7;90;88;90;268;2,4;1,7;
2007-05-13;02:00;0;973;973,2;973;-9999;20,5;17,9;20,5;19,4;18;17,7;90;85;85;251;2,4;,4;
2007-05-13;03:00;0;972,7;973;972,7;-9999;18,8;17,3;20,6;18,8;17,9;17,3;92;84;91;340;1,1;0;
2007-05-13;04:00;0;972,2;972,7;972,2;-9999;17,6;16,5;18,8;17,6;17,4;16,5;93;91;93;296;1,6;,6;
2007-05-13;05:00;-9999;-9999;-9999;-9999;-9999;-9999;-9999;-9999;-9999;-9999;-9999;-9999;-9999;-9999;-9999;-9999;-9999;
2007-05-13;06:00;0;971,3;972;971,3;-9999;17,4;16,3;17,7;17,3;16,6;16,2;94;93;93;262;2,8;1,8;
2007-05-13;07:00;0;970,9;971,3;970,9;-9999;16,9;15,9;17,6;16,9;16,5;15,9;94;93;94;273;2,7;1,3;
2007-05-13;08:00;-9999;-9999;-9999;-9999;-9999;-9999;-9999;-9999;-9999;-9999;-9999;-9999;-9999;-9999;-9999;-9999;-9999;
2007-05-13;09:00;0;971;971,1;970,9;-9999;16,3;15,4;16,6;16;15,8;15,2;96;94;94;261;2,9;1,8;
2007-05-13;10:00;0;971,3;971,4;971;-9999;15,9;15;16,3;15,9;15,5;15;96;95;95;258;2,3;,1;
2007-05-13;11:00;0;971,9;971,9;971,3;189,8;17,6;16,1;17,6;15,4;16,2;14,4;97;90;91;96;1;0;
2007-05-13;12:00;0;972,5;972,5;971,9;816,5;20,1;17;20,4;17,6;17,9;16;92;82;83;172;,9;,1;
2007-05-13;13:00;0;972,8;972,8;972,5;1527,6;22,8;18;23;20;18,7;17;85;74;74;104;2,1;,8;
2007-05-13;14:00;0;972,9;973;972,8;2145,5;27;19,5;27;22,7;19,5;18;76;63;63;21;2,5;,2;
2007-05-13;15:00;0;972,2;972,9;972,2;2529,2;29;19,4;29;26,8;19,7;18,2;63;54;56;329;5,2;2,1;
2007-05-13;16:00;0;971,5;972,2;971,5;2578,6;30,6;16,5;30,8;28,5;19,2;16,5;56;43;43;328;7,1;2,3;
2007-05-13;17:00;0;970,7;971,5;970,7;2504,7;30,9;12,8;31,7;30,5;17,5;12,7;45;33;33;294;9,7;5,2;
2007-05-13;18:00;0;970;970,7;970;2319;31,4;12,9;31,8;30,8;14,1;11,8;36;30;32;316;9,7;3,5;
2007-05-13;19:00;0;969,9;970;969,8;1744,4;30,8;13,7;31,6;30,6;15;12,1;38;31;35;327;7,9;2,3;
2007-05-13;20:00;0;969,9;969,9;969,8;1042,4;29,6;15,8;30,9;29,6;15,8;12,5;43;33;43;318;7,3;1,5;
2007-05-13;21:00;-9999;-9999;-9999;-9999;-9999;-9999;-9999;-9999;-9999;-9999;-9999;-9999;-9999;-9999;-9999;-9999;-9999;
2007-05-13;22:00;-9999;-9999;-9999;-9999;-9999;-9999;-9999;-9999;-9999;-9999;-9999;-9999;-9999;-9999;-9999;-9999;-9999;
2007-05-13;23:00;-9999;-9999;-9999;-9999;-9999;-9999;-9999;-9999;-9999;-9999;-9999;-9999;-9999;-9999;-9999;-9999;-9999;
2007-05-14;00:00;-9999;-9999;-9999;-9999;-9999;-9999;-9999;-9999;-9999;-9999;-9999;-9999;-9999;-9999;-9999;-9999;-9999;
2007-05-14;01:00;-9999;-9999;-9999;-9999;-9999;-9999;-9999;-9999;-9999;-9999;-9999;-9999;-9999;-9999;-9999;-9999;-9999;
2007-05-14;02:00;0;971,4;971,6;971,4;-9999;19,4;17,2;20,9;19,4;17,8;17,2;88;82;87;331;2,1;,2;
2007-05-14;03:00;0;971,3;971,5;971,3;-9999;19,1;17;19,7;19,1;17,4;17;88;86;88;247;1,3;0;
2007-05-14;04:00;0;971;971,3;971;-9999;18,4;16,8;19,1;18,3;17;16,6;90;88;90;355;1,3;,3;
2007-05-14;05:00;0;970,7;971;970,7;-9999;18,5;16,5;19,5;18,2;17,1;16,2;91;84;88;231;3,3;0;
2007-05-14;06:00;-9999;-9999;-9999;-9999;-9999;-9999;-9999;-9999;-9999;-9999;-9999;-9999;-9999;-9999;-9999;-9999;-9999;
2007-05-14;07:00;0;970,7;970,7;970,4;-9999;18,2;16,9;18,4;17,5;16,9;15,6;92;88;92;143;3,5;,3;
2007-05-14;08:00;0;970,9;970,9;970,7;-9999;19,6;17,6;20,1;18,3;17,6;16,9;92;85;88;175;5,3;2,2;
2007-05-14;09:00;0;971,3;971,4;970,9;-9999;18,8;18,1;19,6;18,7;18,1;17,6;96;88;96;141;5,1;1,9;
2007-05-14;10:00;0;971,9;971,9;971,3;-9999;19,4;18,5;19,4;18,8;18,5;18,1;96;95;95;147;4,6;1,5;
2007-05-14;11:00;0;972,8;972,8;971,9;30,5;19,4;18;19,5;19,3;18,5;18;95;92;92;125;4,6;1,8;
2007-05-14;12:00;0;973,3;973,4;972,8;767,8;21,3;16,5;21,3;19,4;18,2;16;92;74;74;135;5,5;2,4;
2007-05-14;13:00;0;973,7;973,7;973,3;1407,3;22,1;15,9;22,9;20,7;17;15,8;75;67;68;107;5,5;1,8;
2007-05-14;14:00;0;973,7;973,8;973,6;2102,6;24,1;16,8;24,2;22,1;17,4;16,2;70;63;64;159;4,8;2,3;
2007-05-14;15:00;0;972,9;973,8;972,9;2456,5;24,6;16,9;25,2;23,6;17,7;16,5;66;60;62;137;5,2;2,5;
2007-05-14;16:00;0;972;972,9;972;2530,3;26;17,3;26,6;24,6;18;16,6;63;58;59;124;5,3;1,9;
2007-05-14;17:00;0;970,8;972;970,8;2457,1;27,5;17,9;27,5;25,7;18,1;16,9;60;55;56;116;5;1,7;
2007-05-14;18:00;0;970,2;970,9;970,2;2256,9;27,3;17,4;27,7;26,6;17,9;17;58;54;55;10;4,2;1,1;
2007-05-14;19:00;0;969,7;970,2;969,7;1721;28,1;17,4;28,6;27,3;18,3;17;56;51;52;356;3;,4;
2007-05-14;20:00;0;969,7;969,7;969,5;1053,4;28;18,2;28,3;27,6;18,6;17,5;57;52;56;157;3,1;,9;
2007-05-14;21:00;0;969,8;969,8;969,7;304,7;26,4;18,7;28,1;26,4;18,9;17,7;63;54;63;187;3,1;,5;
2007-05-14;22:00;0;969,9;969,9;969,7;-9999;23,6;19,2;26,4;23,6;19,4;18,7;77;63;77;190;1,6;0;
2007-05-14;23:00;0;970,4;970,4;969,9;-9999;21,5;18,6;23,6;21,5;19,3;18,5;84;77;84;332;,3;0;
2007-05-15;00:00;0;970,8;970,9;970,4;-9999;20,7;18,5;21,7;20,6;18,9;18,1;87;83;87;98;0;0;
2007-05-15;01:00;0;971,3;971,3;970,8;-9999;20;18,2;20,8;19,9;18,6;18,1;91;86;89;25;1,4;0;
2007-05-15;02:00;0;971,5;971,5;971,2;-9999;19,3;17,6;20,4;19,2;18,4;17,4;90;87;90;46;,4;0;
2007-05-15;03:00;0;971,3;971,5;971,3;-9999;20,4;17,7;21;19,1;18,2;17,4;92;82;85;129;2,3;,1;
2007-05-15;04:00;0;971,1;971,3;971;-9999;19,3;17,6;20,4;19,2;17,8;17,4;90;85;90;170;1,1;0;
2007-05-15;05:00;0;970,8;971,1;970,8;-9999;17,7;16,4;19,4;17,7;17,8;16,4;93;88;92;17;1,2;0;
2007-05-15;06:00;0;970,5;970,8;970,5;-9999;17,6;16,6;17,8;17,1;16,7;16,1;95;92;94;254;2;,9;
2007-05-15;07:00;0;970,3;970,5;970,2;-9999;16,4;15,5;17,6;16,4;16,5;15,5;95;93;95;301;2;0;
2007-05-15;08:00;-9999;-9999;-9999;-9999;-9999;-9999;-9999;-9999;-9999;-9999;-9999;-9999;-9999;-9999;-9999;-9999;-9999;
2007-05-15;09:00;-9999;-9999;-9999;-9999;-9999;-9999;-9999;-9999;-9999;-9999;-9999;-9999;-9999;-9999;-9999;-9999;-9999;
2007-05-15;10:00;0;971;971;970,5;-9999;15,8;15,1;16,1;15,8;15,5;15,1;96;95;95;236;1,6;0;
2007-05-15;11:00;0;971,6;971,6;971;189,5;18,2;16,5;18,2;15,6;16,5;14,9;96;90;90;169;1,1;0;
2007-05-15;12:00;0;971,9;971,9;971,6;836,8;20,8;17,6;20,8;18,2;17,7;16,4;90;81;82;106;2,7;1,6;
2007-05-15;13:00;0;972,2;972,2;971,9;1351,1;22,3;18,1;22,6;20,7;18,1;17,2;83;75;77;92;3,3;1,8;
2007-05-15;14:00;0;971,9;972,3;971,9;2101,1;25,4;19;25,6;22,3;19,3;17,9;78;67;68;76;5;2,6;
2007-05-15;15:00;0;970,6;971,9;970,6;2473,5;28,4;18,9;28,8;25,3;20;18,8;68;57;57;49;6,4;2,8;
2007-05-15;16:00;0;969,3;970,6;969,3;2078,2;29,6;18,9;29,9;28,2;19,8;18,3;58;51;53;35;6,4;2,6;
2007-05-15;17:00;0;968,1;969,3;968,1;1713;29,7;18;30,9;29,4;19;17,3;53;46;50;356;7,4;1,9;
2007-05-15;18:00;0;966,9;968,1;966,9;2030,9;31,5;17,7;31,8;29,6;19;17,2;51;42;44;351;6,3;2,4;
2007-05-15;19:00;0;966,4;966,9;966,4;1675,5;31;18,3;32,1;30,7;18,4;16,9;47;41;47;25;6,5;2,1;
2007-05-15;20:00;0;966,2;966,5;966,2;945,6;30,8;18,8;31,4;29,8;18,9;17,5;51;45;49;309;6;1;
2007-05-15;21:00;0;966,2;966,2;966;312,4;28,1;20,1;30,8;28,1;20,2;18,4;62;48;62;339;2,5;0;
2007-05-15;22:00;0;966,5;966,5;966,2;-9999;24;20,3;28,1;24;20,6;19,9;80;62;80;282;,9;,2;
2007-05-15;23:00;0;966,8;966,8;966,4;-9999;23,1;19,9;24;22,6;20,4;19,5;84;80;82;224;1,2;0;
2007-05-16;00:00;0;967,4;967,4;966,8;-9999;21,9;19,7;23,1;21,4;19,7;19,3;89;82;87;26;1,4;,2;
2007-05-16;01:00;0;967,8;967,8;967,4;-9999;21,1;19;22;21,1;19,6;18,9;88;86;88;251;1,7;0;
2007-05-16;02:00;0;967,9;967,9;967,8;-9999;20,2;18,7;21,5;20,2;19,5;18,6;91;87;91;180;,9;0;
2007-05-16;03:00;0;967,6;967,9;967,6;-9999;19,6;18,2;20,2;19,6;18,7;18,1;92;90;92;206;1,4;0;
2007-05-16;04:00;0;967,2;967,6;967,2;-9999;18,8;17,6;19,7;18,6;18,4;17,4;93;91;93;282;1;,1;
2007-05-16;05:00;0;966,6;967,2;966,6;-9999;18,4;17,4;19,2;18,3;18,2;17,2;95;91;94;329;1,3;0;
2007-05-16;06:00;0;966,3;966,6;966,3;-9999;18,3;17,2;18,6;18,1;17,7;16,9;95;93;94;260;0;0;
2007-05-16;07:00;0;966,1;966,3;966,1;-9999;18,5;17,6;18,6;17,7;17,9;16,7;96;93;94;209;1,3;,3;
2007-05-16;08:00;0;966,1;966,2;966,1;-9999;17,3;16,4;18,5;17,2;17,6;16,2;95;92;95;94;1,3;0;
2007-05-16;09:00;0;966;966,1;966;-9999;17,3;16,4;17,7;17,1;16,9;16,2;95;93;94;287;1;0;
2007-05-16;10:00;0;966,4;966,4;965,9;-9999;17,4;16,5;17,8;16,9;17,1;16;96;94;95;241;1;0;
2007-05-16;11:00;0;967,1;967,1;966,4;185,2;18,7;17,5;18,7;16,9;17,5;16;95;92;93;271;,7;0;
2007-05-16;12:00;0;967,8;967,8;967,1;845;23,3;19,1;23,5;18,8;19,5;17,5;93;77;77;338;2,4;,6;
2007-05-16;13:00;0;968,2;968,2;967,8;1552,3;26,6;19,5;26,6;23,2;20;18,9;78;65;65;329;5,3;1,8;
2007-05-16;14:00;0;968,2;968,4;968,2;2121,1;29,6;18,1;29,6;26,6;19,9;17,9;66;50;50;324;8,8;3,6;
2007-05-16;15:00;0;967,8;968,3;967,8;2494,8;30,6;16,7;30,7;29,5;18,6;16,6;51;43;43;317;12,3;5;
2007-05-16;16:00;0;967,3;967,9;967,2;2589,3;31,6;16;31,9;30,6;17,3;14,4;44;36;39;325;12,5;3,8;
2007-05-16;17:00;0;966,2;967,2;966,2;2345,5;31,9;13,9;32;30,8;16,9;13,4;42;33;34;322;11,4;4,8;
2007-05-16;18:00;0;965,4;966,2;965,3;2282;31,8;13,7;32,3;31,6;14,8;13,3;36;32;33;313;13,6;5,2;
2007-05-16;19:00;0;965,2;965,4;965,1;1747,1;31,6;14,3;31,8;31,1;14,6;12,9;36;32;35;326;13,6;3,4;
2007-05-16;20:00;0;965,6;965,6;965,2;1080,7;30,3;14,4;31,6;30,3;14,6;13,5;39;34;38;325;8,6;2,9;
2007-05-16;21:00;0;965,7;965,7;965,5;320,1;27,5;15,8;30,3;27,5;15,8;14,4;49;38;49;340;7;1,2;
2007-05-16;22:00;0;966,3;966,4;965,7;-9999;25,3;16,2;27,4;25,3;16,2;15,7;57;49;57;335;4,4;1;
2007-05-16;23:00;0;966,6;966,6;966,2;-9999;23,5;16,2;25,3;23,4;16,4;16,1;64;57;64;339;3,4;1,5;
2007-05-17;00:00;0;966,8;966,8;966,6;-9999;22,2;15,8;23,5;22,2;16,2;15,7;67;63;67;341;4,9;1,8;
2007-05-17;01:00;0;966,7;966,8;966,5;-9999;21,9;15,8;22,6;21,4;15,9;15,6;70;65;68;322;4,2;1,1;
2007-05-17;02:00;0;966,7;966,7;966,5;-9999;21,7;16;22;21,1;16,2;15,8;73;68;70;301;3,5;1,8;
2007-05-17;03:00;0;966,9;966,9;966,7;-9999;20,4;16,2;21,7;20,3;16,3;15,9;77;70;77;283;3,3;1,7;
2007-05-17;04:00;0;966,7;967,4;966,7;-9999;23,3;16,5;23,3;20,1;16,6;16,1;79;66;66;315;4,9;2,2;
2007-05-17;05:00;0;966,6;966,8;966,6;-9999;20,7;16,7;23,4;20,7;16,7;16,4;78;65;78;274;5,1;1,8;
2007-05-17;06:00;0;966,4;966,7;966,4;-9999;19,9;16,9;20,7;19,6;16,9;16,7;84;78;83;266;3;,8;
2007-05-17;07:00;0;966,1;966,4;966,1;-9999;19,1;16,8;20,2;19,1;17;16,6;86;81;86;319;2,3;,2;
2007-05-17;08:00;0;966,2;966,3;966,1;-9999;19,1;17;19,3;18,7;17,1;16,6;89;86;88;270;2;0;
2007-05-17;09:00;0;966,7;966,7;966,2;-9999;19,9;17,3;19,9;19,1;17,4;17,1;90;85;85;22;0;0;
2007-05-17;10:00;0;967,5;967,5;966,7;-9999;20,1;17,5;21,6;19,7;18,2;17,3;87;81;85;192;2,3;1;
2007-05-17;11:00;0;968,6;968,6;967,5;131,3;21,7;18,2;21,7;19,8;18,4;17,5;88;80;80;254;3,4;1,5;
2007-05-17;12:00;0;969,2;969,2;968,5;606;22,9;18,9;23;21,7;18,9;18,1;81;75;78;263;3,4;1,8;
2007-05-17;13:00;0;970,1;970,1;969,2;979,1;24,3;19,7;24,4;22,9;20,1;18,8;79;76;76;284;3,8;2;
2007-05-17;14:00;0;970,2;970,2;970;1423,6;25,4;20,2;25,5;24,1;20,7;19,8;78;73;73;271;4,2;2;
2007-05-17;15:00;0;970,1;970,3;970,1;705,1;25,2;20,9;25,7;25,1;21;20,2;78;73;77;236;4,5;1,6;
2007-05-17;16:00;0;969,5;970,1;969,5;1317,2;25,4;20,6;25,9;25,2;21;20,3;77;72;75;269;5,1;2,9;
2007-05-17;17:00;0;969,1;969,5;969,1;1005,2;26;20,6;26,2;25,4;20,9;20,2;75;71;72;249;4,5;1,6;
2007-05-17;18:00;0;968,6;969,1;968,6;1116,6;26,9;19,9;27,2;25,8;20,9;19,9;74;65;65;280;4,7;2,3;
2007-05-17;19:00;0;968,5;968,6;968,3;1058,3;26,5;20,3;27,3;26,5;20,6;19,7;69;64;69;286;5,2;3;
2007-05-17;20:00;0;968,7;968,7;968,4;542,7;26,1;20,3;26,6;26,1;20,4;20;70;68;70;269;5,2;2,5;
2007-05-17;21:00;0;968,9;969;968,7;155,1;24,6;20,2;26,1;24,6;20,5;20,1;77;70;77;263;3,9;1,1;
2007-05-17;22:00;0;968,6;968,9;968,6;-9999;23,4;20,2;24,6;23,4;20,5;20,2;84;77;82;233;2,5;,5;
2007-05-17;23:00;0;969,2;969,2;968,6;-9999;22,6;19,9;23,4;22,6;20,2;19,7;86;82;84;248;4,3;2,2;
2007-05-18;00:00;0;969,8;969,8;969,2;-9999;21,8;19,6;22,6;21,8;19,9;19,6;88;85;87;227;4,3;1,2;
2007-05-18;01:00;0;970,1;970,2;969,7;-9999;21,2;19,5;21,8;21,1;19,6;19,4;90;87;90;151;3,7;1,4;
2007-05-18;02:00;0;970,4;970,4;970,1;-9999;19,9;18,3;21,2;19,9;19,5;18,3;90;89;90;200;4;1;
2007-05-18;03:00;0;970,9;970,9;970,4;-9999;19,4;17,6;19,9;19,4;18,4;17,6;92;90;90;204;3,3;,9;
2007-05-18;04:00;0;970,7;971;970,5;-9999;18,8;17,2;19,4;18,7;17,6;17,1;91;89;90;197;3,2;,7;
2007-05-18;05:00;0;970,6;970,8;970,6;-9999;18,3;16,7;18,8;18,3;17,2;16,7;90;89;90;206;2,9;,1;
2007-05-18;06:00;0;970,6;970,6;970,4;-9999;18,1;16,8;18,3;17,9;16,8;16,6;93;90;92;225;1,8;,2;
2007-05-18;07:00;0;970,3;970,7;970,3;-9999;18,4;16,9;18,4;18,1;17;16,8;92;91;91;139;2,4;,5;
2007-05-18;08:00;0;970,4;970,5;970,2;-9999;18,3;17,1;18,4;18,3;17,1;16,9;93;91;93;90;2;1,2;
2007-05-18;09:00;0;970,6;970,6;970,4;-9999;18,3;17,3;18,4;18,2;17,3;17,1;94;93;93;44;2;,2;
2007-05-18;10:00;0;971,4;971,4;970,6;-9999;18,7;17,2;18,8;18,3;17,4;17,2;94;91;91;216;1,2;,2;
2007-05-18;11:00;0;972,4;972,4;971,4;91,2;19,1;17,2;19,1;18,7;17,5;17,2;92;89;89;232;1,9;,4;
2007-05-18;12:00;0;972,4;972,4;972,2;268,2;19,7;17,7;19,7;19,1;17,7;17,2;90;87;88;100;2;1,2;
2007-05-18;13:00;0;972,6;973,1;972,4;600,2;20,8;18;20,9;19,7;18,2;17,6;88;83;84;78;2,3;1,4;
2007-05-18;14:00;0;972,8;973;972,6;861,9;21,8;18,5;22,1;20,7;18,6;17,8;85;79;81;26;2,3;,4;
2007-05-18;15:00;0;972,5;972,9;972,3;928,8;22,6;18,9;22,6;21,5;19;18,3;84;79;80;89;2,4;,9;
2007-05-18;16:00;0;971,3;972,5;971,3;1634;24,1;19;24,3;22,5;19,5;18,6;80;73;73;140;2,8;,7;
2007-05-18;17:00;0;970,3;971,3;970,3;2072,8;25,6;18,9;26,2;23,9;19,9;18,8;75;66;67;162;2,9;,5;
2007-05-18;18:00;0;969,6;970,3;969,6;1958;27;19,7;27;25,3;20;18,9;69;64;64;257;3,3;1,1;
2007-05-18;19:00;0;969,1;969,6;969,1;1424,6;28;19,2;28;26,2;20,1;19,2;69;59;59;258;2,7;,6;
2007-05-18;20:00;0;969,6;969,6;968,9;358,4;22,3;19,3;28;22,3;20,2;18,7;83;59;83;180;9,5;2,3;
2007-05-18;21:00;,8;969,6;969,7;969,5;60,9;21,9;20,2;22,3;21,4;20,4;19,2;92;83;90;242;6,5;2,2;
2007-05-18;22:00;,2;970,6;970,6;969,5;-9999;22;20,5;22,1;21,9;20,6;20,1;92;89;91;248;4,9;2,2;
2007-05-18;23:00;0;971,5;971,5;970,6;-9999;20,8;19,1;22;20,8;20,5;19;91;89;90;214;5,3;1,7;
2007-05-19;00:00;1,8;972,6;972,6;971,5;-9999;19,5;18,4;20,8;19,5;19,2;18,4;94;90;93;210;5,8;1,7;
2007-05-19;01:00;,2;972,7;972,8;972,6;-9999;18,7;17,5;19,5;18,7;18,4;17,5;94;92;93;179;5,6;1,7;
2007-05-19;02:00;0;973;973;972,6;-9999;18,7;17,4;18,7;18,6;17,6;17,4;94;92;93;223;4;1,2;
2007-05-19;03:00;4,6;973,2;973,3;972,9;-9999;18,3;17,4;18,7;18,3;17,6;17,3;95;92;95;223;5,1;1,4;
2007-05-19;04:00;,8;972,9;973,3;972,9;-9999;18,1;17,3;18,3;18,1;17,5;17,3;96;95;95;181;4,9;2,1;
2007-05-19;05:00;,2;972,6;973;972,5;-9999;17,6;16,8;18,1;17,6;17,4;16,7;96;94;95;171;5,4;1,7;
2007-05-19;06:00;2;972,1;972,8;972,1;-9999;17,4;16,6;17,6;17,4;17;16,6;96;94;95;152;4;1,1;
2007-05-19;07:00;,2;971,6;972,2;971,6;-9999;17,3;16,5;17,5;17,3;16,8;16,5;96;95;95;202;3,6;1,1;
2007-05-19;08:00;0;971,3;971,6;971,3;1,1;17;16,3;17,3;17;16,6;16,3;96;95;96;163;3,5;1,5;
2007-05-19;09:00;0;971,5;971,7;971,2;-9999;17;16,1;17;16,9;16,4;16,1;96;94;94;159;3,2;,3;
2007-05-19;10:00;0;972;972,1;971,5;-9999;16,9;16;17;16,9;16,2;16;95;94;94;183;2,5;,9;
2007-05-19;11:00;0;973,3;973,3;972;32,9;17;15,9;17;16,8;16,1;15,9;95;93;93;220;3,3;,9;
2007-05-19;12:00;0;973,5;973,6;973,3;355,6;17,1;15,7;17,1;16,6;16;15,3;94;90;91;228;3,8;1,3;
2007-05-19;13:00;0;974;974;973,5;793,5;17,9;15,4;18,1;17,1;16;15,3;92;85;85;257;4,1;,2;
2007-05-19;14:00;0;973,5;974;973,5;1810,6;19,5;15,8;20;17,9;17,1;15,5;87;79;80;33;3;,5;
2007-05-19;15:00;0;972,9;973,5;972,9;1575,6;21,2;17,2;21,2;19,5;17,3;15,8;83;76;78;92;2,7;,8;
2007-05-19;16:00;0;971,9;972,9;971,9;2023,3;22,2;17,4;22,6;20,7;18,1;16,4;82;71;74;142;3,1;,8;
2007-05-19;17:00;0;970,7;971,9;970,7;1803,7;23;18;23;21,9;18,5;17,1;77;72;74;103;3,4;1,5;
2007-05-19;18:00;0;970,3;970,7;970,1;1647,9;22,6;18;23,6;22,5;18,9;17,4;78;71;75;56;4,8;1,9;
2007-05-19;19:00;0;970;970,3;970;1196,6;22,5;17,9;23,3;22,2;18,7;17,7;78;73;76;66;4,8;3,1;
2007-05-19;20:00;0;969,7;970;969,7;890,8;21,9;17,7;22,7;21,8;18,2;17,5;78;74;77;63;4,9;1,9;
2007-05-19;21:00;0;970,2;970,2;969,7;226,2;21;18;21,9;21;18,1;17,6;83;77;83;77;3,8;2;
2007-05-19;22:00;0;970,3;970,3;970,2;-9999;20,1;17,9;21;20,1;18;17,8;88;82;87;63;3,7;2,1;
2007-05-19;23:00;0;970,7;970,7;970,3;-9999;19,9;17,9;20,1;19,7;18;17,8;90;87;89;111;3,3;,6;
2007-05-20;00:00;0;970,8;970,8;970,6;-9999;19,1;17,8;19,9;19,1;18;17,8;92;88;92;30;1,7;,6;
2007-05-20;01:00;0;971,1;971,2;970,8;-9999;18,6;17,7;19,4;18,6;18,1;17,7;95;92;95;19;1,7;0;
2007-05-20;02:00;0;971,3;971,4;971,1;-9999;18,7;18;18,7;18,4;18;17,6;96;95;96;83;,7;0;
2007-05-20;03:00;0;971,2;971,5;971,2;-9999;18,2;17,5;18,7;18,2;18;17,5;96;95;96;333;1,2;,1;
2007-05-20;04:00;0;971,3;971,5;971,1;-9999;18,4;17,7;18,6;18,1;18;17,4;97;96;96;268;1,6;0;
2007-05-20;05:00;0;970,9;971,3;970,8;-9999;18,3;17,8;18,4;18;17,8;17,5;97;96;97;156;1;,2;
2007-05-20;06:00;0;970,6;971;970,6;-9999;18,2;17,7;18,4;18;17,9;17,4;97;97;97;70;1,2;0;
2007-05-20;07:00;0;970,3;970,6;970,3;0;18,6;17,9;18,6;18,2;18,1;17,7;97;96;96;114;1,4;,2;
2007-05-20;08:00;0;970,2;970,3;970,1;-9999;18,4;17,7;18,6;18,3;17,9;17,7;96;96;96;85;2,3;1,3;
2007-05-20;09:00;0;970,2;970,3;970,1;-9999;18,6;17,9;18,6;18,3;17,9;17,7;96;96;96;116;2,7;1,2;
2007-05-20;10:00;0;970,6;970,6;970,2;-9999;18,9;18,1;18,9;18,5;18,2;17,9;96;95;96;126;2,6;1;
2007-05-20;11:00;0;971,1;971,1;970,6;66,8;19,3;18,6;19,3;18,8;18,6;18,2;97;96;96;103;2,9;1,6;
2007-05-20;12:00;0;971,5;971,5;971,1;286,6;20,2;19,2;20,2;19,3;19,3;18,6;96;94;94;78;4;1,9;
2007-05-20;13:00;0;971,6;971,7;971,5;906,3;22;19,3;22,2;20,2;19,9;19,1;95;84;84;59;7,1;4,1;
2007-05-20;14:00;0;971,6;971,8;971,5;982,7;23,1;19,3;23,2;21,9;19,7;18,7;85;78;79;57;7,7;4;
2007-05-20;15:00;0;970,7;971,6;970,7;1369,8;24,5;19,8;24,5;23,1;19,8;18,8;80;74;75;68;8,3;3,9;
2007-05-20;16:00;0;969,8;970,7;969,8;1866,9;25,6;19,1;25,6;24,3;20,4;18,7;76;67;68;48;6,4;2,9;
2007-05-20;17:00;0;968,5;969,9;968,5;1565;27,6;19,3;27,6;25,5;20,1;18,9;69;61;61;48;6,7;3;
2007-05-20;18:00;0;967,5;968,5;967,5;1537,4;27,5;19,4;27,7;26,5;19,8;18,6;65;58;61;31;5,9;1,6;
2007-05-20;19:00;0;967;967,5;967;744,1;27,5;19,9;27,7;26,9;19,9;18,5;64;59;63;329;4,3;,7;
2007-05-20;20:00;0;966,7;967;966,6;501,4;26,4;19,9;28,1;26,4;20,1;18,7;68;58;67;332;3,5;0;
2007-05-20;21:00;0;966,7;966,8;966,6;163,2;25,1;21,7;26,4;25,1;21,7;19,7;81;67;81;259;1,2;0;
2007-05-20;22:00;0;966,9;966,9;966,6;-9999;23,2;21,3;25,1;23,2;21,9;21,1;89;81;89;281;1,3;,7;
2007-05-20;23:00;0;967,2;967,2;966,9;-9999;22;20,7;23,1;22;21,3;20,7;93;89;92;298;1,3;0;
2007-05-21;00:00;0;967,5;967,5;967,2;-9999;20,3;19,1;22;20,3;20,6;19,1;94;92;93;273;0;0;
2007-05-21;01:00;0;967,9;967,9;967,5;-9999;20;19,2;20,3;19,7;19,5;18,9;96;93;95;264;1,5;1;
2007-05-21;02:00;0;968;968;967,6;-9999;20,2;19,1;20,2;19,9;19,4;19;95;94;94;258;3,2;2,3;
2007-05-21;03:00;0;967,6;968;967,6;-9999;20,2;19;20,2;19,7;19,1;18,8;95;93;93;251;3,2;1,1;
2007-05-21;04:00;0;967,2;967,6;966,9;-9999;19,5;18,6;20,2;19,1;19;18,1;95;92;95;256;3,2;1,6;
2007-05-21;05:00;0;967;967,2;967;-9999;19,4;18,4;19,6;19;18,7;18,1;96;94;94;295;2,2;,3;
2007-05-21;06:00;0;966,7;967;966,7;-9999;18,8;18;19,4;18,8;18,4;18;96;94;95;292;1,4;,6;
2007-05-21;07:00;0;966,4;966,7;966,4;-9999;18,8;18,1;19,2;18,8;18,5;18;96;95;95;170;1,5;0;
2007-05-21;08:00;0;966,1;966,4;966;-9999;18,6;18,1;18,8;18,6;18,2;18;97;95;97;310;,5;0;
2007-05-21;09:00;0;966,2;966,2;966,1;-9999;18,1;17,6;18,8;18,1;18,2;17,5;97;96;97;338;1,2;,1;
2007-05-21;10:00;0;966,7;966,7;966,2;-9999;18,5;18;18,7;18,1;18,2;17,7;97;97;97;14;,9;0;
2007-05-21;11:00;0;967,2;967,3;966,7;126,5;19,2;18,6;19,2;18,3;18,6;17,8;97;96;96;136;1,3;0;
2007-05-21;12:00;0;968;968;967,2;496,1;21;19,7;21;19,2;19,7;18,6;96;92;92;299;1,5;0;
2007-05-21;13:00;0;968,2;968,2;967,9;874,5;23,5;20,4;23,5;21;20,7;19,5;92;83;83;4;2;,4;
2007-05-21;14:00;0;967,9;968,4;967,9;1364,7;25,9;20,8;26;23;21,3;20;86;72;74;359;4,2;2;
2007-05-21;15:00;0;967,4;967,9;967,3;2335,4;28,4;19;28,7;25,9;21,8;19;76;57;57;307;7,7;3,5;
2007-05-21;16:00;0;966,5;967,4;966,5;2012,5;28,1;19,3;29,3;27,9;20,5;18,6;62;54;59;323;7,8;2,8;
2007-05-21;17:00;0;965,7;966,5;965,7;1098,7;27,1;18,9;28,3;27,1;19,9;18,1;62;57;61;301;7,4;3,3;
2007-05-21;18:00;,2;965,8;965,8;965,6;288,9;24;20,6;27,1;24;20,6;18,2;81;60;81;302;7,4;2,2;
2007-05-21;19:00;0;965,4;965,8;965,2;289,5;23,8;21,2;24,1;23,8;21,2;20,3;85;79;85;293;3,3;,8;
2007-05-21;20:00;0;965,1;965,4;965,1;175,3;23,4;21,2;23,9;23,4;21,2;20,4;88;81;87;276;3,1;,8;
2007-05-21;21:00;0;965,3;965,3;965,1;70,1;22,9;21,2;23,5;22,8;21,3;21,1;91;87;90;265;1,7;1,1;
2007-05-21;22:00;,2;965,6;965,7;965,2;-9999;22,2;21;22,9;22,2;21,2;20,9;93;89;93;359;2,4;0;
2007-05-21;23:00;,2;966;966;965,5;-9999;22;20,9;22,2;21,7;21,1;20,7;95;92;93;274;2,1;1;
2007-05-22;00:00;3,2;966,5;966,8;966;-9999;21,7;20,5;22,2;21,5;20,9;20,4;95;90;93;281;4;1,7;
2007-05-22;01:00;12,4;965,8;967,1;965,8;-9999;21;20,2;21,7;20,5;20,4;19,4;96;92;95;348;13,8;1,6;
2007-05-22;02:00;0;965,9;966;965,6;-9999;21;20,2;21,1;20,9;20,4;20,1;96;95;95;330;3,2;,6;
2007-05-22;03:00;0;965,8;966,5;965,8;-9999;21,1;20,2;21,2;20,9;20,3;20,1;96;95;95;347;4,4;1,9;
2007-05-22;04:00;1,2;965,9;966,2;965,5;,3;21,3;19;21,6;21,1;20,3;19;95;86;86;335;8,2;3,2;
2007-05-22;05:00;0;965,5;965,9;965,4;5,6;20,4;18,1;21,4;20,4;18,9;17,9;87;84;87;326;8,2;1,7;
2007-05-22;06:00;0;965,5;965,7;965,4;-9999;19,7;18,5;20,7;19,7;18,8;18,1;93;87;93;266;4,4;2,2;
2007-05-22;07:00;0;965,2;965,6;965,2;-9999;19,2;17,9;20,4;19,2;18,8;17,9;93;90;92;330;3,2;,8;
2007-05-22;08:00;0;965,6;965,6;965,2;-9999;18,4;17,7;19,2;18,4;18,5;17,7;96;92;96;44;1,6;0;
2007-05-22;09:00;0;965,8;965,8;965,6;-9999;17,8;17,3;18,4;17,8;17,9;17,3;97;96;97;350;1,1;,6;
2007-05-22;10:00;0;966,2;966,3;965,8;-9999;17,8;17,4;17,9;17,6;17,5;17,1;97;97;97;322;1,1;,1;
2007-05-22;11:00;0;966,5;966,5;966,2;103,4;18,5;18,1;18,5;17,6;18,1;17,2;97;97;97;108;1,3;0;
2007-05-22;12:00;0;967,2;967,3;966,5;514,3;20,1;18,8;20,3;18,3;19,3;17,8;97;92;92;44;2;,7;
2007-05-22;13:00;0;967,4;967,5;967,2;861,2;21,8;19,5;22,2;20,1;20,4;18,8;93;85;87;343;2,6;1;
2007-05-22;14:00;0;967,5;967,5;967,3;1048,3;23,1;19,4;23,3;21,8;20,3;19,3;87;80;80;345;3,7;1,6;
2007-05-22;15:00;0;966,1;967,5;966;1100,4;24;19,5;24,3;23;20,4;19,2;83;75;76;12;4;1,5;
2007-05-22;16:00;0;965,3;966,1;965,3;392,8;23,3;19;24,3;23,3;20;18,8;78;74;77;349;3,8;1,3;
2007-05-22;17:00;,6;964,6;965,8;964,5;153,8;20,3;18,7;23,3;20,3;19,2;18,7;91;77;90;338;6,6;2,5;
2007-05-22;18:00;3,4;964,6;964,6;964;124,3;19,8;18,9;20,3;19,7;18,9;18,6;95;90;94;354;5,8;,7;
2007-05-22;19:00;11,6;964,4;965,8;964,4;29;18,9;18,2;19,8;18,9;18,8;17,5;96;88;96;256;6,2;1,4;
2007-05-22;20:00;,8;964,2;964,7;963,3;83,6;19;18,3;19;18,8;18,4;18,1;96;96;96;54;5,3;2,7;
2007-05-22;21:00;,2;964,4;964,6;963,5;81,5;18,8;18,2;19;18,8;18,4;18,2;97;96;96;353;5,3;,1;
2007-05-22;22:00;0;965,1;965,2;964,1;-9999;18,8;18,2;18,9;18,7;18,3;18,1;97;96;96;306;2,2;,9;
2007-05-22;23:00;,2;965,2;965,4;965;-9999;18,7;18,2;18,9;18,7;18,3;18,2;97;96;97;111;2,6;,1;
2007-05-23;00:00;2,8;966;966,5;965,2;-9999;18,9;18,4;18,9;18,7;18,4;18,2;97;97;97;228;3,3;1,4;
2007-05-23;01:00;1,8;966,8;966,9;965,7;-9999;18,9;18,5;19;18,8;18,5;18,3;97;97;97;315;2,6;0;
2007-05-23;02:00;1,2;967,2;967,2;966,7;-9999;19;18,6;19,1;18,9;18,6;18,5;97;97;97;196;1,2;0;
2007-05-23;03:00;,8;967,6;967,6;967,2;-9999;18,6;17,7;19,1;18,6;18,6;17,6;97;94;95;212;6,4;1,3;
2007-05-23;04:00;1,8;967,8;967,8;967,4;-9999;18;16,8;18,6;18;17,7;16,8;95;92;93;214;6,9;2,8;
2007-05-23;05:00;,2;967,7;968,1;967,6;-9999;17,3;16,2;18;17,3;16,8;16,1;93;91;93;218;8,1;1,5;
2007-05-23;06:00;0;967,8;967,9;967,5;-9999;17,1;15,3;17,4;17,1;16,2;15,3;93;89;89;208;6,8;1,7;
2007-05-23;07:00;0;968,6;968,6;967,7;1,5;16,8;15,1;17,1;16,8;15,3;15,1;90;89;90;231;6,8;2,1;
2007-05-23;08:00;0;968,6;969,1;968,5;-9999;16,1;14,3;16,8;16,1;15,3;14,3;92;89;89;224;6,9;2,9;
2007-05-23;09:00;0;969,6;970,1;968,6;-9999;15,8;13,7;16,1;15,8;14,3;13,6;90;87;87;229;7,6;2,6;
2007-05-23;10:00;0;970,8;970,8;969,5;-9999;15,3;13,4;15,8;15,3;13,7;13,2;89;86;88;231;6,6;1,8;
2007-05-23;11:00;,2;971,3;971,3;970,5;33,2;15,1;12,9;15,3;15,1;13,6;12,9;90;87;87;217;6,7;2,8;
2007-05-23;12:00;0;972,6;972,6;971,3;345,7;15;12,3;15,2;14,9;12,9;12,1;87;83;84;215;7,4;2,6;
2007-05-23;13:00;0;973,2;973,2;972,4;529,1;15,4;12,3;15,4;14,7;12,6;11,9;86;81;82;221;7;2,3;
2007-05-23;14:00;0;973,7;973,9;973,1;1469,3;15,9;11;16,2;15,3;12,2;9,9;82;67;73;188;7,7;2,3;
2007-05-23;15:00;0;973,3;973,7;973,2;1698;15,6;9,9;16;15,2;11,2;9,4;74;66;69;185;8,6;3,1;
2007-05-23;16:00;0;972,4;973,3;972,4;2122,1;16,4;9,7;16,9;15,5;10,6;8,7;72;61;64;209;9,4;3,3;
2007-05-23;17:00;0;971,7;972,4;971,7;2206;17,8;8,6;18,1;16,4;10,8;8,6;67;55;55;225;8,3;3,9;
2007-05-23;18:00;0;971,7;971,8;971,7;1848,6;17,6;8,4;18,5;17,5;10,1;7,5;59;51;55;185;9,5;3,3;
2007-05-23;19:00;0;971,8;971,9;971,7;1391,6;17,6;8,5;18;17,3;9,5;8,1;59;54;55;197;9;2,7;
2007-05-23;20:00;0;972,1;972,1;971,7;981,8;17,4;7,5;18;17,3;9,2;6,8;59;50;52;210;8;2,2;
2007-05-23;21:00;0;972,9;973;972,1;291,4;15;7,8;17,4;15;7,9;6,7;62;50;62;233;8,3;1,1;
2007-05-23;22:00;0;973,8;973,8;972,9;-9999;13,1;8,5;15;13,1;8,5;7,7;74;62;74;246;4;1,5;
2007-05-23;23:00;0;974,3;974,4;973,8;-9999;12,3;7,8;13;12,3;8,8;7,7;79;73;74;247;5,2;2,3;
2007-05-24;00:00;0;975,1;975,1;974,3;-9999;11,5;7,7;12,3;11,4;7,9;7,6;79;74;77;230;5,5;2;
2007-05-24;01:00;0;975,7;975,7;975;-9999;11;7,6;11,6;11;7,6;7,5;79;76;79;239;4,8;1,7;
2007-05-24;02:00;0;975,9;975,9;975,6;-9999;10,5;7,5;11;10,5;7,6;7,5;82;79;82;228;4,1;1,7;
2007-05-24;03:00;0;975,9;976;975,8;-9999;10,2;7,5;10,5;10,1;7,7;7,5;84;82;83;240;4,4;2,1;
2007-05-24;04:00;0;976;976;975,8;-9999;10,1;7,3;10,2;10,1;7,6;7,3;84;83;83;225;4,4;1,7;
2007-05-24;05:00;0;975,7;976,1;975,7;-9999;9,4;7;10,1;9,4;7,3;7;85;83;85;113;4,2;,5;
2007-05-24;06:00;-9999;-9999;-9999;-9999;-9999;-9999;-9999;-9999;-9999;-9999;-9999;-9999;-9999;-9999;-9999;-9999;-9999;
2007-05-24;07:00;-9999;-9999;-9999;-9999;-9999;-9999;-9999;-9999;-9999;-9999;-9999;-9999;-9999;-9999;-9999;-9999;-9999;
2007-05-24;08:00;-9999;-9999;-9999;-9999;-9999;-9999;-9999;-9999;-9999;-9999;-9999;-9999;-9999;-9999;-9999;-9999;-9999;
2007-05-24;09:00;0;976;976;975,5;-9999;8;6,5;8,5;7,5;6,7;6,2;92;88;90;328;2,6;,2;
2007-05-24;10:00;0;976,5;976,5;976;-9999;7,9;6,2;8;7,6;6,4;6,2;91;89;89;236;2,4;,7;
2007-05-24;11:00;0;977,4;977,4;976,5;175,4;9;7,2;9;7,7;7,2;6,1;90;88;89;245;2,2;,1;
2007-05-24;12:00;-9999;-9999;-9999;-9999;-9999;-9999;-9999;-9999;-9999;-9999;-9999;-9999;-9999;-9999;-9999;-9999;-9999;
2007-05-24;13:00;-9999;-9999;-9999;-9999;-9999;-9999;-9999;-9999;-9999;-9999;-9999;-9999;-9999;-9999;-9999;-9999;-9999;
2007-05-24;14:00;0;978,6;978,6;978,4;1891;13,6;7,6;13,6;12,1;8,1;6,6;73;64;67;161;7;3,3;
2007-05-24;15:00;0;978;978,6;978;2406,2;14,2;6,3;14,5;13,4;7,5;5,8;67;56;59;165;6,9;2,8;
2007-05-24;16:00;0;977,2;978;977,2;2554,9;15,8;7,9;15,9;14,2;8;5,4;62;55;59;164;6,7;2,4;
2007-05-24;17:00;0;976,2;977,2;976,2;2346,6;15,7;6,9;16,2;14,7;7,9;6;62;53;56;155;6,3;2,2;
2007-05-24;18:00;0;975,6;976,2;975,6;2167,3;16,7;7,2;16,8;15,6;7,8;6,2;59;50;53;204;5,9;2,4;
2007-05-24;19:00;0;975,1;975,6;975,1;1761,9;17,1;6,4;17,5;16,6;7,4;5,7;54;48;49;177;7,2;2,3;
2007-05-24;20:00;0;975,1;975,2;975;1076,8;16,6;6,3;17,3;16,5;7,5;5,7;54;48;51;177;5,4;1,9;
2007-05-24;21:00;0;975,3;975,3;975,1;313,2;14,3;7,4;16,7;14,3;7,6;6,3;64;51;63;156;5,1;1;
2007-05-24;22:00;0;975,3;975,4;975,2;-9999;12,2;8,2;14,3;12,2;8,5;7,4;77;63;76;171;2,7;,1;
2007-05-24;23:00;0;975,7;975,8;975,3;-9999;11,3;8;12,2;11,3;8,4;7,9;80;76;80;187;2,4;,3;
2007-05-25;00:00;0;976,5;976,5;975,7;-9999;9,1;7,4;11,3;8,9;8,1;7,1;89;79;89;274;1,7;,8;
2007-05-25;01:00;0;976,7;976,7;976,4;-9999;8,1;6,9;9,6;8,1;7,6;6,7;92;86;92;230;2,3;,1;
2007-05-25;02:00;0;976,6;976,7;976,5;-9999;9,5;6,8;9,5;8;7,1;6,5;92;83;83;229;2,4;,3;
2007-05-25;03:00;0;976,3;976,6;976,3;-9999;8,9;6,6;9,6;8;7;6;89;82;86;210;2,1;,4;
2007-05-25;04:00;0;976,1;976,3;976;-9999;7,6;5,6;9,1;7,6;6,7;5,6;87;83;87;13;2,9;0;
2007-05-25;05:00;0;975,8;976,2;975,8;-9999;8,3;5,7;8,3;7,2;6,1;5,5;90;84;84;165;2,1;,5;
2007-05-25;06:00;0;975,4;975,9;975,3;-9999;7,5;5,5;8,2;7,5;5,9;5,5;89;84;87;168;2,3;,5;
2007-05-25;07:00;0;975;975,4;975;-9999;7,1;5,6;7,7;7,1;5,8;5,3;90;86;90;178;2,1;,4;
2007-05-25;08:00;0;975;975,1;974,9;-9999;5,2;4,6;7,1;5,1;5,7;4,3;96;90;96;138;1,7;0;
2007-05-25;09:00;-9999;-9999;-9999;-9999;-9999;-9999;-9999;-9999;-9999;-9999;-9999;-9999;-9999;-9999;-9999;-9999;-9999;
2007-05-25;10:00;-9999;-9999;-9999;-9999;-9999;-9999;-9999;-9999;-9999;-9999;-9999;-9999;-9999;-9999;-9999;-9999;-9999;
2007-05-25;11:00;-9999;-9999;-9999;-9999;-9999;-9999;-9999;-9999;-9999;-9999;-9999;-9999;-9999;-9999;-9999;-9999;-9999;
2007-05-25;12:00;-9999;-9999;-9999;-9999;-9999;-9999;-9999;-9999;-9999;-9999;-9999;-9999;-9999;-9999;-9999;-9999;-9999;
2007-05-25;13:00;-9999;-9999;-9999;-9999;-9999;-9999;-9999;-9999;-9999;-9999;-9999;-9999;-9999;-9999;-9999;-9999;-9999;
2007-05-25;14:00;-9999;-9999;-9999;-9999;-9999;-9999;-9999;-9999;-9999;-9999;-9999;-9999;-9999;-9999;-9999;-9999;-9999;
2007-05-25;15:00;-9999;-9999;-9999;-9999;-9999;-9999;-9999;-9999;-9999;-9999;-9999;-9999;-9999;-9999;-9999;-9999;-9999;
2007-05-25;16:00;0;974,2;975,5;974,2;2561,8;16,8;7;17,2;15,8;8,4;5,8;59;49;52;101;8,5;2,8;
2007-05-25;17:00;0;972,9;974,2;972,9;2446,2;18,3;8,9;18,3;16,6;9,3;6,5;58;50;54;87;6;2,7;
2007-05-25;18:00;0;971,8;972,9;971,8;2277,4;19,1;7,4;19,4;17,8;9,5;6,7;57;44;47;67;6,9;3,3;
2007-05-25;19:00;0;971,2;971,9;971,2;1758,8;19,5;7,2;19,9;19,1;8,6;6,6;50;43;45;102;6,5;2,8;
2007-05-25;20:00;0;971,3;971,3;971;1101,7;19,6;7;20;19,5;7,7;5,7;46;40;44;92;5,8;2;
2007-05-25;21:00;0;971,3;971,3;970,8;346,8;17,6;8,4;19,6;17,6;8,7;6,1;55;42;55;112;4,1;1,2;
2007-05-25;22:00;0;971,1;971,3;971;-9999;14,2;9,4;17,6;14,2;9,4;8,4;73;55;73;101;2,4;,6;
2007-05-25;23:00;0;971,4;971,5;971;-9999;12,2;9,1;14,4;12,2;9,7;9;82;71;82;144;1,6;,2;
2007-05-26;00:00;0;971,9;971,9;971,4;-9999;10;8,2;12,1;9,9;9;8;89;80;89;150;1,2;0;
2007-05-26;01:00;0;971,8;972;971,7;-9999;8,1;6,9;10;8,1;8,2;6,9;94;88;92;316;,6;0;
2007-05-26;02:00;0;971,9;972;971,7;-9999;8,1;7,4;8,5;7,6;7,5;6,6;95;92;95;220;,2;0;
2007-05-26;03:00;0;971,7;971,9;971,6;-9999;6,8;6;8,2;6,7;7,5;5,7;96;93;95;280;1;,2;
2007-05-26;04:00;0;971,6;971,8;971,6;-9999;7,2;6,4;7,3;6,8;6,5;6;95;94;95;221;1,7;0;
2007-05-26;05:00;0;971,2;971,7;971,2;-9999;7;6;7,2;6,8;6,4;5,9;96;93;93;268;2,7;1;
2007-05-26;06:00;0;970,6;971,2;970,6;-9999;6;5,5;7;6;6,1;5,4;97;93;97;69;1,8;0;
2007-05-26;07:00;-9999;-9999;-9999;-9999;-9999;-9999;-9999;-9999;-9999;-9999;-9999;-9999;-9999;-9999;-9999;-9999;-9999;
2007-05-26;08:00;-9999;-9999;-9999;-9999;-9999;-9999;-9999;-9999;-9999;-9999;-9999;-9999;-9999;-9999;-9999;-9999;-9999;
2007-05-26;09:00;0;970,6;970,6;970,3;-9999;5,5;4,9;6;5,5;5,5;4,9;97;95;96;267;2,7;1,7;
2007-05-26;10:00;0;971;971;970,6;-9999;5,7;5,1;5,8;5,3;5,3;4,8;97;95;96;259;2,2;1,2;
2007-05-26;11:00;0;971,8;971,8;971;186,6;7;6,1;7;5,5;6,1;4,8;96;94;94;271;2,6;1,4;
2007-05-26;12:00;-9999;-9999;-9999;-9999;-9999;-9999;-9999;-9999;-9999;-9999;-9999;-9999;-9999;-9999;-9999;-9999;-9999;
2007-05-26;13:00;-9999;-9999;-9999;-9999;-9999;-9999;-9999;-9999;-9999;-9999;-9999;-9999;-9999;-9999;-9999;-9999;-9999;
2007-05-26;14:00;0;972,2;972,6;972,2;1652,9;17,2;10,3;17,2;14,2;10,3;7,6;71;61;64;95;4;2;
2007-05-26;15:00;0;971,6;972,2;971,6;1950,2;18,5;11;18,5;16,9;11;8,3;65;56;62;96;4,7;1,6;
2007-05-26;16:00;0;970;971,6;970;1750,3;19,8;10,7;19,9;18,2;11,3;9,4;62;53;56;83;5,3;1,7;
2007-05-26;17:00;0;969;970;969;1950,7;21,7;10;21,7;19,8;11;9,4;57;47;48;124;4,1;1,2;
2007-05-26;18:00;0;968,4;969;968,4;1286,6;22,4;11,1;22,4;21,5;11,3;9,6;51;46;49;167;3,5;,8;
2007-05-26;19:00;0;967,7;968,4;967,7;785,6;22,1;10,9;22,7;22;11,6;10,2;52;46;49;119;3,4;1,7;
2007-05-26;20:00;0;967,8;967,8;967,6;510,6;21,6;11,5;22,2;21,6;12;10,6;53;48;52;131;3,5;1,3;
2007-05-26;21:00;0;968,5;968,5;967,8;49,6;20,7;11,6;21,6;20,7;12,3;11,4;58;52;56;121;3,5;1,9;
2007-05-26;22:00;0;969;969;968,4;-9999;19,2;11,5;20,7;19,2;11,9;11,4;62;56;61;115;6;2,9;
2007-05-26;23:00;0;969,4;969,4;968,9;-9999;18,2;11,3;19,2;18,2;11,8;11,2;65;61;64;115;5;1,9;
2007-05-27;00:00;0;969,8;970;969,4;-9999;18;10,9;18,2;17,9;11,4;10,9;65;63;63;123;4,2;1,6;
2007-05-27;01:00;0;970,1;970,1;969,8;-9999;17,3;11,5;18;17,3;11,5;10,8;69;63;69;109;3,2;,8;
2007-05-27;02:00;0;970,1;970,3;970;-9999;16,5;12,9;17,3;16,5;13,3;11,2;81;68;79;119;1,7;0;
2007-05-27;03:00;0;970;970,3;970;-9999;15,9;13,1;16,5;15,9;13,3;11,9;84;74;84;267;1,3;,6;
2007-05-27;04:00;0;969,9;970,2;969,9;-9999;16,4;11,9;16,5;15,8;13,3;11,9;85;75;75;228;1,3;,3;
2007-05-27;05:00;0;969,8;969,9;969,7;-9999;16,6;11,9;16,6;15,7;13,5;11,8;87;73;74;221;1,7;,3;
2007-05-27;06:00;0;969,6;969,8;969,6;-9999;16,3;12,2;16,6;16,3;12,3;11,8;77;73;77;227;1,8;,5;
2007-05-27;07:00;,2;968,9;969,6;968,9;-9999;15,1;13,4;16,4;15,1;13,4;11,9;90;74;89;354;1,8;0;
2007-05-27;08:00;,4;969,4;969,5;968,8;-9999;14,9;13,9;15,2;14,9;14,1;13,5;94;89;94;268;1,7;1;
2007-05-27;09:00;,4;969,4;969,6;969,1;-9999;14,8;13,3;14,9;14,7;14;13,2;95;89;91;229;1,9;,6;
2007-05-27;10:00;0;970,1;970,1;969,3;-9999;14,6;13,5;14,8;14,6;13,6;13,3;94;91;93;293;1,4;0;
2007-05-27;11:00;0;970,5;970,6;970,1;30,1;14,9;14;14,9;14,6;14;13,5;96;93;95;272;1,4;0;
2007-05-27;12:00;0;971;971;970,5;480,8;16,4;13,2;16,4;14,8;14,2;12,9;95;80;81;214;2;,6;
2007-05-27;13:00;0;971,5;971,5;971;997,3;19,1;14,2;19,1;16,4;14,3;12,9;82;71;73;220;2;,6;
2007-05-27;14:00;0;971,5;971,6;971,4;1306,8;19,7;13,9;19,8;18,6;14,2;12,4;73;65;69;268;3,1;1;
2007-05-27;15:00;0;970,9;971,5;970,9;1368,3;21,6;13,2;21,7;19,6;14,7;12,9;70;57;59;293;4,1;2;
2007-05-27;16:00;0;970,1;970,9;970,1;1701,3;24,2;13,3;24,4;21,5;14,8;12,5;61;50;51;304;4,1;1,3;
2007-05-27;17:00;0;969,3;970,1;969,3;2113,2;24,7;12,5;24,7;23,7;14;11,3;54;43;47;288;5,3;2,7;
2007-05-27;18:00;0;968,8;969,4;968,8;1708;25,3;12,3;25,3;24,2;13,1;11,6;48;43;45;290;6,8;3,9;
2007-05-27;19:00;0;968,8;968,9;968,7;1494;24,5;11,3;25,6;24,5;12,9;10,8;47;41;44;276;6,8;3,3;
2007-05-27;20:00;0;969;969;968,8;912,3;24,1;12,8;25,2;24,1;12,9;11,2;49;43;49;274;5,1;2,5;
2007-05-27;21:00;0;969,5;969,5;969;349,4;20,6;13,8;24,1;20,6;13,9;12,4;65;48;65;270;4,7;1,6;
2007-05-27;22:00;0;970,1;970,1;969,5;-9999;18,7;12,5;20,6;18,7;14,1;12,3;72;62;67;258;3,9;2,7;
2007-05-27;23:00;0;970,7;970,8;970,1;-9999;15,6;12,4;18,7;15,4;12,9;12,4;83;67;81;262;4,4;3,1;
2007-05-28;00:00;0;971,3;971,3;970,7;-9999;17,5;10,5;17,5;14,6;12,3;10,5;83;64;64;242;5,6;3,1;
2007-05-28;01:00;0;971,8;971,8;971,3;-9999;15,1;10,5;17,5;14,2;10,8;10,3;80;63;74;240;5;1,9;
2007-05-28;02:00;0;972;972;971,8;-9999;12,9;10,4;15,1;12,5;10,7;10,2;88;74;85;279;3,5;1,6;
2007-05-28;03:00;0;972,1;972,2;972;-9999;11,8;10;13,2;11,8;10,4;9,9;89;82;88;285;2,3;1;
2007-05-28;04:00;0;971,9;972,1;971,9;-9999;11,6;9,9;12,3;11,4;10,1;9,7;90;86;89;251;2,4;,1;
2007-05-28;05:00;0;971,8;972;971,8;-9999;10,6;9,4;12,1;10,5;10;9,1;93;87;92;320;1,5;,3;
2007-05-28;06:00;0;971,2;971,8;971,2;-9999;10,8;9,3;11,3;10,1;9,9;8,9;94;89;90;258;2;1,4;
2007-05-28;07:00;0;971,1;971,2;971;-9999;10,3;8,7;12,1;10,3;10,1;8,7;92;86;90;267;2,9;1,4;
2007-05-28;08:00;0;971,4;971,4;971,1;-9999;9,8;8,6;10,3;9,7;9;8,6;94;90;92;276;2,4;1,6;
2007-05-28;09:00;0;971,9;971,9;971,4;-9999;10,1;8,7;10,7;9,7;9,3;8,5;94;90;91;255;3,3;2,2;
2007-05-28;10:00;0;972,5;972,5;971,9;-9999;9,1;8;10,2;9,1;8,8;8;93;91;93;267;3,2;2,5;
2007-05-28;11:00;0;973;973;972,5;90,5;10,8;9;11,3;8,9;9,3;8;94;87;89;263;3,2;2,1;
2007-05-28;12:00;-9999;-9999;-9999;-9999;-9999;-9999;-9999;-9999;-9999;-9999;-9999;-9999;-9999;-9999;-9999;-9999;-9999;
2007-05-28;13:00;0;973,4;973,6;973,4;1576,5;17,5;12;17,5;15,1;12;10,4;75;68;70;158;4,6;1,7;
2007-05-28;14:00;0;973,4;973,6;973,3;2114,7;18,8;12;18,9;17,4;12,8;11,5;71;63;65;121;4;1,9;
2007-05-28;15:00;0;973;973,4;972,9;2438;20;11,4;20,3;18,7;12,9;11;67;56;58;103;5,3;1,8;
2007-05-28;16:00;0;972,4;973;972,4;2128,7;21,7;11,3;21,8;19,9;12,3;10,4;61;49;52;330;3,7;,4;
2007-05-28;17:00;0;971,1;972,4;971,1;1860,4;21,9;11,7;22,2;21,3;12,1;10,8;55;50;52;273;3,9;1,1;
2007-05-28;18:00;0;970,7;971,1;970,7;941;21,5;12;21,9;21,4;12,4;10,9;56;51;55;264;3,7;1,9;
2007-05-28;19:00;0;970,7;970,7;970,6;500,3;21;11,6;21,6;21;12,1;11,3;56;52;55;232;3,9;1,7;
2007-05-28;20:00;0;970,9;970,9;970,7;214,3;20,3;11,6;20,9;20,3;11,9;11,3;57;55;57;240;3,9;1,5;
2007-05-28;21:00;0;971,5;971,5;970,9;50,9;18,4;12,2;20,3;18,4;12,3;11,7;67;57;67;267;4,9;1,7;
2007-05-28;22:00;0;972,3;972,3;971,5;-9999;18;10,8;18,6;18;12,2;10,8;68;63;63;235;7,4;2,7;
2007-05-28;23:00;0;973,1;973,1;972,3;-9999;16,2;11,2;18;16,2;11,3;10,7;73;63;73;240;6,4;2;
2007-05-29;00:00;0;973,8;973,8;973,1;-9999;14,4;11,2;16,2;14,4;11,2;11,1;81;73;81;253;4,9;1,9;
2007-05-29;01:00;0;973,9;973,9;973,8;-9999;14,3;11,1;14,7;14,2;11,2;11,1;82;80;81;247;5,5;2,7;
2007-05-29;02:00;0;974;974,1;973,9;-9999;13,7;10,9;14,3;13,7;11,1;10,8;83;81;83;240;5,5;2,3;
2007-05-29;03:00;0;974,4;974,4;974;-9999;13;10,2;13,7;13;10,8;10,2;83;83;83;229;5,2;2,3;
2007-05-29;04:00;0;974,4;974,5;974,4;-9999;12,6;9,5;13,1;12,6;10,1;9,5;83;81;81;205;5,4;1,8;
2007-05-29;05:00;0;974,8;974,8;974,4;-9999;11,8;9;12,6;11,7;9,6;9;84;81;83;196;6,3;1,7;
2007-05-29;06:00;0;974,9;974,9;974,7;-9999;10,9;8,4;11,8;10,9;9;8,4;85;83;84;182;7;2,7;
2007-05-29;07:00;0;975,1;975,3;974,9;-9999;9,9;7,6;10,9;9,9;8,4;7,6;86;84;86;305;7;,1;
2007-05-29;08:00;0;975,5;975,5;975,1;-9999;9,5;7,2;9,9;9,5;7,7;7,2;88;85;86;215;3;1,2;
2007-05-29;09:00;0;976,2;976,2;975,5;-9999;9;6,9;9,6;8,9;7,2;6,9;88;85;87;169;4,6;1,6;
2007-05-29;10:00;0;977,5;977,5;976;-9999;8,5;6,5;9;8,5;6,9;6,5;88;87;88;229;5;1;
2007-05-29;11:00;0;978,1;978,2;977,4;137,4;8,6;6,2;8,6;8,3;6,5;6,1;88;85;85;180;4,7;1,7;
2007-05-29;12:00;-9999;-9999;-9999;-9999;-9999;-9999;-9999;-9999;-9999;-9999;-9999;-9999;-9999;-9999;-9999;-9999;-9999;
2007-05-29;13:00;-9999;-9999;-9999;-9999;-9999;-9999;-9999;-9999;-9999;-9999;-9999;-9999;-9999;-9999;-9999;-9999;-9999;
2007-05-29;14:00;-9999;-9999;-9999;-9999;-9999;-9999;-9999;-9999;-9999;-9999;-9999;-9999;-9999;-9999;-9999;-9999;-9999;
2007-05-29;15:00;-9999;-9999;-9999;-9999;-9999;-9999;-9999;-9999;-9999;-9999;-9999;-9999;-9999;-9999;-9999;-9999;-9999;
2007-05-29;16:00;-9999;-9999;-9999;-9999;-9999;-9999;-9999;-9999;-9999;-9999;-9999;-9999;-9999;-9999;-9999;-9999;-9999;
2007-05-29;17:00;-9999;-9999;-9999;-9999;-9999;-9999;-9999;-9999;-9999;-9999;-9999;-9999;-9999;-9999;-9999;-9999;-9999;
2007-05-29;18:00;-9999;-9999;-9999;-9999;-9999;-9999;-9999;-9999;-9999;-9999;-9999;-9999;-9999;-9999;-9999;-9999;-9999;
2007-05-29;19:00;-9999;-9999;-9999;-9999;-9999;-9999;-9999;-9999;-9999;-9999;-9999;-9999;-9999;-9999;-9999;-9999;-9999;
2007-05-29;20:00;-9999;-9999;-9999;-9999;-9999;-9999;-9999;-9999;-9999;-9999;-9999;-9999;-9999;-9999;-9999;-9999;-9999;
2007-05-29;21:00;-9999;-9999;-9999;-9999;-9999;-9999;-9999;-9999;-9999;-9999;-9999;-9999;-9999;-9999;-9999;-9999;-9999;
2007-05-29;22:00;0;976,7;976,7;976,3;-9999;13,2;5,9;14,3;13,1;6;5,1;62;55;61;197;3,8;,7;
2007-05-29;23:00;0;976,9;976,9;976,5;-9999;12,6;6,1;13,2;12,5;6,4;5,6;66;60;65;176;4;1,6;
2007-05-30;00:00;0;977,9;977,9;976,9;-9999;11,4;4,9;12,8;11,4;6;4,8;65;59;64;218;4,7;1,6;
2007-05-30;01:00;0;977,9;977,9;977,8;-9999;9,6;5;11,4;9,6;5,3;4,9;74;64;73;177;4;1,7;
2007-05-30;02:00;0;978,4;978,4;977,9;-9999;8,8;4,1;9,6;8,8;5,2;4;74;71;72;182;4,3;1,7;
2007-05-30;03:00;0;978,3;978,5;978,3;-9999;8,2;3,4;8,8;8,2;4,1;3,4;73;71;72;165;5;1,8;
2007-05-30;04:00;0;978,3;978,3;978,2;-9999;7;3,2;8,2;7;3,4;3,1;77;72;77;158;5;1,1;
2007-05-30;05:00;-9999;-9999;-9999;-9999;-9999;-9999;-9999;-9999;-9999;-9999;-9999;-9999;-9999;-9999;-9999;-9999;-9999;
2007-05-30;06:00;-9999;-9999;-9999;-9999;-9999;-9999;-9999;-9999;-9999;-9999;-9999;-9999;-9999;-9999;-9999;-9999;-9999;
2007-05-30;07:00;-9999;-9999;-9999;-9999;-9999;-9999;-9999;-9999;-9999;-9999;-9999;-9999;-9999;-9999;-9999;-9999;-9999;
2007-05-30;08:00;-9999;-9999;-9999;-9999;-9999;-9999;-9999;-9999;-9999;-9999;-9999;-9999;-9999;-9999;-9999;-9999;-9999;
2007-05-30;09:00;-9999;-9999;-9999;-9999;-9999;-9999;-9999;-9999;-9999;-9999;-9999;-9999;-9999;-9999;-9999;-9999;-9999;
2007-05-30;10:00;-9999;-9999;-9999;-9999;-9999;-9999;-9999;-9999;-9999;-9999;-9999;-9999;-9999;-9999;-9999;-9999;-9999;
2007-05-30;11:00;-9999;-9999;-9999;-9999;-9999;-9999;-9999;-9999;-9999;-9999;-9999;-9999;-9999;-9999;-9999;-9999;-9999;
2007-05-30;12:00;-9999;-9999;-9999;-9999;-9999;-9999;-9999;-9999;-9999;-9999;-9999;-9999;-9999;-9999;-9999;-9999;-9999;
2007-05-30;13:00;-9999;-9999;-9999;-9999;-9999;-9999;-9999;-9999;-9999;-9999;-9999;-9999;-9999;-9999;-9999;-9999;-9999;
2007-05-30;14:00;-9999;-9999;-9999;-9999;-9999;-9999;-9999;-9999;-9999;-9999;-9999;-9999;-9999;-9999;-9999;-9999;-9999;
2007-05-30;15:00;-9999;-9999;-9999;-9999;-9999;-9999;-9999;-9999;-9999;-9999;-9999;-9999;-9999;-9999;-9999;-9999;-9999;
2007-05-30;16:00;-9999;-9999;-9999;-9999;-9999;-9999;-9999;-9999;-9999;-9999;-9999;-9999;-9999;-9999;-9999;-9999;-9999;
2007-05-30;17:00;0;976,6;977,6;976,6;2340,8;15,9;-,4;16,6;14,8;,7;-1,2;38;32;33;112;5;1,9;
2007-05-30;18:00;0;976;976,6;975,9;2154,1;17,6;1,3;17,6;15,8;1,4;-,6;36;30;34;125;5,1;2,1;
2007-05-30;19:00;0;975,6;976;975,6;1665,8;18,1;,8;18,1;16,9;1,5;-,5;34;30;31;155;4,4;1,4;
2007-05-30;20:00;0;975,5;975,6;975,4;763,6;17,1;1,5;18,2;17,1;2;,2;36;30;35;117;4,5;2,1;
2007-05-30;21:00;0;975,8;975,8;975,5;253,6;15,8;4,2;17,2;15,7;4,6;1,6;48;35;46;97;4,1;1,3;
2007-05-30;22:00;0;975,8;975,9;975,7;,8;15,1;4,9;15,9;14,6;5,7;4;54;46;50;118;3,4;1,8;
2007-05-30;23:00;0;976;976;975,8;-9999;14,9;5;15,2;14,5;6,1;4,4;57;49;52;119;3,7;1,1;
2007-05-31;00:00;0;976,5;976,5;976;-9999;14,4;4,9;14,9;14,2;5,9;4,9;57;51;53;145;2,9;,9;
2007-05-31;01:00;0;976,4;976,6;976,4;-9999;14,3;4,2;14,5;14,3;5;4,1;53;50;51;136;3,4;1,1;
2007-05-31;02:00;0;976,2;976,4;976,2;-9999;13,9;5;14,3;13,9;5;3,9;55;50;55;114;4;1,9;
2007-05-31;03:00;0;976,1;976,5;976,1;-9999;12,9;5,1;13,9;12,9;5,8;5;60;55;59;129;3,6;,7;
2007-05-31;04:00;0;975,8;976,1;975,8;-9999;10,8;6;12,9;10,8;6;4,9;72;59;72;93;2,8;1,1;
2007-05-31;05:00;0;975,1;975,8;975,1;-9999;11,8;5,8;11,9;10,8;6,2;5,6;73;66;67;116;3;1,6;
2007-05-31;06:00;0;974,8;975,3;974,7;-9999;10,6;6,1;11,8;10,6;6,2;5,7;74;67;74;109;3,4;1,5;
2007-05-31;07:00;0;974,5;974,8;974,5;-9999;10,5;7,5;10,8;10,4;7,5;6,2;82;73;82;197;2,3;0;
2007-05-31;08:00;0;974,1;974,5;974,1;-9999;11,4;5,4;11,5;10,4;7,8;5,1;84;65;67;132;2,7;1,2;
2007-05-31;09:00;0;973,8;974,1;973,6;-9999;11,2;6,4;11,6;11,1;6,4;4,9;73;64;72;113;3,6;1,7;
2007-05-31;10:00;0;974,1;974,1;973,8;-9999;11,1;6,7;11,3;11;6,8;6,2;75;71;74;104;3,7;1,7;
2007-05-31;11:00;0;974,4;974,4;974;54,5;11,7;7,4;11,7;11,1;7,4;6,6;76;74;75;87;3,7;2,3;
2007-05-31;12:00;0;974,9;974,9;974,4;387,3;12,7;8;12,8;11,7;8,4;7,3;76;73;73;82;6;3,5;
2007-05-31;13:00;0;975,1;975,1;974,8;984,8;14,9;9,6;14,9;12,6;9,6;8,1;75;70;70;77;7,6;3,9;
2007-05-31;14:00;0;974,6;975,1;974,5;1890,4;16,7;9,4;17,2;14,5;10,6;9,1;72;62;62;73;7;4,4;
2007-05-31;15:00;0;973,4;974,6;973,4;2281,5;18,9;9,8;19;16,7;10,7;9,4;64;56;56;67;7,5;3,7;
2007-05-31;16:00;0;972,2;973,4;972,1;2319,8;20,9;10,1;20,9;18,7;10,6;8,9;56;49;50;64;7,5;3,7;
2007-05-31;17:00;0;970,9;972,2;970,9;2073,6;21,9;9,5;22,3;20,5;10,4;9,3;51;45;45;55;7,4;2,9;
2007-05-31;18:00;0;969,6;970,9;969,6;1913,1;23,2;9,9;23,5;21,7;10,7;9,4;47;41;43;65;6,4;3,5;
2007-05-31;19:00;0;968,8;969,6;968,8;1404,9;23,6;9,9;23,9;23,1;10,5;9,5;44;41;42;63;6;3,7;
2007-05-31;20:00;0;968,7;968,8;968,6;796,8;23,4;11,6;23,9;23,4;11,9;9,9;48;42;48;84;6,1;2,2;
2007-05-31;21:00;0;968,8;968,8;968,7;278,5;21,5;12,3;23,4;21,5;12,4;11,4;56;46;56;102;4;2;
2007-05-31;22:00;0;968,9;968,9;968,7;-9999;19,1;12,4;21,5;19,1;12,8;12,3;65;56;65;109;3,6;1,7;
2007-05-31;23:00;0;969,2;969,2;968,9;-9999;17,6;12,1;19,1;17,6;12,4;12,1;70;65;70;110;3,3;1,4;
2007-06-01;00:00;0;969,6;969,6;969,2;-9999;14,8;12,4;17,6;14,8;12,4;12,1;86;70;86;60;2,1;,4;
2007-06-01;01:00;0;969,9;969,9;969,6;-9999;15;12,6;15,8;14,7;12,6;12,2;86;80;86;31;1;0;
2007-06-01;02:00;0;969,9;970;969,8;-9999;14,7;12,3;16;14,4;12,9;12,2;87;80;86;262;,6;0;
2007-06-01;03:00;0;969,8;970;969,8;-9999;13;11,6;14,9;12,8;12,4;11,3;92;85;91;176;1,4;0;
2007-06-01;04:00;0;969,6;969,8;969,6;-9999;12,5;11,2;13,4;12,4;11,9;11,1;93;90;92;271;,7;0;
2007-06-01;05:00;0;969,4;969,6;969,3;-9999;11,7;10,7;12,7;11,7;11,5;10,7;94;92;94;195;2;0;
2007-06-01;06:00;0;969;969,4;969;-9999;11,9;10,8;12;11,6;10,9;10,7;95;92;93;238;1,2;0;
2007-06-01;07:00;0;968,9;969;968,9;-9999;11,4;10,5;11,9;11,1;11;10,3;95;93;95;201;1,3;,2;
2007-06-01;08:00;0;968,9;969;968,9;-9999;10,9;10,1;11,5;10,9;10,7;10;95;94;95;107;1,2;0;
2007-06-01;09:00;0;969,2;969,2;968,8;-9999;10,9;10,1;11,3;10,8;10,5;10;96;94;95;311;,7;0;
2007-06-01;10:00;0;969,6;969,6;969,2;-9999;10,7;9,9;11;10,6;10,2;9,8;96;94;95;275;,6;0;
2007-06-01;11:00;0;970,2;970,2;969,6;107,8;12,1;11,3;12,1;10,6;11,3;9,8;96;95;95;238;1,6;,1;
2007-06-01;12:00;0;970,6;970,6;970,2;609;15,6;12,2;15,6;12,1;12,5;11,3;95;80;80;120;1;0;
2007-06-01;13:00;0;970,8;970,8;970,6;1268,1;19,7;13,8;19,7;15,6;14,3;12,2;81;69;69;24;3,3;1,2;
2007-06-01;14:00;0;970,5;970,9;970,5;1660,3;22,5;14,3;22,8;19,7;15;13,3;70;58;60;342;3,9;1,4;
2007-06-01;15:00;0;969,9;970,5;969,9;1974,2;26,2;15,2;26,2;22,5;15,9;14,5;61;50;51;329;6,3;2,9;
2007-06-01;16:00;0;968,9;969,9;968,9;1993,9;27,4;14,3;27,6;26,2;15,8;14,2;51;44;45;335;7,7;3;
2007-06-01;17:00;0;968,1;968,9;968;1922;27,5;14,5;28,6;27,3;15,5;14,2;47;43;45;325;11,9;4,6;
2007-06-01;18:00;0;967,6;968,1;967,5;1809,1;27,8;15,3;28,6;27,3;16;14,4;48;44;46;319;11;4,3;
2007-06-01;19:00;0;967,4;967,6;967,4;1050;26,4;15,2;28,2;26,4;15,6;14,6;50;44;50;327;9,4;3,1;
2007-06-01;20:00;0;967,4;967,5;967,3;829,3;26,1;15,9;27,5;26,1;15,9;15;53;48;53;327;6,9;1,8;
2007-06-01;21:00;0;968,1;968,1;967,4;110,3;23;17,1;26,1;23;17,1;15,8;69;53;69;294;4,6;1,7;
2007-06-01;22:00;0;969;969;968,1;-9999;21,3;17;23;21,3;17,4;17;77;70;77;285;2,7;1,5;
2007-06-01;23:00;0;969,3;969,3;969;-9999;20,3;17,3;21,6;20,3;17,3;17;83;76;83;285;2,4;,7;
2007-06-02;00:00;,2;970,3;970,3;969,3;-9999;19,8;17,9;21,1;19,8;18,1;17,1;90;78;89;260;4,7;1,9;
2007-06-02;01:00;0;970,9;970,9;970,2;-9999;21;17,1;21,2;19,7;18;17;90;78;78;243;5,3;2,9;
2007-06-02;02:00;0;971,7;971,7;970,8;-9999;19,7;16,1;21;19,7;17,1;16,1;80;78;80;223;7,1;3;
2007-06-02;03:00;0;972;972;971,7;-9999;18,7;14,9;19,7;18,7;16,2;14,9;81;78;79;220;7,4;2,1;
2007-06-02;04:00;0;972;972,1;971,9;-9999;18,2;14,5;18,8;18,2;15;14,5;80;77;79;190;5,4;1,1;
2007-06-02;05:00;0;972;972,5;972;-9999;17,2;14,4;18,2;17,2;14,5;14,1;84;78;84;181;5;1,7;
2007-06-02;06:00;0;972,1;972,4;971,9;-9999;16,6;14,1;17,2;16,6;14,7;14;87;84;85;217;4,6;1,8;
2007-06-02;07:00;,2;972,1;972,2;971,9;-9999;15,7;14,1;16,7;15,7;14,3;13,9;91;85;91;183;5,4;1,5;
2007-06-02;08:00;0;972,3;972,5;971,8;-9999;15,3;13,9;15,7;15,3;14,1;13,8;92;89;92;220;3,5;1;
2007-06-02;09:00;1,4;972,1;972,4;971,9;-9999;14,7;14;15,3;14,7;14,1;13,8;95;92;95;158;2,9;,6;
2007-06-02;10:00;2,8;972,5;972,7;972,1;-9999;14,7;14;14,8;14,6;14,1;13,9;96;95;95;148;2;,1;
2007-06-02;11:00;,8;973,1;973,3;972,4;10,2;14,5;13,9;14,7;14,5;14;13,7;96;95;96;196;2,6;,2;
2007-06-02;12:00;1;973,5;973,5;972,9;155;14,9;14;14,9;14,5;14,2;13,8;97;94;94;154;2,1;,4;
2007-06-02;13:00;0;974,1;974,1;973,5;321,3;15,6;14,2;15,6;14,9;14,3;13,9;95;90;92;168;2,3;1,1;
2007-06-02;14:00;0;973,7;974,1;973,7;488,3;15,8;13,7;16,1;15,5;14,5;13,6;92;87;87;190;2,9;1,1;
2007-06-02;15:00;0;973,2;973,7;973,1;562;16,5;13,9;16,5;15,8;14,4;13,4;90;84;85;161;3,2;1,1;
2007-06-02;16:00;0;972,4;973,2;972,3;627,8;16,9;14;16,9;16,4;14,3;13,6;87;82;83;102;2,7;0;
2007-06-02;17:00;0;971,7;972,4;971,6;414;16,7;14,1;17,1;16,6;14,4;13,4;87;81;85;192;2,4;,3;
2007-06-02;18:00;0;971,3;971,7;971,1;318,4;16,9;14,4;17;16,7;14,5;13,8;86;83;85;212;1,8;,7;
2007-06-02;19:00;0;971,2;971,4;971,1;180,8;16,5;14,4;16,9;16,5;14,7;14,1;88;84;87;182;3;1,1;
2007-06-02;20:00;0;971,1;971,3;971,1;127,4;16,2;14,3;16,5;16,2;14,6;14,2;89;87;88;180;3,6;1,7;
2007-06-02;21:00;0;971,4;971,4;971,1;53,1;16,2;14,3;16,2;16,1;14,4;14,2;89;88;89;181;3,9;,7;
2007-06-02;22:00;0;971,8;971,9;971,4;-9999;15;14,2;16,2;15;14,4;14;95;89;95;178;4,2;2;
2007-06-02;23:00;0;972,3;972,3;971,8;-9999;14,8;13,6;15,1;14,7;14,2;13,5;95;92;92;223;4;,7;
2007-06-03;00:00;0;972,7;972,7;972,3;-9999;14,9;13,7;14,9;14,7;13,8;13,5;93;92;92;253;2,7;,7;
2007-06-03;01:00;0;972,8;972,9;972,7;-9999;15,1;13,4;15,1;14,9;13,7;13,4;92;89;90;227;2,3;,4;
2007-06-03;02:00;0;973,3;973,3;972,8;-9999;15,3;13,2;15,3;15;13,5;13,2;90;87;87;243;3,1;1,4;
2007-06-03;03:00;0;973,6;973,7;973,3;-9999;15,3;13,2;15,4;15,2;13,3;13,1;88;87;88;230;3,3;1,1;
2007-06-03;04:00;0;973,8;973,9;973,5;-9999;15,1;12,7;15,3;15,1;13,4;12,6;88;85;85;220;4,5;,7;
2007-06-03;05:00;0;973,8;974;973,7;-9999;14,5;12,1;15,1;14,5;12,7;11,6;86;82;85;212;3,5;,9;
2007-06-03;06:00;0;973,8;973,8;973,6;-9999;14,1;10,8;14,6;14,1;12;10,7;85;79;80;102;3,9;,2;
2007-06-03;07:00;0;973,6;973,8;973,5;-9999;13,8;10,7;14,1;13,8;10,9;10,5;82;79;81;188;3,7;1;
2007-06-03;08:00;0;973,8;973,9;973,6;-9999;13,5;10,4;13,8;13,5;10,7;10,1;82;80;81;178;3,7;1,5;
2007-06-03;09:00;0;973,8;973,9;973,7;-9999;13,2;10,3;13,6;13,2;10,5;10,2;83;80;82;168;3,3;1,4;
2007-06-03;10:00;0;974,8;974,8;973,8;-9999;13;10;13,3;13;10,5;10;84;82;82;161;4,4;1,5;
2007-06-03;11:00;0;975,8;975,8;974,8;43,3;13,1;10;13,1;12,9;10,1;9,5;83;79;81;163;4,4;1;
2007-06-03;12:00;0;977;977;975,8;302,9;13,3;7,7;13,4;13;9,8;7,6;81;68;69;166;5,1;2,3;
2007-06-03;13:00;0;977,9;977,9;977;771,2;14,1;8;14,1;13;8,2;6,9;70;65;67;143;5,3;2,6;
2007-06-03;14:00;0;978,1;978,1;977,9;1225,9;14,8;7,3;14,9;14,1;8,2;7;67;60;61;168;5,6;2,5;
2007-06-03;15:00;0;977,9;978,1;977,8;1874;16;6;16,4;14,7;8,5;5,9;63;51;51;162;6,4;3,2;
2007-06-03;16:00;0;977,7;977,9;977,6;2350,2;17,8;5,2;17,9;16;8,3;5,2;58;43;43;163;7,1;2,5;
2007-06-03;17:00;0;976,9;977,7;976,9;2276,1;18,1;5,8;18,7;17,5;6,9;4,5;50;41;45;154;7,7;2,9;
2007-06-03;18:00;0;976,7;976,9;976,7;2116,8;19;4,8;19,5;18,1;6,8;4;47;36;39;169;7,1;2,3;
2007-06-03;19:00;0;976,4;976,7;976,3;1695,2;19,1;4,6;19,3;18,7;5,9;3,6;42;36;38;193;6,1;2,3;
2007-06-03;20:00;0;976,6;976,6;976,3;1003,2;18,6;5,2;19,3;18,5;5,9;3,9;42;37;42;166;5,3;1,6;
2007-06-03;21:00;0;976,8;976,8;976,6;281,5;15,9;7,8;18,7;15,9;8,2;5;60;40;59;235;3,8;,1;
2007-06-03;22:00;0;977,1;977,1;976,8;-9999;12;8,5;15,9;12;8,9;7,5;79;58;79;215;,9;,1;
2007-06-03;23:00;0;977,2;977,3;977;-9999;9,3;7,1;12,2;9,3;8,4;7,1;86;74;86;279;1;,1;
2007-06-04;00:00;-9999;-9999;-9999;-9999;-9999;-9999;-9999;-9999;-9999;-9999;-9999;-9999;-9999;-9999;-9999;-9999;-9999;
2007-06-04;01:00;-9999;-9999;-9999;-9999;-9999;-9999;-9999;-9999;-9999;-9999;-9999;-9999;-9999;-9999;-9999;-9999;-9999;
2007-06-04;02:00;-9999;-9999;-9999;-9999;-9999;-9999;-9999;-9999;-9999;-9999;-9999;-9999;-9999;-9999;-9999;-9999;-9999;
2007-06-04;03:00;-9999;-9999;-9999;-9999;-9999;-9999;-9999;-9999;-9999;-9999;-9999;-9999;-9999;-9999;-9999;-9999;-9999;
2007-06-04;04:00;-9999;-9999;-9999;-9999;-9999;-9999;-9999;-9999;-9999;-9999;-9999;-9999;-9999;-9999;-9999;-9999;-9999;
2007-06-04;05:00;-9999;-9999;-9999;-9999;-9999;-9999;-9999;-9999;-9999;-9999;-9999;-9999;-9999;-9999;-9999;-9999;-9999;
2007-06-04;06:00;-9999;-9999;-9999;-9999;-9999;-9999;-9999;-9999;-9999;-9999;-9999;-9999;-9999;-9999;-9999;-9999;-9999;
2007-06-04;07:00;-9999;-9999;-9999;-9999;-9999;-9999;-9999;-9999;-9999;-9999;-9999;-9999;-9999;-9999;-9999;-9999;-9999;
2007-06-04;08:00;-9999;-9999;-9999;-9999;-9999;-9999;-9999;-9999;-9999;-9999;-9999;-9999;-9999;-9999;-9999;-9999;-9999;
2007-06-04;09:00;-9999;-9999;-9999;-9999;-9999;-9999;-9999;-9999;-9999;-9999;-9999;-9999;-9999;-9999;-9999;-9999;-9999;
2007-06-04;10:00;-9999;-9999;-9999;-9999;-9999;-9999;-9999;-9999;-9999;-9999;-9999;-9999;-9999;-9999;-9999;-9999;-9999;
2007-06-04;11:00;-9999;-9999;-9999;-9999;-9999;-9999;-9999;-9999;-9999;-9999;-9999;-9999;-9999;-9999;-9999;-9999;-9999;
2007-06-04;12:00;-9999;-9999;-9999;-9999;-9999;-9999;-9999;-9999;-9999;-9999;-9999;-9999;-9999;-9999;-9999;-9999;-9999;
2007-06-04;13:00;-9999;-9999;-9999;-9999;-9999;-9999;-9999;-9999;-9999;-9999;-9999;-9999;-9999;-9999;-9999;-9999;-9999;
2007-06-04;14:00;-9999;-9999;-9999;-9999;-9999;-9999;-9999;-9999;-9999;-9999;-9999;-9999;-9999;-9999;-9999;-9999;-9999;
2007-06-04;15:00;-9999;-9999;-9999;-9999;-9999;-9999;-9999;-9999;-9999;-9999;-9999;-9999;-9999;-9999;-9999;-9999;-9999;
2007-06-04;16:00;-9999;-9999;-9999;-9999;-9999;-9999;-9999;-9999;-9999;-9999;-9999;-9999;-9999;-9999;-9999;-9999;-9999;
2007-06-04;17:00;-9999;-9999;-9999;-9999;-9999;-9999;-9999;-9999;-9999;-9999;-9999;-9999;-9999;-9999;-9999;-9999;-9999;
2007-06-04;18:00;-9999;-9999;-9999;-9999;-9999;-9999;-9999;-9999;-9999;-9999;-9999;-9999;-9999;-9999;-9999;-9999;-9999;
2007-06-04;19:00;-9999;-9999;-9999;-9999;-9999;-9999;-9999;-9999;-9999;-9999;-9999;-9999;-9999;-9999;-9999;-9999;-9999;
2007-06-04;20:00;-9999;-9999;-9999;-9999;-9999;-9999;-9999;-9999;-9999;-9999;-9999;-9999;-9999;-9999;-9999;-9999;-9999;
2007-06-04;21:00;-9999;-9999;-9999;-9999;-9999;-9999;-9999;-9999;-9999;-9999;-9999;-9999;-9999;-9999;-9999;-9999;-9999;
2007-06-04;22:00;0;973,2;973,2;973;-9999;13,4;6,4;17,3;13,4;6,6;4,7;63;43;63;159;2,6;,1;
2007-06-04;23:00;0;973,3;973,3;973,1;-9999;10,6;6;13,4;10,3;7;6;79;63;73;48;1,1;0;
2007-06-05;00:00;-9999;-9999;-9999;-9999;-9999;-9999;-9999;-9999;-9999;-9999;-9999;-9999;-9999;-9999;-9999;-9999;-9999;
2007-06-05;01:00;-9999;-9999;-9999;-9999;-9999;-9999;-9999;-9999;-9999;-9999;-9999;-9999;-9999;-9999;-9999;-9999;-9999;
2007-06-05;02:00;-9999;-9999;-9999;-9999;-9999;-9999;-9999;-9999;-9999;-9999;-9999;-9999;-9999;-9999;-9999;-9999;-9999;
2007-06-05;03:00;-9999;-9999;-9999;-9999;-9999;-9999;-9999;-9999;-9999;-9999;-9999;-9999;-9999;-9999;-9999;-9999;-9999;
2007-06-05;04:00;-9999;-9999;-9999;-9999;-9999;-9999;-9999;-9999;-9999;-9999;-9999;-9999;-9999;-9999;-9999;-9999;-9999;
2007-06-05;05:00;-9999;-9999;-9999;-9999;-9999;-9999;-9999;-9999;-9999;-9999;-9999;-9999;-9999;-9999;-9999;-9999;-9999;
2007-06-05;06:00;-9999;-9999;-9999;-9999;-9999;-9999;-9999;-9999;-9999;-9999;-9999;-9999;-9999;-9999;-9999;-9999;-9999;
2007-06-05;07:00;-9999;-9999;-9999;-9999;-9999;-9999;-9999;-9999;-9999;-9999;-9999;-9999;-9999;-9999;-9999;-9999;-9999;
2007-06-05;08:00;-9999;-9999;-9999;-9999;-9999;-9999;-9999;-9999;-9999;-9999;-9999;-9999;-9999;-9999;-9999;-9999;-9999;
2007-06-05;09:00;-9999;-9999;-9999;-9999;-9999;-9999;-9999;-9999;-9999;-9999;-9999;-9999;-9999;-9999;-9999;-9999;-9999;
2007-06-05;10:00;-9999;-9999;-9999;-9999;-9999;-9999;-9999;-9999;-9999;-9999;-9999;-9999;-9999;-9999;-9999;-9999;-9999;
2007-06-05;11:00;-9999;-9999;-9999;-9999;-9999;-9999;-9999;-9999;-9999;-9999;-9999;-9999;-9999;-9999;-9999;-9999;-9999;
2007-06-05;12:00;-9999;-9999;-9999;-9999;-9999;-9999;-9999;-9999;-9999;-9999;-9999;-9999;-9999;-9999;-9999;-9999;-9999;
2007-06-05;13:00;-9999;-9999;-9999;-9999;-9999;-9999;-9999;-9999;-9999;-9999;-9999;-9999;-9999;-9999;-9999;-9999;-9999;
2007-06-05;14:00;-9999;-9999;-9999;-9999;-9999;-9999;-9999;-9999;-9999;-9999;-9999;-9999;-9999;-9999;-9999;-9999;-9999;
2007-06-05;15:00;-9999;-9999;-9999;-9999;-9999;-9999;-9999;-9999;-9999;-9999;-9999;-9999;-9999;-9999;-9999;-9999;-9999;
2007-06-05;16:00;0;973,2;974,2;973,2;2394,7;20,1;7,6;20,4;17,7;8,5;7,4;53;44;44;78;4,6;1,4;
2007-06-05;17:00;0;972,1;973,2;972,1;2288,6;22,2;8,5;22,6;20,1;9;7,6;46;40;42;173;4,3;1;
2007-06-05;18:00;0;971,4;972,1;971,4;2111,2;23,5;8,2;24,2;22,2;9,5;7,7;41;37;37;129;3,3;1,8;
2007-06-05;19:00;0;970,9;971,4;970,9;1603;24,1;8,7;24,7;23,4;9,6;8,2;40;36;37;98;3,6;1;
2007-06-05;20:00;0;970,7;970,9;970,7;961;23,9;9,6;24,8;23,9;10;8,5;41;36;40;110;3,1;1,7;
2007-06-05;21:00;0;970,7;970,7;970,6;296,1;21,7;10,9;23,9;21,7;11;9,2;50;40;50;128;3,7;0;
2007-06-05;22:00;0;971;971;970,7;-9999;17,4;12;21,7;17,3;12,6;10,9;73;50;70;6;1,1;0;
2007-06-05;23:00;0;971,1;971,2;971;-9999;15,3;12;17,4;15,1;12,3;11,7;81;70;80;63;1,1;0;
2007-06-06;00:00;0;971,1;971,2;971,1;-9999;14,3;11,7;15,6;14,2;12,1;11,7;85;79;85;160;1;,3;
2007-06-06;01:00;0;971,4;971,4;971,1;-9999;13,2;11,2;14,3;13,2;11,7;11,1;88;84;88;149;,8;0;
2007-06-06;02:00;0;971,1;971,4;971,1;-9999;12,8;11,2;13,2;12,2;11,3;10,8;92;88;90;233;1,2;0;
2007-06-06;03:00;0;971;971,1;971;-9999;12;10,6;12,8;12;11,2;10,6;91;90;91;243;1,4;,3;
2007-06-06;04:00;0;971,1;971,1;971;-9999;12,3;10,6;12,6;11,7;11;10,4;92;89;89;263;2,6;,9;
2007-06-06;05:00;0;971;971,2;971;-9999;11,2;10;12,3;11,2;10,6;10;92;89;92;249;2,6;,5;
2007-06-06;06:00;0;970,5;971;970,5;-9999;11,2;10;11,6;11;10,4;9,9;93;92;92;238;1,4;0;
2007-06-06;07:00;0;970,1;970,6;970,1;-9999;10,7;9,8;11,2;10,3;10,1;9,3;95;92;94;255;2,8;1,2;
2007-06-06;08:00;0;970,1;970,2;969,9;-9999;10,6;9,6;10,8;10,1;9,8;9,2;96;93;94;261;2,8;1,2;
2007-06-06;09:00;-9999;-9999;-9999;-9999;-9999;-9999;-9999;-9999;-9999;-9999;-9999;-9999;-9999;-9999;-9999;-9999;-9999;
2007-06-06;10:00;0;971,1;971,1;970,4;-9999;9,9;9,1;10,3;9,8;9,4;9;95;94;95;254;2,2;,5;
2007-06-06;11:00;0;971,4;971,4;971,1;120,3;11,1;10;11,1;9,7;10;8,9;95;91;93;264;2,1;1,5;
2007-06-06;12:00;0;972;972;971,4;727,2;15,4;11,8;15,5;11,2;12,2;10,1;93;78;79;175;2,1;0;
2007-06-06;13:00;0;972,4;972,5;972;1393,3;17,5;11,9;18;15,4;12,5;11,3;81;69;70;67;2,6;,7;
2007-06-06;14:00;0;971,8;972,4;971,8;1948,6;21;13,8;21,2;17,5;14,7;11,7;71;63;64;32;2,6;1;
2007-06-06;15:00;0;970,8;971,8;970,8;2302,6;25,1;16,2;25,1;21;16,2;14,2;65;56;58;352;5,2;2,1;
2007-06-06;16:00;0;970,1;970,8;970,1;2339,6;27,6;16,9;27,6;25;17;15,6;58;51;52;325;6,7;2,4;
2007-06-06;17:00;0;969,1;970,1;969,1;1402,3;28,2;16,6;28,8;26,6;17,2;15,9;55;47;49;304;7,8;4,4;
2007-06-06;18:00;0;968,4;969,1;968,4;1832,4;28,9;15,9;29,1;27,8;17;15,5;50;45;45;325;8,9;3,1;
2007-06-06;19:00;0;968;968,4;968;1433,8;28,4;16,1;29;27,3;16,6;15,4;49;45;47;318;8,2;3,6;
2007-06-06;20:00;0;967,9;968;967,9;841,3;28,1;16,8;28,6;27;17,1;16,2;53;47;50;331;8,1;1,6;
2007-06-06;21:00;0;967,9;968;967,9;286,3;24,1;18,1;28,1;24,1;18,1;16,4;69;50;69;314;4,4;,3;
2007-06-06;22:00;0;968;968;967,9;-9999;20,4;17,2;24,1;20,4;18,3;17,2;82;69;82;297;1,6;1,1;
2007-06-06;23:00;0;968,4;968,4;968;-9999;18,5;16,4;20,4;18,5;17,2;16,4;87;82;87;330;1,9;0;
2007-06-07;00:00;0;969;969;968,4;-9999;17,8;16,1;18,8;17,7;16,6;15,9;90;86;90;268;1,1;,2;
2007-06-07;01:00;0;969,1;969,2;969;-9999;16,6;15,3;18;16,5;16,4;15,3;93;88;92;302;1,7;1,1;
2007-06-07;02:00;0;969,2;969,3;969,1;-9999;16;15,2;16,8;15,8;15,7;14,6;95;91;95;44;2;0;
2007-06-07;03:00;0;969,4;969,4;969,2;-9999;14,9;14,2;16,4;14,7;15,7;13,6;96;91;95;310;1,1;0;
2007-06-07;04:00;0;969,4;969,5;969,3;-9999;14,5;13,8;15,1;14,4;14,4;13,7;96;94;96;117;1,3;0;
2007-06-07;05:00;0;969,3;969,5;969,3;-9999;13,6;13;14,5;13,6;13,8;13;96;94;96;353;,7;0;
2007-06-07;06:00;0;969,2;969,3;969,2;-9999;13,4;12,8;14;13,4;13,4;12,8;97;96;96;278;1,9;1,3;
2007-06-07;07:00;0;969,3;969,4;969,2;-9999;12,6;12,1;13,7;12,6;13,3;11,9;97;95;97;89;1,6;0;
2007-06-07;08:00;0;969,6;969,6;969,3;-9999;12,7;12,3;13,1;12,5;12,6;12;98;96;97;292;1,5;1,1;
2007-06-07;09:00;0;969,9;969,9;969,6;-9999;11,9;11,5;12,7;11,9;12,3;11,5;98;97;97;256;1,5;0;
2007-06-07;10:00;0;970,7;970,7;969,9;-9999;12,1;11,8;12,1;11,7;11,8;11,3;98;97;98;263;1,7;1,2;
2007-06-07;11:00;0;971,3;971,3;970,7;69,7;12,9;12,7;12,9;11,9;12,7;11,5;98;98;98;281;1,6;,5;
2007-06-07;12:00;0;971,5;971,5;971,3;481,6;14,6;14,3;14,6;12,9;14,3;12,7;98;98;98;98;1,1;0;
2007-06-07;13:00;0;971,9;971,9;971,5;1399,9;20,3;17,1;20,6;14,6;17,6;14,5;98;82;82;105;,8;0;
2007-06-07;14:00;0;971,7;971,9;971,7;1959,8;24,5;19;24,5;20,3;19,3;17,1;83;71;72;32;2,1;,8;
2007-06-07;15:00;0;971;971,7;971;2313,4;27,9;18,6;27,9;24,4;19,6;18,4;71;57;57;339;4,8;1,6;
2007-06-07;16:00;0;970;971;970;2330,2;29,9;16;30,1;27,8;19,1;16;58;43;43;319;6,7;2,3;
2007-06-07;17:00;-9999;-9999;-9999;-9999;-9999;-9999;-9999;-9999;-9999;-9999;-9999;-9999;-9999;-9999;-9999;-9999;-9999;
2007-06-07;18:00;0;968,8;969,3;968,8;1795,5;29,7;16,4;30,2;29,2;17,1;15,9;47;42;45;315;7,9;3,7;
2007-06-07;19:00;0;968,9;968,9;968,8;1423,7;29;17,2;30;28,7;17,3;16,3;49;44;49;319;8,4;2,3;
2007-06-07;20:00;0;968,9;969;968,9;645,1;27,4;18,3;29,5;27,4;18,3;16,9;58;48;58;314;5,4;1;
2007-06-07;21:00;0;969,2;969,2;968,9;165,1;23,4;19,1;27,4;23,4;19,4;18,4;76;58;76;295;2,7;1,1;
2007-06-07;22:00;0;969,3;969,4;969,2;-9999;21,3;17,8;23,4;21,3;19,1;17,7;81;76;80;262;1,7;,3;
2007-06-07;23:00;0;969,5;969,5;969,3;-9999;19,6;17,6;21,3;19,6;18,2;17,5;89;80;89;345;1,1;0;
2007-06-08;00:00;0;970;970;969,5;-9999;18,3;16,7;19,7;18,3;17,8;16,7;90;86;90;252;1,5;,5;
2007-06-08;01:00;0;970,2;970,2;970;-9999;17,7;16,1;19,3;17,7;17,4;16,1;91;88;91;306;2;0;
2007-06-08;02:00;0;970,5;970,5;970,2;-9999;17,3;16,3;17,7;17;16,3;15,8;94;90;94;262;,7;0;
2007-06-08;03:00;0;970,5;970,7;970,5;-9999;16;15,1;17,3;15,8;16,3;14,8;95;92;94;289;,6;0;
2007-06-08;04:00;0;970,4;970,6;970,4;-9999;15,8;15,2;16;15,5;15,2;14,6;96;93;96;303;,8;0;
2007-06-08;05:00;0;970,4;970,4;970,4;-9999;14,9;14;15,8;14,9;15,1;14;96;95;95;119;0;0;
2007-06-08;06:00;0;970;970,4;970;-9999;14,8;14,2;15;14,4;14,4;13,6;96;94;96;169;1;0;
2007-06-08;07:00;0;969,6;970;969,6;-9999;14,5;13,8;15;14,5;14,4;13,8;97;95;95;132;,3;0;
2007-06-08;08:00;0;969,5;969,6;969,5;-9999;14,3;13,7;14,7;14,2;14,1;13,5;97;95;96;73;0;0;
2007-06-08;09:00;0;969,4;969,5;969,3;-9999;13,5;12,9;14,3;13,5;13,7;12,9;97;96;96;171;0;0;
2007-06-08;10:00;0;970;970;969,4;-9999;13,1;12,6;13,9;13,1;13,4;12,3;97;95;96;122;0;0;
2007-06-08;11:00;0;970,7;970,7;970;116,9;15,4;13,9;15,4;13;13,9;12,4;97;91;91;195;1;0;
2007-06-08;12:00;0;971,3;971,3;970,7;722,5;19,4;16,8;19,5;15,4;16,8;13,7;91;84;85;84;0;0;
2007-06-08;13:00;0;971,6;971,6;971,3;1463,9;22,1;17,6;22,1;19,4;17,6;16,6;85;75;76;93;2,2;,8;
2007-06-08;14:00;0;971,4;971,7;971,4;1990,4;24,7;18,4;24,7;21,9;18,5;17,2;77;67;68;94;2,3;1,1;
2007-06-08;15:00;0;971;971,4;971;2345,6;26,3;18,4;26,6;24,7;19;17,9;68;61;62;72;3,1;1,5;
2007-06-08;16:00;0;970,1;971;970,1;2349,3;29,4;17,7;29,4;26,4;19,1;17;63;48;49;27;3,3;,5;
2007-06-08;17:00;0;969,3;970,1;969,3;2266,3;30,9;13,4;30,9;29,3;18,3;12,1;51;32;34;339;7,2;2,7;
2007-06-08;18:00;0;968,9;969,3;968,8;2083,5;30,3;12,8;31,2;30;13;11,7;34;31;34;359;7,7;2,9;
2007-06-08;19:00;0;968,5;968,9;968,5;1602,2;30,2;12,4;30,4;29,9;13,8;12,1;37;33;34;344;6,2;2,5;
2007-06-08;20:00;0;968,3;968,5;968,3;824,8;28,8;14,5;30,2;28,8;14,7;12,6;42;34;42;347;6,2;1,4;
2007-06-08;21:00;0;968,4;968,4;968,2;264,2;25,9;16,6;28,8;25,9;16,8;14,5;57;42;57;354;4,5;0;
2007-06-08;22:00;0;968,5;968,5;968,3;-9999;20,6;16,9;25,9;20,6;17,4;16,5;81;56;80;307;1,8;,4;
2007-06-08;23:00;0;968,7;968,7;968,5;-9999;19,6;16;20,7;19,3;16,9;16;82;77;80;297;1,7;,8;
2007-06-09;00:00;0;969;969,1;968,7;-9999;18,6;16;19,7;18,3;16,1;15,5;85;78;85;260;1,5;,7;
2007-06-09;01:00;0;969,2;969,2;969;-9999;16,7;15,1;18,6;16,6;15,9;14,8;91;85;90;222;1,7;,4;
2007-06-09;02:00;0;969,4;969,4;969,1;-9999;16;14;17,3;15,8;15,4;14;92;85;88;317;2,5;0;
2007-06-09;03:00;0;969,3;969,4;969,2;-9999;15,1;13,8;16,6;15;15,1;13,1;93;86;92;23;1,6;0;
2007-06-09;04:00;0;969;969,2;969;-9999;15;13,9;15,7;14,8;14,4;13,3;93;90;93;265;1,3;0;
2007-06-09;05:00;0;969;969,2;969;-9999;13,7;12,6;15;13,7;13,8;12,5;93;90;93;305;0;0;
2007-06-09;06:00;0;969;969,1;969;-9999;14,3;13,4;14,4;13,3;13,4;12,1;95;92;94;122;2,8;0;
2007-06-09;07:00;0;969,1;969,2;968,9;-9999;13,3;12,3;14,4;13,2;13,4;12,2;95;92;94;318;2,4;0;
2007-06-09;08:00;0;969;969,1;968,9;-9999;13,4;12,6;13,7;13;12,8;12,1;95;93;95;261;2,9;2;
2007-06-09;09:00;0;969,4;969,4;969;-9999;13,3;12,2;13,8;13,1;12,7;12,1;95;92;93;185;2,9;0;
2007-06-09;10:00;0;970;970;969,4;-9999;12,2;11,5;13,3;12,2;12,2;11,4;96;92;95;259;1,5;0;
2007-06-09;11:00;0;970,7;970,7;970;109,4;13,9;12,9;13,9;12,1;12,9;11,3;96;94;94;204;,8;0;
2007-06-09;12:00;0;971,4;971,4;970,7;738,7;18,1;14,4;18,1;13,9;14,9;12,7;94;79;79;226;2;0;
2007-06-09;13:00;0;971,5;971,6;971,4;1346,1;21;14,7;21,3;18,1;15,7;14,1;79;66;67;108;2;,7;
2007-06-09;14:00;0;971,2;971,5;971,2;1936,3;25,2;16;25,2;21;16,5;14,8;70;55;57;33;3,8;2,1;
2007-06-09;15:00;0;970,3;971,2;970,3;2296,8;28,6;16,2;28,7;25;16,9;15,4;57;47;47;49;4;1,5;
2007-06-09;16:00;0;969,4;970,3;969,4;2312,5;31,3;13,6;31,3;28,6;16,4;13,3;48;34;34;2;6,1;2,6;
2007-06-09;17:00;0;968,5;969,3;968,4;2218,9;31,2;13,4;31,4;30,8;14;12,7;35;32;34;346;9,7;3,4;
2007-06-09;18:00;0;968;968,5;968;2045,3;31,3;13,4;31,8;31;14,7;12,7;36;32;34;357;10;3,3;
2007-06-09;19:00;0;967,6;968;967,6;1566,8;30,8;13,1;31,3;30,8;13,9;12,6;35;32;34;6;7,3;2,5;
2007-06-09;20:00;0;967,8;967,8;967,6;970,2;29,8;14,3;30,9;29,8;14,4;12,8;39;33;39;11;6,3;1,4;
2007-06-09;21:00;0;968,1;968,1;967,8;289,7;26,7;15,8;29,8;26,7;15,9;14,2;51;39;51;330;4,2;,4;
2007-06-09;22:00;0;968,3;968,3;968,1;-9999;22,1;16,7;26,7;22,1;16,7;15,6;71;50;71;330;2,4;0;
2007-06-09;23:00;0;968,7;968,8;968,2;-9999;20,4;16;22,1;19,6;16,8;16;80;71;76;322;2,4;,5;
2007-06-10;00:00;0;969,1;969,1;968,7;-9999;18,7;15,5;20,4;18,7;16;15,5;81;75;81;314;1,9;,2;
2007-06-10;01:00;0;969,6;969,6;969,1;-9999;18,3;15,1;18,9;18,3;15,6;15,1;82;81;82;46;1,1;0;
2007-06-10;02:00;0;969,8;969,9;969,5;-9999;18;14,9;18,5;17,4;15,6;14,9;88;81;82;308;2,9;,2;
2007-06-10;03:00;0;969,8;969,9;969,7;-9999;16,3;14,7;18;16,3;15,3;14,4;90;82;90;153;1,4;0;
2007-06-10;04:00;0;969,4;969,8;969,4;-9999;15,2;13,6;16,3;15;14,7;13,4;92;89;90;242;1,1;0;
2007-06-10;05:00;0;969,1;969,4;969,1;-9999;15,4;12,9;17,2;15,2;14,7;12,9;93;82;85;248;2,7;,1;
2007-06-10;06:00;0;968,9;969,2;968,8;-9999;14,4;13,1;15,4;14,2;13,5;12,3;93;85;92;12;1,1;0;
2007-06-10;07:00;0;969,1;969,2;968,8;-9999;14,2;13;14,8;13,3;13,9;11,7;96;89;92;78;2;0;
2007-06-10;08:00;0;969,4;969,4;969,1;-9999;12,6;11,9;14,2;12,5;13,1;11,7;96;92;95;214;,8;0;
2007-06-10;09:00;0;969,7;969,7;969,4;-9999;12,7;12,1;12,8;12,1;12,2;11,2;97;94;96;205;2,4;,8;
2007-06-10;10:00;0;970,3;970,3;969,7;-9999;12,9;11,9;13,2;12,2;12,4;11,2;97;93;93;260;3,1;1,9;
2007-06-10;11:00;0;971,1;971,1;970,3;115,7;13,4;12,3;13,4;12,1;12,3;11,2;95;93;93;244;3,1;0;
2007-06-10;12:00;0;971,5;971,5;971,1;710;18,7;15,5;18,7;13,4;15,5;12,4;93;81;82;76;1;0;
2007-06-10;13:00;0;971,8;971,8;971,5;1414,1;23;15,8;23;18,7;16;14,7;82;62;64;28;1,1;,1;
2007-06-10;14:00;0;971,5;971,8;971,4;1983,8;26,7;16;26,8;23;17,3;15,3;65;50;52;59;3,9;1,7;
2007-06-10;15:00;0;970,7;971,5;970,7;2349;29,6;16;29,6;26,7;17;14,9;52;43;44;30;3,8;2;
2007-06-10;16:00;0;969,9;970,7;969,9;2360,9;30,9;11;31,3;29,5;15,9;10,2;44;28;30;15;7,1;2,8;
2007-06-10;17:00;0;969;969,9;969;2268;31,2;10,9;31,7;30,8;11,7;10,3;31;27;29;354;7,6;2,7;
2007-06-10;18:00;0;968,3;969;968,2;2094,5;31,2;11,4;31,7;31,1;12,2;10,2;31;27;30;354;7,3;1,7;
2007-06-10;19:00;0;967,8;968,2;967,8;1640,6;30,6;11,5;31,4;30,6;12;10,6;31;28;31;9;5,9;2,3;
2007-06-10;20:00;0;967,7;967,8;967,7;993,3;29,8;12,1;30,6;29,8;12,9;10,9;35;30;34;355;5,5;,7;
2007-06-10;21:00;0;968,1;968,1;967,7;299,5;24,6;17;29,8;24,6;17,3;12,2;64;34;63;317;2,8;,6;
2007-06-10;22:00;0;968,5;968,5;968,1;-9999;20,8;16,2;24,5;20,5;16,9;15,9;75;61;75;357;2,3;0;
2007-06-10;23:00;0;969;969;968,5;-9999;19,2;14,6;20,9;19,2;16,3;14,5;76;73;74;270;1,8;,8;
2007-06-11;00:00;0;969,2;969,2;969;-9999;16,8;13,9;19,4;16,8;14,6;13,9;83;73;83;252;1,9;,1;
2007-06-11;01:00;0;969,2;969,3;969,2;-9999;16,5;13,8;17,3;16;14,7;13,8;88;83;84;247;3,6;,9;
2007-06-11;02:00;0;969,4;969,4;969,2;-9999;17,1;13,3;17,2;15,7;13,8;13,3;87;78;78;328;1,9;,4;
2007-06-11;03:00;0;969;969,4;969;-9999;17,2;13;18;17;13,3;13;78;74;76;298;2,2;1,6;
2007-06-11;04:00;0;969;969,1;969;-9999;16,8;12,8;17,8;16,8;13,1;12,8;77;73;77;273;3,1;1,1;
2007-06-11;05:00;0;969;969,1;968,8;-9999;15;12,9;16,9;14,6;13,1;12,5;88;77;87;212;2,1;0;
2007-06-11;06:00;0;968,6;969;968,6;-9999;13,3;11,9;15;13,1;12,9;11,5;92;85;91;23;1,9;0;
2007-06-11;07:00;-9999;-9999;-9999;-9999;-9999;-9999;-9999;-9999;-9999;-9999;-9999;-9999;-9999;-9999;-9999;-9999;-9999;
2007-06-11;08:00;-9999;-9999;-9999;-9999;-9999;-9999;-9999;-9999;-9999;-9999;-9999;-9999;-9999;-9999;-9999;-9999;-9999;
2007-06-11;09:00;-9999;-9999;-9999;-9999;-9999;-9999;-9999;-9999;-9999;-9999;-9999;-9999;-9999;-9999;-9999;-9999;-9999;
2007-06-11;10:00;-9999;-9999;-9999;-9999;-9999;-9999;-9999;-9999;-9999;-9999;-9999;-9999;-9999;-9999;-9999;-9999;-9999;
2007-06-11;11:00;-9999;-9999;-9999;-9999;-9999;-9999;-9999;-9999;-9999;-9999;-9999;-9999;-9999;-9999;-9999;-9999;-9999;
2007-06-11;12:00;-9999;-9999;-9999;-9999;-9999;-9999;-9999;-9999;-9999;-9999;-9999;-9999;-9999;-9999;-9999;-9999;-9999;
2007-06-11;13:00;-9999;-9999;-9999;-9999;-9999;-9999;-9999;-9999;-9999;-9999;-9999;-9999;-9999;-9999;-9999;-9999;-9999;
2007-06-11;14:00;0;971,6;971,9;971,6;1971,9;24,3;14,8;24,3;20,7;15,4;13,3;66;55;55;65;2,5;1,1;
2007-06-11;15:00;0;970,8;971,6;970,8;2334,8;27;14,8;27,1;24,2;15,7;13,6;57;45;47;60;3,6;1,8;
2007-06-11;16:00;0;969,6;970,8;969,6;2344,2;30,2;11,1;30,5;26,9;15,9;10;48;29;31;6;5,4;2,1;
2007-06-11;17:00;0;968,6;969,6;968,6;2260,6;30;9,6;30,6;29,7;12;9,2;33;27;28;23;9,3;3,7;
2007-06-11;18:00;0;968;968,6;968;2095,3;30,1;9,8;30,4;29,6;10,3;8,7;30;27;28;352;9,9;2,9;
2007-06-11;19:00;0;967,6;968;967,6;1634,5;29,6;10,3;30,1;29,4;10,9;9,1;32;27;30;357;8,2;1,9;
2007-06-11;20:00;0;967,5;967,6;967,4;987,2;28,8;11,2;29,7;28,8;11,7;10;34;30;34;349;5,3;1,3;
2007-06-11;21:00;0;967,7;967,7;967,5;302,1;24,5;15;29,1;24,5;15;11,2;55;34;55;330;2,8;,2;
2007-06-11;22:00;0;968,1;968,1;967,7;-9999;19,3;14,7;24,4;19,2;16;14,7;75;56;75;291;1,9;1;
2007-06-11;23:00;0;968,2;968,2;968,1;-9999;18;14,9;19,5;17,7;15;14,1;83;72;82;329;1,5;,2;
2007-06-12;00:00;0;968,6;968,6;968,2;-9999;16,7;13,5;18;16,6;14,8;13,5;83;80;82;250;1,9;0;
2007-06-12;01:00;0;968,5;968,7;968,5;-9999;15,4;13,4;16,7;15;13,6;12,9;89;82;88;330;1,1;,1;
2007-06-12;02:00;0;968,4;968,5;968,3;-9999;14,9;13,1;15,8;14,6;13,6;12,5;89;85;89;251;1,5;,7;
2007-06-12;03:00;0;968,3;968,5;968,2;-9999;14,1;11,9;15;13,7;13,2;11,7;90;86;87;344;1,9;,6;
2007-06-12;04:00;0;968,6;968,6;968,2;-9999;15;12,5;15;13,8;12,7;11,7;89;85;85;237;2,1;,8;
2007-06-12;05:00;0;969;969;968,6;-9999;13,9;11,8;15,5;13,4;12,7;11,2;89;81;87;281;2,8;1,3;
2007-06-12;06:00;0;968,9;969;968,8;-9999;13,1;11,7;14;12,9;11,9;11,1;91;87;91;204;2,2;0;
2007-06-12;07:00;0;969;969;968,7;-9999;12;10,8;13,1;12;11,6;10,8;94;90;93;270;1,5;0;
2007-06-12;08:00;-9999;-9999;-9999;-9999;-9999;-9999;-9999;-9999;-9999;-9999;-9999;-9999;-9999;-9999;-9999;-9999;-9999;
2007-06-12;09:00;-9999;-9999;-9999;-9999;-9999;-9999;-9999;-9999;-9999;-9999;-9999;-9999;-9999;-9999;-9999;-9999;-9999;
2007-06-12;10:00;-9999;-9999;-9999;-9999;-9999;-9999;-9999;-9999;-9999;-9999;-9999;-9999;-9999;-9999;-9999;-9999;-9999;
2007-06-12;11:00;-9999;-9999;-9999;-9999;-9999;-9999;-9999;-9999;-9999;-9999;-9999;-9999;-9999;-9999;-9999;-9999;-9999;
2007-06-12;12:00;-9999;-9999;-9999;-9999;-9999;-9999;-9999;-9999;-9999;-9999;-9999;-9999;-9999;-9999;-9999;-9999;-9999;
2007-06-12;13:00;0;971,9;971,9;971,3;1387,9;20,9;13,9;20,9;16,6;14,3;12,9;80;64;64;48;1,9;,1;
2007-06-12;14:00;0;971,9;972,1;971,9;1915,9;22,6;13,9;22,7;20,5;15,1;13,2;66;57;58;62;3,6;1,1;
2007-06-12;15:00;0;971,2;971,9;971,2;2273;25,8;14,8;25,8;22,6;14,8;13,7;59;50;51;67;4;1,5;
2007-06-12;16:00;0;970;971,2;970;2294,1;28,5;15;28,8;25,4;15,8;14,1;51;43;44;67;4;1,3;
2007-06-12;17:00;0;968,7;970;968,7;2207,8;30;12,1;30,8;28,2;15,3;11,8;44;32;33;23;8,1;3;
2007-06-12;18:00;0;967,9;968,7;967,9;2048;30,6;13;31,1;30;13,4;11,8;35;32;34;348;8,1;3;
2007-06-12;19:00;0;967,4;967,9;967,4;1597,9;30,1;13;30,7;29,9;13,5;12,2;36;33;35;4;7,5;2,6;
2007-06-12;20:00;0;967,1;967,4;967;974,9;29,1;13,2;30,1;29,1;13,3;12,3;38;34;38;9;7,1;1,7;
2007-06-12;21:00;0;967,4;967,4;967;297;25,9;15,3;29,1;25,9;15,3;12,9;52;37;52;352;3,9;,4;
2007-06-12;22:00;0;967,6;967,6;967,4;-9999;20,9;15,8;25,8;20,9;16,1;15;73;52;73;341;2;,1;
2007-06-12;23:00;0;967,8;967,8;967,6;-9999;18,6;15,2;21,1;18,5;15,8;15,2;81;71;81;327;1,2;,2;
2007-06-13;00:00;0;968,1;968,1;967,8;-9999;18,3;14,9;18,6;18;15,2;14,7;82;80;80;272;1,6;,2;
2007-06-13;01:00;0;968,2;968,3;968,1;-9999;16,9;14,2;18,7;16,9;15,1;14,2;84;79;84;325;1,3;0;
2007-06-13;02:00;0;968,4;968,4;968,2;-9999;15,2;13,3;17,3;15,1;14,8;13,1;89;84;89;266;2,1;1,6;
2007-06-13;03:00;-9999;-9999;-9999;-9999;-9999;-9999;-9999;-9999;-9999;-9999;-9999;-9999;-9999;-9999;-9999;-9999;-9999;
2007-06-13;04:00;-9999;-9999;-9999;-9999;-9999;-9999;-9999;-9999;-9999;-9999;-9999;-9999;-9999;-9999;-9999;-9999;-9999;
2007-06-13;05:00;-9999;-9999;-9999;-9999;-9999;-9999;-9999;-9999;-9999;-9999;-9999;-9999;-9999;-9999;-9999;-9999;-9999;
2007-06-13;06:00;0;967,3;967,9;967,3;-9999;14,6;13,1;15,5;14,3;13,5;12,7;91;87;91;221;1;0;
2007-06-13;07:00;-9999;-9999;-9999;-9999;-9999;-9999;-9999;-9999;-9999;-9999;-9999;-9999;-9999;-9999;-9999;-9999;-9999;
2007-06-13;08:00;-9999;-9999;-9999;-9999;-9999;-9999;-9999;-9999;-9999;-9999;-9999;-9999;-9999;-9999;-9999;-9999;-9999;
2007-06-13;09:00;-9999;-9999;-9999;-9999;-9999;-9999;-9999;-9999;-9999;-9999;-9999;-9999;-9999;-9999;-9999;-9999;-9999;
2007-06-13;10:00;0;968,4;968,4;967,4;-9999;13,2;12,3;13,3;12,1;12,6;11,1;97;93;94;111;1,3;,6;
2007-06-13;11:00;0;969;969;968,4;113,1;14;13;14;12,6;13;11,5;94;92;94;266;2,1;0;
2007-06-13;12:00;0;969,2;969,3;968,9;725;19;15,5;19,4;14;15,9;13,1;94;77;80;270;1,9;,2;
2007-06-13;13:00;0;969,4;969,5;969,2;1410,6;23,3;16,4;23,3;19;16,6;15,3;81;64;65;37;1,9;,9;
2007-06-13;14:00;0;969,2;969,4;969,2;1968,2;26,4;15,1;27;23,3;16,7;14,7;65;48;50;39;3,5;2;
2007-06-13;15:00;0;968,5;969,2;968,5;2304,3;29,7;13,5;29,7;26,4;16,7;12,8;51;36;37;13;8;2,8;
2007-06-13;16:00;0;967,6;968,5;967,6;2269,2;30,3;8,2;30,8;29,7;12,6;8,2;37;25;25;351;10,9;4,9;
2007-06-13;17:00;0;966,8;967,6;966,7;2270,6;31;9,4;31,3;30,2;9,9;7,8;27;24;26;358;10,9;4,3;
2007-06-13;18:00;0;966,5;966,8;966,5;2085;30,8;9,6;31,3;30,4;9,9;8,2;27;25;27;344;9,9;3,2;
2007-06-13;19:00;0;966,2;966,5;966,2;1647,4;30,5;10;31;30,4;10,7;8,3;29;25;28;327;10,7;3;
2007-06-13;20:00;0;966,2;966,3;966,2;963;29,4;11,6;30,5;29,4;12;9,9;34;28;33;323;8;1,6;
2007-06-13;21:00;0;966,7;966,7;966,2;259,6;24,1;15,3;29,4;24,1;15,3;11,2;58;33;58;319;4,4;,6;
2007-06-13;22:00;0;967;967;966,7;-9999;20,2;14,4;24,1;20,2;15,7;14,4;70;58;69;284;1,7;1,1;
2007-06-13;23:00;0;967,1;967,2;966,9;-9999;18,2;13,3;20,2;18,2;14,4;13,3;73;69;73;291;1,7;1;
2007-06-14;00:00;0;967,3;967,3;967,1;-9999;16,8;13,1;18,5;16,7;13,4;12,8;78;71;78;91;1,8;,1;
2007-06-14;01:00;0;967,8;967,8;967,3;-9999;16,6;13,3;17,5;15,2;13,8;12,2;85;76;81;132;1,3;0;
2007-06-14;02:00;-9999;-9999;-9999;-9999;-9999;-9999;-9999;-9999;-9999;-9999;-9999;-9999;-9999;-9999;-9999;-9999;-9999;
2007-06-14;03:00;-9999;-9999;-9999;-9999;-9999;-9999;-9999;-9999;-9999;-9999;-9999;-9999;-9999;-9999;-9999;-9999;-9999;
2007-06-14;04:00;-9999;-9999;-9999;-9999;-9999;-9999;-9999;-9999;-9999;-9999;-9999;-9999;-9999;-9999;-9999;-9999;-9999;
2007-06-14;05:00;-9999;-9999;-9999;-9999;-9999;-9999;-9999;-9999;-9999;-9999;-9999;-9999;-9999;-9999;-9999;-9999;-9999;
2007-06-14;06:00;0;967,5;967,8;967,5;-9999;12,8;10,8;14,9;12,8;11,8;10,7;88;82;88;302;2,5;,1;
2007-06-14;07:00;0;967,4;967,5;967,2;-9999;13;10,9;13,4;12,4;11,6;10,6;91;86;87;253;1,5;,6;
2007-06-14;08:00;-9999;-9999;-9999;-9999;-9999;-9999;-9999;-9999;-9999;-9999;-9999;-9999;-9999;-9999;-9999;-9999;-9999;
2007-06-14;09:00;0;967,6;967,6;967,4;-9999;12,1;10,7;12,2;11,6;10,7;10,1;91;89;91;272;2,5;1,5;
2007-06-14;10:00;-9999;-9999;-9999;-9999;-9999;-9999;-9999;-9999;-9999;-9999;-9999;-9999;-9999;-9999;-9999;-9999;-9999;
2007-06-14;11:00;-9999;-9999;-9999;-9999;-9999;-9999;-9999;-9999;-9999;-9999;-9999;-9999;-9999;-9999;-9999;-9999;-9999;
2007-06-14;12:00;-9999;-9999;-9999;-9999;-9999;-9999;-9999;-9999;-9999;-9999;-9999;-9999;-9999;-9999;-9999;-9999;-9999;
2007-06-14;13:00;0;970,1;970,1;969,6;1382,9;21,6;13,9;21,6;17,2;14,1;12,9;77;61;61;87;1,3;,1;
2007-06-14;14:00;0;970;970,2;970;1941,7;25,4;14,8;25,4;21,6;15,5;14;63;52;52;68;2,6;1,1;
2007-06-14;15:00;0;969,4;970;969,4;2320,6;28,4;13,4;28,8;25,4;15,1;12,8;52;39;40;357;4,9;2,1;
2007-06-14;16:00;0;968,3;969,4;968,3;2320,3;30,3;12,5;30,5;28,1;14,5;12,2;42;33;34;325;8,4;2,9;
2007-06-14;17:00;0;967,1;968,3;967,1;2118,3;30,3;12,7;30,8;30,1;13,1;11,8;35;32;34;326;9,9;3;
2007-06-14;18:00;0;966,6;967,1;966,6;1763,5;30,2;12;30,8;30,1;13,5;11,7;35;32;33;333;9,3;3,2;
2007-06-14;19:00;0;966,2;966,6;966,2;1243,8;29,4;13;30,3;29,4;13,5;11,7;38;32;37;330;8,8;2,1;
2007-06-14;20:00;0;966,3;966,3;966,1;605,2;27,4;14,6;29,4;27,4;14,6;13;46;36;46;343;6,1;1;
2007-06-14;21:00;0;966,4;966,5;966,2;162,1;22,8;17,7;27,4;22,8;17,8;14,7;73;46;73;318;2,2;,3;
2007-06-14;22:00;0;966,6;966,6;966,4;-9999;19,8;16;22,9;19,8;17,6;16;79;72;79;302;1,6;,4;
2007-06-14;23:00;0;966,5;966,6;966,5;-9999;18,4;15,1;20;18,3;16;15;81;77;81;335;1,3;,1;
2007-06-15;00:00;0;966,7;966,8;966,5;-9999;17,4;14,5;18,4;17,3;15,4;14,5;84;81;83;292;1,6;0;
2007-06-15;01:00;0;966,9;966,9;966,7;-9999;18,1;14,2;18,8;16,2;14,9;14;88;77;78;337;3,2;,8;
2007-06-15;02:00;-9999;-9999;-9999;-9999;-9999;-9999;-9999;-9999;-9999;-9999;-9999;-9999;-9999;-9999;-9999;-9999;-9999;
2007-06-15;03:00;-9999;-9999;-9999;-9999;-9999;-9999;-9999;-9999;-9999;-9999;-9999;-9999;-9999;-9999;-9999;-9999;-9999;
2007-06-15;04:00;0;967,1;967,4;967,1;-9999;15,4;13,1;16,4;15,1;13,3;12,8;87;81;86;360;2,8;,6;
2007-06-15;05:00;-9999;-9999;-9999;-9999;-9999;-9999;-9999;-9999;-9999;-9999;-9999;-9999;-9999;-9999;-9999;-9999;-9999;
2007-06-15;06:00;-9999;-9999;-9999;-9999;-9999;-9999;-9999;-9999;-9999;-9999;-9999;-9999;-9999;-9999;-9999;-9999;-9999;
2007-06-15;07:00;-9999;-9999;-9999;-9999;-9999;-9999;-9999;-9999;-9999;-9999;-9999;-9999;-9999;-9999;-9999;-9999;-9999;
2007-06-15;08:00;-9999;-9999;-9999;-9999;-9999;-9999;-9999;-9999;-9999;-9999;-9999;-9999;-9999;-9999;-9999;-9999;-9999;
2007-06-15;09:00;-9999;-9999;-9999;-9999;-9999;-9999;-9999;-9999;-9999;-9999;-9999;-9999;-9999;-9999;-9999;-9999;-9999;
2007-06-15;10:00;-9999;-9999;-9999;-9999;-9999;-9999;-9999;-9999;-9999;-9999;-9999;-9999;-9999;-9999;-9999;-9999;-9999;
2007-06-15;11:00;-9999;-9999;-9999;-9999;-9999;-9999;-9999;-9999;-9999;-9999;-9999;-9999;-9999;-9999;-9999;-9999;-9999;
2007-06-15;12:00;0;968,4;968,4;967,5;692,5;21,3;15,2;21,3;19,4;15,2;14;71;67;68;338;3,8;1,3;
2007-06-15;13:00;0;969,4;969,4;968,4;1356,6;24,7;15,9;24,7;21,3;16,3;15;68;58;58;333;5;1,6;
2007-06-15;14:00;0;970,1;970,1;969,3;1846,6;27,6;16,3;27,7;24,7;16,6;15,7;60;50;50;320;6,4;1,9;
2007-06-15;15:00;0;969,8;970,2;969,8;2250,8;29,8;16,3;29,9;27,6;17;15,8;50;44;44;324;8,2;3,3;
2007-06-15;16:00;0;969,4;969,9;969,4;2127,2;30;16,2;30,5;29,8;16,6;15,4;45;41;44;317;12,9;4,6;
2007-06-15;17:00;0;968,8;969,5;968,8;1865;30;16;30,4;29,7;16,8;15,5;45;41;43;316;13,1;5,1;
2007-06-15;18:00;0;968,4;968,8;968,4;1650,7;30,3;15,6;30,4;29,7;16,9;15,6;46;41;41;321;10,4;4,5;
2007-06-15;19:00;0;968,3;968,4;968,3;1249,8;29,7;15,3;30,6;29,7;16,1;15,1;43;40;42;320;9,9;3,8;
2007-06-15;20:00;0;968,4;968,4;968,1;806,3;29;16,3;29,9;29;16,3;15,1;46;41;46;323;9,5;2,1;
2007-06-15;21:00;0;968,9;968,9;968,4;246,1;26,1;16,9;29;26,1;17,3;16,1;57;46;57;342;6,8;,5;
2007-06-15;22:00;0;969,4;969,4;968,8;-9999;22,1;17,5;26,1;22,1;17,8;17;75;57;75;281;1,9;,5;
2007-06-15;23:00;0;970;970;969,4;-9999;20,7;17,3;22,3;20,6;17,6;17,1;81;74;81;245;2;1,4;
2007-06-16;00:00;0;971,4;971,4;970;-9999;22,7;18,1;23,4;20,7;18,1;17,4;81;70;75;239;7,8;1,7;
2007-06-16;01:00;0;972,2;972,2;971,4;-9999;21,5;17,9;22,7;21,5;18,1;17,9;80;75;80;225;5,2;1,2;
2007-06-16;02:00;0;972,6;972,7;972,2;-9999;20,5;17,8;21,5;20,5;17,9;17,7;85;80;85;187;4,1;1,7;
2007-06-16;03:00;0;973,1;973,1;972,6;-9999;20;17,6;20,5;20;17,9;17,6;86;85;86;207;8,1;2,5;
2007-06-16;04:00;0;973,7;973,7;973,1;-9999;18,6;16,1;20;18,6;17,5;16,1;87;85;85;194;8,1;2,1;
2007-06-16;05:00;0;974;974;973,4;-9999;17,4;14,9;18,5;17,4;16,1;14,9;87;85;85;182;8;3;
2007-06-16;06:00;0;973,5;974,1;973,5;-9999;16,7;14,7;17,4;16,6;15,1;14,7;89;85;88;189;9,3;1,4;
2007-06-16;07:00;-9999;-9999;-9999;-9999;-9999;-9999;-9999;-9999;-9999;-9999;-9999;-9999;-9999;-9999;-9999;-9999;-9999;
2007-06-16;08:00;-9999;-9999;-9999;-9999;-9999;-9999;-9999;-9999;-9999;-9999;-9999;-9999;-9999;-9999;-9999;-9999;-9999;
2007-06-16;09:00;-9999;-9999;-9999;-9999;-9999;-9999;-9999;-9999;-9999;-9999;-9999;-9999;-9999;-9999;-9999;-9999;-9999;
2007-06-16;10:00;-9999;-9999;-9999;-9999;-9999;-9999;-9999;-9999;-9999;-9999;-9999;-9999;-9999;-9999;-9999;-9999;-9999;
2007-06-16;11:00;-9999;-9999;-9999;-9999;-9999;-9999;-9999;-9999;-9999;-9999;-9999;-9999;-9999;-9999;-9999;-9999;-9999;
2007-06-16;12:00;-9999;-9999;-9999;-9999;-9999;-9999;-9999;-9999;-9999;-9999;-9999;-9999;-9999;-9999;-9999;-9999;-9999;
2007-06-16;13:00;-9999;-9999;-9999;-9999;-9999;-9999;-9999;-9999;-9999;-9999;-9999;-9999;-9999;-9999;-9999;-9999;-9999;
2007-06-16;14:00;-9999;-9999;-9999;-9999;-9999;-9999;-9999;-9999;-9999;-9999;-9999;-9999;-9999;-9999;-9999;-9999;-9999;
2007-06-16;15:00;-9999;-9999;-9999;-9999;-9999;-9999;-9999;-9999;-9999;-9999;-9999;-9999;-9999;-9999;-9999;-9999;-9999;
2007-06-16;16:00;-9999;-9999;-9999;-9999;-9999;-9999;-9999;-9999;-9999;-9999;-9999;-9999;-9999;-9999;-9999;-9999;-9999;
2007-06-16;17:00;-9999;-9999;-9999;-9999;-9999;-9999;-9999;-9999;-9999;-9999;-9999;-9999;-9999;-9999;-9999;-9999;-9999;
2007-06-16;18:00;-9999;-9999;-9999;-9999;-9999;-9999;-9999;-9999;-9999;-9999;-9999;-9999;-9999;-9999;-9999;-9999;-9999;
2007-06-16;19:00;-9999;-9999;-9999;-9999;-9999;-9999;-9999;-9999;-9999;-9999;-9999;-9999;-9999;-9999;-9999;-9999;-9999;
2007-06-16;20:00;-9999;-9999;-9999;-9999;-9999;-9999;-9999;-9999;-9999;-9999;-9999;-9999;-9999;-9999;-9999;-9999;-9999;
2007-06-16;21:00;-9999;-9999;-9999;-9999;-9999;-9999;-9999;-9999;-9999;-9999;-9999;-9999;-9999;-9999;-9999;-9999;-9999;
2007-06-16;22:00;-9999;-9999;-9999;-9999;-9999;-9999;-9999;-9999;-9999;-9999;-9999;-9999;-9999;-9999;-9999;-9999;-9999;
2007-06-16;23:00;-9999;-9999;-9999;-9999;-9999;-9999;-9999;-9999;-9999;-9999;-9999;-9999;-9999;-9999;-9999;-9999;-9999;
2007-06-17;00:00;-9999;-9999;-9999;-9999;-9999;-9999;-9999;-9999;-9999;-9999;-9999;-9999;-9999;-9999;-9999;-9999;-9999;
2007-06-17;01:00;-9999;-9999;-9999;-9999;-9999;-9999;-9999;-9999;-9999;-9999;-9999;-9999;-9999;-9999;-9999;-9999;-9999;
2007-06-17;02:00;-9999;-9999;-9999;-9999;-9999;-9999;-9999;-9999;-9999;-9999;-9999;-9999;-9999;-9999;-9999;-9999;-9999;
2007-06-17;03:00;-9999;-9999;-9999;-9999;-9999;-9999;-9999;-9999;-9999;-9999;-9999;-9999;-9999;-9999;-9999;-9999;-9999;
2007-06-17;04:00;-9999;-9999;-9999;-9999;-9999;-9999;-9999;-9999;-9999;-9999;-9999;-9999;-9999;-9999;-9999;-9999;-9999;
2007-06-17;05:00;-9999;-9999;-9999;-9999;-9999;-9999;-9999;-9999;-9999;-9999;-9999;-9999;-9999;-9999;-9999;-9999;-9999;
2007-06-17;06:00;-9999;-9999;-9999;-9999;-9999;-9999;-9999;-9999;-9999;-9999;-9999;-9999;-9999;-9999;-9999;-9999;-9999;
2007-06-17;07:00;-9999;-9999;-9999;-9999;-9999;-9999;-9999;-9999;-9999;-9999;-9999;-9999;-9999;-9999;-9999;-9999;-9999;
2007-06-17;08:00;-9999;-9999;-9999;-9999;-9999;-9999;-9999;-9999;-9999;-9999;-9999;-9999;-9999;-9999;-9999;-9999;-9999;
2007-06-17;09:00;-9999;-9999;-9999;-9999;-9999;-9999;-9999;-9999;-9999;-9999;-9999;-9999;-9999;-9999;-9999;-9999;-9999;
2007-06-17;10:00;-9999;-9999;-9999;-9999;-9999;-9999;-9999;-9999;-9999;-9999;-9999;-9999;-9999;-9999;-9999;-9999;-9999;
2007-06-17;11:00;-9999;-9999;-9999;-9999;-9999;-9999;-9999;-9999;-9999;-9999;-9999;-9999;-9999;-9999;-9999;-9999;-9999;
2007-06-17;12:00;-9999;-9999;-9999;-9999;-9999;-9999;-9999;-9999;-9999;-9999;-9999;-9999;-9999;-9999;-9999;-9999;-9999;
2007-06-17;13:00;-9999;-9999;-9999;-9999;-9999;-9999;-9999;-9999;-9999;-9999;-9999;-9999;-9999;-9999;-9999;-9999;-9999;
2007-06-17;14:00;-9999;-9999;-9999;-9999;-9999;-9999;-9999;-9999;-9999;-9999;-9999;-9999;-9999;-9999;-9999;-9999;-9999;
2007-06-17;15:00;-9999;-9999;-9999;-9999;-9999;-9999;-9999;-9999;-9999;-9999;-9999;-9999;-9999;-9999;-9999;-9999;-9999;
2007-06-17;16:00;0;971,8;972,5;971,8;2285,7;24,4;16,9;24,4;22,6;17,1;16,1;69;62;63;114;5,4;1,7;
2007-06-17;17:00;0;970,7;971,8;970,7;2162,8;27,6;17,3;27,6;24,2;17,8;16,8;64;53;54;96;5,4;1,7;
2007-06-17;18:00;0;969,7;970,6;969,7;1989,3;29,1;16,2;29,3;27,6;17,2;15,9;53;45;46;346;5,4;,9;
2007-06-17;19:00;0;969,5;969,7;969,5;1503,8;30,2;12,9;30,4;28,5;17,4;12,9;49;34;35;348;6,9;3,1;
2007-06-17;20:00;0;969,5;969,6;969,5;963;29,4;14,9;30,4;29,3;14,9;12,7;41;34;41;357;6,9;1,1;
2007-06-17;21:00;0;969,7;969,7;969,5;286,6;24,8;17,8;29,6;24,8;17,8;14,3;65;40;65;312;3,2;,9;
2007-06-17;22:00;0;970,1;970,1;969,7;-9999;21,8;16;24,8;21,7;17,8;16;73;65;69;287;2,4;1,7;
2007-06-17;23:00;0;970,6;970,6;970,1;-9999;20,4;16,1;21,9;19,7;16,1;15,7;79;69;76;271;2,9;1,8;
2007-06-18;00:00;0;971,4;971,4;970,6;-9999;18,6;16,1;20,7;18,1;16,1;15,1;85;74;85;111;3,2;,8;
2007-06-18;01:00;0;972;972;971,4;-9999;16,6;14,6;18,7;16,6;16,1;14,6;88;82;88;202;1,9;,6;
2007-06-18;02:00;0;972,3;972,3;972;-9999;17,6;15,1;17,7;16,4;15,4;14,5;89;85;85;267;2,8;1,7;
2007-06-18;03:00;0;972,3;972,4;972,2;-9999;16,4;14,7;17,6;15,5;15,1;13,9;92;85;89;271;2,8;2;
2007-06-18;04:00;-9999;-9999;-9999;-9999;-9999;-9999;-9999;-9999;-9999;-9999;-9999;-9999;-9999;-9999;-9999;-9999;-9999;
2007-06-18;05:00;-9999;-9999;-9999;-9999;-9999;-9999;-9999;-9999;-9999;-9999;-9999;-9999;-9999;-9999;-9999;-9999;-9999;
2007-06-18;06:00;-9999;-9999;-9999;-9999;-9999;-9999;-9999;-9999;-9999;-9999;-9999;-9999;-9999;-9999;-9999;-9999;-9999;
2007-06-18;07:00;-9999;-9999;-9999;-9999;-9999;-9999;-9999;-9999;-9999;-9999;-9999;-9999;-9999;-9999;-9999;-9999;-9999;
2007-06-18;08:00;-9999;-9999;-9999;-9999;-9999;-9999;-9999;-9999;-9999;-9999;-9999;-9999;-9999;-9999;-9999;-9999;-9999;
2007-06-18;09:00;-9999;-9999;-9999;-9999;-9999;-9999;-9999;-9999;-9999;-9999;-9999;-9999;-9999;-9999;-9999;-9999;-9999;
2007-06-18;10:00;-9999;-9999;-9999;-9999;-9999;-9999;-9999;-9999;-9999;-9999;-9999;-9999;-9999;-9999;-9999;-9999;-9999;
2007-06-18;11:00;-9999;-9999;-9999;-9999;-9999;-9999;-9999;-9999;-9999;-9999;-9999;-9999;-9999;-9999;-9999;-9999;-9999;
2007-06-18;12:00;-9999;-9999;-9999;-9999;-9999;-9999;-9999;-9999;-9999;-9999;-9999;-9999;-9999;-9999;-9999;-9999;-9999;
2007-06-18;13:00;-9999;-9999;-9999;-9999;-9999;-9999;-9999;-9999;-9999;-9999;-9999;-9999;-9999;-9999;-9999;-9999;-9999;
2007-06-18;14:00;0;973,9;974,2;973,9;1851,8;25,8;15,8;25,9;22,7;17,6;15,8;71;54;54;54;4,2;2,1;
2007-06-18;15:00;0;973,1;973,9;973,1;2235,4;28;14,1;28;25,8;16,7;13,5;56;42;43;74;4,6;2,5;
2007-06-18;16:00;0;972,3;973,2;972,3;2294,2;29,6;13,4;29,7;27,9;15,6;13,4;45;37;37;75;5,8;3;
2007-06-18;17:00;0;971,3;972,3;971,3;2193,3;30,7;11,4;30,7;29,4;13,5;10,8;38;30;31;18;6,9;2,3;
2007-06-18;18:00;0;970,7;971,3;970,6;1905,6;30,5;11;31,3;29,4;12,1;9,6;32;27;30;21;6,4;2,2;
2007-06-18;19:00;0;970,1;970,7;970,1;1344,7;29;10,1;31,6;29;11,7;9,5;33;26;31;336;5,7;1,7;
2007-06-18;20:00;0;969,8;970,1;969,8;770;29,8;13,8;30;28;15,8;10,2;46;31;38;311;4,1;,7;
2007-06-18;21:00;0;969,9;969,9;969,8;277;24,2;17,8;29,8;24,2;17,8;14,7;68;38;68;292;2;,6;
2007-06-18;22:00;0;970;970;969,9;-9999;21,4;14,3;24,2;21,4;17,9;14,3;71;63;64;255;1,8;,8;
2007-06-18;23:00;0;970,4;970,4;970;-9999;18,9;14,9;21,4;18,5;15,2;14,1;79;63;77;51;2,4;,2;
2007-06-19;00:00;0;970,5;970,6;970,3;-9999;16,9;14,1;19;16,8;14,9;14,1;84;76;83;275;1,6;1,3;
2007-06-19;01:00;-9999;-9999;-9999;-9999;-9999;-9999;-9999;-9999;-9999;-9999;-9999;-9999;-9999;-9999;-9999;-9999;-9999;
2007-06-19;02:00;-9999;-9999;-9999;-9999;-9999;-9999;-9999;-9999;-9999;-9999;-9999;-9999;-9999;-9999;-9999;-9999;-9999;
2007-06-19;03:00;-9999;-9999;-9999;-9999;-9999;-9999;-9999;-9999;-9999;-9999;-9999;-9999;-9999;-9999;-9999;-9999;-9999;
2007-06-19;04:00;-9999;-9999;-9999;-9999;-9999;-9999;-9999;-9999;-9999;-9999;-9999;-9999;-9999;-9999;-9999;-9999;-9999;
2007-06-19;05:00;-9999;-9999;-9999;-9999;-9999;-9999;-9999;-9999;-9999;-9999;-9999;-9999;-9999;-9999;-9999;-9999;-9999;
2007-06-19;06:00;-9999;-9999;-9999;-9999;-9999;-9999;-9999;-9999;-9999;-9999;-9999;-9999;-9999;-9999;-9999;-9999;-9999;
2007-06-19;07:00;-9999;-9999;-9999;-9999;-9999;-9999;-9999;-9999;-9999;-9999;-9999;-9999;-9999;-9999;-9999;-9999;-9999;
2007-06-19;08:00;-9999;-9999;-9999;-9999;-9999;-9999;-9999;-9999;-9999;-9999;-9999;-9999;-9999;-9999;-9999;-9999;-9999;
2007-06-19;09:00;-9999;-9999;-9999;-9999;-9999;-9999;-9999;-9999;-9999;-9999;-9999;-9999;-9999;-9999;-9999;-9999;-9999;
2007-06-19;10:00;-9999;-9999;-9999;-9999;-9999;-9999;-9999;-9999;-9999;-9999;-9999;-9999;-9999;-9999;-9999;-9999;-9999;
2007-06-19;11:00;-9999;-9999;-9999;-9999;-9999;-9999;-9999;-9999;-9999;-9999;-9999;-9999;-9999;-9999;-9999;-9999;-9999;
2007-06-19;12:00;-9999;-9999;-9999;-9999;-9999;-9999;-9999;-9999;-9999;-9999;-9999;-9999;-9999;-9999;-9999;-9999;-9999;
2007-06-19;13:00;-9999;-9999;-9999;-9999;-9999;-9999;-9999;-9999;-9999;-9999;-9999;-9999;-9999;-9999;-9999;-9999;-9999;
2007-06-19;14:00;-9999;-9999;-9999;-9999;-9999;-9999;-9999;-9999;-9999;-9999;-9999;-9999;-9999;-9999;-9999;-9999;-9999;
2007-06-19;15:00;-9999;-9999;-9999;-9999;-9999;-9999;-9999;-9999;-9999;-9999;-9999;-9999;-9999;-9999;-9999;-9999;-9999;
2007-06-19;16:00;0;971;971,9;971;2218,4;30,7;11,2;31,4;27,9;16,1;11,2;47;30;30;357;6,3;2,1;
2007-06-19;17:00;0;970;971;970;2160,9;31,4;11,8;31,4;30,5;12,5;10,6;32;28;30;6;7,9;2,5;
2007-06-19;18:00;0;969,5;970;969,4;2006,6;31,2;11,7;32;30,8;12,7;10,7;31;28;30;12;8,4;2,7;
2007-06-19;19:00;0;969;969,5;969;1566,9;30,9;11,6;31,3;30,7;12,1;11;31;29;31;5;7,8;2,5;
2007-06-19;20:00;0;968,7;969;968,7;920,1;30,4;12,3;30,9;30,1;12,3;11,3;33;30;33;7;6,8;1,8;
2007-06-19;21:00;0;968,9;969;968,8;268,2;26,6;14,4;30,4;26,6;14,6;12,1;47;33;47;343;4,4;,6;
2007-06-19;22:00;0;968,9;969;968,8;-9999;21,6;16,1;26,6;21,5;16,2;14,4;72;47;71;350;2,5;,5;
2007-06-19;23:00;0;969,2;969,2;968,9;-9999;20,3;15,2;21,6;20,3;16,2;15,2;76;69;73;332;2;,5;
2007-06-20;00:00;0;969,9;969,9;969,2;-9999;19,7;15,1;20,4;19,4;15,3;15,1;77;72;75;355;2,3;,7;
2007-06-20;01:00;0;970,2;970,3;969,9;-9999;18,1;14,8;19,6;18,1;15,1;14,6;81;75;81;347;1,9;,2;
2007-06-20;02:00;-9999;-9999;-9999;-9999;-9999;-9999;-9999;-9999;-9999;-9999;-9999;-9999;-9999;-9999;-9999;-9999;-9999;
2007-06-20;03:00;-9999;-9999;-9999;-9999;-9999;-9999;-9999;-9999;-9999;-9999;-9999;-9999;-9999;-9999;-9999;-9999;-9999;
2007-06-20;04:00;-9999;-9999;-9999;-9999;-9999;-9999;-9999;-9999;-9999;-9999;-9999;-9999;-9999;-9999;-9999;-9999;-9999;
2007-06-20;05:00;-9999;-9999;-9999;-9999;-9999;-9999;-9999;-9999;-9999;-9999;-9999;-9999;-9999;-9999;-9999;-9999;-9999;
2007-06-20;06:00;-9999;-9999;-9999;-9999;-9999;-9999;-9999;-9999;-9999;-9999;-9999;-9999;-9999;-9999;-9999;-9999;-9999;
2007-06-20;07:00;-9999;-9999;-9999;-9999;-9999;-9999;-9999;-9999;-9999;-9999;-9999;-9999;-9999;-9999;-9999;-9999;-9999;
2007-06-20;08:00;-9999;-9999;-9999;-9999;-9999;-9999;-9999;-9999;-9999;-9999;-9999;-9999;-9999;-9999;-9999;-9999;-9999;
2007-06-20;09:00;-9999;-9999;-9999;-9999;-9999;-9999;-9999;-9999;-9999;-9999;-9999;-9999;-9999;-9999;-9999;-9999;-9999;
2007-06-20;10:00;-9999;-9999;-9999;-9999;-9999;-9999;-9999;-9999;-9999;-9999;-9999;-9999;-9999;-9999;-9999;-9999;-9999;
2007-06-20;11:00;-9999;-9999;-9999;-9999;-9999;-9999;-9999;-9999;-9999;-9999;-9999;-9999;-9999;-9999;-9999;-9999;-9999;
2007-06-20;12:00;-9999;-9999;-9999;-9999;-9999;-9999;-9999;-9999;-9999;-9999;-9999;-9999;-9999;-9999;-9999;-9999;-9999;
2007-06-20;13:00;-9999;-9999;-9999;-9999;-9999;-9999;-9999;-9999;-9999;-9999;-9999;-9999;-9999;-9999;-9999;-9999;-9999;
2007-06-20;14:00;0;972;972,2;971,9;1860,9;28;13,9;28;23,9;15,3;13,4;57;41;42;31;5,5;2,5;
2007-06-20;15:00;0;971,4;972;971,4;2108,8;29,7;13,1;30,2;27,9;14,1;12,4;42;34;36;12;6,2;2,2;
2007-06-20;16:00;0;970,5;971,4;970,5;2283,1;31,4;11,9;31,6;29,7;13,8;11,7;37;30;30;359;8;2,9;
2007-06-20;17:00;0;969,6;970,5;969,6;2166,3;31,5;11,6;31,6;30,8;12,9;11;32;29;30;21;9;3,9;
2007-06-20;18:00;0;969,1;969,6;969,1;2021,9;31,9;12,3;32;31,2;12,3;11,2;31;29;30;1;9,8;2,9;
2007-06-20;19:00;0;968,9;969,2;968,8;1588,8;31,3;12,2;31,9;31;12,3;11,4;31;29;31;357;9,8;3,3;
2007-06-20;20:00;0;968,9;968,9;968,8;920,6;30,4;12,6;31,3;30,3;12,6;11,5;34;30;34;12;8,2;2;
2007-06-20;21:00;0;969,1;969,1;968,9;312,5;26,1;15,9;30,4;26,1;16,5;12,6;55;34;53;320;5,5;1;
2007-06-20;22:00;0;969,6;969,6;969,1;-9999;21,7;16,2;26,1;21,7;16,2;15,3;71;52;71;320;2,1;1;
2007-06-20;23:00;0;969,9;969,9;969,6;-9999;19,7;15,6;21,7;19,7;16,2;15,6;78;71;77;310;2;,1;
2007-06-21;00:00;0;970,1;970,1;969,9;-9999;18,7;14,8;19,7;18,7;15,7;14,8;79;77;78;279;1,8;,4;
2007-06-21;01:00;-9999;-9999;-9999;-9999;-9999;-9999;-9999;-9999;-9999;-9999;-9999;-9999;-9999;-9999;-9999;-9999;-9999;
2007-06-21;02:00;0;970,6;970,6;970,1;-9999;17,6;14,6;18;17,3;14,7;14,3;84;80;83;64;4,3;1,3;
2007-06-21;03:00;-9999;-9999;-9999;-9999;-9999;-9999;-9999;-9999;-9999;-9999;-9999;-9999;-9999;-9999;-9999;-9999;-9999;
2007-06-21;04:00;-9999;-9999;-9999;-9999;-9999;-9999;-9999;-9999;-9999;-9999;-9999;-9999;-9999;-9999;-9999;-9999;-9999;
2007-06-21;05:00;-9999;-9999;-9999;-9999;-9999;-9999;-9999;-9999;-9999;-9999;-9999;-9999;-9999;-9999;-9999;-9999;-9999;
2007-06-21;06:00;-9999;-9999;-9999;-9999;-9999;-9999;-9999;-9999;-9999;-9999;-9999;-9999;-9999;-9999;-9999;-9999;-9999;
2007-06-21;07:00;-9999;-9999;-9999;-9999;-9999;-9999;-9999;-9999;-9999;-9999;-9999;-9999;-9999;-9999;-9999;-9999;-9999;
2007-06-21;08:00;-9999;-9999;-9999;-9999;-9999;-9999;-9999;-9999;-9999;-9999;-9999;-9999;-9999;-9999;-9999;-9999;-9999;
2007-06-21;09:00;-9999;-9999;-9999;-9999;-9999;-9999;-9999;-9999;-9999;-9999;-9999;-9999;-9999;-9999;-9999;-9999;-9999;
2007-06-21;10:00;-9999;-9999;-9999;-9999;-9999;-9999;-9999;-9999;-9999;-9999;-9999;-9999;-9999;-9999;-9999;-9999;-9999;
2007-06-21;11:00;-9999;-9999;-9999;-9999;-9999;-9999;-9999;-9999;-9999;-9999;-9999;-9999;-9999;-9999;-9999;-9999;-9999;
2007-06-21;12:00;-9999;-9999;-9999;-9999;-9999;-9999;-9999;-9999;-9999;-9999;-9999;-9999;-9999;-9999;-9999;-9999;-9999;
2007-06-21;13:00;-9999;-9999;-9999;-9999;-9999;-9999;-9999;-9999;-9999;-9999;-9999;-9999;-9999;-9999;-9999;-9999;-9999;
2007-06-21;14:00;-9999;-9999;-9999;-9999;-9999;-9999;-9999;-9999;-9999;-9999;-9999;-9999;-9999;-9999;-9999;-9999;-9999;
2007-06-21;15:00;0;973,5;974,3;973,5;2245,9;29,1;12,3;29,3;26,2;13,4;11,8;44;34;36;64;5,6;2,9;
2007-06-21;16:00;0;972,3;973,5;972,3;2291,8;30,5;10,6;30,9;29,2;12,3;10,2;35;29;29;34;9,1;3,4;
2007-06-21;17:00;0;971,4;972,3;971,4;2151,6;31,3;10,5;31,4;30,1;11,4;9,8;31;27;28;349;8,7;2,4;
2007-06-21;18:00;0;970,6;971,4;970,6;2054,4;31,3;10,4;31,7;30,9;11,1;9,8;29;27;28;1;6,1;2;
2007-06-21;19:00;0;970,1;970,6;970,1;1605,8;30,7;11,6;31,9;30,7;12,2;9,8;31;27;31;10;5,8;1,9;
2007-06-21;20:00;0;969,9;970,2;969,9;971,7;29,6;11,5;31,5;29,6;12,2;10,8;33;29;33;25;5;2;
2007-06-21;21:00;0;970,1;970,1;969,9;258,5;26,6;14,1;29,6;26,6;14,4;11,5;46;33;46;19;3,7;1;
2007-06-21;22:00;0;970,2;970,2;970;-9999;21,7;14,9;26,6;21,5;15,1;13,8;67;46;65;272;3,2;,9;
2007-06-21;23:00;0;970,5;970,5;970,2;-9999;19,6;15,1;21,7;19,6;15,1;14,6;75;65;75;259;1,7;1;
2007-06-22;00:00;-9999;-9999;-9999;-9999;-9999;-9999;-9999;-9999;-9999;-9999;-9999;-9999;-9999;-9999;-9999;-9999;-9999;
2007-06-22;01:00;0;971,2;971,3;971;-9999;16,8;13,7;19;16,8;14,8;13,7;82;76;82;263;1,3;,3;
2007-06-22;02:00;-9999;-9999;-9999;-9999;-9999;-9999;-9999;-9999;-9999;-9999;-9999;-9999;-9999;-9999;-9999;-9999;-9999;
2007-06-22;03:00;-9999;-9999;-9999;-9999;-9999;-9999;-9999;-9999;-9999;-9999;-9999;-9999;-9999;-9999;-9999;-9999;-9999;
2007-06-22;04:00;-9999;-9999;-9999;-9999;-9999;-9999;-9999;-9999;-9999;-9999;-9999;-9999;-9999;-9999;-9999;-9999;-9999;
2007-06-22;05:00;-9999;-9999;-9999;-9999;-9999;-9999;-9999;-9999;-9999;-9999;-9999;-9999;-9999;-9999;-9999;-9999;-9999;
2007-06-22;06:00;-9999;-9999;-9999;-9999;-9999;-9999;-9999;-9999;-9999;-9999;-9999;-9999;-9999;-9999;-9999;-9999;-9999;
2007-06-22;07:00;-9999;-9999;-9999;-9999;-9999;-9999;-9999;-9999;-9999;-9999;-9999;-9999;-9999;-9999;-9999;-9999;-9999;
2007-06-22;08:00;-9999;-9999;-9999;-9999;-9999;-9999;-9999;-9999;-9999;-9999;-9999;-9999;-9999;-9999;-9999;-9999;-9999;
2007-06-22;09:00;-9999;-9999;-9999;-9999;-9999;-9999;-9999;-9999;-9999;-9999;-9999;-9999;-9999;-9999;-9999;-9999;-9999;
2007-06-22;10:00;-9999;-9999;-9999;-9999;-9999;-9999;-9999;-9999;-9999;-9999;-9999;-9999;-9999;-9999;-9999;-9999;-9999;
2007-06-22;11:00;-9999;-9999;-9999;-9999;-9999;-9999;-9999;-9999;-9999;-9999;-9999;-9999;-9999;-9999;-9999;-9999;-9999;
2007-06-22;12:00;-9999;-9999;-9999;-9999;-9999;-9999;-9999;-9999;-9999;-9999;-9999;-9999;-9999;-9999;-9999;-9999;-9999;
2007-06-22;13:00;-9999;-9999;-9999;-9999;-9999;-9999;-9999;-9999;-9999;-9999;-9999;-9999;-9999;-9999;-9999;-9999;-9999;
2007-06-22;14:00;-9999;-9999;-9999;-9999;-9999;-9999;-9999;-9999;-9999;-9999;-9999;-9999;-9999;-9999;-9999;-9999;-9999;
2007-06-22;15:00;0;971;972;971;2294,7;29;10,7;29;26,2;13,3;10,7;43;32;32;20;9,3;3,4;
2007-06-22;16:00;0;970,1;971;970,1;2336,7;30,4;10,9;30,6;29;11,2;9,7;33;28;30;3;8,8;3;
2007-06-22;17:00;0;968,8;970,1;968,8;2222,3;30,9;10,1;30,9;29,7;11,2;9,4;30;27;28;343;8,4;3,2;
2007-06-22;18:00;0;967,9;968,8;967,9;2070,1;30,5;9,4;30,9;30,2;10,1;8,8;28;26;27;333;8,8;3;
2007-06-22;19:00;0;967;967,9;967;1631,9;30,2;9,6;30,8;30,1;9,9;8,6;28;26;28;359;7,6;2,6;
2007-06-22;20:00;0;966,8;967;966,8;991;29,3;9,6;30,4;29,3;10,1;8,9;29;27;29;12;6,2;2;
2007-06-22;21:00;0;967;967;966,7;302,7;26;12,2;29,3;26;12,6;9,6;43;29;42;344;4,4;,2;
2007-06-22;22:00;0;966,7;967;966,7;-9999;19,9;14;26;19,9;14,6;12,3;69;42;69;342;2,3;,2;
2007-06-22;23:00;0;966,9;967,1;966,6;-9999;18,9;12,6;20,5;18,8;14,1;12,3;70;60;67;348;2,4;,5;
2007-06-23;00:00;-9999;-9999;-9999;-9999;-9999;-9999;-9999;-9999;-9999;-9999;-9999;-9999;-9999;-9999;-9999;-9999;-9999;
2007-06-23;01:00;-9999;-9999;-9999;-9999;-9999;-9999;-9999;-9999;-9999;-9999;-9999;-9999;-9999;-9999;-9999;-9999;-9999;
2007-06-23;02:00;-9999;-9999;-9999;-9999;-9999;-9999;-9999;-9999;-9999;-9999;-9999;-9999;-9999;-9999;-9999;-9999;-9999;
2007-06-23;03:00;-9999;-9999;-9999;-9999;-9999;-9999;-9999;-9999;-9999;-9999;-9999;-9999;-9999;-9999;-9999;-9999;-9999;
2007-06-23;04:00;-9999;-9999;-9999;-9999;-9999;-9999;-9999;-9999;-9999;-9999;-9999;-9999;-9999;-9999;-9999;-9999;-9999;
2007-06-23;05:00;-9999;-9999;-9999;-9999;-9999;-9999;-9999;-9999;-9999;-9999;-9999;-9999;-9999;-9999;-9999;-9999;-9999;
2007-06-23;06:00;-9999;-9999;-9999;-9999;-9999;-9999;-9999;-9999;-9999;-9999;-9999;-9999;-9999;-9999;-9999;-9999;-9999;
2007-06-23;07:00;-9999;-9999;-9999;-9999;-9999;-9999;-9999;-9999;-9999;-9999;-9999;-9999;-9999;-9999;-9999;-9999;-9999;
2007-06-23;08:00;-9999;-9999;-9999;-9999;-9999;-9999;-9999;-9999;-9999;-9999;-9999;-9999;-9999;-9999;-9999;-9999;-9999;
2007-06-23;09:00;-9999;-9999;-9999;-9999;-9999;-9999;-9999;-9999;-9999;-9999;-9999;-9999;-9999;-9999;-9999;-9999;-9999;
2007-06-23;10:00;-9999;-9999;-9999;-9999;-9999;-9999;-9999;-9999;-9999;-9999;-9999;-9999;-9999;-9999;-9999;-9999;-9999;
2007-06-23;11:00;-9999;-9999;-9999;-9999;-9999;-9999;-9999;-9999;-9999;-9999;-9999;-9999;-9999;-9999;-9999;-9999;-9999;
2007-06-23;12:00;-9999;-9999;-9999;-9999;-9999;-9999;-9999;-9999;-9999;-9999;-9999;-9999;-9999;-9999;-9999;-9999;-9999;
2007-06-23;13:00;-9999;-9999;-9999;-9999;-9999;-9999;-9999;-9999;-9999;-9999;-9999;-9999;-9999;-9999;-9999;-9999;-9999;
2007-06-23;14:00;-9999;-9999;-9999;-9999;-9999;-9999;-9999;-9999;-9999;-9999;-9999;-9999;-9999;-9999;-9999;-9999;-9999;
2007-06-23;15:00;-9999;-9999;-9999;-9999;-9999;-9999;-9999;-9999;-9999;-9999;-9999;-9999;-9999;-9999;-9999;-9999;-9999;
2007-06-23;16:00;-9999;-9999;-9999;-9999;-9999;-9999;-9999;-9999;-9999;-9999;-9999;-9999;-9999;-9999;-9999;-9999;-9999;
2007-06-23;17:00;0;967,7;968,5;967,7;2261,7;30,9;8,2;31,2;29,9;9;6,6;27;22;24;327;11;3,8;
2007-06-23;18:00;0;967,3;967,7;967,2;2121,1;30,7;8,1;31,2;30,5;8,5;5,4;25;20;25;319;10,6;4;
2007-06-23;19:00;0;967;967,3;967;1665,6;30,3;9,8;30,7;29,9;10,1;7,6;29;24;28;323;8,8;2,6;
2007-06-23;20:00;0;967,3;967,3;966,9;1010,4;28,8;9;30,5;28,8;10,8;8,2;30;26;29;309;7,2;2,2;
2007-06-23;21:00;0;968;968,1;967,2;291,7;23,5;12,3;28,8;23,5;12,3;8,8;50;29;50;307;5,1;1,8;
2007-06-23;22:00;0;968,7;968,8;968;-9999;20;12,3;23,5;19,7;12,8;12,3;63;50;61;298;3,2;2;
2007-06-23;23:00;0;969,5;969,6;968,7;-9999;20,1;11,9;21;19,9;12,3;11,7;61;56;59;331;4,3;1,1;
2007-06-24;00:00;-9999;-9999;-9999;-9999;-9999;-9999;-9999;-9999;-9999;-9999;-9999;-9999;-9999;-9999;-9999;-9999;-9999;
2007-06-24;01:00;-9999;-9999;-9999;-9999;-9999;-9999;-9999;-9999;-9999;-9999;-9999;-9999;-9999;-9999;-9999;-9999;-9999;
2007-06-24;02:00;-9999;-9999;-9999;-9999;-9999;-9999;-9999;-9999;-9999;-9999;-9999;-9999;-9999;-9999;-9999;-9999;-9999;
2007-06-24;03:00;-9999;-9999;-9999;-9999;-9999;-9999;-9999;-9999;-9999;-9999;-9999;-9999;-9999;-9999;-9999;-9999;-9999;
2007-06-24;04:00;-9999;-9999;-9999;-9999;-9999;-9999;-9999;-9999;-9999;-9999;-9999;-9999;-9999;-9999;-9999;-9999;-9999;
2007-06-24;05:00;-9999;-9999;-9999;-9999;-9999;-9999;-9999;-9999;-9999;-9999;-9999;-9999;-9999;-9999;-9999;-9999;-9999;
2007-06-24;06:00;-9999;-9999;-9999;-9999;-9999;-9999;-9999;-9999;-9999;-9999;-9999;-9999;-9999;-9999;-9999;-9999;-9999;
2007-06-24;07:00;-9999;-9999;-9999;-9999;-9999;-9999;-9999;-9999;-9999;-9999;-9999;-9999;-9999;-9999;-9999;-9999;-9999;
2007-06-24;08:00;-9999;-9999;-9999;-9999;-9999;-9999;-9999;-9999;-9999;-9999;-9999;-9999;-9999;-9999;-9999;-9999;-9999;
2007-06-24;09:00;-9999;-9999;-9999;-9999;-9999;-9999;-9999;-9999;-9999;-9999;-9999;-9999;-9999;-9999;-9999;-9999;-9999;
2007-06-24;10:00;-9999;-9999;-9999;-9999;-9999;-9999;-9999;-9999;-9999;-9999;-9999;-9999;-9999;-9999;-9999;-9999;-9999;
2007-06-24;11:00;-9999;-9999;-9999;-9999;-9999;-9999;-9999;-9999;-9999;-9999;-9999;-9999;-9999;-9999;-9999;-9999;-9999;
2007-06-24;12:00;-9999;-9999;-9999;-9999;-9999;-9999;-9999;-9999;-9999;-9999;-9999;-9999;-9999;-9999;-9999;-9999;-9999;
2007-06-24;13:00;-9999;-9999;-9999;-9999;-9999;-9999;-9999;-9999;-9999;-9999;-9999;-9999;-9999;-9999;-9999;-9999;-9999;
2007-06-24;14:00;-9999;-9999;-9999;-9999;-9999;-9999;-9999;-9999;-9999;-9999;-9999;-9999;-9999;-9999;-9999;-9999;-9999;
2007-06-24;15:00;-9999;-9999;-9999;-9999;-9999;-9999;-9999;-9999;-9999;-9999;-9999;-9999;-9999;-9999;-9999;-9999;-9999;
2007-06-24;16:00;-9999;-9999;-9999;-9999;-9999;-9999;-9999;-9999;-9999;-9999;-9999;-9999;-9999;-9999;-9999;-9999;-9999;
2007-06-24;17:00;0;971,2;971,8;971,2;2171;30,9;13,2;30,9;29,5;13,2;11,7;35;32;34;307;10,1;3,8;
2007-06-24;18:00;0;971;971,2;970,9;1939,9;29,8;13,4;31;29,6;14,2;12;38;32;37;285;9,3;4,8;
2007-06-24;19:00;0;971;971;970,9;1614,3;29,6;13,8;30;29,4;14,5;12,8;40;35;38;281;8;3,7;
2007-06-24;20:00;0;971,2;971,3;970,9;725,5;27,1;16;29,6;27,1;16;12,9;51;36;51;291;5,8;2,1;
2007-06-24;21:00;0;971,7;971,7;971,2;170,4;25;16,2;27,1;24,3;17,4;16,1;63;51;58;241;2,9;1,4;
2007-06-24;22:00;0;972,6;972,6;971,7;-9999;23,6;16,2;25;23,4;16,7;16;66;58;63;179;5,9;,5;
2007-06-24;23:00;0;973,3;973,3;972,6;-9999;22,3;16;23,6;22,3;16,4;16;67;63;67;156;4;1;
2007-06-25;00:00;0;974,5;974,5;973,3;-9999;20,7;15,4;22,3;20,7;16;15,3;72;67;72;164;5,2;1,9;
2007-06-25;01:00;-9999;-9999;-9999;-9999;-9999;-9999;-9999;-9999;-9999;-9999;-9999;-9999;-9999;-9999;-9999;-9999;-9999;
2007-06-25;02:00;-9999;-9999;-9999;-9999;-9999;-9999;-9999;-9999;-9999;-9999;-9999;-9999;-9999;-9999;-9999;-9999;-9999;
2007-06-25;03:00;-9999;-9999;-9999;-9999;-9999;-9999;-9999;-9999;-9999;-9999;-9999;-9999;-9999;-9999;-9999;-9999;-9999;
2007-06-25;04:00;-9999;-9999;-9999;-9999;-9999;-9999;-9999;-9999;-9999;-9999;-9999;-9999;-9999;-9999;-9999;-9999;-9999;
2007-06-25;05:00;-9999;-9999;-9999;-9999;-9999;-9999;-9999;-9999;-9999;-9999;-9999;-9999;-9999;-9999;-9999;-9999;-9999;
2007-06-25;06:00;-9999;-9999;-9999;-9999;-9999;-9999;-9999;-9999;-9999;-9999;-9999;-9999;-9999;-9999;-9999;-9999;-9999;
2007-06-25;07:00;-9999;-9999;-9999;-9999;-9999;-9999;-9999;-9999;-9999;-9999;-9999;-9999;-9999;-9999;-9999;-9999;-9999;
2007-06-25;08:00;-9999;-9999;-9999;-9999;-9999;-9999;-9999;-9999;-9999;-9999;-9999;-9999;-9999;-9999;-9999;-9999;-9999;
2007-06-25;09:00;-9999;-9999;-9999;-9999;-9999;-9999;-9999;-9999;-9999;-9999;-9999;-9999;-9999;-9999;-9999;-9999;-9999;
2007-06-25;10:00;-9999;-9999;-9999;-9999;-9999;-9999;-9999;-9999;-9999;-9999;-9999;-9999;-9999;-9999;-9999;-9999;-9999;
2007-06-25;11:00;-9999;-9999;-9999;-9999;-9999;-9999;-9999;-9999;-9999;-9999;-9999;-9999;-9999;-9999;-9999;-9999;-9999;
2007-06-25;12:00;-9999;-9999;-9999;-9999;-9999;-9999;-9999;-9999;-9999;-9999;-9999;-9999;-9999;-9999;-9999;-9999;-9999;
2007-06-25;13:00;-9999;-9999;-9999;-9999;-9999;-9999;-9999;-9999;-9999;-9999;-9999;-9999;-9999;-9999;-9999;-9999;-9999;
2007-06-25;14:00;-9999;-9999;-9999;-9999;-9999;-9999;-9999;-9999;-9999;-9999;-9999;-9999;-9999;-9999;-9999;-9999;-9999;
2007-06-25;15:00;-9999;-9999;-9999;-9999;-9999;-9999;-9999;-9999;-9999;-9999;-9999;-9999;-9999;-9999;-9999;-9999;-9999;
2007-06-25;16:00;-9999;-9999;-9999;-9999;-9999;-9999;-9999;-9999;-9999;-9999;-9999;-9999;-9999;-9999;-9999;-9999;-9999;
2007-06-25;17:00;-9999;-9999;-9999;-9999;-9999;-9999;-9999;-9999;-9999;-9999;-9999;-9999;-9999;-9999;-9999;-9999;-9999;
2007-06-25;18:00;-9999;-9999;-9999;-9999;-9999;-9999;-9999;-9999;-9999;-9999;-9999;-9999;-9999;-9999;-9999;-9999;-9999;
2007-06-25;19:00;-9999;-9999;-9999;-9999;-9999;-9999;-9999;-9999;-9999;-9999;-9999;-9999;-9999;-9999;-9999;-9999;-9999;
2007-06-25;20:00;-9999;-9999;-9999;-9999;-9999;-9999;-9999;-9999;-9999;-9999;-9999;-9999;-9999;-9999;-9999;-9999;-9999;
2007-06-25;21:00;-9999;-9999;-9999;-9999;-9999;-9999;-9999;-9999;-9999;-9999;-9999;-9999;-9999;-9999;-9999;-9999;-9999;
2007-06-25;22:00;-9999;-9999;-9999;-9999;-9999;-9999;-9999;-9999;-9999;-9999;-9999;-9999;-9999;-9999;-9999;-9999;-9999;
2007-06-25;23:00;-9999;-9999;-9999;-9999;-9999;-9999;-9999;-9999;-9999;-9999;-9999;-9999;-9999;-9999;-9999;-9999;-9999;
2007-06-26;00:00;-9999;-9999;-9999;-9999;-9999;-9999;-9999;-9999;-9999;-9999;-9999;-9999;-9999;-9999;-9999;-9999;-9999;
2007-06-26;01:00;-9999;-9999;-9999;-9999;-9999;-9999;-9999;-9999;-9999;-9999;-9999;-9999;-9999;-9999;-9999;-9999;-9999;
2007-06-26;02:00;-9999;-9999;-9999;-9999;-9999;-9999;-9999;-9999;-9999;-9999;-9999;-9999;-9999;-9999;-9999;-9999;-9999;
2007-06-26;03:00;-9999;-9999;-9999;-9999;-9999;-9999;-9999;-9999;-9999;-9999;-9999;-9999;-9999;-9999;-9999;-9999;-9999;
2007-06-26;04:00;-9999;-9999;-9999;-9999;-9999;-9999;-9999;-9999;-9999;-9999;-9999;-9999;-9999;-9999;-9999;-9999;-9999;
2007-06-26;05:00;-9999;-9999;-9999;-9999;-9999;-9999;-9999;-9999;-9999;-9999;-9999;-9999;-9999;-9999;-9999;-9999;-9999;
2007-06-26;06:00;-9999;-9999;-9999;-9999;-9999;-9999;-9999;-9999;-9999;-9999;-9999;-9999;-9999;-9999;-9999;-9999;-9999;
2007-06-26;07:00;-9999;-9999;-9999;-9999;-9999;-9999;-9999;-9999;-9999;-9999;-9999;-9999;-9999;-9999;-9999;-9999;-9999;
2007-06-26;08:00;-9999;-9999;-9999;-9999;-9999;-9999;-9999;-9999;-9999;-9999;-9999;-9999;-9999;-9999;-9999;-9999;-9999;
2007-06-26;09:00;-9999;-9999;-9999;-9999;-9999;-9999;-9999;-9999;-9999;-9999;-9999;-9999;-9999;-9999;-9999;-9999;-9999;
2007-06-26;10:00;-9999;-9999;-9999;-9999;-9999;-9999;-9999;-9999;-9999;-9999;-9999;-9999;-9999;-9999;-9999;-9999;-9999;
2007-06-26;11:00;-9999;-9999;-9999;-9999;-9999;-9999;-9999;-9999;-9999;-9999;-9999;-9999;-9999;-9999;-9999;-9999;-9999;
2007-06-26;12:00;-9999;-9999;-9999;-9999;-9999;-9999;-9999;-9999;-9999;-9999;-9999;-9999;-9999;-9999;-9999;-9999;-9999;
2007-06-26;13:00;-9999;-9999;-9999;-9999;-9999;-9999;-9999;-9999;-9999;-9999;-9999;-9999;-9999;-9999;-9999;-9999;-9999;
2007-06-26;14:00;-9999;-9999;-9999;-9999;-9999;-9999;-9999;-9999;-9999;-9999;-9999;-9999;-9999;-9999;-9999;-9999;-9999;
2007-06-26;15:00;-9999;-9999;-9999;-9999;-9999;-9999;-9999;-9999;-9999;-9999;-9999;-9999;-9999;-9999;-9999;-9999;-9999;
2007-06-26;16:00;-9999;-9999;-9999;-9999;-9999;-9999;-9999;-9999;-9999;-9999;-9999;-9999;-9999;-9999;-9999;-9999;-9999;
2007-06-26;17:00;0;971,7;972,9;971,7;2063,8;29;13,3;29,2;26,9;14,9;12,2;47;37;38;359;7,3;2,6;
2007-06-26;18:00;0;971,1;971,7;971;1980,5;28,9;9,7;30;28,1;13,1;9,4;38;29;30;334;8,8;3,8;
2007-06-26;19:00;0;971,3;971,3;971;1241,8;28,1;10,8;29,8;28;11,1;9,6;34;29;34;311;9,9;3,4;
2007-06-26;20:00;0;971,4;971,4;971,2;643,7;27,3;10,7;28,4;27,3;11,5;10,1;37;32;35;307;7,4;3,4;
2007-06-26;21:00;0;971,9;971,9;971,3;116,4;22,4;13,5;27,3;22,4;13,5;10,8;57;35;57;305;5,8;1,8;
2007-06-26;22:00;0;972,4;972,4;971,9;-9999;20,1;13,1;22,3;20,1;13,9;13,1;65;57;64;285;2,5;1,3;
2007-06-26;23:00;-9999;-9999;-9999;-9999;-9999;-9999;-9999;-9999;-9999;-9999;-9999;-9999;-9999;-9999;-9999;-9999;-9999;
2007-06-27;00:00;0;973,4;973,4;973;-9999;18,8;13,3;20,2;17,9;13,7;12,6;76;62;70;264;3,2;1,4;
2007-06-27;01:00;0;973,8;973,8;973,4;-9999;17,2;13,2;18,9;17;13,7;13,2;80;70;78;249;2,3;1,5;
2007-06-27;02:00;-9999;-9999;-9999;-9999;-9999;-9999;-9999;-9999;-9999;-9999;-9999;-9999;-9999;-9999;-9999;-9999;-9999;
2007-06-27;03:00;-9999;-9999;-9999;-9999;-9999;-9999;-9999;-9999;-9999;-9999;-9999;-9999;-9999;-9999;-9999;-9999;-9999;
2007-06-27;04:00;-9999;-9999;-9999;-9999;-9999;-9999;-9999;-9999;-9999;-9999;-9999;-9999;-9999;-9999;-9999;-9999;-9999;
2007-06-27;05:00;-9999;-9999;-9999;-9999;-9999;-9999;-9999;-9999;-9999;-9999;-9999;-9999;-9999;-9999;-9999;-9999;-9999;
2007-06-27;06:00;-9999;-9999;-9999;-9999;-9999;-9999;-9999;-9999;-9999;-9999;-9999;-9999;-9999;-9999;-9999;-9999;-9999;
2007-06-27;07:00;-9999;-9999;-9999;-9999;-9999;-9999;-9999;-9999;-9999;-9999;-9999;-9999;-9999;-9999;-9999;-9999;-9999;
2007-06-27;08:00;0;972,9;973;972,7;-9999;16,3;14,3;17,1;16,3;14,4;14,2;88;84;88;350;1,5;0;
2007-06-27;09:00;0;973,3;973,3;972,8;-9999;15,7;14,3;16,3;15,6;14,4;14,2;92;88;91;281;1,6;,7;
2007-06-27;10:00;0;973,9;973,9;973,3;-9999;15,1;14;15,7;14,8;14,3;13,6;95;90;93;256;2,6;,4;
2007-06-27;11:00;0;974,5;974,6;973,9;52,2;15;14;15,3;13,7;14,2;12,4;96;90;94;345;2,1;0;
2007-06-27;12:00;0;975,3;975,3;974,5;291;17,6;15,7;17,6;15;15,8;14;94;88;88;161;3,2;1,1;
2007-06-27;13:00;0;975,8;975,9;975,3;408,1;18,2;15,3;18,3;17,6;15,8;15;88;83;83;165;4,1;1,8;
2007-06-27;14:00;0;975,9;976,1;975,8;1178,4;19,6;15,8;19,7;18,1;15,9;15,2;84;77;79;194;4,5;1,7;
2007-06-27;15:00;0;975,5;975,9;975,4;1221,8;20,2;15,8;20,7;19,7;16,3;15,4;79;74;76;186;5,1;2,2;
2007-06-27;16:00;0;975;975,5;975;1083,1;20,9;15,4;20,9;20;15,9;15,1;76;71;71;184;5,3;1,8;
2007-06-27;17:00;0;973,8;975;973,8;1051,9;20,8;15,1;21,2;20,5;15,6;15;72;69;70;230;3,8;1,5;
2007-06-27;18:00;0;973,3;973,8;973,3;659,2;21,3;15,3;21,4;20,8;15,7;15;71;68;69;208;2,9;1;
2007-06-27;19:00;0;972,8;973,3;972,8;977;22,4;15,4;22,5;21,1;15,8;15;70;63;64;146;3,1;,7;
2007-06-27;20:00;0;972,8;972,9;972,8;423,6;22;15,3;22,5;21,9;15,5;14,8;66;63;65;153;2,7;,5;
2007-06-27;21:00;0;972,9;972,9;972,8;85,6;21,3;15,7;22;21,3;15,7;15;70;65;70;191;1,7;0;
2007-06-27;22:00;0;973,2;973,2;972,9;-9999;20,9;15,6;21,3;20,6;16,2;15,6;76;71;72;203;1,9;,2;
2007-06-27;23:00;0;973,8;973,8;973,2;-9999;20;14,8;20,8;19,9;15,9;14,8;75;72;72;233;2,1;,1;
2007-06-28;00:00;0;974;974;973,8;-9999;18,3;13,4;20;18,2;14,8;13,4;74;71;73;187;2,2;,5;
2007-06-28;01:00;0;974,9;974,9;974;-9999;17,3;12,6;18,4;17,3;13,4;12,6;75;73;74;178;4,9;2,2;
2007-06-28;02:00;0;975;975,2;974,9;-9999;15,7;11,8;17,3;15,7;12,5;11,8;78;73;77;188;5,8;1;
2007-06-28;03:00;0;975;975,1;974,9;-9999;14,6;11,4;15,7;14,6;11,9;11,3;81;77;81;172;5,1;1,7;
2007-06-28;04:00;-9999;-9999;-9999;-9999;-9999;-9999;-9999;-9999;-9999;-9999;-9999;-9999;-9999;-9999;-9999;-9999;-9999;
2007-06-28;05:00;-9999;-9999;-9999;-9999;-9999;-9999;-9999;-9999;-9999;-9999;-9999;-9999;-9999;-9999;-9999;-9999;-9999;
2007-06-28;06:00;-9999;-9999;-9999;-9999;-9999;-9999;-9999;-9999;-9999;-9999;-9999;-9999;-9999;-9999;-9999;-9999;-9999;
2007-06-28;07:00;-9999;-9999;-9999;-9999;-9999;-9999;-9999;-9999;-9999;-9999;-9999;-9999;-9999;-9999;-9999;-9999;-9999;
2007-06-28;08:00;-9999;-9999;-9999;-9999;-9999;-9999;-9999;-9999;-9999;-9999;-9999;-9999;-9999;-9999;-9999;-9999;-9999;
2007-06-28;09:00;-9999;-9999;-9999;-9999;-9999;-9999;-9999;-9999;-9999;-9999;-9999;-9999;-9999;-9999;-9999;-9999;-9999;
2007-06-28;10:00;-9999;-9999;-9999;-9999;-9999;-9999;-9999;-9999;-9999;-9999;-9999;-9999;-9999;-9999;-9999;-9999;-9999;
2007-06-28;11:00;-9999;-9999;-9999;-9999;-9999;-9999;-9999;-9999;-9999;-9999;-9999;-9999;-9999;-9999;-9999;-9999;-9999;
2007-06-28;12:00;-9999;-9999;-9999;-9999;-9999;-9999;-9999;-9999;-9999;-9999;-9999;-9999;-9999;-9999;-9999;-9999;-9999;
2007-06-28;13:00;-9999;-9999;-9999;-9999;-9999;-9999;-9999;-9999;-9999;-9999;-9999;-9999;-9999;-9999;-9999;-9999;-9999;
2007-06-28;14:00;-9999;-9999;-9999;-9999;-9999;-9999;-9999;-9999;-9999;-9999;-9999;-9999;-9999;-9999;-9999;-9999;-9999;
2007-06-28;15:00;-9999;-9999;-9999;-9999;-9999;-9999;-9999;-9999;-9999;-9999;-9999;-9999;-9999;-9999;-9999;-9999;-9999;
2007-06-28;16:00;-9999;-9999;-9999;-9999;-9999;-9999;-9999;-9999;-9999;-9999;-9999;-9999;-9999;-9999;-9999;-9999;-9999;
2007-06-28;17:00;-9999;-9999;-9999;-9999;-9999;-9999;-9999;-9999;-9999;-9999;-9999;-9999;-9999;-9999;-9999;-9999;-9999;
2007-06-28;18:00;-9999;-9999;-9999;-9999;-9999;-9999;-9999;-9999;-9999;-9999;-9999;-9999;-9999;-9999;-9999;-9999;-9999;
2007-06-28;19:00;0;973,6;973,9;973,6;1581,4;22,3;12,3;22,6;20,7;12,6;11,7;58;52;53;198;3,9;,6;
2007-06-28;20:00;0;973,7;973,7;973,5;960,5;22,1;12,7;22,7;21,9;12,8;12;56;51;55;87;3,2;1;
2007-06-28;21:00;0;974;974;973,7;314,2;20,5;13,5;22,1;20,5;13,5;12,4;65;55;65;86;2,5;,8;
2007-06-28;22:00;0;974,4;974,4;974;-9999;17,4;13,5;20,4;17,4;14;13,3;78;65;78;80;1,6;0;
2007-06-28;23:00;-9999;-9999;-9999;-9999;-9999;-9999;-9999;-9999;-9999;-9999;-9999;-9999;-9999;-9999;-9999;-9999;-9999;
2007-06-29;00:00;-9999;-9999;-9999;-9999;-9999;-9999;-9999;-9999;-9999;-9999;-9999;-9999;-9999;-9999;-9999;-9999;-9999;
2007-06-29;01:00;-9999;-9999;-9999;-9999;-9999;-9999;-9999;-9999;-9999;-9999;-9999;-9999;-9999;-9999;-9999;-9999;-9999;
2007-06-29;02:00;-9999;-9999;-9999;-9999;-9999;-9999;-9999;-9999;-9999;-9999;-9999;-9999;-9999;-9999;-9999;-9999;-9999;
2007-06-29;03:00;-9999;-9999;-9999;-9999;-9999;-9999;-9999;-9999;-9999;-9999;-9999;-9999;-9999;-9999;-9999;-9999;-9999;
2007-06-29;04:00;-9999;-9999;-9999;-9999;-9999;-9999;-9999;-9999;-9999;-9999;-9999;-9999;-9999;-9999;-9999;-9999;-9999;
2007-06-29;05:00;-9999;-9999;-9999;-9999;-9999;-9999;-9999;-9999;-9999;-9999;-9999;-9999;-9999;-9999;-9999;-9999;-9999;
2007-06-29;06:00;-9999;-9999;-9999;-9999;-9999;-9999;-9999;-9999;-9999;-9999;-9999;-9999;-9999;-9999;-9999;-9999;-9999;
2007-06-29;07:00;-9999;-9999;-9999;-9999;-9999;-9999;-9999;-9999;-9999;-9999;-9999;-9999;-9999;-9999;-9999;-9999;-9999;
2007-06-29;08:00;-9999;-9999;-9999;-9999;-9999;-9999;-9999;-9999;-9999;-9999;-9999;-9999;-9999;-9999;-9999;-9999;-9999;
2007-06-29;09:00;-9999;-9999;-9999;-9999;-9999;-9999;-9999;-9999;-9999;-9999;-9999;-9999;-9999;-9999;-9999;-9999;-9999;
2007-06-29;10:00;-9999;-9999;-9999;-9999;-9999;-9999;-9999;-9999;-9999;-9999;-9999;-9999;-9999;-9999;-9999;-9999;-9999;
2007-06-29;11:00;-9999;-9999;-9999;-9999;-9999;-9999;-9999;-9999;-9999;-9999;-9999;-9999;-9999;-9999;-9999;-9999;-9999;
2007-06-29;12:00;-9999;-9999;-9999;-9999;-9999;-9999;-9999;-9999;-9999;-9999;-9999;-9999;-9999;-9999;-9999;-9999;-9999;
2007-06-29;13:00;-9999;-9999;-9999;-9999;-9999;-9999;-9999;-9999;-9999;-9999;-9999;-9999;-9999;-9999;-9999;-9999;-9999;
2007-06-29;14:00;-9999;-9999;-9999;-9999;-9999;-9999;-9999;-9999;-9999;-9999;-9999;-9999;-9999;-9999;-9999;-9999;-9999;
2007-06-29;15:00;-9999;-9999;-9999;-9999;-9999;-9999;-9999;-9999;-9999;-9999;-9999;-9999;-9999;-9999;-9999;-9999;-9999;
2007-06-29;16:00;-9999;-9999;-9999;-9999;-9999;-9999;-9999;-9999;-9999;-9999;-9999;-9999;-9999;-9999;-9999;-9999;-9999;
2007-06-29;17:00;-9999;-9999;-9999;-9999;-9999;-9999;-9999;-9999;-9999;-9999;-9999;-9999;-9999;-9999;-9999;-9999;-9999;
2007-06-29;18:00;-9999;-9999;-9999;-9999;-9999;-9999;-9999;-9999;-9999;-9999;-9999;-9999;-9999;-9999;-9999;-9999;-9999;
2007-06-29;19:00;-9999;-9999;-9999;-9999;-9999;-9999;-9999;-9999;-9999;-9999;-9999;-9999;-9999;-9999;-9999;-9999;-9999;
2007-06-29;20:00;-9999;-9999;-9999;-9999;-9999;-9999;-9999;-9999;-9999;-9999;-9999;-9999;-9999;-9999;-9999;-9999;-9999;
2007-06-29;21:00;-9999;-9999;-9999;-9999;-9999;-9999;-9999;-9999;-9999;-9999;-9999;-9999;-9999;-9999;-9999;-9999;-9999;
2007-06-29;22:00;-9999;-9999;-9999;-9999;-9999;-9999;-9999;-9999;-9999;-9999;-9999;-9999;-9999;-9999;-9999;-9999;-9999;
2007-06-29;23:00;-9999;-9999;-9999;-9999;-9999;-9999;-9999;-9999;-9999;-9999;-9999;-9999;-9999;-9999;-9999;-9999;-9999;
2007-06-30;00:00;-9999;-9999;-9999;-9999;-9999;-9999;-9999;-9999;-9999;-9999;-9999;-9999;-9999;-9999;-9999;-9999;-9999;
2007-06-30;01:00;-9999;-9999;-9999;-9999;-9999;-9999;-9999;-9999;-9999;-9999;-9999;-9999;-9999;-9999;-9999;-9999;-9999;
2007-06-30;02:00;-9999;-9999;-9999;-9999;-9999;-9999;-9999;-9999;-9999;-9999;-9999;-9999;-9999;-9999;-9999;-9999;-9999;
2007-06-30;03:00;-9999;-9999;-9999;-9999;-9999;-9999;-9999;-9999;-9999;-9999;-9999;-9999;-9999;-9999;-9999;-9999;-9999;
2007-06-30;04:00;-9999;-9999;-9999;-9999;-9999;-9999;-9999;-9999;-9999;-9999;-9999;-9999;-9999;-9999;-9999;-9999;-9999;
2007-06-30;05:00;-9999;-9999;-9999;-9999;-9999;-9999;-9999;-9999;-9999;-9999;-9999;-9999;-9999;-9999;-9999;-9999;-9999;
2007-06-30;06:00;-9999;-9999;-9999;-9999;-9999;-9999;-9999;-9999;-9999;-9999;-9999;-9999;-9999;-9999;-9999;-9999;-9999;
2007-06-30;07:00;-9999;-9999;-9999;-9999;-9999;-9999;-9999;-9999;-9999;-9999;-9999;-9999;-9999;-9999;-9999;-9999;-9999;
2007-06-30;08:00;-9999;-9999;-9999;-9999;-9999;-9999;-9999;-9999;-9999;-9999;-9999;-9999;-9999;-9999;-9999;-9999;-9999;
2007-06-30;09:00;-9999;-9999;-9999;-9999;-9999;-9999;-9999;-9999;-9999;-9999;-9999;-9999;-9999;-9999;-9999;-9999;-9999;
2007-06-30;10:00;-9999;-9999;-9999;-9999;-9999;-9999;-9999;-9999;-9999;-9999;-9999;-9999;-9999;-9999;-9999;-9999;-9999;
2007-06-30;11:00;-9999;-9999;-9999;-9999;-9999;-9999;-9999;-9999;-9999;-9999;-9999;-9999;-9999;-9999;-9999;-9999;-9999;
2007-06-30;12:00;-9999;-9999;-9999;-9999;-9999;-9999;-9999;-9999;-9999;-9999;-9999;-9999;-9999;-9999;-9999;-9999;-9999;
2007-06-30;13:00;-9999;-9999;-9999;-9999;-9999;-9999;-9999;-9999;-9999;-9999;-9999;-9999;-9999;-9999;-9999;-9999;-9999;
2007-06-30;14:00;-9999;-9999;-9999;-9999;-9999;-9999;-9999;-9999;-9999;-9999;-9999;-9999;-9999;-9999;-9999;-9999;-9999;
2007-06-30;15:00;-9999;-9999;-9999;-9999;-9999;-9999;-9999;-9999;-9999;-9999;-9999;-9999;-9999;-9999;-9999;-9999;-9999;
2007-06-30;16:00;-9999;-9999;-9999;-9999;-9999;-9999;-9999;-9999;-9999;-9999;-9999;-9999;-9999;-9999;-9999;-9999;-9999;
2007-06-30;17:00;-9999;-9999;-9999;-9999;-9999;-9999;-9999;-9999;-9999;-9999;-9999;-9999;-9999;-9999;-9999;-9999;-9999;
2007-06-30;18:00;-9999;-9999;-9999;-9999;-9999;-9999;-9999;-9999;-9999;-9999;-9999;-9999;-9999;-9999;-9999;-9999;-9999;
2007-06-30;19:00;-9999;-9999;-9999;-9999;-9999;-9999;-9999;-9999;-9999;-9999;-9999;-9999;-9999;-9999;-9999;-9999;-9999;
2007-06-30;20:00;-9999;-9999;-9999;-9999;-9999;-9999;-9999;-9999;-9999;-9999;-9999;-9999;-9999;-9999;-9999;-9999;-9999;
2007-06-30;21:00;-9999;-9999;-9999;-9999;-9999;-9999;-9999;-9999;-9999;-9999;-9999;-9999;-9999;-9999;-9999;-9999;-9999;
2007-06-30;22:00;-9999;-9999;-9999;-9999;-9999;-9999;-9999;-9999;-9999;-9999;-9999;-9999;-9999;-9999;-9999;-9999;-9999;
2007-06-30;23:00;-9999;-9999;-9999;-9999;-9999;-9999;-9999;-9999;-9999;-9999;-9999;-9999;-9999;-9999;-9999;-9999;-9999;
2007-07-01;00:00;-9999;-9999;-9999;-9999;-9999;-9999;-9999;-9999;-9999;-9999;-9999;-9999;-9999;-9999;-9999;-9999;-9999;
2007-07-01;01:00;-9999;-9999;-9999;-9999;-9999;-9999;-9999;-9999;-9999;-9999;-9999;-9999;-9999;-9999;-9999;-9999;-9999;
2007-07-01;02:00;-9999;-9999;-9999;-9999;-9999;-9999;-9999;-9999;-9999;-9999;-9999;-9999;-9999;-9999;-9999;-9999;-9999;
2007-07-01;03:00;-9999;-9999;-9999;-9999;-9999;-9999;-9999;-9999;-9999;-9999;-9999;-9999;-9999;-9999;-9999;-9999;-9999;
2007-07-01;04:00;-9999;-9999;-9999;-9999;-9999;-9999;-9999;-9999;-9999;-9999;-9999;-9999;-9999;-9999;-9999;-9999;-9999;
2007-07-01;05:00;-9999;-9999;-9999;-9999;-9999;-9999;-9999;-9999;-9999;-9999;-9999;-9999;-9999;-9999;-9999;-9999;-9999;
2007-07-01;06:00;-9999;-9999;-9999;-9999;-9999;-9999;-9999;-9999;-9999;-9999;-9999;-9999;-9999;-9999;-9999;-9999;-9999;
2007-07-01;07:00;-9999;-9999;-9999;-9999;-9999;-9999;-9999;-9999;-9999;-9999;-9999;-9999;-9999;-9999;-9999;-9999;-9999;
2007-07-01;08:00;-9999;-9999;-9999;-9999;-9999;-9999;-9999;-9999;-9999;-9999;-9999;-9999;-9999;-9999;-9999;-9999;-9999;
2007-07-01;09:00;-9999;-9999;-9999;-9999;-9999;-9999;-9999;-9999;-9999;-9999;-9999;-9999;-9999;-9999;-9999;-9999;-9999;
2007-07-01;10:00;-9999;-9999;-9999;-9999;-9999;-9999;-9999;-9999;-9999;-9999;-9999;-9999;-9999;-9999;-9999;-9999;-9999;
2007-07-01;11:00;-9999;-9999;-9999;-9999;-9999;-9999;-9999;-9999;-9999;-9999;-9999;-9999;-9999;-9999;-9999;-9999;-9999;
2007-07-01;12:00;-9999;-9999;-9999;-9999;-9999;-9999;-9999;-9999;-9999;-9999;-9999;-9999;-9999;-9999;-9999;-9999;-9999;
2007-07-01;13:00;-9999;-9999;-9999;-9999;-9999;-9999;-9999;-9999;-9999;-9999;-9999;-9999;-9999;-9999;-9999;-9999;-9999;
2007-07-01;14:00;-9999;-9999;-9999;-9999;-9999;-9999;-9999;-9999;-9999;-9999;-9999;-9999;-9999;-9999;-9999;-9999;-9999;
2007-07-01;15:00;-9999;-9999;-9999;-9999;-9999;-9999;-9999;-9999;-9999;-9999;-9999;-9999;-9999;-9999;-9999;-9999;-9999;
2007-07-01;16:00;-9999;-9999;-9999;-9999;-9999;-9999;-9999;-9999;-9999;-9999;-9999;-9999;-9999;-9999;-9999;-9999;-9999;
2007-07-01;17:00;-9999;-9999;-9999;-9999;-9999;-9999;-9999;-9999;-9999;-9999;-9999;-9999;-9999;-9999;-9999;-9999;-9999;
2007-07-01;18:00;-9999;-9999;-9999;-9999;-9999;-9999;-9999;-9999;-9999;-9999;-9999;-9999;-9999;-9999;-9999;-9999;-9999;
2007-07-01;19:00;-9999;-9999;-9999;-9999;-9999;-9999;-9999;-9999;-9999;-9999;-9999;-9999;-9999;-9999;-9999;-9999;-9999;
2007-07-01;20:00;-9999;-9999;-9999;-9999;-9999;-9999;-9999;-9999;-9999;-9999;-9999;-9999;-9999;-9999;-9999;-9999;-9999;
2007-07-01;21:00;-9999;-9999;-9999;-9999;-9999;-9999;-9999;-9999;-9999;-9999;-9999;-9999;-9999;-9999;-9999;-9999;-9999;
2007-07-01;22:00;-9999;-9999;-9999;-9999;-9999;-9999;-9999;-9999;-9999;-9999;-9999;-9999;-9999;-9999;-9999;-9999;-9999;
2007-07-01;23:00;-9999;-9999;-9999;-9999;-9999;-9999;-9999;-9999;-9999;-9999;-9999;-9999;-9999;-9999;-9999;-9999;-9999;
2007-07-02;00:00;-9999;-9999;-9999;-9999;-9999;-9999;-9999;-9999;-9999;-9999;-9999;-9999;-9999;-9999;-9999;-9999;-9999;
2007-07-02;01:00;-9999;-9999;-9999;-9999;-9999;-9999;-9999;-9999;-9999;-9999;-9999;-9999;-9999;-9999;-9999;-9999;-9999;
2007-07-02;02:00;-9999;-9999;-9999;-9999;-9999;-9999;-9999;-9999;-9999;-9999;-9999;-9999;-9999;-9999;-9999;-9999;-9999;
2007-07-02;03:00;-9999;-9999;-9999;-9999;-9999;-9999;-9999;-9999;-9999;-9999;-9999;-9999;-9999;-9999;-9999;-9999;-9999;
2007-07-02;04:00;-9999;-9999;-9999;-9999;-9999;-9999;-9999;-9999;-9999;-9999;-9999;-9999;-9999;-9999;-9999;-9999;-9999;
2007-07-02;05:00;-9999;-9999;-9999;-9999;-9999;-9999;-9999;-9999;-9999;-9999;-9999;-9999;-9999;-9999;-9999;-9999;-9999;
2007-07-02;06:00;-9999;-9999;-9999;-9999;-9999;-9999;-9999;-9999;-9999;-9999;-9999;-9999;-9999;-9999;-9999;-9999;-9999;
2007-07-02;07:00;-9999;-9999;-9999;-9999;-9999;-9999;-9999;-9999;-9999;-9999;-9999;-9999;-9999;-9999;-9999;-9999;-9999;
2007-07-02;08:00;-9999;-9999;-9999;-9999;-9999;-9999;-9999;-9999;-9999;-9999;-9999;-9999;-9999;-9999;-9999;-9999;-9999;
2007-07-02;09:00;-9999;-9999;-9999;-9999;-9999;-9999;-9999;-9999;-9999;-9999;-9999;-9999;-9999;-9999;-9999;-9999;-9999;
2007-07-02;10:00;-9999;-9999;-9999;-9999;-9999;-9999;-9999;-9999;-9999;-9999;-9999;-9999;-9999;-9999;-9999;-9999;-9999;
2007-07-02;11:00;-9999;-9999;-9999;-9999;-9999;-9999;-9999;-9999;-9999;-9999;-9999;-9999;-9999;-9999;-9999;-9999;-9999;
2007-07-02;12:00;-9999;-9999;-9999;-9999;-9999;-9999;-9999;-9999;-9999;-9999;-9999;-9999;-9999;-9999;-9999;-9999;-9999;
2007-07-02;13:00;-9999;-9999;-9999;-9999;-9999;-9999;-9999;-9999;-9999;-9999;-9999;-9999;-9999;-9999;-9999;-9999;-9999;
2007-07-02;14:00;-9999;-9999;-9999;-9999;-9999;-9999;-9999;-9999;-9999;-9999;-9999;-9999;-9999;-9999;-9999;-9999;-9999;
2007-07-02;15:00;-9999;-9999;-9999;-9999;-9999;-9999;-9999;-9999;-9999;-9999;-9999;-9999;-9999;-9999;-9999;-9999;-9999;
2007-07-02;16:00;-9999;-9999;-9999;-9999;-9999;-9999;-9999;-9999;-9999;-9999;-9999;-9999;-9999;-9999;-9999;-9999;-9999;
2007-07-02;17:00;-9999;-9999;-9999;-9999;-9999;-9999;-9999;-9999;-9999;-9999;-9999;-9999;-9999;-9999;-9999;-9999;-9999;
2007-07-02;18:00;-9999;-9999;-9999;-9999;-9999;-9999;-9999;-9999;-9999;-9999;-9999;-9999;-9999;-9999;-9999;-9999;-9999;
2007-07-02;19:00;-9999;-9999;-9999;-9999;-9999;-9999;-9999;-9999;-9999;-9999;-9999;-9999;-9999;-9999;-9999;-9999;-9999;
2007-07-02;20:00;-9999;-9999;-9999;-9999;-9999;-9999;-9999;-9999;-9999;-9999;-9999;-9999;-9999;-9999;-9999;-9999;-9999;
2007-07-02;21:00;-9999;-9999;-9999;-9999;-9999;-9999;-9999;-9999;-9999;-9999;-9999;-9999;-9999;-9999;-9999;-9999;-9999;
2007-07-02;22:00;-9999;-9999;-9999;-9999;-9999;-9999;-9999;-9999;-9999;-9999;-9999;-9999;-9999;-9999;-9999;-9999;-9999;
2007-07-02;23:00;-9999;-9999;-9999;-9999;-9999;-9999;-9999;-9999;-9999;-9999;-9999;-9999;-9999;-9999;-9999;-9999;-9999;
2007-07-03;00:00;-9999;-9999;-9999;-9999;-9999;-9999;-9999;-9999;-9999;-9999;-9999;-9999;-9999;-9999;-9999;-9999;-9999;
2007-07-03;01:00;-9999;-9999;-9999;-9999;-9999;-9999;-9999;-9999;-9999;-9999;-9999;-9999;-9999;-9999;-9999;-9999;-9999;
2007-07-03;02:00;-9999;-9999;-9999;-9999;-9999;-9999;-9999;-9999;-9999;-9999;-9999;-9999;-9999;-9999;-9999;-9999;-9999;
2007-07-03;03:00;-9999;-9999;-9999;-9999;-9999;-9999;-9999;-9999;-9999;-9999;-9999;-9999;-9999;-9999;-9999;-9999;-9999;
2007-07-03;04:00;-9999;-9999;-9999;-9999;-9999;-9999;-9999;-9999;-9999;-9999;-9999;-9999;-9999;-9999;-9999;-9999;-9999;
2007-07-03;05:00;-9999;-9999;-9999;-9999;-9999;-9999;-9999;-9999;-9999;-9999;-9999;-9999;-9999;-9999;-9999;-9999;-9999;
2007-07-03;06:00;-9999;-9999;-9999;-9999;-9999;-9999;-9999;-9999;-9999;-9999;-9999;-9999;-9999;-9999;-9999;-9999;-9999;
2007-07-03;07:00;-9999;-9999;-9999;-9999;-9999;-9999;-9999;-9999;-9999;-9999;-9999;-9999;-9999;-9999;-9999;-9999;-9999;
2007-07-03;08:00;-9999;-9999;-9999;-9999;-9999;-9999;-9999;-9999;-9999;-9999;-9999;-9999;-9999;-9999;-9999;-9999;-9999;
2007-07-03;09:00;-9999;-9999;-9999;-9999;-9999;-9999;-9999;-9999;-9999;-9999;-9999;-9999;-9999;-9999;-9999;-9999;-9999;
2007-07-03;10:00;-9999;-9999;-9999;-9999;-9999;-9999;-9999;-9999;-9999;-9999;-9999;-9999;-9999;-9999;-9999;-9999;-9999;
2007-07-03;11:00;-9999;-9999;-9999;-9999;-9999;-9999;-9999;-9999;-9999;-9999;-9999;-9999;-9999;-9999;-9999;-9999;-9999;
2007-07-03;12:00;-9999;-9999;-9999;-9999;-9999;-9999;-9999;-9999;-9999;-9999;-9999;-9999;-9999;-9999;-9999;-9999;-9999;
2007-07-03;13:00;-9999;-9999;-9999;-9999;-9999;-9999;-9999;-9999;-9999;-9999;-9999;-9999;-9999;-9999;-9999;-9999;-9999;
2007-07-03;14:00;-9999;-9999;-9999;-9999;-9999;-9999;-9999;-9999;-9999;-9999;-9999;-9999;-9999;-9999;-9999;-9999;-9999;
2007-07-03;15:00;-9999;-9999;-9999;-9999;-9999;-9999;-9999;-9999;-9999;-9999;-9999;-9999;-9999;-9999;-9999;-9999;-9999;
2007-07-03;16:00;-9999;-9999;-9999;-9999;-9999;-9999;-9999;-9999;-9999;-9999;-9999;-9999;-9999;-9999;-9999;-9999;-9999;
2007-07-03;17:00;-9999;-9999;-9999;-9999;-9999;-9999;-9999;-9999;-9999;-9999;-9999;-9999;-9999;-9999;-9999;-9999;-9999;
2007-07-03;18:00;-9999;-9999;-9999;-9999;-9999;-9999;-9999;-9999;-9999;-9999;-9999;-9999;-9999;-9999;-9999;-9999;-9999;
2007-07-03;19:00;-9999;-9999;-9999;-9999;-9999;-9999;-9999;-9999;-9999;-9999;-9999;-9999;-9999;-9999;-9999;-9999;-9999;
2007-07-03;20:00;-9999;-9999;-9999;-9999;-9999;-9999;-9999;-9999;-9999;-9999;-9999;-9999;-9999;-9999;-9999;-9999;-9999;
2007-07-03;21:00;-9999;-9999;-9999;-9999;-9999;-9999;-9999;-9999;-9999;-9999;-9999;-9999;-9999;-9999;-9999;-9999;-9999;
2007-07-03;22:00;-9999;-9999;-9999;-9999;-9999;-9999;-9999;-9999;-9999;-9999;-9999;-9999;-9999;-9999;-9999;-9999;-9999;
2007-07-03;23:00;-9999;-9999;-9999;-9999;-9999;-9999;-9999;-9999;-9999;-9999;-9999;-9999;-9999;-9999;-9999;-9999;-9999;
2007-07-04;00:00;-9999;-9999;-9999;-9999;-9999;-9999;-9999;-9999;-9999;-9999;-9999;-9999;-9999;-9999;-9999;-9999;-9999;
2007-07-04;01:00;-9999;-9999;-9999;-9999;-9999;-9999;-9999;-9999;-9999;-9999;-9999;-9999;-9999;-9999;-9999;-9999;-9999;
2007-07-04;02:00;-9999;-9999;-9999;-9999;-9999;-9999;-9999;-9999;-9999;-9999;-9999;-9999;-9999;-9999;-9999;-9999;-9999;
2007-07-04;03:00;-9999;-9999;-9999;-9999;-9999;-9999;-9999;-9999;-9999;-9999;-9999;-9999;-9999;-9999;-9999;-9999;-9999;
2007-07-04;04:00;-9999;-9999;-9999;-9999;-9999;-9999;-9999;-9999;-9999;-9999;-9999;-9999;-9999;-9999;-9999;-9999;-9999;
2007-07-04;05:00;-9999;-9999;-9999;-9999;-9999;-9999;-9999;-9999;-9999;-9999;-9999;-9999;-9999;-9999;-9999;-9999;-9999;
2007-07-04;06:00;-9999;-9999;-9999;-9999;-9999;-9999;-9999;-9999;-9999;-9999;-9999;-9999;-9999;-9999;-9999;-9999;-9999;
2007-07-04;07:00;-9999;-9999;-9999;-9999;-9999;-9999;-9999;-9999;-9999;-9999;-9999;-9999;-9999;-9999;-9999;-9999;-9999;
2007-07-04;08:00;-9999;-9999;-9999;-9999;-9999;-9999;-9999;-9999;-9999;-9999;-9999;-9999;-9999;-9999;-9999;-9999;-9999;
2007-07-04;09:00;-9999;-9999;-9999;-9999;-9999;-9999;-9999;-9999;-9999;-9999;-9999;-9999;-9999;-9999;-9999;-9999;-9999;
2007-07-04;10:00;-9999;-9999;-9999;-9999;-9999;-9999;-9999;-9999;-9999;-9999;-9999;-9999;-9999;-9999;-9999;-9999;-9999;
2007-07-04;11:00;-9999;-9999;-9999;-9999;-9999;-9999;-9999;-9999;-9999;-9999;-9999;-9999;-9999;-9999;-9999;-9999;-9999;
2007-07-04;12:00;-9999;-9999;-9999;-9999;-9999;-9999;-9999;-9999;-9999;-9999;-9999;-9999;-9999;-9999;-9999;-9999;-9999;
2007-07-04;13:00;-9999;-9999;-9999;-9999;-9999;-9999;-9999;-9999;-9999;-9999;-9999;-9999;-9999;-9999;-9999;-9999;-9999;
2007-07-04;14:00;-9999;-9999;-9999;-9999;-9999;-9999;-9999;-9999;-9999;-9999;-9999;-9999;-9999;-9999;-9999;-9999;-9999;
2007-07-04;15:00;-9999;-9999;-9999;-9999;-9999;-9999;-9999;-9999;-9999;-9999;-9999;-9999;-9999;-9999;-9999;-9999;-9999;
2007-07-04;16:00;-9999;-9999;-9999;-9999;-9999;-9999;-9999;-9999;-9999;-9999;-9999;-9999;-9999;-9999;-9999;-9999;-9999;
2007-07-04;17:00;-9999;-9999;-9999;-9999;-9999;-9999;-9999;-9999;-9999;-9999;-9999;-9999;-9999;-9999;-9999;-9999;-9999;
2007-07-04;18:00;-9999;-9999;-9999;-9999;-9999;-9999;-9999;-9999;-9999;-9999;-9999;-9999;-9999;-9999;-9999;-9999;-9999;
2007-07-04;19:00;-9999;-9999;-9999;-9999;-9999;-9999;-9999;-9999;-9999;-9999;-9999;-9999;-9999;-9999;-9999;-9999;-9999;
2007-07-04;20:00;-9999;-9999;-9999;-9999;-9999;-9999;-9999;-9999;-9999;-9999;-9999;-9999;-9999;-9999;-9999;-9999;-9999;
2007-07-04;21:00;-9999;-9999;-9999;-9999;-9999;-9999;-9999;-9999;-9999;-9999;-9999;-9999;-9999;-9999;-9999;-9999;-9999;
2007-07-04;22:00;-9999;-9999;-9999;-9999;-9999;-9999;-9999;-9999;-9999;-9999;-9999;-9999;-9999;-9999;-9999;-9999;-9999;
2007-07-04;23:00;-9999;-9999;-9999;-9999;-9999;-9999;-9999;-9999;-9999;-9999;-9999;-9999;-9999;-9999;-9999;-9999;-9999;
2007-07-05;00:00;-9999;-9999;-9999;-9999;-9999;-9999;-9999;-9999;-9999;-9999;-9999;-9999;-9999;-9999;-9999;-9999;-9999;
2007-07-05;01:00;-9999;-9999;-9999;-9999;-9999;-9999;-9999;-9999;-9999;-9999;-9999;-9999;-9999;-9999;-9999;-9999;-9999;
2007-07-05;02:00;-9999;-9999;-9999;-9999;-9999;-9999;-9999;-9999;-9999;-9999;-9999;-9999;-9999;-9999;-9999;-9999;-9999;
2007-07-05;03:00;-9999;-9999;-9999;-9999;-9999;-9999;-9999;-9999;-9999;-9999;-9999;-9999;-9999;-9999;-9999;-9999;-9999;
2007-07-05;04:00;-9999;-9999;-9999;-9999;-9999;-9999;-9999;-9999;-9999;-9999;-9999;-9999;-9999;-9999;-9999;-9999;-9999;
2007-07-05;05:00;-9999;-9999;-9999;-9999;-9999;-9999;-9999;-9999;-9999;-9999;-9999;-9999;-9999;-9999;-9999;-9999;-9999;
2007-07-05;06:00;-9999;-9999;-9999;-9999;-9999;-9999;-9999;-9999;-9999;-9999;-9999;-9999;-9999;-9999;-9999;-9999;-9999;
2007-07-05;07:00;-9999;-9999;-9999;-9999;-9999;-9999;-9999;-9999;-9999;-9999;-9999;-9999;-9999;-9999;-9999;-9999;-9999;
2007-07-05;08:00;-9999;-9999;-9999;-9999;-9999;-9999;-9999;-9999;-9999;-9999;-9999;-9999;-9999;-9999;-9999;-9999;-9999;
2007-07-05;09:00;-9999;-9999;-9999;-9999;-9999;-9999;-9999;-9999;-9999;-9999;-9999;-9999;-9999;-9999;-9999;-9999;-9999;
2007-07-05;10:00;-9999;-9999;-9999;-9999;-9999;-9999;-9999;-9999;-9999;-9999;-9999;-9999;-9999;-9999;-9999;-9999;-9999;
2007-07-05;11:00;-9999;-9999;-9999;-9999;-9999;-9999;-9999;-9999;-9999;-9999;-9999;-9999;-9999;-9999;-9999;-9999;-9999;
2007-07-05;12:00;-9999;-9999;-9999;-9999;-9999;-9999;-9999;-9999;-9999;-9999;-9999;-9999;-9999;-9999;-9999;-9999;-9999;
2007-07-05;13:00;-9999;-9999;-9999;-9999;-9999;-9999;-9999;-9999;-9999;-9999;-9999;-9999;-9999;-9999;-9999;-9999;-9999;
2007-07-05;14:00;-9999;-9999;-9999;-9999;-9999;-9999;-9999;-9999;-9999;-9999;-9999;-9999;-9999;-9999;-9999;-9999;-9999;
2007-07-05;15:00;-9999;-9999;-9999;-9999;-9999;-9999;-9999;-9999;-9999;-9999;-9999;-9999;-9999;-9999;-9999;-9999;-9999;
2007-07-05;16:00;-9999;-9999;-9999;-9999;-9999;-9999;-9999;-9999;-9999;-9999;-9999;-9999;-9999;-9999;-9999;-9999;-9999;
2007-07-05;17:00;-9999;-9999;-9999;-9999;-9999;-9999;-9999;-9999;-9999;-9999;-9999;-9999;-9999;-9999;-9999;-9999;-9999;
2007-07-05;18:00;-9999;-9999;-9999;-9999;-9999;-9999;-9999;-9999;-9999;-9999;-9999;-9999;-9999;-9999;-9999;-9999;-9999;
2007-07-05;19:00;-9999;-9999;-9999;-9999;-9999;-9999;-9999;-9999;-9999;-9999;-9999;-9999;-9999;-9999;-9999;-9999;-9999;
2007-07-05;20:00;-9999;-9999;-9999;-9999;-9999;-9999;-9999;-9999;-9999;-9999;-9999;-9999;-9999;-9999;-9999;-9999;-9999;
2007-07-05;21:00;-9999;-9999;-9999;-9999;-9999;-9999;-9999;-9999;-9999;-9999;-9999;-9999;-9999;-9999;-9999;-9999;-9999;
2007-07-05;22:00;-9999;-9999;-9999;-9999;-9999;-9999;-9999;-9999;-9999;-9999;-9999;-9999;-9999;-9999;-9999;-9999;-9999;
2007-07-05;23:00;-9999;-9999;-9999;-9999;-9999;-9999;-9999;-9999;-9999;-9999;-9999;-9999;-9999;-9999;-9999;-9999;-9999;
2007-07-06;00:00;-9999;-9999;-9999;-9999;-9999;-9999;-9999;-9999;-9999;-9999;-9999;-9999;-9999;-9999;-9999;-9999;-9999;
2007-07-06;01:00;-9999;-9999;-9999;-9999;-9999;-9999;-9999;-9999;-9999;-9999;-9999;-9999;-9999;-9999;-9999;-9999;-9999;
2007-07-06;02:00;-9999;-9999;-9999;-9999;-9999;-9999;-9999;-9999;-9999;-9999;-9999;-9999;-9999;-9999;-9999;-9999;-9999;
2007-07-06;03:00;-9999;-9999;-9999;-9999;-9999;-9999;-9999;-9999;-9999;-9999;-9999;-9999;-9999;-9999;-9999;-9999;-9999;
2007-07-06;04:00;-9999;-9999;-9999;-9999;-9999;-9999;-9999;-9999;-9999;-9999;-9999;-9999;-9999;-9999;-9999;-9999;-9999;
2007-07-06;05:00;-9999;-9999;-9999;-9999;-9999;-9999;-9999;-9999;-9999;-9999;-9999;-9999;-9999;-9999;-9999;-9999;-9999;
2007-07-06;06:00;-9999;-9999;-9999;-9999;-9999;-9999;-9999;-9999;-9999;-9999;-9999;-9999;-9999;-9999;-9999;-9999;-9999;
2007-07-06;07:00;-9999;-9999;-9999;-9999;-9999;-9999;-9999;-9999;-9999;-9999;-9999;-9999;-9999;-9999;-9999;-9999;-9999;
2007-07-06;08:00;-9999;-9999;-9999;-9999;-9999;-9999;-9999;-9999;-9999;-9999;-9999;-9999;-9999;-9999;-9999;-9999;-9999;
2007-07-06;09:00;-9999;-9999;-9999;-9999;-9999;-9999;-9999;-9999;-9999;-9999;-9999;-9999;-9999;-9999;-9999;-9999;-9999;
2007-07-06;10:00;-9999;-9999;-9999;-9999;-9999;-9999;-9999;-9999;-9999;-9999;-9999;-9999;-9999;-9999;-9999;-9999;-9999;
2007-07-06;11:00;-9999;-9999;-9999;-9999;-9999;-9999;-9999;-9999;-9999;-9999;-9999;-9999;-9999;-9999;-9999;-9999;-9999;
2007-07-06;12:00;-9999;-9999;-9999;-9999;-9999;-9999;-9999;-9999;-9999;-9999;-9999;-9999;-9999;-9999;-9999;-9999;-9999;
2007-07-06;13:00;-9999;-9999;-9999;-9999;-9999;-9999;-9999;-9999;-9999;-9999;-9999;-9999;-9999;-9999;-9999;-9999;-9999;
2007-07-06;14:00;-9999;-9999;-9999;-9999;-9999;-9999;-9999;-9999;-9999;-9999;-9999;-9999;-9999;-9999;-9999;-9999;-9999;
2007-07-06;15:00;-9999;-9999;-9999;-9999;-9999;-9999;-9999;-9999;-9999;-9999;-9999;-9999;-9999;-9999;-9999;-9999;-9999;
2007-07-06;16:00;-9999;-9999;-9999;-9999;-9999;-9999;-9999;-9999;-9999;-9999;-9999;-9999;-9999;-9999;-9999;-9999;-9999;
2007-07-06;17:00;-9999;-9999;-9999;-9999;-9999;-9999;-9999;-9999;-9999;-9999;-9999;-9999;-9999;-9999;-9999;-9999;-9999;
2007-07-06;18:00;-9999;-9999;-9999;-9999;-9999;-9999;-9999;-9999;-9999;-9999;-9999;-9999;-9999;-9999;-9999;-9999;-9999;
2007-07-06;19:00;-9999;-9999;-9999;-9999;-9999;-9999;-9999;-9999;-9999;-9999;-9999;-9999;-9999;-9999;-9999;-9999;-9999;
2007-07-06;20:00;-9999;-9999;-9999;-9999;-9999;-9999;-9999;-9999;-9999;-9999;-9999;-9999;-9999;-9999;-9999;-9999;-9999;
2007-07-06;21:00;-9999;-9999;-9999;-9999;-9999;-9999;-9999;-9999;-9999;-9999;-9999;-9999;-9999;-9999;-9999;-9999;-9999;
2007-07-06;22:00;-9999;-9999;-9999;-9999;-9999;-9999;-9999;-9999;-9999;-9999;-9999;-9999;-9999;-9999;-9999;-9999;-9999;
2007-07-06;23:00;-9999;-9999;-9999;-9999;-9999;-9999;-9999;-9999;-9999;-9999;-9999;-9999;-9999;-9999;-9999;-9999;-9999;
2007-07-07;00:00;-9999;-9999;-9999;-9999;-9999;-9999;-9999;-9999;-9999;-9999;-9999;-9999;-9999;-9999;-9999;-9999;-9999;
2007-07-07;01:00;-9999;-9999;-9999;-9999;-9999;-9999;-9999;-9999;-9999;-9999;-9999;-9999;-9999;-9999;-9999;-9999;-9999;
2007-07-07;02:00;-9999;-9999;-9999;-9999;-9999;-9999;-9999;-9999;-9999;-9999;-9999;-9999;-9999;-9999;-9999;-9999;-9999;
2007-07-07;03:00;-9999;-9999;-9999;-9999;-9999;-9999;-9999;-9999;-9999;-9999;-9999;-9999;-9999;-9999;-9999;-9999;-9999;
2007-07-07;04:00;-9999;-9999;-9999;-9999;-9999;-9999;-9999;-9999;-9999;-9999;-9999;-9999;-9999;-9999;-9999;-9999;-9999;
2007-07-07;05:00;-9999;-9999;-9999;-9999;-9999;-9999;-9999;-9999;-9999;-9999;-9999;-9999;-9999;-9999;-9999;-9999;-9999;
2007-07-07;06:00;-9999;-9999;-9999;-9999;-9999;-9999;-9999;-9999;-9999;-9999;-9999;-9999;-9999;-9999;-9999;-9999;-9999;
2007-07-07;07:00;-9999;-9999;-9999;-9999;-9999;-9999;-9999;-9999;-9999;-9999;-9999;-9999;-9999;-9999;-9999;-9999;-9999;
2007-07-07;08:00;-9999;-9999;-9999;-9999;-9999;-9999;-9999;-9999;-9999;-9999;-9999;-9999;-9999;-9999;-9999;-9999;-9999;
2007-07-07;09:00;-9999;-9999;-9999;-9999;-9999;-9999;-9999;-9999;-9999;-9999;-9999;-9999;-9999;-9999;-9999;-9999;-9999;
2007-07-07;10:00;-9999;-9999;-9999;-9999;-9999;-9999;-9999;-9999;-9999;-9999;-9999;-9999;-9999;-9999;-9999;-9999;-9999;
2007-07-07;11:00;-9999;-9999;-9999;-9999;-9999;-9999;-9999;-9999;-9999;-9999;-9999;-9999;-9999;-9999;-9999;-9999;-9999;
2007-07-07;12:00;-9999;-9999;-9999;-9999;-9999;-9999;-9999;-9999;-9999;-9999;-9999;-9999;-9999;-9999;-9999;-9999;-9999;
2007-07-07;13:00;-9999;-9999;-9999;-9999;-9999;-9999;-9999;-9999;-9999;-9999;-9999;-9999;-9999;-9999;-9999;-9999;-9999;
2007-07-07;14:00;-9999;-9999;-9999;-9999;-9999;-9999;-9999;-9999;-9999;-9999;-9999;-9999;-9999;-9999;-9999;-9999;-9999;
2007-07-07;15:00;-9999;-9999;-9999;-9999;-9999;-9999;-9999;-9999;-9999;-9999;-9999;-9999;-9999;-9999;-9999;-9999;-9999;
2007-07-07;16:00;-9999;-9999;-9999;-9999;-9999;-9999;-9999;-9999;-9999;-9999;-9999;-9999;-9999;-9999;-9999;-9999;-9999;
2007-07-07;17:00;-9999;-9999;-9999;-9999;-9999;-9999;-9999;-9999;-9999;-9999;-9999;-9999;-9999;-9999;-9999;-9999;-9999;
2007-07-07;18:00;-9999;-9999;-9999;-9999;-9999;-9999;-9999;-9999;-9999;-9999;-9999;-9999;-9999;-9999;-9999;-9999;-9999;
2007-07-07;19:00;-9999;-9999;-9999;-9999;-9999;-9999;-9999;-9999;-9999;-9999;-9999;-9999;-9999;-9999;-9999;-9999;-9999;
2007-07-07;20:00;-9999;-9999;-9999;-9999;-9999;-9999;-9999;-9999;-9999;-9999;-9999;-9999;-9999;-9999;-9999;-9999;-9999;
2007-07-07;21:00;-9999;-9999;-9999;-9999;-9999;-9999;-9999;-9999;-9999;-9999;-9999;-9999;-9999;-9999;-9999;-9999;-9999;
2007-07-07;22:00;-9999;-9999;-9999;-9999;-9999;-9999;-9999;-9999;-9999;-9999;-9999;-9999;-9999;-9999;-9999;-9999;-9999;
2007-07-07;23:00;-9999;-9999;-9999;-9999;-9999;-9999;-9999;-9999;-9999;-9999;-9999;-9999;-9999;-9999;-9999;-9999;-9999;
2007-07-08;00:00;-9999;-9999;-9999;-9999;-9999;-9999;-9999;-9999;-9999;-9999;-9999;-9999;-9999;-9999;-9999;-9999;-9999;
2007-07-08;01:00;-9999;-9999;-9999;-9999;-9999;-9999;-9999;-9999;-9999;-9999;-9999;-9999;-9999;-9999;-9999;-9999;-9999;
2007-07-08;02:00;-9999;-9999;-9999;-9999;-9999;-9999;-9999;-9999;-9999;-9999;-9999;-9999;-9999;-9999;-9999;-9999;-9999;
2007-07-08;03:00;-9999;-9999;-9999;-9999;-9999;-9999;-9999;-9999;-9999;-9999;-9999;-9999;-9999;-9999;-9999;-9999;-9999;
2007-07-08;04:00;-9999;-9999;-9999;-9999;-9999;-9999;-9999;-9999;-9999;-9999;-9999;-9999;-9999;-9999;-9999;-9999;-9999;
2007-07-08;05:00;-9999;-9999;-9999;-9999;-9999;-9999;-9999;-9999;-9999;-9999;-9999;-9999;-9999;-9999;-9999;-9999;-9999;
2007-07-08;06:00;-9999;-9999;-9999;-9999;-9999;-9999;-9999;-9999;-9999;-9999;-9999;-9999;-9999;-9999;-9999;-9999;-9999;
2007-07-08;07:00;-9999;-9999;-9999;-9999;-9999;-9999;-9999;-9999;-9999;-9999;-9999;-9999;-9999;-9999;-9999;-9999;-9999;
2007-07-08;08:00;-9999;-9999;-9999;-9999;-9999;-9999;-9999;-9999;-9999;-9999;-9999;-9999;-9999;-9999;-9999;-9999;-9999;
2007-07-08;09:00;-9999;-9999;-9999;-9999;-9999;-9999;-9999;-9999;-9999;-9999;-9999;-9999;-9999;-9999;-9999;-9999;-9999;
2007-07-08;10:00;-9999;-9999;-9999;-9999;-9999;-9999;-9999;-9999;-9999;-9999;-9999;-9999;-9999;-9999;-9999;-9999;-9999;
2007-07-08;11:00;-9999;-9999;-9999;-9999;-9999;-9999;-9999;-9999;-9999;-9999;-9999;-9999;-9999;-9999;-9999;-9999;-9999;
2007-07-08;12:00;-9999;-9999;-9999;-9999;-9999;-9999;-9999;-9999;-9999;-9999;-9999;-9999;-9999;-9999;-9999;-9999;-9999;
2007-07-08;13:00;-9999;-9999;-9999;-9999;-9999;-9999;-9999;-9999;-9999;-9999;-9999;-9999;-9999;-9999;-9999;-9999;-9999;
2007-07-08;14:00;-9999;-9999;-9999;-9999;-9999;-9999;-9999;-9999;-9999;-9999;-9999;-9999;-9999;-9999;-9999;-9999;-9999;
2007-07-08;15:00;-9999;-9999;-9999;-9999;-9999;-9999;-9999;-9999;-9999;-9999;-9999;-9999;-9999;-9999;-9999;-9999;-9999;
2007-07-08;16:00;-9999;-9999;-9999;-9999;-9999;-9999;-9999;-9999;-9999;-9999;-9999;-9999;-9999;-9999;-9999;-9999;-9999;
2007-07-08;17:00;-9999;-9999;-9999;-9999;-9999;-9999;-9999;-9999;-9999;-9999;-9999;-9999;-9999;-9999;-9999;-9999;-9999;
2007-07-08;18:00;-9999;-9999;-9999;-9999;-9999;-9999;-9999;-9999;-9999;-9999;-9999;-9999;-9999;-9999;-9999;-9999;-9999;
2007-07-08;19:00;-9999;-9999;-9999;-9999;-9999;-9999;-9999;-9999;-9999;-9999;-9999;-9999;-9999;-9999;-9999;-9999;-9999;
2007-07-08;20:00;-9999;-9999;-9999;-9999;-9999;-9999;-9999;-9999;-9999;-9999;-9999;-9999;-9999;-9999;-9999;-9999;-9999;
2007-07-08;21:00;-9999;-9999;-9999;-9999;-9999;-9999;-9999;-9999;-9999;-9999;-9999;-9999;-9999;-9999;-9999;-9999;-9999;
2007-07-08;22:00;-9999;-9999;-9999;-9999;-9999;-9999;-9999;-9999;-9999;-9999;-9999;-9999;-9999;-9999;-9999;-9999;-9999;
2007-07-08;23:00;-9999;-9999;-9999;-9999;-9999;-9999;-9999;-9999;-9999;-9999;-9999;-9999;-9999;-9999;-9999;-9999;-9999;
2007-07-09;00:00;-9999;-9999;-9999;-9999;-9999;-9999;-9999;-9999;-9999;-9999;-9999;-9999;-9999;-9999;-9999;-9999;-9999;
2007-07-09;01:00;-9999;-9999;-9999;-9999;-9999;-9999;-9999;-9999;-9999;-9999;-9999;-9999;-9999;-9999;-9999;-9999;-9999;
2007-07-09;02:00;-9999;-9999;-9999;-9999;-9999;-9999;-9999;-9999;-9999;-9999;-9999;-9999;-9999;-9999;-9999;-9999;-9999;
2007-07-09;03:00;-9999;-9999;-9999;-9999;-9999;-9999;-9999;-9999;-9999;-9999;-9999;-9999;-9999;-9999;-9999;-9999;-9999;
2007-07-09;04:00;-9999;-9999;-9999;-9999;-9999;-9999;-9999;-9999;-9999;-9999;-9999;-9999;-9999;-9999;-9999;-9999;-9999;
2007-07-09;05:00;-9999;-9999;-9999;-9999;-9999;-9999;-9999;-9999;-9999;-9999;-9999;-9999;-9999;-9999;-9999;-9999;-9999;
2007-07-09;06:00;-9999;-9999;-9999;-9999;-9999;-9999;-9999;-9999;-9999;-9999;-9999;-9999;-9999;-9999;-9999;-9999;-9999;
2007-07-09;07:00;-9999;-9999;-9999;-9999;-9999;-9999;-9999;-9999;-9999;-9999;-9999;-9999;-9999;-9999;-9999;-9999;-9999;
2007-07-09;08:00;-9999;-9999;-9999;-9999;-9999;-9999;-9999;-9999;-9999;-9999;-9999;-9999;-9999;-9999;-9999;-9999;-9999;
2007-07-09;09:00;-9999;-9999;-9999;-9999;-9999;-9999;-9999;-9999;-9999;-9999;-9999;-9999;-9999;-9999;-9999;-9999;-9999;
2007-07-09;10:00;-9999;-9999;-9999;-9999;-9999;-9999;-9999;-9999;-9999;-9999;-9999;-9999;-9999;-9999;-9999;-9999;-9999;
2007-07-09;11:00;-9999;-9999;-9999;-9999;-9999;-9999;-9999;-9999;-9999;-9999;-9999;-9999;-9999;-9999;-9999;-9999;-9999;
2007-07-09;12:00;-9999;-9999;-9999;-9999;-9999;-9999;-9999;-9999;-9999;-9999;-9999;-9999;-9999;-9999;-9999;-9999;-9999;
2007-07-09;13:00;-9999;-9999;-9999;-9999;-9999;-9999;-9999;-9999;-9999;-9999;-9999;-9999;-9999;-9999;-9999;-9999;-9999;
2007-07-09;14:00;-9999;-9999;-9999;-9999;-9999;-9999;-9999;-9999;-9999;-9999;-9999;-9999;-9999;-9999;-9999;-9999;-9999;
2007-07-09;15:00;,4;971,7;-9999;-9999;20,7;26,4;17,5;-9999;-9999;-9999;-9999;-9999;-9999;58;294;-9999;1,5;
2007-07-09;16:00;4,2;971,1;971,8;971,1;1841,8;24,3;17,1;27,3;24,3;17,8;17;64;54;64;274;8;5,3;
2007-07-09;17:00;0;970,5;971,2;970,5;1822,5;24,2;16,1;24,7;23,7;17,3;15,9;65;61;61;273;8,3;4,1;
2007-07-09;18:00;0;969,9;970,5;969,9;1608,3;24;15,5;24,5;23,7;16,4;15,3;62;58;59;280;6,8;3,1;
2007-07-09;19:00;0;969,7;969,9;969,6;1295,4;24,4;15,3;25,1;24;16,2;15,3;60;56;57;255;5,4;3,4;
2007-07-09;20:00;0;969,8;970;969,7;737,8;22,2;15,1;24,4;22,2;15,8;14,8;64;57;64;264;6,8;2,6;
2007-07-09;21:00;0;970,1;970,1;969,6;254,7;19,4;14,7;22,2;19,4;15,2;14,7;74;64;74;268;5,3;3,2;
2007-07-09;22:00;0;970,7;970,7;970,1;2;18,1;14;19,4;18;14,7;14;79;74;77;250;5,6;2,9;
2007-07-09;23:00;0;971,4;971,4;970,7;-9999;16,8;13,4;18,1;16,8;14;13,4;80;77;80;246;6,1;3,3;
2007-07-10;00:00;0;972,2;972,2;971,4;-9999;15;12,6;16,8;15;13,4;12,6;86;80;86;247;7,2;3,1;
2007-07-10;01:00;0;972,8;972,8;972,1;-9999;14,6;12,4;15;14,4;12,6;12,4;87;86;87;242;7;2,8;
2007-07-10;02:00;0;973;973,2;972,8;-9999;14,2;11,9;14,8;14,2;12,4;11,9;87;85;86;241;8,1;1,5;
2007-07-10;03:00;0;973,1;973,2;972,9;-9999;12,5;11,2;14,2;12,5;11,9;10,9;92;86;92;355;3,4;0;
2007-07-10;04:00;0;972,8;973,1;972,7;-9999;10,9;9,9;12,5;10,9;11,6;9,9;94;91;93;330;1,3;,4;
2007-07-10;05:00;0;972;972,8;972;-9999;10,7;10;11,3;10,4;10,6;9,4;96;93;95;299;1,3;,1;
2007-07-10;06:00;0;971,6;972,1;971,3;-9999;12,4;11,3;12,4;10,7;11,3;10,1;97;93;93;224;6;2,1;
2007-07-10;07:00;0;971,8;971,8;971,5;-9999;12,8;11,6;12,8;12,4;11,6;11,3;93;92;93;216;7,1;1;
2007-07-10;08:00;0;971,9;971,9;971,6;-9999;12,7;11,6;12,9;12,7;11,7;11,5;93;92;93;184;5;2,1;
2007-07-10;09:00;0;972,4;972,5;971,9;-9999;12,4;11;12,7;12,4;11,6;10,9;93;90;91;183;5,5;2,1;
2007-07-10;10:00;0;973,1;973,1;972,4;-9999;12,4;10,7;12,5;12,3;11;10,7;91;89;89;188;5,4;1,7;
2007-07-10;11:00;0;973,8;973,9;973;20;12,3;10,5;12,6;12,3;10,8;10,5;89;88;89;176;5,5;2,5;
2007-07-10;12:00;0;974,9;974,9;973,7;162,8;12,8;10,3;12,9;12,3;10,6;10,2;89;84;85;186;5,7;2,5;
2007-07-10;13:00;0;975,6;975,6;974,8;304,4;12,7;10,5;13,1;12,6;10,7;10,2;87;84;86;185;5,7;1,8;
2007-07-10;14:00;0;976,1;976,2;975,6;370,7;12,8;10,3;12,9;12,5;10,7;10,2;87;85;85;220;4,8;2,5;
2007-07-10;15:00;0;975,5;976,1;975,4;537;13,4;10,4;13,4;12,5;10,4;10,1;86;82;82;164;4,8;1,2;
2007-07-10;16:00;0;974,9;975,5;974,8;595,1;14;10,2;14,1;13,1;10,6;10;83;78;78;172;4,8;1,8;
2007-07-10;17:00;0;974,4;974,9;974,4;617,4;13,7;9,6;14,2;13,7;10,4;9,5;79;75;76;183;5,6;3;
2007-07-10;18:00;0;974,3;974,5;974;497,6;13,5;9,3;13,9;13,5;9,8;9,3;77;75;76;200;6,8;2,1;
2007-07-10;19:00;0;974,3;974,5;974,1;402,3;13,3;9,1;13,7;13;9,6;8,9;78;75;76;180;6,7;2,4;
2007-07-10;20:00;0;974,6;974,7;974,3;268,5;12,1;8,6;13,3;12,1;9,1;8,4;79;75;79;186;7,5;2,5;
2007-07-10;21:00;0;975,5;975,5;974,6;69,6;11,3;8,2;12,2;11,3;8,7;8,1;81;78;81;194;6,5;1,8;
2007-07-10;22:00;0;976,1;976,1;975,4;1,3;11;7,7;11,4;11;8,2;7,7;82;79;80;189;5,5;2,3;
2007-07-10;23:00;0;976,8;976,8;975,9;-9999;10;7,2;11;10;7,8;7,1;83;80;83;182;6,4;2,6;
2007-07-11;00:00;0;977,1;977,1;976,7;-9999;9,1;7,1;10;9,1;7,2;7;87;82;87;179;6,9;3;
2007-07-11;01:00;0;977,7;977,8;977;-9999;8,9;7,1;9,1;8,8;7,2;7,1;89;87;89;187;6,9;1,5;
2007-07-11;02:00;0;977,7;978;977,3;-9999;8,9;6,8;9,1;8,8;7,2;6,7;89;86;87;177;5,2;2,1;
2007-07-11;03:00;0;976,7;977,7;976,7;-9999;8,8;6,3;9;8,8;6,8;6,3;87;84;84;143;5,1;2,1;
2007-07-11;04:00;0;976,8;977;976,4;-9999;8,8;6,5;8,9;8,7;6,5;6,1;85;84;85;179;5,1;,8;
2007-07-11;05:00;0;976,2;976,8;976,2;-9999;8,8;6,6;8,8;8,7;6,6;6,3;86;85;86;191;4,1;1,2;
2007-07-11;06:00;0;975,5;976,2;975,4;-9999;8,6;6,4;8,8;8,6;6,7;6,4;87;85;86;183;4,6;2;
2007-07-11;07:00;0;975;975,5;975;-9999;8,6;6,6;8,7;8,5;6,8;6,4;88;86;87;177;4,8;2,1;
2007-07-11;08:00;0;975,2;975,2;975;-9999;8,7;6,3;8,8;8,6;6,7;6,3;87;85;85;176;4,8;1,8;
2007-07-11;09:00;0;975,1;975,3;974,8;-9999;8,6;6,1;8,7;8,6;6,4;6,1;85;84;85;169;5,2;2;
2007-07-11;10:00;0;975,8;975,8;975,1;-9999;8,6;6,2;8,7;8,6;6,2;6;85;84;85;185;5,3;1,5;
2007-07-11;11:00;0;976;976,2;975,7;21,1;8,5;6,1;8,6;8,4;6,3;6,1;86;85;85;164;5,3;2;
2007-07-11;12:00;0;976,8;976,8;976;215,7;9,1;6,5;9,1;8,5;6,5;6,1;85;84;84;172;5,3;1,9;
2007-07-11;13:00;0;976,9;977;976,2;319,3;9,2;6,5;9,4;8,9;6,7;6,3;85;83;83;183;4,8;2,2;
2007-07-11;14:00;0;977,3;977,3;976,7;551,7;10,4;6,9;10,4;9,2;6,9;6,4;84;78;79;176;4,8;1,9;
2007-07-11;15:00;0;976,2;977,5;976,2;927,9;11,7;7,2;11,7;10,1;7,2;6,3;79;72;74;164;4,8;1,4;
2007-07-11;16:00;0;975,4;976,4;975,4;1898,1;13,2;7,2;13,2;11,5;7,3;6,3;74;66;67;119;5,3;2;
2007-07-11;17:00;0;974,4;975,4;974,3;1988,6;15;7,6;15,3;12,9;8;6,6;67;59;61;198;4;1,3;
2007-07-11;18:00;0;973,7;974,4;973,5;1552;15,5;7,5;15,8;14,6;7,9;7,1;62;58;59;221;4,2;1,3;
2007-07-11;19:00;0;973,5;973,7;973,3;899,8;15,1;7,6;15,8;14,7;8,1;7,2;64;58;61;152;4,1;,5;
2007-07-11;20:00;0;973,5;973,7;973,5;471,8;15,3;8;15,8;15;8,4;7,5;62;59;62;129;3;1;
2007-07-11;21:00;0;974,1;974,1;973,5;171,6;14,3;7,4;15,5;14,3;8,2;7,3;63;61;63;184;4,8;2,4;
2007-07-11;22:00;0;974,2;974,3;974;5,3;13,7;7,3;14,3;13,7;7,6;7,2;66;63;66;189;4,8;1,1;
2007-07-11;23:00;0;974,2;974,4;974;-9999;11,3;6,9;13,7;11,3;7,4;6,8;75;65;75;176;5,8;1,5;
2007-07-12;00:00;-9999;-9999;-9999;-9999;-9999;-9999;-9999;-9999;-9999;-9999;-9999;-9999;-9999;-9999;-9999;-9999;-9999;
2007-07-12;01:00;-9999;-9999;-9999;-9999;-9999;-9999;-9999;-9999;-9999;-9999;-9999;-9999;-9999;-9999;-9999;-9999;-9999;
2007-07-12;02:00;-9999;-9999;-9999;-9999;-9999;-9999;-9999;-9999;-9999;-9999;-9999;-9999;-9999;-9999;-9999;-9999;-9999;
2007-07-12;03:00;0;974,6;975,3;974,6;-9999;8,4;6,5;8,7;8,3;6,6;6,5;88;86;88;133;3,9;,9;
2007-07-12;04:00;-9999;-9999;-9999;-9999;-9999;-9999;-9999;-9999;-9999;-9999;-9999;-9999;-9999;-9999;-9999;-9999;-9999;
2007-07-12;05:00;-9999;-9999;-9999;-9999;-9999;-9999;-9999;-9999;-9999;-9999;-9999;-9999;-9999;-9999;-9999;-9999;-9999;
2007-07-12;06:00;-9999;-9999;-9999;-9999;-9999;-9999;-9999;-9999;-9999;-9999;-9999;-9999;-9999;-9999;-9999;-9999;-9999;
2007-07-12;07:00;-9999;-9999;-9999;-9999;-9999;-9999;-9999;-9999;-9999;-9999;-9999;-9999;-9999;-9999;-9999;-9999;-9999;
2007-07-12;08:00;-9999;-9999;-9999;-9999;-9999;-9999;-9999;-9999;-9999;-9999;-9999;-9999;-9999;-9999;-9999;-9999;-9999;
2007-07-12;09:00;-9999;-9999;-9999;-9999;-9999;-9999;-9999;-9999;-9999;-9999;-9999;-9999;-9999;-9999;-9999;-9999;-9999;
2007-07-12;10:00;-9999;-9999;-9999;-9999;-9999;-9999;-9999;-9999;-9999;-9999;-9999;-9999;-9999;-9999;-9999;-9999;-9999;
2007-07-12;11:00;-9999;-9999;-9999;-9999;-9999;-9999;-9999;-9999;-9999;-9999;-9999;-9999;-9999;-9999;-9999;-9999;-9999;
2007-07-12;12:00;-9999;-9999;-9999;-9999;-9999;-9999;-9999;-9999;-9999;-9999;-9999;-9999;-9999;-9999;-9999;-9999;-9999;
2007-07-12;13:00;0;974,9;975;974,6;1108,7;11,9;8,1;11,9;9,9;8,2;7,1;85;78;78;77;4,4;2,4;
2007-07-12;14:00;0;974,7;974,9;974,7;1545,7;13,4;8,2;13,9;11,7;8,9;7,8;78;71;71;71;4,2;1,6;
2007-07-12;15:00;0;974,2;974,7;974,2;1882,5;16,2;9,3;16,2;13,4;9,4;8,2;72;63;63;82;4;1,9;
2007-07-12;16:00;0;972,8;974,2;972,8;2108,7;18,3;9,9;18,6;16,2;10,2;9,2;64;57;58;76;4,4;2,2;
2007-07-12;17:00;0;971,3;972,8;971,3;2281,9;21,8;10,2;22,2;18,3;11,4;9,5;59;48;48;9;5,5;2,2;
2007-07-12;18:00;0;970,6;971,3;970,6;1904,1;23,3;10,9;23,9;21,5;11,5;10;49;44;46;8;4,8;1;
2007-07-12;19:00;0;970,4;970,6;970,2;1646,6;24,9;11,1;25,1;23,1;11,6;10,6;46;41;42;294;4,6;1,2;
2007-07-12;20:00;0;970,4;970,4;970,2;884,1;24,7;11,6;25,4;24,2;11,8;10,9;46;41;44;358;3,5;,3;
2007-07-12;21:00;0;970,8;970,8;970,2;275,9;21,2;12,8;25,2;21,2;13,1;11,6;59;42;59;285;2,9;1,9;
2007-07-12;22:00;0;971,3;971,3;970,8;2,4;19,6;12,2;21,2;19,4;12,9;12,2;64;59;62;224;2,9;1;
2007-07-12;23:00;0;971,4;971,5;971,2;-9999;17,2;11,8;19,6;16,4;12,4;11,8;75;62;71;244;3,1;1,4;
2007-07-13;00:00;0;971,9;971,9;971,4;-9999;16,5;11,8;17,2;16,3;12;11,8;76;71;74;259;2,7;2,1;
2007-07-13;01:00;0;972,3;972,3;971,9;-9999;16,7;12;16,8;16,4;12;11,8;75;73;74;271;2,7;1,4;
2007-07-13;02:00;0;972,3;972,4;972,3;-9999;16;13;16,7;16;13;12;83;74;83;287;2;0;
2007-07-13;03:00;0;972,2;972,4;972,2;-9999;15;12,4;16,2;15;13,1;12,4;84;80;84;264;1,5;1,2;
2007-07-13;04:00;0;972,2;972,2;972,1;-9999;14,3;12,2;15;14,3;12,4;11,8;87;83;87;263;2;1,2;
2007-07-13;05:00;0;971,6;972,2;971,6;-9999;13,8;12;14,3;13,8;12,2;12;90;87;89;284;1,8;,8;
2007-07-13;06:00;0;971,1;971,6;971,1;-9999;12,9;11,2;13,8;12,9;11,9;11,2;90;88;90;307;1,7;0;
2007-07-13;07:00;0;970,4;971,1;970,4;-9999;12,2;10,9;12,9;12,1;11,3;10,8;93;90;92;190;1,3;0;
2007-07-13;08:00;0;970,4;970,5;970,3;-9999;11,5;10,4;12,2;11,2;10,8;10;93;91;93;247;1,4;,5;
2007-07-13;09:00;0;970,5;970,5;970,4;-9999;12,4;10,9;12,8;11,4;11,3;10,3;94;89;90;242;2,6;1,3;
2007-07-13;10:00;0;971,1;971,1;970,5;-9999;11,5;10,3;12,5;11,5;11;10,2;93;90;92;253;1,9;1,2;
2007-07-13;11:00;0;971,3;971,3;971,1;73,7;11,6;10,5;11,6;11,2;10,5;10;93;92;93;266;1,9;1,3;
2007-07-13;12:00;0;971,7;971,7;971,2;507;15,1;11,7;15,3;11,6;12,2;10,5;93;80;80;104;1,7;,1;
2007-07-13;13:00;0;972,1;972,1;971,7;1203,4;16,8;12,4;16,8;14,9;12,5;11,6;83;75;75;87;3;1,7;
2007-07-13;14:00;0;971,8;972,2;971,8;1349,2;19,8;13,3;19,8;16,8;13,3;12,3;76;66;66;70;3;1,9;
2007-07-13;15:00;0;971,1;971,8;971,1;2009,1;22,2;13,3;22,3;19,6;13,6;12,6;66;56;57;14;3,8;1,2;
2007-07-13;16:00;0;969,8;971,1;969,8;2472;26,1;13,1;26,3;22;14,1;12,7;58;45;45;1;3,9;1,2;
2007-07-13;17:00;0;968,5;969,8;968,5;2234;28,5;11;28,5;25,9;13,9;11;46;34;34;335;6,4;2,2;
2007-07-13;18:00;0;967,8;968,5;967,8;1956,3;28,7;11,1;29;28;11,4;10,2;34;32;34;349;9;3;
2007-07-13;19:00;0;967,5;967,8;967,5;1437,5;28,3;11;29,1;28,2;11,5;10,8;35;33;34;330;9;2,7;
2007-07-13;20:00;0;967,5;967,5;967,4;833,5;27,7;11,8;28,7;27,7;11,8;11;37;34;37;328;9;2,5;
2007-07-13;21:00;0;967,7;967,7;967,4;240,8;25,6;12,4;27,7;25,6;12,4;11,7;44;37;44;333;7,5;1,1;
2007-07-13;22:00;0;968;968;967,7;2,2;21,5;13,6;25,6;21,5;13,7;12,4;61;44;61;294;3,5;0;
2007-07-13;23:00;0;968,3;968,4;968;-9999;19,4;13,7;21,5;19,3;14,2;13,6;70;61;70;265;,9;,3;
2007-07-14;00:00;0;968,6;968,6;968,3;-9999;17,5;13,6;19,5;17,5;13,8;13,3;78;69;78;343;1;0;
2007-07-14;01:00;0;969,1;969,1;968,6;-9999;16,1;12,8;18,2;16,1;13,7;12,7;81;73;81;309;1,8;1,1;
2007-07-14;02:00;0;969,2;969,2;969,1;-9999;15,7;13,1;16,3;15,4;13,1;12,4;85;80;85;223;1,8;0;
2007-07-14;03:00;0;969,1;969,3;969,1;-9999;14,4;12,1;15,7;14,3;13,1;11,8;86;83;86;316;1,1;0;
2007-07-14;04:00;0;968,6;969,1;968,6;-9999;14;12,1;14,6;14;12,7;11,9;90;85;88;58;,6;0;
2007-07-14;05:00;0;968,5;968,7;968,5;-9999;14,1;12,3;14,9;13,7;12,5;11,7;90;83;89;233;1,2;0;
2007-07-14;06:00;0;967,7;968,5;967,7;-9999;14,7;12,6;14,7;13,3;12,7;11,5;91;84;87;174;1,2;,5;
2007-07-14;07:00;0;967,6;967,7;967,5;,4;14,7;12,9;15,8;14,5;12,9;12,2;89;82;89;274;1,2;0;
2007-07-14;08:00;0;967,9;967,9;967,6;-9999;15,6;13,6;15,6;14,7;13,6;12,9;90;88;88;202;0;0;
2007-07-14;09:00;0;968,5;968,5;967,9;-9999;15,4;13,7;15,8;15,4;13,9;13,3;90;86;89;54;0;0;
2007-07-14;10:00;0;969,2;969,2;968,5;-9999;15,9;13,7;16;15,4;14;13,7;90;86;87;204;,6;0;
2007-07-14;11:00;0;970,1;970,1;969,2;37,2;16,2;14,3;16,2;15,6;14,3;13,7;90;87;88;242;2,2;0;
2007-07-14;12:00;0;971;971;970,1;201,8;17,5;14,6;17,5;16,2;14,9;14,1;89;82;83;90;,8;0;
2007-07-14;13:00;0;971,5;971,6;971;581,9;19,8;14,3;19,8;17,5;14,9;14,1;83;70;71;98;2,1;1,2;
2007-07-14;14:00;,6;971,4;971,5;971,4;974,5;21,5;16,5;21,5;19,8;16,5;14,2;75;67;73;104;1,8;,5;
2007-07-14;15:00;0;971;971,5;971;1037;23,1;16,1;23,1;21,2;17,1;15,6;76;63;65;109;1,5;,3;
2007-07-14;16:00;0;970,2;971;970,1;1496,7;25,9;15,9;26,2;23,1;17,2;15,1;66;52;54;110;2,2;,7;
2007-07-14;17:00;0;969,2;970,2;969,2;1206,2;27,7;15,1;28,1;25,9;17,3;14,9;57;45;46;282;8,2;5,3;
2007-07-14;18:00;0;968,7;969,2;968,7;928,5;27,9;15,1;28;27,6;15,5;14,7;47;44;46;284;8,6;4,1;
2007-07-14;19:00;0;968,5;968,7;968,4;595,4;27,9;14,6;28,3;27,1;15,4;14,3;48;43;44;322;7,1;2;
2007-07-14;20:00;0;968,5;968,6;968,4;422,6;27,3;15,1;27,9;27,3;15,1;14,3;47;44;47;321;7,2;1,3;
2007-07-14;21:00;0;968,9;968,9;968,5;119,1;25,5;15,8;27,3;25,5;16;15;56;47;55;320;3,4;,9;
2007-07-14;22:00;0;969,1;969,2;968,9;-9999;22,9;16,6;25,5;22,9;17,1;15,9;69;55;67;277;2,2;,5;
2007-07-14;23:00;0;969,4;969,4;969,1;-9999;23,3;16,2;23,5;22;16,8;16;72;63;64;244;2,3;1,3;
2007-07-15;00:00;0;969,7;969,7;969,4;-9999;22,9;16,1;24,1;22,9;16,3;15,7;65;60;65;122;3,5;,2;
2007-07-15;01:00;0;970,1;970,1;969,7;-9999;22,8;15,8;22,9;22,4;16,1;15,8;67;64;65;185;3,5;,8;
2007-07-15;02:00;0;970,4;970,4;970,1;-9999;20,9;16;22,9;20,8;16,2;15,7;74;64;74;254;2,9;,9;
2007-07-15;03:00;0;970,5;970,5;970,3;-9999;21,3;15,9;21,5;20,3;16,1;15,9;77;70;71;243;2,4;,9;
2007-07-15;04:00;0;970,6;970,6;970,4;-9999;20,6;16;21,3;20,6;16,1;15,8;75;71;75;242;2,2;,4;
2007-07-15;05:00;0;970,8;970,8;970,5;-9999;20,3;16;21;20,3;16;15,9;77;73;76;251;3,3;1;
2007-07-15;06:00;0;970,8;970,9;970,7;-9999;20,3;16;20,9;20,3;16;15,8;76;73;76;232;4,5;1,4;
2007-07-15;07:00;0;970,6;970,9;970,6;-9999;19,7;16;20,3;19,7;16;16;79;76;79;200;3,6;,6;
2007-07-15;08:00;1,6;970,8;970,9;970,4;-9999;18,4;16,4;19,7;18,4;16,4;15,9;88;79;88;227;5;1,8;
2007-07-15;09:00;3;970,8;970,9;970,4;-9999;17,5;16,6;18,4;17,5;16,7;16,4;94;88;94;221;5;1,3;
2007-07-15;10:00;,2;971,2;971,2;970,7;-9999;17,2;15,9;17,6;17,2;16,6;15,9;95;92;92;194;4,2;1,9;
2007-07-15;11:00;0;971,3;971,3;970,9;78;16,6;15,2;17,2;16,5;15,9;15;92;91;91;201;4,9;2,1;
2007-07-15;12:00;0;972;972;971,3;299,1;16,9;15,2;16,9;16,5;15,4;15;92;90;90;181;4,7;1,8;
2007-07-15;13:00;0;972,5;972,6;972;561,6;17;15,2;17,4;16,9;15,5;15,1;90;87;89;179;6,4;2,4;
2007-07-15;14:00;0;972,5;972,7;972,4;714,6;18;15,8;18,1;17;15,9;15,2;90;85;87;161;4,5;1,6;
2007-07-15;15:00;0;972;972,6;971,9;969,9;18,8;16;18,9;17,9;16,2;15,5;87;83;84;155;3,7;1,1;
2007-07-15;16:00;0;970,9;972;970,9;1598,8;20,4;16,7;20,6;18,6;17,1;15,7;87;77;79;145;3,5;1,1;
2007-07-15;17:00;0;969,8;970,9;969,8;2159,9;22,8;17,1;22,9;20,4;17,9;16,2;80;68;70;103;3,8;,8;
2007-07-15;18:00;0;968,9;969,8;968,9;1352,9;22,8;16,6;23,4;22,3;17,2;16,2;72;65;68;109;2,8;1,5;
2007-07-15;19:00;0;968,6;968,9;968,6;847,6;23,2;16,7;23,3;22,6;17,4;16,4;71;67;67;191;3;,5;
2007-07-15;20:00;0;968,3;968,6;968,3;246,5;22,6;16,7;23,2;22,5;17,1;16,3;71;65;69;137;2;,6;
2007-07-15;21:00;0;968,1;968,4;968;152,8;22,3;16,7;22,7;22,3;17,2;16,5;72;69;71;129;1,9;,1;
2007-07-15;22:00;0;968,4;968,4;967,9;-9999;21,3;17,1;22,3;21,3;18;16,7;82;70;77;235;2;,6;
2007-07-15;23:00;0;969,2;969,2;968,4;-9999;20,5;15,9;21,6;20,5;17,5;15,5;79;71;75;187;3,6;,7;
2007-07-16;00:00;,8;969,5;969,7;969,2;-9999;18,1;16;20,5;18,1;16,2;15,5;89;75;88;162;4,8;,7;
2007-07-16;01:00;,4;969,3;969,5;969,2;-9999;17,5;16,3;18,1;17,4;16,4;15,9;93;88;93;117;2,8;,7;
2007-07-16;02:00;0;969,7;970;969,3;-9999;17,1;16,2;17,5;17;16,5;16,1;94;92;94;87;1,7;,6;
2007-07-16;03:00;,2;970;970,1;969,4;-9999;16,9;16,1;17,3;16,9;16,4;16,1;95;93;95;259;2;,8;
2007-07-16;04:00;0;969,2;970;968,4;-9999;16,9;16;17;16,6;16,2;16;96;95;95;336;3,2;,6;
2007-07-16;05:00;0;969,2;969,3;968,9;-9999;16,5;15,9;16,9;16,5;16,2;15,8;96;95;96;209;1,8;,1;
2007-07-16;06:00;0;968,8;969,2;968,7;-9999;16,2;15,7;16,5;16;16;15,4;97;96;97;206;2,3;,9;
2007-07-16;07:00;0;968,2;968,8;968,1;-9999;16,3;15,5;16,4;16,2;15,7;15,5;97;95;95;186;2,2;,6;
2007-07-16;08:00;0;967,8;968,2;967,7;-9999;15,4;14,8;16,3;15,3;15,6;14,7;97;95;97;262;1,9;,6;
2007-07-16;09:00;0;967,6;967,8;967,5;-9999;15,1;14,6;15,6;15,1;15,1;14,6;97;96;96;274;1,9;,7;
2007-07-16;10:00;0;968,3;968,4;967,6;-9999;15;14,5;15,1;14,6;14,6;14,1;97;96;97;229;2;,1;
2007-07-16;11:00;0;969,3;969,3;968,3;29,2;14,8;14,3;15,2;14,5;14,7;14;97;96;97;329;1,3;0;
2007-07-16;12:00;0;969,7;969,8;969,3;211;16,3;15,8;16,3;14,8;15,8;14,4;97;96;96;319;1,1;0;
2007-07-16;13:00;0;970,3;970,3;969,7;924,3;18,9;16,9;19,1;16,3;17,6;15,7;97;88;88;68;1,7;,3;
2007-07-16;14:00;0;970,5;970,5;970,3;1603,1;20,3;17,2;20,7;18,7;18,4;16,5;91;82;82;9;3,2;,8;
2007-07-16;15:00;0;969,8;970,5;969,8;2079,2;23,9;17,9;23,9;20,3;18,5;17,5;85;69;69;39;3;,3;
2007-07-16;16:00;0;969;969,8;969;1394,4;24,8;17,9;24,9;23,8;18,7;17,3;71;65;65;324;4,8;1,2;
2007-07-16;17:00;0;967,9;969;967,9;1048,7;24,5;18,4;24,8;24,1;18,4;17,1;70;64;69;9;4,2;,8;
2007-07-16;18:00;0;966,8;967,9;966,8;681,4;24,5;18,9;24,5;23,9;18,9;17,7;72;66;71;53;3,2;1,7;
2007-07-16;19:00;0;966,5;966,8;966,4;476,1;23,4;18,6;24,9;23,4;19,1;18,2;75;68;75;60;3,6;1,8;
2007-07-16;20:00;3,6;966,5;967;966,4;154,6;19,8;18;23,4;19,8;19,6;17,5;94;75;89;3;9,3;1,2;
2007-07-16;21:00;0;966,7;966,9;966,4;107,1;19,6;18,3;19,8;19,6;18,5;17,8;93;89;93;310;3,7;,1;
2007-07-16;22:00;1;967,1;967,4;966,7;0;19,4;18,4;19,7;19,4;18,7;18,2;95;92;94;85;2,8;1,4;
2007-07-16;23:00;2,4;967,5;967,8;966,8;-9999;18,5;17,6;19,4;18,5;18,3;17,6;95;93;95;108;4,5;,5;
2007-07-17;00:00;1;967,9;968,3;967,5;-9999;18,5;17,9;18,6;18,4;17,9;17,6;96;94;96;118;2,8;1,4;
2007-07-17;01:00;1,2;968,4;968,6;967,6;-9999;18,3;17,8;18,5;18,3;17,9;17,7;97;96;97;88;4,4;2,5;
2007-07-17;02:00;3,4;968,3;968,6;967,9;-9999;18,5;17,9;18,5;18,3;17,9;17,7;97;96;97;77;5,9;2,3;
2007-07-17;03:00;9,8;968,2;968,7;968;-9999;18,3;17,6;18,5;18,2;18;17,6;97;95;96;64;5,4;2,8;
2007-07-17;04:00;0;968,3;968,6;967,8;-9999;18,6;17,9;18,6;18,3;18;17,6;96;95;96;69;7,3;2,6;
2007-07-17;05:00;0;968;968,4;968;-9999;18,6;17,9;18,6;18,5;17,9;17,8;96;96;96;71;4,7;2,1;
2007-07-17;06:00;0;967;968;967;-9999;18,5;17,7;18,6;18,5;17,9;17,7;96;95;95;75;5,4;2,4;
2007-07-17;07:00;0;966,7;967;966,7;-9999;18,7;17,4;18,7;18,5;17,7;17,4;95;92;92;54;6,4;3,6;
2007-07-17;08:00;,8;966,9;966,9;966,4;-9999;18,3;17,3;18,7;18,3;17,4;17,2;94;92;94;53;7,1;2,3;
2007-07-17;09:00;,6;967,2;967,2;966,4;-9999;18,1;17,1;18,5;18,1;17,3;17;94;92;94;55;6,7;2;
2007-07-17;10:00;1,8;967,3;967,7;966,9;-9999;17,7;16,5;18,2;17,6;17,1;16,5;94;92;93;60;8,8;4,3;
2007-07-17;11:00;,2;968;968,1;967,1;4,3;17,6;16,3;17,8;17,6;16,5;16,3;93;91;92;37;8,4;3,8;
2007-07-17;12:00;,4;968,6;968,7;967,7;97,7;17,8;16,4;17,8;17,4;16,6;16,3;95;92;92;51;6,8;3,6;
2007-07-17;13:00;2,8;969,6;970;968,5;50,6;17,3;16,3;17,9;17,3;16,4;16,1;94;91;94;49;7,4;3;
2007-07-17;14:00;3,6;969,6;969,9;969,3;356,7;17,6;16,5;17,8;17,2;16,8;16,2;95;92;93;48;6,7;3,1;
2007-07-17;15:00;,6;968,6;969,7;968,6;1223,9;18,9;17,1;19,2;17,5;17,9;16,5;94;89;90;50;6,1;3,2;
2007-07-17;16:00;0;967,9;968,7;967,9;1089,5;20,7;17;20,9;18,8;18,5;17;93;80;80;24;8,1;3,2;
2007-07-17;17:00;0;966,6;967,9;966,6;2144,4;22,5;18;22,5;20,6;18,2;17,2;83;76;76;43;8,3;3,7;
2007-07-17;18:00;0;965,8;966,6;965,8;1634,2;22,2;17,6;22,9;21,8;18,7;17,2;79;73;75;42;7,6;3,5;
2007-07-17;19:00;0;965,4;965,8;965,1;1210,2;23,1;18,3;23,6;22,2;18,9;17,9;79;72;74;39;6,7;3,1;
2007-07-17;20:00;0;964,9;965,5;964,8;343,9;22,7;18,3;23,3;22,7;18,8;18,2;78;73;76;69;6,5;2,7;
2007-07-17;21:00;0;964,3;965;963,8;170,7;21,4;18,4;22,7;21,4;18,7;18,2;83;76;83;81;7,3;3,2;
2007-07-17;22:00;0;966,4;966,5;962,9;24;21;17,5;21,4;21;18,5;17,4;84;78;80;131;10,2;2,1;
2007-07-17;23:00;4;966,5;967;965,6;-9999;19;18;21;19;18,1;17,4;94;81;94;218;6,6;2,5;
2007-07-18;00:00;3,4;967,3;967,5;966;-9999;18,9;18,2;19;18,7;18,3;18;96;94;95;266;6;1,5;
2007-07-18;01:00;0;968;968;967;-9999;18,5;17,9;18,9;18,5;18,2;17,9;96;95;96;275;2,6;,1;
2007-07-18;02:00;0;968,9;968,9;968;-9999;18,6;18;18,6;18,4;18;17,7;97;96;96;219;1,9;,4;
2007-07-18;03:00;0;969,3;969,4;968,8;-9999;18,5;17,8;18,7;18,4;18,1;17,8;96;96;96;172;2,2;,3;
2007-07-18;04:00;0;969,6;969,7;969,3;-9999;18;15,4;18,8;18;17,9;15,4;96;85;85;181;5,2;1,3;
2007-07-18;05:00;0;969,4;969,8;969,4;-9999;17;15,1;18;16,8;15,5;14,9;90;84;89;220;3,3;,5;
2007-07-18;06:00;0;969,4;969,7;969,3;-9999;16,3;13,4;17,2;16,3;15,3;13,4;89;83;83;188;5,4;1,9;
2007-07-18;07:00;0;970,1;970,2;969,4;-9999;15;12,9;16,3;15;13,5;12,9;89;83;87;231;4,8;1,8;
2007-07-18;08:00;0;970,4;970,4;969,9;-9999;14,2;10,9;15;14,2;12,8;10,9;87;80;81;225;4,8;1,7;
2007-07-18;09:00;0;970,9;970,9;970,4;-9999;13,2;10,1;14,2;13,2;10,9;10,1;83;80;82;230;4,4;1,4;
2007-07-18;10:00;0;971,2;971,2;970,8;-9999;11,5;9;13,2;10,8;10,2;8,7;87;81;85;248;3;1,9;
2007-07-18;11:00;0;971,8;971,8;971,2;98,4;12,6;7,8;12,6;11,3;9;7,7;85;72;73;241;4,4;1,8;
2007-07-18;12:00;0;972,5;972,5;971,8;753,7;13,8;9,2;13,8;11,2;9,5;7,8;86;73;74;253;4,2;2;
2007-07-18;13:00;0;973,2;973,2;972,5;1539,6;17,4;4,5;17,4;13,8;9,2;4,3;74;42;43;212;4,1;1,9;
2007-07-18;14:00;0;973,3;973,5;973,2;2123,3;19,3;2,1;19,3;17,2;5;1,5;44;31;32;230;4,5;2;
2007-07-18;15:00;0;972,7;973,3;972,7;2592,8;21,1;0;21,3;19,3;3,5;-1,1;35;23;25;202;4,9;2;
2007-07-18;16:00;0;971,9;972,8;971,9;2809,5;22,3;1,9;22,4;21;4;-,9;32;22;26;198;5;1;
2007-07-18;17:00;0;971,3;971,9;971,3;2755,7;22,9;2,2;22,9;21,9;4;,8;29;24;26;192;5,7;2,7;
2007-07-18;18:00;0;970,7;971,3;970,7;2468,4;22,9;1,3;23,5;22,6;4;-,5;29;21;24;226;7,1;2,3;
2007-07-18;19:00;0;970,9;970,9;970,6;1931,2;23,4;4,2;23,6;22,7;4,2;,2;29;22;29;231;5,8;2,1;
2007-07-18;20:00;0;971,2;971,3;970,8;1217,9;22,8;1,2;23,5;22,7;4,1;,3;30;23;24;180;7,7;3,1;
2007-07-18;21:00;0;971,8;971,8;971,2;441,6;20,3;3,1;22,8;20,3;3,8;1;34;24;32;181;6,8;1,7;
2007-07-18;22:00;0;971,9;971,9;971,6;2;15,8;6,7;20,3;15,4;7,1;3,3;58;32;55;121;3,7;,3;
2007-07-18;23:00;0;972,3;972,4;971,8;-9999;14,4;5,8;15,8;14,3;6,8;5,2;58;50;56;254;2,3;,6;
2007-07-19;00:00;0;972,7;972,7;972,2;-9999;13,5;5,9;15,4;13,5;6,6;5,2;61;51;60;255;2,6;1;
2007-07-19;01:00;0;973,1;973,1;972,6;-9999;10,7;6,5;13,5;9,7;6,7;5,9;82;60;75;247;3,1;1,2;
2007-07-19;02:00;0;973,5;973,5;973,1;-9999;11,7;6,2;12,8;10,5;6,6;5,9;76;64;69;252;2,9;1,4;
2007-07-19;03:00;0;973,3;973,5;973,2;-9999;12,7;5,6;13,1;11,3;6,3;5,4;69;60;62;211;3,1;1;
2007-07-19;04:00;0;972,9;973,3;972,8;-9999;10;6;12,8;9,3;6,2;5,2;80;61;77;194;3,9;,3;
2007-07-19;05:00;0;972,8;973;972,8;-9999;7,3;5,6;10,6;7,3;6,2;5,2;88;71;88;273;2,1;0;
2007-07-19;06:00;0;973;973,1;972,7;-9999;6,2;5,2;7,5;6,1;5,9;4,8;94;88;94;327;2,2;,5;
2007-07-19;07:00;0;972,6;973;972,6;-9999;5,6;4,6;6,5;5,1;5,6;4,1;94;92;93;228;1,9;,1;
2007-07-19;08:00;0;972,5;972,7;972,4;-9999;4,4;3,9;5,6;4,4;5,1;3,8;97;93;97;270;2;1,3;
2007-07-19;09:00;0;972,3;972,5;972,2;-9999;4,5;4,1;5,1;4,1;4,8;3,5;98;96;97;265;2,2;,2;
2007-07-19;10:00;0;972,6;972,7;972,3;-9999;4;3,6;4,5;3,8;4,1;3,3;98;96;97;289;2,1;1,6;
2007-07-19;11:00;0;973,3;973,3;972,6;102,2;4,9;4,4;4,9;4;4,4;3,5;98;96;96;289;2,1;1,6;
2007-07-19;12:00;0;973,5;973,5;973,2;793,2;9,6;7,8;9,6;4,9;7,8;4,5;97;87;88;253;2,3;0;
2007-07-19;13:00;0;974;974,2;973,5;1467,6;11,8;8,3;11,9;9,6;8,8;7,3;88;78;79;104;3,1;1,8;
2007-07-19;14:00;0;973,9;974;973,9;2098,3;14,4;8,4;14,6;11,8;9,6;8,4;80;67;67;109;5,9;3,1;
2007-07-19;15:00;0;973,3;973,9;973,3;2562,3;16;9,1;16,3;14,2;9,9;7,7;71;59;63;100;5,9;2,2;
2007-07-19;16:00;0;972;973,3;972;2780,8;18,3;8,2;18,3;16;9,3;6,4;64;50;52;93;5,9;2,4;
2007-07-19;17:00;0;970,7;972;970,7;2726;19,3;7,5;19,3;17,8;9,1;5,9;53;45;47;88;5,9;2;
2007-07-19;18:00;0;969,8;970,7;969,8;2436,4;20,2;7,4;20,6;19,3;9,5;6,2;53;40;44;65;5;2,2;
2007-07-19;19:00;0;969,4;969,8;969,4;1928,3;20,8;6,2;21,3;20,2;8,9;5,7;48;36;39;100;4,3;1,6;
2007-07-19;20:00;0;969;969,4;969;1252,7;21,2;5,2;21,5;20,8;7,1;4,6;40;34;35;99;4;1,7;
2007-07-19;21:00;0;969,4;969,4;969;460,7;19,7;8,2;21,2;19,7;8,6;5;49;35;47;114;3,4;,4;
2007-07-19;22:00;0;969,3;969,4;969,2;1,3;15,1;9,9;19,7;15,1;11,5;8,2;71;47;71;99;1,1;0;
2007-07-19;23:00;0;969,5;969,5;969,2;-9999;13;9,4;15,1;13;10,2;9,3;81;71;79;100;,8;0;
2007-07-20;00:00;0;969,6;969,6;969,4;-9999;12;8,5;13,2;12;9,9;8,4;81;75;79;69;1,1;,2;
2007-07-20;01:00;0;970;970;969,5;-9999;10,7;7,8;12,3;10,7;8,6;7,8;82;75;82;166;1,1;,1;
2007-07-20;02:00;0;970,2;970,2;970;-9999;8,2;6,7;10,7;8;8,2;6,4;91;82;90;271;1,2;,8;
2007-07-20;03:00;0;970,2;970,3;970,2;-9999;8;6,7;8,7;7,8;7,3;6,4;93;89;92;209;1,7;,3;
2007-07-20;04:00;0;969,8;970,2;969,7;-9999;7;5,9;7,9;6,6;6,6;5,5;94;92;93;256;2;,4;
2007-07-20;05:00;0;969,6;969,8;969,6;-9999;7,4;6;7,5;7;6,6;5,9;94;91;91;259;2,6;1,6;
2007-07-20;06:00;0;969,5;969,7;969,5;-9999;6,3;5,4;7,4;6,1;6;5,2;95;90;94;272;2,3;1,9;
2007-07-20;07:00;0;969,3;969,6;969,3;-9999;5,6;4,8;6,6;5,6;5,7;4,8;95;93;95;284;2,8;0;
2007-07-20;08:00;0;969,3;969,4;969,2;-9999;5,4;4,7;5,9;5,4;5,1;4,6;96;94;95;276;2,6;,1;
2007-07-20;09:00;0;969,6;969,6;969,1;-9999;5,6;5;5,9;5,4;5,2;4,5;96;93;95;269;2,4;,5;
2007-07-20;10:00;0;970,1;970,1;969,6;-9999;5,5;4,6;5,7;4,7;5;4;97;94;94;265;3,3;2,1;
2007-07-20;11:00;0;970,8;970,8;970,1;114,4;6,9;5,6;7;4,9;5,9;4,2;96;92;92;235;2,9;,6;
2007-07-20;12:00;0;971,6;971,6;970,8;757,2;11;8,3;11;6,6;8,6;5,3;93;83;84;100;1,8;,1;
2007-07-20;13:00;0;972,3;972,3;971,6;1522,5;15,7;7,6;15,7;10,9;9,9;7,6;83;59;59;134;1,5;,2;
2007-07-20;14:00;0;972,3;972,5;972,3;2109,7;18,4;8;18,4;15,5;10,1;7,1;63;50;51;70;3,8;2,3;
2007-07-20;15:00;0;971,6;972,3;971,6;2553,8;21,2;9,8;21,7;18,4;10,9;7,9;56;47;48;51;3,8;1,5;
2007-07-20;16:00;0;970,6;971,7;970,6;2776,6;24,9;9,1;25;21,2;10,8;7,4;51;34;37;45;4,7;2,1;
2007-07-20;17:00;0;969,7;970,6;969,7;2719,7;26,8;9,4;26,8;24,7;10,4;7,7;40;31;33;73;4,7;1,4;
2007-07-20;18:00;0;969,1;969,7;969,1;2393,7;27,6;8,9;28,1;26,5;10,4;7,3;35;29;31;114;3,8;1,8;
2007-07-20;19:00;0;968,7;969,1;968,7;1873,8;28,1;7,4;28,3;27,5;9,9;7,1;32;27;27;118;3,8;1,6;
2007-07-20;20:00;0;968,5;968,7;968,5;1199,7;27,9;8,2;28,3;27,9;8,8;6,6;31;26;29;98;3,5;2;
2007-07-20;21:00;0;968,6;968,6;968,4;440,7;25,2;10,1;28;25,2;10,2;7,5;39;27;39;106;4,1;1,7;
2007-07-20;22:00;0;968,7;968,8;968,6;4;21,9;10,7;25,2;21,9;11,2;10,1;50;39;49;102;2,7;1,1;
2007-07-20;23:00;0;969,2;969,2;968,7;-9999;17,6;11,2;21,9;17,5;11,8;10,6;68;49;66;94;1,8;0;
2007-07-21;00:00;0;969,8;969,8;969,2;-9999;15,1;11;18,2;14,6;11,6;10,8;79;62;76;293;1,6;1,1;
2007-07-21;01:00;0;969,7;969,8;969,7;-9999;13,6;11;15,3;13,5;11,4;10,8;85;75;84;3;1,6;0;
2007-07-21;02:00;0;969,7;969,9;969,7;-9999;12,6;10,6;13,6;12,6;11;10,5;88;83;88;182;3,1;,1;
2007-07-21;03:00;0;969,4;969,7;969,4;-9999;12,2;10,2;12,7;11,8;11;10,1;90;88;88;287;1,5;,6;
2007-07-21;04:00;0;969,2;969,4;969,2;-9999;11,7;10,3;13,1;11,7;10,7;10,1;91;85;91;260;2,8;0;
2007-07-21;05:00;0;969,1;969,3;969,1;-9999;11,7;10;12,7;11,7;10,6;10;91;87;89;252;3;,2;
2007-07-21;06:00;0;968,5;969,1;968,5;-9999;11,2;10;11,7;11,1;10,2;9,9;93;89;92;283;2,4;1,1;
2007-07-21;07:00;0;968,1;968,6;968,1;-9999;11,1;9,9;11,7;11;10,1;9,7;94;90;92;229;2,4;,6;
2007-07-21;08:00;0;968;968,2;968;-9999;11,4;10;11,7;10,8;10,4;9,7;94;91;91;283;1,7;,1;
2007-07-21;09:00;0;968,2;968,3;968;-9999;12,6;10,9;12,7;11,2;11,4;9,9;94;89;89;291;1,7;,5;
2007-07-21;10:00;0;968,6;968,7;968,2;-9999;13,2;11,8;13,3;12,6;11,8;10,9;92;89;91;127;1,7;0;
2007-07-21;11:00;0;969;969;968,6;26,4;14;12,5;14;12,9;12,6;11,5;93;90;91;182;1,3;0;
2007-07-21;12:00;0;969,2;969,2;969;230,3;15,8;13,4;15,8;13,9;13,6;12,5;93;84;86;121;,7;0;
2007-07-21;13:00;0;969,4;969,5;969,2;657,7;17,7;12,4;17,7;15,8;13,5;11,1;86;69;71;70;1,1;,1;
2007-07-21;14:00;0;969,1;969,5;969,1;1375;22,2;12,9;22,2;17,7;13,8;11,7;72;53;56;26;1,9;,4;
2007-07-21;15:00;0;968,2;969,1;968,2;1876,1;24,1;12,9;24,3;22,1;13,9;11,6;56;48;49;96;3,6;1,3;
2007-07-21;16:00;0;966,8;968,2;966,8;2265,8;27,7;13,1;27,8;24,1;14,7;12,7;52;41;41;100;3,1;,5;
2007-07-21;17:00;0;964,9;966,8;964,9;2071,2;31,7;11,6;31,7;27,5;15,2;10,7;46;28;29;356;10,2;4,4;
2007-07-21;18:00;0;964,1;964,9;964,1;2292,1;31,7;11,6;32,1;31,4;11,9;10,5;30;27;29;342;12,1;3,8;
2007-07-21;19:00;0;963,4;964,1;963,4;1800,8;31,3;11,5;32,1;31,3;12,4;11;31;28;30;336;12,9;4,2;
2007-07-21;20:00;0;963,3;963,6;963,2;1152,5;30,9;11;31,7;30,9;11,9;10,7;30;28;29;341;10,6;3;
2007-07-21;21:00;0;963,2;963,3;963;412,6;29,1;12,8;31,1;29,1;12,8;11,2;37;29;37;338;7,6;2,1;
2007-07-21;22:00;0;963,3;963,3;963,1;5,7;25,5;14,1;29;25,5;14,1;12,7;49;37;49;340;5;,6;
2007-07-21;23:00;0;963,7;963,7;963,1;-9999;22,1;14,9;25,5;21,8;14,9;14,1;65;49;64;323;2,6;1;
2007-07-22;00:00;0;964,1;964,1;963,7;-9999;20;14,5;22,5;20;14,9;14,4;71;60;71;303;2,7;1,6;
2007-07-22;01:00;0;964;964,1;963,9;-9999;20,9;14,7;20,9;19,3;14,8;14,5;74;68;68;351;3,2;1,3;
2007-07-22;02:00;0;964,1;964,2;964;-9999;21,8;14,3;21,9;20,8;14,7;14,3;68;62;63;339;3,5;1,6;
2007-07-22;03:00;0;964;964,1;964;-9999;21,1;14,6;21,9;21,1;14,6;14,3;66;62;66;336;3,7;1;
2007-07-22;04:00;0;963,6;964;963,6;-9999;17,7;14,5;21,1;17,7;14,6;14,2;81;66;81;345;2,8;,8;
2007-07-22;05:00;0;963,2;963,6;963,2;-9999;19,7;14,8;19,8;17,7;14,9;14,4;82;73;73;346;3,1;1,3;
2007-07-22;06:00;0;962,6;963,2;962,6;-9999;18,5;14,7;19,8;18,5;14,9;14,7;79;73;79;346;2,9;1;
2007-07-22;07:00;0;962,1;962,6;962,1;-9999;20,9;16,6;20,9;18,3;16,6;14,7;81;76;76;338;5,1;2,2;
2007-07-22;08:00;0;962;962,1;961,9;-9999;21,8;17,1;21,9;20,9;17,1;16,6;76;73;75;330;5,3;1,9;
2007-07-22;09:00;0;962;962;961,8;-9999;22,2;17,3;22,4;21,8;17,3;17,1;75;73;74;329;6,6;2,1;
2007-07-22;10:00;0;962,4;962,4;962;-9999;21,5;17,3;22,2;21,4;17,4;17,2;77;74;77;328;5,7;2,1;
2007-07-22;11:00;0;963,1;963,1;962,4;85,8;22;17,7;22;21,5;17,7;17,3;77;76;77;328;6,2;1,9;
2007-07-22;12:00;0;963,8;963,8;963,1;636,9;25,2;18,7;25,2;22;18,8;17,7;77;67;67;333;8,4;2,9;
2007-07-22;13:00;0;964,3;964,4;963,8;1328,4;27,4;18,8;27,4;25,1;19,1;18,7;68;59;59;323;10,6;4,9;
2007-07-22;14:00;0;964;964,3;964;1870,5;29,2;18,8;29,2;27,4;19,2;18,5;60;53;54;314;19,2;6,9;
2007-07-22;15:00;0;963,4;964,1;963,4;2382,2;30;18,5;30,2;28,9;19;18,2;54;50;50;317;19,2;6,6;
2007-07-22;16:00;0;962,5;963,5;962,5;2021,6;30,7;17,9;30,7;29,4;19;17,7;51;46;46;329;17,3;5,8;
2007-07-22;17:00;0;961,5;962,5;961,5;2087,9;31,7;17,3;31,7;30,1;18,1;16,9;47;42;42;326;17,7;6;
2007-07-22;18:00;0;960,4;961,5;960,3;1674,3;32,1;14,9;32,3;30,9;17,3;14,9;43;35;35;323;18,6;7;
2007-07-22;19:00;0;960,1;960,5;960,1;1028,5;30,7;15,3;32,1;30,7;15,6;14,5;40;35;40;328;17,6;6,4;
2007-07-22;20:00;0;959,7;960,1;959,6;604,2;30,4;15,8;31,4;30,3;16,1;15,4;42;38;41;324;13,6;5,3;
2007-07-22;21:00;0;960,3;960,4;959,7;147,6;29,1;16;30,4;29,1;16,1;15,7;45;41;45;326;14,8;2,8;
2007-07-22;22:00;0;960,4;960,7;960,2;7,8;28,5;15,9;29,1;28,4;16,2;15,9;47;45;47;334;7,8;2,8;
2007-07-22;23:00;,2;961,6;961,6;960,2;-9999;22,8;18,8;28,5;22,7;18,8;15,9;79;47;78;247;7,8;3,7;
2007-07-23;00:00;,6;962,5;962,7;961,3;-9999;21,7;19,2;23,5;21,7;19,4;18,4;87;73;86;248;11,5;3,6;
2007-07-23;01:00;,2;962;963,5;962;-9999;21,1;19,5;21,7;21;19,5;19,1;91;85;91;251;8,7;2,5;
2007-07-23;02:00;0;964;964;961,8;-9999;21;19,6;21,3;20,8;19,8;19,4;92;90;92;263;6,1;3,6;
2007-07-23;03:00;9,2;963,9;964,3;963,7;-9999;20,6;19,7;21;20,5;19,9;19,5;95;92;95;261;11,4;2,6;
2007-07-23;04:00;,2;964,3;964,3;963,7;-9999;20,3;19;20,7;20,3;19,7;19;95;92;92;219;6,1;1,6;
2007-07-23;05:00;1;965,1;965,3;964,3;-9999;18,9;17,6;20,3;18,9;19,1;17,6;94;91;92;196;7,9;3;
2007-07-23;06:00;,2;965,1;965,2;964,9;-9999;17;15,1;18,9;17;17,6;15,1;94;88;89;204;7,9;2,6;
2007-07-23;07:00;0;965,6;965,7;965;-9999;15,5;13,2;17;15,5;15,2;13,1;90;85;86;189;9,3;1,9;
2007-07-23;08:00;,2;965,9;966;965,6;-9999;14,9;12,4;15,5;14,9;13,3;12,3;88;84;85;189;7,5;2,9;
2007-07-23;09:00;0;966,6;966,6;965,9;1;14,2;11,8;14,9;14,2;12,4;11,6;86;83;85;199;7,8;2,1;
2007-07-23;10:00;1,8;968;968;966,6;-9999;13,1;11,3;14,2;13,1;11,8;11,2;90;85;89;188;7,8;1,5;
2007-07-23;11:00;,4;968,9;968,9;968;10,4;12,6;9,1;13,1;12,6;11,4;9,1;90;79;79;188;9;2,3;
2007-07-23;12:00;0;970;970;968,9;119,4;12,9;8,4;12,9;12,6;9,7;8,4;82;74;74;176;6,5;2,8;
2007-07-23;13:00;0;970,8;971;970;441,6;13,4;7,6;13,4;12,8;8,7;7;75;67;68;175;7,9;2,8;
2007-07-23;14:00;0;971;971,3;970,8;763,2;13,8;5,9;13,9;13,2;8,3;5,9;70;59;59;168;8,5;2,3;
2007-07-23;15:00;0;970,8;971,3;970,6;697,5;14,5;6,4;14,5;13,8;6,7;5,1;62;54;58;162;6,2;1,8;
2007-07-23;16:00;0;969,9;970,9;969,9;1977,6;17,2;5,8;17,2;14,5;7,6;4;60;44;47;144;6,3;2,5;
2007-07-23;17:00;0;969,4;969,9;969,4;1574,6;17;5,3;17,5;16,3;6,2;3,6;49;42;46;164;6,8;2,3;
2007-07-23;18:00;0;968,8;969,4;968,7;1254,3;17,5;5,9;17,8;17;7;4;51;42;47;187;4,6;1,1;
2007-07-23;19:00;0;968,2;968,8;968,2;898;17,9;6,6;18,2;17,4;7,8;5;52;42;48;161;4;1;
2007-07-23;20:00;0;967,8;968,3;967,6;894,9;18,6;7,7;18,8;17,9;8,4;6,1;53;45;49;112;3,5;1,5;
2007-07-23;21:00;0;968;968,1;967,7;208,8;17,5;8,5;18,7;17,5;9,6;6,7;60;46;56;62;3,5;,9;
2007-07-23;22:00;0;968,2;968,4;968;5,3;15,6;10,9;17,5;15,5;11,1;8,3;75;55;73;310;2,2;,1;
2007-07-23;23:00;0;968,4;968,6;968,2;-9999;14;11,8;15,7;14;12;9,9;87;68;86;335;1,2;,1;
2007-07-24;00:00;0;968,7;968,9;968,3;-9999;13,8;11,5;14,3;13,8;11,8;10,6;87;78;86;334;3,3;0;
2007-07-24;01:00;0;969;969;968,4;-9999;12,6;10,6;13,8;12,6;11,7;10,6;89;84;88;16;1,5;,5;
2007-07-24;02:00;0;968,8;969,1;968,7;-9999;12,1;10,4;12,6;12,1;10,9;10,2;91;87;90;216;1,5;0;
2007-07-24;03:00;0;968,8;968,9;968,6;-9999;10,7;9,7;12,1;10,7;10,7;9,6;95;90;94;250;1,3;0;
2007-07-24;04:00;0;967,9;968,9;967,9;-9999;10,3;9,6;10,7;10,2;9,7;9,3;96;93;95;152;1,1;0;
2007-07-24;05:00;0;967;967,9;967;-9999;9,8;9,3;10,6;9,6;10,1;8,9;97;95;96;353;1,2;0;
2007-07-24;06:00;0;967,1;967,3;967;-9999;9,7;9;9,8;9,1;9,2;8,4;97;95;96;139;1;0;
2007-07-24;07:00;0;966,8;967,1;966,8;-9999;9,2;8,7;9,7;9;8,9;8,3;97;95;97;224;,7;,1;
2007-07-24;08:00;0;966,9;966,9;966,7;-9999;9,3;8,7;9,7;9,2;9,2;8,6;97;96;96;218;1;0;
2007-07-24;09:00;0;966,9;966,9;966,6;-9999;9,8;9,2;9,8;9,2;9,2;8,6;97;96;96;267;,6;0;
2007-07-24;10:00;0;967,1;967,2;966,8;-9999;10,5;9,8;10,7;9,8;9,9;9,2;97;93;95;248;1,1;0;
2007-07-24;11:00;0;967,5;967,5;967,1;44,3;11,6;10,2;11,6;10,5;10,4;9,9;95;91;91;168;1,1;,2;
2007-07-24;12:00;0;967,9;968;967,5;345,2;13;10,9;13;11,6;11,1;10,1;91;87;87;98;1,7;,9;
2007-07-24;13:00;0;968,4;968,4;967,8;576,2;14;11,3;14,1;13;11,9;10,8;89;84;84;72;2,6;,8;
2007-07-24;14:00;,2;967,9;968,4;967,9;667,7;15,2;11,9;15,5;14;12,3;11,2;85;78;81;42;2;,4;
2007-07-24;15:00;2;967,2;969,1;967,2;354;14,9;13,2;15,2;14,1;13,4;11,7;92;80;90;258;3,8;0;
2007-07-24;16:00;0;965,8;967,2;965,7;1980;19,3;16,2;19,4;14,9;16,3;13,2;90;81;82;15;2,6;,8;
2007-07-24;17:00;1;964,3;965,8;964,3;473,6;18,9;17,7;19,6;18,7;17,7;15,9;92;81;92;18;2,9;,5;
2007-07-24;18:00;0;962,8;964,3;962,8;763,6;20,6;18,5;20,9;18,9;19,3;17,7;93;86;88;330;5,7;1,2;
2007-07-24;19:00;2,6;962,2;962,9;962;144;20,1;19;20,6;20;19;18,4;94;88;93;316;4,8;1,2;
2007-07-24;20:00;2;962,2;962,8;962,1;362,8;21,8;19,7;21,8;20,1;19,8;19;94;88;88;330;9,5;2,8;
2007-07-24;21:00;0;963,2;963,2;962,1;185,4;21,4;19,6;22,3;21,4;20;19,5;90;85;90;300;7,1;2,3;
2007-07-24;22:00;,6;964,3;964,4;963,2;3,2;19,4;18;21,4;19,4;19,6;18;91;89;91;252;9,7;5;
2007-07-24;23:00;,2;965,2;965,2;964,3;-9999;19;17,5;19,4;18,9;18;17,4;93;91;91;232;7,7;3,1;
2007-07-25;00:00;0;966,1;966,7;965,2;-9999;15,3;13,4;19;15,3;17,4;13,4;91;86;89;218;12,8;3,7;
2007-07-25;01:00;,6;967,8;967,8;966,1;-9999;14,7;13,2;15,3;14,7;13,6;13,1;92;88;91;214;6,8;1,7;
2007-07-25;02:00;2;969;969,3;967,8;-9999;14,1;13;14,7;14,1;13,2;12,8;93;89;93;253;7,4;,9;
2007-07-25;03:00;3,4;969,1;969,7;968,7;-9999;13,4;11,8;14,3;13,4;13;11,8;93;88;90;203;4,8;1,3;
2007-07-25;04:00;,2;970,5;970,5;969,1;-9999;13,2;10,1;13,4;13,2;11,8;10;90;80;81;227;7,8;2,8;
2007-07-25;05:00;0;971,6;971,7;970,5;,5;13;8,7;13,2;13;10,1;8,7;82;75;75;232;10;4,1;
2007-07-25;06:00;0;971,9;972,2;971,3;,5;12,1;8,1;13;12,1;8,7;7,8;77;74;77;222;10,4;2,7;
2007-07-25;07:00;0;971,3;971,9;970,9;-9999;11,7;7,7;12,1;11,6;8,3;7,7;79;76;76;215;7,8;2,8;
2007-07-25;08:00;0;972;972,1;971,1;-9999;11,2;6,8;11,7;11,1;7,7;6,7;78;74;75;188;7,8;1,4;
2007-07-25;09:00;0;973,4;973,4;972;-9999;10,5;5,7;11,2;10,5;6,9;5,6;76;71;72;197;5,5;1,8;
2007-07-25;10:00;0;973,9;974;973,4;-9999;9,5;5,4;10,5;9,5;5,7;5,2;77;70;76;194;5,2;1,1;
2007-07-25;11:00;0;974,4;974,4;973,9;97,2;8,9;4,8;9,5;8,6;5,5;4,8;79;75;76;224;3,2;1,5;
2007-07-25;12:00;0;975,3;975,3;974,4;779,6;10,6;2,2;10,6;8,9;5,3;1,9;77;55;56;191;5,5;2,3;
2007-07-25;13:00;0;976,2;976,2;975,3;1555,4;11,9;,2;12,3;10,5;4,1;-,3;61;43;45;195;8,2;3;
2007-07-25;14:00;0;976,7;976,8;976,2;2165,3;13;1,6;13,1;11,8;2,2;-,4;50;41;46;178;7,8;3;
2007-07-25;15:00;0;976,5;976,9;976,5;2622,1;14,9;2,3;14,9;13;3,7;,2;52;39;43;155;6,6;1,9;
2007-07-25;16:00;0;975,7;976,5;975,7;2804,5;15,8;1,8;16,2;14,8;4,2;,9;48;36;39;205;6,8;3,1;
2007-07-25;17:00;0;975,1;975,8;975,1;2202,1;16,4;1,1;16,7;15,5;3,4;0;43;33;36;223;8;2,4;
2007-07-25;18:00;0;975,2;975,4;975,1;1965,2;16,9;,3;17,3;16,3;2,6;-,8;40;30;33;219;6,8;2,6;
2007-07-25;19:00;0;975,6;975,7;975,2;1422,5;16,7;-,4;17,2;16,5;1,2;-2;35;27;31;221;8;2,2;
2007-07-25;20:00;0;976,1;976,2;975,6;982,8;16,4;,4;17;16,3;1;-1,8;36;28;34;199;6,7;2,2;
2007-07-25;21:00;0;977,2;977,2;976,1;311,9;14,7;1,7;16,5;14,7;2,4;-,2;42;33;41;223;5,1;1,4;
2007-07-25;22:00;0;977,9;977,9;977,1;8,7;12,3;,3;14,7;12;2,3;-,3;51;37;44;272;3,7;,6;
2007-07-25;23:00;0;978,3;978,3;977,9;-9999;10,2;1,6;12,4;9,6;3,3;-,4;65;41;55;252;2,2;1,4;
2007-07-26;00:00;0;978,8;978,8;978,3;-9999;9,4;2,3;10,2;8,9;3,2;1,7;67;55;61;251;3,8;1,6;
2007-07-26;01:00;0;979,3;979,4;978,7;-9999;7,9;3,1;9,7;7,9;3,4;2;73;59;72;263;2,9;1,9;
2007-07-26;02:00;0;979,7;979,7;979,3;-9999;7,7;2,4;8,1;7,2;3,5;2,4;77;68;69;251;2,7;1,6;
2007-07-26;03:00;0;979,9;979,9;979,6;-9999;8;1,6;8,4;7,5;2,5;1,3;70;61;64;230;3;1;
2007-07-26;04:00;0;979,6;979,9;979,5;-9999;6,1;2,1;8;5,8;3;1,8;81;64;76;282;2,7;,6;
2007-07-26;05:00;0;979,6;979,9;979,4;-9999;6,6;1,6;6,8;5,4;2,4;1,3;81;68;70;254;2,8;1,5;
2007-07-26;06:00;0;979,5;979,6;979,2;-9999;6;1,5;6,6;5,8;2,3;1,3;78;70;73;208;3;,5;
2007-07-26;07:00;0;979,4;979,7;979,3;-9999;5,4;1,7;6,1;5,1;2,5;1,5;82;73;77;201;1,9;,7;
2007-07-26;08:00;0;979,3;979,6;979,3;-9999;5,6;1,2;5,8;5,2;1,9;1,1;79;72;73;218;3,1;1,3;
2007-07-26;09:00;0;979,4;979,5;979,2;-9999;5,2;1;5,7;3,9;1,3;,8;81;72;74;224;3,1;,6;
2007-07-26;10:00;0;979,7;979,8;979,4;-9999;5,3;,7;5,4;5;1,4;,6;77;71;72;198;3,6;1,1;
2007-07-26;11:00;0;980,5;980,5;979,5;45,5;4,8;1,7;5,3;4,6;1,7;,7;81;72;80;181;3,2;,4;
2007-07-26;12:00;0;981;981;980,4;478;7;2;7,2;4,8;2,7;1,4;80;68;71;153;5,4;1,4;
2007-07-26;13:00;0;980,9;981;980,8;1259,7;9,6;,8;10;7;2,7;,6;71;53;54;155;8,7;3,5;
2007-07-26;14:00;0;980,8;981,2;980,8;2188,5;12;,7;12;9,6;2,2;-,2;57;44;46;140;8,8;3,8;
2007-07-26;15:00;0;979,8;980,8;979,8;2656,5;14;1,7;14;12;2,7;-,1;49;39;43;135;9,8;3,5;
2007-07-26;16:00;0;979,5;979,9;979,5;2859,3;14,8;,3;15,6;13,7;2,2;0;43;36;37;147;9,3;3,5;
2007-07-26;17:00;0;978,2;979,5;978,2;2823;15,9;1,6;16,4;14,6;2,9;-,1;43;35;38;133;7;3,2;
2007-07-26;18:00;0;977,1;978,2;977,1;2520,3;17;,3;17,4;15,9;2,5;-,2;41;32;32;154;8;2,9;
2007-07-26;19:00;0;976,4;977,1;976,3;2016,5;17,8;,8;17,8;16,7;2,3;-,1;37;31;32;170;7,5;2,1;
2007-07-26;20:00;0;976,4;976,6;976,3;1294,6;17;1,4;17,8;16,9;2;-,2;36;30;35;139;5,2;2,5;
2007-07-26;21:00;0;976,4;976,6;976,3;411;16;1,5;17,4;15,9;2,4;,5;40;32;38;115;4,9;2;
2007-07-26;22:00;0;977,1;977,1;976,3;9,9;13,1;4,3;16;13,1;4,8;2;56;38;55;192;3,5;,2;
2007-07-26;23:00;0;976,8;977,1;976,6;-9999;11,3;4,8;13,1;11,1;6;3,8;69;54;65;133;2,8;,4;
2007-07-27;00:00;0;977,6;977,7;976,7;-9999;9;4,6;11,3;8,5;5,6;4,5;77;63;74;318;1,3;0;
2007-07-27;01:00;0;977,5;977,9;977,3;-9999;7,5;4,3;9;7,4;4,8;4,3;82;74;81;25;,9;0;
2007-07-27;02:00;0;977,6;977,7;977,5;-9999;7,6;3,8;7,9;7,4;4,3;3,7;81;76;77;74;,8;0;
2007-07-27;03:00;0;977,4;977,7;977,2;-9999;7,2;4;7,6;6,8;4,3;3,7;84;76;80;109;,8;0;
2007-07-27;04:00;0;977,3;977,8;977,3;-9999;6,3;3,7;7,2;6,3;4,1;3,3;84;77;83;171;1,2;,4;
2007-07-27;05:00;0;976,7;977,3;976,7;-9999;4,9;3,4;6,3;4,4;3,5;2,9;91;83;90;186;1,2;,1;
2007-07-27;06:00;0;976,8;976,8;976,3;-9999;3,7;1,7;5;3,2;3,5;1,7;92;86;87;262;2,5;2;
2007-07-27;07:00;0;976;976,9;976;-9999;2,4;1,5;4,1;2,3;2,1;1,4;94;86;94;215;2,9;,1;
2007-07-27;08:00;0;976,3;976,4;975,9;-9999;2,9;1,5;3;1,5;1,8;,8;95;90;90;258;2,9;2;
2007-07-27;09:00;0;976,2;976,3;976,1;-9999;1,6;,8;3,1;1,5;2,2;,8;96;90;94;299;2,9;,5;
2007-07-27;10:00;0;976,9;977;976,2;-9999;1,6;,7;2;1,3;1,5;,3;97;93;94;261;2,3;1,4;
2007-07-27;11:00;0;977,5;977,5;976,9;137,1;4;3;4;1,3;3;,5;97;93;93;225;2;,2;
2007-07-27;12:00;0;977,9;977,9;977,5;797,6;9,2;3,7;9,3;4;4,7;2,4;93;64;68;147;1,3;,5;
2007-07-27;13:00;0;978,3;978,3;977,9;1544,2;12,1;5;12,1;9,2;5,3;2,8;69;60;62;97;3,9;2,1;
2007-07-27;14:00;0;978,4;978,6;978,3;2204,8;14,8;3,8;15;12,1;6;3,1;63;46;48;98;7,6;3,9;
2007-07-27;15:00;0;977,8;978,5;977,8;2672,9;16,8;4,9;16,8;14,7;4,9;2,3;49;39;45;103;7,6;3,4;
2007-07-27;16:00;0;977;977,8;977;2879,1;18,3;1,7;18,4;16,6;5;1;47;33;33;94;6,1;3,4;
2007-07-27;17:00;0;975,9;977;975,9;2851;20,1;,1;20,1;18,1;3,7;-,3;35;26;26;114;5,5;2,8;
2007-07-27;18:00;0;975,1;975,9;975,1;2531,2;20,9;-,4;20,9;19,8;1,8;-2,1;30;22;24;130;6,1;2,4;
2007-07-27;19:00;0;974,8;975,2;974,8;2003,7;20,8;0;21,5;20,6;1,5;-1,9;28;21;25;127;7;3,7;
2007-07-27;20:00;0;974,8;974,9;974,7;1315,6;20,8;1,2;21,2;20,8;1,7;-,4;28;23;27;126;7,2;2,3;
2007-07-27;21:00;0;975,1;975,1;974,7;492,7;19,5;2;20,9;19,5;2,2;,8;32;26;31;120;6;1,4;
2007-07-27;22:00;0;975,4;975,4;975;5,9;14,7;5;19,5;14,7;5,1;1,9;52;31;52;181;3,7;0;
2007-07-27;23:00;0;976,1;976,1;975,4;-9999;10,7;5,9;14,7;10,7;6,4;4,6;74;52;72;137;,4;0;
2007-07-28;00:00;0;976,7;976,7;976,1;-9999;10,1;5,4;10,8;9,6;5,9;5;74;67;73;164;1,5;,1;
2007-07-28;01:00;0;977,1;977,1;976,7;-9999;11,5;4,4;11,5;9,3;5,8;4,2;75;61;62;172;2,2;,7;
2007-07-28;02:00;0;977,5;977,5;977,1;-9999;11,7;3,7;12;11,5;4,3;3,7;62;57;58;159;2,2;,7;
2007-07-28;03:00;0;977,7;977,7;977,5;-9999;8,9;4;11,7;8,8;4,3;3,5;73;58;71;127;2,3;0;
2007-07-28;04:00;0;977,6;977,8;977,6;-9999;9,3;3,5;10;8,9;4,4;3,3;71;64;67;168;1,7;,5;
2007-07-28;05:00;0;977,2;977,6;977,1;-9999;7,5;3,3;9,6;6,6;4,2;2,8;79;66;75;176;1,6;,3;
2007-07-28;06:00;-9999;-9999;-9999;-9999;-9999;-9999;-9999;-9999;-9999;-9999;-9999;-9999;-9999;-9999;-9999;-9999;-9999;
2007-07-28;07:00;-9999;-9999;-9999;-9999;-9999;-9999;-9999;-9999;-9999;-9999;-9999;-9999;-9999;-9999;-9999;-9999;-9999;
2007-07-28;08:00;0;976,8;977;976,7;-9999;6,5;2,9;7,6;6,5;3,3;2,7;78;74;78;253;2,7;,8;
2007-07-28;09:00;0;977,1;977,1;976,8;-9999;5,8;3,4;7;5,3;3,8;2,7;85;77;85;223;3,1;,3;
2007-07-28;10:00;0;977,8;977,8;977,1;-9999;5,8;3;6,9;4,8;4,3;2,5;89;80;82;242;1,9;,5;
2007-07-28;11:00;0;978,1;978,1;977,7;122,4;6,8;4,3;7,8;5,2;4,3;2,8;86;76;84;253;2,3;1;
2007-07-28;12:00;0;978,9;979;978,1;787,5;12;5,9;12;6,8;6;4,3;85;65;67;174;2,6;1,1;
2007-07-28;13:00;0;979,8;979,8;978,9;1542;14,4;6,3;14,4;12;6,4;4,9;66;57;58;122;7,2;2,5;
2007-07-28;14:00;0;979,9;979,9;979,7;2160,9;16,4;5,9;16,7;14,2;7,2;5,4;59;50;50;110;7;3,4;
2007-07-28;15:00;0;979,6;979,9;979,6;2619,3;17,7;5,9;18;16,3;7,1;5,3;52;44;46;125;7;3,5;
2007-07-28;16:00;0;979,2;979,6;979,1;2824,6;19,4;6,2;19,8;17,7;6,6;4,6;47;37;42;117;6,8;3;
2007-07-28;17:00;0;978,3;979,2;978,3;2817,1;21,1;4,2;21,2;19,5;6,2;3,7;42;33;33;100;7,4;4;
2007-07-28;18:00;0;977,3;978,3;977,3;2478,8;22;4,4;22;20,7;5,3;3;35;30;32;125;6,9;3,8;
2007-07-28;19:00;0;976,5;977,3;976,5;1997;21,8;3,8;22,4;21,6;4,7;3,3;32;29;31;136;7,4;3,4;
2007-07-28;20:00;0;976,8;976,8;976,4;1281,4;21,8;2,3;22,3;21,7;4,6;1,9;32;27;28;134;8,8;3;
2007-07-28;21:00;0;977,1;977,1;976,8;493,3;20,4;2,4;21,8;20,4;2,8;2;31;27;30;120;6,8;2,6;
2007-07-28;22:00;0;977,6;977,6;977,1;8,4;17;4,3;20,4;16,9;4,4;2,3;43;30;43;119;4,7;1,2;
2007-07-28;23:00;0;978,2;978,2;977,6;-9999;15,7;4,8;17,5;15,4;4,9;4;50;41;48;156;4,4;1,5;
2007-07-29;00:00;0;978,8;978,8;978,2;-9999;14;5,2;16,5;14;5,2;4,1;56;44;56;170;4,6;1,5;
2007-07-29;01:00;0;978,7;978,8;978,7;-9999;14,8;4,2;15,1;13,6;5,3;4,1;57;49;49;123;3,7;1,4;
2007-07-29;02:00;0;978,8;978,9;978,7;-9999;11,5;4,5;14,8;11,5;4,7;4,1;63;49;62;191;3,7;,1;
2007-07-29;03:00;0;978,8;978,9;978,7;-9999;11,7;3,9;11,7;10,7;5;3,9;67;59;59;151;3,4;1;
2007-07-29;04:00;0;978,8;978,8;978,5;-9999;11,8;3,3;12,4;11,7;3,8;3;59;53;56;167;3,7;,6;
2007-07-29;05:00;0;978,5;978,8;978,5;-9999;11,3;3,6;11,9;11,2;3,7;3,3;60;56;59;160;4;2;
2007-07-29;06:00;0;978,5;978,6;978,4;-9999;11;3,8;11,6;11;3,8;3,5;61;58;61;140;5,1;2;
2007-07-29;07:00;0;978,4;978,5;978,3;-9999;10;4,1;11,1;10;4,1;3,7;67;60;67;151;4,3;1,4;
2007-07-29;08:00;0;978,2;978,4;978;-9999;9,8;4,6;10,2;9,7;4,6;4;70;66;70;152;4;2;
2007-07-29;09:00;0;978,3;978,4;978,1;-9999;8,9;5,3;9,8;8,7;5,4;4,5;78;70;78;149;3,6;1,5;
2007-07-29;10:00;0;978,8;978,8;978,3;-9999;8,7;5,7;9;8,2;5,7;5;81;78;81;134;3,4;1,1;
2007-07-29;11:00;0;979,2;979,2;978,8;109,5;9,4;6,8;9,4;7,7;6,8;5,6;87;81;84;114;4,7;2,4;
2007-07-29;12:00;0;979,7;979,7;979,2;785,8;10,6;7,7;10,7;9,4;7,9;6,8;84;81;82;114;5,9;3,5;
2007-07-29;13:00;0;979,9;979,9;979,5;1314,8;11,8;8,5;12,1;10,6;8,8;7,9;83;79;80;99;10,9;5,9;
2007-07-29;14:00;0;979,4;979,9;979,4;1776,4;13,1;8,8;14,1;11,7;9,6;8,4;81;72;75;100;10,7;6,1;
2007-07-29;15:00;0;979,1;979,6;979;1613,7;13,3;8,6;13,9;12,7;9,4;8,4;76;72;73;100;10,7;5,7;
2007-07-29;16:00;0;977,8;979,1;977,8;2287,2;15,3;9,5;15,3;13,1;9,9;8,6;75;67;68;95;10,8;5,1;
2007-07-29;17:00;0;976,4;977,8;976,4;2779,6;16,7;9,3;16,9;15;9,8;8,9;69;61;62;105;9,5;4,2;
2007-07-29;18:00;0;974,9;976,4;974,9;2472,9;18,3;9;18,4;16,4;10;8,7;63;55;55;108;8,3;3,9;
2007-07-29;19:00;0;974;974,9;974;1956,1;18,8;9,3;19,1;17,8;9,6;8,4;57;52;54;98;8,6;4,7;
2007-07-29;20:00;0;973,8;974;973,7;1295,2;18,9;8,7;19,4;18,8;9,6;8,5;54;50;52;87;8,6;4;
2007-07-29;21:00;0;974;974;973,8;491,3;17,7;9,1;19;17,7;9,5;8,5;57;51;57;95;7,4;3;
2007-07-29;22:00;0;974,1;974,2;974;7,6;16;9,5;17,7;15,9;9,6;9;66;57;65;116;5,1;1,5;
2007-07-29;23:00;0;974,3;974,3;973,9;-9999;14,9;9,6;16;14,7;9,7;9,4;71;65;71;102;3,8;2,2;
2007-07-30;00:00;0;974,5;974,7;974,3;-9999;14,3;9,6;15;14,3;9,8;9,6;74;71;73;99;4,6;2,3;
2007-07-30;01:00;0;974,8;974,9;974,5;-9999;13,4;9,4;14,7;13,4;9,7;9,4;77;72;77;97;4,8;1,9;
2007-07-30;02:00;0;974,9;975;974,7;-9999;13,1;9,5;13,4;12,6;9,6;9,3;80;77;79;118;3,8;1,9;
2007-07-30;03:00;0;975,1;975,2;974,9;-9999;11,8;9,1;13,1;11,8;9,5;9,1;84;79;84;111;4,6;2;
2007-07-30;04:00;0;975,4;975,4;975,1;-9999;11,2;8,5;11,8;11;9,2;8,3;84;82;84;114;3,8;1;
2007-07-30;05:00;0;975,2;975,4;975,2;-9999;11;7,7;11,5;11;8,6;7,7;84;79;80;115;3,7;2;
2007-07-30;06:00;0;974,7;975,2;974,7;-9999;10,7;7,3;11,2;10,6;7,7;7,3;80;78;80;118;4,9;2,3;
2007-07-30;07:00;0;974,6;974,8;974,6;-9999;10,2;7;10,7;10,2;7,3;7;81;80;81;119;4,3;2,4;
2007-07-30;08:00;0;974,1;974,6;974;-9999;8,9;6,9;10,3;8,9;7,1;6,8;87;81;87;95;4,1;2,2;
2007-07-30;09:00;0;974,5;974,5;974;-9999;9,2;7,1;9,2;8,8;7,1;6,9;88;86;87;124;3,6;2;
2007-07-30;10:00;0;975,5;975,5;974,5;-9999;8,8;7;9,4;8,8;7,2;7;88;86;88;162;3,4;1,4;
2007-07-30;11:00;0;976;976,1;975,5;101,5;9,5;7,4;9,5;8,5;7,4;6,9;89;87;87;126;3;,7;
2007-07-30;12:00;0;976,6;976,6;976;751,7;11,4;7,8;11,5;9,5;8,3;7,3;87;77;78;122;4,1;2,2;
2007-07-30;13:00;0;977,1;977,2;976,6;1546,9;13,3;8,2;13,6;11,4;8,7;7,6;81;70;71;113;6,9;3,9;
2007-07-30;14:00;0;977,1;977,2;976,9;1840,9;14,4;8,6;14,8;13,3;9,2;8;72;68;68;101;7,6;3,8;
2007-07-30;15:00;0;976,8;977,1;976,7;1324,8;15,9;9;16;14,3;9,5;8,5;70;63;63;103;6,9;2,6;
2007-07-30;16:00;0;975,4;976,8;975,4;1472,1;17,2;9,4;17,4;15,8;10;8,8;65;60;60;92;5,8;2,7;
2007-07-30;17:00;0;974,3;975,4;974,3;1824,5;18,7;10,1;18,9;17,2;10,7;9,4;62;56;57;88;4,9;2,6;
2007-07-30;18:00;0;973,5;974,3;973,5;1632,1;19,7;10,6;19,9;18,4;11;9,8;59;55;56;114;4,6;2,4;
2007-07-30;19:00;0;973;973,5;973;1263,9;20,7;10,9;21,1;19,7;11,7;10,3;57;53;53;136;4;,5;
2007-07-30;20:00;0;972,7;973;972,7;924,2;21,3;11,3;21,4;20,5;11,6;10,6;55;52;53;123;2,6;,8;
2007-07-30;21:00;0;973;973;972,7;423,5;19,9;11,4;21,3;19,9;11,7;10,8;58;52;58;167;3,8;1,5;
2007-07-30;22:00;0;973,3;973,3;973;16,5;17,7;11,5;19,9;17,7;11,5;11,2;67;58;67;161;3,8;,9;
2007-07-30;23:00;0;973,7;973,7;973,3;-9999;16,8;11,1;17,7;16,8;11,5;11,1;69;67;69;149;2,9;,6;
2007-07-31;00:00;0;973,6;973,8;973,6;-9999;15,2;11;16,8;15,2;11,2;11;76;69;76;181;1,8;,4;
2007-07-31;01:00;0;973,9;973,9;973,6;-9999;14,6;10,6;15,4;14,1;11,2;10,5;80;75;77;226;2,2;,8;
2007-07-31;02:00;0;974,3;974,3;973,9;-9999;12,9;10,6;14,6;12,2;10,8;9,7;87;77;86;190;2;,4;
2007-07-31;03:00;0;974,4;974,5;974,3;-9999;14,1;10,1;14,1;12,8;10,7;10;86;77;77;219;3;,8;
2007-07-31;04:00;0;974,1;974,4;974;-9999;12,4;9,5;14,3;12,4;10,2;9,4;82;76;82;236;3,8;1,1;
2007-07-31;05:00;0;973,5;974,1;973,5;-9999;11,1;9,3;12,4;10,9;9,7;9,1;89;82;89;257;2,7;1,7;
2007-07-31;06:00;0;972,9;973,5;972,9;-9999;11;9,3;11,1;10,7;9,4;9,1;90;89;89;256;2,2;1,5;
2007-07-31;07:00;0;972,4;972,9;972,4;-9999;10,7;9,1;11,2;10,7;9,4;9,1;91;89;90;255;2,7;1,8;
2007-07-31;08:00;0;972,2;972,4;972;-9999;10,6;9,4;10,7;10;9,4;8,8;93;90;93;217;3,2;,9;
2007-07-31;09:00;0;972,2;972,3;972,1;-9999;10,9;9;12,1;10,6;9,7;8,9;93;84;88;266;4,5;,4;
2007-07-31;10:00;0;972,6;972,6;972,2;-9999;9,7;8,7;10,9;9,4;9;8,3;95;88;94;215;2,1;,1;
2007-07-31;11:00;0;973;973;972,6;59,4;9,9;8,9;9,9;9,1;8,9;8,2;95;93;94;256;1,9;1;
2007-07-31;12:00;0;973,5;973,5;973;690,9;13,9;10;14;9,9;10,6;8,9;94;77;78;151;2,3;,9;
2007-07-31;13:00;0;973,6;973,7;973,4;1426,3;16,1;11,5;16,1;13,9;11,7;10,2;80;74;74;102;4;2,5;
2007-07-31;14:00;0;973,3;973,6;973,3;1997,3;19,3;12,2;19,3;16,1;12,4;11,1;74;64;64;105;4;1,9;
2007-07-31;15:00;0;972,6;973,3;972,6;2462,9;20,7;12,1;21,7;18,9;13,1;11,5;65;56;58;122;4,5;1,6;
2007-07-31;16:00;0;971,5;972,6;971,5;2672,8;23,1;13,2;23,1;20,7;13,7;12,3;59;54;54;96;4,1;1,6;
2007-07-31;17:00;0;970,4;971,5;970,4;2625;25;13,6;25;22,9;14;13;55;49;49;82;5;1,9;
2007-07-31;18:00;0;969,4;970,4;969,4;2370,9;26,7;12,8;26,9;24,9;13,9;12,7;50;42;42;42;5;1,4;
2007-07-31;19:00;0;968,7;969,4;968,7;1843,3;27,5;12,6;27,8;26,7;13,6;11,8;43;39;40;46;3,5;1,3;
2007-07-31;20:00;0;968,5;968,7;968,5;1128,6;27,4;12,7;27,8;27,2;13,3;12;42;38;40;149;2,7;,7;
2007-07-31;21:00;0;968,7;968,7;968,4;346;25;14,1;27,4;25;14,3;12,2;51;39;51;151;2,5;,3;
2007-07-31;22:00;0;968,8;968,8;968,7;10,5;20,3;15;25;20,3;15,3;13,7;72;50;71;23;1,5;0;
2007-07-31;23:00;0;969;969,1;968,8;-9999;19,2;14,4;20,4;18,7;15;14,4;78;71;74;52;,8;0;
2007-08-01;00:00;0;969,5;969,5;969;-9999;17,3;13,8;19,2;16,9;14,4;13,6;82;74;80;270;1,6;,8;
2007-08-01;01:00;0;969,9;970;969,5;-9999;16;13,5;17,2;15,6;13,8;13,2;87;80;85;257;2,3;,9;
2007-08-01;02:00;0;970;970;969,8;-9999;14,8;13,1;16;14,8;13,6;13,1;90;85;89;254;1,5;,1;
2007-08-01;03:00;0;970;970;969,9;-9999;14,4;13;15,5;14,4;13,4;12,9;91;87;91;267;2,4;1,8;
2007-08-01;04:00;0;969,9;970;969,9;-9999;14,2;12,8;14,9;14,1;13,3;12,6;92;89;91;237;2,3;,7;
2007-08-01;05:00;0;969,6;969,9;969,6;-9999;14,5;13;14,9;13,9;13,4;12,4;93;89;91;254;2,4;,5;
2007-08-01;06:00;0;969,3;969,6;969,3;-9999;13,4;12,3;14,6;13,2;13,1;12;94;90;93;280;2,2;1,4;
2007-08-01;07:00;0;969,1;969,3;969,1;-9999;12,6;11,7;13,4;12,6;12,3;11,6;95;92;94;262;1,7;,1;
2007-08-01;08:00;0;969,2;969,2;969;-9999;12,2;11,6;12,6;11,8;11,8;11;96;94;96;264;1,4;,8;
2007-08-01;09:00;0;969,3;969,3;969,1;-9999;11,8;11;12,6;11,8;11,9;11;96;94;95;255;2,7;,5;
2007-08-01;10:00;0;969,8;969,8;969,3;-9999;11,5;10,8;11,8;11,3;11;10,5;96;94;96;256;1,9;,1;
2007-08-01;11:00;0;970,6;970,6;969,8;79,4;12,1;11,3;12,1;10,9;11,3;10,1;96;95;95;264;2,3;,8;
2007-08-01;12:00;0;971,3;971,3;970,6;665,2;16,6;13,5;16,7;12,1;13,8;11,4;95;82;82;144;2,4;0;
2007-08-01;13:00;0;971,9;971,9;971,3;1383,2;20,1;15,4;20,1;16,5;15,4;13,5;83;72;74;144;2,5;1,2;
2007-08-01;14:00;0;971,8;971,9;971,8;1889,6;23,2;15,2;23,2;20,1;15,7;14,4;75;59;61;78;2,8;1,3;
2007-08-01;15:00;0;971,3;971,8;971,3;2315,4;26,8;14,6;26,8;23,2;15,3;13,7;61;46;47;26;4,1;2;
2007-08-01;16:00;0;970,3;971,3;970,3;2693,7;30,2;13;30,6;26,8;15,1;12,7;47;34;35;64;5,3;2,5;
2007-08-01;17:00;0;969,2;970,3;969,2;2328,2;31,4;12;32;30,2;13;10,7;35;29;30;34;6,7;2,4;
2007-08-01;18:00;0;968,6;969,2;968,6;1996;32,2;10,7;33,1;30,9;11,8;10,2;30;26;27;346;7,4;3;
2007-08-01;19:00;0;968,4;968,6;968,3;1262,4;30,7;9,9;32,2;30,7;11,3;9,8;29;26;28;338;7,7;3;
2007-08-01;20:00;0;968,5;968,5;968,3;807,2;30,1;11,5;31,4;29,9;11,5;10,1;32;28;32;340;7,5;2,4;
2007-08-01;21:00;0;968,7;968,8;968,5;399,3;28,1;13,1;30,1;28,1;13,1;11,2;40;31;40;351;6,5;1,2;
2007-08-01;22:00;0;969,4;969,4;968,7;10,6;23,1;14,8;28,1;23,1;14,8;13,1;60;39;60;317;2,4;,5;
2007-08-01;23:00;0;969,9;969,9;969,4;-9999;21,8;15,1;23,1;21,8;15,1;14,8;66;60;66;305;1,8;,2;
2007-08-02;00:00;0;970,5;970,5;969,9;-9999;22,3;15,2;22,5;21,6;15,4;15;68;62;64;250;1,1;0;
2007-08-02;01:00;0;971;971;970,5;-9999;21,2;16,6;22,4;20,9;16,7;15,3;77;64;75;208;0;0;
2007-08-02;02:00;0;971,3;971,3;971;-9999;20,3;16,1;21,2;20,3;16,6;15,9;78;73;77;298;2,1;,9;
2007-08-02;03:00;0;971,7;971,7;971,3;-9999;20,3;15,8;20,8;19,6;16,1;15,3;78;72;75;78;3,6;,2;
2007-08-02;04:00;0;971,5;971,8;971,5;-9999;19,6;15,5;20,5;19,5;15,9;15,3;77;73;77;261;3,2;,7;
2007-08-02;05:00;0;971,2;971,5;971,2;-9999;18,2;15,5;19,7;18,2;15,6;15,3;85;76;85;259;1,4;0;
2007-08-02;06:00;0;971;971,2;971;-9999;17,6;15,4;18,2;17,4;15,5;15,1;88;85;87;322;1;0;
2007-08-02;07:00;0;970,5;971;970,5;-9999;16,7;14,7;18;16,5;15,5;14,6;89;85;88;179;1,5;0;
2007-08-02;08:00;0;970,4;970,6;970,4;-9999;16,1;13,9;16,8;15,9;14,8;13,8;90;86;87;268;1,5;1;
2007-08-02;09:00;0;970,5;970,5;970,2;-9999;16,6;14;16,6;15,5;14,5;13,5;91;84;84;280;2,6;0;
2007-08-02;10:00;0;971,3;971,3;970,5;-9999;15,4;13,4;16,7;15,3;14,1;13,1;88;83;88;315;1,7;0;
2007-08-02;11:00;0;971,7;971,8;971,3;153,9;17,8;14,4;17,8;15,2;14,4;13,2;89;80;80;123;1,5;,2;
2007-08-02;12:00;0;972,2;972,3;971,7;594,4;20,1;13,7;20,1;17,8;14,7;13,3;80;66;66;164;2,5;,6;
2007-08-02;13:00;0;972,9;973,1;972,2;1428,5;24;12,5;24,1;20,1;14,3;12;68;47;48;89;2,4;,8;
2007-08-02;14:00;0;972,9;973;972,9;1526,5;27,1;13,2;27,1;24;14,5;11,9;50;40;42;357;2,3;,3;
2007-08-02;15:00;0;972,2;972,9;972,2;2147,2;31,1;10,9;31,1;27;13,9;10,6;44;28;29;31;5,9;2,4;
2007-08-02;16:00;0;971,4;972,2;971,4;2681,1;31,9;9,7;32,3;31;11,2;8,8;30;24;26;340;7,9;3,3;
2007-08-02;17:00;0;970,2;971,4;970,2;2652,5;32,5;8,9;32,7;31,9;10;7,8;26;22;23;353;9,6;3,2;
2007-08-02;18:00;0;969,8;970,2;969,8;2159,4;32,6;8,5;32,9;31,8;9,3;7,7;24;22;23;343;8,4;2,7;
2007-08-02;19:00;0;969,7;969,8;969,6;1217,9;31,2;9,4;33;31,1;10,1;8,2;27;22;26;327;6,5;2,1;
2007-08-02;20:00;0;969,5;969,7;969,4;1083,4;31,8;8,4;32,3;30,9;9,5;8,4;26;23;23;304;7,4;3,3;
2007-08-02;21:00;0;969,9;969,9;969,5;462,8;28,8;11,2;31,8;28,8;11,2;8,4;34;23;34;301;7,4;1,2;
2007-08-02;22:00;0;970,2;970,2;969,9;9,2;23,4;12,6;28,8;23,3;13,5;11,2;52;34;51;287;2,1;,7;
2007-08-02;23:00;0;970,6;970,6;970,2;-9999;20;13,5;23,4;19,9;13,7;12,5;67;51;66;291;1,9;1,2;
2007-08-03;00:00;0;971,3;971,3;970,6;-9999;19;13,8;20,1;18,9;14;13,4;73;66;72;281;1,5;0;
2007-08-03;01:00;0;971,9;971,9;971,3;-9999;17,1;13,8;19,3;17,1;14,4;13,5;81;69;81;265;2,4;1,8;
2007-08-03;02:00;0;972,2;972,2;971,9;-9999;20,5;14,4;21,8;17,1;14,7;13,1;81;62;68;250;6,1;1,2;
2007-08-03;03:00;0;972,3;972,4;972,2;-9999;20,2;15,8;21,3;19,3;15,8;14,1;77;68;76;258;4,6;1,9;
2007-08-03;04:00;0;972,5;972,5;972,3;-9999;18,5;15,6;20,3;18,5;15,9;15,3;83;75;83;276;3,3;1,5;
2007-08-03;05:00;0;972,3;972,5;972,3;-9999;17,3;15;19;17,3;16;15;87;82;87;269;4,3;2;
2007-08-03;06:00;0;972,1;972,3;972,1;-9999;16,1;14,6;18,5;16;15,9;14,3;91;83;91;262;3,3;1,6;
2007-08-03;07:00;0;972,1;972,1;972;-9999;15,3;14,3;16,2;15,1;14,9;13,8;94;90;94;268;2,3;0;
2007-08-03;08:00;0;971,9;972,2;971,9;-9999;15,8;14,5;16,1;15,1;15,1;13,7;94;89;92;174;2,7;,5;
2007-08-03;09:00;0;972,3;972,3;971,9;-9999;15,3;14,1;16,2;15,1;14,8;13,6;93;89;92;231;2;0;
2007-08-03;10:00;0;973,1;973,1;972,3;-9999;15,3;13,9;15,7;15,1;14,3;13,8;93;91;91;222;2,8;,6;
2007-08-03;11:00;0;973,9;974;973;102,6;15,3;13,5;15,4;15,1;13,9;13,4;91;89;89;216;4;2;
2007-08-03;12:00;0;974,7;974,7;973,9;698;15,5;13;15,8;15,3;13,6;13;89;85;85;183;5,6;2;
2007-08-03;13:00;0;975,3;975,3;974,7;1414,3;17,1;13,5;17,4;15,4;14;12,9;86;78;79;188;5,2;1,7;
2007-08-03;14:00;0;975,2;975,4;975,2;2030,2;19,2;14,4;19,2;17,1;14,4;13,3;80;72;74;137;4,3;2;
2007-08-03;15:00;0;974,4;975,2;974,4;2483,8;22;13,8;22;19;14,8;13,4;74;60;60;155;4,7;1,6;
2007-08-03;16:00;0;973,6;974,4;973,6;2674,2;24,2;13,6;24,3;21,7;14,6;13,3;62;51;51;49;4,2;,8;
2007-08-03;17:00;0;972,5;973,6;972,5;2633,6;26,2;12,9;26,4;24,1;14,7;12,8;53;44;44;69;3,2;1,3;
2007-08-03;18:00;0;971,9;972,5;971,9;2314,5;27,4;12,6;27,6;25,8;14,4;12,5;48;40;40;222;3,2;1,4;
2007-08-03;19:00;0;971,2;971,9;971,2;1812,1;28,5;12,8;28,7;27,4;13,8;12,1;42;37;38;194;4,4;1,9;
2007-08-03;20:00;0;971,1;971,2;971;1134,2;28,4;12,4;28,9;28,3;13,3;11,7;39;35;37;200;4,3;1,8;
2007-08-03;21:00;0;971,6;971,6;971,1;405,2;25,6;13,9;28,4;25,6;14,1;12,6;49;37;49;225;5,4;1,5;
2007-08-03;22:00;0;972,2;972,2;971,6;12,8;21,7;13,8;25,6;21,7;14,5;13,7;61;48;61;224;8,3;3,8;
2007-08-03;23:00;0;973;973;972,2;-9999;18,3;12,7;21,7;18,3;13,6;12,6;70;60;70;208;8,3;2,4;
2007-08-04;00:00;0;973,7;973,7;973;-9999;16,2;12;18,3;16,2;12,7;12;77;70;76;218;7,1;2;
2007-08-04;01:00;0;974,4;974,4;973,7;-9999;14,1;11,1;16,2;14,1;12,1;11;82;77;82;199;6,9;2,5;
2007-08-04;02:00;0;974,9;974,9;974,4;-9999;12,6;10,6;14,1;12,6;11,1;10,5;88;82;88;198;6,9;1,3;
2007-08-04;03:00;0;975;975,1;974,9;-9999;12,3;10,6;12,7;12,3;10,8;10,5;90;87;89;204;5,2;2;
2007-08-04;04:00;0;975,4;975,4;974,9;-9999;12,1;10,5;12,4;12;10,7;10,5;91;89;90;190;6,4;1,9;
2007-08-04;05:00;0;975,3;975,5;975,3;-9999;11,5;10,1;12,2;11,5;10,7;10,1;91;90;91;175;6,9;2,9;
2007-08-04;06:00;0;975,1;975,5;975,1;-9999;11;9,8;11,6;11;10,2;9,8;93;91;92;188;6,9;2,1;
2007-08-04;07:00;0;975,3;975,3;975;-9999;10,7;9,6;11,2;10,7;10;9,5;93;92;92;182;5,8;2,7;
2007-08-04;08:00;0;975,1;975,3;975;-9999;10,7;9,5;10,8;10,5;9,6;9,4;93;92;92;172;6,3;3;
2007-08-04;09:00;0;975,3;975,3;974,9;-9999;10,5;9,3;10,7;10,4;9,5;9,2;93;92;93;167;5,9;2,2;
2007-08-04;10:00;0;975,9;975,9;975,2;-9999;10,5;9,4;10,6;10,4;9,5;9,3;93;92;93;191;5;1,7;
2007-08-04;11:00;0;976,5;976,5;975,9;15,6;10,4;9,2;10,6;10,2;9,4;9,2;94;92;92;173;7,1;3;
2007-08-04;12:00;0;977,2;977,2;976,5;110,1;10,7;9,3;10,7;10,3;9,4;9,2;93;91;91;175;6,6;2,3;
2007-08-04;13:00;0;977,5;977,6;977,2;232,6;11,1;9,5;11,1;10,6;9,6;9,3;92;90;90;194;6,1;2,2;
2007-08-04;14:00;0;977,6;977,7;977,4;395,1;11,7;9,7;11,9;11,1;9,9;9,4;91;87;88;180;4,9;1,9;
2007-08-04;15:00;0;977,4;977,6;977,3;608,8;12,5;9,9;12,5;11,7;10;9,6;88;84;84;196;5,3;2,3;
2007-08-04;16:00;0;976,7;977,4;976,7;721,6;13,4;10,1;13,4;12,5;10,2;9,8;84;80;80;206;5,2;1,4;
2007-08-04;17:00;0;976,2;976,7;976,2;690,9;13,9;10,1;14;13;10,2;9,8;82;77;78;224;5;2,1;
2007-08-04;18:00;0;975,6;976,2;975,6;778,5;14,3;10;14,5;13,7;10,4;9,9;79;75;75;197;5,4;2,3;
2007-08-04;19:00;0;975,8;975,9;975,6;693,1;14,5;10,4;14,8;14,2;10,5;9,9;76;74;76;203;5,4;2,1;
2007-08-04;20:00;0;976,2;976,2;975,8;313,1;13,9;10,1;14,5;13,9;10,4;9,9;78;75;78;182;6,3;1,9;
2007-08-04;21:00;0;976,6;976,6;976,2;90,5;12,7;9,6;14,1;12,7;10,2;9,6;81;77;81;182;6,3;1,9;
2007-08-04;22:00;0;977;977;976,6;4,1;11,6;9,2;12,7;11,6;9,6;9,1;86;81;85;198;6,5;2;
2007-08-04;23:00;0;977,5;977,6;977;-9999;11,1;8,9;11,6;11,1;9,3;8,9;87;85;86;176;6,9;3;
2007-08-05;00:00;0;977,8;977,9;977,5;-9999;10,6;8,7;11,1;10,6;9,1;8,7;89;86;88;180;6,9;2,6;
2007-08-05;01:00;0;977,8;977,9;977,7;-9999;10,4;8,6;10,7;10,4;8,8;8,5;89;88;89;188;5,8;1,5;
2007-08-05;02:00;0;977,8;978;977,8;-9999;10;8,3;10,4;10;8,7;8,3;90;88;89;150;5,5;2,4;
2007-08-05;03:00;0;977,3;977,9;977,3;-9999;9,7;8,2;10;9,7;8,4;8,1;90;89;90;146;5,5;1,9;
2007-08-05;04:00;0;976,6;977,3;976,6;-9999;9,6;8,4;9,8;9,6;8,5;8,1;92;90;92;109;4,6;1,8;
2007-08-05;05:00;0;976;976,6;976;-9999;10;8,8;10;9,5;8,8;8,3;93;92;92;164;4,1;1,5;
2007-08-05;06:00;0;975,5;976;975,5;-9999;9,7;8,8;10;9,5;8,8;8,6;94;92;94;152;3,9;1,1;
2007-08-05;07:00;0;975,2;975,5;975,2;-9999;9,5;8,8;9,7;9,4;9;8,7;96;94;96;160;4,2;1,7;
2007-08-05;08:00;0;974,9;975,3;974,9;-9999;9,3;8,9;9,5;9,3;9;8,8;97;96;97;178;4,2;2,4;
2007-08-05;09:00;0;974,8;974,9;974,7;-9999;9,2;8,8;9,5;9,1;9,1;8,7;97;97;97;162;4,2;1,6;
2007-08-05;10:00;0;974,9;974,9;974,8;-9999;9,2;8,8;9,2;8,9;8,8;8,5;97;97;97;141;4;1,2;
2007-08-05;11:00;0;975,2;975,2;974,9;17,5;9,1;8,7;9,3;9;8,8;8,6;97;97;97;143;4,4;1,7;
2007-08-05;12:00;0;975,7;975,7;975,2;122,1;9,5;8,8;9,5;9,1;9;8,6;97;96;96;111;4,3;1,9;
2007-08-05;13:00;0;975,8;975,9;975,6;263;9,9;9,4;9,9;9,4;9,5;8,7;97;96;97;104;4,2;2;
2007-08-05;14:00;0;975,8;976;975,8;426,5;10,6;9,7;10,6;9,8;9,8;9,2;97;93;94;89;4,3;1,9;
2007-08-05;15:00;0;975,1;975,9;975,1;665,4;11,8;9,9;11,8;10,4;10,2;9,4;95;89;89;81;3,6;1,8;
2007-08-05;16:00;0;974,2;975,1;974,2;1157,1;13,1;10,7;13,1;11,7;10,7;9,7;89;84;85;72;3,9;1,7;
2007-08-05;17:00;0;972,9;974,2;972,9;2088,8;16;11,6;16;13,1;11,7;10,3;86;74;75;90;4,1;1,4;
2007-08-05;18:00;0;971,9;972,9;971,9;2188,9;18,7;12,3;18,7;16;12,5;11,2;75;66;67;146;4,7;1,2;
2007-08-05;19:00;0;971,2;971,9;971,2;1709;19,9;12,1;20,2;18,5;12,7;11,6;67;59;61;51;5,4;1,8;
2007-08-05;20:00;0;970,7;971,2;970,6;1082,2;20,6;12,4;20,6;19,9;12,6;11,8;62;59;59;67;4,6;2,6;
2007-08-05;21:00;0;970,7;970,8;970,6;449,8;19,9;12,8;20,7;19,9;12,8;12,1;64;59;64;100;4,6;1,5;
2007-08-05;22:00;0;970,5;970,7;970,4;20,9;17,7;12,9;19,9;17,7;13,2;12,8;74;64;74;123;2,1;1;
2007-08-05;23:00;0;970,7;970,7;970,4;-9999;15,7;12,8;17,7;15,7;13,2;12,3;83;74;83;122;1,8;,4;
2007-08-06;00:00;0;970,7;970,8;970,5;-9999;13,6;11,7;15,8;13,6;12,8;11,6;88;82;88;95;1,3;0;
2007-08-06;01:00;0;970,6;970,8;970,6;-9999;12,8;11,3;14;12,7;12;11;92;86;91;230;1;0;
2007-08-06;02:00;0;970,6;970,8;970,6;-9999;11,6;10,4;12,8;11,6;11,3;10,3;94;90;93;290;1,3;0;
2007-08-06;03:00;0;970,2;970,6;970,2;-9999;10,9;9,7;11,6;10,9;10,5;9,7;94;92;92;106;1;0;
2007-08-06;04:00;0;970;970,2;970;-9999;10,7;9,7;11;10,4;10,2;9,5;95;92;93;295;1,7;,9;
2007-08-06;05:00;0;969,3;970;969,3;-9999;10,9;10,2;11,5;10,4;10,9;9,4;96;93;95;263;1,8;1,3;
2007-08-06;06:00;0;969,1;969,3;968,9;-9999;10,7;10,2;10,9;9,9;10,2;9,1;97;94;97;245;1,8;0;
2007-08-06;07:00;0;968,7;969,1;968,7;-9999;10,7;10,1;11,4;10,6;10,8;9,8;97;94;96;270;2,5;1,7;
2007-08-06;08:00;0;968,5;968,7;968,4;-9999;9,8;9,2;10,7;9,8;10,1;9,1;96;94;96;261;2,1;0;
2007-08-06;09:00;0;968,6;968,6;968,3;-9999;9,4;8,8;9,8;9,3;9,2;8,7;96;95;96;219;1;,1;
2007-08-06;10:00;0;969,7;969,7;968,6;-9999;8,8;7,9;10,2;8,8;9,8;7,8;97;92;94;69;2,2;,1;
2007-08-06;11:00;0;970,5;970,5;969,7;122,6;11,1;10,5;11,1;8,8;10,5;8;97;94;96;275;1,5;,7;
2007-08-06;12:00;0;971,3;971,3;970,5;754,1;16,8;13,9;16,8;11,1;14;10,5;96;82;83;151;2,1;,1;
2007-08-06;13:00;0;971,8;971,8;971,3;1470,8;20,2;14,1;20,2;16,7;14,4;13,4;84;68;68;120;2,4;1;
2007-08-06;14:00;0;971,4;971,9;971,4;2086,4;23,3;14,6;23,3;20;14,6;13,4;68;57;58;62;4,6;2,7;
2007-08-06;15:00;0;970,6;971,4;970,6;2427,6;25,3;14,3;25,5;23,2;14,8;13,7;58;50;50;72;6,1;3,6;
2007-08-06;16:00;0;969,5;970,7;969,5;2485,1;29,5;12,7;29,5;25,2;15,2;12,7;52;36;36;54;5,8;2,8;
2007-08-06;17:00;0;968,2;969,5;968,2;2403,7;30,8;11,6;30,9;28,6;13,1;10,4;37;29;31;349;8,8;2,6;
2007-08-06;18:00;0;967,1;968,2;967,1;2173,3;31,4;9,2;31,8;30,7;11,9;8,7;31;25;25;346;10,1;3,1;
2007-08-06;19:00;0;966,8;967,1;966,7;1605,5;30,8;9,6;32,1;30,7;10,6;8,4;27;24;27;331;10;3,6;
2007-08-06;20:00;0;966,9;966,9;966,7;982,5;30,3;9;31;30;10,5;9;29;27;27;317;9,9;4;
2007-08-06;21:00;0;967,4;967,4;966,9;471,4;28,1;10,9;30,3;28,1;11;9,1;34;27;34;321;10,3;2;
2007-08-06;22:00;0;967,7;967,7;967,4;12,3;23;12,1;28,1;23;12,1;10,9;50;34;50;308;4,6;2,5;
2007-08-06;23:00;0;968,2;968,2;967,7;-9999;21;12,3;23;21;12,3;12,1;57;50;57;311;4;1,7;
2007-08-07;00:00;0;968,5;968,5;968,2;-9999;18,2;12,1;21;18,2;12,2;12;67;58;67;326;2,8;1;
2007-08-07;01:00;0;968,7;968,7;968,5;-9999;17,9;12;19;17,8;12,4;11,9;69;65;68;317;3,3;1,5;
2007-08-07;02:00;0;969,3;969,3;968,7;-9999;16,6;11,9;18;16,2;12,1;11,7;75;68;74;276;3,1;1,7;
2007-08-07;03:00;0;968,9;969,4;968,8;-9999;16,1;11,9;17,7;15,4;12,2;11,6;79;69;76;338;2,7;,9;
2007-08-07;04:00;0;969,5;969,5;968,8;-9999;18,3;12,6;18,3;15,4;12,8;11,8;80;69;69;261;9,9;4,4;
2007-08-07;05:00;0;970,2;970,3;969,5;-9999;17,2;11,9;19,9;17,2;12,5;11,9;71;61;71;235;9,9;3;
2007-08-07;06:00;0;970,6;970,7;970,2;-9999;15,7;11,2;17,2;15,7;12;11,2;75;71;75;236;7,3;2,2;
2007-08-07;07:00;0;970,7;970,9;970,6;-9999;15,3;10,6;15,7;15,3;11,2;10,6;75;73;73;227;6,4;3,6;
2007-08-07;08:00;0;970,9;970,9;970,6;-9999;14,6;10,3;15,3;14,6;10,6;10,2;75;73;75;211;8,5;2,8;
2007-08-07;09:00;0;972,1;972,1;971;-9999;13;9,5;14,6;13;10,3;9,4;79;75;79;194;6,9;1,2;
2007-08-07;10:00;0;972,9;972,9;972,1;-9999;11,7;9;13;11,7;9,5;9;83;79;83;179;5,9;1,9;
2007-08-07;11:00;0;973,7;973,7;972,7;114,3;11,6;9,2;11,7;11,2;9,2;8,9;86;83;85;173;6,3;1,8;
2007-08-07;12:00;0;974,2;974,3;973,6;709,4;13,3;9,3;13,3;11,6;9,7;9,1;85;77;77;155;4,4;1,9;
2007-08-07;13:00;0;974,7;974,7;974,2;1373,5;15,7;8,4;15,7;13,1;9,7;7,8;78;60;62;127;5,6;2,7;
2007-08-07;14:00;0;974,6;974,8;974,6;2021,1;17,6;7,8;17,7;15,5;9,1;7,6;63;52;53;144;5,6;2,8;
2007-08-07;15:00;0;974;974,6;974;2423,3;19,6;7,9;20,1;17,4;8,7;7;55;44;47;124;7,2;2,1;
2007-08-07;16:00;0;973,1;974;973;2542,7;21,5;6,6;22,3;19,6;8,1;6,3;47;37;38;131;6,2;3;
2007-08-07;17:00;0;972,1;973,1;972,1;2540,3;22,8;5,7;23,2;21,4;7,1;5,7;39;33;33;147;6,9;2,5;
2007-08-07;18:00;0;971,3;972,1;971,3;2196,2;23,7;6,2;24;22,6;7,5;5,6;36;32;32;127;6,2;2,5;
2007-08-07;19:00;0;971,2;971,3;971,1;1757,3;24,3;6,3;24,7;23,4;7,6;6;34;31;31;165;5,3;2;
2007-08-07;20:00;0;971,1;971,2;971,1;1154,7;23,7;6,4;24,3;23,7;7,1;6,1;34;31;33;179;4,2;1,8;
2007-08-07;21:00;0;971,5;971,5;971,1;444,9;22,8;7;23,9;22,8;7,7;6,4;36;33;36;128;4,4;1,2;
2007-08-07;22:00;0;971,5;971,6;971,4;15,5;19;9,5;22,8;19;9,7;7,1;54;36;54;199;2,8;,2;
2007-08-07;23:00;0;971,8;971,8;971,5;-9999;15,9;10;19;15,9;10,5;9,3;69;54;68;64;1,3;0;
2007-08-08;00:00;0;972,1;972,2;971,8;-9999;15,2;10,1;16,2;15,2;10,4;9,3;72;64;72;113;1,3;,2;
2007-08-08;01:00;0;972;972,3;971,9;-9999;15,7;8,9;15,9;14,9;9,9;8,9;72;64;64;140;2;1;
2007-08-08;02:00;0;972,1;972,2;972;-9999;15,6;6,9;16,7;15,6;9,1;6,8;65;53;56;124;3,4;1,2;
2007-08-08;03:00;0;971,9;972,1;971,9;-9999;14,3;6,1;15,8;14,3;7;6,1;60;54;58;116;2,9;1,3;
2007-08-08;04:00;0;971,9;972,1;971,8;-9999;13,7;5,8;14,7;13,5;6,2;5,4;60;55;59;134;2,4;,5;
2007-08-08;05:00;0;971,2;972;971,2;-9999;11,9;6,2;14;11,9;6,5;5,2;68;56;68;180;1,4;0;
2007-08-08;06:00;0;970,8;971,2;970,8;-9999;9,5;6,5;11,9;9,5;6,9;5,8;83;66;82;290;1,2;,9;
2007-08-08;07:00;0;970,4;970,8;970,4;-9999;9,5;6,3;9,6;8,9;6,6;6,1;84;79;81;239;1,6;,7;
2007-08-08;08:00;0;970,4;970,5;970,3;-9999;8,6;6,3;9,5;8,4;6,8;6,2;87;80;85;269;2,1;1;
2007-08-08;09:00;0;970,3;970,5;970,3;-9999;8,2;5,8;8,6;8,2;6,4;5,8;87;84;85;253;2,4;0;
2007-08-08;10:00;0;970,8;970,8;970,3;-9999;7,7;5,8;8,4;7,7;6,3;5,8;88;85;88;269;2,4;1,9;
2007-08-08;11:00;0;971,4;971,4;970,7;139,5;9,8;7;9,8;7,7;7;5,7;89;83;83;266;2,4;,4;
2007-08-08;12:00;0;971,6;971,6;971,4;772,3;14,8;6,5;14,9;9,8;9;5,9;83;57;57;143;1,5;,5;
2007-08-08;13:00;0;972,1;972,2;971,6;1477,7;17,9;7,1;17,9;14,9;7,6;5,7;59;48;49;90;2,8;1,7;
2007-08-08;14:00;0;971,7;972,2;971,7;2080,7;21,3;8,6;21,6;17,9;8,9;6,4;49;43;44;96;3,4;1,7;
2007-08-08;15:00;0;970,9;971,7;970,9;2484,1;24,1;10,5;24,1;21,3;10,6;8,1;46;41;42;79;5,1;2,8;
2007-08-08;16:00;0;969,6;970,9;969,5;2593,2;28,1;11,1;28,3;24,1;11,9;10,2;43;34;35;57;7,7;4,3;
2007-08-08;17:00;0;968,2;969,6;968,2;2564,7;30,4;11,7;30,6;28,1;12,1;10,8;36;31;32;74;7,7;3,1;
2007-08-08;18:00;0;967,1;968,2;967,1;2111,9;31,6;10,4;31,8;30,1;12,3;10;33;27;27;25;7;3,5;
2007-08-08;19:00;0;966,5;967,1;966,4;1789;31,9;9,1;32,3;31,6;10,1;8,7;27;24;25;21;9,8;4;
2007-08-08;20:00;0;966,2;966,5;966,2;1209,5;31,6;7,7;32;31,6;9,8;7,2;26;22;23;355;10,2;3;
2007-08-08;21:00;0;966,3;966,4;966,1;429,1;28,9;9,6;31,6;28,9;9,6;7,5;30;23;30;344;8,6;1,2;
2007-08-08;22:00;0;966,5;966,6;966,3;10,6;21,9;11,8;28,9;21,9;11,8;9,6;53;30;53;300;3,2;1,3;
2007-08-08;23:00;0;967;967,1;966,5;-9999;20,2;12,7;21,9;20,2;12,7;11,5;62;52;62;343;2;,2;
2007-08-09;00:00;0;967,8;967,8;967;-9999;19,1;13;20,4;18,4;13,3;11,7;69;58;68;88;1,7;0;
2007-08-09;01:00;0;968,5;968,5;967,8;-9999;19,3;11,8;19,4;18;13,1;11,8;70;62;62;278;2,4;1,4;
2007-08-09;02:00;0;969;969,1;968,5;-9999;17,6;12,6;19,4;17;12,6;11,7;73;61;72;99;5,9;1,6;
2007-08-09;03:00;0;969,3;969,3;968,9;-9999;17,5;12,1;17,7;16,3;12,5;12;76;71;71;286;4,8;,1;
2007-08-09;04:00;0;968,9;969,3;968,9;-9999;16;11,9;17,7;16;12,2;11,8;77;69;77;259;1;,2;
2007-08-09;05:00;0;968,7;969;968,6;-9999;14,7;11,4;16,7;14,7;12;11,3;81;72;81;167;1,6;0;
2007-08-09;06:00;0;968,3;968,7;968,3;-9999;14,1;11;15;13,9;11,8;10,8;83;79;82;316;0;0;
2007-08-09;07:00;0;968,2;968,4;968,1;-9999;14,1;11;14,2;13,6;11,3;10,8;84;81;82;257;1,6;,5;
2007-08-09;08:00;0;968,3;968,3;968,1;-9999;12,7;10,7;14,1;12,6;11;10;88;82;88;184;1,4;0;
2007-08-09;09:00;0;968,7;968,8;968,2;-9999;11,9;9,9;13,3;11,7;11,3;9,8;89;85;88;262;0;0;
2007-08-09;10:00;0;969,2;969,2;968,7;-9999;11,8;9,9;12;11,6;10,3;9,8;90;88;88;291;0;0;
2007-08-09;11:00;0;970;970;969,2;94,1;12,9;10,7;12,9;11,8;10,9;9,8;90;85;87;150;0;0;
2007-08-09;12:00;0;970,5;970,5;970;781,6;19,1;11,3;19,1;12,9;13,1;10,8;87;61;61;108;1,2;,1;
2007-08-09;13:00;0;971,2;971,4;970,5;1366,2;23,2;12,2;23,2;19;12,4;11,3;63;50;50;104;2,4;1,1;
2007-08-09;14:00;0;970,8;971,2;970,7;1829,2;27,3;11;27,3;23,1;12,5;10,9;51;36;36;66;4,9;2,7;
2007-08-09;15:00;0;970,1;970,8;970,1;1934,4;31,5;9,5;31,5;27,3;12,1;8,6;38;25;26;39;8,4;3,1;
2007-08-09;16:00;0;968,9;970,1;968,9;2222,4;33;6,7;33,1;31,3;9,9;6,4;26;20;20;25;9,8;4;
2007-08-09;17:00;0;967,8;968,9;967,8;2023,3;32,4;6,1;33,3;32,1;7,4;5,5;21;19;19;22;9,7;3,9;
2007-08-09;18:00;0;966,9;967,8;966,9;1777;32,5;5,3;33;32,3;7,6;5;21;18;18;358;9,5;3,5;
2007-08-09;19:00;0;966,8;967;966,5;1208,1;32,2;6,7;32,5;32,2;7,1;4,9;21;18;20;4;8,7;2,5;
2007-08-09;20:00;0;966,6;966,8;966,2;857;31,4;6;32,2;31,4;6,8;5;21;19;20;19;7,2;2,1;
2007-08-09;21:00;0;966,8;966,8;966,6;276,9;28,3;8,2;31,4;28,3;8,2;5,6;29;20;28;2;4,5;,6;
2007-08-09;22:00;0;967,4;967,4;966,8;14;23,7;9,9;28,2;23,7;10;7,8;42;28;42;44;2,5;,7;
2007-08-09;23:00;0;967,6;967,6;967,2;-9999;23,4;8,8;24,5;22,2;9,9;8,5;45;36;40;29;3,4;1,4;
2007-08-10;00:00;0;968,5;968,5;967,5;-9999;20,2;9,5;23,3;20,2;9,7;8,8;50;39;50;303;2,7;,3;
2007-08-10;01:00;0;968,4;968,7;968,4;-9999;19,8;9,1;21,4;19,8;9,5;8,8;50;45;50;312;2,6;1,2;
2007-08-10;02:00;0;969,1;969,2;968,4;-9999;18,8;9,7;19,8;18,1;10,2;9,1;58;50;55;91;3,6;,5;
2007-08-10;03:00;0;969,2;969,2;968,8;-9999;18,3;9;18,9;17,4;10;8,9;62;53;55;300;2;,6;
2007-08-10;04:00;0;969,5;969,6;969,2;-9999;15,9;9,8;18,3;15,9;10,2;9,1;67;55;67;205;5,5;,1;
2007-08-10;05:00;0;969,3;969,5;969,2;-9999;13,7;10;15,8;13,6;10,2;9,8;78;67;78;183;1,2;,2;
2007-08-10;06:00;0;969,4;969,5;969,2;-9999;14,2;9,8;14,2;12,9;10,2;9,6;81;75;75;252;1,5;,3;
2007-08-10;07:00;0;969,5;969,5;969,3;-9999;13,2;9,3;14,3;13,2;10,1;9,3;79;74;78;268;3,3;1,6;
2007-08-10;08:00;0;969,5;969,6;969,3;-9999;13,1;9,8;14,1;12,8;9,9;9,3;80;73;80;193;2,7;0;
2007-08-10;09:00;0;970;970;969,5;-9999;12,3;9,1;13,1;11,9;9,9;9,1;87;80;81;266;1,9;,6;
2007-08-10;10:00;0;970,3;970,3;969,9;-9999;11,5;8,9;12,4;11,5;9,4;8,9;85;81;84;252;2;,9;
2007-08-10;11:00;0;971,1;971,1;970,3;165,9;13,7;10,6;13,7;11,4;10,8;9;86;81;81;294;2,2;,4;
2007-08-10;12:00;0;971,6;971,6;971;781,5;19,6;12,8;19,6;13,7;13;10,6;84;65;65;94;1,2;,3;
2007-08-10;13:00;0;972,1;972,2;971,5;1496,9;24,6;12,3;24,6;19,6;13,3;11,2;65;45;46;37;4,3;1,7;
2007-08-10;14:00;0;971,8;972,2;971,8;1886,9;29,5;11,4;29,5;24,6;13,2;10,9;46;32;33;36;4,4;2,1;
2007-08-10;15:00;0;971,3;971,8;971,3;2307,7;32,8;7,4;33;29,5;12;6,7;33;20;21;341;9,2;3,4;
2007-08-10;16:00;0;971,1;971,3;971;2049,5;32,9;7,8;33,3;31,9;8,7;7;23;20;21;331;8,9;2,9;
2007-08-10;17:00;0;970,6;971,1;970,6;2281,9;32,8;9,8;33,6;32;10,1;5,9;26;19;24;267;11,2;3,9;
2007-08-10;18:00;0;970,2;970,6;970,2;1828,5;32,8;8,5;33,1;31,6;10,4;8,3;27;22;22;276;8,8;4,5;
2007-08-10;19:00;0;970,2;970,2;970;1722,4;32,5;9,3;33;32,1;9,6;8,4;25;22;24;275;8,6;4,8;
2007-08-10;20:00;0;970,6;970,6;970,2;1110,2;31;9,1;32,4;30,9;9,3;8,7;26;24;26;263;7,7;3,7;
2007-08-10;21:00;0;971,3;971,3;970,6;413,9;27,8;11,7;31;27,8;11,7;9,1;37;26;37;232;6,7;2,7;
2007-08-10;22:00;0;972,3;972,3;971,3;11,2;24,5;12;27,8;24,5;12,3;11,8;46;37;46;247;6,4;2,6;
2007-08-10;23:00;0;973,3;973,3;972,3;-9999;22;11,4;24,5;22;12,1;11,3;51;46;51;203;6,2;1,8;
2007-08-11;00:00;0;974,2;974,3;973,2;-9999;18,4;10,1;22;18,4;11,4;10,1;58;51;58;211;7,2;3,5;
2007-08-11;01:00;0;975,4;975,4;974,2;-9999;15,8;9,1;18,4;15,8;10,1;9,1;65;58;65;198;7,9;2,4;
2007-08-11;02:00;0;976;976;975,4;-9999;14,3;9,1;15,8;14,3;9,1;9;71;65;71;189;7,8;1,7;
2007-08-11;03:00;0;976,5;976,7;976;-9999;13,2;9,1;14,3;13,2;9,1;9;76;71;76;180;5,7;1,6;
2007-08-11;04:00;0;976,6;976,7;976,4;-9999;12,5;9;13,3;12,5;9,2;9;79;76;79;181;6,3;2,7;
2007-08-11;05:00;0;976,7;976,8;976,5;-9999;11,9;8,9;12,6;11,9;9,1;8,9;82;79;82;179;5,6;2,1;
2007-08-11;06:00;0;976,1;976,7;976;-9999;11,4;9;11,9;11,4;9,1;8,9;85;82;85;179;5,7;1,4;
2007-08-11;07:00;0;975,8;976,1;975,8;-9999;10,9;8,9;11,5;10,9;9,1;8,9;87;85;87;169;4,8;1,2;
2007-08-11;08:00;0;975,7;976;975,7;-9999;11,3;9,2;11,3;10,8;9,2;8,9;88;87;87;180;3,5;1,4;
2007-08-11;09:00;0;976;976;975,6;-9999;11,7;9,5;11,7;11,3;9,6;9,2;88;86;87;161;4,9;1,8;
2007-08-11;10:00;0;976,5;976,5;975,9;-9999;11,8;9,5;11,9;11,7;9,7;9,5;87;86;86;151;5,5;2,4;
2007-08-11;11:00;0;977,2;977,2;976,4;47,8;11,6;9,4;11,9;11,6;9,6;9,3;86;85;86;161;5,6;2,3;
2007-08-11;12:00;0;977,5;977,5;977,1;243,5;12,2;9,7;12,2;11,6;9,8;9,4;87;85;85;155;5,9;2,5;
2007-08-11;13:00;0;978,1;978,1;977,5;625,2;12,9;9,8;13,5;12,1;10,3;9,6;85;80;81;143;5,2;2,3;
2007-08-11;14:00;0;977,9;978,2;977,9;1950,7;15,4;10,3;15,8;12,9;11,1;9,9;82;71;71;135;6,1;3,1;
2007-08-11;15:00;0;977,1;977,9;977,1;2327,1;18,1;11,6;18,1;15,4;11,6;10,4;73;63;66;170;6,1;1,9;
2007-08-11;16:00;0;976,1;977,1;976,1;2530,6;20,5;11,6;20,7;17,8;11,9;10,6;66;56;57;150;5,8;2,1;
2007-08-11;17:00;0;975;976;975;2469,9;22,5;12,5;22,8;20,5;12,5;11,3;57;50;53;118;4,4;1,6;
2007-08-11;18:00;0;974,1;975,1;974,1;1954,6;24,4;12,5;24,4;22,5;12,8;11,9;53;47;48;146;4,3;1,4;
2007-08-11;19:00;0;973,4;974,1;973,4;1790,9;25,1;12,2;25,6;24,1;13;11,9;49;44;45;106;3,8;1,5;
2007-08-11;20:00;0;973,6;973,7;973,4;1235,6;25;12,5;25,9;25;13;12;47;43;46;119;3,6;1,7;
2007-08-11;21:00;0;973,7;973,8;973,7;478,8;24;13;25,2;24;13,3;12,5;51;46;50;105;3,9;2;
2007-08-11;22:00;0;974;974;973,7;17,6;21,7;13,3;24;21,7;13,4;12,9;59;50;59;115;3,9;1,1;
2007-08-11;23:00;0;974,4;974,4;974;-9999;18,2;13,4;21,7;18,2;14;13,4;74;59;74;215;1,8;0;
2007-08-12;00:00;0;974,7;974,7;974,4;-9999;16,6;13,1;18,2;16,6;13,7;13;81;74;79;281;,8;0;
2007-08-12;01:00;0;974,8;974,8;974,7;-9999;15,1;12,8;16,6;15;13,3;12,6;87;79;86;170;1;0;
2007-08-12;02:00;0;975;975;974,8;-9999;15;12,5;15,5;14,9;12,9;12,3;86;84;85;253;1;0;
2007-08-12;03:00;0;974,9;975;974,8;-9999;14,5;12,4;15,3;14,1;13,1;11,9;88;84;87;210;1,3;,1;
2007-08-12;04:00;0;974,6;975;974,6;-9999;14,3;12,6;15,1;13,8;12,9;11,4;89;83;89;176;1,3;,1;
2007-08-12;05:00;0;974,2;974,6;974,2;-9999;13,8;12;14,8;13,3;12,7;11,1;91;84;89;101;1,3;0;
2007-08-12;06:00;0;973,7;974,2;973,7;-9999;12,9;11,6;14,1;12,3;12,3;10,7;93;87;92;223;,9;,1;
2007-08-12;07:00;0;973,4;973,8;973,4;-9999;12,1;11,1;13,2;12;11,8;10,4;93;88;93;263;2,4;1,6;
2007-08-12;08:00;0;973,2;973,4;973;-9999;11,9;10,8;12,6;11,9;11,4;10,8;93;92;93;257;2,4;1;
2007-08-12;09:00;0;973,3;973,3;973,2;-9999;11,7;11;11,9;10,9;11;10,1;96;93;95;262;2,2;1,6;
2007-08-12;10:00;0;973,9;974,1;973,3;-9999;11,4;10,5;11,9;11,2;11,1;10;95;91;95;269;2,5;1,7;
2007-08-12;11:00;0;974,6;974,6;973,9;151;12,8;11,7;12,8;11;11,7;10,1;96;93;93;273;2,5;1,4;
2007-08-12;12:00;0;975;975,1;974,5;812,4;17,4;13,6;17,4;12,8;13,6;11,8;93;78;78;159;2,1;,3;
2007-08-12;13:00;0;975,1;975,3;975;1536,4;19,9;14,3;20;17,3;14,6;13,1;78;70;70;100;3,9;2,1;
2007-08-12;14:00;0;974,9;975,2;974,9;2026,3;22,7;14,6;22,7;19,9;14,8;14,1;71;60;60;61;7,5;3,9;
2007-08-12;15:00;0;974;975;974;2564,7;25,8;13,3;26,5;22,7;15,1;13,3;60;45;46;44;7,1;3,6;
2007-08-12;16:00;0;972,6;974;972,6;2600,1;28,1;12,2;29;25,8;14,1;12;47;36;37;59;8,2;4,3;
2007-08-12;17:00;0;971,2;972,6;971,2;2162,7;29,8;9,2;30,2;28,2;12,8;8,7;38;26;28;59;10,2;5,3;
2007-08-12;18:00;0;970;971,2;970;2377;30,1;9,5;30,6;29,7;10,4;8,9;29;27;28;59;11,3;5,9;
2007-08-12;19:00;0;969,3;970;969,3;1852,3;30,1;9,4;30,7;29,9;10,5;8,9;29;27;28;58;10,5;5,6;
2007-08-12;20:00;0;969;969,3;969;1257,5;29,9;8,5;30,5;29,8;10;8,3;29;26;26;56;10,2;5,1;
2007-08-12;21:00;0;969;969,1;968,9;521,2;28,3;9,6;29,9;28,3;9,7;8,5;31;26;31;63;8,7;3,5;
2007-08-12;22:00;0;969;969;968,9;16,5;25,2;10,6;28,4;25,2;10,6;9,7;40;31;40;74;5,7;2,3;
2007-08-12;23:00;0;969,2;969,2;969;-9999;22,7;11,7;25,2;22,7;11,7;10,6;50;40;50;86;3,7;1,5;
2007-08-13;00:00;0;969,6;969,6;969,1;-9999;21,4;12,4;22,8;21,4;12,4;11,7;57;50;57;75;3,7;1,2;
2007-08-13;01:00;0;970,2;970,2;969,6;-9999;19;12,7;21,5;19;13,1;12,4;67;57;67;302;2,9;,4;
2007-08-13;02:00;0;970,3;970,3;970;-9999;17,1;12,9;19;17;13,3;12,6;76;67;76;276;1,6;,7;
2007-08-13;03:00;0;970,2;970,3;970,2;-9999;15,6;12,5;17,7;15,6;13,2;12,3;82;75;82;62;1,7;,1;
2007-08-13;04:00;0;970,3;970,3;970,2;-9999;16,1;12,8;16,3;15,6;13,1;12,5;82;80;81;18;1,2;0;
2007-08-13;05:00;0;970;970,3;969,9;-9999;15,4;12,8;16,1;15,1;13,1;12,4;85;81;85;6;,9;0;
2007-08-13;06:00;0;969,9;970;969,8;-9999;13,8;11,7;15,4;13,7;13;11,6;89;84;87;261;2,9;1,9;
2007-08-13;07:00;0;969,7;969,9;969,7;-9999;12,4;11;13,8;12,4;11,9;10,9;92;87;91;281;2,9;0;
2007-08-13;08:00;0;969,6;969,7;969,2;-9999;11,8;10,5;12,4;11,7;11;10,3;93;91;92;294;3,6;2,1;
2007-08-13;09:00;0;969,8;969,9;969,6;-9999;11,6;10,3;13,2;11,6;11,5;10,2;93;88;91;308;3,6;0;
2007-08-13;10:00;0;970,4;970,4;969,8;-9999;12,2;10,9;12,4;11,4;11,1;10,1;93;91;92;100;1,3;,1;
2007-08-13;11:00;0;970,9;970,9;970,3;174,3;14,5;12,1;14,6;11,7;12,4;10,3;93;85;85;265;,7;0;
2007-08-13;12:00;0;971,8;971,8;970,9;887,7;18,5;13,3;18,5;14,4;13,3;12;86;71;72;91;3,5;1,9;
2007-08-13;13:00;0;972,4;972,4;971,8;1600,9;23;13,6;23;18,6;14,1;13,1;72;56;56;70;5,7;3,2;
2007-08-13;14:00;0;972,4;972,5;972,3;2227,6;27;13,7;27;22,8;14,3;13,3;56;43;44;80;6,4;3,2;
2007-08-13;15:00;0;971,2;972,4;971,2;2579,2;30,6;11;31,2;26,8;14,1;10,8;45;29;30;45;8,1;4,2;
2007-08-13;16:00;0;970,3;971,3;970,2;2698,7;32,6;8,7;32,6;30,6;11;7,7;30;22;23;20;10,2;4,2;
2007-08-13;17:00;0;969,1;970,3;969;2732,8;32,4;8,1;32,8;31,9;9,1;7,2;24;21;22;17;10,2;4,2;
2007-08-13;18:00;0;968,1;969,1;968,1;2044,2;32,3;6,4;32,9;31,7;9,3;6,4;24;20;20;12;10;3,6;
2007-08-13;19:00;0;967,5;968,1;967,5;1868,2;32,1;7,2;33,1;32;8,8;6,5;23;20;21;3;9,3;3,4;
2007-08-13;20:00;0;967,5;967,6;967,5;1376,1;32;8,4;32,6;31,9;8,8;7,1;23;21;23;20;8;3;
2007-08-13;21:00;0;967,5;967,6;967,5;560,4;30,1;9,3;32;30,1;9,4;8,1;27;23;27;6;6,1;,8;
2007-08-13;22:00;0;967,7;967,7;967,5;11,6;25,6;10,6;30,1;25,6;10,9;9,4;39;27;39;354;3;,5;
2007-08-13;23:00;0;968,2;968,2;967,7;-9999;21,9;11,5;25,6;21,8;11,7;10,5;52;39;52;4;1,8;,1;
2007-08-14;00:00;0;968,8;968,8;968,2;-9999;21,6;11,5;22;21,1;11,7;11;54;50;52;354;2,3;,8;
2007-08-14;01:00;-9999;-9999;-9999;-9999;-9999;-9999;-9999;-9999;-9999;-9999;-9999;-9999;-9999;-9999;-9999;-9999;-9999;
2007-08-14;02:00;0;969,3;969,3;969,1;-9999;19,5;9,7;19,9;18,5;10,7;9,6;60;53;53;261;3,3;1,5;
2007-08-14;03:00;0;969,8;969,8;969,3;-9999;18,2;11,2;19,6;17,4;11,3;9,7;65;53;64;92;3,6;,4;
2007-08-14;04:00;-9999;-9999;-9999;-9999;-9999;-9999;-9999;-9999;-9999;-9999;-9999;-9999;-9999;-9999;-9999;-9999;-9999;
2007-08-14;05:00;0;969,3;969,7;969,3;-9999;14,9;11,2;15,9;14,9;11,6;11;78;74;78;281;1,7;,9;
2007-08-14;06:00;0;968,7;969,3;968,7;-9999;14,6;11;14,9;14,5;11,6;11;81;78;79;228;1,7;0;
2007-08-14;07:00;0;968,5;968,9;968,5;-9999;14;11,3;14,8;13,9;11,3;10,7;84;78;84;201;2,6;0;
2007-08-14;08:00;0;968,4;968,6;968,3;-9999;14,6;11,4;14,6;13,6;11,5;10,8;85;81;81;131;1,3;0;
2007-08-14;09:00;0;968,7;968,7;968,4;-9999;14,3;11,6;15,6;14,1;11,9;11;84;78;84;127;,4;0;
2007-08-14;10:00;0;969,4;969,4;968,7;-9999;13,9;11,6;14,8;13,4;11,8;10,9;87;81;86;204;1,6;0;
2007-08-14;11:00;0;970;970;969,4;188,9;16,9;12,2;16,9;13,5;12,4;11,1;87;74;74;106;2,2;1,6;
2007-08-14;12:00;0;970,4;970,4;970;759,6;20,6;13,4;20,6;16,9;13,7;12,2;74;63;64;102;2,3;1,4;
2007-08-14;13:00;0;970,8;970,8;970,4;1626,6;26,1;11,9;26,1;20,6;14,3;11,8;64;41;41;43;8,3;3,9;
2007-08-14;14:00;0;970,6;970,8;970,6;2240,2;29,6;10,8;29,8;26,1;12,5;10,4;42;31;31;15;9,1;3;
2007-08-14;15:00;0;969,8;970,6;969,8;2584,9;31,3;10,1;32;29,3;11,6;9,9;32;27;27;13;9,5;3,9;
2007-08-14;16:00;0;968,7;969,9;968,7;2764,3;32,4;9,9;32,8;31,3;11,1;9,5;28;25;25;16;11,1;4,9;
2007-08-14;17:00;0;968;968,8;968;2754;33,2;9,7;33,3;32,2;10,8;9,3;26;23;24;351;11,8;4,7;
2007-08-14;18:00;0;967;968;967;2348,3;33,2;9,9;33,5;32,5;10,2;8,9;24;23;24;348;13,4;4,1;
2007-08-14;19:00;0;966,5;967;966,4;1879,7;33,1;9,9;33,5;32,5;10,4;9,1;25;23;24;5;11,2;3,9;
2007-08-14;20:00;0;966,2;966,5;966,2;1254;32,5;9,6;33,1;32,5;10,2;9,2;25;23;24;18;9,2;3,2;
2007-08-14;21:00;0;966,3;966,3;966,1;516,3;30,8;10,4;32,5;30,8;10,5;9,8;28;24;28;32;8,6;3,2;
2007-08-14;22:00;0;966,7;966,7;966,3;17,2;26,7;10,9;30,8;26,7;10,9;10;37;28;37;22;7;1,6;
2007-08-14;23:00;0;966,9;967;966,7;-9999;24,4;11,4;26,7;24,2;11,6;10,7;45;37;44;16;3,8;1,7;
2007-08-15;00:00;0;967,7;967,7;966,9;-9999;23,5;11;24,7;23,3;11,7;10,9;46;42;45;21;4,6;1,9;
2007-08-15;01:00;0;967,8;967,8;967,7;-9999;21,6;11;23,6;21,6;11,1;10,8;51;45;51;12;4,9;1,4;
2007-08-15;02:00;0;968,6;968,6;967,8;-9999;21;10,9;21,6;20,9;11,3;10,9;54;51;53;26;4,9;1,5;
2007-08-15;03:00;0;968,8;968,8;968,6;-9999;20,6;10,6;21,1;19,7;11;10,6;56;52;53;50;5,2;3;
2007-08-15;04:00;0;969;969,1;968,8;-9999;18,8;10,6;20,6;18,8;10,8;10,6;59;53;59;41;5,2;1,5;
2007-08-15;05:00;0;968,9;969,2;968,9;-9999;15,8;10,7;18,8;15,8;10,8;10,5;72;59;72;242;2,6;0;
2007-08-15;06:00;0;968,6;968,9;968,6;-9999;18,5;9,9;18,5;15,7;10,8;9,9;72;57;57;26;4,2;2,4;
2007-08-15;07:00;0;968,5;968,6;968,3;-9999;17;9,7;18,6;17;9,9;9,6;62;56;62;313;4,5;1;
2007-08-15;08:00;0;968,6;968,6;968,5;-9999;16,9;9,6;17;15,8;9,7;9,4;66;62;62;353;3;,3;
2007-08-15;09:00;0;968,9;968,9;968,6;-9999;17,9;8,9;18,2;16,5;9,6;8,9;62;55;56;22;3,3;1,7;
2007-08-15;10:00;0;969,5;969,5;968,9;-9999;18,4;8,7;18,5;17,5;9;8,7;57;53;53;40;5,1;1,8;
2007-08-15;11:00;0;970,1;970,1;969,5;181,3;19,5;9,4;19,5;17,6;9,4;8,7;56;51;52;52;4,1;1,6;
2007-08-15;12:00;0;970,8;970,8;970,1;910,6;23;9;23;19,5;9,4;8,6;52;41;41;43;5,9;2,8;
2007-08-15;13:00;0;971,7;971,7;970,8;1587,1;26,3;8,9;26,3;23;9,3;8;41;32;33;42;5,8;3,2;
2007-08-15;14:00;0;972,2;972,3;971,7;2214,8;30;8;30,3;26,3;9;7,6;33;25;25;28;7,7;2,1;
2007-08-15;15:00;0;971,8;972,2;971,8;2633,1;31,3;5,7;31,7;29,7;8,3;5,6;26;20;20;7;8,5;4,1;
2007-08-15;16:00;0;971,1;971,8;971,1;2817,2;33,5;6,9;33,6;31,3;7,6;5,3;21;18;19;359;8,4;2,4;
2007-08-15;17:00;0;970,2;971,1;970,2;2800,5;33;6,2;33,9;32,8;8,1;5,7;21;18;19;331;9,1;3,1;
2007-08-15;18:00;0;969,3;970,2;969,3;2388,4;33,3;7;33,6;32,8;8,1;5,8;21;18;20;331;9,7;3,1;
2007-08-15;19:00;0;968,9;969,3;968,9;1911,5;33,5;7,3;33,5;32,7;7,8;6,2;21;18;20;330;8,1;1,9;
2007-08-15;20:00;0;968,8;969;968,7;1274;32,5;6,5;33,7;32,5;8,2;6,1;21;19;20;328;7,8;1,7;
2007-08-15;21:00;0;969,3;969,3;968,8;514,8;31;10;32,9;31;10,1;6,4;27;20;27;340;4,3;0;
2007-08-15;22:00;0;969,6;969,6;969,3;17;24,4;11,1;31;24,4;11,7;10;44;27;43;181;1,2;0;
2007-08-15;23:00;0;970;970,1;969,6;-9999;20,9;11,7;24,4;20,7;12,3;11,1;57;43;56;257;1,8;,7;
2007-08-16;00:00;0;970,7;970,7;970;-9999;19,3;11,6;21,1;19,3;11,9;10,8;61;53;61;167;2,5;,1;
2007-08-16;01:00;0;971,3;971,3;970,6;-9999;18,3;12;20;18,1;12,6;11,3;69;58;66;170;4,3;,7;
2007-08-16;02:00;0;971,8;971,8;971,3;-9999;17,1;11,6;18,3;16,8;12;11,2;72;66;70;99;2;,3;
2007-08-16;03:00;0;972,1;972,2;971,8;-9999;17,6;11,1;17,7;16,1;12;11;74;66;66;311;1,6;0;
2007-08-16;04:00;0;972,5;972,5;972,1;-9999;15,4;11;17,6;15,4;11,8;10,6;75;66;75;326;1;0;
2007-08-16;05:00;0;972,4;972,6;972,4;-9999;14,6;10,4;15,5;14,6;11,2;10,4;77;74;76;264;1,4;0;
2007-08-16;06:00;0;972,3;972,4;972,3;-9999;13,3;9,8;14,8;13,3;10,6;9,7;80;75;80;283;1,5;0;
2007-08-16;07:00;0;972,2;972,3;972,2;-9999;12,5;9,5;13,5;12,4;10;9,5;84;79;82;245;1,5;0;
2007-08-16;08:00;0;972,1;972,2;972,1;-9999;11,8;9,2;12,5;11,8;9,8;9,2;85;82;84;266;2,5;,4;
2007-08-16;09:00;0;972,5;972,5;972,1;-9999;12,2;9,3;12,3;11,4;9,5;8,9;85;82;82;244;2,9;,9;
2007-08-16;10:00;0;973,3;973,3;972,5;-9999;10,8;8,5;12,4;10,8;9,6;8,5;86;81;86;286;2,7;,7;
2007-08-16;11:00;0;973,7;973,7;973,3;188,4;13,4;10,3;13,4;10,4;10,4;8,2;88;82;82;272;2,6;,3;
2007-08-16;12:00;0;974,2;974,2;973,7;913,7;18,9;10,6;18,9;13,4;12,1;10,1;82;58;58;177;1,3;,2;
2007-08-16;13:00;0;974,8;974,8;974,2;1629,5;24;8,7;24,1;18,9;11,6;8,7;60;38;38;73;4,2;2,2;
2007-08-16;14:00;0;974,7;974,9;974,7;2286,9;28,4;7,8;28,4;24;10,4;7,8;39;27;27;66;8,3;3,6;
2007-08-16;15:00;0;974,1;974,8;974,1;2686;30,1;7,6;30,8;28,4;8,7;6,5;28;23;24;56;9,3;4,4;
2007-08-16;16:00;0;973,1;974,1;973;2861;31;6,1;31,8;29,8;8;6;24;20;21;51;9,4;4,3;
2007-08-16;17:00;0;972,3;973,1;972,3;2809,9;32;5,8;32,7;31;7,4;4,6;22;18;19;68;8,5;2,9;
2007-08-16;18:00;0;971,3;972,3;971,3;2430,1;32,1;5;32,5;31,5;6,5;4,4;20;18;18;96;7,2;2,7;
2007-08-16;19:00;0;970,8;971,3;970,8;1931,9;32,1;4,5;32,8;31,8;6,1;4,3;20;17;18;104;5,6;1,3;
2007-08-16;20:00;0;970,7;970,8;970,6;1295,1;31,7;5,6;32,3;31,4;5,7;3,8;20;17;20;93;5,5;2,6;
2007-08-16;21:00;0;970,9;970,9;970,6;552,5;29,9;6,3;31,7;29,9;6,3;4,5;23;19;23;97;4,3;1,7;
2007-08-16;22:00;0;971,3;971,3;970,9;23,4;25,9;8;29,9;25,8;8,1;6,3;32;23;32;110;2,8;1;
2007-08-16;23:00;0;971,7;971,7;971,3;-9999;22,6;9,3;25,9;22;10,4;7,9;47;32;43;108;1,9;,3;
2007-08-17;00:00;0;972,1;972,1;971,7;-9999;20,3;10,3;22,7;19,1;11,1;8,6;59;41;53;101;2;0;
2007-08-17;01:00;0;972,5;972,5;972,1;-9999;16,8;10,8;20,3;16,8;11;9,5;68;51;68;78;1,5;,1;
2007-08-17;02:00;0;972,9;972,9;972,5;-9999;18;9,4;18;16,3;11;9,2;71;57;57;119;1,4;0;
2007-08-17;03:00;0;973,1;973,1;972,9;-9999;15,2;9,4;18;15,2;9,8;9,2;69;57;68;314;1,5;,1;
2007-08-17;04:00;0;973;973,1;973;-9999;14,6;9,2;15,5;14,3;9,5;9;72;65;70;219;1,2;0;
2007-08-17;05:00;0;972,7;973;972,7;-9999;12,8;9,2;14,7;12,8;9,9;9,2;80;70;79;271;1,8;,4;
2007-08-17;06:00;0;972,5;972,7;972,5;-9999;13,5;9,2;13,7;12,7;9,6;8,9;79;73;75;220;2,9;,4;
2007-08-17;07:00;0;972,1;972,5;972,1;-9999;12,1;8,8;13,5;12,1;9,5;8,8;80;75;80;266;2,5;1,5;
2007-08-17;08:00;0;972,1;972,1;972;-9999;11,9;8,8;12,1;11,3;9;8,7;84;80;82;248;2,6;0;
2007-08-17;09:00;0;972,7;972,7;972,1;-9999;12,1;8,8;12,2;11,1;9,2;8,5;86;80;80;262;2,8;1,9;
2007-08-17;10:00;0;973,9;973,9;972,7;-9999;12,7;8,9;13,7;11,9;9,1;8,3;81;73;78;259;5;2,6;
2007-08-17;11:00;0;974,4;974,4;973,9;169,5;15;9,3;15;12,4;9,5;8,6;78;69;69;248;3,8;1,4;
2007-08-17;12:00;0;975;975;974,4;709,8;19,1;11,6;19,1;14,7;11,6;9,2;71;57;62;198;2,9;,2;
2007-08-17;13:00;0;975,2;975,2;975;1348,3;23,4;9,2;23,5;19,1;12,1;9,2;62;40;40;213;2;,5;
2007-08-17;14:00;0;975,2;975,3;975,2;2179,3;26;7,7;26;23,4;10,2;6,8;43;30;31;98;3,5;1,1;
2007-08-17;15:00;0;974,5;975,2;974,5;2637,6;27,2;7,3;27,9;25,6;8,3;6,8;32;28;29;109;6,3;2,9;
2007-08-17;16:00;0;973,6;974,5;973,6;2832,5;28,3;7,4;28,7;27;7,9;6,7;29;26;27;80;6,3;1,8;
2007-08-17;17:00;0;972,5;973,6;972,5;2842,4;29,4;6,8;29,9;27,7;8;6,4;28;24;24;177;5,2;1,9;
2007-08-17;18:00;0;971,7;972,6;971,7;2404,7;29,2;5,4;29,9;28,8;8;4,9;26;21;22;148;4,7;2,1;
2007-08-17;19:00;0;971,1;971,7;971,1;1915,1;29,2;6,2;30;29,1;7,5;5,6;25;22;23;140;6;2,3;
2007-08-17;20:00;0;971;971,1;971;1271;29,1;6,8;30;28,9;7,4;6,1;25;23;25;124;5,5;2,2;
2007-08-17;21:00;0;971,2;971,2;970,9;532,1;28;7,4;29,1;28;7,6;6,7;27;24;27;133;4,5;1,3;
2007-08-17;22:00;0;972,1;972,1;971,1;29,4;22,2;13,7;28;22,2;13,7;7,2;58;27;58;256;8,2;3,1;
2007-08-17;23:00;0;972,7;972,7;972,1;-9999;19,3;13,1;22,2;19,3;13,8;13,1;68;58;67;216;8,7;4,4;
2007-08-18;00:00;0;973,8;973,8;972,7;-9999;16;12;19,3;16;13;12;77;67;77;216;9,8;3,4;
2007-08-18;01:00;0;974,2;974,2;973,8;-9999;14,4;11,5;16;14,4;12;11,5;83;77;83;215;9,6;2,7;
2007-08-18;02:00;0;974,4;974,4;974,2;-9999;13,7;11,3;14,4;13,7;11,5;11,2;86;83;85;199;7,1;2,7;
2007-08-18;03:00;0;974,7;974,7;974,4;-9999;13,4;11,2;13,9;13,4;11,5;11,2;86;85;86;197;8,1;2,8;
2007-08-18;04:00;0;974,8;974,9;974,6;-9999;13,2;10,9;13,6;13,1;11,3;10,8;87;85;86;186;7;2,4;
2007-08-18;05:00;0;974,8;974,9;974,8;-9999;12,9;10,7;13,2;12,8;11;10,6;87;86;86;184;7,5;3;
2007-08-18;06:00;0;974,4;974,8;974,4;-9999;12,8;10,7;13,1;12,7;10,8;10,6;87;86;87;175;8,1;3,4;
2007-08-18;07:00;0;974,3;974,5;974,3;-9999;12,8;10,9;12,8;12,7;10,9;10,6;88;87;88;179;7;3;
2007-08-18;08:00;0;973,9;974,3;973,8;-9999;12,4;10,6;12,9;12,4;10,9;10,6;88;87;88;180;6,6;2,9;
2007-08-18;09:00;0;974,2;974,3;973,9;-9999;12,3;10,6;12,5;12,2;10,7;10,5;90;88;89;183;6,2;2,6;
2007-08-18;10:00;0;974,8;974,8;974,2;-9999;12,1;10,4;12,3;12;10,5;10,4;90;89;90;178;7,1;2,9;
2007-08-18;11:00;0;975,2;975,2;974,8;24,2;12,2;10,4;12,2;11,9;10,5;10,2;90;89;89;172;6,5;2,1;
2007-08-18;12:00;0;975,8;975,8;975,2;123,6;12,1;10,3;12,3;12;10,5;10,2;89;88;89;182;5,9;2,6;
2007-08-18;13:00;0;976;976;975,8;294,1;12,7;10,5;12,9;12;10,6;10,2;89;86;86;168;6;2;
2007-08-18;14:00;0;975,7;976,1;975,7;506,8;13,3;10,7;13,5;12,6;10,9;10,4;87;83;84;129;5,2;2,3;
2007-08-18;15:00;0;975;975,7;975;1194,3;15,4;11,1;15,5;13,3;11,4;10,5;84;75;76;129;5,4;2,3;
2007-08-18;16:00;0;974;975;974;2232;17,1;11,6;17,1;14,6;12;10,7;78;70;70;139;6,1;1,5;
2007-08-18;17:00;0;972,5;974;972,5;2829;19,6;12;19,6;16,7;12,2;11,1;71;61;62;93;4,9;2,3;
2007-08-18;18:00;0;971,2;972,5;971,2;2428,7;21,2;11,6;21,4;19,4;12,3;11,4;62;54;54;51;4,9;1,9;
2007-08-18;19:00;0;970,7;971,2;970,7;1932;22,9;11,7;23;21,2;12,3;11,1;54;49;49;20;5;1,2;
2007-08-18;20:00;0;970,7;970,7;970,6;1301,1;23,4;11,8;23,5;22,6;12,2;11,3;51;48;48;64;3,5;,8;
2007-08-18;21:00;0;971;971;970,7;548,5;22,5;12,5;23,4;22,5;12,6;11,6;53;48;53;99;2,9;1,5;
2007-08-18;22:00;0;971,2;971,2;971;33,5;19,7;13,4;22,5;19,7;13,5;12,4;67;53;67;194;2,8;0;
2007-08-18;23:00;0;971,5;971,5;971,2;-9999;16,5;12,2;19,7;16,5;13,5;12,2;76;67;76;218;1,3;0;
2007-08-19;00:00;0;972;972;971,5;-9999;16;12,2;17,8;15,8;12,8;11,9;79;72;78;244;1,6;,9;
2007-08-19;01:00;0;972,2;972,2;972;-9999;16;12,6;16,6;15,1;12,6;11,9;81;76;80;214;2;,2;
2007-08-19;02:00;0;972,4;972,4;972,2;-9999;17,1;12,5;17,1;15,9;12,6;12,1;80;74;74;221;2,2;,5;
2007-08-19;03:00;0;972,8;972,8;972,4;-9999;16,8;12,1;17,6;16,8;12,5;12,1;74;71;74;182;4,5;1,6;
2007-08-19;04:00;0;972,8;972,9;972,7;-9999;16,1;12;16,8;16;12,1;11,9;77;74;77;195;4,2;1,3;
2007-08-19;05:00;0;972,7;972,8;972,6;-9999;14;10,6;16,1;14;12;10,6;81;77;80;228;3,7;,9;
2007-08-19;06:00;0;972;972,7;972;-9999;13;11,1;13,9;11,9;11,3;10,1;91;81;88;244;2,3;1;
2007-08-19;07:00;0;971,6;972;971,6;-9999;12,2;10,6;13;12;11,1;10,4;90;88;90;251;2,3;1,2;
2007-08-19;08:00;0;971,7;971,9;971,6;-9999;12,1;10,7;12,4;11,4;10,8;10,1;92;89;91;237;2,4;1,2;
2007-08-19;09:00;0;972,3;972,3;971,7;-9999;11;9,8;12,6;10,9;11;9,6;93;86;93;41;2,2;0;
2007-08-19;10:00;0;973,1;973,1;972,3;-9999;12,4;10,5;12,5;10,9;10,7;9,7;94;88;88;240;3,6;1,8;
2007-08-19;11:00;0;973,7;973,7;973;102;12,8;10,6;12,9;12,3;10,6;10,5;88;86;86;217;5,8;2,7;
2007-08-19;12:00;0;974,4;974,5;973,7;753,7;14,5;11;14,6;12,8;11,2;10,6;86;80;80;214;6,4;2,9;
2007-08-19;13:00;0;974,8;974,9;974,4;1325,7;16,7;11,9;16,8;14,5;12,5;11;80;73;73;203;5,1;1,6;
2007-08-19;14:00;0;974,9;975;974,8;1875,5;18,9;12,5;19,2;16,7;13;11,9;74;66;66;186;4,9;2;
2007-08-19;15:00;0;974,6;975,1;974,6;2224;20,7;13,1;20,7;18,8;13,5;12,4;68;62;62;178;5,8;2;
2007-08-19;16:00;0;973,9;974,6;973,9;2693,8;23,5;13,4;23,8;20,7;14;12,7;63;52;53;165;6;2,6;
2007-08-19;17:00;0;973;973,9;973;2708,8;24,7;13,5;24,7;23;13,8;12,7;54;48;50;172;7;2,5;
2007-08-19;18:00;0;972,4;973;972,4;2328,6;25;12,9;25,3;23,6;13,5;12,5;51;46;47;181;6,7;3,1;
2007-08-19;19:00;0;972,8;972,8;972,4;1663,5;22,4;11,9;25,2;22,4;13,1;11,9;52;46;52;218;8,6;3,9;
2007-08-19;20:00;0;973,2;973,2;972,8;1181,2;22,9;12,3;23,1;21,9;12,4;11,7;53;50;51;201;8,9;2,5;
2007-08-19;21:00;0;974,2;974,2;973,2;454,1;18,8;11;22,9;18,8;12,3;11;60;51;60;220;9,4;3,7;
2007-08-19;22:00;0;975;975;974,1;25,9;14,8;9,8;18,8;14,8;11;9,8;72;60;72;218;10,3;3,6;
2007-08-19;23:00;0;976,2;976,2;975;-9999;13,1;9,1;14,8;13;9,8;9,1;77;72;77;215;11,4;3,3;
2007-08-20;00:00;0;976,9;976,9;976,2;-9999;11,8;8,1;13,1;11,8;9,1;8,1;78;77;78;217;9,1;2,7;
2007-08-20;01:00;0;977,2;977,2;976,8;-9999;11,3;7,6;11,8;11,2;8,2;7,6;79;78;78;183;6,3;2,4;
2007-08-20;02:00;0;977,4;977,4;977,2;-9999;11,2;7,6;11,5;11,2;7,8;7,5;79;77;79;185;7;2,2;
2007-08-20;03:00;0;977,5;977,5;977,4;-9999;10,5;7,3;11,2;10,5;7,6;7,2;80;79;80;180;7;2;
2007-08-20;04:00;0;977,2;977,5;977,2;-9999;11;7,3;11;10,5;7,4;7,1;80;78;78;181;7,8;3,5;
2007-08-20;05:00;0;976,8;977,2;976,8;-9999;11;7,5;11,1;10,9;7,5;7,3;79;78;79;180;7,6;3,8;
2007-08-20;06:00;0;976,5;976,8;976,5;-9999;10,9;7,5;11,1;10,8;7,6;7,4;80;79;79;179;8,5;3,3;
2007-08-20;07:00;0;976,4;976,5;976,3;-9999;10,9;7,5;11;10,9;7,5;7,3;80;78;80;180;8,7;3;
2007-08-20;08:00;0;976,4;976,4;976,2;-9999;10,8;7,5;11;10,8;7,7;7,4;81;79;80;179;8,6;3,5;
2007-08-20;09:00;0;976,7;976,7;976,4;-9999;10,7;7,5;10,9;10,7;7,7;7,5;81;80;80;167;10,2;3,4;
2007-08-20;10:00;0;977,3;977,4;976,7;-9999;10,7;7,5;10,8;10,6;7,7;7,4;81;80;81;175;9;4,4;
2007-08-20;11:00;0;977,9;977,9;977,3;25,2;10,6;7,9;10,7;10,5;7,9;7,4;84;80;83;177;9,6;3,9;
2007-08-20;12:00;0;978,4;978,4;977,9;149,1;11,1;7,7;11,1;10,6;8;7,6;83;80;80;153;6,9;2,9;
2007-08-20;13:00;0;978,9;978,9;978,4;456,1;12,1;7,7;12,1;11;7,9;7,5;80;74;74;168;7,9;2,8;
2007-08-20;14:00;0;978,7;978,9;978,7;957,2;13,3;8;13,3;12;8,1;7,5;75;70;71;156;6,8;3,3;
2007-08-20;15:00;0;978,2;978,7;978,2;1601,2;14,8;8,3;14,9;13;8,9;7,6;71;65;65;179;7,3;2,2;
2007-08-20;16:00;0;977,1;978,2;977,1;2510,2;16,1;8;16,2;14,6;8,8;7,8;66;58;58;174;6,5;2,5;
2007-08-20;17:00;0;975,8;977,1;975,8;2742,1;18,3;7,4;18,5;16,2;8,6;7,4;59;49;49;200;7,1;3,1;
2007-08-20;18:00;0;974,8;975,8;974,8;2350,6;19,8;7,2;20,3;18,1;8,1;6,8;51;43;44;175;6;2,5;
2007-08-20;19:00;0;974,2;974,8;974,2;1823,7;20,9;7;21,1;19,8;7,7;6,7;44;40;41;165;6,1;2,1;
2007-08-20;20:00;0;974,3;974,3;974,1;1173,9;20,8;7;21;20,5;7,4;6,6;42;40;41;168;5,8;2;
2007-08-20;21:00;0;974,3;974,3;974,2;475,2;19,8;6,9;20,9;19,8;7,1;6,6;43;40;43;188;5,3;1,6;
2007-08-20;22:00;0;974,4;974,4;974,2;28;17,3;7,6;19,8;17,2;8,3;6,8;55;43;53;212;3,1;,3;
2007-08-20;23:00;0;974,7;974,7;974,4;-9999;15,6;7,7;17,3;15,6;7,9;7,5;59;53;59;195;1,9;,4;
2007-08-21;00:00;0;975,1;975,1;974,7;-9999;14,5;7,3;15,6;14,4;7,7;7,3;64;59;62;138;1,9;,2;
2007-08-21;01:00;0;975,5;975,5;975,1;-9999;14,2;6,6;14,5;13,8;7,6;6,6;66;60;60;174;2,4;,3;
2007-08-21;02:00;0;975,5;975,6;975,4;-9999;13,7;5,8;14,3;13,7;6,6;5,7;60;57;59;145;3,4;,9;
2007-08-21;03:00;0;975,6;975,6;975,4;-9999;12,9;5,8;13,7;12,9;5,9;5,7;62;59;62;154;3,3;1,4;
2007-08-21;04:00;0;975,4;975,6;975,4;-9999;12,1;5,7;12,9;12,1;6;5,7;66;62;65;174;2,9;1,1;
2007-08-21;05:00;0;975;975,4;975;-9999;11,5;5,7;12,1;11,4;5,9;5,6;68;65;68;175;2,9;,4;
2007-08-21;06:00;0;974,3;975;974,3;-9999;10,5;5,7;11,5;10,5;5,9;5,6;73;68;72;184;1,7;,4;
2007-08-21;07:00;0;973,9;974,3;973,9;-9999;9,8;5,6;10,6;9,8;5,8;5,6;75;72;75;193;1,9;,1;
2007-08-21;08:00;0;973,6;973,9;973,6;-9999;8,5;5,7;9,8;7,8;5,9;5,3;86;75;83;234;1,7;,8;
2007-08-21;09:00;0;974;974;973,6;-9999;7,2;5,5;8,5;7,2;5,7;5,4;89;83;89;280;2,1;,8;
2007-08-21;10:00;0;974,5;974,5;974;-9999;7,2;5,5;7,3;7;5,7;5,3;90;89;89;254;1,5;,3;
2007-08-21;11:00;0;975,1;975,1;974,5;178,3;9,5;6,3;9,5;7,2;6,5;5,5;89;81;81;264;2;1,1;
2007-08-21;12:00;0;975,2;975,3;975,1;714,4;13;7,3;13;9,5;7,8;6,4;81;69;69;154;2,1;,6;
2007-08-21;13:00;0;975,5;975,5;975,2;1502,7;15,6;7,1;15,7;12,9;7,5;6,3;69;57;57;103;3,1;1,6;
2007-08-21;14:00;0;975,2;975,5;975,2;2138,1;18,7;7,3;18,7;15;8,1;6,6;59;47;47;62;4;1,8;
2007-08-21;15:00;0;974,5;975,3;974,5;2535,6;21,4;7,9;21,4;18,3;8,4;6,9;49;42;42;42;4,7;2,3;
2007-08-21;16:00;0;973,6;974,5;973,6;2747,5;23,7;8,6;23,8;21;9,3;7,5;43;38;38;55;5,2;2,2;
2007-08-21;17:00;0;972,2;973,6;972,2;2750,5;26;8,2;26,6;23,5;9,4;7,9;39;32;32;76;5,4;2,9;
2007-08-21;18:00;0;971,1;972,2;971,1;2370,1;27,6;8,7;28;25,8;9,1;8,3;34;30;31;85;5,6;2,8;
2007-08-21;19:00;0;970,3;971,1;970,2;1903,1;28,3;8,9;28,9;27,5;9,5;8,2;31;29;30;61;6,4;2,6;
2007-08-21;20:00;0;970,1;970,3;970,1;1288,2;28,4;9,5;28,7;28;9,5;8,7;31;29;31;102;6;2,3;
2007-08-21;21:00;0;970,2;970,2;970,1;554,4;27,1;9,8;28,5;27,1;9,9;9,2;34;30;34;107;4,7;1,9;
2007-08-21;22:00;0;970,2;970,2;970,1;34,7;24,2;11;27,1;24,2;11;9,8;44;34;44;111;3,3;2;
2007-08-21;23:00;0;970,8;970,8;970,2;-9999;22,3;11,1;24,2;21,8;11,3;11;50;44;49;110;3,4;1,7;
2007-08-22;00:00;0;971,3;971,3;970,8;-9999;21,6;11;22,4;21;11,1;10,9;53;48;51;117;3,5;2,1;
2007-08-22;01:00;0;971,8;971,8;971,3;-9999;20,4;11,2;21,6;20,2;11,3;11;56;51;56;113;3,5;1,3;
2007-08-22;02:00;0;972,3;972,3;971,8;-9999;19,3;11,2;20,3;19,3;11,4;11,1;60;56;60;134;2,4;,6;
2007-08-22;03:00;0;972,6;972,6;972,3;-9999;17,6;11,2;19,4;17,6;11,5;11;66;60;66;130;1,9;,8;
2007-08-22;04:00;0;972,2;972,6;972,2;-9999;15,2;10,8;17,6;15,2;11,4;10,7;75;66;75;267;1,8;1;
2007-08-22;05:00;0;971,8;972,2;971,8;-9999;13,2;10,3;15,2;13,2;10,9;10,3;83;75;83;271;1,7;1;
2007-08-22;06:00;0;971,5;971,8;971,5;-9999;12,6;10,4;13,2;12,5;10,4;10,1;86;83;86;260;1,8;,5;
2007-08-22;07:00;0;971,4;971,6;971,4;-9999;11,8;9,8;12,7;11,8;10,4;9,7;88;84;88;260;1,9;0;
2007-08-22;08:00;0;971,2;971,5;971,2;-9999;11,3;9,4;11,8;11,3;9,9;9,4;89;88;89;261;1,6;,6;
2007-08-22;09:00;0;971,5;971,5;971,2;-9999;11,5;10;11,5;10,9;10;9,2;90;89;90;248;2;,7;
2007-08-22;10:00;0;972,2;972,2;971,5;-9999;11,5;9,8;11,7;11,1;10;9,5;91;89;89;250;2,8;,6;
2007-08-22;11:00;0;972,9;972,9;972,2;190,6;13,8;11,5;13,8;11,1;11,5;9,5;91;86;86;267;2,8;,2;
2007-08-22;12:00;0;973,4;973,4;972,9;884,8;18,1;12,2;18,1;13,8;12,8;11,4;86;68;68;98;2,9;1,9;
2007-08-22;13:00;0;973,3;973,5;973,3;1571,5;21;13,2;21;17,9;13,3;12;70;60;61;113;3,9;2,3;
2007-08-22;14:00;0;972,9;973,3;972,8;2209,7;24,7;13,3;24,7;21;13,6;12,7;61;49;49;73;6,1;3,1;
2007-08-22;15:00;0;971,9;972,9;971,9;2590,4;29,5;11,2;29,7;24,7;13,7;11,2;49;32;32;53;7,6;4,1;
2007-08-22;16:00;0;970,6;971,9;970,5;2791,1;31,8;9,2;32,2;29,4;12,1;8,8;33;24;25;47;9,5;4,3;
2007-08-22;17:00;0;969,2;970,6;969,2;2748,6;32,9;8,4;33,2;31,7;10,1;7,9;26;22;22;44;9,5;4,3;
2007-08-22;18:00;0;968,2;969,2;968,1;2253,8;32,7;7,6;33,7;32,4;8,9;6,6;23;20;21;32;12;3,9;
2007-08-22;19:00;0;967,4;968,2;967,4;1841,6;33,1;6,3;33,8;32,4;8,1;6,2;22;19;19;5;12,3;2,5;
2007-08-22;20:00;0;967,2;967,4;967,1;1205,2;32,4;7,3;33,5;32,2;7,6;5,9;21;18;21;46;8,8;3,5;
2007-08-22;21:00;0;967,3;967,4;967,2;470,3;30,4;8,2;32,4;30,4;8,2;7;25;21;25;51;6,8;2,1;
2007-08-22;22:00;0;967,6;967,6;967,3;46,7;28;8,7;30,4;28;9;8,2;30;25;30;58;4,1;2,4;
2007-08-22;23:00;0;967,9;967,9;967,6;-9999;25,2;9,2;28;25,2;9,2;8,5;36;30;36;38;3,6;1,2;
2007-08-23;00:00;0;968,2;968,2;967,8;-9999;24,3;9,2;25,2;23,6;9,9;8,8;42;36;38;50;3,9;2;
2007-08-23;01:00;0;968,5;968,5;968,2;-9999;22,1;10,2;24,4;21,9;10,3;9,1;48;38;47;65;3,5;,4;
2007-08-23;02:00;0;968,8;968,9;968,5;-9999;19,5;10,7;22,1;18,9;10,9;10,1;59;47;57;290;2,3;,1;
2007-08-23;03:00;0;968,9;968,9;968,7;-9999;18,8;11,1;19,5;18,4;11,2;10,4;62;56;61;144;1,7;,5;
2007-08-23;04:00;0;968,9;969,2;968,9;-9999;16,2;10,8;19;16,2;11,5;10,8;71;60;71;247;1,7;0;
2007-08-23;05:00;0;968,4;968,9;968,4;-9999;15,8;11,1;16,7;15,6;11,2;10,5;75;69;73;245;1,9;,1;
2007-08-23;06:00;0;967,8;968,4;967,7;-9999;14,3;10,9;15,8;14,1;11,2;10,2;80;72;80;188;1,8;,3;
2007-08-23;07:00;0;967,2;967,8;967,2;-9999;13,3;10,6;14,4;13,2;10,9;9,8;84;77;84;240;2,3;0;
2007-08-23;08:00;0;967,2;967,2;967;-9999;12,9;10;13,6;12,8;10,7;9,9;84;81;83;266;1,8;,3;
2007-08-23;09:00;0;967,8;967,8;967,1;-9999;12,7;9,5;13,1;12,2;10,4;9,5;85;81;81;221;2,5;,8;
2007-08-23;10:00;0;968,2;968,2;967,8;-9999;12,4;9,9;13,9;12,1;10,3;9,3;86;77;84;217;2,8;0;
2007-08-23;11:00;0;968,7;968,8;968,2;197,2;14,6;11,2;14,6;12;11,6;9,2;86;80;80;98;,8;0;
2007-08-23;12:00;0;969;969;968,7;895,6;20,5;11,6;20,5;14,6;13;10,9;80;55;57;100;2,1;1,3;
2007-08-23;13:00;0;968,8;969,1;968,7;1592,1;26,7;8,7;26,7;20,5;12;8,6;57;32;32;53;9,8;5,5;
2007-08-23;14:00;0;968,4;968,9;968,3;2202,2;30,4;8;30,4;26,7;9,5;7,6;33;24;25;45;11,3;5,1;
2007-08-23;15:00;0;967,6;968,4;967,4;2555,5;32,7;7,6;32,8;30,4;8,7;7,3;25;21;21;48;11;5,4;
2007-08-23;16:00;0;966,2;967,6;966,2;2774,8;33,7;7,3;33,8;32,2;8,5;6,6;22;19;20;29;11,5;4,6;
2007-08-23;17:00;0;964,9;966,3;964,9;2742,5;34,5;6,2;34,9;33,6;8,2;5,2;20;16;17;353;10,4;4,1;
2007-08-23;18:00;0;964;964,9;964;2331;34,3;6;34,9;34,1;7,4;5,6;19;17;17;345;11,8;3,6;
2007-08-23;19:00;0;963,5;964;963,5;1801;34,8;5,2;35,1;34,3;7,3;4,6;18;15;16;332;10,3;3,2;
2007-08-23;20:00;0;963,4;963,5;963,3;1204,9;34,1;6,8;34,9;34;6,9;3,7;19;15;18;343;8,7;1,9;
2007-08-23;21:00;0;963,3;963,4;963,2;481,3;31,5;8,3;34,1;31,5;8,3;5,6;24;17;24;351;6,4;,8;
2007-08-23;22:00;0;963,7;963,8;963,3;28;26,4;8,8;31,5;26,4;9;7,9;33;24;33;326;2,4;,7;
2007-08-23;23:00;0;964,2;964,2;963,7;-9999;23,1;9,4;26,4;22,9;10,2;8,6;44;33;42;317;2,6;1,1;
2007-08-24;00:00;0;964,5;964,5;964,2;-9999;21;10,9;23,2;21;10,9;9,4;52;42;52;5;2,6;,1;
2007-08-24;01:00;0;964,9;964,9;964,5;-9999;19,5;10,4;21,1;19,5;11;10,2;56;51;56;348;1,9;,2;
2007-08-24;02:00;0;965,2;965,2;964,9;-9999;19,6;9,7;20,4;19,4;10,7;9,6;57;50;53;297;1,8;,7;
2007-08-24;03:00;0;965,6;965,6;965,2;-9999;17,4;11,3;19,8;16,8;11,4;9,6;68;52;68;131;2,6;,9;
2007-08-24;04:00;0;965,6;965,7;965,6;-9999;16,2;10,7;18;16,2;11,4;10,6;70;64;70;320;2,6;0;
2007-08-24;05:00;0;965,4;965,7;965,3;-9999;15,5;10,5;16,2;15,1;11,4;10,4;77;70;72;337;1,3;,2;
2007-08-24;06:00;0;965;965,4;965;-9999;14,8;10,5;16,1;14,8;10,6;9,9;76;68;76;151;1,5;0;
2007-08-24;07:00;0;964,7;965,1;964,7;-9999;14,9;9,9;15,7;14,6;10,8;9,9;78;71;72;139;1,1;0;
2007-08-24;08:00;0;964,5;964,8;964,5;-9999;14,7;9,8;15,4;14,5;10,3;9,7;74;70;73;192;,7;,1;
2007-08-24;09:00;0;965;965;964,4;-9999;15,2;9,3;15,7;14,7;10,2;9,3;73;67;68;261;1,1;0;
2007-08-24;10:00;0;965,6;965,6;965;-9999;15,4;9,3;16,4;14,6;9,9;9,1;72;62;67;55;2,7;0;
2007-08-24;11:00;0;966,3;966,3;965,5;187,8;17,2;11,1;17,2;14,1;11,1;9,3;75;66;67;197;,9;,1;
2007-08-24;12:00;0;966,9;966,9;966,3;853,4;24,2;9,5;24,2;17,2;12,3;9,2;67;39;39;14;2,9;,8;
2007-08-24;13:00;0;966,9;967;966,9;1553,7;28,1;9;28,1;24,2;9,6;8;39;30;30;44;4,5;2,2;
2007-08-24;14:00;0;966,7;967;966,7;2212;32,4;7,3;32,4;28,1;9,3;6,1;30;20;21;11;7,8;3,4;
2007-08-24;15:00;0;966,3;966,7;966,2;2623,2;33,7;5,9;34,4;32,4;7,7;5,2;21;17;18;345;10,2;4,3;
2007-08-24;16:00;0;965,4;966,3;965,4;2821,4;34,4;6,6;34,7;33,6;7;4,6;19;16;18;345;11,1;4,5;
2007-08-24;17:00;0;964,4;965,4;964,3;2799,9;34,5;6,2;34,9;33,9;7,3;5,5;19;17;17;342;11,7;4,4;
2007-08-24;18:00;0;963;964,4;963;2388;34,7;6,6;35,2;34,4;7;5,3;18;16;18;340;12;3,8;
2007-08-24;19:00;0;962,2;963;962,2;1841,3;34,4;4,3;35,4;34,4;7,1;4,1;18;15;15;334;10,3;4,5;
2007-08-24;20:00;0;962,3;962,4;962,2;1209,4;34,1;5,4;34,9;34,1;5,8;4,2;17;15;17;324;11,7;3,7;
2007-08-24;21:00;0;962,5;962,5;962,3;494,7;31,8;6,6;34,1;31,8;6,7;5,3;21;17;21;323;9;2,2;
2007-08-24;22:00;0;962,9;962,9;962,5;27;26,1;7,6;31,8;26,1;8,2;6,5;31;21;31;317;5,8;1,2;
2007-08-24;23:00;0;963,5;963,5;962,9;-9999;22,5;10,4;26,1;22,3;10,4;7,6;47;31;46;345;2,5;1;
2007-08-25;00:00;0;964,2;964,2;963,5;-9999;20,8;10,2;22,9;20,6;10,5;9,2;51;43;51;327;2,9;,8;
2007-08-25;01:00;0;964,4;964,5;964,2;-9999;21;9,4;22;20,8;10,3;9,2;51;45;48;349;3,1;1,6;
2007-08-25;02:00;0;964,4;964,4;964,2;-9999;20,3;9,6;22,1;20,3;10;8,8;51;43;50;348;3,2;1;
2007-08-25;03:00;0;964,4;964,6;964,4;-9999;19;9,2;20,3;19;10,1;9,1;55;50;53;288;2,8;1,3;
2007-08-25;04:00;0;964,1;964,4;964,1;-9999;18,6;9,7;19,6;18,6;9,7;8,9;56;50;56;309;1,8;0;
2007-08-25;05:00;0;963,6;964,1;963,6;-9999;18,6;9,7;18,9;18,4;10;9,4;58;54;56;318;1,6;,3;
2007-08-25;06:00;0;963,5;963,7;963,5;-9999;20;9,5;20,5;18,5;9,9;9,4;57;50;51;277;3,1;1,6;
2007-08-25;07:00;0;963,1;963,5;963,1;-9999;20,5;10;20,6;19,5;10,1;9,5;53;49;51;341;3,1;1,1;
2007-08-25;08:00;0;962,9;963,1;962,7;-9999;20,2;10,3;21,8;19,6;10,5;9,6;56;46;53;342;3,5;1;
2007-08-25;09:00;0;963,1;963,1;962,9;-9999;20,7;10,4;20,9;20;10,5;10,1;53;50;52;332;3,1;,5;
2007-08-25;10:00;0;963,7;963,7;963,1;-9999;20,9;10,7;21,8;20,7;10,7;10;52;47;52;342;3;,2;
2007-08-25;11:00;0;964,3;964,3;963,7;44,2;20,6;12,3;20,8;20;12,3;10,6;60;52;59;199;1,7;,1;
2007-08-25;12:00;0;965,2;965,3;964,3;270,9;23,6;10,9;23,6;20,3;14;10,8;67;45;45;257;6,2;2,2;
2007-08-25;13:00;0;965,5;965,5;965,1;579;26;10,6;26;23,6;12,8;10,3;49;38;38;323;4;1,2;
2007-08-25;14:00;0;965,3;965,6;965,3;1195,6;29;10;29;26;11,5;9,3;39;30;31;340;6,1;2,5;
2007-08-25;15:00;0;964,5;965,3;964,4;2069,7;31,2;9,8;31,3;29,1;10,4;9,1;31;26;27;341;9,4;4,1;
2007-08-25;16:00;0;963,5;964,5;963,5;2449,8;32,5;10,5;32,7;31,2;10,9;9,9;27;25;26;332;11;4,3;
2007-08-25;17:00;0;962,5;963,6;962,5;2390,7;33,7;9,6;33,9;32,3;11;9,1;26;22;23;316;12,4;4,8;
2007-08-25;18:00;0;961,5;962,6;961,5;2127,6;33,6;8,5;34;33,2;10;8,2;24;21;21;327;12,7;4,6;
2007-08-25;19:00;0;961,1;961,6;961;1682,8;33,3;8,5;33,8;33,2;9,2;8;23;21;22;325;10,4;4,1;
2007-08-25;20:00;0;961,1;961,1;961;1047,1;32,3;8,9;33,3;32,3;9,3;8,3;24;22;24;337;10,1;2,5;
2007-08-25;21:00;0;961,3;961,3;961,1;414,6;30,6;9,4;32,3;30,6;9,5;8,8;27;23;27;338;7,4;1,5;
2007-08-25;22:00;0;961,8;961,8;961,3;25,8;25,5;9,8;30,6;25,5;9,8;9,1;37;27;37;319;3,6;,5;
2007-08-25;23:00;0;962,3;962,3;961,8;-9999;22,2;11;25,5;22,1;11;9,9;49;37;49;311;1,7;,9;
2007-08-26;00:00;0;963;963;962,3;-9999;22,1;11,6;22,2;20,4;12,3;10,8;59;49;51;347;2,9;1,1;
2007-08-26;01:00;0;963,4;963,4;963;-9999;20,2;11,8;23,3;20,2;11,8;11;58;46;58;327;3;,1;
2007-08-26;02:00;0;963,7;963,7;963,4;-9999;20,5;11,8;20,8;19,3;12,1;11,3;62;56;58;323;2,7;1;
2007-08-26;03:00;0;963,7;963,8;963,6;-9999;20,3;11,5;21,7;20,3;11,8;11,1;58;51;57;346;3,2;,8;
2007-08-26;04:00;0;963,6;963,8;963,6;-9999;21,9;11;22,5;19,7;11,7;10,9;59;48;50;345;4,4;1,9;
2007-08-26;05:00;0;963,1;963,6;963,1;-9999;20,5;11,6;22,3;19,2;11,8;10,9;61;49;57;352;4,4;2,1;
2007-08-26;06:00;0;962,7;963,1;962,6;-9999;19,8;11,8;20,6;19,1;12,1;11,4;64;56;60;308;3,2;,4;
2007-08-26;07:00;0;962,9;963,2;962,6;-9999;21,7;12,2;22,5;19,8;12,2;11,8;60;52;55;275;6,8;1,6;
2007-08-26;08:00;0;963,4;963,4;962,9;-9999;21,6;12,5;22;21,3;12,5;12,2;57;55;56;254;3,8;2,7;
2007-08-26;09:00;0;964;964;963,4;-9999;20,8;13,1;21,6;20,3;13,1;12,5;64;56;61;166;3,8;,9;
2007-08-26;10:00;0;965,1;965,1;964;-9999;19,5;14,1;21,2;19,5;14,3;13;71;60;71;188;4,4;1,7;
2007-08-26;11:00;0;966,7;966,7;965,1;14,6;18,8;13,5;19,5;18,8;14,1;13,5;72;71;71;188;5,4;1,2;
2007-08-26;12:00;0;968;968;966,7;162,2;18,5;12,7;18,8;18,4;13,5;12,7;71;69;69;218;6,5;2,2;
2007-08-26;13:00;0;968,4;968,4;968;493,4;19,8;13,1;19,8;18,4;13,1;12,6;70;65;65;211;6,5;1,9;
2007-08-26;14:00;0;968,5;968,7;968,3;1516,3;21,9;13;22,4;19,8;13,6;12,6;65;56;57;153;4,6;1,7;
2007-08-26;15:00;0;968,5;968,7;968,4;1820,8;23,5;12,8;23,7;21,8;13,8;12,6;59;51;51;197;4,8;2;
2007-08-26;16:00;0;968,2;968,5;968,1;1899,1;24,8;13,1;25,1;23,2;13,6;12,8;53;47;48;175;5,4;1,6;
2007-08-26;17:00;0;967,9;968,2;967,9;1151,9;24,7;13,7;25,3;24,3;13,7;12,8;51;46;50;174;4,6;1,9;
2007-08-26;18:00;0;967,7;967,9;967,5;427,4;23,3;13;24,9;23,3;13,9;13;53;49;52;228;8;2,4;
2007-08-26;19:00;0;967,9;968,2;967,7;807,1;20,2;12,6;23,3;20,2;13,1;12,5;62;52;62;225;10;4,7;
2007-08-26;20:00;0;968,6;968,6;967,8;885,2;18,7;12,2;20,6;18,7;13;12,1;66;61;66;204;8,6;2,9;
2007-08-26;21:00;0;969,7;969,7;968,6;340,3;16,3;11,7;18,7;16,3;12,3;11,7;74;66;74;196;9,2;2,7;
2007-08-26;22:00;0;971;971;969,7;17,5;15,3;11,7;16,3;15,3;11,9;11,6;79;74;79;209;7,6;2,1;
2007-08-26;23:00;0;970,9;971,2;970,9;-9999;14,8;11,5;15,4;14,7;11,7;11,4;81;78;81;177;7,9;3,1;
2007-08-27;00:00;0;971,6;971,6;970,9;-9999;14,5;11;14,9;14,5;11,5;11;81;79;79;175;7,5;2,7;
2007-08-27;01:00;0;972,3;972,6;971,6;-9999;14,2;10,8;14,6;14,2;11,2;10,8;80;79;80;178;6,3;2,6;
2007-08-27;02:00;0;972,1;972,5;971,7;-9999;14;10,9;14,3;14;11,1;10,8;81;80;81;184;8,5;2,3;
2007-08-27;03:00;0;972,9;972,9;972,1;-9999;13,9;10,8;14,1;13,8;11;10,6;82;81;81;191;8;2,4;
2007-08-27;04:00;0;972,7;973;972,7;-9999;13,3;10,3;13,9;13,3;10,7;10,2;83;80;82;184;6,9;2,8;
2007-08-27;05:00;0;973;973,2;972,5;-9999;13,1;9,7;13,4;13,1;10,3;9,6;82;79;80;197;8,1;2,3;
2007-08-27;06:00;0;972,5;973;972,5;-9999;12,4;9,7;13,1;12,3;10,1;9,4;86;79;84;186;7,5;2,6;
2007-08-27;07:00;0;972;972,5;972;-9999;12,3;9;12,5;12,3;9,7;9;84;80;80;184;8,2;3;
2007-08-27;08:00;0;972,5;972,6;972;-9999;12,1;8,5;12,4;12,1;9,1;8,5;80;78;78;181;8,1;2,4;
2007-08-27;09:00;0;973,3;973,4;972,5;-9999;11,9;8,5;12,1;11,6;8,5;8,3;80;78;80;205;7,4;1,1;
2007-08-27;10:00;0;974,1;974,1;973,3;-9999;12;8,1;12,1;11,9;8,5;8;80;76;77;178;8,1;2,6;
2007-08-27;11:00;0;975,2;975,2;973,8;76,6;12,1;7,7;12,3;12;8,1;7,7;77;74;74;184;7,8;3,5;
2007-08-27;12:00;0;976,3;976,3;975,1;153,6;12,1;7,7;12,2;11,9;7,9;7,5;75;74;74;195;8;2,6;
2007-08-27;13:00;0;977,2;977,2;976,3;250,1;11,9;7,5;12,2;11,8;7,7;7,2;74;73;74;181;7,7;3;
2007-08-27;14:00;0;977,6;977,6;977,2;367,6;12,8;6,6;12,8;11,8;7,5;6,5;74;66;66;177;7,6;3,2;
2007-08-27;15:00;0;976,6;977,6;976,6;1121,6;13,8;6,3;14,1;12,7;7,1;6,2;66;60;61;178;8,4;4;
2007-08-27;16:00;0;975,9;976,7;975,8;1549,8;14,1;4,4;15,7;13,8;6,9;4,4;62;51;52;178;9,3;3,8;
2007-08-27;17:00;0;975,6;976,1;975,6;627;13;5,3;14,4;13;5,9;3,9;60;51;59;180;7,5;2,4;
2007-08-27;18:00;0;974,9;975,7;974,9;217,5;11,4;6,9;13;11,3;7;4,8;74;58;74;186;7;3;
2007-08-27;19:00;0;974,7;974,9;974,4;321,4;9,1;5,8;11,4;9,1;7,7;4,7;80;71;80;180;8,6;3,1;
2007-08-27;20:00;,2;974,5;974,9;974,5;172;9,2;7,2;9,3;8,8;7,2;5,6;88;79;87;178;6,4;1,7;
2007-08-27;21:00;,2;975,1;975,1;974,2;48,3;8,9;7,1;9,3;8,6;7,2;6,3;89;83;89;179;5,6;2,6;
2007-08-27;22:00;,8;975;975,2;974,9;3,9;8,7;6,8;9;8,6;7,2;6,6;90;86;87;148;6,3;1,6;
2007-08-27;23:00;,2;975,1;975,4;974,8;-9999;8,8;7,2;8,9;8,8;7,2;6,5;89;85;89;142;4,6;2;
2007-08-28;00:00;3;975,7;976;975,1;-9999;8,4;7,3;8,8;8,4;7,6;7;94;89;93;106;5,1;1,8;
2007-08-28;01:00;1,2;975,7;976;975;-9999;8;7,1;8,4;8;7,2;6,5;94;89;94;104;6,2;2;
2007-08-28;02:00;,2;974,8;976;974,4;-9999;8;6,9;8,2;7,9;7,5;6,7;95;92;93;112;6,6;2,7;
2007-08-28;03:00;0;975,5;975,5;974,8;-9999;8,5;7,6;8,5;8;7,6;6,9;94;93;94;234;4,6;,3;
2007-08-28;04:00;0;974,6;975,5;974,6;-9999;8,6;7,6;8,7;8,5;7,7;7,4;94;92;93;173;1,8;,3;
2007-08-28;05:00;0;974,6;974,8;974,1;-9999;8,8;7,6;8,8;8,6;7,9;7,5;94;91;92;251;3,1;1,5;
2007-08-28;06:00;0;973,6;974,6;973,6;-9999;9;7,4;9,1;8,8;7,6;7,2;92;88;89;181;2,6;1,2;
2007-08-28;07:00;0;973;973,6;972,9;-9999;9,4;8,1;9,4;9;8,1;7,3;91;89;91;178;4,5;2,1;
2007-08-28;08:00;0;973,2;973,2;972,8;-9999;9,4;7;9,5;9,4;8,2;7;92;85;85;187;6,3;1,9;
2007-08-28;09:00;0;973,9;974;973,1;-9999;9,3;6,5;9,4;9,2;6,9;6,2;85;81;83;184;4,5;1,6;
2007-08-28;10:00;0;974,4;974,6;973,9;,8;9,2;7,2;9,3;9,2;7,3;6,3;88;81;87;176;4,6;1,9;
2007-08-28;11:00;0;973,9;974,9;973,9;12;9,3;7,2;9,4;9,2;7,3;6,9;88;84;87;114;4,7;2,1;
2007-08-28;12:00;0;976,1;976,1;973,9;44,7;9,6;7,3;9,7;9,3;7,5;6,9;88;83;85;219;4,5;1,8;
2007-08-28;13:00;0;976,3;976,7;975,9;98;9,4;7;9,7;9,3;7,5;6,8;87;83;85;156;4,3;1,6;
2007-08-28;14:00;0;976,1;976,4;975,7;248,3;9,9;7;9,9;9,3;7,4;6,6;86;82;82;127;5,1;1,9;
2007-08-28;15:00;0;975,9;976,4;975,8;246,1;10,3;7,2;10,4;9,8;7,4;6,6;84;78;81;137;4,4;1,1;
2007-08-28;16:00;0;975,3;975,9;975,2;256,1;10,9;6,9;10,9;10,3;7,4;6,5;82;75;77;126;3,1;,8;
2007-08-28;17:00;0;974,3;975,3;974,3;215,6;10,8;7;11;10,7;7,6;6,4;80;74;77;113;3,7;2;
2007-08-28;18:00;0;972,8;974,3;972,8;218,2;11,2;7,8;11,2;10,8;7,8;6,9;81;77;80;104;4,2;1,9;
2007-08-28;19:00;,6;973,1;973,4;972,4;198,2;10,6;8,7;11,3;10,6;8,8;7,2;88;77;88;177;3,2;1,4;
2007-08-28;20:00;,2;973,3;973,9;973,1;196,4;10,8;9,1;10,9;10,5;9,4;8,6;91;87;90;158;4,4;1,1;
2007-08-28;21:00;0;973,9;974;973,3;66;10,5;8,8;10,8;10,5;9,2;8,7;90;88;90;175;3,4;1,8;
2007-08-28;22:00;,4;974,2;974,4;973,9;2,3;10,2;9;10,5;10,2;9,2;8,8;93;89;92;177;5,5;2,5;
2007-08-28;23:00;0;974,3;974,3;973,8;-9999;10,1;9;10,2;10,1;9,2;8,9;94;92;93;173;6,1;1,8;
2007-08-29;00:00;0;975,3;975,3;974,1;-9999;10,2;9,2;10,2;10;9,2;8,9;94;93;93;175;5,3;1,9;
2007-08-29;01:00;0;976,3;976,4;975,3;-9999;10,4;9,4;10,5;10,1;9,5;9,1;94;93;93;175;3,6;1,8;
2007-08-29;02:00;0;976,3;976,3;975,9;-9999;10,5;9,5;10,5;10,4;9,6;9,4;94;93;94;141;3,9;1,9;
2007-08-29;03:00;,6;976,7;977,3;975,9;-9999;10,6;9,9;10,6;10,5;10;9,6;96;94;96;171;4,4;1,5;
2007-08-29;04:00;,8;976,6;976,9;976,4;-9999;10,5;9,8;10,7;10,5;10;9,8;96;95;95;144;4;,8;
2007-08-29;05:00;,6;976,8;976,8;975,9;-9999;10,5;9,9;10,7;10,4;10,1;9,8;96;95;96;246;4,4;1,5;
2007-08-29;06:00;1,2;975,2;976,8;975;-9999;10,7;10,1;10,7;10,5;10,2;9,9;96;96;96;161;2,7;1;
2007-08-29;07:00;,4;974,6;975,4;974,5;-9999;10,9;10,3;10,9;10,6;10,4;10,1;97;96;96;167;3,4;,8;
2007-08-29;08:00;,6;975;975,1;974,3;-9999;11,1;10,6;11,2;10,8;10,6;10,3;97;96;96;185;2,5;,2;
2007-08-29;09:00;0;975;975;974,5;-9999;11,3;10,8;11,3;11,1;10,8;10,6;97;96;96;131;2,7;,5;
2007-08-29;10:00;0;975,7;975,7;975;,4;11,6;11;11,6;11,3;11,1;10,7;97;96;96;185;2,1;1,1;
2007-08-29;11:00;0;976,3;976,3;975,7;41,4;11,9;11,2;11,9;11,5;11,3;11;96;96;96;194;2,8;,6;
2007-08-29;12:00;0;976,7;976,7;976,3;263,4;12,8;11,6;12,8;11,8;11,7;11,1;96;92;92;167;2,8;,9;
2007-08-29;13:00;0;977,1;977,1;976,7;941,6;14,4;12,4;14,5;12,7;12,6;11,4;93;86;87;128;4,2;1,7;
2007-08-29;14:00;0;977,1;977,5;976,9;941,9;15,3;13,2;15,4;14,4;13,3;12,1;89;84;87;125;4,5;2,6;
2007-08-29;15:00;0;976,7;977,2;976,5;1446,3;16,6;13,8;16,7;15,4;14,2;12,8;87;81;84;118;5,1;2,5;
2007-08-29;16:00;0;975,9;976,8;975,9;1390,8;17,7;14,1;17,9;16,5;14,7;13,4;85;78;80;145;5,2;2,3;
2007-08-29;17:00;0;975;975,9;975;1573,2;18,7;14,8;18,8;17,5;15,2;13,6;82;75;78;162;5,2;2,1;
2007-08-29;18:00;0;974,2;975,2;974,2;1183,3;19,4;14,6;19,5;18,2;15,1;14;79;73;74;147;5,3;1,8;
2007-08-29;19:00;0;974;974,2;974;794,6;19,3;15;19,9;19,2;15,4;14,4;77;72;76;176;4,7;1,8;
2007-08-29;20:00;0;974,1;974,2;973,8;261,8;19,1;15,2;19,3;19;15,4;14,6;79;75;78;158;4,1;,7;
2007-08-29;21:00;,4;974,8;974,8;973,7;98,7;17,9;15,7;19,1;17,9;15,8;14,8;87;77;87;246;3,7;,9;
2007-08-29;22:00;0;974,8;975,3;974,7;2,6;17,4;15,8;17,9;17,3;15,9;15,6;91;87;91;177;2,3;,5;
2007-08-29;23:00;0;975,2;975,2;974,6;-9999;17;15,5;17,4;17;15,8;15,5;92;90;91;201;3,1;1,1;
2007-08-30;00:00;0;976,1;976,2;975,2;-9999;17;15,3;17,1;16,8;15,6;15,3;92;89;90;176;3,6;1,3;
2007-08-30;01:00;0;975,8;976;975,3;-9999;17;15,2;17;16,8;15,4;15,2;91;89;89;148;5,4;1,9;
2007-08-30;02:00;0;976,4;976,4;975,8;-9999;16,9;15,2;17;16,8;15,3;15,2;90;89;90;174;3,8;1,3;
2007-08-30;03:00;0;976,6;976,6;976,4;-9999;16,6;15,1;16,9;16,6;15,2;15,1;91;90;91;183;3,2;1,4;
2007-08-30;04:00;0;976,1;976,6;976,1;-9999;16,1;15;16,6;16;15,1;14,8;93;91;93;220;2,8;,5;
2007-08-30;05:00;-9999;-9999;-9999;-9999;-9999;-9999;-9999;-9999;-9999;-9999;-9999;-9999;-9999;-9999;-9999;-9999;-9999;
2007-08-30;06:00;-9999;-9999;-9999;-9999;-9999;-9999;-9999;-9999;-9999;-9999;-9999;-9999;-9999;-9999;-9999;-9999;-9999;
2007-08-30;07:00;-9999;-9999;-9999;-9999;-9999;-9999;-9999;-9999;-9999;-9999;-9999;-9999;-9999;-9999;-9999;-9999;-9999;
2007-08-30;08:00;-9999;-9999;-9999;-9999;-9999;-9999;-9999;-9999;-9999;-9999;-9999;-9999;-9999;-9999;-9999;-9999;-9999;
2007-08-30;09:00;-9999;-9999;-9999;-9999;-9999;-9999;-9999;-9999;-9999;-9999;-9999;-9999;-9999;-9999;-9999;-9999;-9999;
2007-08-30;10:00;-9999;-9999;-9999;-9999;-9999;-9999;-9999;-9999;-9999;-9999;-9999;-9999;-9999;-9999;-9999;-9999;-9999;
2007-08-30;11:00;0;976,2;976,3;975,3;183,3;16,2;14,1;16,2;15,2;14,1;13,7;91;87;87;166;2,8;1,2;
2007-08-30;12:00;0;976,8;976,8;976,2;633,8;17,5;15;17,5;16,2;15;14;87;85;85;141;6,3;2,7;
2007-08-30;13:00;0;977,1;977,1;976,8;801,3;18,3;15,5;18,4;17,5;15,9;14,9;87;84;84;110;6,2;3,6;
2007-08-30;14:00;0;976,8;977,2;976,8;1907,5;20,3;15,8;20,3;18,2;16,6;15,3;85;76;76;123;6,5;2,3;
2007-08-30;15:00;0;976,5;977;976,5;1765,2;21,3;16,2;21,3;19,9;16,3;15,1;79;70;73;160;6;2;
2007-08-30;16:00;0;975,4;976,5;975,4;2760,9;22,5;15,8;23,1;20,9;17,1;15,3;74;66;66;92;5,9;2,8;
2007-08-30;17:00;0;974,4;975,4;974,4;2775,1;23,4;15,7;24,1;22,3;17;15,6;69;61;62;113;5,6;2,6;
2007-08-30;18:00;0;973,2;974,4;973,2;2358,9;24,8;16,6;24,8;23,4;16,6;15,5;63;58;60;75;5,1;2,1;
2007-08-30;19:00;0;972,7;973,2;972,7;1813,9;25,7;15,9;25,9;24,8;16,8;15,5;60;55;55;131;4,8;1,7;
2007-08-30;20:00;0;972,7;972,8;972,7;1151,1;25,4;16,4;25,8;25,2;16,5;15,7;58;54;57;119;4,5;1,8;
2007-08-30;21:00;0;972,9;972,9;972,7;462,8;24,8;16,2;25,5;24,8;16,6;15,9;60;56;59;115;3,1;1,3;
2007-08-30;22:00;0;973,3;973,3;972,9;36,1;22,6;16,9;24,8;22,6;17;16,1;70;58;70;191;3;,2;
2007-08-30;23:00;0;973,9;973,9;973,3;-9999;20,9;16,7;22,6;20,9;17,1;16,6;78;70;77;196;1,5;,1;
2007-08-31;00:00;0;974,1;974,1;973,9;-9999;20,1;16,5;20,9;20,1;16,8;16,5;80;77;80;161;1,8;,5;
2007-08-31;01:00;0;974,5;974,5;974,1;-9999;18,2;16,4;20,2;18,2;16,6;16,1;89;79;89;98;1,6;,1;
2007-08-31;02:00;0;974,5;974,5;974,4;-9999;19,7;15,8;20;18,2;16,6;15,8;89;78;78;126;3,2;,9;
2007-08-31;03:00;0;974,6;974,7;974,4;-9999;18,8;15,4;19,8;18,8;15,8;15,4;81;77;81;96;3,3;,7;
2007-08-31;04:00;0;974,5;974,6;974,5;-9999;17,6;15,4;18,8;17,6;15,8;15,3;88;81;87;164;1,7;,4;
2007-08-31;05:00;0;973,9;974,5;973,9;-9999;16,4;14,4;17,6;16,3;15,6;14,4;91;87;88;249;1,6;,6;
2007-08-31;06:00;0;973,5;973,9;973,5;-9999;15,5;14,5;16,3;15,2;14,8;13,8;94;88;94;192;1,4;0;
2007-08-31;07:00;0;973,4;973,5;973,3;-9999;16,3;14,5;16,8;15,5;15,1;14,4;94;88;89;234;2,1;,7;
2007-08-31;08:00;0;973,4;973,4;973,3;-9999;16,2;14,9;16,3;15,6;15;14,2;93;89;92;215;2,5;,7;
2007-08-31;09:00;0;973,7;973,7;973,4;-9999;16,6;15;16,9;16,2;15,3;14,9;92;89;90;195;3,2;1,5;
2007-08-31;10:00;0;974,3;974,3;973,7;-9999;16,2;15,1;16,6;15,9;15,2;14,7;94;90;93;192;3,2;,7;
2007-08-31;11:00;0;974,6;974,6;974,3;204,9;17,5;15,4;17,5;16,2;15,4;15;93;87;87;185;3,3;1;
2007-08-31;12:00;0;975;975;974,6;833;19,4;16,4;19,4;17,5;16,4;15,4;88;81;83;155;5,5;1,8;
2007-08-31;13:00;0;975,2;975,3;975;1519,6;21,2;16,7;21,3;19,3;17,1;15,9;84;75;76;149;4,4;2,1;
2007-08-31;14:00;0;975;975,3;975;2200,5;23,3;16,4;23,6;21,2;17,4;16,2;77;65;65;101;4,8;2,6;
2007-08-31;15:00;0;974,3;975,1;974,3;2673,5;25,8;17;25,8;23,3;17,4;16,3;67;58;58;107;4,5;1,8;
2007-08-31;16:00;0;973,4;974,3;973,4;2878,6;28,1;15,9;28,2;25,7;17,2;15,6;59;47;47;5;4,6;1,1;
2007-08-31;17:00;0;972,3;973,4;972,3;2790,2;28,6;15,5;29;27,5;16,8;15,2;50;44;45;15;4;1,8;
2007-08-31;18:00;0;971,1;972,3;971,1;2406,3;30,4;15;30,4;28,6;16,5;14,6;46;39;39;66;3,9;,9;
2007-08-31;19:00;0;970,3;971,1;970,3;1882,2;30,9;14,1;31,6;30,1;15,5;13,4;41;33;36;44;3,7;1,8;
2007-08-31;20:00;0;970,2;970,3;970,2;1179,7;31;13,9;31,6;30,9;14,7;13,1;37;33;35;107;3,3;1,2;
2007-08-31;21:00;0;970,6;970,6;970,2;479,2;29,9;14,1;31,3;29,9;14,9;12,7;40;33;38;6;3,9;,3;
2007-08-31;22:00;0;971,1;971,1;970,6;35,8;26,3;14,8;29,8;26,3;16,3;13,3;52;37;49;289;1,7;,7;
2007-08-31;23:00;0;971,7;971,7;971,1;-9999;22,8;15,8;26,3;22,7;16,1;14,2;65;47;64;29;2,7;,1;
2007-09-01;00:00;0;972,4;972,4;971,7;-9999;23,1;15,7;23,1;22,5;15,7;14,9;65;61;63;252;3,8;2,4;
2007-09-01;01:00;0;972,9;972,9;972,4;-9999;22,8;17,1;24,2;22,8;17,2;15,8;70;61;70;230;3,8;1;
2007-09-01;02:00;0;973,2;973,2;972,9;-9999;22,3;17,3;22,8;21,8;17,4;17;75;70;73;205;3,4;,7;
2007-09-01;03:00;0;973,4;973,5;973,2;-9999;21,6;16,9;22,3;21,6;17,3;16,8;75;72;74;196;4,2;1,7;
2007-09-01;04:00;0;973,3;973,6;973,3;-9999;20,3;16,8;21,6;20,3;16,9;16,8;80;74;80;219;3,9;1;
2007-09-01;05:00;0;972,9;973,3;972,9;-9999;20,1;16,8;20,4;20,1;16,9;16,8;81;80;81;234;2,9;,6;
2007-09-01;06:00;0;972,3;972,9;972,3;-9999;19,8;16,6;20,3;19,5;16,8;16,4;84;80;82;212;5;1;
2007-09-01;07:00;0;972,1;972,3;972,1;-9999;19;16,4;19,9;19;16,7;16,4;85;82;85;209;5;1;
2007-09-01;08:00;0;971,8;972,1;971,8;-9999;16,7;15,3;19;16,7;16,5;15,3;92;85;92;247;2,5;,2;
2007-09-01;09:00;0;972,1;972,1;971,8;-9999;15,1;14,2;16,7;15;15,3;14,1;95;91;95;274;1,7;0;
2007-09-01;10:00;0;972,7;972,7;972,1;-9999;14,8;14,2;15,3;14,5;14,6;13,6;96;93;96;260;1,3;,5;
2007-09-01;11:00;0;973,4;973,4;972,7;254,2;16,9;15,9;16,9;14,9;15,9;14,1;96;94;94;287;1,3;,1;
2007-09-01;12:00;0;973,6;973,7;973,4;946,9;20,8;17,1;20,9;16,9;17,3;15,9;94;79;80;141;2,1;,6;
2007-09-01;13:00;0;973,9;974;973,6;1696,4;23,4;16,6;23,4;20,7;17,3;16,5;80;65;66;85;3,3;1,6;
2007-09-01;14:00;0;973,7;974;973,7;2398;26,7;15,9;26,8;23,4;16,9;15;67;49;52;38;4,6;2,2;
2007-09-01;15:00;0;972,9;973,7;972,9;2865,5;30,8;12,6;30,9;26,5;16;12,5;52;33;33;38;6;2,6;
2007-09-01;16:00;0;971,8;972,9;971,8;3065,7;32,9;8,6;33,3;30,6;12,9;8,4;34;22;22;29;6,6;3,2;
2007-09-01;17:00;0;970,7;971,8;970,7;2999,7;34;8;34,4;32,9;10,4;7,3;24;19;20;55;6,8;2,5;
2007-09-01;18:00;0;969,7;970,7;969,7;2615,2;34,5;5,4;34,9;33,9;8,9;5,2;21;16;16;351;5,2;2,1;
2007-09-01;19:00;0;969,1;969,7;969,1;2078,2;34,5;5,9;35;34,1;7,8;4,1;19;15;17;356;5,9;1,1;
2007-09-01;20:00;0;969,1;969,2;969;1373,7;33,7;4,7;35;33,7;7,2;4,7;19;16;16;53;5,1;3;
2007-09-01;21:00;0;969,4;969,4;969,1;581,5;31,9;8,5;34;31,9;9,1;5;24;16;23;31;4,5;,4;
2007-09-01;22:00;0;969,9;969,9;969,4;41,6;26,6;9,3;31,9;26,5;10,3;8;35;23;34;291;1,5;,7;
2007-09-01;23:00;0;970,5;970,5;969,9;-9999;23,2;11,6;26,6;23,1;11,9;9,4;48;34;48;210;1,4;,1;
2007-09-02;00:00;0;971,1;971,1;970,5;-9999;21;11,1;23,2;20,2;12,3;10,9;60;48;53;249;3;1;
2007-09-02;01:00;0;971,7;971,7;971,1;-9999;21,5;10,7;23,8;21;11,6;9,8;54;41;50;256;3,9;1,8;
2007-09-02;02:00;0;972;972;971,7;-9999;22,1;13,6;22,9;21,5;13,7;10,6;60;46;59;273;4;1,4;
2007-09-02;03:00;0;972,2;972,2;972;-9999;23,6;14,9;23,7;20,5;15;13,2;66;58;58;200;3,6;1,6;
2007-09-02;04:00;0;972,1;972,3;972,1;-9999;22,5;15,8;23,8;22,5;15,8;14,9;66;58;66;236;3,5;,7;
2007-09-02;05:00;0;971,7;972,1;971,7;-9999;21,7;16,2;22,5;21,7;16,3;15,8;71;66;71;186;3,9;1,6;
2007-09-02;06:00;0;971,4;971,7;971,4;-9999;20;15,9;21,9;20;16,4;15,7;78;71;78;123;3,8;0;
2007-09-02;07:00;0;971,2;971,4;971,2;-9999;17,6;14,7;20,1;17,6;16,3;14,7;83;77;83;261;2,1;,6;
2007-09-02;08:00;0;971,1;971,2;971,1;-9999;15,5;14,1;17,6;15,5;14,8;13,9;91;83;91;280;2,5;,5;
2007-09-02;09:00;0;971,4;971,4;971,1;-9999;14,8;13,9;15,6;14,5;14,2;13,2;95;90;94;334;1,5;,2;
2007-09-02;10:00;0;972,2;972,2;971,4;1,5;13,7;12,8;14,8;13,7;14;12,6;96;93;94;262;2,4;0;
2007-09-02;11:00;0;972,9;972,9;972,2;342,5;16,8;14,7;16,8;13,7;14,8;12,8;96;88;88;122;1,2;0;
2007-09-02;12:00;0;973,3;973,3;972,9;1117;22,3;16,1;22,3;16,8;17;14,7;88;68;68;158;1,8;,8;
2007-09-02;13:00;0;973,5;973,6;973,3;1861;25,6;12,2;25,8;22,3;16,6;12;69;43;43;112;2,7;1,4;
2007-09-02;14:00;0;973,4;973,6;973,4;2553;29,3;9,6;29,5;25,4;13,5;9,1;46;29;29;43;5,4;3,1;
2007-09-02;15:00;0;972,5;973,4;972,5;2996,9;32,7;7;32,9;29,2;11,9;6,3;32;19;20;22;6;2;
2007-09-02;16:00;0;971,5;972,5;971,4;3197,4;34,6;2,7;34,6;32,7;7,4;2,4;21;13;14;48;9,4;3,2;
2007-09-02;17:00;0;970,4;971,5;970,4;3107,9;34,8;2,3;35,2;34;3,3;1,3;14;12;13;28;6,6;3,1;
2007-09-02;18:00;0;969,4;970,4;969,4;2697,2;35,2;2,7;35,3;34,1;3,3;,9;14;12;13;21;7,2;1,5;
2007-09-02;19:00;0;968,6;969,4;968,6;2132,4;35,2;2,7;35,5;34,5;3,7;1,4;14;12;13;30;6,3;1;
2007-09-02;20:00;0;968,5;968,6;968,5;1403,3;34,4;2,4;35,3;34,3;3,8;1,4;14;12;13;334;3,9;1,2;
2007-09-02;21:00;0;968,6;968,6;968,4;573,7;32,5;6,4;34,5;32,5;7;1,6;20;13;20;285;3,9;0;
2007-09-02;22:00;0;968,9;968,9;968,6;36,9;25,8;10,1;32,5;25,3;11,1;5,3;41;19;37;143;1,7;,4;
2007-09-02;23:00;0;969,2;969,2;968,9;-9999;21,7;9,9;26;21,3;11,7;8,9;51;33;47;306;2,3;1;
2007-09-03;00:00;0;970,1;970,1;969,2;-9999;19,8;9,7;21,7;19,5;11,5;8,9;59;45;52;269;2,7;1,7;
2007-09-03;01:00;0;970,6;970,6;970,1;-9999;18,4;10,9;20,1;18;11,1;9,4;62;51;62;84;2,7;,2;
2007-09-03;02:00;0;970,6;970,7;970,5;-9999;17,8;10,4;18,5;17,3;11,5;10,1;64;58;62;222;2,3;,1;
2007-09-03;03:00;0;970,6;970,7;970,5;-9999;16,2;10,2;17,9;16,2;11,3;9,5;72;58;68;233;2,1;,8;
2007-09-03;04:00;0;970,5;970,6;970,4;-9999;15,7;9,9;16,4;15,3;10,8;9,5;73;67;68;323;2,7;,1;
2007-09-03;05:00;0;970,3;970,5;970,3;-9999;14,3;9,6;15,8;14,3;10,4;9,5;75;67;73;275;2;,8;
2007-09-03;06:00;0;969,8;970,3;969,8;-9999;14,6;9,3;15,2;14,1;9,8;9,2;75;68;71;274;2,9;1,7;
2007-09-03;07:00;0;969,6;969,8;969,6;-9999;13,4;9,3;14,7;13,2;9,7;9;78;69;76;290;2,4;,9;
2007-09-03;08:00;0;969,9;969,9;969,5;-9999;13,8;9,2;14,1;13,1;10;9,1;79;73;74;275;3;1,2;
2007-09-03;09:00;0;970,4;970,4;969,9;-9999;13,5;9,1;13,8;12,7;9,3;8,9;79;74;75;263;3,2;1,8;
2007-09-03;10:00;0;971,2;971,2;970,4;1,2;11,9;9,3;13,5;11,8;9,4;9;84;75;84;168;3;0;
2007-09-03;11:00;0;972,1;972,1;971,2;343,8;16,7;10,2;16,7;11,8;10,8;9,3;85;65;65;298;2,8;1,6;
2007-09-03;12:00;0;972,6;972,6;972,1;1094,5;21,7;12,9;21,7;16,8;13,3;10,2;65;57;57;91;2,8;,7;
2007-09-03;13:00;0;972,8;972,9;972,6;1816,8;26,3;8,9;26,6;21,6;12,9;8,4;58;32;33;41;2,4;,9;
2007-09-03;14:00;0;972,5;972,9;972,5;2507,6;29,9;8;30,3;26,1;10,1;7,1;36;24;25;52;7;3,1;
2007-09-03;15:00;0;971,3;972,5;971,3;2953,7;34,3;5,1;34,4;29,9;9,6;5,1;26;16;16;55;11,1;3,6;
2007-09-03;16:00;0;970,5;971,3;970,3;3103,6;35,4;3,6;35,4;34,3;6,2;2,6;17;13;14;29;11,8;4,2;
2007-09-03;17:00;0;969,5;970,5;969,5;2844,1;34,8;2,6;35,8;34,6;4,4;2,4;15;13;13;356;11,6;3,4;
2007-09-03;18:00;0;968,5;969,5;968,5;2550;35,1;2,2;36;34,9;4,1;2;14;12;13;357;8,5;3,6;
2007-09-03;19:00;0;968;968,5;968;2008,3;35,2;3,4;35,9;34,8;4,2;2,1;14;13;14;8;14;3,1;
2007-09-03;20:00;0;968,1;968,1;967,8;1304,3;34,7;3;35,4;34,6;4;2,2;15;13;14;11;8;1,4;
2007-09-03;21:00;0;968,2;968,2;968,1;544;32,5;4,1;34,8;32,5;4,3;2,1;17;13;17;17;6,2;1,9;
2007-09-03;22:00;0;968,5;968,5;968,2;31,3;27,4;6,6;32,5;27,4;6,9;3,9;27;17;27;16;3,8;1;
2007-09-03;23:00;0;969;969;968,5;-9999;25,6;6,6;27,4;25,6;7,3;6,2;31;26;30;15;2,2;,6;
2007-09-04;00:00;0;969,8;969,8;969;-9999;20,8;9;25,6;20,4;10,3;6,5;52;30;47;138;2,8;,9;
2007-09-04;01:00;0;970,2;970,2;969,7;-9999;18,6;10,3;22,7;18,6;10,5;8;59;39;58;69;2,8;0;
2007-09-04;02:00;0;970,5;970,6;970,2;-9999;17,5;9,7;19,1;17,4;11;9;62;53;60;314;2,7;,2;
2007-09-04;03:00;0;970,5;970,6;970,3;-9999;16,2;9,5;18,7;16,2;10,4;9,5;67;56;64;236;1,9;,2;
2007-09-04;04:00;0;970,5;970,6;970,4;-9999;15,1;9,8;16,6;15,1;10,6;9,3;74;62;70;291;1,9;,8;
2007-09-04;05:00;0;970,2;970,5;970,2;-9999;15,5;9,6;16,1;14,5;10;9,4;73;65;68;250;3;,6;
2007-09-04;06:00;0;970;970,2;970;-9999;13,9;9,3;15,5;13,5;9,8;9,2;75;68;74;226;2,3;,6;
2007-09-04;07:00;0;969,7;970;969,7;-9999;14;9,2;14,2;13,6;9,3;8,8;74;70;73;250;2,3;,1;
2007-09-04;08:00;0;970;970;969,7;-9999;14,8;8,3;14,9;13,1;9,8;8,3;80;65;65;257;2,2;1,6;
2007-09-04;09:00;0;970,3;970,3;970;-9999;13,5;9,3;14,8;13,1;9,5;8,3;77;65;76;225;2;,5;
2007-09-04;10:00;0;970,9;971;970,3;1,6;12,4;9,5;13,5;12,1;9,7;8,9;83;76;83;269;1,6;,1;
2007-09-04;11:00;0;971,9;971,9;970,9;346,8;16,8;12,1;16,8;12,4;12,1;9,1;83;73;74;271;1,2;0;
2007-09-04;12:00;0;972,6;972,6;971,8;1110,1;22,5;9,9;22,5;16,8;12,9;9,3;74;45;45;103;2,6;1,4;
2007-09-04;13:00;0;972,7;972,8;972,6;1846,6;29,4;8,8;29,4;22,4;11,5;8,4;46;28;28;57;6,5;2,7;
2007-09-04;14:00;0;972,2;972,7;972,1;2514;32,8;6,4;33;29;9,9;6,2;29;19;19;40;13,3;6,9;
2007-09-04;15:00;0;971,5;972,2;971,5;2894,6;34,3;3,5;34,8;32,8;7,5;3,4;20;14;15;32;13,3;5,9;
2007-09-04;16:00;0;970,5;971,6;970,5;3037,6;35;3,5;35,8;34,3;5,3;2,8;16;13;14;29;12,3;4,3;
2007-09-04;17:00;0;969,5;970,5;969,5;2874,5;35,4;2,8;36,1;34,8;4,8;2,8;15;13;13;6;10,1;2,9;
2007-09-04;18:00;0;968,5;969,5;968,5;2477,3;35,3;3,2;36;35,1;4,2;2,9;14;13;14;43;11,4;4,9;
2007-09-04;19:00;0;968,1;968,6;968,1;1918,3;35,1;3,5;35,8;34,8;4,3;2,9;14;13;14;51;11,1;5,1;
2007-09-04;20:00;0;968,3;968,3;968;1247,1;34,5;3;35,3;34,5;3,9;2,7;14;13;14;38;11,3;3,5;
2007-09-04;21:00;0;968,6;968,6;968,3;490,2;32,4;4,7;34,5;32,4;5;2,5;18;14;18;50;6,6;1,7;
2007-09-04;22:00;0;969,2;969,2;968,6;28,1;28,1;7,6;32,4;27,9;7,9;4,8;28;18;27;352;2,9;,5;
2007-09-04;23:00;0;969,8;969,8;969,2;-9999;28,6;6,7;28,9;26;8,5;6,7;33;25;25;37;4,4;2;
2007-09-05;00:00;0;970,4;970,4;969,8;-9999;27,8;6,2;29,1;26;8;6,2;31;24;25;50;4,4;2,5;
2007-09-05;01:00;0;971,1;971,1;970,4;-9999;25,2;6,4;27,8;25,2;6,4;5,9;30;25;30;65;4,3;1,5;
2007-09-05;02:00;0;971,5;971,5;971,1;-9999;22,8;8,5;25,4;22,8;8,5;6,3;40;30;40;55;4,3;,3;
2007-09-05;03:00;0;971,9;971,9;971,5;-9999;20,6;8,8;22,8;20,2;10,1;7,8;51;38;47;75;2,6;0;
2007-09-05;04:00;0;971,7;972;971,7;-9999;19,7;8,6;21,5;19,7;9,4;8,4;49;44;49;335;3,3;,3;
2007-09-05;05:00;0;971,6;971,7;971,4;-9999;17,9;10;19,7;17,2;10,8;8,6;61;49;60;250;4,1;1,5;
2007-09-05;06:00;0;971,6;971,7;971,5;-9999;15,8;9,9;18,3;15,8;10,6;9,7;70;58;68;263;4,1;,5;
2007-09-05;07:00;0;971,7;971,7;971,5;-9999;15,9;10,7;17,1;15,5;11,1;9,9;71;66;71;238;2,1;,4;
2007-09-05;08:00;0;971,9;971,9;971,6;-9999;15,5;10,1;16,7;15,5;11,2;9,9;72;66;70;229;3;,7;
2007-09-05;09:00;0;972,4;972,4;971,8;-9999;14,8;10,4;15,9;14,7;10,8;10;75;70;75;243;2,8;,8;
2007-09-05;10:00;0;973,1;973,1;972,4;3,1;15,2;10,9;15,6;14,5;11;10,4;77;73;76;249;3,1;,2;
2007-09-05;11:00;0;974;974;973,1;354,1;18,6;12,3;18,6;15;12,3;10,8;77;66;67;259;2,9;,2;
2007-09-05;12:00;0;974,3;974,3;974;1097,6;24,2;11,5;24,4;18,7;13,7;11,5;67;45;45;143;1,6;,3;
2007-09-05;13:00;0;974,6;974,7;974,3;1861,5;27,9;13;27,9;24,1;13;11,2;47;38;40;89;5;2,5;
2007-09-05;14:00;0;974,2;974,7;974,1;2524,6;32,1;10,8;32,2;27,5;12,8;10;40;26;27;55;8,1;3,9;
2007-09-05;15:00;0;973,5;974,3;973,4;2960,6;34;8,9;34;31,6;10,8;7,9;27;21;21;45;10,8;4,7;
2007-09-05;16:00;0;972,4;973,5;972,4;3156,3;34,2;6,7;35;33,1;8,9;6,5;21;18;18;51;9,2;4,2;
2007-09-05;17:00;0;971,3;972,4;971,3;3062;35,1;6,5;35,4;33,9;7,6;5,7;19;16;17;56;8,8;3,5;
2007-09-05;18:00;0;970,5;971,3;970,5;2652,7;35;6,1;35,5;34,3;7,2;4,7;18;15;17;25;8,4;2,9;
2007-09-05;19:00;0;969,9;970,5;969,9;2110,6;34,6;5,6;35,5;34,3;6,5;3,7;17;14;17;80;7,4;3,2;
2007-09-05;20:00;0;970;970,1;969,9;1387,1;34,5;5,9;35,1;34;6,2;3,7;17;15;17;40;7,3;1,2;
2007-09-05;21:00;0;970,3;970,3;970,1;612,3;32,5;6,3;34,5;32,5;6,7;4,9;20;16;20;45;4,6;1,7;
2007-09-05;22:00;0;970,7;970,7;970,3;33,5;29,5;7,7;32,6;29,5;7,8;6,5;25;20;25;89;3,1;1,3;
2007-09-05;23:00;0;971,3;971,3;970,7;-9999;26,4;9;29,5;26;9,4;7,7;35;25;33;122;2,4;1,1;
2007-09-06;00:00;0;972,1;972,1;971,3;-9999;23,5;10,3;26,5;23,5;10,5;8,5;44;33;43;143;2;0;
2007-09-06;01:00;0;972,9;972,9;972,1;-9999;22;12;23,6;21,7;12,6;10;57;43;53;43;,8;0;
2007-09-06;02:00;0;973,3;973,3;972,9;-9999;23,4;11,4;24,5;22;11,9;10,8;53;43;47;97;3,1;,7;
2007-09-06;03:00;0;973,6;973,7;973,3;-9999;23,1;11,6;23,8;22,8;11,9;11,4;50;46;48;111;3,3;1,5;
2007-09-06;04:00;0;973,4;973,7;973,4;-9999;19,4;12,4;23,6;19,4;12,8;11,6;64;47;64;226;3,3;,2;
2007-09-06;05:00;0;973,2;973,4;973,1;-9999;18,4;12,7;19,6;18,4;13;12,1;70;63;69;141;2;,1;
2007-09-06;06:00;0;972,9;973,2;972,9;-9999;20,3;12,5;20,5;18,4;13;12,2;70;60;61;124;2,6;,8;
2007-09-06;07:00;0;972,9;972,9;972,8;-9999;17,9;11,6;20,3;17,9;12,7;11,6;67;61;67;283;2,3;,1;
2007-09-06;08:00;0;973;973;972,8;-9999;16;11,8;18;15,4;12,3;11,6;79;67;76;256;2,8;1,6;
2007-09-06;09:00;0;973,6;973,6;973;-9999;14,7;11,6;16,2;14,6;12;11,5;82;75;82;267;2,8;2;
2007-09-06;10:00;0;974;974;973,6;4,4;15;11,8;15;14,5;11,8;11,5;83;81;81;265;3;2,3;
2007-09-06;11:00;0;974,6;974,6;974;391,7;19,3;12,9;19,3;15;13,2;11,8;81;67;67;258;3;,9;
2007-09-06;12:00;0;975,4;975,4;974,6;1153,4;23,6;12,4;23,7;19,3;13,8;12,4;67;49;49;162;2,1;1,1;
2007-09-06;13:00;0;975,5;975,6;975,4;1889,6;27,1;10,6;27,2;23,6;12,7;10,3;50;35;36;48;4,8;1,9;
2007-09-06;14:00;0;975,3;975,6;975,3;2576,2;30,5;10,9;30,5;27,1;11,6;10,1;36;30;30;48;7,1;3,2;
2007-09-06;15:00;0;974,3;975,3;974,3;2988,4;33,3;9,5;33,3;30,1;11,2;8;30;22;23;33;7,6;3,2;
2007-09-06;16:00;0;973,4;974,3;973,3;3203,2;33,8;7,2;34,2;32,7;9,5;7,1;23;19;19;61;9,9;3,4;
2007-09-06;17:00;0;972,2;973,4;972,2;3134,7;34,5;6,9;34,8;33,1;8,2;6,2;20;18;18;295;8,6;1,2;
2007-09-06;18:00;0;971;972,2;971;2616,2;34,5;6;35,2;33,4;7,9;5,5;20;17;17;324;4,9;1,9;
2007-09-06;19:00;0;970,6;971,1;970,5;2129,4;34,3;6;35,1;33,7;7,2;5,6;19;17;17;225;5,5;1,3;
2007-09-06;20:00;0;970,5;970,6;970,3;1433,5;33,7;7,1;34,7;33,6;7,5;6;20;17;19;71;6,5;3;
2007-09-06;21:00;0;970,7;970,7;970,5;600,8;32;8;33,8;32;8,2;6,2;23;18;23;97;4,9;2,2;
2007-09-06;22:00;0;970,9;970,9;970,7;38,7;28,5;8,9;32;28,4;9;8;30;23;29;94;3,9;1,3;
2007-09-06;23:00;0;971,3;971,3;970,9;-9999;26,1;9;28,5;26,1;9;8,7;34;29;34;99;2,6;1,5;
2007-09-07;00:00;0;971,8;971,8;971,3;-9999;25,2;9,5;26,6;25,1;9,6;8,9;37;33;37;120;2,6;1,2;
2007-09-07;01:00;0;972;972;971,8;-9999;23,4;10,2;25,3;23,4;10,2;9,3;43;37;43;100;2,5;,7;
2007-09-07;02:00;0;972,2;972,2;972;-9999;22,9;9,6;23,5;22,9;10,1;9,5;44;41;43;85;2,8;,8;
2007-09-07;03:00;0;972,3;972,3;972,1;-9999;23,5;8,7;23,6;22,6;9,7;8,7;44;39;39;106;2,3;1,4;
2007-09-07;04:00;0;972,2;972,3;972,1;-9999;19,8;9,8;23,5;19,6;9,8;8,7;53;39;53;24;3,2;,1;
2007-09-07;05:00;0;972,1;972,3;972,1;-9999;17,4;10,6;20,4;17,1;10,9;9,7;66;50;64;255;1,7;,1;
2007-09-07;06:00;0;971,9;972,1;971,8;-9999;16;10,3;17,4;16;10,7;10,2;69;64;69;255;2,1;,6;
2007-09-07;07:00;0;971,5;971,9;971,5;-9999;15,3;10,2;16,8;15,2;10,4;10;72;65;72;271;2,7;,3;
2007-09-07;08:00;0;971,6;971,7;971,5;-9999;14,8;10;15,6;14,4;10,2;9,9;75;70;73;263;3,1;2,3;
2007-09-07;09:00;0;972;972;971,6;-9999;13,9;10;15,3;13,9;10,1;9,8;77;71;77;165;2,9;0;
2007-09-07;10:00;0;972,8;972,8;972;4,4;13,1;10,4;14,5;12,9;10,7;9,9;84;76;84;335;2,2;,2;
2007-09-07;11:00;0;973,4;973,5;972,8;396,1;18,1;12,4;18,1;13,1;12,5;10,3;84;69;69;213;1,7;0;
2007-09-07;12:00;0;973,9;973,9;973,4;1165,8;22,7;10,5;22,7;18,1;13,3;10,5;71;46;46;94;2;,9;
2007-09-07;13:00;0;974,2;974,2;973,9;1906,6;27,8;9,5;27,8;22,7;11,1;9,2;47;31;32;65;4,8;2,1;
2007-09-07;14:00;0;973,9;974,2;973,9;2600,6;31;9,7;31;27,7;10,6;9;33;27;27;26;7,6;3,8;
2007-09-07;15:00;0;973;974;973;3040;33;8,5;33,4;30,7;10;8,1;27;22;22;70;9,1;4,4;
2007-09-07;16:00;0;971,9;973;971,9;3223,1;33,6;6,2;35;32,7;8,9;5;23;16;18;41;9,4;3,1;
2007-09-07;17:00;0;970,7;971,9;970,7;3109,4;34,8;6;35;33,6;7,6;5,4;19;16;17;48;8,5;3,3;
2007-09-07;18:00;0;969,7;970,7;969,6;1832;33,6;6,5;35,4;33,5;7,9;5,5;19;16;19;69;7,9;3,7;
2007-09-07;19:00;0;969;969,7;969;2156,7;34,9;6,5;35,2;33,6;7,2;5,1;19;16;17;77;8;3,3;
2007-09-07;20:00;0;968,8;969;968,8;1190,1;34,3;7,1;35,2;33,7;7,3;6,1;19;17;19;67;8,4;3,9;
2007-09-07;21:00;0;969;969;968,8;393;32,1;7,9;34,4;32,1;8,1;6,6;23;19;22;76;6,1;2,4;
2007-09-07;22:00;0;969,3;969,3;969;71,4;29;8,4;32,1;29;8,4;7,6;28;22;28;92;3,9;,7;
2007-09-07;23:00;0;969,5;969,5;969,3;-9999;24,8;11,1;29;24,8;11,1;8,4;42;28;42;65;1,3;0;
2007-09-08;00:00;0;969,9;969,9;969,5;-9999;22,7;12,2;24,8;22,7;12,2;10,7;51;42;51;303;,5;0;
2007-09-08;01:00;0;970,3;970,3;969,9;-9999;20,9;12,1;23,2;20,9;12,1;10,9;57;46;57;59;,5;0;
2007-09-08;02:00;0;970,5;970,5;970,3;-9999;20,4;11,5;20,9;20,2;12,5;11,3;61;54;57;271;1,4;1;
2007-09-08;03:00;0;970,8;970,8;970,5;-9999;19;11,5;20,5;19;11,8;11,2;62;56;62;192;1,8;,1;
2007-09-08;04:00;0;970,5;970,8;970,5;-9999;18,1;10,7;19;17,3;11,7;10,6;69;62;62;267;2,7;1,6;
2007-09-08;05:00;0;970,1;970,5;970,1;-9999;16,3;11,2;18,8;16,2;11,6;10,4;74;59;72;279;2,6;0;
2007-09-08;06:00;0;969,6;970,1;969,6;-9999;16,2;11,1;16,3;15,7;11,5;10,8;76;71;72;269;2,1;,8;
2007-09-08;07:00;0;969,5;969,6;969,4;-9999;14,8;10,9;16,2;14,7;11,4;10,7;78;71;77;278;2,7;,3;
2007-09-08;08:00;0;969,5;969,5;969,4;-9999;14,6;10,7;15,2;14,6;11,1;10,4;78;75;77;185;2;0;
2007-09-08;09:00;0;970;970;969,5;-9999;14;10,9;15,1;14;10,9;10,4;82;74;82;188;2,5;0;
2007-09-08;10:00;0;970,8;970,8;970;6;13,6;10,5;14,2;13,6;11;10,2;83;78;81;170;,7;0;
2007-09-08;11:00;0;971,5;971,5;970,8;414,2;18,5;13,7;18,5;13,6;13,7;10,5;83;73;74;358;1,1;0;
2007-09-08;12:00;0;972,1;972,1;971,5;1191,6;23,2;11,7;23,3;18,5;14;11,7;74;48;48;113;1,9;1,1;
2007-09-08;13:00;0;972,2;972,3;972,2;1938,4;27,6;10,4;28;23,2;12,6;9,9;50;33;34;41;5,5;3,1;
2007-09-08;14:00;0;972;972,3;972;2620,2;32;10;32,1;27,6;11,3;9,8;35;26;26;35;6,8;3,4;
2007-09-08;15:00;0;970,9;972;970,9;3045,2;34,1;8,3;34,3;31,5;10,3;7,9;27;20;20;59;9,4;5,6;
2007-09-08;16:00;0;969,6;970,9;969,6;3217,5;34,3;6,4;35,8;34,1;8,7;6,1;21;16;18;21;11;3,9;
2007-09-08;17:00;0;968,7;969,6;968,7;3107,9;35,4;5,6;36,3;34,3;7,6;4,1;18;14;16;52;9,6;4,3;
2007-09-08;18:00;0;967,7;968,8;967,6;2719,2;36;5,6;36,4;34,8;7,1;3,8;17;14;15;52;9,6;3,8;
2007-09-08;19:00;0;967;967,7;967;2167,3;35,2;4,9;36;34,8;6;4,2;16;14;15;38;9,6;4,1;
2007-09-08;20:00;0;966,9;967,1;966,7;1446,1;34,8;6;35,5;34,6;6,2;4;17;14;17;61;9,4;4,4;
2007-09-08;21:00;0;967,1;967,1;966,9;627,7;32,7;5,5;34,8;32,7;5,7;4,4;18;15;18;64;8,8;3,3;
2007-09-08;22:00;0;967,3;967,3;967,1;36,6;29,7;6,8;32,8;29,7;6,9;5,3;24;18;24;77;5,6;2,2;
2007-09-08;23:00;0;967,5;967,5;967,3;-9999;26,7;7,5;29,7;26,7;7,5;6,8;30;24;30;77;3,7;1,2;
2007-09-09;00:00;0;968,1;968,1;967,5;-9999;26,1;7,2;26,7;25,7;8,1;7,2;33;30;30;87;2,1;1,4;
2007-09-09;01:00;0;968,7;968,7;968,1;-9999;22;9,1;26,1;21,5;9,7;7,1;47;30;44;133;2,1;0;
2007-09-09;02:00;0;968,9;968,9;968,7;-9999;20,3;10,9;22,1;19,9;10,9;9,1;55;44;55;189;1,5;,5;
2007-09-09;03:00;0;968,9;969,1;968,9;-9999;18;10,5;20,3;17,4;11,1;9,8;64;53;62;204;,9;0;
2007-09-09;04:00;0;969,3;969,4;968,9;-9999;17,6;9,8;18,2;16,6;10,6;9,5;66;59;60;240;2,9;,6;
2007-09-09;05:00;0;968,6;969,3;968,6;-9999;15,9;10;17,8;15,8;10,1;9,6;69;60;68;209;2,9;,2;
2007-09-09;06:00;0;968,4;968,6;968,3;-9999;15,7;9,8;16,6;15,3;10,4;9,7;73;66;68;268;2,8;1,7;
2007-09-09;07:00;0;968,4;968,5;968,4;-9999;14,8;9,9;16,4;14,4;10;9,6;73;64;72;258;3,3;1;
2007-09-09;08:00;0;968,3;968,4;968,3;-9999;13,7;9,8;15;13,7;10;9,5;77;71;77;182;2,2;0;
2007-09-09;09:00;0;968,9;968,9;968,3;-9999;13,8;9,6;15;13,4;10,1;9,6;79;71;76;275;3,4;,6;
2007-09-09;10:00;0;969,5;969,5;968,9;11,5;14,3;9,9;14,3;13,8;10,1;9,5;76;74;75;224;3,6;,4;
2007-09-09;11:00;0;970,3;970,3;969,5;370,6;18,5;11,2;18,5;14,3;11,3;9,9;77;62;62;208;3,1;,1;
2007-09-09;12:00;0;970,8;970,8;970,3;1114,1;23,6;10,3;23,6;18,5;12,8;9,7;65;41;43;135;2,5;,2;
2007-09-09;13:00;0;970,9;970,9;970,8;1973,2;27,8;8,2;28,3;23,6;10,8;7,7;43;28;29;62;4,3;2,7;
2007-09-09;14:00;0;970,3;970,9;970,2;2653,7;32,7;7,2;32,7;27,8;9,4;6,7;30;20;21;56;8,5;4,5;
2007-09-09;15:00;0;969,5;970,3;969,5;3098,9;34,7;5,2;35,1;32,5;7;4,6;21;15;16;56;10;4,4;
2007-09-09;16:00;0;968,5;969,5;968,5;3264,3;35,6;3,3;36,1;34,3;6,1;3;17;13;13;49;11,1;5;
2007-09-09;17:00;0;967,4;968,5;967,3;3156,9;36,4;3,5;36,4;35;4,6;2,7;14;13;13;46;8,8;4,2;
2007-09-09;18:00;0;966,3;967,4;966,3;2688,7;36,1;2,8;36,5;35,2;3,8;2,3;14;12;12;44;8,5;4,2;
2007-09-09;19:00;0;965,7;966,4;965,6;2036,8;35,4;3,3;36,3;35,3;3,6;2,1;14;12;14;74;10,1;4,3;
2007-09-09;20:00;0;965,5;965,7;965,4;1571;35,2;3,3;36,2;35;3,8;2,6;14;13;14;66;8,2;3,4;
2007-09-09;21:00;0;965,5;965,6;965,4;618,4;33,1;3,8;35,3;33,1;3,8;2,7;16;13;16;65;6,8;2,9;
2007-09-09;22:00;0;966,1;966,1;965,5;40,4;29,5;5,3;33,1;29,5;5,4;3,6;22;16;22;97;6,1;2,2;
2007-09-09;23:00;0;966,6;966,6;966,1;-9999;27,2;6;29,6;27,2;6,1;5,3;26;22;26;91;4,2;1,4;
2007-09-10;00:00;0;967,4;967,4;966,6;-9999;24,4;7,3;27,3;24,4;7,3;5,9;33;26;33;102;2,4;,2;
2007-09-10;01:00;0;968;968;967,4;-9999;21,4;7,9;24,4;21,1;8;6,6;42;33;42;302;1,7;,1;
2007-09-10;02:00;0;968,1;968,1;967,9;-9999;21,1;7,8;21,5;21;8,3;7,4;43;41;42;114;2;,1;
2007-09-10;03:00;0;968,4;968,5;968,1;-9999;17,9;9,4;21,1;17,9;9,9;7,7;58;42;58;138;1,4;0;
2007-09-10;04:00;0;968,3;968,5;968,3;-9999;18,2;9,2;18,9;17,3;10;9;61;55;56;239;1;0;
2007-09-10;05:00;0;968;968,3;967,9;-9999;17,1;8,7;18,2;16,8;9,6;8,4;63;55;58;252;2,3;1,1;
2007-09-10;06:00;0;967,9;968,1;967,9;-9999;16,5;9,2;17,1;16;9,3;8,6;64;58;62;207;3,7;,7;
2007-09-10;07:00;0;967,8;967,9;967,7;-9999;15,1;8,9;16,4;14,5;9,5;8,8;70;62;67;272;2,6;,7;
2007-09-10;08:00;0;967,8;967,8;967,6;-9999;13,3;9,4;15,5;13,3;9,4;8,8;77;65;77;25;2,4;0;
2007-09-10;09:00;0;968,6;968,6;967,8;-9999;14,8;8,9;15,2;13,3;9,4;8,8;77;66;68;237;3,6;1;
2007-09-10;10:00;0;969,2;969,2;968,6;6,7;13,8;9;14,8;13,2;9,1;8,7;76;68;73;275;2,9;,8;
2007-09-10;11:00;0;969,7;969,7;969,2;422,1;17,6;11,6;17,6;13,8;11,6;8,9;75;68;68;355;2,3;0;
2007-09-10;12:00;0;970,2;970,2;969,7;1193,6;23,3;10,2;23,3;17,6;12,1;10,1;68;44;44;106;2,3;1,2;
2007-09-10;13:00;0;970,3;970,3;970,2;1967,5;28,3;8,5;28,6;23,3;10,6;8,3;44;29;29;76;6,2;3,4;
2007-09-10;14:00;0;970;970,3;970;2721,7;31,3;8,6;31,6;27,8;10;8,1;31;24;24;59;6,4;3,6;
2007-09-10;15:00;0;969,2;970;969,2;2983,3;34;6;34,6;31,3;8,7;5,5;25;17;18;61;9,1;5,2;
2007-09-10;16:00;0;968,1;969,2;968,1;3151,3;35,5;4,5;35,5;33,6;6,5;4,5;18;15;15;53;10,1;5,1;
2007-09-10;17:00;0;967,1;968,1;967;3055,7;35,9;3,9;36,7;35,1;5,3;3,3;16;13;14;49;9,9;3,9;
2007-09-10;18:00;0;966,1;967,1;966,1;2669,8;35,5;3,7;36,5;35,4;4,5;2,9;14;13;14;54;8,1;4;
2007-09-10;19:00;0;965,4;966,1;965,3;2075,7;36,2;4,2;36,4;35,4;4,6;3,1;14;13;14;78;7;3,9;
2007-09-10;20:00;0;965,4;965,4;965,2;1362,9;35,1;3;36,2;35,1;4,5;3;14;13;13;71;7,5;3,8;
2007-09-10;21:00;0;965,5;965,5;965,4;547,8;33,1;5,6;35,4;33,1;5,6;3,4;18;13;18;76;6,9;2,3;
2007-09-10;22:00;0;966;966;965,5;33,3;30;6,2;33,1;30;6,2;5,3;22;18;22;95;4;2,3;
2007-09-10;23:00;0;966,5;966,5;966;-9999;27;7,5;30;27;7,8;6,2;29;22;29;77;3,6;,6;
2007-09-11;00:00;0;967,3;967,3;966,5;-9999;24,8;7,9;27;24,7;8,4;7,7;35;29;34;81;1,8;,3;
2007-09-11;01:00;0;968;968;967,3;-9999;23,9;8,4;25,5;23,8;10;7,4;42;32;37;71;2,8;,9;
2007-09-11;02:00;0;968,7;968,7;968;-9999;22;9,1;24;22;9,5;8,4;45;37;44;66;2,3;,2;
2007-09-11;03:00;0;969,1;969,1;968,7;-9999;19,5;9,6;22;19,4;11,2;8,8;56;43;53;256;1,9;,9;
2007-09-11;04:00;0;968,7;969,1;968,7;-9999;17,2;10;19,5;16,7;10,1;9,5;65;53;63;247;1,5;,2;
2007-09-11;05:00;0;968,2;968,7;968,2;-9999;15,8;10,2;17,2;15,7;10,4;9,9;70;63;69;202;1,2;0;
2007-09-11;06:00;0;967,9;968,2;967,8;-9999;15,2;10,5;15,9;14,8;10,7;9,9;74;68;74;241;1,6;0;
2007-09-11;07:00;0;967,7;967,9;967,7;-9999;15,2;9,8;15,8;14,7;10,3;9,7;73;68;70;228;2;,2;
2007-09-11;08:00;0;968,4;968,4;967,7;-9999;14,1;9,7;15,2;13,7;9,9;9,6;77;70;75;231;2;,6;
2007-09-11;09:00;0;969,2;969,2;968,4;-9999;13,4;9,8;14,4;13,3;9,9;9,5;79;73;79;317;1,8;0;
2007-09-11;10:00;0;970;970;969,2;11,3;14,8;9,6;14,8;13,1;10,1;9,4;81;71;71;257;3;2,1;
2007-09-11;11:00;0;970,6;970,6;970;356,5;17,9;12,8;17,9;14,7;12,8;9,6;76;70;72;300;3;0;
2007-09-11;12:00;0;971;971;970,6;901,7;22,5;10,4;22,5;17,9;13,4;10,3;73;46;46;150;1,5;,3;
2007-09-11;13:00;0;971,1;971,2;971;1788,9;25,8;8,7;25,9;22,5;10,9;8,2;48;33;34;127;2;,8;
2007-09-11;14:00;0;970,9;971,1;970,9;2442,5;29,4;8,3;29,5;25,8;9,1;7,5;34;26;27;62;5,8;3,1;
2007-09-11;15:00;0;970,3;970,9;970,3;2876,9;31;8,2;31,4;29,1;9;7,8;27;24;24;78;5,8;2,1;
2007-09-11;16:00;0;969,2;970,3;969,2;2991,4;33,7;6,5;34,1;31;9,1;6,5;25;18;18;85;6,3;3,1;
2007-09-11;17:00;0;967,9;969,2;967,9;2880,7;34,4;4,8;35,4;33,5;6,8;4,4;19;15;16;90;6;3,2;
2007-09-11;18:00;0;967;967,9;967;2419,4;35,1;5,9;35,7;34,4;6;4,3;17;15;16;91;11,5;2,4;
2007-09-11;19:00;0;966,3;967;966,3;1908,8;35,5;5,9;36,1;35,1;6,6;4,4;17;14;16;90;5,4;2,5;
2007-09-11;20:00;0;966,3;966,4;966,2;1193,1;34,9;6,1;35,8;34,9;6,7;4,2;17;14;17;79;7,7;3;
2007-09-11;21:00;0;966,4;966,4;966,3;452,7;33;7,4;34,9;33;7,4;5,9;21;17;21;101;5;2,2;
2007-09-11;22:00;0;967;967;966,4;31,8;29,2;8,3;33;29,2;8,3;7,3;27;21;27;103;4,3;2;
2007-09-11;23:00;0;967,6;967,6;967;-9999;27,3;8,4;29,2;27,3;8,4;8,1;30;27;30;106;3,9;1,6;
2007-09-12;00:00;0;968,3;968,3;967,6;-9999;26,8;8,9;27,3;26,7;9;8,4;33;30;32;117;5;1,9;
2007-09-12;01:00;0;969,1;969,1;968,3;-9999;23,9;10,4;27;23,9;10,4;8,5;43;31;43;75;3,7;,3;
2007-09-12;02:00;0;969,6;969,6;969,1;-9999;22,7;10,1;23,9;22,4;10,7;9,7;47;41;45;136;1,6;,5;
2007-09-12;03:00;0;970,1;970,1;969,6;-9999;20,5;11;23;20,3;11,2;10;55;44;55;174;2,1;,3;
2007-09-12;04:00;0;970,1;970,1;970;-9999;17,9;10,8;20,4;17,6;11,6;10,8;65;55;63;258;1,2;0;
2007-09-12;05:00;0;969,8;970,1;969,7;-9999;16,2;10,8;18,4;16,2;11,3;10,7;71;63;70;270;,9;,2;
2007-09-12;06:00;0;969,5;969,8;969,5;-9999;17,5;10,4;17,7;16,2;10,9;10,3;70;63;63;261;3;1,8;
2007-09-12;07:00;0;969,5;969,6;969,4;-9999;16,2;10,2;17,5;16,2;10,5;10,1;68;63;68;264;2,6;1,3;
2007-09-12;08:00;0;969,8;969,8;969,5;-9999;15,6;10,2;16,2;15;10,7;10,2;74;68;70;258;2,7;1,9;
2007-09-12;09:00;0;970,3;970,3;969,8;-9999;14,9;10,3;15,6;14,4;10,3;10,1;76;70;74;264;2,8;1,9;
2007-09-12;10:00;0;971,1;971,1;970,3;8,5;14,6;10,3;15,2;14,5;10,5;10,2;76;73;76;271;3;1,3;
2007-09-12;11:00;0;971,6;971,6;971,1;357,8;17,5;13;17,5;14,5;13;10,3;77;73;75;110;2,4;,1;
2007-09-12;12:00;0;972;972,1;971,6;1029,3;23,6;10,7;23,6;17,5;13,5;10,7;75;44;44;102;3;1,9;
2007-09-12;13:00;0;972,1;972,3;972;1751,8;26,6;9,1;26,7;23,5;10,6;8,5;44;33;33;81;6,8;3,5;
2007-09-12;14:00;0;971,8;972,2;971,8;2409;29,4;8,5;29,5;26;10,3;8,4;35;27;27;69;7,4;4,7;
2007-09-12;15:00;0;971;971,8;971;2870,1;31,3;9;31,3;29,4;9,5;8,2;28;25;25;58;7,4;4;
2007-09-12;16:00;0;970;971;969,9;3037,6;32,5;7,6;32,6;30,7;9,6;7,2;26;21;21;88;8,5;4,3;
2007-09-12;17:00;0;968,8;970;968,7;2948,9;33,6;7;33,9;32,5;8,2;6,6;21;18;19;79;8,1;3,7;
2007-09-12;18:00;0;967,9;968,8;967,9;2594,6;34,1;5,3;34,7;33,4;7,3;4,8;20;16;17;101;7,7;4;
2007-09-12;19:00;0;967,3;967,9;967,3;2029,3;34,4;3,2;34,9;33,9;7;3;18;14;14;108;6,9;2,7;
2007-09-12;20:00;0;967;967,3;966,9;1312,2;33,7;3,9;34,4;33,7;5;1,9;16;13;16;99;5,5;2,9;
2007-09-12;21:00;0;966,8;967;966,8;520,8;32,1;5,7;33,7;32,1;5,7;2,8;19;14;19;114;5,4;1,9;
2007-09-12;22:00;0;967,3;967,3;966,8;31,2;29,2;6,9;32,2;29,2;6,9;5,6;25;19;25;116;4;,9;
2007-09-12;23:00;0;967,7;967,7;967,3;-9999;25,8;7,3;29,2;25,7;7,6;6,6;31;25;31;102;3,2;,9;
2007-09-13;00:00;0;968,3;968,3;967,7;-9999;22,8;8,1;25,8;22,8;8,5;7,2;39;31;39;109;1,6;,6;
2007-09-13;01:00;0;968,7;968,8;968,3;-9999;23,4;7,6;23,6;22,7;8,7;7,4;40;36;36;140;2,7;1,2;
2007-09-13;02:00;0;969;969;968,8;-9999;22;8,5;23,4;22;8,6;7,5;42;36;42;121;2,7;1,2;
2007-09-13;03:00;0;968,9;969,2;968,8;-9999;21,7;9,1;22,3;21,4;9,1;8,4;45;41;45;131;2,8;1;
2007-09-13;04:00;0;968,5;968,9;968,5;-9999;18,6;9,9;21,7;18,6;9,9;8,9;57;44;57;19;2,9;,2;
2007-09-13;05:00;0;968,9;968,9;968,5;-9999;15,7;9,7;18,8;15,7;10,2;9,6;68;56;68;255;1,9;1;
2007-09-13;06:00;0;968,5;968,9;968,5;-9999;14,7;9,7;15,9;14,7;10;9,6;73;67;72;271;1,6;,5;
2007-09-13;07:00;0;968;968,5;968;-9999;14,4;9,9;14,7;14;10;9,6;76;72;75;198;1,6;,3;
2007-09-13;08:00;0;968,2;968,2;968;-9999;14,2;9,8;15,2;13,9;10,3;9,5;79;71;75;224;2,4;,8;
2007-09-13;09:00;0;968,4;968,5;968,1;-9999;13,2;9,5;14,3;13,1;9,9;9,3;79;73;78;273;3,3;2,1;
2007-09-13;10:00;0;968,9;969;968,4;13,8;12,8;9,7;13,6;12,6;9,8;9,2;82;77;82;322;2,9;0;
2007-09-13;11:00;0;969,4;969,4;968,8;469,2;17,2;11,4;17,2;12,8;11,8;9,6;82;69;69;94;1,4;0;
2007-09-13;12:00;0;969,9;969,9;969,4;1262,1;23,2;11,4;23,2;17,2;12,1;10,8;71;47;47;102;3,5;2,3;
2007-09-13;13:00;0;969,6;969,9;969,5;2036,3;26,4;10,7;26,5;22,9;11,9;10,6;49;37;38;77;6,9;4,4;
2007-09-13;14:00;0;969,3;969,6;969,3;2730,1;30,5;10,2;30,8;26,3;11,4;10;38;28;28;55;8;4,7;
2007-09-13;15:00;0;968,3;969,4;968,3;3150,9;33,9;9,6;33,9;30,6;10,8;8,5;29;22;23;42;7,7;3,3;
2007-09-13;16:00;0;967;968,3;967;3325,9;34,9;5,6;35,4;33,7;9,4;4,3;23;15;16;261;8,1;1,3;
2007-09-13;17:00;0;965,7;967;965,7;3166,5;36,1;5,2;36,4;34,7;7,1;4,4;18;15;15;35;5,9;1,7;
2007-09-13;18:00;0;964,3;965,7;964,3;2780,8;36,5;4,6;36,8;35,8;5,3;1,7;15;11;14;71;5,8;3;
2007-09-13;19:00;0;963,5;964,3;963,5;2207;36,3;4;37,1;35,8;5;3,3;14;13;13;56;7,1;2,1;
2007-09-13;20:00;0;963,3;963,5;963,3;1475,4;35,8;2,7;36,7;35,7;4,8;2,6;14;12;13;55;5,8;1,6;
2007-09-13;21:00;0;963,4;963,4;963,2;598;34,3;4,6;36,1;34,3;4,6;2,6;16;12;16;98;3,6;1,6;
2007-09-13;22:00;0;963,6;963,6;963,3;32,9;29,1;7,5;34,3;29,1;7,9;4,1;26;15;26;68;3,1;,4;
2007-09-13;23:00;0;964;964;963,6;-9999;24,9;7,9;29,1;24,4;9;7,2;37;26;34;116;1,2;0;
2007-09-14;00:00;0;964,8;964,8;964;-9999;21,2;9,2;24,9;21,2;10,4;7,7;48;34;46;296;,7;,2;
2007-09-14;01:00;0;965,5;965,5;964,8;-9999;20,4;9,3;21,4;19,6;9,9;9;53;45;49;293;1,8;1,4;
2007-09-14;02:00;0;966;966;965,5;-9999;18,3;10,2;20,6;18,3;10,6;9;59;47;59;267;2;,2;
2007-09-14;03:00;0;966,3;966,3;966;-9999;18,4;9,6;19;18;10,5;9,6;62;55;57;267;2,7;1,6;
2007-09-14;04:00;0;966,3;966,4;966,2;-9999;17,3;10,4;18,4;16,8;10,5;9,6;66;56;64;270;2,6;1,3;
2007-09-14;05:00;0;965,9;966,3;965,8;-9999;16,4;10,6;17,6;16,4;10,6;10,2;69;62;69;155;1,9;0;
2007-09-14;06:00;0;965,4;965,9;965,4;-9999;16,2;10,7;16,4;15,8;11,1;10,6;73;69;70;270;1,2;,5;
2007-09-14;07:00;0;965,4;965,5;965,4;-9999;15,9;10,9;16,9;15,8;11;10,6;73;68;72;256;2,9;1,3;
2007-09-14;08:00;0;965,5;965,7;965,3;-9999;15,8;11,1;16,2;15,3;11,3;10,9;76;72;74;238;2,9;,8;
2007-09-14;09:00;0;965,6;965,7;965,4;-9999;14,9;11,1;15,8;14,5;11,2;10,7;80;73;78;269;2;,7;
2007-09-14;10:00;0;966,3;966,3;965,6;12,4;15;11,1;15,9;14,9;11,5;11;78;74;77;267;3,2;1,5;
2007-09-14;11:00;0;966,9;966,9;966,3;385,7;19,8;12,5;19,8;15;12,9;11,1;78;63;63;230;2,4;,2;
2007-09-14;12:00;0;967,6;967,6;966,9;1096,5;23,5;12,1;23,5;19,8;12,7;11,5;63;48;49;114;2,4;1,5;
2007-09-14;13:00;0;967,7;967,8;967,6;1838,7;27,1;11,7;27,1;23,5;12,3;10,8;49;38;38;188;2,9;,2;
2007-09-14;14:00;0;967,5;967,7;967,5;2513,3;30;10,7;30,4;26,9;11,8;10,4;38;30;30;346;4;1;
2007-09-14;15:00;0;967,1;967,6;967,1;2874,1;33,7;10,7;33,7;30;11,7;10,1;31;25;25;336;3,3;1,4;
2007-09-14;16:00;0;966,2;967,1;966,2;3063,6;35,8;10,4;36;33,4;11,7;9,7;26;21;21;6;5,3;1,8;
2007-09-14;17:00;0;965,1;966,2;965,1;2894,7;37,9;5,7;38,5;35,8;10,9;5,4;22;13;14;311;8,3;3,6;
2007-09-14;18:00;0;964,3;965,1;964,3;2379,2;37,8;7,7;38,5;37,4;8,3;5;17;13;16;325;7,9;2,6;
2007-09-14;19:00;0;963,8;964,3;963,8;1737,6;37,1;6;38,2;37,1;8,6;4,7;17;13;15;333;7,2;2,1;
2007-09-14;20:00;0;964;964;963,8;1042,2;36,2;8,3;37,6;36,2;8,7;5,9;18;15;18;333;5,5;1,5;
2007-09-14;21:00;0;964,4;964,4;964;399,2;34;10,4;36,2;34;10,6;8,1;24;18;24;319;3,5;1,1;
2007-09-14;22:00;0;964,8;964,8;964,4;25,1;28,2;11;34;28,2;11;10,2;34;24;34;278;2,1;1;
2007-09-14;23:00;0;965,4;965,4;964,8;-9999;27,2;11,6;28,8;27,2;11,6;10,7;38;33;38;274;2,5;1,5;
2007-09-15;00:00;0;966;966;965,4;-9999;24,6;12,7;27,2;24,2;12,8;11,6;49;38;47;291;2,1;1,4;
2007-09-15;01:00;0;966,7;966,7;966;-9999;22,6;13,3;24,6;22,4;13,3;12,6;56;48;56;273;3,1;,7;
2007-09-15;02:00;0;967;967;966,6;-9999;21,9;13,5;22,8;21,8;13,6;13,1;59;55;59;271;3,1;,1;
2007-09-15;03:00;0;967,1;967,1;967;-9999;21,4;13,6;22;21,4;13,7;13,3;62;59;61;319;1;0;
2007-09-15;04:00;0;967,6;967,7;967,1;-9999;21,3;13,9;21,7;19,7;14,8;13,4;71;61;63;77;2,8;1,5;
2007-09-15;05:00;0;967,1;967,7;967,1;-9999;20;14,3;21,7;20;14,3;13,8;70;62;70;284;2,6;,2;
2007-09-15;06:00;0;966,7;967,1;966,7;-9999;19,4;14,5;20;19,2;15,1;14,1;76;70;73;338;1,4;,6;
2007-09-15;07:00;0;966,2;966,7;966,2;-9999;18,6;14,1;20,3;18,6;14,4;13,7;75;66;75;200;1,4;0;
2007-09-15;08:00;0;965,8;966,2;965,8;-9999;18,7;13,9;19,5;18,4;14,2;13,8;76;71;74;267;2,7;1,9;
2007-09-15;09:00;0;966,2;966,2;965,8;-9999;19,1;14,1;19,1;18,2;14,1;13,8;75;73;73;264;2,7;1,2;
2007-09-15;10:00;0;966,8;966,8;966,2;2,9;18,1;14,1;19,3;18;14,2;13,8;78;71;77;271;2,7;1,6;
2007-09-15;11:00;0;967,5;967,5;966,8;272,2;21,3;15,9;21,3;18;16;14;78;71;71;252;2,7;1;
2007-09-15;12:00;0;968,1;968,2;967,5;803,7;25,4;17;25,4;21,1;17,4;15,2;71;59;60;234;3;,1;
2007-09-15;13:00;0;968,5;968,5;968,1;1426,3;29,2;17,3;29,2;25,4;18;16,7;60;49;49;194;2,1;1,3;
2007-09-15;14:00;0;968,6;968,6;968,3;1674,6;33,8;15,1;33,9;29,2;17,9;14,6;49;32;33;264;9,5;5,2;
2007-09-15;15:00;0;968,1;968,6;968,1;1673,9;33,5;15,6;34,4;33,2;15,8;14,9;35;32;34;262;8,8;3,4;
2007-09-15;16:00;0;967,8;968,1;967,8;1479,8;33;16,2;33,8;33;16,2;15,3;37;33;37;238;8,1;3,1;
2007-09-15;17:00;0;967,2;967,8;967,2;1151,7;33,1;16,1;33,1;32,8;16,9;15,5;38;35;36;207;5,7;2,3;
2007-09-15;18:00;0;967;967,2;966,9;910,6;31,3;17,6;33,3;31,3;17,7;15,6;44;35;44;220;8,6;3,5;
2007-09-15;19:00;0;967,2;967,2;966,8;346;27,5;14,6;31,3;27,5;17,9;14,6;46;44;45;180;11,2;5,5;
2007-09-15;20:00;0;968,1;968,1;967,2;223,2;26,1;13,9;27,5;26,1;14,6;13,7;47;44;47;174;11,7;4;
2007-09-15;21:00;0;969,2;969,2;968,1;96,4;25,5;14,3;26,1;25,4;14,4;13,8;50;47;50;152;9,2;2;
2007-09-15;22:00;0;969,4;969,4;969,2;6,2;24,8;14,7;25,5;24,8;14,7;14,4;54;50;54;111;6,7;2,4;
2007-09-15;23:00;0;969,4;969,6;969,3;-9999;24,2;14,7;24,8;24;14,8;14,6;56;53;55;111;5,5;2,1;
2007-09-16;00:00;0;969,1;969,4;968,7;-9999;23,7;14,7;24,2;23,7;14,7;14,6;57;55;57;110;4,6;1,1;
2007-09-16;01:00;0;969,6;969,6;969;-9999;22,6;15,1;23,9;22,6;15,4;14,7;63;56;63;344;2,7;1;
2007-09-16;02:00;0;969,7;969,9;969,5;-9999;22,5;15;22,6;22,2;15,2;15;65;63;63;231;3,1;1,3;
2007-09-16;03:00;0;969,5;969,7;969,3;-9999;21,5;15,6;22,6;21,4;15,7;15;69;62;69;271;2,1;,6;
2007-09-16;04:00;0;969,6;970,2;969,4;-9999;22,2;15,2;22,4;21,5;15,6;15,1;69;64;65;237;5,2;,8;
2007-09-16;05:00;0;969,2;969,6;969,2;-9999;22,1;15,4;22,2;21,5;15,4;15,2;68;65;66;247;4;2,5;
2007-09-16;06:00;0;969,1;969,3;969,1;-9999;21,7;15,4;22,1;21,7;15,4;15,3;67;65;67;231;4,4;2,3;
2007-09-16;07:00;0;969,1;969,3;969;-9999;20,7;15,6;21,7;20,7;15,7;15,4;73;67;73;255;4,3;1,3;
2007-09-16;08:00;0;969,1;969,1;968,9;-9999;20,1;15,8;20,8;20,1;15,9;15,6;77;73;77;242;5,3;1,6;
2007-09-16;09:00;0;969,7;969,7;969,1;-9999;19,9;16,9;20,1;19,8;16,9;15,9;83;77;83;240;5,3;2;
2007-09-16;10:00;0;970,1;970,2;969,7;6,9;19,5;16,9;19,9;19,4;17;16,8;85;83;85;244;5,6;2,7;
2007-09-16;11:00;0;970,6;970,6;970,1;252,4;20,2;17,2;20,2;19,5;17,2;16,9;85;83;83;245;6,2;1,4;
2007-09-16;12:00;0;971;971;970,6;803,2;22,2;17,6;22,2;20,2;17,8;17,2;83;76;76;187;6,3;2,1;
2007-09-16;13:00;0;970,9;971,1;970,9;1460,7;24,9;17,8;24,9;22,1;18;17,4;76;65;65;183;6,3;2;
2007-09-16;14:00;0;970,7;971;970,7;2052,1;26,7;17,4;26,7;24,9;18;16,8;65;57;57;182;6,6;3,2;
2007-09-16;15:00;0;970,2;970,7;970,2;2441,1;29,1;16,5;29,1;26,6;17,4;16,3;57;47;47;184;5,8;2;
2007-09-16;16:00;0;969,3;970,2;969,3;2595,9;30,4;15,4;30,8;28,5;17,1;15,3;48;40;40;187;5,8;1,5;
2007-09-16;17:00;0;968,2;969,3;968,2;2498;32,1;15;32,4;30,3;16,2;14,7;41;35;36;143;5,9;1,7;
2007-09-16;18:00;0;967,1;968,3;967,1;2150,4;32,3;14,8;32,7;31,6;15,4;14,1;37;34;35;152;5,1;1,9;
2007-09-16;19:00;0;966,3;967,1;966,3;1664,1;32,6;14,3;33,1;31,9;15,2;14,1;36;33;33;149;5,3;1,3;
2007-09-16;20:00;0;966,5;966,5;966,2;999,2;32,3;14,3;32,8;32,3;14,7;14,1;34;33;34;184;3,9;1,7;
2007-09-16;21:00;0;966,9;966,9;966,5;367;31,4;14,9;32,4;31,3;15;14;37;33;37;195;4,1;,4;
2007-09-16;22:00;0;967,1;967,1;966,9;24,7;26,8;15,6;31,4;26,8;16,3;14,9;50;37;50;254;1,6;0;
2007-09-16;23:00;0;967,8;967,8;967,1;-9999;24,7;15,9;26,8;24,7;16,6;15,5;60;50;58;215;,7;0;
2007-09-17;00:00;0;968,6;968,6;967,8;-9999;26,2;16;26,3;24,7;16,3;15,8;58;53;53;200;2,1;,5;
2007-09-17;01:00;0;969,3;969,3;968,6;-9999;24,9;18;26,3;24,8;18;15,9;66;53;66;216;3,7;,5;
2007-09-17;02:00;0;969,4;969,5;969,3;-9999;23,8;18;24,9;23,6;18,1;17,8;70;65;70;232;3,2;,8;
2007-09-17;03:00;0;969,2;969,4;969,2;-9999;23,5;17,8;24,1;23,5;18,1;17,8;70;69;70;213;3,3;1,1;
2007-09-17;04:00;0;968,8;969,2;968,8;-9999;23,3;17,7;23,6;23,2;17,8;17,6;71;70;71;184;3,7;1,3;
2007-09-17;05:00;0;968,2;968,8;968,2;-9999;23;17,8;23,3;22,8;17,8;17,6;73;71;73;153;4,8;1,2;
2007-09-17;06:00;0;968,2;968,2;968;-9999;22,1;17,6;23;22;17,7;17,5;76;72;76;220;2,8;,3;
2007-09-17;07:00;0;967,8;968,2;967,8;-9999;20,1;17,1;22,1;19,4;17,7;16,2;85;76;83;254;1,9;,8;
2007-09-17;08:00;0;967,9;967,9;967,7;-9999;18,4;16,2;20,2;18,4;17,3;16,2;88;81;87;312;1,6;0;
2007-09-17;09:00;0;968,1;968,1;967,9;-9999;18,8;16,9;18,9;17,7;17,1;15,9;91;87;89;193;1,4;,3;
2007-09-17;10:00;0;969,2;969,2;968,1;13,5;17,8;16,1;19,5;17,8;17,4;16,1;90;86;90;289;1,8;1,2;
2007-09-17;11:00;0;969,7;969,8;969,2;294,2;20,8;17,9;20,8;17,8;17,9;16,1;91;83;83;207;1,7;,4;
2007-09-17;12:00;0;970,6;970,6;969,7;852;23,2;18;23,6;20,8;18,7;17,9;83;72;72;119;2,7;1,3;
2007-09-17;13:00;0;970,1;970,6;970;1610,5;25,8;17,7;25,9;23,2;18,5;17,1;73;60;61;114;4,5;2,4;
2007-09-17;14:00;0;969,8;970,1;969,8;2294,2;28,4;16,6;28,7;25,7;17,8;16,1;61;47;49;110;6,7;3,9;
2007-09-17;15:00;0;969;969,9;969;2705,3;30,1;16,5;30,2;28,1;17,3;16,1;49;43;44;90;7,1;2,9;
2007-09-17;16:00;0;968,1;969;968,1;2845,9;33,1;13,5;33,3;30,2;16,5;13,1;44;30;31;68;7,1;3,5;
2007-09-17;17:00;0;966,8;968,1;966,8;2703,7;35;14,3;35;33,1;14,4;13,2;31;28;29;42;7,5;3,1;
2007-09-17;18:00;0;965,5;966,8;965,5;2318,9;35,5;12,1;36,1;34,6;14,1;11,9;29;24;24;57;7,9;3,8;
2007-09-17;19:00;0;964,6;965,5;964,6;1832;36,2;12,7;36,4;35,3;13;11,7;25;23;24;50;8,7;3,1;
2007-09-17;20:00;0;964,5;964,7;964,4;986,9;35,4;11,9;36,2;35,4;12,8;11,7;25;23;24;60;7;2,9;
2007-09-17;21:00;0;964,9;964,9;964,5;275,8;33,5;12,3;35,4;33,5;12,6;11,5;28;24;28;53;6,4;2,4;
2007-09-17;22:00;0;965,2;965,2;964,8;32,5;30,8;13,4;33,5;30,8;13,4;12,4;34;28;34;304;4,2;,3;
2007-09-17;23:00;0;965,7;965,7;965,2;-9999;29,6;14,2;30,8;29,2;14,9;13,3;41;35;39;300;1,4;,1;
2007-09-18;00:00;0;966,5;966,7;965,7;-9999;29,2;14,2;30;27,2;15,6;13,4;49;36;40;64;4,7;2,7;
2007-09-18;01:00;0;967,5;967,6;966,5;-9999;26,8;16,1;29,4;26,7;16,1;14,2;52;40;52;295;11,9;5,4;
2007-09-18;02:00;0;967,6;967,6;967,3;-9999;27,5;15,1;27,8;26,1;17;15;57;46;47;88;11,9;2,6;
2007-09-18;03:00;0;967,4;967,6;967,4;-9999;26,8;15,2;28;26,6;15,2;14,8;49;45;49;90;4;1,8;
2007-09-18;04:00;0;967,1;967,4;966,9;-9999;24,8;15,3;26,8;24,8;15,4;15,2;56;49;56;95;4,2;2,3;
2007-09-18;05:00;0;966,8;967,1;966,8;-9999;24;15,4;24,9;24;15,5;15,3;59;56;59;100;5,5;3,4;
2007-09-18;06:00;0;966,4;966,8;966,4;-9999;23,2;15,7;24,2;23,2;15,7;15,5;62;59;62;96;6;3;
2007-09-18;07:00;0;966,3;966,4;966,2;-9999;22,8;16,2;23,3;22,6;16,2;15,7;67;62;66;122;4,5;1,2;
2007-09-18;08:00;0;966,5;966,5;966,1;-9999;21,8;16,2;22,9;21,8;16,3;16,1;71;66;71;109;3,5;1,3;
2007-09-18;09:00;0;967,3;967,3;966,5;-9999;21,3;16,2;22;21,2;16,3;16;73;70;73;124;2,4;1,2;
2007-09-18;10:00;0;968,1;968,2;967,3;14,5;20,1;15,9;21,5;20,1;16,2;15,9;77;72;77;106;2,9;1,2;
2007-09-18;11:00;0;968,9;968,9;968,1;360,9;21,8;16,2;21,8;19,9;16,5;15,9;78;71;71;105;2,7;1,8;
2007-09-18;12:00;0;969,4;969,4;968,9;1032;24,3;16,4;24,3;21,7;17;16,1;71;61;61;73;4,3;2,2;
2007-09-18;13:00;0;969,2;969,6;969,2;1740,6;26,2;16;26,4;24,1;16,6;15,6;62;53;53;47;6,1;3,7;
2007-09-18;14:00;0;968,5;969,2;968,5;2405,5;28,7;15,7;28,8;26,2;16,6;14,8;54;45;45;26;8,3;3,9;
2007-09-18;15:00;0;967,5;968,5;967,4;2825,6;31,4;13,7;31,9;28,7;15,7;13,6;45;34;34;34;9,2;4,5;
2007-09-18;16:00;0;966,6;967,5;966,5;2857;33,6;13,8;33,6;31,2;14,4;12,9;35;29;30;355;8,8;2,9;
2007-09-18;17:00;0;965,3;966,6;965,3;2805,8;35,5;11,9;35,5;33,2;13,7;11,5;30;24;24;354;7,8;2,6;
2007-09-18;18:00;0;964,5;965,3;964,5;2397,7;35,9;10,9;36,2;34,6;12,6;10,7;25;22;22;340;9,4;3,1;
2007-09-18;19:00;0;964;964,5;964;1775,2;36,1;11,4;36,5;35,5;11,6;10,5;23;22;23;316;7,8;3,1;
2007-09-18;20:00;0;964,1;964,2;963,9;1045,4;35,7;11,9;36,3;35,2;12,6;10,9;25;22;24;312;7;3,1;
2007-09-18;21:00;0;964,6;964,6;964,1;378,7;32,9;13;35,7;32,9;13,1;11,8;30;24;30;302;7,9;1,7;
2007-09-18;22:00;0;965,3;965,3;964,6;15,8;31,6;14,1;32,9;29,9;14,4;12,9;38;30;35;249;6,3;2,8;
2007-09-18;23:00;0;966;966;965,3;-9999;30;15,6;31,6;28,7;15,8;14,1;45;35;42;242;4,8;1,9;
2007-09-19;00:00;0;966,7;966,7;966;-9999;29,2;16,2;30,1;28,9;16,2;15,6;46;42;46;230;4,6;1,3;
2007-09-19;01:00;0;967,4;967,4;966,7;-9999;28,1;16,8;29,2;28;16,8;16,2;51;46;50;256;4,1;2,1;
2007-09-19;02:00;0;967,8;967,8;967,4;-9999;26,2;16,9;28,1;26,2;17;16,7;57;50;57;274;3,3;1,1;
2007-09-19;03:00;0;967,6;967,8;967,6;-9999;26,2;17,2;27;26,1;17,2;17;58;55;58;181;5,4;1,9;
2007-09-19;04:00;0;967,4;967,6;967,3;-9999;25,1;17,3;26,2;25,1;17,3;17,2;62;57;62;209;5,9;1,3;
2007-09-19;05:00;0;967,4;967,4;967,3;-9999;23,9;17,6;25,1;23,9;17,6;17,3;68;62;68;210;5,1;1,2;
2007-09-19;06:00;0;967,4;967,5;967,4;-9999;22,9;17,8;23,9;22,9;17,9;17,6;73;68;73;195;4,3;1,5;
2007-09-19;07:00;0;967,1;967,5;967,1;-9999;22,2;17,8;22,9;22,2;17,9;17,7;76;73;76;239;5,1;1,7;
2007-09-19;08:00;0;967,2;967,2;967,1;-9999;22;17,6;22,2;22;17,8;17,6;76;75;76;239;4,5;1,8;
2007-09-19;09:00;0;967,8;967,8;967,2;-9999;21,4;17,4;22;21,4;17,6;17,4;78;76;78;190;4,5;1,9;
2007-09-19;10:00;0;968,6;968,6;967,8;15,7;21,1;17,2;21,4;21,1;17,5;17,2;79;78;78;204;4,7;,7;
2007-09-19;11:00;0;969,5;969,5;968,6;316,2;21,4;17,4;21,4;21;17,6;17,2;80;78;78;186;4;2;
2007-09-19;12:00;0;970,2;970,2;969,5;909,2;23;17,2;23,1;21,4;17,6;16,8;78;69;70;179;7,1;3,3;
2007-09-19;13:00;0;970,3;970,4;970,2;1593,3;25,6;16,8;25,6;22,8;17,5;16,5;70;58;58;164;7,3;2,7;
2007-09-19;14:00;0;970,1;970,3;970,1;2195,1;27,8;16,9;27,8;25,6;17,1;16,1;58;50;51;153;6,7;2,9;
2007-09-19;15:00;0;969,1;970,1;969,1;2601,1;29,4;16,1;29,9;27,8;16,7;15,6;51;44;45;107;6,7;3,4;
2007-09-19;16:00;0;968;969,1;968;2748,9;31,7;15,1;32;29,4;16,5;15;45;36;37;117;6,5;1,7;
2007-09-19;17:00;0;966,9;968;966,9;2607,7;32,7;14,7;32,8;31,1;15,9;14,4;39;33;34;95;5;2,6;
2007-09-19;18:00;0;965,7;966,9;965,7;2218,5;33,8;14,7;34,3;32,5;15,1;14,1;34;31;32;107;5;1,9;
2007-09-19;19:00;0;965,2;965,7;965,1;1678,8;33,9;13,8;34,3;33,5;14,9;13,8;33;30;30;70;4;1,5;
2007-09-19;20:00;0;964,8;965,2;964,8;1020,9;33,7;14,5;34,3;33,6;14,8;13,7;32;30;32;96;4;1,4;
2007-09-19;21:00;0;964,9;965;964,8;372,6;32,6;16,8;33,7;32,6;16,8;14,3;39;31;39;84;2,6;0;
2007-09-19;22:00;0;965,1;965,1;964,9;26,3;28,2;18,1;32,6;28,2;18,1;16;54;38;54;41;0;0;
2007-09-19;23:00;0;965,3;965,3;965,1;-9999;27,5;17,3;28,2;27,4;18,1;17,3;54;52;54;94;1,2;,4;
2007-09-20;00:00;0;965,6;965,6;965,3;-9999;25,3;17,4;27,6;25,3;17,8;17,3;63;54;61;272;1,2;0;
2007-09-20;01:00;0;965,9;965,9;965,6;-9999;23,8;17,2;25,4;23,7;17,4;17,1;67;61;67;288;1,3;,2;
2007-09-20;02:00;0;966,3;966,3;965,9;-9999;22,6;17,3;23,8;22,6;17,3;16,9;72;67;72;328;2;,8;
2007-09-20;03:00;0;966,5;966,6;966,3;-9999;23,9;17,3;24,3;22,6;17,8;17,2;73;64;67;173;4,1;,7;
2007-09-20;04:00;0;966,4;966,5;966,2;-9999;22,3;17;23,9;22;17,5;16,9;73;67;72;274;3,2;1,7;
2007-09-20;05:00;0;966,1;966,5;966,1;-9999;21,6;17;23,1;21,2;17,2;16,7;77;69;75;269;2,6;2,1;
2007-09-20;06:00;0;965,6;966,1;965,6;-9999;21,6;17;22;21,3;17,2;17;77;74;75;197;2,6;,1;
2007-09-20;07:00;0;965,5;965,6;965,5;-9999;21,7;17,1;21,7;20,7;17,2;16,8;79;75;75;263;2,2;1,4;
2007-09-20;08:00;0;966;966;965,5;-9999;19,9;16,6;21,8;19,9;17,4;16,6;82;75;82;315;3;,6;
2007-09-20;09:00;0;966,4;966,4;966;-9999;20,3;17,1;20,3;19,7;17,3;16,6;84;82;82;256;1,9;,7;
2007-09-20;10:00;0;967,3;967,3;966,4;20,1;20,2;17,3;20,4;19,7;17,3;16,7;84;81;83;278;2,9;,4;
2007-09-20;11:00;0;968,1;968,2;967,3;254,4;22;18,3;22;19,5;18,3;16,9;86;79;79;342;1,5;,5;
2007-09-20;12:00;0;968,5;968,5;968,1;765,5;26;18,5;26;22;19,1;18,3;80;63;63;346;1,6;,3;
2007-09-20;13:00;0;968,7;968,9;968,5;1083,1;27,9;18,6;27,9;26;18,9;17,8;64;57;57;323;7,3;2;
2007-09-20;14:00;0;967,9;968,7;967,9;1685;32,2;18,9;32,2;27,9;19,1;18,5;57;45;45;324;6;2,1;
2007-09-20;15:00;0;967;968;967;2193,7;34,1;17,3;34,1;32,2;19;17;46;37;37;332;7,9;2,7;
2007-09-20;16:00;0;965,8;967;965,8;2537,9;34,6;15,9;35,1;34;17,8;15,6;38;32;33;332;8,4;2,9;
2007-09-20;17:00;0;964,7;965,8;964,7;2440,8;35,1;14,4;35,6;34,6;16,3;14,2;33;28;29;344;10,4;3,2;
2007-09-20;18:00;0;963,7;964,7;963,7;1567,5;35;14,7;35,8;34,4;15,4;14,1;31;28;30;335;8,5;2,5;
2007-09-20;19:00;0;963,2;963,7;963,2;1299,1;35,1;14,5;35,4;34,6;14,9;13,7;31;28;29;332;7,6;2,3;
2007-09-20;20:00;0;963,5;963,5;963,2;865,7;34,1;14,6;35,1;34,1;15,1;14,1;32;29;31;328;5,9;1,9;
2007-09-20;21:00;0;963,7;963,7;963,4;296,3;32,3;15,3;34,1;32,3;15,7;14,5;37;31;36;322;5,5;,9;
2007-09-20;22:00;0;964,2;964,2;963,7;29;28,6;16,3;32,3;28,6;16,5;15;47;35;47;277;1,9;,6;
2007-09-20;23:00;0;965;965;964,2;-9999;27,4;15,7;28,6;27,2;16,5;15,7;50;47;49;289;2,1;1,5;
2007-09-21;00:00;0;965,3;965,3;965;-9999;26,3;16,2;27,4;26,3;16,2;15,7;54;49;54;302;2,3;1,4;
2007-09-21;01:00;0;965,7;965,7;965,3;-9999;25,9;16,3;26,4;25,8;16,5;16,2;56;54;56;285;3,5;2;
2007-09-21;02:00;0;965,7;965,9;965,7;-9999;24,6;16,6;25,9;24,6;16,6;16,3;61;56;61;266;3,5;0;
2007-09-21;03:00;0;965,8;965,8;965,7;-9999;23,9;16,5;24,9;23,8;16,9;16,5;64;61;63;290;3;1,6;
2007-09-21;04:00;0;965,8;965,9;965,7;-9999;24,5;16,6;24,7;23,5;16,6;16,4;65;61;62;258;2,8;1,7;
2007-09-21;05:00;0;965,3;965,8;965,3;-9999;23,3;17,2;24,4;22,2;17,2;16,5;71;62;69;256;2,4;1,4;
2007-09-21;06:00;0;965,2;965,3;965,1;-9999;22;17,2;24,4;21,9;17,3;16,7;74;64;74;301;2,6;,8;
2007-09-21;07:00;0;965,1;965,2;965;-9999;21,4;17;22;21,4;17,6;16,9;77;74;76;94;1,8;,1;
2007-09-21;08:00;0;965,1;965,1;965;-9999;21,3;17,2;22,1;21,1;17,6;17;79;75;78;295;1,5;,6;
2007-09-21;09:00;0;965,1;965,1;965;-9999;20,9;17,2;21,5;20,7;17,3;17;80;77;79;264;2,3;1;
2007-09-21;10:00;0;965,8;965,8;965,1;19,4;21,2;17,5;21,2;20,3;17,6;17;83;79;79;237;1,5;,1;
2007-09-21;11:00;0;966,7;966,7;965,8;347,7;23,6;18,4;23,6;21,1;18,6;17,5;82;73;73;107;1,4;,1;
2007-09-21;12:00;0;967,3;967,3;966,7;935,3;27,9;19,5;27,9;23,6;20;18,4;73;60;60;53;2,1;,9;
2007-09-21;13:00;0;967,6;967,6;967,3;1585,8;32,3;19,3;32,3;27,9;20;18,7;60;46;46;11;3,3;1,3;
2007-09-21;14:00;0;967,3;967,6;967,2;2160,3;35;15,6;35,1;32,2;19,4;15,6;46;31;31;326;8,9;3,2;
2007-09-21;15:00;0;966,8;967,3;966,8;2577,7;36,1;14,6;36,4;34,9;16;14,3;32;27;28;316;9,9;4,5;
2007-09-21;16:00;0;965,8;966,8;965,8;2763,5;36,6;14,7;37;35,5;15,3;14,1;29;26;27;337;9,9;3,2;
2007-09-21;17:00;0;964,8;965,9;964,8;2525,8;37,7;14,3;37,7;36,1;15,7;13,2;28;24;25;290;10,9;5,3;
2007-09-21;18:00;0;963,9;964,8;963,8;2109,2;36,9;14,5;37,9;36,5;14,6;13,1;27;23;27;337;11;2,5;
2007-09-21;19:00;0;963,3;963,9;963,3;1559,9;36,4;13,9;37,6;36,3;14,8;12,9;27;23;26;307;8;3,4;
2007-09-21;20:00;0;964;964;963,3;557,5;35,2;14,2;36,4;35,2;14,4;13,4;29;26;28;317;7;2,3;
2007-09-21;21:00;0;964,6;964,7;964,1;292,6;34,1;15,4;35,2;34;15,4;14;33;28;33;297;5,9;,7;
2007-09-21;22:00;0;965,4;965,4;964,6;23,4;29,5;15,7;34,1;29,5;15,7;14,8;43;32;43;323;1,7;,2;
2007-09-21;23:00;0;965,5;965,5;965,4;-9999;29,1;17,2;29,5;28,9;17,2;15,8;49;43;49;110;1,6;,8;
2007-09-22;00:00;0;965,9;965,9;965,5;-9999;28,5;16,5;30;28,4;17,6;16,2;50;44;48;294;4;,5;
2007-09-22;01:00;0;966,6;966,6;965,9;-9999;26;16,6;28,5;25,9;17,3;16,2;58;48;56;155;1,8;0;
2007-09-22;02:00;0;967,2;967,2;966,6;-9999;23,7;17;26;23,7;17,4;16,4;66;56;66;154;1,2;,3;
2007-09-22;03:00;0;967,2;967,3;967,1;-9999;24,2;17,5;24,3;23,2;17,7;16,7;68;65;67;291;2,4;0;
2007-09-22;04:00;0;967,9;968,1;967,2;-9999;25,8;17,3;25,9;23,4;18;17,2;70;59;60;42;5,1;,8;
2007-09-22;05:00;0;967,2;967,9;967,2;-9999;25;17,7;25,8;24,8;17,8;17,3;65;60;64;210;2,1;0;
2007-09-22;06:00;0;966,3;967,2;966,3;-9999;24;17,5;25;23,6;17,7;17,5;69;64;67;250;2,3;1;
2007-09-22;07:00;0;966,1;966,3;966;-9999;23,5;18;24;23;18;17,5;72;67;71;142;2;0;
2007-09-22;08:00;0;966,7;966,8;966,1;-9999;23,1;18;24;23,1;18,1;17,9;73;69;73;84;4,1;1,7;
2007-09-22;09:00;0;966,9;967;966,6;-9999;23,9;18;23,9;22,8;18;17,8;74;70;70;80;5,8;2,5;
2007-09-22;10:00;,4;967,9;968;966,9;-9999;23,3;18,5;24,6;23,2;18,7;17,7;76;66;74;53;10,8;6,1;
2007-09-22;11:00;0;968,4;968,4;967,5;91,8;23;18,9;23,5;23;18,9;18,5;78;74;78;72;10,5;4,6;
2007-09-22;12:00;0;969,1;969,1;968,4;478,1;24,4;18,6;24,4;23;19;18,4;78;70;70;75;8,3;4,4;
2007-09-22;13:00;0;969,1;969,2;969;770,1;24,8;18,5;25,1;24,2;18,9;18,4;71;67;68;63;7,6;3,4;
2007-09-22;14:00;0;969;969,8;969;1302,2;26,4;18,8;27;24,4;19,4;18,2;70;61;63;47;7,1;4,1;
2007-09-22;15:00;0;968,5;969,1;968,5;2079,6;28,2;18,6;28,7;26,4;19,7;18,5;64;55;56;38;8,1;4;
2007-09-22;16:00;0;967,1;968,5;967,1;2720,3;30;19,1;30,4;28,2;19,2;18,2;56;50;52;43;7,5;4;
2007-09-22;17:00;0;965,7;967,1;965,7;2426,5;32,7;18,3;32,7;29,5;19,5;17,8;52;42;42;16;7,2;1,9;
2007-09-22;18:00;0;964,7;965,7;964,7;2026,2;33;19;33,2;31,7;19;17,5;44;41;44;61;7,2;3,2;
2007-09-22;19:00;0;964,1;964,7;964;1617,8;33,8;18,4;34,4;32,9;18,7;16,9;44;37;40;42;8,5;2,9;
2007-09-22;20:00;0;963,8;964,1;963,7;990,6;32,5;18,5;33,8;32,5;18,7;17,5;44;38;44;46;7,3;3,3;
2007-09-22;21:00;0;963,8;963,8;963,6;414,5;31,1;19;32,5;31,1;19,1;18,5;49;43;49;56;7;2,8;
2007-09-22;22:00;0;964,2;964,2;963,8;35;29,1;19,3;31,1;29,1;19,4;19;56;49;56;64;5,1;2,1;
2007-09-22;23:00;0;964,8;964,8;964,2;-9999;27,2;19,7;29,1;27,2;19,8;19,3;64;56;64;141;4,1;,2;
2007-09-23;00:00;0;965,4;965,4;964,9;-9999;26,3;19,9;27,2;26,3;19,9;19,6;68;64;68;149;1,9;,1;
2007-09-23;01:00;0;965,9;965,9;965,4;-9999;25,5;20,1;26,3;25,5;20,3;19,8;72;68;72;42;2,3;,6;
2007-09-23;02:00;0;966,2;966,2;965,9;-9999;23,9;19,6;25,5;23,9;20,3;19,6;79;72;77;114;1,4;0;
2007-09-23;03:00;0;966,1;966,3;966,1;-9999;23,7;20;23,9;23;20,4;19,4;82;77;80;126;1;0;
2007-09-23;04:00;0;965,3;966,1;965,3;-9999;22;19,5;23,7;22;20,1;19,2;86;79;85;11;,8;0;
2007-09-23;05:00;0;964,6;965,3;964,6;-9999;23,5;19,5;23,7;22;20;19,5;87;78;78;297;1,5;,3;
2007-09-23;06:00;0;964,2;964,6;964,2;-9999;22,8;19,2;23,5;22,8;19,4;19,1;80;77;80;290;1,9;0;
2007-09-23;07:00;0;963,9;964,2;963,9;-9999;21;18,5;22,8;21;19,2;18,4;85;80;85;27;,1;0;
2007-09-23;08:00;0;963,6;963,9;963,6;-9999;22;18,9;22;21;18,9;18,3;86;83;83;335;2,1;,4;
2007-09-23;09:00;0;964;964;963,6;-9999;21,5;18,7;22,1;21,4;18,9;18,7;85;81;84;11;2,2;,6;
2007-09-23;10:00;0;964,4;964,4;964;23,3;23,7;19,1;23,8;21,5;19,2;18,7;84;75;75;336;3,1;,9;
2007-09-23;11:00;0;965;965;964,4;370,5;25,9;19,6;25,9;23,5;19,7;19;77;68;68;328;5,4;1,9;
2007-09-23;12:00;0;965,4;965,4;965;1017,1;29,9;19,5;29,9;25,9;20,2;19,5;69;54;54;331;7,2;2,6;
2007-09-23;13:00;0;965,5;965,5;965,3;1737,6;32,7;17,9;32,7;29,9;19,5;17,6;54;41;41;323;11,1;4,7;
2007-09-23;14:00;0;965,5;965,6;965,4;2350,2;34,3;16,3;34,3;32,8;17,8;16,1;41;34;34;314;14;6;
2007-09-23;15:00;0;965;965,5;965;2597,1;35,1;15,6;35,5;34,4;16,3;14,9;34;30;31;292;13,9;8,6;
2007-09-23;16:00;0;964,6;965,1;964,5;2692,4;35,6;14,5;36,1;34,9;16;13,4;32;26;28;297;15,4;8,9;
2007-09-23;17:00;0;963,3;964,6;963,3;2623,2;36,5;14,7;36,9;35,5;15,1;14;29;27;27;296;14,7;7,5;
2007-09-23;18:00;0;962,5;963,4;962,5;2214,9;36,4;13,5;37,1;36,2;14,9;13,2;28;24;25;301;16;8,5;
2007-09-23;19:00;0;962,4;962,6;962,2;1350,5;35,8;12,8;36,6;35,4;14,4;12,6;28;25;25;279;16;8,1;
2007-09-23;20:00;0;962,9;962,9;962,2;1164,3;34,9;14;36,2;34,8;14;12,5;29;24;29;262;13,4;7,4;
2007-09-23;21:00;0;963,7;963,7;962,9;475,7;32,7;14,8;34,9;32,7;14,8;13,8;34;28;34;257;12,2;6,8;
2007-09-23;22:00;0;965;965;963,7;44,6;30,1;16,6;32,7;30,1;16,6;14,7;44;34;44;248;12;4,3;
2007-09-23;23:00;0;966,1;966,1;965;-9999;27,6;17,4;30,1;27,6;17,4;16,6;54;44;54;243;9,5;4,2;
2007-09-24;00:00;0;967,6;967,6;966,1;-9999;25,1;17,6;27,6;25,1;17,7;17,3;64;54;64;246;11,5;4,9;
2007-09-24;01:00;0;969,4;969,5;967,6;-9999;21,5;16,5;25,1;21,5;17,7;16,5;73;64;73;234;10,6;5,4;
2007-09-24;02:00;0;970,3;970,3;969,4;-9999;20,7;15,9;21,5;20,7;16,5;15,9;74;73;74;241;11,4;5,5;
2007-09-24;03:00;0;971,2;971,2;970,3;-9999;19,5;15,4;20,7;19,5;16;15,4;77;74;77;227;11,3;4,2;
2007-09-24;04:00;0;971,9;972;971,2;-9999;18,1;13,8;19,5;18,1;15,3;13,8;78;75;76;221;14,9;4,8;
2007-09-24;05:00;0;972,3;972,3;971,9;-9999;17,6;13,3;18,1;17,5;13,7;13,3;76;75;76;207;11,1;3,6;
2007-09-24;06:00;0;972,3;972,5;972,2;-9999;17,1;12,7;17,6;17,1;13,3;12,7;76;75;75;195;10,2;3,8;
2007-09-24;07:00;0;972,7;972,8;972,2;-9999;16;12,4;17,1;16;12,7;12,4;80;75;80;197;10,2;2,5;
2007-09-24;08:00;0;973,7;973,7;972,7;-9999;15,7;11,7;16,1;15,7;12,6;11,6;80;75;77;188;9,5;3,5;
2007-09-24;09:00;0;974,7;974,7;973,7;-9999;15,3;11,1;15,7;15,3;11,8;10,8;78;74;76;183;9,5;3,7;
2007-09-24;10:00;0;975,4;975,5;974,5;24,2;15,3;10,4;15,3;15,1;11,3;10,4;77;73;73;176;11,3;4;
2007-09-24;11:00;0;976,9;977;975,4;201,9;15,4;10,2;15,5;15,2;10,6;10,1;73;71;71;182;10,9;4,1;
2007-09-24;12:00;0;978;978;977;538;16,3;9,4;16,3;15,4;10,4;9,4;71;64;64;190;11;4,1;
2007-09-24;13:00;0;978,9;979;978;966,3;16;8,7;16,8;15,8;9,7;8,4;65;61;62;195;12,2;4;
2007-09-24;14:00;0;978,7;978,9;978,5;2255;18,7;8;19,3;16;9,2;8;62;50;50;190;12,2;4,7;
2007-09-24;15:00;0;978,6;979;978,6;3054,8;20,3;4,9;21,2;18,4;8,1;4,3;51;34;36;182;13,2;5,2;
2007-09-24;16:00;0;977,8;978,6;977,8;3251,4;21,3;4,6;21,7;20;6;4,2;39;32;34;177;13,8;5,8;
2007-09-24;17:00;0;977;977,9;977;3171,1;22,6;4;22,7;21;5,4;3,5;36;29;30;178;14,6;4,3;
2007-09-24;18:00;0;976,3;977;976,2;2680,8;22,4;1,6;23,5;22,3;4,3;1,6;30;25;25;192;12,5;4,5;
2007-09-24;19:00;0;975,9;976,4;975,8;2185,9;22,3;2;23,2;22,1;2;,6;26;24;26;178;13,1;4,9;
2007-09-24;20:00;0;976,4;976,4;975,9;823,5;20,7;-2,7;22,6;20,6;2,1;-2,7;27;21;21;194;11,7;3,8;
2007-09-24;21:00;0;976,6;976,6;976,3;368,7;19,6;-3,3;21;19,6;-2;-3,4;22;20;21;177;10,7;4;
2007-09-24;22:00;0;976,8;976,8;976,5;41,1;18,1;-3,2;19,6;18;-2,9;-3,6;24;21;23;167;8,2;1,5;
2007-09-24;23:00;0;977,1;977,1;976,8;-9999;16,5;-1,8;18,1;16,5;-1,7;-3,3;29;23;29;175;4;1,2;
2007-09-25;00:00;0;977,4;977,4;977,1;-9999;15,3;-1,4;16,5;15,3;-1,2;-1,8;32;28;32;186;3,5;1,1;
2007-09-25;01:00;0;977,8;977,8;977,4;-9999;14,7;-1,8;15,4;14,7;-1,2;-2,1;32;30;32;168;4,9;2;
2007-09-25;02:00;0;978;978;977,8;-9999;13,9;-1,5;14,7;13,9;-1,5;-1,9;35;32;35;171;5,5;1,9;
2007-09-25;03:00;0;978,1;978,1;977,7;-9999;13,8;-1,5;14;13,7;-1,3;-1,7;35;34;35;169;7,9;2,6;
2007-09-25;04:00;0;977,6;978,1;977,6;-9999;12,9;-,8;13,8;12,9;-,8;-1,6;39;35;39;176;8,6;3,8;
2007-09-25;05:00;0;976,7;977,6;976,6;-9999;12,2;-,1;12,9;12,2;0;-,8;43;39;43;179;8,6;4,1;
2007-09-25;06:00;0;976,2;976,7;976,1;-9999;11,4;,4;12,2;11,4;,5;-,1;47;43;47;172;8,4;2;
2007-09-25;07:00;0;975,9;976,2;975,7;-9999;11,1;,8;11,5;11,1;,8;,4;49;47;49;167;6,1;2;
2007-09-25;08:00;0;976;976;975,8;-9999;10,6;1,1;11,1;10,6;1,1;,7;52;49;52;175;5,8;1,8;
2007-09-25;09:00;0;976,6;976,8;976;-9999;10,4;,7;10,7;10,4;1,1;,7;53;51;51;164;5;1,7;
2007-09-25;10:00;0;976,8;976,8;976,3;39,8;10,5;1,1;10,5;10,2;1,1;,7;53;51;52;167;5,6;2,1;
2007-09-25;11:00;0;977,2;977,3;976,8;574,1;12,5;,8;12,5;10,5;1,3;,6;52;45;45;156;8,6;4;
2007-09-25;12:00;0;977,7;977,8;977,2;1374,6;14,9;-,3;14,9;12,4;,8;-,6;45;35;35;140;10,7;4;
2007-09-25;13:00;0;977,6;977,9;977,6;2128,7;17,4;-,1;17,4;14,8;0;-1,1;36;30;31;139;8,7;3,4;
2007-09-25;14:00;0;976,9;977,6;976,8;2752,5;18,6;,1;19,8;17;1;-,7;31;28;29;128;9,3;3,7;
2007-09-25;15:00;0;975,9;976,9;975,9;3135,4;20,4;2,3;21,2;18,5;2,4;,2;30;28;30;107;8,3;3,8;
2007-09-25;16:00;0;974,7;975,9;974,7;3234,4;22,6;3,8;22,8;20,5;4,5;2;31;29;29;132;8;3,2;
2007-09-25;17:00;0;973,9;974,7;973,8;3072,3;24,2;4,7;24,2;22;4,8;3,4;30;28;28;108;7,1;2,9;
2007-09-25;18:00;0;972,4;973,9;972,4;2154,5;24,3;4,4;24,9;23,4;5,4;4,1;29;27;28;85;5,2;2,2;
2007-09-25;19:00;0;971,8;972,4;971,8;2072,8;25,1;4,3;25,6;24,2;5,2;3,5;28;24;26;97;5,1;2,9;
2007-09-25;20:00;0;971,7;971,8;971,5;1314,9;25;4,3;25,6;24,6;5,1;4;28;26;26;127;5,7;2,4;
2007-09-25;21:00;0;971,9;971,9;971,6;527,6;24,6;5,1;25,2;24,5;5,1;4,1;29;26;29;149;5;1,9;
2007-09-25;22:00;0;972,4;972,4;971,9;39,9;22,9;4,8;24,6;22,9;5,2;4,7;31;28;31;117;4,7;1,7;
2007-09-25;23:00;0;972,7;972,7;972,4;-9999;20;6,7;22,9;20;6,7;4,9;42;31;42;98;3,3;1,4;
2007-09-26;00:00;0;973,2;973,2;972,7;-9999;19,8;6,9;20,1;19,4;7,3;6,7;45;42;43;110;3,4;1,5;
2007-09-26;01:00;0;973,5;973,5;973,2;-9999;19,6;6,2;19,9;19,4;6,9;6,2;43;41;42;113;4,6;2,7;
2007-09-26;02:00;0;973,5;973,5;973,3;-9999;18,6;6,1;19,6;18,6;6,3;6,1;44;41;44;119;5,1;2,3;
2007-09-26;03:00;0;973,4;973,6;973,4;-9999;17,9;5,9;18,6;17,9;6,1;5,7;45;44;45;120;4,5;1,8;
2007-09-26;04:00;0;972,8;973,4;972,8;-9999;17;6;17,9;17;6,1;5,8;48;45;48;148;3,8;1,4;
2007-09-26;05:00;0;972,1;972,8;972,1;-9999;16,8;5,8;17;16,7;6;5,7;49;48;48;141;3,3;,9;
2007-09-26;06:00;0;971,7;972,1;971,7;-9999;16,6;5,7;16,8;16,4;5,9;5,6;50;48;48;130;3,5;1,6;
2007-09-26;07:00;0;971,3;971,8;971,3;-9999;16,1;5,8;16,7;16;5,9;5,6;51;48;51;118;3,9;2,4;
2007-09-26;08:00;0;971,7;971,7;971,3;-9999;15,3;6,3;16,1;15;6,3;5,9;56;51;55;133;3,9;1;
2007-09-26;09:00;0;972,8;972,8;971,7;-9999;14,9;6,7;15,4;14,9;6,7;6,3;58;55;58;171;3,7;1,6;
2007-09-26;10:00;0;973,7;973,7;972,7;33,2;14,5;7,6;15;14,4;7,6;6,7;63;58;63;165;4;1,6;
2007-09-26;11:00;0;974,7;974,7;973,7;416,5;15,9;9,3;15,9;14,5;9,4;7,7;66;63;65;121;7,1;2,8;
2007-09-26;12:00;0;975;975;974,7;1047,1;17,1;9,5;17,2;15,9;9,7;9,2;65;60;61;114;8,4;4,5;
2007-09-26;13:00;0;974,7;975;974,7;1758,9;19,4;10,4;19,4;17,1;10,4;9,4;61;55;56;86;8,4;3,9;
2007-09-26;14:00;0;974;974,7;973,9;2358,5;20,9;9,9;21,4;18,9;10,7;9,6;56;49;49;105;8,3;4,4;
2007-09-26;15:00;0;973,2;974;973,2;2751,9;23,9;11;23,9;20,8;11;9,9;50;44;44;121;7,5;3,2;
2007-09-26;16:00;0;971,7;973,2;971,7;2913,4;25,5;10,6;25,9;23,1;11,2;10;45;39;39;81;7;3,3;
2007-09-26;17:00;0;970,1;971,7;970;2797,8;26,9;10,6;27,1;25,3;11,2;10,3;40;36;36;102;7;3,7;
2007-09-26;18:00;0;968,8;970,1;968,8;2410,7;28;11;28,6;26,8;11,1;10;36;33;35;65;6,5;3,1;
2007-09-26;19:00;0;968,6;968,8;968,5;1638;28,1;10,5;28,8;27,9;11,2;10,1;35;32;34;101;6;3;
2007-09-26;20:00;0;968,6;968,7;968,5;1126,5;28,3;11;28,6;28;11,2;10,4;35;33;34;92;4,7;2,2;
2007-09-26;21:00;0;968,6;968,6;968,5;422,3;27,1;11,9;28,4;27,1;12;10,8;39;34;39;98;4,6;2,7;
2007-09-26;22:00;0;969,1;969,1;968,6;43,5;25,6;12,5;27,1;25,5;12,5;11,9;44;39;44;119;4,2;1,7;
2007-09-26;23:00;0;969,6;969,6;969,1;-9999;23,8;13,1;25,7;23,8;13,1;12,5;51;44;51;109;4;2,1;
2007-09-27;00:00;0;970,3;970,3;969,5;-9999;22,1;13,4;23,9;22;13,4;13;58;51;58;104;4;1,3;
2007-09-27;01:00;0;970,9;970,9;970,3;-9999;22,3;13,5;22,3;21,8;13,6;13,3;59;57;58;128;3;1,3;
2007-09-27;02:00;0;971;971,1;970,8;-9999;21,2;13,7;22,3;21,2;13,8;13,4;62;57;62;149;2,8;,5;
2007-09-27;03:00;0;970,7;971;970,7;-9999;20,2;13,9;21,6;20;14;13,5;68;61;67;158;2,4;,3;
2007-09-27;04:00;0;970,6;970,7;970,5;-9999;18,4;13,5;20,2;18,2;13,8;13,2;74;67;73;184;1,4;,2;
2007-09-27;05:00;0;970,6;970,9;970,6;-9999;16,8;13,1;18,4;16,8;13,8;12,9;79;73;79;167;2;,1;
2007-09-27;06:00;0;970,6;970,7;970,5;-9999;18,8;13,7;18,9;16,4;14,1;12,9;81;72;72;168;2,5;,9;
2007-09-27;07:00;0;970,9;970,9;970,6;-9999;18,6;13,9;19;18,5;13,9;13,7;74;72;74;172;2,7;,7;
2007-09-27;08:00;0;971,1;971,1;970,9;-9999;18,4;14;18,8;18,4;14;13,8;76;73;76;151;3,3;,3;
2007-09-27;09:00;0;971,5;971,5;971,1;-9999;18,5;14,1;18,6;18,1;14,1;13,8;77;75;76;110;2,9;1,7;
2007-09-27;10:00;0;972,3;972,3;971,4;27,4;18;14,1;18,5;17,9;14,1;13,9;78;76;78;112;3,2;1,6;
2007-09-27;11:00;0;973;973;972,3;309,3;18,8;14,4;18,9;18;14,4;14;78;75;75;114;3,5;2;
2007-09-27;12:00;0;973,6;973,7;973;902,4;21,1;14,8;21,1;18,8;14,9;14,4;77;67;67;123;4,1;2,3;
2007-09-27;13:00;0;973,2;973,7;973,2;1739,6;23,7;15,2;23,7;21,1;15,3;14,6;67;58;59;119;4,1;1,4;
2007-09-27;14:00;0;972,4;973,2;972,4;2342,3;26,9;15,6;26,9;23,7;15,7;14,4;59;50;50;70;4,3;2,2;
2007-09-27;15:00;0;971,2;972,4;971,2;2718,6;29,7;15,5;29,9;26;16;14,9;51;42;42;32;4,8;1,7;
2007-09-27;16:00;0;970,3;971,2;970,3;2827,4;31,9;14,9;32;29,5;16;14,8;43;36;36;25;4,8;1,7;
2007-09-27;17:00;0;969,1;970,3;969,1;2704,2;33,1;14;33,8;31,4;15,4;13,8;37;31;32;15;4,5;1,8;
2007-09-27;18:00;0;968,1;969,1;968,1;2353,6;34,6;14,2;34,6;32,9;14,7;13,4;32;29;29;172;4,8;1,3;
2007-09-27;19:00;0;967,3;968,1;967,3;1769,6;34,9;13,3;35,2;34;14,5;13,1;30;27;27;323;4,2;,8;
2007-09-27;20:00;0;967,5;967,5;967,2;888,4;34,2;13,7;35;34,1;14,4;13,2;30;27;29;3;3,2;,7;
2007-09-27;21:00;0;967,8;967,8;967,4;371,8;33,6;13,5;34,3;33,5;14,7;12,8;32;27;30;280;3,8;,9;
2007-09-27;22:00;0;968,5;968,5;967,8;37;31,4;15,2;33,6;31,4;15,2;13;38;29;38;109;6;1,1;
2007-09-27;23:00;0;969;969;968,5;-9999;28,9;16,1;31,4;28,9;16,1;15,2;46;38;46;129;3,3;,2;
2007-09-28;00:00;0;969,8;969,8;969;-9999;28;15,8;28,9;26;16,5;15,8;54;46;48;207;4,5;,5;
2007-09-28;01:00;0;970,3;970,3;969,8;-9999;26,6;15,3;28;26,6;16;15,2;50;48;50;128;2,9;,3;
2007-09-28;02:00;0;970,3;970,4;970,3;-9999;25,8;14,9;26,8;25;15,4;14,8;54;49;51;251;2,2;,6;
2007-09-28;03:00;0;970,3;970,5;970,3;-9999;25,3;15;26,1;25,3;15,1;14,8;53;50;53;229;2,7;1;
2007-09-28;04:00;0;970,1;970,3;970;-9999;24,2;15,5;25,3;24,2;15,5;15,1;58;53;58;175;4,4;1,6;
2007-09-28;05:00;0;969,5;970,1;969,5;-9999;23,6;15,9;24,2;23,6;15,9;15,5;62;58;62;202;3,9;1,5;
2007-09-28;06:00;0;969,1;969,6;969;-9999;22,9;16;23,6;22,9;16;15,9;65;62;65;193;3,9;1,8;
2007-09-28;07:00;0;969;969,1;968,9;-9999;22,3;16;22,9;22,3;16,1;15,9;67;65;67;192;4;1,1;
2007-09-28;08:00;0;969,2;969,2;969;-9999;21,3;15,8;22,4;21,2;16;15,4;71;67;71;137;3;,2;
2007-09-28;09:00;0;969,8;969,8;969,2;-9999;19,5;15,7;21,3;18,6;15,8;14,8;81;71;78;255;2,5;1,4;
2007-09-28;10:00;0;970,9;970,9;969,8;27,6;19,8;15,8;20,1;18,7;16,1;15,3;82;76;77;247;2,5;1,2;
2007-09-28;11:00;0;971,9;971,9;970,9;336,1;22,8;16,4;22,8;19,8;16,6;15,8;78;67;67;185;2,5;,9;
2007-09-28;12:00;0;972,7;972,7;971,9;1039,8;25,6;16,5;25,6;22,8;16,9;16,3;68;57;57;158;4;1,9;
2007-09-28;13:00;0;972,8;972,9;972,7;1285;26,4;16,5;26,7;25,4;17;16,1;58;54;55;159;4,3;1,9;
2007-09-28;14:00;0;972,7;972,8;972,6;2246,5;29;16,4;29,3;26,4;17,3;16,3;56;46;46;105;4,2;2;
2007-09-28;15:00;0;971,9;972,7;971,9;2638,5;30,9;15,5;31,9;28,6;16,8;15,2;47;38;40;63;3,9;,9;
2007-09-28;16:00;0;971,1;971,9;971,1;2768,3;33,1;14,5;33,6;30,8;16,7;14,3;41;32;33;82;3,6;,6;
2007-09-28;17:00;0;970;971,1;970;2702,2;35;14,8;35,3;33,1;15,4;14,2;33;29;30;342;5,7;1,4;
2007-09-28;18:00;0;969;970;969;2348,6;35,2;14,4;35,8;34,2;15,3;13,9;31;28;29;338;5,9;2,3;
2007-09-28;19:00;0;968,2;969;968,2;1629,2;35,3;14;35,8;35,1;14,7;13,4;29;27;28;259;5,9;1,4;
2007-09-28;20:00;0;968,1;968,2;968,1;1055,3;35,4;13,5;35,5;35;14,3;13,5;29;27;27;262;5,5;,9;
2007-09-28;21:00;0;968,4;968,4;968,1;343,1;33,4;15,4;35,4;33,4;15,5;13,3;34;27;34;182;4,9;1,2;
2007-09-28;22:00;0;969,1;969,1;968,4;36,9;30,8;16,3;33,4;30,8;16,4;15,3;42;34;42;177;3,5;,2;
2007-09-28;23:00;0;969,7;969,7;969,1;-9999;29,4;16,4;30,8;29,3;16,5;16,2;46;42;46;116;1,6;,1;
2007-09-29;00:00;0;971,2;971,2;969,7;-9999;27;16,8;29,4;27;17;16,4;54;45;54;56;10,9;3,9;
2007-09-29;01:00;0;972,2;972,2;971,2;-9999;25,2;17,4;27;25,2;17,6;16,8;62;54;62;77;6,9;2,3;
2007-09-29;02:00;0;972,7;972,7;972,1;-9999;23,7;16,7;25,2;23,7;17,4;16,7;65;60;65;77;5,7;2;
2007-09-29;03:00;0;972,3;972,8;972,2;-9999;22,7;17;23,7;22,6;17;16,7;70;65;70;39;3,7;1;
2007-09-29;04:00;0;971,6;972,3;971,6;-9999;22,2;17;22,7;22,1;17,1;17;73;71;73;109;3,3;1,8;
2007-09-29;05:00;0;971,2;971,6;971,1;-9999;22,2;16,6;22,5;21,8;17;16,6;73;70;71;115;3;1,3;
2007-09-29;06:00;0;970,6;971,2;970,6;-9999;20,8;16,6;22,2;20,7;16,7;16,2;77;71;77;117;2,9;,1;
2007-09-29;07:00;0;970,9;971,1;970,6;-9999;19,6;16,5;20,8;19,2;16,7;15,8;83;77;82;120;1,8;,4;
2007-09-29;08:00;0;970,9;971;970,7;-9999;18,2;15,9;19,6;18;16,5;15,4;86;80;86;216;1,8;0;
2007-09-29;09:00;0;971,1;971,1;970,8;-9999;17,7;15,8;18,2;17,7;15,9;15,5;88;85;88;216;,9;0;
2007-09-29;10:00;0;971,7;971,7;971,1;52,8;19,4;16,9;19,4;17,7;17;15,5;89;85;86;175;1,2;,2;
2007-09-29;11:00;0;972,4;972,4;971,7;338,9;21,4;17,6;21,4;19,2;17,7;16,6;86;78;79;154;2,3;1;
2007-09-29;12:00;0;972,8;972,8;972,4;808,6;23,3;17,9;23,5;21,5;18,2;17,6;79;71;72;104;3;2;
2007-09-29;13:00;0;973,1;973,1;972,7;1140,8;25,2;18;25,4;23,3;18,4;17,6;72;63;64;63;5,8;3,6;
2007-09-29;14:00;0;972,9;973,1;972,8;2040,3;28,7;17,2;28,9;25,2;18,5;16,7;64;49;50;47;5,8;3;
2007-09-29;15:00;0;972,5;972,9;972,4;2324,3;30,2;16,5;30,5;28,1;17,7;16,4;51;43;44;51;7,5;2,7;
2007-09-29;16:00;0;971,9;972,5;971,9;1997;30,9;16,1;31,7;30,2;17,7;16,1;45;41;41;80;8;4,2;
2007-09-29;17:00;0;971,6;972;971,5;1625,7;31,1;16,3;31,7;30,7;17,4;15,7;43;39;41;109;9,5;4,2;
2007-09-29;18:00;0;970,9;971,6;970,9;2515,1;30,9;15,5;31,5;30,3;16,3;15,2;41;38;40;110;11,7;6,3;
2007-09-29;19:00;0;970,3;971;970,2;1705,5;29,4;17,4;31,2;29,4;17,9;15,3;49;39;48;111;11,1;6,1;
2007-09-29;20:00;0;970,6;970,7;970,3;983,3;27,8;17,3;29,5;27,8;17,9;17,1;53;48;53;102;11,3;5,9;
2007-09-29;21:00;0;970,5;970,8;970,5;192,8;26,7;17,5;27,8;26,7;17,7;17,3;58;53;57;110;10,6;4,7;
2007-09-29;22:00;0;970,7;970,7;970,3;24,6;25,4;17,5;26,7;25,4;17,6;17,4;62;57;62;112;8,3;3,8;
2007-09-29;23:00;0;971,8;971,9;970,7;-9999;23,4;18,1;25,4;23,4;18,2;17,5;72;62;72;126;8,1;2,7;
2007-09-30;00:00;0;972,5;972,5;971,8;-9999;22,5;18,3;23,4;22,5;18,5;18,2;77;72;77;114;6,4;2,7;
2007-09-30;01:00;0;972,7;972,9;972,5;-9999;21,9;18;22,5;21,9;18,3;18;79;77;79;91;4,7;1,7;
2007-09-30;02:00;0;973;973;972,7;-9999;21,7;17,7;21,9;21,6;18;17,7;79;78;78;100;3;1;
2007-09-30;03:00;0;973,4;973,4;973;-9999;20,5;17,4;21,7;20;17,8;17,1;84;78;83;300;4,9;3,1;
2007-09-30;04:00;0;973;973,4;973;-9999;20,7;17,3;20,9;20;17,4;17;84;80;81;211;4,9;1,6;
2007-09-30;05:00;0;972,9;973,4;972,9;-9999;19,9;17,3;20,7;19,2;17,4;16,5;86;81;85;186;3,1;,5;
2007-09-30;06:00;0;972,3;972,9;972,3;-9999;19;16,8;19,9;18,5;17,4;16,1;89;83;87;177;2,1;,6;
2007-09-30;07:00;0;971,4;972,3;971,4;-9999;17,7;16,3;19,2;17,1;16,9;15,4;92;86;92;103;2,3;,2;
2007-09-30;08:00;0;970,8;971,3;970,8;-9999;18,1;16,3;18,5;17,7;16,8;16,3;92;89;89;78;1,6;,3;
2007-09-30;09:00;0;971,2;971,3;970,5;-9999;19,3;17,2;19,3;17,9;17,2;16,1;91;88;88;138;4,5;1,8;
2007-09-30;10:00;0;971,9;971,9;970,8;57,9;19;16,9;19,4;18,7;17,2;16,8;89;86;88;109;4,8;2;
2007-09-30;11:00;0;972,5;972,5;971,9;299,7;20;17,2;20;19;17,2;16,8;88;84;84;105;3,9;,8;
2007-09-30;12:00;0;975,2;975,2;972,4;475,7;21,4;17,6;21,5;20;17,7;17,1;84;78;79;185;10,2;4,2;
2007-09-30;13:00;0;976,7;976,7;975,1;442,3;20,5;16,7;21,5;20,5;17,7;16,7;80;76;79;145;13,3;5,9;
2007-09-30;14:00;0;976,2;976,9;976,2;773,6;20,5;16,4;20,7;20;17,1;16,4;82;77;77;119;14,6;7,1;
2007-09-30;15:00;0;974,5;976,2;974,3;2018,8;22,4;16,4;22,7;20,5;17,1;16,3;78;68;69;94;13,6;7,5;
2007-09-30;16:00;0;973,5;974,5;973,4;2326,9;25,1;16,3;25,2;22,4;17,2;16,2;69;58;58;95;12,2;5,4;
2007-09-30;17:00;0;972,6;973,6;972,5;1708;24,8;16,2;25,4;24,4;16,8;15,9;61;57;59;95;8,7;3,4;
2007-09-30;18:00;0;970,9;972,6;970,9;2532,9;28;14,3;28,2;24,4;17;14,3;61;43;43;80;8,1;4,4;
2007-09-30;19:00;0;969,5;970,9;969,5;851,4;27,7;12,5;28;27,3;14,5;12,4;45;39;39;70;8,2;3,1;
2007-09-30;20:00;0;969,5;969,7;969,3;656,8;24,9;16,7;27,8;24,9;16,7;12,5;60;39;60;126;6,1;3,4;
2007-09-30;21:00;0;969,4;969,5;969,2;591,6;23,2;17;25,1;23,2;17,8;16,8;68;60;68;125;6,1;2,7;
2007-09-30;22:00;0;970,2;970,2;969,4;51,2;21,3;18;23,2;21,3;18;17,1;81;68;81;102;6,4;2,6;
2007-09-30;23:00;0;970,5;970,5;970,1;-9999;20,7;18,1;21,3;20,7;18,2;17,8;85;81;85;130;4,4;1;
2007-10-01;00:00;0;971;971;970,5;-9999;19,7;17,3;20,7;19,7;18,1;17,2;86;83;86;102;3,1;,8;
2007-10-01;01:00;0;971,5;971,5;971;-9999;19,8;16,5;20,2;19,6;17,4;16,4;86;80;81;118;2,3;,9;
2007-10-01;02:00;0;972;972;971,5;-9999;18,6;16;20,1;18,2;16,6;15,5;86;80;85;159;2;0;
2007-10-01;03:00;0;971,9;972,1;971,8;-9999;17,7;15;18,7;17,7;16,2;15;87;82;84;235;2,1;,1;
2007-10-01;04:00;0;971,7;971,9;971,7;-9999;16,6;14,9;17,7;16,2;14,9;14,2;90;84;90;251;1,5;0;
2007-10-01;05:00;0;971,4;971,7;971,4;-9999;15,8;14,4;16,7;15,5;15;13,8;91;87;91;184;1,4;,5;
2007-10-01;06:00;0;971,1;971,4;971,1;-9999;16,3;14,6;16,4;15,4;14,8;13,7;91;87;90;142;1,5;,6;
2007-10-01;07:00;0;971;971,1;971;-9999;17,3;14,9;17,5;16,3;15,1;14,5;90;84;86;143;1,8;,2;
2007-10-01;08:00;0;971,4;971,4;971;-9999;18,1;14,9;18,1;16,8;15,1;14,4;88;82;82;124;2,4;1;
2007-10-01;09:00;0;971,8;971,9;971,4;-9999;18,2;14,7;18,3;18;15;14,6;82;80;80;120;4,1;2,1;
2007-10-01;10:00;0;972,7;972,7;971,8;47,7;18;14,5;18,2;17,8;14,7;14,4;81;80;80;126;4,1;1,7;
2007-10-01;11:00;0;973,2;973,2;972,7;480,1;18,5;14,6;18,5;18;14,6;14,4;80;78;78;115;5,8;3,4;
2007-10-01;12:00;0;973;973,3;973;1211,2;20,5;15;20,5;18,5;15,1;14,4;79;71;71;92;8,7;4,1;
2007-10-01;13:00;0;972,6;973,1;972,6;1923,9;22,8;15;23;20,2;15,3;14,5;72;60;62;85;9,6;4,9;
2007-10-01;14:00;0;971,8;972,6;971,7;2676,6;25,1;15,5;25,4;22,8;15,8;14,7;61;54;55;85;9,2;4,9;
2007-10-01;15:00;0;970,8;971,8;970,8;2900,8;27,1;15,7;27,6;24,8;16,3;15,2;56;49;50;72;9,1;3,8;
2007-10-01;16:00;0;969,3;970,8;969,3;2955,3;29,8;15,8;30;26,9;16,3;15,3;50;42;43;78;8,1;3,8;
2007-10-01;17:00;0;968;969,3;968;2278,5;30,9;15,5;31,3;29,4;16,2;15,3;43;39;40;58;7,9;4,1;
2007-10-01;18:00;0;966,8;968;966,8;1986,6;32,4;15,1;33,1;30,5;16,2;14,8;40;34;35;83;7,9;4,1;
2007-10-01;19:00;0;966,2;966,8;966,2;1467,7;32,7;15;33,4;31,5;15,7;14,5;37;33;34;84;7,8;3,8;
2007-10-01;20:00;0;966;966,2;966;956,7;32,3;14,7;33;32,2;15,4;14,5;36;33;35;78;6,8;3,4;
2007-10-01;21:00;0;966,3;966,3;966;554,3;31,2;15,2;32,3;31,2;15,4;14,9;38;35;38;100;7;3,2;
2007-10-01;22:00;0;966,5;966,5;966,3;49,2;29,2;15,4;31,2;29,2;15,5;15,2;43;38;43;116;5,5;1,6;
2007-10-01;23:00;0;966,8;966,8;966,5;-9999;27,4;16,1;29,2;27,4;16,2;15,4;50;43;50;114;3,2;1,9;
2007-10-02;00:00;0;967,6;967,6;966,8;-9999;26,4;16,1;27,4;26,4;16,2;16;53;50;53;109;4,2;2,1;
2007-10-02;01:00;0;968,2;968,2;967,6;-9999;24,5;16,1;26,4;24,4;16,1;15,9;60;53;60;84;4,2;1,2;
2007-10-02;02:00;0;968,6;968,6;968,2;-9999;24,2;16,1;24,7;24,2;16,2;16;61;59;61;100;1,9;,9;
2007-10-02;03:00;0;968,6;968,7;968,6;-9999;23,4;16,2;24,5;23,4;16,3;16;64;60;64;119;2;,3;
2007-10-02;04:00;0;968,5;968,6;968,4;-9999;23,5;16,1;23,8;22,8;16,3;15,9;66;62;63;90;3,2;1,2;
2007-10-02;05:00;0;968,6;968,7;968,5;-9999;20,5;15,9;23,6;20,5;16,5;15,7;75;63;75;158;2,3;,3;
2007-10-02;06:00;0;968,6;968,7;968,6;-9999;21,2;16;21,8;20,2;16,4;15,7;77;70;72;125;2,5;1,2;
2007-10-02;07:00;0;968,4;968,7;968,3;-9999;21,1;16;22,2;20,7;16,3;15,9;74;68;73;109;3,1;1,9;
2007-10-02;08:00;0;968,9;969;968,4;-9999;20,5;16,1;21,7;20,5;16,3;15,9;76;71;76;169;3,8;,3;
2007-10-02;09:00;0;969,8;969,8;968,9;-9999;21;16,1;21,1;20,3;16,2;15,8;76;73;74;121;3,4;1,7;
2007-10-02;10:00;0;970,7;970,7;969,8;63,6;20,5;16,1;21;20,4;16,1;16;76;74;76;112;4;2,4;
2007-10-02;11:00;0;971,1;971,2;970,6;603,3;21,7;16,4;21,9;20,2;16,7;16;78;72;72;102;7,8;3,8;
2007-10-02;12:00;0;971,5;971,5;971,1;1300,6;24,4;16,2;24,6;21,7;16,7;16;72;59;60;83;9,8;4,9;
2007-10-02;13:00;0;971,5;971,6;971,4;1745,1;26,2;16,2;26,5;24,4;16,7;15,9;60;54;54;78;9;4,5;
2007-10-02;14:00;0;971;971,5;971;2531,5;29;16,3;29;26,1;17,1;16;55;46;47;94;7,6;4,1;
2007-10-02;15:00;0;970,1;971;970;2813,4;32;16,1;32,4;28,6;16,9;15,6;47;37;38;62;7,4;3,2;
2007-10-02;16:00;0;969,1;970,1;969,1;2949,4;34,5;15,9;34,5;32;16,2;14,9;38;33;33;68;7,2;2,6;
2007-10-02;17:00;0;968;969,1;968;2784,6;35,2;14,6;35,8;33,7;15,5;14,4;33;29;29;69;6,9;2,9;
2007-10-02;18:00;0;966,9;968;966,9;2446,8;36,1;13,9;36,9;35;15,3;13,6;30;26;27;65;6,5;2,3;
2007-10-02;19:00;0;966,4;966,9;966,3;1860;36,3;13,3;37;35,9;14,3;13,1;27;25;25;83;7,1;3,4;
2007-10-02;20:00;0;966,5;966,5;966,4;1171,2;35,8;14,6;36,9;35,8;14,6;12,8;28;24;28;83;6,4;3,7;
2007-10-02;21:00;0;966,8;966,8;966,5;420,3;34,1;14,8;35,9;34,1;14,8;14,2;31;28;31;94;6,4;2,3;
2007-10-02;22:00;0;967,1;967,1;966,7;35,4;31,6;15,5;34,1;31,6;15,5;14,7;38;31;38;109;4,4;1,9;
2007-10-02;23:00;0;967,5;967,5;967,1;-9999;30;16,1;31,6;29,9;16,3;15,5;44;38;43;117;3,1;1,6;
2007-10-03;00:00;0;968;968;967,5;-9999;27;17,3;30;27;17,4;16,2;55;43;55;91;2,5;,4;
2007-10-03;01:00;0;968,5;968,5;968;-9999;25,4;16,8;27;25,4;17,4;16,8;59;55;59;101;1,2;0;
2007-10-03;02:00;0;968,7;968,7;968,5;-9999;24,1;16,5;25,4;24,1;17;16,5;63;59;63;224;1,2;0;
2007-10-03;03:00;0;968,8;968,8;968,7;-9999;22,2;16,7;24;21,8;16,7;16,2;71;63;71;251;,8;0;
2007-10-03;04:00;0;968,7;968,9;968,7;-9999;21;16,4;22,5;21;16,9;16,2;75;69;75;278;1,3;0;
2007-10-03;05:00;0;968,4;968,7;968,4;-9999;20,4;15,9;21,7;20,4;16,7;15,9;77;73;75;147;1,8;0;
2007-10-03;06:00;0;967,9;968,4;967,9;-9999;19,7;16,3;20,4;19,2;16,3;15,8;82;75;81;226;1,1;,1;
2007-10-03;07:00;0;967,8;967,9;967,8;-9999;19,2;16,1;19,9;19;16,3;15,5;84;78;82;94;1,1;0;
2007-10-03;08:00;0;968,2;968,2;967,8;-9999;20,5;16,7;20,6;19,1;16,8;15,9;84;78;79;116;1,2;,4;
2007-10-03;09:00;0;968,6;968,6;968,2;-9999;20,9;16,1;21,5;20,2;16,7;16;79;72;74;124;2,4;,5;
2007-10-03;10:00;0;969,4;969,4;968,6;38,6;21,2;16;21,2;20,6;16,2;15,7;75;72;72;120;2,7;1,4;
2007-10-03;11:00;0;970;970;969,4;395,3;22,7;15,9;22,7;21,2;16,3;15,9;72;65;66;122;3,8;2;
2007-10-03;12:00;0;970,3;970,4;970;815,2;24,2;15,7;24,2;22,7;16,1;15,5;66;59;59;104;4,9;2,7;
2007-10-03;13:00;0;970,3;970,4;970,2;1221,9;27;13,6;27,2;24,2;15,7;13,6;59;44;44;86;5,9;2,9;
2007-10-03;14:00;0;969,9;970,3;969,9;2004;29,7;13,4;30;27;14,3;12,9;45;36;37;75;7,1;3,8;
2007-10-03;15:00;0;969,3;969,9;969,2;1756,8;31,2;12,4;31,5;29,5;13,5;12,1;37;31;32;59;8,1;3,6;
2007-10-03;16:00;0;968,1;969,3;968,1;2245,7;33;12,5;33,5;31,1;13,2;12;32;28;29;57;7,2;2,9;
2007-10-03;17:00;0;966,8;968,1;966,8;2224,7;34,4;12,3;34,7;33,1;13;11,8;29;26;26;32;6,5;2,4;
2007-10-03;18:00;0;965,8;966,8;965,8;1677,3;34,7;12,3;35;34,1;13;11,8;27;25;26;72;6,4;2,1;
2007-10-03;19:00;0;965,3;965,8;965,3;1215,3;34,6;12,7;35,3;34,5;13,2;12,1;28;25;27;79;5,8;2,3;
2007-10-03;20:00;0;965,2;965,3;965,2;726;34;13;34,8;34;13,2;12,4;28;26;28;80;5,3;2,3;
2007-10-03;21:00;0;965,4;965,4;965,2;183;31,8;14;34;31,8;14,1;13,1;34;28;34;67;3,8;1,2;
2007-10-03;22:00;0;965,4;965,5;965,4;20,7;28,2;14,8;31,8;28,2;15,5;13,9;44;34;44;330;1,8;,1;
2007-10-03;23:00;0;965,9;965,9;965,4;-9999;25;15,3;28,4;25;15,8;14,5;55;43;55;284;2,2;1,3;
2007-10-04;00:00;0;966,7;966,7;965,9;-9999;24,5;15,6;25;24,1;16,1;15,4;59;55;58;99;1,7;0;
2007-10-04;01:00;0;967,1;967,1;966,7;-9999;23,2;15,7;24,7;23,2;15,7;15,3;63;57;63;63;1,2;0;
2007-10-04;02:00;0;967,4;967,4;967,1;-9999;22,7;15,8;23,3;22,5;16;15,2;65;62;65;160;1,2;,4;
2007-10-04;03:00;0;967,5;967,5;967,4;-9999;21,2;15,7;22,8;20,8;16,3;15,5;72;65;71;283;2,2;,6;
2007-10-04;04:00;0;967;967,5;967;-9999;20,2;15,5;21,2;20,1;15,7;15,3;75;70;74;208;2,1;0;
2007-10-04;05:00;0;966,4;967;966,4;-9999;19,5;15,3;20,2;19,5;16;15,2;77;74;77;267;1,8;1;
2007-10-04;06:00;0;966;966,4;966;-9999;18,4;14,8;19,5;18,4;15,4;14,7;81;77;79;343;1,6;0;
2007-10-04;07:00;0;966;966;965,9;-9999;18,2;14,8;19,1;18,1;15,2;14,4;81;76;80;189;1,5;0;
2007-10-04;08:00;0;966,3;966,4;966;-9999;17,4;14,8;18,2;17,3;15,1;14,4;85;80;85;238;1,3;0;
2007-10-04;09:00;0;966,9;966,9;966,3;-9999;17,7;14,5;17,8;16,9;15;14,2;87;81;81;212;2,5;1;
2007-10-04;10:00;0;967,8;967,8;966,9;44,7;17,4;14,7;17,7;16,7;14,7;13,6;86;80;85;279;2,5;1,1;
2007-10-04;11:00;0;968,5;968,5;967,8;401,6;21;16;21;17,4;16,5;14,8;85;73;73;5;1,8;0;
2007-10-04;12:00;0;968,6;968,7;968,5;936,9;24,3;15,2;24,3;21,1;16,1;14,9;73;57;57;151;1,6;,3;
2007-10-04;13:00;0;968,3;968,6;968,3;1626,5;27,3;14,4;27,3;24,3;15,7;14,2;59;45;45;104;2,6;1,1;
2007-10-04;14:00;0;967,8;968,3;967,8;2418,7;31,3;12,5;31,4;27,3;14,6;11,8;45;32;32;48;5,3;2,3;
2007-10-04;15:00;0;966,8;967,8;966,8;2731,8;34,3;10,4;35;31,2;13;10,2;32;23;23;16;5,7;2,1;
2007-10-04;16:00;0;965,6;966,8;965,6;2797,4;36,1;11,3;36,3;33,9;11,7;9,8;25;21;22;1;5,5;1,8;
2007-10-04;17:00;0;964,5;965,6;964,5;2626,4;36,5;10,4;37,2;35,5;12,1;10,1;24;20;21;22;6,1;1,7;
2007-10-04;18:00;0;963,6;964,5;963,6;2237,5;37,1;10,3;37,8;36,5;11,9;9,6;22;19;20;129;6,1;1,1;
2007-10-04;19:00;0;963,1;963,6;963,1;1621,2;36,7;11,1;37,5;36,7;11,8;9,8;22;19;21;52;4,9;2;
2007-10-04;20:00;0;963,2;963,3;963,1;925;36,3;11,9;36,9;36,3;12,2;10,8;23;21;23;61;5,2;3,1;
2007-10-04;21:00;0;963,8;963,8;963,2;377,4;34,6;12,4;36,3;34,6;12,5;11,7;26;23;26;66;4,8;2,8;
2007-10-04;22:00;0;964,6;964,6;963,8;37,1;31,6;12,8;34,6;31,6;12,8;12,3;32;26;32;111;4,7;1,9;
2007-10-04;23:00;0;965,2;965,2;964,6;-9999;29,8;12,5;31,7;29,8;12,8;12,2;35;30;35;114;4,3;2,1;
2007-10-05;00:00;0;965,5;965,5;965,2;-9999;28,8;12;29,8;28,7;12,9;11,9;36;35;35;115;5,1;2,6;
2007-10-05;01:00;0;966,2;966,2;965,5;-9999;26,9;11,9;28,8;26,9;11,9;11,5;39;35;39;104;4,7;1,4;
2007-10-05;02:00;0;966,4;966,4;966,2;-9999;23,9;13;26,9;23,9;13,1;11,9;51;39;51;76;2,8;0;
2007-10-05;03:00;0;965,9;966,4;965,9;-9999;21,8;12,8;23,9;21,3;13,2;12,7;58;51;57;284;1,2;,4;
2007-10-05;04:00;0;965,6;966;965,6;-9999;19,9;13,3;22;19,6;13,6;12,9;67;57;66;268;2,6;2;
2007-10-05;05:00;0;965,4;965,6;965,4;-9999;18,8;13,6;20,3;18,7;13,8;13;73;64;72;268;2,6;0;
2007-10-05;06:00;0;965,2;965,4;965,1;-9999;18,5;13,3;18,8;17,7;13,6;12,7;73;71;71;215;2;,8;
2007-10-05;07:00;0;965,2;965,3;965,1;-9999;17,9;12,9;18,7;17,2;13,3;12,9;76;70;73;225;2;,2;
2007-10-05;08:00;0;965,6;965,6;965,2;-9999;17,1;12,9;18,5;17,1;13;12,8;76;70;76;267;2,7;1,3;
2007-10-05;09:00;0;966,3;966,3;965,6;-9999;17,1;13,1;17,1;16,4;13,1;12,7;79;76;77;283;2,2;,5;
2007-10-05;10:00;0;967,4;967,4;966,3;58,2;18,8;13,5;18,8;17,1;13,5;12,8;78;72;72;143;2;,8;
2007-10-05;11:00;0;968,1;968,1;967,4;509;23,2;13,2;23,2;18,8;13,6;13;72;53;53;124;3,8;1,6;
2007-10-05;12:00;0;968,2;968,3;968,1;1223,3;25,5;13;25,5;23,2;13,7;12,8;53;46;46;104;4,4;2,6;
2007-10-05;13:00;0;967,9;968,3;967,8;1987;28,1;11,6;28,1;25,4;13,2;11,4;46;36;36;95;4;2,3;
2007-10-05;14:00;0;967,1;967,9;967,1;2623,5;30,8;11,1;31,4;27,9;12,5;11,1;37;30;30;68;6,5;2,8;
2007-10-05;15:00;0;965,8;967,1;965,8;2997,9;34,7;10,3;34,9;30,6;12,3;10,3;31;22;23;39;6;2,6;
2007-10-05;16:00;0;964,5;965,8;964,5;3115,6;36,7;8,4;37,1;34,5;10,9;8,1;23;17;18;33;8,2;3,1;
2007-10-05;17:00;0;963,4;964,5;963,4;3020,7;38;7,5;38,3;36,7;9,2;6,6;18;15;16;12;6,9;2;
2007-10-05;18:00;0;962,2;963,4;962,2;2600,5;38,5;6,2;38,9;37,6;8,2;6,1;17;14;14;327;7;1,1;
2007-10-05;19:00;0;961,4;962,2;961,4;2047,1;38,2;6,5;39;38;7,9;6,1;15;14;14;6;5,3;2,1;
2007-10-05;20:00;0;961,2;961,4;961,2;1310,3;37,6;6,5;38,6;37,6;7,2;5,5;15;14;15;44;6,4;2;
2007-10-05;21:00;0;961,2;961,3;961,2;548,9;35,4;10,1;37,6;35,4;11,2;5,9;23;14;21;14;4,6;,3;
2007-10-05;22:00;0;961,6;961,6;961,2;40,6;29,7;10,7;35,5;29,7;11,2;9,2;31;20;31;283;1,3;,5;
2007-10-05;23:00;0;962;962;961,6;-9999;27,2;10,3;29,7;26,6;11,9;9,8;40;31;35;205;2,6;,7;
2007-10-06;00:00;0;962,9;962,9;962;-9999;25,4;11,3;27,2;25,1;13;10,4;46;35;41;276;2,6;1,1;
2007-10-06;01:00;0;963,5;963,6;962,9;-9999;25;11,6;25,4;24,2;12,5;11,3;47;41;43;279;1,4;,3;
2007-10-06;02:00;0;963,9;963,9;963,5;-9999;22,9;13;25;22,9;13,1;11,3;53;43;53;49;1,6;,3;
2007-10-06;03:00;0;964,3;964,5;963,9;-9999;24,8;12,7;24,8;22,5;13,8;12,5;56;47;47;334;2,5;,9;
2007-10-06;04:00;0;964,1;964,3;964,1;-9999;24,9;13,8;26,8;23,3;14,1;12,4;52;44;50;120;4,2;1,5;
2007-10-06;05:00;0;964,1;964,3;964,1;-9999;23,4;14,5;24,9;23,1;14,6;13,8;58;50;57;85;3,5;,4;
2007-10-06;06:00;0;963,4;964,2;963,4;-9999;22,2;14,9;23,5;21,6;15;14,4;65;57;63;258;2,5;,9;
2007-10-06;07:00;0;963,6;963,7;963,2;-9999;22,2;15,5;22,6;21,6;15,5;14,7;67;62;66;255;3,9;1,6;
2007-10-06;08:00;0;964,2;964,2;963,5;-9999;21,5;15,4;22,5;20,9;15,5;14,8;70;64;69;94;3,2;1,6;
2007-10-06;09:00;0;964,6;964,7;964,1;-9999;21,1;15,4;22,1;21;15,6;15;70;65;70;68;2,5;,1;
2007-10-06;10:00;0;965;965;964,6;39,1;21,4;15,5;21,4;20,1;15,7;15,1;74;69;69;84;1,6;,3;
2007-10-06;11:00;0;966,1;966,1;965;414,5;23,8;15,9;23,8;21,4;16,4;15,5;70;61;61;22;1,8;,5;
2007-10-06;12:00;0;966,7;966,7;966,1;903,3;26,5;15,7;26,5;23,8;16,3;15,1;61;51;52;13;3;,9;
2007-10-06;13:00;0;967;967,1;966,6;1636,6;28,9;15,2;28,9;26,4;15,7;14,4;51;42;43;356;3,7;1,2;
2007-10-06;14:00;0;966,8;967;966,7;2320,9;33,3;13,3;33,3;28,9;15,3;13;44;30;30;339;8,4;2,8;
2007-10-06;15:00;0;966,3;966,8;966,3;2864,8;33,9;12,4;34,3;32,8;13,2;11,4;30;26;27;331;10,3;3,9;
2007-10-06;16:00;0;965,6;966,3;965,6;2913,3;34,7;13,4;35,5;33,8;14;12,5;29;26;28;333;11;3,8;
2007-10-06;17:00;0;964,6;965,6;964,6;2165;35,1;13,9;35,3;34,2;14,1;13,2;29;27;28;319;10;3,7;
2007-10-06;18:00;0;963,8;964,6;963,8;1573,2;35,1;13,8;35,3;34,5;14,5;13,4;29;28;28;313;9,4;3,3;
2007-10-06;19:00;0;963,3;963,9;963,3;1539,7;36;13,2;36,2;34,8;14,4;13;29;25;26;317;7,8;3,3;
2007-10-06;20:00;0;963,3;963,3;963,2;1173,4;35,2;12,8;36,2;35,2;13,5;12,5;26;24;26;322;9,3;2;
2007-10-06;21:00;0;963,6;963,7;963,3;416;32,9;13,7;35,2;32,9;13,7;12,9;31;26;31;328;5,6;1,3;
2007-10-06;22:00;0;963,3;963,7;963,3;29;28,4;14,1;32,9;28,4;14,2;13,4;42;31;42;312;3,4;,4;
2007-10-06;23:00;0;963,3;963,3;963;-9999;27,9;14,6;28,4;27,3;15,1;14,2;47;42;44;286;2,1;,2;
2007-10-07;00:00;0;964,5;964,5;963,2;-9999;26,9;15,3;27,9;25,9;16;14,5;54;44;49;341;2,7;,3;
2007-10-07;01:00;0;965,9;965,9;964,5;-9999;27;14,9;27,2;26,7;15,2;14,9;49;47;48;348;4,1;1,5;
2007-10-07;02:00;0;966,3;966,4;965,9;-9999;25,9;15,3;27,1;25,9;15,4;14,9;52;47;52;348;4,2;1,1;
2007-10-07;03:00;0;966,3;966,4;966,1;-9999;25,8;15,8;25,9;25,6;15,8;15,3;54;52;54;249;3,2;,8;
2007-10-07;04:00;0;965,6;966,3;965,6;-9999;25,5;15,2;25,9;25,1;15,8;15,2;56;53;53;321;3,6;1,2;
2007-10-07;05:00;0;964,5;965,6;964,5;-9999;24,7;15;25,6;24;15,3;15;58;52;55;249;3,6;1,4;
2007-10-07;06:00;0;965,3;965,3;964,1;-9999;23,6;15,6;24,7;22,7;15,6;14,7;63;54;61;103;5,5;2,9;
2007-10-07;07:00;0;966,5;966,5;965,2;-9999;24,8;15,2;24,8;23,6;15,6;15,2;61;55;55;237;5,6;1,2;
2007-10-07;08:00;0;967,4;967,4;966,5;-9999;23,7;15,4;24,8;22,1;15,7;15,2;66;55;60;253;6,1;3,8;
2007-10-07;09:00;0;967,8;967,9;967,4;-9999;23,2;16,4;24,2;23,2;16,7;15,4;65;58;65;243;8,5;3,4;
2007-10-07;10:00;0;968,3;968,3;967,7;52,7;22,9;16;23,3;22,8;16,3;15,8;65;63;65;263;8,4;2,7;
2007-10-07;11:00;0;969,9;969,9;968,3;282,7;24,1;15,9;24,1;22,8;16,2;15,7;66;60;60;243;8,6;3,4;
2007-10-07;12:00;0;971,3;971,3;969,9;638,8;24,4;16,4;24,5;24;16,5;15,9;62;60;61;244;8,6;3,5;
2007-10-07;13:00;0;971,3;971,7;971,3;1479,5;27;16,9;27;24,4;16,9;16,3;61;54;54;214;8,6;2,6;
2007-10-07;14:00;0;971;971,4;970,9;2525,4;27,7;17,5;27,8;26,2;17,5;15,9;55;50;54;173;8,9;2,9;
2007-10-07;15:00;0;970,2;971;970,2;2947,6;29,2;16,6;29,3;27,6;17,6;16,2;54;47;47;185;8,6;3,2;
2007-10-07;16:00;0;969,2;970,3;969,2;2591,9;29,8;15,6;30,2;28,4;16,6;15,4;48;41;42;181;8,1;2,4;
2007-10-07;17:00;0;968,3;969,2;968,2;1838;29,8;15,9;30,4;29,4;15,9;15,3;44;41;43;207;6,8;2,8;
2007-10-07;18:00;0;967,7;968,3;967,7;1813,9;30,4;15;30,6;29,5;15,7;14,8;43;39;39;181;8;2,7;
2007-10-07;19:00;0;967,5;967,8;967,5;1119,9;29,8;14,9;30,6;29,7;15,3;14,6;41;39;40;213;8;2,6;
2007-10-07;20:00;0;967,6;967,6;967,3;727,4;29,2;15,7;30;29;15,7;14,6;44;40;44;224;6,7;2,3;
2007-10-07;21:00;0;968;968;967,6;299,7;27;14,8;29,2;27;15,7;14,7;47;43;47;201;6,2;1,9;
2007-10-07;22:00;0;968;968,1;967,9;30,8;25,7;14,9;27;25,7;14,9;14,6;51;47;51;176;5,1;1,5;
2007-10-07;23:00;0;968,6;968,6;968;-9999;24,4;15,9;25,8;24,4;15,9;14,9;59;51;59;233;5,4;,8;
2007-10-08;00:00;0;969,2;969,2;968,6;-9999;23,6;15,5;24,4;23,5;15,9;15,4;61;59;60;170;3;,4;
2007-10-08;01:00;0;969,9;969,9;969,2;-9999;22,5;15,5;23,7;22,5;15,5;15,4;64;60;64;249;3,2;1,5;
2007-10-08;02:00;0;970,1;970,2;969,9;-9999;22,4;15,6;22,9;22,4;15,6;15,5;66;63;66;210;4;,4;
2007-10-08;03:00;0;970;970,3;970;-9999;21,1;16,1;22,4;20,7;16,1;15,3;73;66;73;184;2,1;,1;
2007-10-08;04:00;0;969,7;970;969,7;-9999;21,5;16,6;21,7;20,9;16,7;15,9;74;71;74;239;2,8;1,4;
2007-10-08;05:00;0;969;969,7;969;-9999;21,3;16,9;21,9;20,9;16,9;16,3;76;73;76;236;2,4;1;
2007-10-08;06:00;0;968,8;969,1;968,8;-9999;21,2;17,3;21,4;21,1;17,3;16,9;78;76;78;225;3,3;1,6;
2007-10-08;07:00;0;968,8;968,8;968,7;-9999;20,3;17,2;21,3;20,3;17,3;17,1;82;78;82;224;3,3;0;
2007-10-08;08:00;0;968,9;968,9;968,7;-9999;20,5;17,2;20,6;19,9;17,4;17;84;81;81;232;2,9;1;
2007-10-08;09:00;0;969,2;969,3;968,9;-9999;20,1;17,2;20,5;19,8;17,2;16,9;84;81;83;226;2,6;1,3;
2007-10-08;10:00;0;970;970;969,2;72,1;20,6;17,2;20,6;20;17,2;16,8;83;81;81;178;3,9;1,7;
2007-10-08;11:00;0;970,2;970,2;969,9;609,3;23,7;17,2;23,7;20,6;17,6;17;81;67;67;150;4,1;1,2;
2007-10-08;12:00;0;970,6;970,6;970,2;1385,3;26,2;17;26,2;23,4;17,5;16,4;67;55;57;131;3,5;1,6;
2007-10-08;13:00;0;970,6;970,8;970,6;2162,7;27,4;15,9;28;25,9;17;15,7;58;48;49;96;6,7;3,8;
2007-10-08;14:00;0;970;970,6;969,9;2759,4;30,3;15,4;30,5;27,4;16,9;15,3;50;40;41;99;7;3,9;
2007-10-08;15:00;0;969,3;970;969,3;3102,4;31,9;15,3;31,9;30;15,9;14,7;41;36;37;89;6,8;3;
2007-10-08;16:00;0;968;969,3;968;3190,8;34,1;14;34,1;31,7;15,1;13,3;37;29;30;74;6,5;1,3;
2007-10-08;17:00;0;966,6;968;966,6;3042,6;34,4;13,1;35,1;33,3;14,3;12,9;30;27;28;57;6,3;3;
2007-10-08;18:00;0;965,3;966,6;965,3;2479,6;34,9;12,6;36;34,1;13,7;11,9;28;25;26;67;6,4;1,9;
2007-10-08;19:00;0;964,5;965,3;964,5;2126,3;35,2;11,6;36;34,9;13;11,5;26;24;24;68;6,7;2,2;
2007-10-08;20:00;0;964,3;964,5;964,2;1005;34,7;12,7;35,9;34,4;13,3;11,7;27;23;27;107;6,4;1,9;
2007-10-08;21:00;0;964,6;964,7;964,3;300,7;29,8;15,3;34,9;29,7;15,4;12,4;42;26;42;290;10,3;5,5;
2007-10-08;22:00;0;965,4;965,4;964,6;25,2;29,8;15,7;31,1;29,3;15,8;14,6;44;37;43;139;9,5;3,1;
2007-10-08;23:00;0;965,6;965,6;965,4;-9999;28,5;15,2;29,8;28,5;15,8;15,2;45;43;44;162;7,2;,4;
2007-10-09;00:00;0;966,3;966,3;965,5;-9999;26,6;16,2;28,5;26,5;16,2;15,1;53;44;53;89;3,5;2,2;
2007-10-09;01:00;-9999;-9999;-9999;-9999;-9999;-9999;-9999;-9999;-9999;-9999;-9999;-9999;-9999;-9999;-9999;-9999;-9999;
2007-10-09;02:00;0;967,1;967,2;967;-9999;25,9;15,7;26,5;25,8;16,6;15,7;56;52;53;113;3,5;1,7;
2007-10-09;03:00;0;967,1;967,2;967;-9999;23,8;16,2;25,9;23,8;16,4;15,6;63;53;63;91;2,8;,1;
2007-10-09;04:00;0;966,6;967,2;966,6;-9999;22,1;16,2;23,8;22;16,4;15,9;69;62;69;245;2;,9;
2007-10-09;05:00;0;966,4;966,6;966,3;-9999;21,6;16,7;22,3;21,2;16,8;15,9;74;69;73;281;3,3;1,3;
2007-10-09;06:00;0;966,7;966,7;966,4;-9999;22;16,8;22;21,2;16,8;16,5;76;72;72;6;2,8;,4;
2007-10-09;07:00;0;966,5;966,7;966,5;-9999;24;16,6;24,3;21,6;17;16,6;75;63;63;103;4,2;1,5;
2007-10-09;08:00;0;966,5;966,5;966,3;-9999;26,5;16,3;26,5;23,9;16,9;16,3;64;54;54;87;5,4;3;
2007-10-09;09:00;0;966,9;966,9;966,5;-9999;27;15,8;27,1;26;16,5;15,8;56;50;50;69;6;3,3;
2007-10-09;10:00;0;967,2;967,2;966,8;14,8;26,6;16,1;27,3;26,1;16,5;15,7;55;49;52;55;7,5;4,4;
2007-10-09;11:00;0;968,4;968,4;967,1;202,8;26,6;17;26,6;26,2;17;16,1;56;52;56;70;7,5;3,4;
2007-10-09;12:00;0;969,2;969,2;968,3;588,2;27,1;17,6;27,2;26,4;17,8;17;59;55;56;82;7,2;3,4;
2007-10-09;13:00;0;969,6;969,7;969,2;526,7;26,6;17,3;27,3;26,4;17,8;17;57;54;56;75;7,8;3,2;
2007-10-09;14:00;0;969,3;969,6;969,3;1250,2;27,7;17,4;28;26,4;17,9;17,1;59;53;54;96;6,5;4,1;
2007-10-09;15:00;0;968,7;969,3;968,7;1997,7;28,3;17;29,6;27,7;17,8;16,4;54;46;50;76;8,5;4,8;
2007-10-09;16:00;0;968;968,8;968;2201,1;29,3;17,6;29,6;27,8;18;17;54;49;49;89;8,3;4,7;
2007-10-09;17:00;0;967;968;967;2243,9;29,4;17,6;29,7;27,9;18;17;53;48;49;99;7,7;4,2;
2007-10-09;18:00;0;965,8;967;965,8;1848,1;31,2;17,5;31,6;29,3;17,9;16,9;50;43;44;77;7,2;3,8;
2007-10-09;19:00;0;965;965,9;965;2089,2;32,3;17,1;32,5;30,5;17,4;16,3;45;40;40;94;6,2;3,3;
2007-10-09;20:00;0;964,6;965;964,6;1184,2;32,9;16,1;33,1;32,3;17,2;15,5;40;35;37;74;5,8;3;
2007-10-09;21:00;0;964,7;964,7;964,6;305,2;31,4;16,4;33;31,4;16,6;16,1;41;37;41;93;4,1;1,9;
2007-10-09;22:00;0;964,9;964,9;964,7;34,5;29,6;17,3;31,4;29,6;17,3;16,4;48;41;48;100;3,3;1,8;
2007-10-09;23:00;0;965,2;965,3;964,9;-9999;28;17,9;29,6;28;17,9;17,3;54;48;54;104;4,6;2,6;
2007-10-10;00:00;0;965,7;965,7;965,2;-9999;27,4;18,2;28;27,2;18,3;17,9;58;54;57;135;4,1;,8;
2007-10-10;01:00;0;966,2;966,2;965,7;-9999;26,9;18,3;27,6;26,9;18,4;17,9;60;56;60;190;2,2;0;
2007-10-10;02:00;0;966,4;966,4;966,2;-9999;25,4;18,4;26,9;25,3;18,5;18,1;65;59;65;264;1,8;1,3;
2007-10-10;03:00;0;966,2;966,4;966,2;-9999;25;18,4;25,4;24,6;18,4;18,2;68;65;67;261;2,4;1,5;
2007-10-10;04:00;0;965,8;966,3;965,8;-9999;23,4;18,1;25,1;23,4;18,5;18,1;72;66;72;268;2,6;1,2;
2007-10-10;05:00;0;965,4;965,8;965,4;-9999;22,2;17,8;23,4;22,2;18,2;17,7;77;72;76;266;2,1;0;
2007-10-10;06:00;0;964,9;965,4;964,9;-9999;20,9;17,3;22,2;20,9;18,1;17,3;81;76;80;269;2,5;1,5;
2007-10-10;07:00;0;964,8;964,9;964,7;-9999;20,4;17;21,2;20,4;17,3;17;81;78;81;266;3;2,5;
2007-10-10;08:00;0;965,1;965,2;964,8;-9999;19,6;16,7;20,4;19,3;17;16,3;83;81;83;272;3;0;
2007-10-10;09:00;0;965,5;965,6;965,1;-9999;18,8;16,1;19,8;18,8;16,7;16,1;84;81;84;236;3,3;,5;
2007-10-10;10:00;0;966,2;966,2;965,5;88,5;19,9;16,6;19,9;18,6;16,8;15,7;85;81;82;201;1,9;0;
2007-10-10;11:00;0;966,9;966,9;966,1;712,2;25,3;17,3;25,3;19,8;18,4;16,5;82;60;61;107;1,8;,9;
2007-10-10;12:00;0;966,9;967;966,8;1404,5;28,7;14,4;28,7;25,3;17,5;14,3;61;42;42;89;3,2;1,7;
2007-10-10;13:00;0;966,5;967;966,5;2103,8;31,8;12,4;32;28,7;14,8;11,1;42;30;31;40;6,8;3;
2007-10-10;14:00;0;965,8;966,6;965,7;2591,1;36,3;8,9;36,4;31,7;13,4;8,1;31;18;19;20;9,2;3,7;
2007-10-10;15:00;0;965,3;965,8;965,3;2694,5;36,7;9,5;37,6;35,8;9,9;8;19;17;19;15;9,5;3,1;
2007-10-10;16:00;0;964,5;965,3;964,5;2571,1;37,6;9,8;38,5;36,7;11;9,2;20;17;19;1;8,7;3,1;
2007-10-10;17:00;0;963,8;964,5;963,8;1716,5;37,1;10,1;38,3;36,7;10,7;9,2;21;18;20;7;8,7;2,7;
2007-10-10;18:00;0;963,3;963,9;963,3;787;36,4;11,4;37,1;36,1;11,6;9,5;23;19;22;339;6,3;1,4;
2007-10-10;19:00;0;962,4;963,3;962,4;1273,3;37,1;10,7;37,5;36,4;12,1;9,7;23;19;20;315;4,7;1,4;
2007-10-10;20:00;0;962,3;962,4;962,1;568,3;36;11,3;37,3;36;11,8;9,7;23;19;23;259;3,1;,5;
2007-10-10;21:00;0;963,3;963,3;962,2;210;32,3;13,1;36;32,3;15,4;9,7;36;20;31;336;9;3,4;
2007-10-10;22:00;0;963,7;963,7;963,2;48;29,5;14,7;32,3;29,5;14,8;13,1;41;31;41;351;8,3;2,4;
2007-10-10;23:00;0;964,3;964,3;963,7;-9999;28,8;14,7;30;28,8;15,3;14,4;43;39;42;13;8,9;2,6;
2007-10-11;00:00;0;964,6;964,7;964,3;-9999;28,8;14,2;29,1;28,8;14,8;14,2;42;41;41;342;6,9;1,7;
2007-10-11;01:00;0;965;965;964,6;-9999;28,5;14,8;29,2;27,9;15,9;14,1;48;40;43;259;5,1;2,7;
2007-10-11;02:00;0;964,7;965;964,7;-9999;29;13,6;29,3;28,2;14,8;13,6;44;39;39;237;5,6;1,5;
2007-10-11;03:00;0;965,2;965,2;964,5;-9999;27,6;14,6;29,5;27,3;14,7;13,1;46;37;45;73;4,5;2,5;
2007-10-11;04:00;0;965,3;965,4;964,9;-9999;26;15,4;27,7;25,6;15,4;14,4;53;44;52;4;5,3;1,2;
2007-10-11;05:00;0;965;965,3;965;-9999;25,6;17,5;27,3;25,6;17,5;14,5;61;46;61;292;5,7;2,9;
2007-10-11;06:00;0;964,1;965,1;964,1;-9999;25,7;17,4;25,9;24,9;17,6;17,4;64;59;60;236;4,8;,4;
2007-10-11;07:00;0;963,5;964,1;963,5;-9999;24,2;17,9;25,7;24,1;17,9;17,3;68;60;68;250;3;1,3;
2007-10-11;08:00;0;963,1;963,5;963,1;-9999;21,8;17,5;24,2;21,8;17,9;17,2;76;68;76;345;1,9;,3;
2007-10-11;09:00;0;963,5;963,6;962,9;-9999;21,7;17,8;21,8;21,3;17,9;16,9;81;75;79;65;2,2;,7;
2007-10-11;10:00;0;964;964;963,5;87,6;22,2;17,9;22,2;21,6;17,9;17,5;79;76;76;29;2,2;,2;
2007-10-11;11:00;0;964,8;964,8;964;479,8;24,7;18,5;24,7;22,2;18,5;17,8;76;68;69;348;1,9;,1;
2007-10-11;12:00;0;965,5;965,5;964,8;890,5;26,6;17,9;26,7;24,7;18,4;17,6;69;59;59;54;2,7;,5;
2007-10-11;13:00;0;965,5;965,7;965,5;1921,4;30,7;17,1;30,9;26,6;18,7;16,8;59;43;44;15;4,5;1,9;
2007-10-11;14:00;0;965;965,5;965;2473,5;32,9;16,8;33,4;30,6;17,8;16,6;45;37;38;345;5,4;2,4;
2007-10-11;15:00;0;964,2;964,9;964,2;2991,7;35,1;15,1;35,8;32,9;17,1;14,9;39;30;30;322;6,3;3,1;
2007-10-11;16:00;0;963,3;964,2;963,3;2884,8;36,4;15,3;37,3;34,9;16;13,9;31;26;29;329;8,8;1,5;
2007-10-11;17:00;0;962,3;963,3;962,3;2208,6;35,9;15,1;36,5;35,1;15,7;14,4;31;28;29;283;10,4;6;
2007-10-11;18:00;0;961,8;962,3;961,8;1590,2;33,2;16,4;35,9;32,9;16,9;14,9;38;29;36;255;11,5;4,5;
2007-10-11;19:00;0;961,3;962,1;961,3;1013,6;29,9;16;33,9;29,4;18,4;15,7;51;35;43;145;10,3;3,9;
2007-10-11;20:00;0;961,2;961,8;961,1;964,9;30,3;16,8;31,6;29,7;16,8;15,6;45;39;44;102;8,1;2,7;
2007-10-11;21:00;0;962,4;962,4;961;575;29,5;18,6;31,5;29,5;18,6;16;52;40;52;94;9,4;4,5;
2007-10-11;22:00;0;963,2;963,2;962,4;36,6;24,2;15;29,5;24,2;19,6;14,9;63;52;56;81;11,8;3,6;
2007-10-11;23:00;0;963,7;963,7;963,2;-9999;23;16,6;24,3;22,8;16,6;15;67;56;67;67;9,1;1,2;
2007-10-12;00:00;0;963,6;963,8;963,6;-9999;23;16,7;23,3;22,9;16,9;16,6;69;67;68;330;4,3;,3;
2007-10-12;01:00;0;963,8;964;963,6;-9999;23,4;16,1;23,4;22,5;16,7;16,1;68;64;64;249;2,9;1,1;
2007-10-12;02:00;0;963,3;963,8;963,3;-9999;23,3;16,2;23,8;22,6;16,2;15,5;66;60;65;348;2,7;0;
2007-10-12;03:00;0;963,1;963,3;962,9;-9999;24;15,6;24,3;23,1;16,4;15,6;66;58;59;270;3,1;1,9;
2007-10-12;04:00;0;962,6;963,1;962,5;-9999;23,7;15,3;24;22,9;15,7;15,3;63;59;60;272;3,1;1,9;
2007-10-12;05:00;0;962,3;962,7;962,3;-9999;23,4;15,3;24;22,3;15,9;15;67;57;60;357;2,7;,5;
2007-10-12;06:00;0;961,6;962,3;961,6;-9999;23,3;15,1;24,2;23,3;15,5;15,1;61;57;60;298;2,5;,7;
2007-10-12;07:00;0;961,7;961,7;961,5;-9999;23,5;15,7;24,4;23,3;15,7;15,2;61;58;61;342;4,6;1,7;
2007-10-12;08:00;0;961,8;961,8;961,5;-9999;24,1;16,2;24,1;23,5;16,2;15,7;62;61;62;323;4,8;1,7;
2007-10-12;09:00;0;962,4;962,4;961,8;-9999;25,4;16,4;25,4;24,1;16,4;16,2;62;57;57;317;5,8;2,3;
2007-10-12;10:00;0;963,2;963,2;962,4;21,1;25,8;16,5;25,9;24,9;16,6;16,3;60;56;56;303;5,6;3,3;
2007-10-12;11:00;0;963,8;963,9;963,1;447,1;28,2;17,4;28,2;25,6;17,4;16,5;58;52;52;308;11,9;5,5;
2007-10-12;12:00;0;964;964,4;963,8;971;25,4;18,2;28,7;25,4;18,4;16,4;65;48;64;337;13,3;3,6;
2007-10-12;13:00;0;964;964,2;963,9;667,5;30;17,6;30;25,1;19;17,5;69;47;47;297;13,3;7,7;
2007-10-12;14:00;0;963,6;964,1;963,5;2468,6;32,8;17,1;33,2;30;17,7;17;47;39;39;300;14,4;8,3;
2007-10-12;15:00;0;963,4;963,7;963,4;1835,2;31,8;17,8;33,5;30,8;18,1;17,1;45;38;43;285;14,9;6,1;
2007-10-12;16:00;0;963;963,4;963;1545,1;32,8;16,6;33,1;31,8;17,9;16,2;44;37;38;290;16,6;8,1;
2007-10-12;17:00;0;962,5;963;962,5;2328,3;32,8;16,3;34;32,6;16,7;15,5;38;34;37;301;16,6;7,3;
2007-10-12;18:00;,4;963,8;963,8;962,5;913,5;22,4;20,4;32,9;22,4;20,4;16,1;89;37;89;348;15,4;7,5;
2007-10-12;19:00;,8;963,5;964,1;963,3;333,9;22,3;19,7;22,6;22,2;21,3;19,7;93;85;85;4;15,4;3,1;
2007-10-12;20:00;,8;963,6;963,7;963,3;70,6;22;20,5;22,3;22;20,5;19,5;91;84;91;323;8,1;1,2;
2007-10-12;21:00;2,2;963,2;963,7;963,2;30,3;22;21;22,2;21,9;21,1;20,4;94;90;94;273;5,2;1,6;
2007-10-12;22:00;,2;963,1;963,3;963;23,3;22,4;21,2;22,4;22;21,4;20,9;94;93;93;253;4,8;2,8;
2007-10-12;23:00;,4;963,5;963,5;963;-9999;22,1;20,8;22,4;22;21,2;20,8;94;92;92;299;4,8;1,8;
2007-10-13;00:00;0;964,1;964,1;963,5;-9999;22,3;20,8;22,4;21,8;21;20,6;93;91;91;248;4,7;1,6;
2007-10-13;01:00;0;965,2;965,2;964,1;-9999;22,1;20,6;22,6;22,1;20,9;20,5;92;88;91;277;3,1;1,6;
2007-10-13;02:00;0;966;966;965,2;-9999;22,2;20,7;22,3;21,8;20,8;20,5;93;90;91;257;3,6;2;
2007-10-13;03:00;0;965,8;966,1;965,8;-9999;21,8;20,6;22,3;21,8;20,7;20,5;93;90;93;262;3,5;1,7;
2007-10-13;04:00;0;965,9;966;965,7;-9999;22,1;19,8;22,2;21,7;20,6;19,8;93;87;87;220;2,8;,9;
2007-10-13;05:00;0;965,3;965,9;965,2;-9999;21,5;18,6;22,1;21,5;19,9;18,6;87;83;84;194;3,1;,3;
2007-10-13;06:00;0;964,7;965,3;964,7;-9999;21,2;18,4;21,5;21,2;18,8;18,2;85;83;84;180;3,1;,5;
2007-10-13;07:00;0;964,9;965;964,6;-9999;20,9;18,3;21,2;20,9;18,5;18;85;82;85;195;2,7;,6;
2007-10-13;08:00;0;965,5;965,6;964,8;-9999;20,2;17,8;20,9;20,2;18,4;17,8;87;84;86;199;5,2;1,4;
2007-10-13;09:00;0;966,4;966,4;965,5;-9999;19,4;17,3;20,2;19,4;17,9;17,3;88;86;87;172;7,7;2,3;
2007-10-13;10:00;,8;967,2;967,2;966,4;5,6;18,3;16,7;19,4;18,3;17,3;16,5;91;85;91;180;7,7;3,5;
2007-10-13;11:00;,4;968,1;968,1;967,2;29,9;18,1;16,9;18,3;18,1;17;16,8;93;91;93;182;7,7;2,1;
2007-10-13;12:00;,2;968,4;968,4;967,8;533,6;18,8;17,2;18,8;18,1;17,5;16,8;94;89;91;172;6,1;1,7;
2007-10-13;13:00;0;968,6;968,7;968,4;958,1;20,1;17,3;20,2;18,8;17,7;16,9;91;84;84;157;5,2;1,7;
2007-10-13;14:00;0;969;969;968,6;844,3;19,7;17,1;20,2;19,4;17,6;16,6;86;82;85;119;5,3;1,8;
2007-10-13;15:00;0;968,9;969,2;968,9;387,7;19,6;16,9;20;19,5;17,4;16,7;86;82;85;165;3,1;,6;
2007-10-13;16:00;0;968,1;968,9;968,1;542,1;20;17,3;20;19,5;17,5;17;88;84;85;237;2,4;,9;
2007-10-13;17:00;0;967,3;968,1;967,1;821,8;20,9;18,1;20,9;20;18,1;17,1;85;81;84;80;3,7;1,6;
2007-10-13;18:00;0;966,3;967,3;966,3;675,3;20,7;18,2;20,9;20,3;18,4;17,4;87;82;86;77;3,7;1,7;
2007-10-13;19:00;,4;965,9;966,3;965,7;560,6;20,8;18,4;21;20,5;18,6;17,9;88;85;86;82;2,9;,7;
2007-10-13;20:00;,2;965,4;965,9;965,4;691,6;21,6;19,1;21,6;20,6;19,4;18,1;89;85;86;189;1,6;,5;
2007-10-13;21:00;0;965,5;965,6;965,2;362,7;21,4;19,2;21,6;21,4;19,4;18,9;87;85;87;200;2,3;,5;
2007-10-13;22:00;0;965,6;965,6;965,4;41,9;20,9;19,3;21,5;20,9;19,4;19;91;86;90;92;2,8;1,4;
2007-10-13;23:00;0;965,7;965,7;965,4;-9999;20,5;19;20,9;20,4;19,3;19;92;90;91;124;2,9;,9;
2007-10-14;00:00;0;966,4;966,4;965,7;-9999;19,9;18,8;20,5;19,9;19;18,8;93;92;93;130;2,7;,3;
2007-10-14;01:00;0;967;967;966,4;-9999;19,6;18,7;20;19,5;18,9;18,5;95;93;95;118;1,4;0;
2007-10-14;02:00;0;967,3;967,3;967;-9999;19,3;18,3;19,6;19;18,7;18,1;95;94;94;326;1,5;,1;
2007-10-14;03:00;0;966,7;967,4;966,7;-9999;19,1;18,3;19,3;18,9;18,4;18;95;94;95;190;,9;0;
2007-10-14;04:00;0;966,5;966,7;966,4;-9999;18,2;17,5;19,1;18,2;18,3;17,5;96;95;96;280;1,4;,5;
2007-10-14;05:00;0;966,4;966,5;966,2;-9999;18,7;18;18,9;18,1;18,2;17,4;96;96;96;285;1,3;,1;
2007-10-14;06:00;0;966,7;966,7;966,4;-9999;18,9;18,2;19,1;18,5;18,4;17,9;96;95;95;278;2,7;1,6;
2007-10-14;07:00;0;966,8;966,8;966,6;-9999;19,4;18,5;19,4;19;18,5;18,2;96;94;94;268;3,6;1,8;
2007-10-14;08:00;0;966,9;966,9;966,7;-9999;19,5;18,6;19,6;19,4;18,7;18,5;94;94;94;75;2,5;0;
2007-10-14;09:00;0;967,2;967,2;966,8;-9999;19,6;18,7;19,8;19,5;18,8;18,6;95;94;95;67;2,6;0;
2007-10-14;10:00;0;967,6;967,7;967,2;57,7;19,8;19;19,8;19,5;19;18,7;95;95;95;265;1,1;,2;
2007-10-14;11:00;0;968,3;968,3;967,6;295,8;20,9;19,3;20,9;19,8;19,4;18,9;95;90;91;89;1,3;0;
2007-10-14;12:00;0;968,8;969;968,3;635,1;22,2;19,5;22,2;20,9;19,6;19;91;84;85;108;2,3;1;
2007-10-14;13:00;0;968,7;969;968,7;1235,4;23,7;20,3;23,8;22,1;20,7;19,4;87;80;81;61;4,2;2,3;
2007-10-14;14:00;0;968,7;968,8;968,6;2149,9;25,6;20,2;25,9;23,7;21,3;20;82;72;73;69;5,7;2,9;
2007-10-14;15:00;2,2;969,5;969,5;968,7;447,9;21,1;19;26;21,1;21;19;89;71;88;359;10;3,9;
2007-10-14;16:00;3,2;968,8;969,5;968,8;380,6;21,3;19,8;21,4;20,1;19,8;18,9;94;88;91;45;10;1,9;
2007-10-14;17:00;0;967,5;968,8;967,5;1599,5;24,6;20,2;24,7;21,3;21,4;19,8;91;75;77;16;4,4;1,6;
2007-10-14;18:00;0;966,7;967,5;966,7;1328,1;26;19,7;26,1;24,6;21;19,3;79;68;68;336;3,6;,3;
2007-10-14;19:00;0;966,1;966,7;966,1;1016,7;26,3;20;26,3;25,5;20,7;19,4;74;68;69;68;2,4;,7;
2007-10-14;20:00;0;965,7;966,1;965,7;1104,6;26,5;20,1;27;26,2;20,8;19,2;71;64;68;125;3,1;1,4;
2007-10-14;21:00;0;965,9;966;965,6;532,3;26,2;20,3;26,9;26,2;20,8;19,9;72;66;70;119;3,6;1,7;
2007-10-14;22:00;0;966,3;966,3;965,8;45,3;25,1;20,7;26,2;25,1;20,7;20,1;77;70;77;118;3,6;2;
2007-10-14;23:00;0;967;967;966,3;-9999;24,1;21,3;25,1;24,1;21,4;20,7;85;77;84;117;3,4;1,4;
2007-10-15;00:00;0;968,2;968,2;967;-9999;23,7;21,2;24,1;23,7;21,5;21,2;87;84;86;165;3;1,5;
2007-10-15;01:00;0;969,3;969,3;968,2;-9999;23,3;21,2;23,7;23,3;21,2;20,8;88;85;88;150;2,9;,5;
2007-10-15;02:00;1,6;969,7;970;969,3;-9999;22,5;21,3;23,3;22,5;21,4;21,2;93;88;93;134;2,6;1;
2007-10-15;03:00;,4;969,4;969,8;969,4;-9999;22,2;21,3;22,5;22,1;21,4;21,2;95;93;95;116;3,8;1,9;
2007-10-15;04:00;,2;968,9;969,4;968,9;-9999;21,9;20,9;22,2;21,9;21,3;20,9;95;94;94;113;4;1,9;
2007-10-15;05:00;0;968,3;968,9;968,3;-9999;21,7;20,7;21,9;21,7;20,9;20,6;94;94;94;124;4,1;1,8;
2007-10-15;06:00;0;967,9;968,3;967,7;-9999;21,5;20,7;21,7;21,5;20,8;20,7;95;94;95;118;4,2;1,6;
2007-10-15;07:00;0;967,9;968,1;967,9;-9999;21,6;20,8;21,7;21,5;20,8;20,7;95;95;95;113;3,3;1,8;
2007-10-15;08:00;0;968,5;968,5;967,9;-9999;21,7;20,9;21,7;21,6;20,9;20,8;95;95;95;117;2,8;,7;
2007-10-15;09:00;0;968,6;968,6;968,3;-9999;21,7;20,8;21,8;21,6;20,9;20,8;95;95;95;145;2;,8;
2007-10-15;10:00;0;969,3;969,3;968,6;33,9;21,8;20,9;21,8;21,6;20,9;20,8;95;95;95;126;2;,9;
2007-10-15;11:00;0;970,3;970,3;969,3;163,7;22,1;21;22,2;21,8;21,1;20,8;95;93;93;96;2,6;1,6;
2007-10-15;12:00;0;970,3;970,4;970,3;560,2;22,7;21,1;22,7;22,1;21,3;20,8;94;90;91;85;3,1;1,8;
2007-10-15;13:00;0;970,2;970,4;970,2;1022,9;23,9;21,2;23,9;22,7;21,4;20,7;91;84;85;65;3,3;1,8;
2007-10-15;14:00;0;970,1;970,3;970;1496,5;25,5;21,8;25,5;23,8;21,8;20,9;86;78;80;67;4,7;2,5;
2007-10-15;15:00;0;969,4;970,1;969,4;2283,6;27,6;21,9;27,6;25,5;22,3;20,8;80;68;71;44;5,3;2,8;
2007-10-15;16:00;0;968,5;969,4;968,5;1353,3;27,2;21,6;27,9;27;22,1;21;73;68;71;58;5,3;2,9;
2007-10-15;17:00;0;967,3;968,5;967,3;2108;29,3;21,4;29,7;27,1;22,4;20,5;72;60;63;45;6,2;1,9;
2007-10-15;18:00;0;966,6;967,3;966,6;1471,4;28,2;21,6;30;27,2;22,2;20,1;73;56;68;211;6,6;2,1;
2007-10-15;19:00;0;966,6;966,6;966,4;1069,8;26;21;28,8;26;22;20,9;74;63;74;106;8;5,2;
2007-10-15;20:00;18;966,8;967,2;966,5;78,1;21,1;20,4;26;21,1;21,8;20,2;95;74;95;79;10,4;4,1;
2007-10-15;21:00;2,4;967,3;967,4;966,8;37,2;21,6;20,7;21,6;21,1;20,8;20,2;96;94;95;146;6,8;,8;
2007-10-15;22:00;0;967,7;967,8;967,2;1,4;21,6;20,5;21,8;21,6;20,9;20,4;95;93;93;235;3,2;1,6;
2007-10-15;23:00;0;967,5;967,7;967,4;-9999;21,6;20,3;21,7;21,6;20,6;20,3;93;92;92;171;3,8;1,2;
2007-10-16;00:00;0;968;968;967,5;-9999;21,6;20,6;21,7;21,4;20,6;20,2;94;92;94;116;2,5;,4;
2007-10-16;01:00;0;968,5;968,6;968;-9999;21,2;20,2;21,6;21,2;20,6;20,1;94;93;94;83;1,4;,3;
2007-10-16;02:00;0;968,9;968,9;968,5;-9999;20,7;19,9;21,3;20,7;20,4;19,9;95;94;95;59;2;,6;
2007-10-16;03:00;0;969,1;969,1;968,9;-9999;20,7;19,9;21;20,7;20,3;19,9;96;95;96;353;1,3;,2;
2007-10-16;04:00;0;969;969,2;968,9;-9999;20,6;19,9;20,8;20,6;20,2;19,9;96;96;96;289;1,3;0;
2007-10-16;05:00;0;968,1;969;968,1;-9999;20,7;20;20,8;20,6;20,1;19,9;96;96;96;27;1,5;0;
2007-10-16;06:00;0;967,6;968,1;967,6;-9999;20,8;20,1;20,8;20,6;20,1;20;96;96;96;254;2,6;1,6;
2007-10-16;07:00;0;967,5;967,8;967,5;-9999;20,8;20;20,9;20,6;20,1;19,9;96;95;95;256;3,8;,9;
2007-10-16;08:00;0;967,7;967,8;967,5;-9999;20,9;20;20,9;20,7;20,1;19,8;95;95;95;248;2,2;1,1;
2007-10-16;09:00;0;968,2;968,3;967,7;-9999;20,4;19,5;21;20,4;20,1;19,5;95;94;95;265;3,2;1,2;
2007-10-16;10:00;0;968,6;968,6;968,2;128,8;20,9;20,1;20,9;20,1;20,1;19,3;95;95;95;270;3,2;1,2;
2007-10-16;11:00;0;969,4;969,4;968,6;753,3;23,3;20,5;23,3;20,9;20,5;20,1;95;84;84;252;3;1,6;
2007-10-16;12:00;0;969,9;969,9;969,4;1580,7;26,5;21,3;26,7;23,3;21,9;20,5;85;73;73;318;2,5;,4;
2007-10-16;13:00;0;970;970,1;969,9;2381,5;28,8;21,1;29;26,4;22,5;20,8;75;62;63;352;3,9;1,7;
2007-10-16;14:00;0;969,7;970;969,7;2520,4;30,7;19,3;31,1;28,8;22,3;18,8;66;48;51;290;10,3;5;
2007-10-16;15:00;0;969,2;969,7;969,2;2395,7;31,7;19,1;32,2;30,6;19,9;18,2;51;44;47;272;10,4;5,5;
2007-10-16;16:00;0;968,4;969,2;968,4;2079,7;31,7;18;33,2;31;19,6;18;50;42;44;275;10,4;6;
2007-10-16;17:00;0;968,9;968,9;967,8;1659,6;25,8;20,2;32,5;25,8;20,4;18,4;71;44;71;230;12,4;5,8;
2007-10-16;18:00;1,6;969,1;969,7;968,7;125,3;22,6;20,9;25,8;22,4;21,2;20,1;92;71;90;217;12,4;2,1;
2007-10-16;19:00;0;969;969,5;969;756;23,3;20,5;23,4;22,5;21,4;20,3;91;84;85;229;9;2,2;
2007-10-16;20:00;0;969,2;969,2;969;774,5;23,9;20,9;24;23,3;20,9;20,3;85;81;83;187;7,5;2,4;
2007-10-16;21:00;0;969,7;969,7;969,1;294;23,3;19,6;24,1;23,3;20,8;19,5;83;78;80;175;6,7;2,4;
2007-10-16;22:00;0;969,4;969,8;969,3;100,1;22,5;19,3;23,3;22,4;19,8;19,2;83;79;82;190;5,8;1,3;
2007-10-16;23:00;0;970,3;970,3;969,4;-9999;21,9;19,2;22,5;21,8;19,5;19;86;81;85;189;3,5;,3;
2007-10-17;00:00;0;970,5;970,5;970,2;-9999;21,4;19,3;21,9;21,3;19,6;19,1;88;85;88;153;2,8;,9;
2007-10-17;01:00;0;971,3;971,3;970,4;-9999;20,2;18,9;21,6;20,2;19,4;18,8;92;86;92;126;3;0;
2007-10-17;02:00;0;970,9;971,3;970,6;-9999;20,5;18,9;20,6;20,2;19,2;18,9;93;90;90;203;2,8;,7;
2007-10-17;03:00;0;970,3;970,9;970,3;-9999;20,2;18,5;20,6;20;18,9;18,5;92;89;90;175;4;2,1;
2007-10-17;04:00;0;970,4;970,5;970,2;-9999;19,7;18,2;20,2;19,7;18,6;18,2;92;90;91;170;4,8;1,3;
2007-10-17;05:00;0;969,9;970,4;969,9;-9999;19,3;17,9;19,8;19,3;18,3;17,9;92;91;92;181;3,2;,9;
2007-10-17;06:00;0;968,8;969,9;968,8;-9999;18,6;17,4;19,3;18,6;17,9;17,4;93;92;93;145;3;1;
2007-10-17;07:00;0;968,3;968,8;968,3;-9999;18,3;17,1;18,6;18,3;17,5;17;93;92;93;172;4;1,3;
2007-10-17;08:00;0;968,7;968,7;968,3;-9999;18;17;18,3;17,9;17,1;16,8;94;92;94;186;3,5;1,2;
2007-10-17;09:00;0;969;969;968,7;-9999;17,6;16,5;18;17,6;17;16,5;94;93;94;171;3,5;1,3;
2007-10-17;10:00;0;969,6;969,6;969;135,2;18,4;16,9;18,4;17,5;16,9;16,5;94;91;91;171;3,5;1,3;
2007-10-17;11:00;0;970,3;970,4;969,5;586,4;18,8;16,9;19,1;18,5;17,2;16,7;91;87;89;164;5,4;2,5;
2007-10-17;12:00;0;971;971;970,3;864,8;19,1;16,5;19,4;18,8;17,1;16,3;89;84;85;154;6,8;2,1;
2007-10-17;13:00;0;971,2;971,3;971;1050;20,7;17,5;20,7;19;17,5;16,4;86;80;82;122;5,4;2;
2007-10-17;14:00;0;970,6;971,3;970,6;1832,4;22;16,9;22,6;20,5;18;16,8;82;72;73;153;4,6;1,9;
2007-10-17;15:00;0;970;970,6;969,9;3537,7;24,3;18,2;24,3;21,9;18,6;16,8;78;66;69;116;4,8;1,7;
2007-10-17;16:00;0;968,9;970;968,9;3525,6;26,6;18;26,8;24,3;18,7;16,8;69;57;59;132;5,5;1,3;
2007-10-17;17:00;0;967,7;968,9;967,7;3399,7;28,2;16,6;28,7;25,9;19;16,6;61;49;50;147;5,8;1,3;
2007-10-17;18:00;0;966,6;967,7;966,6;2948,8;30,3;17,9;30,3;27,7;18,4;16,5;54;45;48;209;4,6;1,3;
2007-10-17;19:00;0;966,1;966,6;966;2228,4;30,7;16,7;30,9;29,7;17,5;16,3;48;42;43;249;6,2;2,3;
2007-10-17;20:00;0;965,8;966,1;965,8;1589;30,7;17;31,1;30,3;17,4;16,3;45;41;44;202;6,2;1,5;
2007-10-17;21:00;0;965,7;965,8;965,7;778,3;29,8;16,5;31;29,8;17,4;16,4;46;42;45;154;4,3;1,4;
2007-10-17;22:00;0;965,8;965,8;965,7;98,3;28,3;16,7;29,8;28,3;17;16,1;50;44;50;137;3,8;1,7;
2007-10-17;23:00;0;966,4;966,4;965,8;-9999;26,3;17,4;28,3;26,3;17,7;16,8;58;50;58;159;3,1;,7;
2007-10-18;00:00;0;967,1;967,1;966,4;-9999;25,5;17,2;26,5;25,5;17,5;16,7;60;55;60;180;2,9;,3;
2007-10-18;01:00;0;967,2;967,3;967,1;-9999;24,2;16,7;25,5;24,2;17,6;16,7;65;60;63;149;1,6;,2;
2007-10-18;02:00;0;967,2;967,4;967,2;-9999;22,9;16,9;24,3;22,9;17,3;16,4;69;62;69;206;1,4;,1;
2007-10-18;03:00;0;966,7;967,2;966,7;-9999;20,8;16,8;22,9;20,6;18,1;16,6;78;68;78;261;1,8;1,2;
2007-10-18;04:00;0;966,1;966,7;966,1;-9999;19,9;16,6;20,9;19,5;16,8;16,5;83;77;81;287;2,2;1,2;
2007-10-18;05:00;0;964,6;966,1;964,6;-9999;19,3;16,8;20,2;19,2;17,1;16,6;86;81;86;302;2,7;,5;
2007-10-18;06:00;0;965,3;965,3;964,5;-9999;20,1;16,2;20,1;19;17,2;16,2;88;78;78;228;4;1,8;
2007-10-18;07:00;0;965,4;965,4;965,2;-9999;20,3;15,8;20,6;20,1;16,3;15,8;78;75;76;253;4;,5;
2007-10-18;08:00;0;965,8;965,8;965,3;-9999;18,2;15,8;20,4;18,2;16,3;15,7;86;75;86;279;1,5;1,1;
2007-10-18;09:00;0;966,8;966,8;965,8;-9999;18,3;16,1;19,7;18,2;16,1;15,7;87;78;87;283;2,4;1,4;
2007-10-18;10:00;0;968;968;966,8;140,7;19,9;17,3;19,9;18,3;17,3;16,1;87;83;85;303;2,5;,1;
2007-10-18;11:00;0;968,7;968,8;968;756;23,1;16,8;23,3;19,9;17,7;16,8;85;67;68;136;1,8;,4;
2007-10-18;12:00;0;969,2;969,3;968,7;1284,8;24,7;15,4;25,2;23;17,4;14,4;70;52;56;95;3,7;2,4;
2007-10-18;13:00;0;969;969,3;968,8;1969;26,3;13,8;26,8;24,7;16;13,3;58;44;46;88;5,3;2,3;
2007-10-18;14:00;0;969,2;969,3;969;850,8;26,6;15,6;26,6;26,3;15,6;12,7;51;43;51;103;4,1;1,8;
2007-10-18;15:00;0;970,3;970,3;969;380,1;24,4;15,6;26,6;24,4;16,5;14,7;59;48;58;216;4,4;1,7;
2007-10-18;16:00;2,4;971,9;971,9;970,3;71,6;18,7;17,4;24,4;18,6;17,4;15,6;92;58;92;222;12;2,6;
2007-10-18;17:00;3,2;971;972,1;971;137,2;18,9;18;19;18,4;18,1;17,3;95;92;95;185;5,8;2,1;
2007-10-18;18:00;0;969,1;971;969,1;672,4;20,2;19;20,2;18,8;19;17,8;95;92;92;159;4,7;1,5;
2007-10-18;19:00;0;968;969,1;968;506,6;20,1;18,5;20,5;20,1;19,2;18,5;93;90;91;117;5,4;3,4;
2007-10-18;20:00;0;968,4;968,4;967,7;215,8;20;18,7;20,1;20;18,9;18,5;93;90;93;131;8,1;2,9;
2007-10-18;21:00;,2;969,7;969,9;968,4;90,5;20,1;18,7;20,1;19,8;18,8;18,4;93;92;92;140;8,1;2,8;
2007-10-18;22:00;0;970,6;970,7;969,7;45,6;19,8;17,8;20,1;19,8;18,8;17,8;92;88;89;158;8,3;1,6;
2007-10-18;23:00;0;970,8;970,8;970,1;-9999;19,4;17,5;19,8;19,4;17,8;17,5;89;88;89;194;4;,8;
2007-10-19;00:00;0;970,5;970,8;970,3;-9999;19,1;16,8;19,4;19;17,5;16,7;89;86;87;112;2,5;1,1;
2007-10-19;01:00;0;970,9;970,9;970,4;-9999;18,5;16,8;19,1;18,5;17;16,7;90;86;90;244;2,5;,1;
2007-10-19;02:00;0;970;970,9;970;-9999;17,5;16,5;18,5;17,3;16,8;16,2;94;90;94;342;1,7;,7;
2007-10-19;03:00;0;968,1;970;968,1;-9999;18;17;18;17,3;17;16,4;94;94;94;43;2,5;1,3;
2007-10-19;04:00;0;967,2;968,2;967,2;-9999;18,6;16,9;18,7;18;17,1;16,8;94;89;90;339;6;1,9;
2007-10-19;05:00;0;966,5;967,2;966,5;-9999;19,1;16,6;19,1;18,6;16,9;16,5;90;85;86;4;7,3;2,3;
2007-10-19;06:00;0;966,9;967,4;966,5;-9999;18,7;16,8;19,2;18,6;16,8;16,4;89;84;89;132;6;1,2;
2007-10-19;07:00;0;966,7;966,9;966,3;-9999;18,3;16,8;18,7;18,2;16,9;16,6;91;88;91;164;2,8;1;
2007-10-19;08:00;0;967;967;966,5;-9999;18,1;16,4;18,4;18,1;16,8;16,4;91;89;90;123;3,3;1,5;
2007-10-19;09:00;0;967,8;967,8;967;-9999;18;16,5;18,1;17,9;16,5;16,4;91;90;91;151;2,9;,9;
2007-10-19;10:00;0;968,9;968,9;967,8;44;18,4;16,6;18,4;18;16,6;16,5;91;89;89;185;2;,9;
2007-10-19;11:00;0;969,7;969,7;968,9;153,3;18,9;16,7;18,9;18,4;16,8;16,5;90;87;87;150;3,5;1,4;
2007-10-19;12:00;0;970,2;970,4;969,7;622,2;20;17,2;20;18,9;17,2;16,6;87;82;84;113;3,5;2;
2007-10-19;13:00;0;970,4;970,4;970,2;1626,8;21,8;18,3;21,8;20;18,3;16,8;85;78;81;123;4,2;1,7;
2007-10-19;14:00;0;970,2;970,4;970,2;2033,2;23,3;18,5;23,3;21,8;18,7;17,3;81;72;74;100;3,9;1,3;
2007-10-19;15:00;0;970,3;970,5;970,2;1963,2;25,1;18;25,1;23,1;18,3;17;74;64;65;185;2,9;,8;
2007-10-19;16:00;0;969,5;970,3;969,5;2327,8;27,4;16;27,9;25,1;18,2;15,9;65;49;50;277;6,5;4;
2007-10-19;17:00;0;968,7;969,5;968,6;2828,7;27,6;16,3;28,6;27,3;17,8;15,9;55;48;50;292;10,7;7;
2007-10-19;18:00;0;968,2;968,7;968,1;1329,4;25,9;17;27,7;25,9;17,3;15,9;59;49;58;268;12,6;5,2;
2007-10-19;19:00;0;967,3;968,2;967,3;1168,7;25,9;16,6;26,3;25,5;17,3;16,3;59;56;57;260;9,5;4,2;
2007-10-19;20:00;0;966,7;967,4;966,7;804,3;25,5;16,6;26;25,5;17,1;16,5;59;56;58;302;7;2,3;
2007-10-19;21:00;0;966,2;966,7;966,2;357,6;25,2;17,2;25,6;25;17,5;16,2;63;56;61;288;5;,7;
2007-10-19;22:00;0;966;966,3;965,9;67,2;23,7;17,8;25,2;23,6;18,2;16,8;71;60;69;176;1,4;,2;
2007-10-19;23:00;0;965,9;966,1;965,8;-9999;21,4;18,2;23,7;21,4;18,9;17,7;84;70;82;265;1,3;0;
2007-10-20;00:00;0;966,3;966,3;965,9;-9999;20,5;18,2;21,4;20,3;18,6;17,8;89;82;86;306;1,9;,3;
2007-10-20;01:00;0;966,5;966,9;966,2;-9999;19,8;17,7;20,5;19,5;18,2;17,6;90;86;87;256;4,2;1,3;
2007-10-20;02:00;0;966,5;966,9;966,5;-9999;18,9;17,3;19,9;18,9;18;17,3;90;86;90;232;3,3;0;
2007-10-20;03:00;0;966,2;966,5;966,2;-9999;18;16,7;18,9;18;17,3;16,6;92;90;92;273;2,7;1,7;
2007-10-20;04:00;0;965,6;966,2;965,6;-9999;17,4;16,3;18,2;17,4;16,8;16,2;93;92;93;281;2,7;1,5;
2007-10-20;05:00;0;965,2;965,6;965,2;-9999;17,2;16,1;17,5;17,1;16,4;15,9;94;93;94;210;2,3;0;
2007-10-20;06:00;0;965,1;965,2;965,1;-9999;15,8;15;17,2;15,8;16,2;15;95;93;95;270;1,1;0;
2007-10-20;07:00;0;965,4;965,4;965;-9999;15,7;15;16,1;15,7;15,3;14,9;95;94;95;289;1,1;,3;
2007-10-20;08:00;0;966,1;966,1;965,4;-9999;15,4;14,7;15,9;15,3;15,2;14,5;96;95;96;51;1,7;0;
2007-10-20;09:00;0;966,8;966,8;966;-9999;15;14,2;15,6;14,9;15;14,2;96;95;96;287;1,4;,8;
2007-10-20;10:00;0;967,3;967,3;966,7;191,3;17,3;16,3;17,3;14,9;16,3;14,3;96;94;94;278;1,7;1;
2007-10-20;11:00;0;967,9;967,9;967,2;926,3;22,1;18,5;22,1;17,3;18,7;16,4;94;78;80;52;1,6;,4;
2007-10-20;12:00;0;968,4;968,4;967,8;1784,6;25,1;18,5;25,2;21,8;19,1;17,8;80;66;67;50;3;1,5;
2007-10-20;13:00;0;968,2;968,4;968,1;2592,5;28,1;18,9;28,2;24,7;20;17,9;69;57;58;36;4,5;2,5;
2007-10-20;14:00;0;967,4;968,2;967,4;3186,2;32,1;17,9;32,4;28,1;20,2;17,2;60;41;43;19;6,3;2,7;
2007-10-20;15:00;0;966,6;967,4;966,6;3508,6;33,9;15,7;34,1;32,2;18,2;15,3;43;33;34;318;8;3,3;
2007-10-20;16:00;0;965,7;966,6;965,7;2991,1;35,1;15,7;35,4;33,2;17,6;15,4;38;31;32;305;8,6;4,3;
2007-10-20;17:00;0;964,6;965,7;964,6;3425,4;35,7;15,9;35,8;34,2;16,5;14,7;34;29;31;340;10,4;2,5;
2007-10-20;18:00;0;963,8;964,6;963,8;2118,6;35,8;14,9;36;34,1;16,8;14,4;34;29;29;326;9,4;2,3;
2007-10-20;19:00;0;963;963,8;963;2000,9;36;14,9;36,5;34,7;16,1;14;31;27;29;288;9,4;4,5;
2007-10-20;20:00;0;962,4;963,1;962,4;1705,4;35,6;15,2;36,5;35,2;15,7;14,3;30;28;30;312;8,1;3,2;
2007-10-20;21:00;0;962,2;962,4;962,2;791,4;34,1;15,8;35,9;34,1;16;14,8;34;29;34;303;7,7;3,7;
2007-10-20;22:00;0;962,5;962,5;962,2;63,4;29;17,3;34,1;29;17,3;15,4;49;33;49;287;7,2;2,4;
2007-10-20;23:00;0;963,1;963,1;962,5;-9999;27,6;17,7;29;27,3;17,7;17,3;56;49;55;264;3,3;2,6;
2007-10-21;00:00;0;964;964;963,1;-9999;25,1;18,2;27,7;24,7;18,4;17,5;68;54;66;266;3,3;2,1;
2007-10-21;01:00;0;965;965;964;-9999;24,2;18,6;25,1;24,2;18,6;18,2;71;66;71;271;2,9;1,1;
2007-10-21;02:00;0;965,5;965,6;965;-9999;23,3;18,6;24,2;23,3;18,8;18,4;76;71;75;300;1,7;,9;
2007-10-21;03:00;0;965,1;965,6;965,1;-9999;23;18,6;23,3;22,8;18,7;18,4;77;75;76;274;2,4;1,3;
2007-10-21;04:00;0;964,9;965,1;964,9;-9999;22,2;18,9;23,3;22,2;19;18,6;81;75;81;281;1,9;,3;
2007-10-21;05:00;0;964,5;964,9;964,5;-9999;22;18,6;22,3;21,9;18,8;18,5;82;80;81;275;1,6;1;
2007-10-21;06:00;0;963,8;964,5;963,8;-9999;22,3;18,8;22,3;21,9;18,9;18,6;83;80;81;248;1,6;,3;
2007-10-21;07:00;0;963,7;963,8;963,6;-9999;22,1;18,9;22,4;21,6;19;18,5;84;80;82;354;2,3;,8;
2007-10-21;08:00;0;964,1;964,1;963,7;-9999;21,7;18,4;22,2;21,7;18,9;18,4;83;80;82;298;2,9;2;
2007-10-21;09:00;0;964,8;964,8;964,1;-9999;21,7;18,6;21,8;21,3;18,6;18,3;84;82;83;269;3,3;2,2;
2007-10-21;10:00;0;966;966;964,8;134,3;24;19,6;24,1;21,7;19,6;18,6;83;76;76;331;4,7;1,8;
2007-10-21;11:00;0;966,9;967;966;692,5;26,8;20,2;26,8;24;20,6;19,5;77;67;67;296;6,3;4,1;
2007-10-21;12:00;0;968,1;968,1;966,9;1347,6;30,1;20,6;30,1;26,8;20,6;20;67;56;57;306;9,8;4,4;
2007-10-21;13:00;0;968,1;968,3;968;1969,4;31,8;19,5;32,1;30;20,7;19,1;57;47;48;289;9,8;6,3;
2007-10-21;14:00;0;967,9;968,2;967,9;2781,2;33,7;19,1;33,8;31,7;20;18,6;49;41;42;275;10,7;6,5;
2007-10-21;15:00;0;967,2;967,9;967,2;3028,7;34,3;18,4;34,3;33,3;19,4;18,3;43;39;39;256;9,6;5,6;
2007-10-21;16:00;0;966,6;967,2;966,6;3168,9;35,2;18,2;35,3;34;18,6;17,3;40;34;37;281;10,7;4,8;
2007-10-21;17:00;0;967,4;967,8;966,1;1655,6;23,4;16,8;35,2;23,4;18,8;14,4;67;34;67;175;17,9;7,4;
2007-10-21;18:00;0;968,5;968,5;966,7;1466;23;16,9;23,9;22,6;17,4;16,6;70;65;68;166;16,9;5,6;
2007-10-21;19:00;0;969;969;967,9;797;22;16,3;23,3;22;17,1;16;70;67;70;122;12,9;4,4;
2007-10-21;20:00;0;968,6;969;968,4;362,1;21,4;16,4;22,2;21,3;16,6;16,1;74;69;74;120;11,9;5,8;
2007-10-21;21:00;0;969,6;970;968,6;73,4;20,7;16,9;21,4;20,7;16,9;16,3;79;73;79;115;11;3,2;
2007-10-21;22:00;0;969;969,6;968,7;-9999;20,4;17,2;20,7;20,4;17,2;16,9;82;79;82;106;7,2;3,6;
2007-10-21;23:00;0;968,8;969,1;968,5;-9999;20,1;17,8;20,4;20,1;17,8;17,2;86;82;86;69;5,9;1,6;
2007-10-22;00:00;0;969,5;969,5;968,7;-9999;19,9;18,3;20,1;19,8;18,4;17,8;91;86;91;66;3,2;,1;
2007-10-22;01:00;0;969,4;969,5;969,2;-9999;19,6;18,4;19,9;19,5;18,5;18,2;93;91;93;29;2,4;,6;
2007-10-22;02:00;0;968,5;969,4;968,5;-9999;19,4;18,3;19,6;19,4;18,4;18,2;94;93;93;38;2,2;,6;
2007-10-22;03:00;0;967,3;968,5;967,3;-9999;19,9;18,2;19,9;19,4;18,3;18,1;93;90;90;8;2,7;,1;
2007-10-22;04:00;0;967;967,7;967;-9999;19,2;17,7;20,1;19,2;18,3;17,7;91;89;91;274;3,4;,6;
2007-10-22;05:00;0;966,5;967;966,5;-9999;18,6;17,2;19,5;18,6;18,2;17,2;93;90;92;188;2,1;0;
2007-10-22;06:00;0;965,8;966,5;965,7;-9999;18,1;17,2;18,7;18;17,5;16,9;94;92;94;279;1,6;,2;
2007-10-22;07:00;0;965,7;965,9;965,7;-9999;18,2;17,2;18,8;18,1;17,8;17,2;94;92;94;358;2,6;0;
2007-10-22;08:00;0;966,3;966,3;965,7;-9999;18,3;17,5;18,3;17,7;17,5;16,6;95;93;95;168;1,3;,4;
2007-10-22;09:00;0;967,6;967,6;966,3;-9999;18,2;17,4;18,3;17,7;17,6;16,8;96;94;95;107;2;,8;
2007-10-22;10:00;0;968,7;968,7;967,6;99,1;18,6;17,8;18,6;18,2;17,8;17,3;95;95;95;41;1,8;,3;
2007-10-22;11:00;0;969,7;969,7;968,7;541,5;20;18,3;20;18,6;18,4;17,8;95;90;90;95;3,3;2;
2007-10-22;12:00;0;970,1;970,1;969,7;1072,1;21,7;19,4;21,7;20;19,4;18,4;91;86;87;101;4,1;2,4;
2007-10-22;13:00;0;970,7;970,7;970,1;1519,6;23,8;19,1;23,8;21,7;19,6;18,7;87;75;75;142;4,1;1,2;
2007-10-22;14:00;0;970,6;970,8;970,6;2084,4;25,4;19,5;25,4;23,8;19,6;18,6;76;67;70;117;3,8;1,6;
2007-10-22;15:00;0;970,3;970,6;970,3;1018,6;25,5;19;25,9;25,3;19,7;18,6;70;65;67;135;4;1,7;
2007-10-22;16:00;0;969,9;970,3;969,9;622,2;25,6;19,2;25,7;25,2;19,5;18,9;70;67;67;84;4,2;2,3;
2007-10-22;17:00;0;969;970;969;890;26;19,5;26,3;25,4;20,1;18,9;69;66;67;76;4,2;2,2;
2007-10-22;18:00;0;968;969;968;1494,3;27,1;19,5;27,2;25,9;19,7;19;68;62;63;85;4,6;2,8;
2007-10-22;19:00;0;967,3;968;967,2;1744,6;28,5;19,3;28,7;27;19,9;18,6;64;56;58;141;5,3;1,9;
2007-10-22;20:00;0;966,9;967,3;966,9;794,7;28,2;19;28,7;28;19,4;18,7;59;56;57;114;4,4;2;
2007-10-22;21:00;0;967,4;967,4;966,9;461,5;27,7;19;28,3;27,7;19,3;18,7;60;57;59;91;5,1;2,2;
2007-10-22;22:00;0;967,1;967,5;967,1;41,3;27,1;18,8;27,7;27,1;19,1;18,7;61;59;60;123;3,6;1,7;
2007-10-22;23:00;0;967,6;967,6;967,1;-9999;25,9;19,3;27,1;25,8;19,4;18,8;67;60;67;106;5;2,1;
2007-10-23;00:00;0;968,4;968,5;967,6;-9999;24,9;19,5;25,9;24,9;19,6;19,3;72;67;72;125;4,1;,3;
2007-10-23;01:00;0;969,4;969,4;968,4;-9999;23,7;19,9;24,9;23,7;20,3;19,5;80;72;80;147;1;,1;
2007-10-23;02:00;0;969,7;969,8;969,4;-9999;23;20,1;23,9;23;20,1;19,8;84;78;84;136;,7;0;
2007-10-23;03:00;0;969,9;970;969,7;-9999;23,9;19,6;24,2;22,9;20,2;19,6;85;76;77;174;2,4;,1;
2007-10-23;04:00;0;969,1;970;969,1;-9999;22,8;19,8;24;22,7;19,9;19,5;84;77;83;63;1,9;0;
2007-10-23;05:00;0;968,6;969,2;968,6;-9999;22,8;19,6;23,1;22,7;19,9;19,6;85;81;83;98;2,4;1,5;
2007-10-23;06:00;0;968,4;968,6;968,3;-9999;22,9;19,8;23;22,7;19,8;19,6;83;82;83;133;2,3;,2;
2007-10-23;07:00;0;968,1;968,4;968;-9999;23;19,7;23;22,3;19,9;19,6;85;81;81;115;2,5;1,3;
2007-10-23;08:00;0;968,2;968,2;968;-9999;22,5;19,4;23,1;22,5;19,6;19,3;83;80;83;101;2,5;1,2;
2007-10-23;09:00;0;968,9;968,9;968,2;-9999;22,1;19,3;22,5;22,1;19,4;19,2;85;82;84;92;3;2;
2007-10-23;10:00;0;969,2;969,4;968,9;80;22;19,6;22,1;21,8;19,7;19,3;88;84;87;65;4,1;2,5;
2007-10-23;11:00;0;970,3;970,3;969,2;266,7;23;19,2;23;22;19,7;19,2;87;79;79;126;4,9;,8;
2007-10-23;12:00;0;971,3;971,3;970,3;559,6;24,5;19,6;24,5;22,9;19,7;19,1;81;74;74;107;4,2;2,4;
2007-10-23;13:00;0;971,6;971,7;971,3;1473,6;25,4;19,6;26;24,3;20,3;19,1;74;69;70;103;7,5;4,2;
2007-10-23;14:00;0;971,6;971,8;971,5;1472,9;24,5;19,3;25,4;24,2;20,1;19,3;76;70;73;98;7,8;4;
2007-10-23;15:00;0;970,8;971,6;970,8;2198,3;26,5;19,7;26,8;24,5;20,4;19,3;74;66;66;110;6,3;2,5;
2007-10-23;16:00;0;970,4;970,8;970,3;1983;27,7;19,5;28;26,5;20,3;19,2;67;61;61;67;10,5;2,7;
2007-10-23;17:00;0;969;970,4;969;2731,9;28,7;18,6;30,2;27,7;19,9;17,6;61;47;54;63;7;3,8;
2007-10-23;18:00;0;967,9;969;967,9;2788,7;28,9;18,7;29,9;28,7;19,8;17,6;56;50;54;42;7;2,5;
2007-10-23;19:00;0;967,1;967,9;967,1;1362,4;28,7;17,1;29,2;28,4;19,4;17,1;56;50;50;68;6,3;3,2;
2007-10-23;20:00;0;967;967,2;966,9;1019;28,6;17,5;28,9;28,1;17,8;16,1;53;48;51;68;4,7;1,1;
2007-10-23;21:00;0;967,9;967,9;967;539,4;28,1;17,4;28,6;28,1;17,9;17,2;53;51;52;96;3,3;1,7;
2007-10-23;22:00;0;968,4;968,4;967,9;29,5;27,3;18,7;28,1;27,3;18,7;17,2;60;52;60;86;2,8;1,3;
2007-10-23;23:00;0;970,1;970,1;968,4;-9999;23,5;18,5;27,3;23,4;18,8;17,9;74;60;73;189;8,9;2,1;
2007-10-24;00:00;0;970,9;970,9;970,1;-9999;23;18,7;23,5;23;18,8;18,5;77;73;76;179;6,1;2,4;
2007-10-24;01:00;,4;971,2;971,3;970,9;-9999;21,5;18,9;23,1;21,5;19,1;18,7;86;76;85;166;6,7;2,8;
2007-10-24;02:00;3,2;971,7;971,8;971,2;-9999;20,7;19,4;21,5;20,6;19,4;18,8;92;85;92;203;6,3;,8;
2007-10-24;03:00;13,8;971,4;971,8;971,4;-9999;20,1;19,2;20,6;20,1;19,6;19,2;95;92;95;111;4,3;2,4;
2007-10-24;04:00;14,8;970,6;971,4;970,6;,5;20,5;19,8;20,5;19,8;19,8;19;96;94;96;171;8,3;1,7;
2007-10-24;05:00;2,4;970,6;971;970,6;,3;20,4;19,6;20,7;20,4;20;19,6;96;95;95;95;5,3;1,2;
2007-10-24;06:00;4,4;969,8;970,6;969,8;-9999;20,3;19,6;20,4;20,3;19,7;19,6;96;95;96;110;3;1,9;
2007-10-24;07:00;2,2;969,7;969,9;969,6;,3;20,3;19,7;20,4;20,1;19,7;19,5;96;96;96;222;4;,6;
2007-10-24;08:00;1,2;970,3;970,3;969,7;,1;20,5;19,8;20,5;20,3;19,8;19,6;96;96;96;157;2,9;1,4;
2007-10-24;09:00;1,6;970,6;970,6;970,3;,6;20,4;19,7;20,6;20,4;19,9;19,7;96;95;95;139;3,8;2;
2007-10-24;10:00;2,6;971,4;971,4;970,6;15,4;20,2;19,2;20,5;20,2;19,7;19,2;95;94;94;132;5,8;2,3;
2007-10-24;11:00;3,4;972,5;972,5;971,4;50,6;20,1;19,2;20,2;20,1;19,3;19,2;94;94;94;120;5,3;2;
2007-10-24;12:00;5,2;972,7;972,7;972,5;122,9;20,2;19,4;20,2;20;19,4;19,2;95;94;95;136;4,3;1,3;
2007-10-24;13:00;2,2;972,9;972,9;972,7;263,3;20,2;19;20,4;20,1;19,6;19;95;93;93;111;7,3;3,1;
2007-10-24;14:00;,6;972,4;972,9;972,4;413,2;19,9;18,7;20,2;19,9;19,1;18,6;93;92;93;111;6,3;2,9;
2007-10-24;15:00;1;971,8;972,5;971,8;361,4;19,9;18,8;20;19,7;18,8;18,5;94;92;93;110;6;3,4;
2007-10-24;16:00;,4;970,9;971,8;970,9;344;20;18,9;20;19,9;19;18,7;94;92;93;96;5,5;2,4;
2007-10-24;17:00;,4;969,9;970,9;969,9;417,6;20,3;19,2;20,4;20;19,4;19;94;93;94;110;4,3;2,2;
2007-10-24;18:00;0;969;969,9;969;565,2;20,8;19,7;20,8;20,2;19,9;19,2;95;92;94;109;3,7;2,2;
2007-10-24;19:00;,4;968,1;969;968,1;484,3;21,2;19,8;21,2;20,6;20,3;19,4;94;92;92;88;5,1;2,4;
2007-10-24;20:00;,2;968,2;968,2;968;656,2;21,4;19,4;21,7;21,2;20,2;19,2;93;87;88;107;6,4;3,3;
2007-10-24;21:00;0;968,4;968,4;968,2;141;20,8;19,5;21,5;20,8;19,8;19,2;92;88;92;134;6;1,9;
2007-10-24;22:00;0;968,8;968,8;968,4;29,9;20,1;19;20,8;20,1;19,4;19;93;91;93;144;5,7;2,3;
2007-10-24;23:00;1,4;969,3;969,3;968,8;-9999;19,8;19;20,1;19,8;19,1;18,9;95;93;95;140;5,1;1,9;
2007-10-25;00:00;,6;969,1;969,4;969,1;-9999;19,8;19;19,9;19,8;19;18,9;95;95;95;113;4,7;2,8;
2007-10-25;01:00;0;969,3;969,4;969,1;-9999;19,9;18,9;19,9;19,8;19;18,9;95;94;94;114;6,4;3,1;
2007-10-25;02:00;0;969,2;969,4;969,2;-9999;19,8;18,9;19,9;19,8;19;18,9;95;94;94;109;5,3;2,9;
2007-10-25;03:00;0;968,8;969,2;968,8;1,3;19,9;18,9;19,9;19,8;19;18,8;95;94;94;122;4,9;2;
2007-10-25;04:00;0;968;968,8;968;1,3;19,8;18,9;19,9;19,8;18,9;18,9;95;94;95;90;5;2,8;
2007-10-25;05:00;0;967,2;968;967,2;1;19,7;18,9;19,8;19,7;19;18,8;95;94;95;108;4,9;2,3;
2007-10-25;06:00;0;966,6;967,2;966,6;1;19,9;19;19,9;19,7;19;18,9;95;95;95;101;4,9;2,2;
2007-10-25;07:00;0;966,5;966,6;966,5;,2;19,9;19;19,9;19,8;19;18,9;95;94;95;96;5,2;2,4;
2007-10-25;08:00;,6;966,5;966,5;966,3;-9999;19,7;19;19,9;19,6;19;18,9;96;94;96;87;5;2,6;
2007-10-25;09:00;0;967;967;966,5;-9999;19,8;19;19,8;19,6;19,1;19;96;95;95;86;5,8;2;
2007-10-25;10:00;,2;967,8;967,8;967;53,5;19,9;19,2;19,9;19,7;19,2;19;96;95;96;93;4,2;1,8;
2007-10-25;11:00;0;968,3;968,3;967,8;271,7;20,6;19,5;20,6;19,9;19,6;19,2;96;93;94;84;5,1;2,5;
2007-10-25;12:00;0;968,8;968,8;968,3;293,1;20,8;19,6;20,9;20,4;19,8;19,3;94;92;93;94;4,8;1,9;
2007-10-25;13:00;,4;968,9;968,9;968,8;545,7;22;19,9;22,1;20,8;20,2;19,5;94;87;88;75;5,4;2,5;
2007-10-25;14:00;0;968,6;968,9;968,5;503,8;22,5;20,3;22,5;22;20,4;19,8;90;86;87;116;4,6;,6;
2007-10-25;15:00;0;968;968,6;968;1455,8;25,2;20,2;25,4;22,5;20,9;20,1;89;73;74;135;2,6;,8;
2007-10-25;16:00;,2;967,5;968;967,5;1203,8;24,1;19,8;25,7;23,2;21,1;18,6;81;68;77;38;7;,5;
2007-10-25;17:00;0;966,2;967,5;966,2;1344,6;24,9;20,2;25,2;24,1;20,7;19,2;78;72;75;133;3,7;1,8;
2007-10-25;18:00;0;965,1;966,2;965,1;1773,2;26,4;20,6;26,8;24,8;21,2;19,4;76;69;70;149;4,4;2,4;
2007-10-25;19:00;0;964,5;965,1;964,5;2039,4;28,1;19,3;29;26,2;21,4;18,5;73;54;59;331;6,8;2,3;
2007-10-25;20:00;0;964,2;964,5;964,2;1479,5;29;18,7;29,3;27,7;19,9;17,9;63;52;54;335;6,1;2,2;
2007-10-25;21:00;0;964,7;964,7;964,2;596,1;26,7;19,7;29,1;26,7;19,7;18;65;52;65;302;7;1,6;
2007-10-25;22:00;0;965,2;965,2;964,7;89;25,2;20,1;26,7;25,2;21;19,6;76;65;73;341;4,4;1,8;
2007-10-25;23:00;0;965,7;965,7;965,2;-9999;24;20,3;25,2;23,9;20,5;20,1;80;73;80;347;4,4;1,8;
2007-10-26;00:00;0;966,4;966,4;965,7;-9999;22,9;19,9;24;22,9;20,3;19,9;83;80;83;312;6,9;2,7;
2007-10-26;01:00;0;966,7;966,7;966,3;-9999;21,6;19,8;22,9;21,6;20;19,8;90;83;90;304;5,1;1,3;
2007-10-26;02:00;0;967;967;966,7;-9999;21,5;19,5;21,8;21,4;20;19,5;90;88;88;339;3,2;1,3;
2007-10-26;03:00;0;967;967,2;967;-9999;21;19,4;21,5;21;19,6;19,3;90;88;90;303;4;1,9;
2007-10-26;04:00;0;966,8;967;966,8;-9999;20,3;19,1;21,1;20,3;19,6;19,1;93;90;93;283;3;1,2;
2007-10-26;05:00;0;966,6;966,8;966,5;-9999;19,1;18,2;20,3;19,1;19,1;18,2;95;93;95;1;2;0;
2007-10-26;06:00;0;966,5;966,7;966,4;-9999;18,8;18;19,1;18,8;18,4;18;96;95;96;190;1;0;
2007-10-26;07:00;0;966,7;966,7;966,5;-9999;18;17,4;18,8;18;18,1;17,3;96;95;96;279;,9;,2;
2007-10-26;08:00;0;967,6;967,6;966,7;-9999;18,1;17,5;18,5;17,8;18;17,2;97;96;96;258;1;,1;
2007-10-26;09:00;0;968,4;968,4;967,6;-9999;17,6;17,1;18,2;17,5;17,7;16,9;97;96;97;52;,6;0;
2007-10-26;10:00;0;969;969;968,4;163,6;18,5;18;18,6;17,6;18,1;17;97;97;97;281;,8;,1;
2007-10-26;11:00;0;969,3;969,4;969;896,5;22,2;20,2;22,2;18,5;20,5;18,1;97;88;88;19;3;1,4;
2007-10-26;12:00;0;969,6;969,6;969,3;1826,6;24,2;19,4;24,2;22,2;20,1;19,2;88;74;75;336;5,9;2,5;
2007-10-26;13:00;0;969,6;969,7;969,5;2719,2;26,4;19,9;26,4;24,2;20,2;18,9;75;65;68;338;6,3;2,8;
2007-10-26;14:00;0;969,1;969,6;969,1;3270,4;28,1;19,9;28,3;26,1;20;18,5;69;57;61;346;8,1;2,6;
2007-10-26;15:00;0;968,3;969,1;968,3;3384,9;29,3;19,9;29,3;27,9;19,9;18,1;62;53;57;323;8,1;2,8;
2007-10-26;16:00;0;967,2;968,3;967,2;3685,7;30,9;18,2;31,1;29,2;20;17,9;57;47;47;332;7,3;2,3;
2007-10-26;17:00;0;966;967,2;966;2681,7;30,2;18,4;31;29,6;18,9;16,7;52;45;49;332;9,2;2,5;
2007-10-26;18:00;0;965,3;966;965,3;3002,2;31,2;17,4;31,9;30,2;18,7;16,6;49;42;44;332;6,5;2,4;
2007-10-26;19:00;0;964,7;965,3;964,7;2365,6;31,7;16,8;32,5;30,6;18,5;16,4;46;40;41;314;6,9;2,9;
2007-10-26;20:00;0;964,4;964,7;964,4;1763,2;31,5;16,9;32,2;30,7;18;16,1;44;39;42;325;6,7;2,1;
2007-10-26;21:00;0;964,4;964,4;964,3;718,5;30,6;16,9;31,8;30,2;17,5;16,5;47;40;44;325;7;1,6;
2007-10-26;22:00;0;964,6;964,6;964,3;64,6;27,4;18;30,6;27,4;18,2;16,6;57;44;57;320;4,1;,3;
2007-10-26;23:00;0;964,7;964,7;964,6;-9999;24,6;18,7;27,3;24,6;18,8;18;70;57;69;312;1,6;,1;
2007-10-27;00:00;0;965,1;965,1;964,7;-9999;23,8;18,6;24,7;23,8;18,9;18,5;73;69;73;255;1,3;,5;
2007-10-27;01:00;0;965,8;965,8;965,1;-9999;23,1;19,1;23,8;22;19,3;18,4;81;72;78;240;2;0;
2007-10-27;02:00;0;965,9;965,9;965,8;-9999;22,4;18,6;23,2;22;19,1;18,5;81;76;79;268;1,5;1,1;
2007-10-27;03:00;0;965,5;965,9;965,5;-9999;21,6;18,5;22,5;21,6;18,7;18,4;83;78;83;336;1,6;,3;
2007-10-27;04:00;0;964,9;965,6;964,9;-9999;22;18,4;23,2;21,6;18,7;18,3;83;75;80;326;3,1;1;
2007-10-27;05:00;0;964,6;964,9;964,6;-9999;20,8;18,2;22,3;20,7;18,6;18,1;85;79;85;286;2,6;1,2;
2007-10-27;06:00;0;964,3;964,6;964,3;-9999;20,8;18,1;21;20,7;18,2;18,1;85;84;84;284;2;1,4;
2007-10-27;07:00;0;964,4;964,5;964,3;-9999;20,4;17,9;20,9;20,3;18,1;17,8;86;84;85;279;2,2;1,5;
2007-10-27;08:00;0;964,7;964,7;964,4;-9999;19,8;18;20,4;19,4;18;17,5;90;85;89;128;2,2;0;
2007-10-27;09:00;0;965,9;965,9;964,7;-9999;19,7;18,2;20;19,4;18,3;17,9;92;89;91;254;1,3;,4;
2007-10-27;10:00;0;967,1;967,1;965,9;232,7;23;19,5;23;19,5;19,7;17,7;91;81;81;206;1,5;0;
2007-10-27;11:00;0;967,9;967,9;967,1;992,8;26,1;20,6;26,1;22,5;20,6;18,8;82;70;72;348;2,5;,6;
2007-10-27;12:00;0;968,4;968,4;967,9;1890,7;28,7;19,6;28,9;26,1;20,8;19,6;73;57;58;318;6,8;3;
2007-10-27;13:00;0;968,4;968,6;968,4;2608,8;30,6;19;30,7;28,7;20,2;18,5;59;49;50;312;9,3;3,7;
2007-10-27;14:00;0;967,9;968,4;967,9;3288,4;31,8;18,9;31,9;30,3;19,5;18,2;51;45;46;326;9,1;3,5;
2007-10-27;15:00;0;967,5;967,9;967,4;3328,9;32,1;18,1;32,9;31,8;19,1;17,5;46;40;43;287;11;5,6;
2007-10-27;16:00;0;966,8;967,5;966,8;2728,9;33;17,8;33,5;31,7;19,1;17;47;38;40;303;10,5;4,5;
2007-10-27;17:00;0;965,8;966,8;965,8;2659;33,8;15,4;34,7;32,6;18,1;15,3;40;32;33;293;11,6;5;
2007-10-27;18:00;0;965,1;965,9;965,1;3120;34,9;14,6;35,1;33,1;16,7;14;37;29;30;295;11,1;5,4;
2007-10-27;19:00;0;964,4;965,1;964,3;2195,8;34,8;15,5;35,3;33,6;15,8;14,1;33;29;32;296;11,1;4,8;
2007-10-27;20:00;0;964,1;964,4;964,1;1488,4;34,2;15,2;34,8;33,6;15,6;13,9;33;29;32;291;9,7;6,1;
2007-10-27;21:00;0;964,3;964,3;964,1;882,9;33,1;16;34,3;33,1;16,2;14,8;36;32;36;285;9,7;4,2;
2007-10-27;22:00;0;964,6;964,6;964,3;70,5;29,1;17,7;33,1;29,1;17,7;16;50;36;50;273;6,3;1,9;
2007-10-27;23:00;0;964,9;964,9;964,6;-9999;26,5;18,7;29,2;26,5;18,7;17,6;62;50;62;304;2,9;,7;
2007-10-28;00:00;0;965,5;965,5;964,9;-9999;25,2;18,8;26,5;25,2;19,2;18,4;68;62;68;295;2,2;1,1;
2007-10-28;01:00;0;965,9;965,9;965,5;-9999;24;19;25,2;24;19,1;18,7;75;68;74;314;1,5;0;
2007-10-28;02:00;0;965,9;966;965,8;-9999;23,8;19,1;24,2;23,6;19,4;18,8;77;72;75;248;1,6;,1;
2007-10-28;03:00;0;965,3;965,9;965,3;-9999;22,9;18,9;23,8;22,4;19,9;18,9;82;75;78;255;1,8;,2;
2007-10-28;04:00;0;964,8;965,3;964,8;-9999;21,7;18,8;23;21,6;19,2;18,7;84;78;84;254;1,8;,4;
2007-10-28;05:00;0;964,4;964,8;964,4;-9999;21,2;18,6;21,8;21,2;19;18,6;86;83;85;268;1,4;1,2;
2007-10-28;06:00;0;964,2;964,5;964,2;-9999;21,1;18,6;21,2;20,9;18,7;18,4;87;85;86;256;1,6;,6;
2007-10-28;07:00;0;964,3;964,3;964,2;-9999;21,2;18,5;21,3;20,7;18,7;18,3;87;84;85;247;1,9;,5;
2007-10-28;08:00;0;964,6;964,6;964,3;-9999;20;18;21,1;20;18,5;17,9;89;85;88;311;1,1;,6;
2007-10-28;09:00;0;965,1;965,1;964,6;-9999;20,1;17,7;21,1;20;18,4;17,7;88;83;86;280;1,5;1;
2007-10-28;10:00;0;965,9;965,9;965,1;239,6;22,3;19,4;22,3;20;19,4;17,8;88;83;83;91;1,4;,7;
2007-10-28;11:00;0;965,7;966,1;965,7;1017,4;27,4;20,4;27,4;22,3;20,6;19,2;83;66;66;316;4,9;2,4;
2007-10-28;12:00;0;966,2;966,3;965,7;1901,1;30,1;20,3;30,1;27,2;21,3;19,4;66;56;56;25;5,3;1,7;
2007-10-28;13:00;0;965,7;966,3;965,7;2695,4;33,4;17,9;33,4;29,9;20,3;17,1;56;39;40;340;6,4;2,4;
2007-10-28;14:00;0;965,3;965,7;965,3;3268,2;34,6;16,4;35,3;33,2;18,3;15,7;41;32;34;354;7,4;2,8;
2007-10-28;15:00;0;964,7;965,3;964,7;3548;35,6;16,1;35,9;34,4;16,6;14,8;34;29;31;344;8,1;3,1;
2007-10-28;16:00;0;963,9;964,7;963,9;3599,6;36,4;15,4;37;34,4;16,9;14,3;34;27;29;323;9,2;3,5;
2007-10-28;17:00;0;963;963,9;963;3584,6;36,8;16,1;36,8;35,8;16,1;14,3;31;27;29;323;9,7;3,3;
2007-10-28;18:00;0;962;963;962;2984,9;36,6;16;37,1;35,4;17;14,5;32;27;30;3;9,4;2,1;
2007-10-28;19:00;0;961,3;962;961,3;2187,9;36,5;15,7;36,9;35,1;16,9;14,3;32;27;29;341;8,2;2,7;
2007-10-28;20:00;0;961;961,3;960,9;1416,1;35,7;16,6;36,8;35;16,9;14,9;33;28;32;338;7,4;2,4;
2007-10-28;21:00;0;961,1;961,1;960,9;590,8;34,4;16,4;36;33,9;16,9;15,5;36;31;34;333;6,4;1,1;
2007-10-28;22:00;0;961,5;961,5;961,1;67,1;31,4;16,8;34,5;31,4;16,8;15,8;42;33;42;306;4,9;1,7;
2007-10-28;23:00;0;962,1;962,1;961,5;-9999;30,1;17,1;31,4;29,5;17,4;16,9;48;42;46;317;3,9;1,9;
2007-10-29;00:00;0;962,8;962,8;962,2;-9999;29,4;17,7;30,1;29,3;17,7;16,9;49;45;49;328;3,7;1,4;
2007-10-29;01:00;0;963,2;963,2;962,7;-9999;26,4;18,7;29,4;26,4;19;17,6;63;49;62;336;3,2;,2;
2007-10-29;02:00;0;963,2;963,4;963,2;-9999;25,4;19,2;26,4;25,2;19,4;18,5;70;62;69;309;2,6;1;
2007-10-29;03:00;0;963;963,3;963;-9999;25,1;19;25,8;25;19,4;18,9;70;66;69;309;2,6;0;
2007-10-29;04:00;0;963;963;963;-9999;24,6;19,1;25,2;24,6;19,7;19;73;69;71;257;1,2;0;
2007-10-29;05:00;0;962,9;963;962,9;-9999;23,6;19;24,7;23,6;19,3;18,9;76;71;75;265;1,2;,2;
2007-10-29;06:00;0;963;963;962,8;-9999;23,5;19;23,6;22,4;19,3;18,8;81;75;76;265;1,9;1,6;
2007-10-29;07:00;0;963,2;963,2;963;-9999;22,5;19,1;23,9;22,4;19,5;18,8;83;74;81;276;1,9;1,2;
2007-10-29;08:00;0;963,8;963,8;963,2;-9999;22,7;19,1;23,1;22,5;19,1;18,8;81;77;81;215;2,1;,1;
2007-10-29;09:00;0;964,3;964,3;963,8;-9999;21,6;18,9;22,6;21,6;19,5;18,9;86;81;85;286;1;,4;
2007-10-29;10:00;0;964,6;964,6;964,3;209,9;23,5;20,3;23,5;21,4;20,5;18,8;85;81;82;115;1;0;
2007-10-29;11:00;0;964,8;964,8;964,6;912,6;27,9;20,4;28,1;23,5;21,3;20;82;63;64;41;1,6;,6;
2007-10-29;12:00;0;964,7;964,9;964,7;1751,3;31,3;20,4;31,3;27,8;20,8;19,6;66;52;52;337;4,2;1,8;
2007-10-29;13:00;0;964,8;964,9;964,7;2508;33,6;19,2;33,6;31,3;20,6;18,4;52;41;43;339;6,7;2,8;
2007-10-29;14:00;0;964,6;964,9;964,5;3105,5;35,1;17,6;35,8;33,6;19,3;16,7;42;33;36;334;7,9;2,9;
2007-10-29;15:00;0;964,5;964,7;964,4;3445;36,8;17;36,8;35,1;18,9;16,1;38;31;31;325;9,2;3,1;
2007-10-29;16:00;0;963,9;964,6;963,9;3576,9;36,9;17,4;37,4;36,2;17,8;16,2;33;30;32;323;10,7;3,2;
2007-10-29;17:00;0;963,2;964;963,2;3152,3;37;16;37,7;36,3;17,6;15,2;32;27;29;324;10,3;2,9;
2007-10-29;18:00;0;962,2;963,3;962,2;3005,3;37,1;15,4;38;36,9;16,7;14,9;30;26;28;341;9;2,8;
2007-10-29;19:00;0;961,3;962,2;961,3;2299,9;36,9;16,2;37,7;36,5;16,2;14,8;30;26;30;331;8,7;3;
2007-10-29;20:00;0;961,5;961,6;961,3;1531,5;36,7;16,1;37,5;36,3;16,5;15,5;31;28;30;313;7,4;3;
2007-10-29;21:00;0;962,5;962,5;961,5;724,4;34,8;16,3;36,8;34,8;17;15,7;34;30;33;329;8,1;2,2;
2007-10-29;22:00;0;963,1;963,1;962,5;86,8;30,1;17,8;34,8;30,1;17,8;16,2;48;33;48;47;10,1;4,4;
2007-10-29;23:00;0;963,4;963,4;963,1;-9999;27,8;18;30,1;27,8;18,2;17,6;55;47;55;349;10,1;1,5;
2007-10-30;00:00;0;963,8;963,8;963,4;-9999;27,4;18,2;27,8;27,2;18,3;17,8;58;55;57;264;3;,8;
2007-10-30;01:00;0;964,2;964,2;963,8;-9999;26,9;18,8;27,7;26;18,8;18,2;64;57;61;267;3,1;1,7;
2007-10-30;02:00;0;964,8;964,9;964,2;-9999;25,1;19,2;26,9;24,6;19,5;18,5;73;61;70;93;2,3;,2;
2007-10-30;03:00;0;964,8;965,1;964,8;-9999;24,6;19;25,6;23,8;19,9;18,9;75;68;71;110;4,1;1,8;
2007-10-30;04:00;0;964,7;964,8;964,5;-9999;23,3;19;24,9;23,3;19,2;18,8;77;69;77;319;3,1;,2;
2007-10-30;05:00;0;964,9;965;964,6;-9999;22,6;19,5;23,5;22,5;19,5;18,9;83;77;82;327;1,5;,3;
2007-10-30;06:00;0;964,1;964,9;964,1;-9999;22,4;19,4;22,8;22,4;19,5;19,1;84;80;83;290;1,6;1;
2007-10-30;07:00;0;963,6;964,1;963,5;-9999;21,6;19,2;22,8;21,6;19,5;19;87;79;86;352;2,6;,7;
2007-10-30;08:00;0;964,2;964,2;963,6;-9999;21,3;19,1;21,8;21,3;19,2;18,9;87;84;87;175;2,1;0;
2007-10-30;09:00;0;964,8;964,8;964,1;-9999;21,2;19,1;21,8;21,2;19,3;18,7;88;83;88;307;2,1;,7;
2007-10-30;10:00;0;965,8;965,8;964,8;62,2;23,9;20,2;23,9;21;20,2;18,9;89;79;80;314;3,9;,4;
2007-10-30;11:00;0;966,2;966,2;965,8;572,9;26,8;20,4;26,8;23,7;21,1;20;81;68;68;354;2,6;1;
2007-10-30;12:00;0;966,6;966,6;966,1;1552,3;29,7;19,9;29,7;26,8;20,8;19,6;69;56;56;11;5,6;2,2;
2007-10-30;13:00;0;967,3;967,3;966,6;1442,6;29,6;20,1;30,3;29,5;20,3;19,3;57;51;57;72;7,5;4,4;
2007-10-30;14:00;0;967,1;967,4;967,1;1995,8;31,2;18,7;31,3;28,9;20,6;18,7;59;48;48;51;10,2;5,7;
2007-10-30;15:00;0;967,1;967,2;966,8;3610,8;31;17;32,3;30,6;19,4;16,3;49;41;43;38;12,2;6,4;
2007-10-30;16:00;0;965,6;967,1;965,5;3319,3;33,2;18;33,3;30,7;18,2;16,8;45;39;41;40;11,3;4,9;
2007-10-30;17:00;0;964,4;965,6;964,4;2624,1;32,9;16,7;34,2;32,7;18,1;16,5;41;36;38;29;8,8;3,3;
2007-10-30;18:00;0;963,5;964,4;963,5;1322,1;33;17,6;33,1;32,6;18;16,6;42;38;40;17;8,7;2;
2007-10-30;19:00;0;962,7;963,5;962,7;1609,2;32,7;17,8;33,7;32,6;18,1;16,5;41;37;41;48;7,7;4;
2007-10-30;20:00;0;962,3;962,8;962,3;912;32,1;15,5;33,2;32,1;17,5;14,9;41;34;37;335;7,7;1,6;
2007-10-30;21:00;0;962;962,3;962;456,2;31;17,1;32,3;31;17,3;15,4;43;37;43;14;5,9;1,8;
2007-10-30;22:00;0;961,3;962;961,3;85,1;28,9;17,9;31;28,8;18,5;17;53;43;51;26;4,4;1,7;
2007-10-30;23:00;0;961,7;961,7;961,2;-9999;26,4;18,6;29;26,4;19;17,8;63;51;62;229;2,7;,1;
2007-10-31;00:00;0;962,1;962,1;961,7;-9999;24,4;18,5;26,4;24,4;19,4;18,2;72;62;70;346;1;0;
2007-10-31;01:00;0;963;963;962,1;-9999;23,9;18,8;24,6;23,5;18,9;18,4;74;70;73;217;1,1;0;
2007-10-31;02:00;0;963,6;963,6;963;-9999;23,1;19;24,1;22,5;19,2;18,6;79;72;77;269;1;0;
2007-10-31;03:00;0;963,9;964;963,5;-9999;22,5;18,4;23,1;22,3;18,9;18,4;79;76;78;264;2,8;1,1;
2007-10-31;04:00;0;963,8;963,9;963,7;-9999;21,9;18,8;23,1;21,6;19,1;18,2;84;74;83;300;1,7;,2;
2007-10-31;05:00;0;963,3;963,8;963,3;-9999;21,3;18,2;22,3;21,2;19;18,1;85;80;83;279;1,5;,7;
2007-10-31;06:00;0;963;963,3;962,8;-9999;21,5;18,5;22,1;20,8;18,6;18;85;78;83;42;2;,1;
2007-10-31;07:00;0;962,8;963;962,7;-9999;20,4;18,2;21,5;20,4;18,8;18;88;83;87;303;1,3;,3;
2007-10-31;08:00;0;962,8;962,8;962,7;-9999;20,3;18,4;21,2;20,3;18,4;17,9;89;84;89;345;1,3;0;
2007-10-31;09:00;0;963,2;963,2;962,8;-9999;20,6;18,7;21;20,2;18,7;18,1;90;86;89;301;,7;0;
2007-10-31;10:00;0;963,5;963,6;963,2;191,3;22,7;19,9;22,7;20,6;19,9;18,8;89;84;84;254;1,4;,1;
2007-10-31;11:00;0;963,8;963,8;963,4;906,4;25,8;20,1;25,9;22,6;20,7;19,3;85;70;71;300;2;,1;
2007-10-31;12:00;0;963,8;963,9;963,7;1749,2;29,1;19,5;29,3;25,8;20,8;19,3;72;57;57;17;3,9;1,7;
2007-10-31;13:00;0;963,6;963,8;963,5;2499,5;31,8;19,3;32,1;28,8;20,4;18,8;59;46;48;333;5,8;2;
2007-10-31;14:00;0;963,3;963,6;963,2;3021,6;33,6;17,3;33,7;31,8;19,5;17,1;48;38;38;329;8,4;2,8;
2007-10-31;15:00;0;963;963,3;962,9;3233,3;34,2;16,3;34,7;33,2;17,8;15;40;32;34;349;8;3,3;
2007-10-31;16:00;0;961,8;963;961,8;3550,2;35,5;17,3;35,6;34,2;17,3;15,2;35;31;34;2;9,8;2,6;
2007-10-31;17:00;0;960,8;961,8;960,8;3210,1;35,5;16,8;36;34,6;17,6;15,9;36;32;33;333;7,9;2,7;
2007-10-31;18:00;0;960,2;960,8;960,2;2195,4;33,9;17,6;36;33,8;18;15,8;38;30;38;340;8,9;2,8;
2007-10-31;19:00;0;959,6;960,2;959,6;1457;34,8;17,2;35;33,8;18,3;16,4;40;34;35;277;8,8;4,2;
2007-10-31;20:00;0;959,2;959,6;959,1;1045,7;33,9;17,4;34,8;33,6;17,9;17,1;39;35;38;287;8,8;4;
2007-10-31;21:00;0;959,2;959,3;959,1;554;32,6;18,7;34,2;32,6;18,7;17,5;44;37;44;277;7,9;4,2;
2007-10-31;22:00;0;959,5;959,5;959,2;98,4;30;19,5;32,6;30;19,5;18,6;53;43;53;277;7,1;1,8;
2007-10-31;23:00;0;959,8;959,8;959,4;-9999;28,4;19,6;30;28,4;19,7;19,5;59;53;59;261;2,4;1;
2007-11-01;00:00;0;960,4;960,4;959,8;-9999;26,8;19,8;28,4;26,5;19,8;19,5;66;59;65;269;1,9;1,2;
2007-11-01;01:00;0;960,3;960,5;960,3;-9999;25,7;20,7;27,2;25,7;20,7;19,7;74;63;74;124;1,6;0;
2007-11-01;02:00;0;960,3;960,4;960,2;-9999;24,7;20,1;25,7;24,6;20,7;20;78;73;76;316;1,7;,9;
2007-11-01;03:00;0;959,7;960,3;959,7;-9999;25,6;20,1;25,6;24,7;20,3;20;76;71;71;342;2,9;1;
2007-11-01;04:00;0;959,5;959,7;959,3;-9999;24,9;19,8;25,8;24,5;20;19,5;74;70;73;343;4,4;1,4;
2007-11-01;05:00;0;959,4;959,6;959,4;-9999;24,8;19,7;25,2;24,4;20;19,7;75;73;73;342;3,3;1,1;
2007-11-01;06:00;0;959,3;959,4;959,2;-9999;25;19,8;25,3;24,7;20;19,7;74;72;73;345;3,4;1,2;
2007-11-01;07:00;0;959,4;959,4;959,2;-9999;25,3;19,9;25,4;24,9;20;19,8;74;72;72;333;3,7;1,3;
2007-11-01;08:00;0;959,7;959,7;959,4;-9999;24,3;20;25,4;24,2;20,1;19,9;77;72;77;335;4;1,4;
2007-11-01;09:00;0;960,5;960,5;959,7;-9999;24,9;20,2;24,9;24,3;20,3;20;77;75;75;335;4,7;1,6;
2007-11-01;10:00;0;961,4;961,5;960,5;178;26;20,5;26;24,9;20,5;20,2;75;72;72;320;5,7;2,8;
2007-11-01;11:00;0;962,7;962,7;961,5;876,4;28,7;21,3;28,7;26;21,4;20,5;72;64;64;327;7,6;2,5;
2007-11-01;12:00;0;963,1;963,1;962,7;1609,3;30,5;20,8;30,8;28,5;21,4;20,6;65;55;56;313;12,2;5,9;
2007-11-01;13:00;0;962,5;963,1;962,5;2384;32;20,2;32;30,5;21,1;20;57;50;50;322;14,9;5,7;
2007-11-01;14:00;0;962,3;962,6;962,2;2926,2;33,4;20;33,7;31,9;20,6;19,4;50;45;45;323;15;5,7;
2007-11-01;15:00;0;961,3;962,3;961,3;3172;34,1;20,2;34,2;33,1;20,7;19,3;47;42;44;312;15,3;7,5;
2007-11-01;16:00;0;960,1;961,3;960,1;3198,3;35;19,4;35,1;33,6;20,4;18,5;45;39;40;325;14,4;4,8;
2007-11-01;17:00;0;959,8;960,2;959,8;3155,9;34,4;15,5;36,1;32,2;19,6;14,3;41;32;32;284;19,2;9,2;
2007-11-01;18:00;0;958,8;959,9;958,8;2212,3;32,7;18,5;34,5;32,6;18,5;14;43;31;43;285;14,6;7,2;
2007-11-01;19:00;0;958,6;959;958,5;1221,8;33,1;18,4;33,2;32,2;18,8;18,3;45;42;42;271;11,8;8,4;
2007-11-01;20:00;0;958,9;959;957,8;952,5;28,4;20,3;33,9;28,4;20,4;17,4;62;39;62;233;13,9;4;
2007-11-01;21:00;0;958,7;959;958,5;278,3;27;20,5;28,6;26,4;20,7;20,1;70;61;67;123;11,1;2;
2007-11-01;22:00;0;960,2;960,2;958,7;62,5;26,2;20,1;27,1;26,2;20,5;20;69;66;69;151;5,4;1,5;
2007-11-01;23:00;0;960,6;960,7;960,1;-9999;23,6;21,4;26,2;23,6;21,4;20;87;69;87;96;7,1;3,7;
2007-11-02;00:00;1,6;962,6;963,5;960,6;-9999;23,1;21,5;23,7;22,9;22;20,7;90;87;90;104;7,1;4,4;
2007-11-02;01:00;5,2;963,7;965,1;962,6;-9999;22,2;20,6;23,1;22,2;21,4;20,3;93;87;91;77;6,6;3,5;
2007-11-02;02:00;0;963,1;963,7;963;-9999;22;21,1;22,2;21,8;21,1;20,6;95;91;95;66;6,3;3,3;
2007-11-02;03:00;0;962,9;963,3;962,9;-9999;22;20,8;22,1;22;21,2;20,8;95;93;93;54;5,9;2;
2007-11-02;04:00;0;962,3;962,9;962,3;-9999;21,8;20,7;22;21,7;20,8;20,7;94;93;94;42;4,6;2,2;
2007-11-02;05:00;0;962,4;962,4;962,2;-9999;21,8;20,7;21,8;21,7;20,8;20,6;94;93;93;358;4,1;,4;
2007-11-02;06:00;0;962,4;962,4;962;-9999;21,9;20,8;22;21,8;20,9;20,7;94;93;93;306;3,2;1,5;
2007-11-02;07:00;0;962,5;962,6;962,2;-9999;22;20,9;22,1;21,9;21;20,8;94;93;94;105;3,2;0;
2007-11-02;08:00;0;962,9;963;962,5;-9999;21,9;21;22,1;21,8;21,1;20,8;94;93;94;289;,8;0;
2007-11-02;09:00;,2;963,4;963,4;962,9;-9999;22;21;22;21,8;21,1;20,8;95;94;94;242;,7;0;
2007-11-02;10:00;,4;964,2;964,2;963,4;27,6;22,2;21,3;22,2;21,8;21,4;20,9;95;94;95;259;1,5;,8;
2007-11-02;11:00;1,6;964,9;965,1;964,2;93,4;22,4;21,2;22,5;22,1;21,5;21,1;95;92;93;354;4,8;2,1;
2007-11-02;12:00;2,6;964,4;965,3;964,4;210,3;22,5;21,4;22,8;22,4;21,6;21,2;94;92;93;35;4,8;,7;
2007-11-02;13:00;0;965,1;965,1;964,4;785,4;23,8;22;23,9;22,5;22,2;21,3;94;89;89;331;4,5;1,7;
2007-11-02;14:00;0;964,5;965,2;964,5;871,4;24,9;22,2;24,9;23,8;22,4;21,7;90;84;85;334;5,3;2,2;
2007-11-02;15:00;0;964;964,7;964;2820,2;27,2;22,1;27,4;24,7;23;21,6;86;71;74;324;10,5;3,4;
2007-11-02;16:00;0;963;964;963;2546;28,5;22;28,8;27,1;22,8;21,5;75;67;68;308;10,5;3,7;
2007-11-02;17:00;,2;961,7;963;961,6;2857,4;29,5;21,6;30,1;28,5;23;21,1;70;60;63;321;13;4,7;
2007-11-02;18:00;0;961,1;961,6;961,1;1674,4;28,6;21,9;30;27,5;22,5;21;73;61;67;298;12,6;7,7;
2007-11-02;19:00;,4;961,5;961,5;960,9;1063,9;25,1;20,5;29,5;25,1;22,1;20,4;82;62;76;262;14,4;8,3;
2007-11-02;20:00;,6;961,8;962;961,5;850;22,9;19;25,1;22,9;20,7;18,9;83;76;79;260;14,8;8,2;
2007-11-02;21:00;0;962,5;962,8;961,8;379,3;21,7;18,7;23;21,6;19,1;18,5;83;78;83;255;13,8;5,2;
2007-11-02;22:00;0;963,5;963,5;962,5;64,8;21;18,3;21,8;21;18,8;18,2;85;82;84;277;9,2;3,3;
2007-11-02;23:00;0;963,9;963,9;963,4;-9999;20,4;17,4;21,1;20,4;18,3;17,2;84;80;83;257;7,9;3,5;
2007-11-03;00:00;0;965;965;963,9;-9999;20,1;17,2;20,4;20,1;17,5;17;84;82;83;268;6,4;2,6;
2007-11-03;01:00;0;965,6;965,8;965,1;-9999;19,9;17,4;20,1;19,9;17,4;17;86;83;85;286;4,5;1,3;
2007-11-03;02:00;0;965,7;965,8;965,6;-9999;19,3;17,5;19,9;19,2;17,7;17,2;90;85;89;248;3,9;1,7;
2007-11-03;03:00;0;964,8;965,7;964,7;-9999;18,9;17,2;19,3;18,9;17,4;17,2;90;89;90;250;3,4;,7;
2007-11-03;04:00;0;964,8;964,9;964,7;-9999;18,5;17,3;18,9;18,5;17,4;17,2;93;90;92;300;2,2;1,4;
2007-11-03;05:00;0;964,6;964,9;964,5;-9999;18,3;17,2;18,7;18,3;17,5;17,1;93;92;93;258;2;1;
2007-11-03;06:00;0;964,1;964,6;964,1;-9999;18,3;16,9;18,7;18;17,3;16,9;94;91;91;292;2,4;1;
2007-11-03;07:00;0;964,2;964,2;963,7;-9999;18,5;17;18,7;18,3;17,2;16,9;92;90;91;290;4;2,5;
2007-11-03;08:00;0;964,4;964,4;964,2;-9999;18,3;17;18,5;18,2;17,1;16,9;93;91;92;267;4,8;1,6;
2007-11-03;09:00;0;965;965;964,3;-9999;17,8;16,5;18,3;17,7;17;16,5;93;92;92;256;4,5;1,2;
2007-11-03;10:00;0;965,7;965,7;965;143,6;18,4;16,6;18,4;17,8;16,7;16,4;92;89;90;249;2,5;1,4;
2007-11-03;11:00;0;966,3;966,4;965,7;249,4;18,6;15,9;18,8;18,4;16,7;15,8;90;84;84;241;3,4;1,6;
2007-11-03;12:00;0;966,5;966,8;966,3;510,2;19,1;16,2;19,1;18,6;16,5;15,7;86;83;84;215;5;2;
2007-11-03;13:00;,2;966,8;967,1;966,4;575,3;18,5;16,3;19,1;18,3;17,1;15,9;90;82;87;197;5,4;,8;
2007-11-03;14:00;2;966,6;967,4;966,5;220,4;18;16,6;18,5;18;17;16,2;93;87;92;105;2,4;1,1;
2007-11-03;15:00;,4;966,1;966,6;966;486,4;18,5;16,7;18,6;17,9;17,2;16,3;93;89;89;118;2,8;1;
2007-11-03;16:00;,8;965,5;966,2;965,5;768,9;18,7;16,9;19,3;18,4;17,8;16,4;93;86;89;237;2,2;,9;
2007-11-03;17:00;4,8;965,6;965,7;965,2;129,3;18,3;17,3;18,8;18,3;17,5;16,9;94;89;94;238;1,9;1,3;
2007-11-03;18:00;2,2;964,4;965,6;964,4;652,4;19,1;17,3;19,2;18,2;18,1;17,2;95;89;89;156;3,1;,6;
2007-11-03;19:00;10,2;964,3;964,6;964,1;55;18,5;17,8;19,1;18,4;17,8;17,3;95;89;95;289;1,9;,1;
2007-11-03;20:00;8;964,5;964,6;964,1;143,4;18,6;17,9;18,6;18,2;17,9;17,4;96;95;96;240;2,6;,9;
2007-11-03;21:00;,4;964,5;964,6;964,4;129,9;19;18,2;19;18,6;18,2;17,9;96;95;95;251;1,8;,3;
2007-11-03;22:00;0;964,7;964,8;964,4;26,2;18,8;17,9;19,1;18,8;18,3;17,8;95;93;94;226;2,9;,3;
2007-11-03;23:00;,2;965,1;965,1;964,7;-9999;18,9;18;19;18,8;18,1;17,9;95;94;94;42;1,1;,5;
2007-11-04;00:00;,2;965,6;965,6;964,8;-9999;18,9;18,1;19;18,8;18,1;18;95;94;95;36;2,7;,8;
2007-11-04;01:00;,2;966,1;966,3;965,4;-9999;19;18,3;19;18,8;18,3;18,1;96;95;96;14;2;,7;
2007-11-04;02:00;0;966,1;966,3;966;,3;19;18,3;19,1;18,9;18,4;18,2;96;96;96;353;2,5;,5;
2007-11-04;03:00;0;965,4;966,2;965,4;-9999;18,9;18,2;19,1;18,9;18,4;18,1;96;95;96;228;1,7;,3;
2007-11-04;04:00;,2;965;965,4;965;-9999;18,8;18,1;18,9;18,7;18,2;18;96;95;96;23;1,4;,1;
2007-11-04;05:00;0;964,7;965,1;964,7;-9999;18,8;18,1;18,9;18,7;18,1;18;96;95;96;100;1,5;0;
2007-11-04;06:00;0;964,3;964,7;964,2;-9999;18,8;18,1;18,9;18,8;18,2;18;96;96;96;206;1;0;
2007-11-04;07:00;0;965,1;965,1;964,3;-9999;18,9;18,2;18,9;18,7;18,2;18,1;96;96;96;199;1,9;0;
2007-11-04;08:00;0;965,7;965,7;965,1;-9999;19;18,2;19;18,8;18,2;18,1;96;95;95;143;1,5;0;
2007-11-04;09:00;0;966,5;966,5;965,7;,6;18,8;18;19,1;18,8;18,3;17,9;95;94;95;183;3,3;1,4;
2007-11-04;10:00;0;967,2;967,2;966,4;154,3;18,9;17,9;18,9;18,7;18;17,8;95;94;94;191;3,3;1,1;
2007-11-04;11:00;0;967,7;967,8;967,2;371,4;19,5;17,9;19,5;18,7;18,1;17,6;94;90;91;168;4,9;1,2;
2007-11-04;12:00;0;967,8;967,8;967,6;1602,4;21,4;18,5;21,7;19,5;19,3;17,8;91;82;83;163;5,4;2,2;
2007-11-04;13:00;0;968,4;968,4;967,8;2445,5;22,8;18,1;22,9;21,2;19,3;17,8;85;75;75;148;5,4;2,4;
2007-11-04;14:00;0;968,5;968,6;968,2;2699,5;23,8;18,1;24,3;22,4;19,3;17,6;79;69;70;162;9;2,7;
2007-11-04;15:00;0;968,3;968,5;968,2;3095,5;25,5;17,1;25,6;23,7;18,8;17;72;60;60;110;7,1;3,8;
2007-11-04;16:00;0;967,9;968,3;967,9;3670,4;26,5;15,2;27,2;25,3;18,5;14,9;66;48;50;138;7,2;3,5;
2007-11-04;17:00;0;967,2;967,9;967,2;3493,4;28,2;14,3;28,2;26,5;17,5;14,3;56;43;43;140;8;3,7;
2007-11-04;18:00;0;966,7;967,3;966,7;2959,4;28,4;11,9;28,8;27,3;15;10,4;46;34;36;139;10,5;3,4;
2007-11-04;19:00;0;965,9;966,7;965,9;2853,9;28,8;11,4;29,1;27,8;13,8;10,9;41;33;34;139;9,1;3,8;
2007-11-04;20:00;0;965,5;965,9;965,5;1443,6;27,5;12,6;28,8;27,5;13,6;11,7;42;34;40;139;9,5;2,9;
2007-11-04;21:00;0;966,2;966,2;965,5;540,9;27,2;10,9;27,5;26,9;12,8;10;41;34;36;140;7,8;2,5;
2007-11-04;22:00;0;967;967;966,2;165;25,3;11,4;27,2;25,3;11,5;10,3;42;36;42;117;7,1;2,6;
2007-11-04;23:00;0;967,5;967,5;967;-9999;22,7;12,5;25,3;22,7;12,7;11,4;53;42;53;112;4,9;1,4;
2007-11-05;00:00;0;968,4;968,4;967,5;-9999;20,9;13,9;22,7;20,8;15,3;12,4;70;52;64;138;2,4;,7;
2007-11-05;01:00;0;969,2;969,2;968,4;-9999;20,9;15,7;21,6;19,7;16,1;13,9;79;63;72;112;2;,3;
2007-11-05;02:00;0;968,8;969,2;968,7;-9999;19,7;15;20,9;19,7;15,9;14,2;76;67;75;145;1,7;0;
2007-11-05;03:00;0;968,4;968,8;968,3;-9999;19,1;14,7;19,9;19;16,2;14,3;82;71;76;171;1,1;,2;
2007-11-05;04:00;0;967,7;968,4;967,7;-9999;18,2;14,5;19,1;17,4;14,9;14;85;74;79;187;1,2;0;
2007-11-05;05:00;0;967,7;967,9;967,7;-9999;19,6;12,9;19,6;17,6;15;12,8;84;65;66;241;1,4;,5;
2007-11-05;06:00;0;967,1;967,7;967,1;-9999;19,8;12,8;20,1;19,6;13,1;12,4;66;62;64;202;2,3;,8;
2007-11-05;07:00;0;967,1;967,2;967;-9999;19,2;13,1;19,9;19,2;13,2;12,5;68;63;68;153;2,8;1;
2007-11-05;08:00;0;967,4;967,4;967;-9999;18,6;13,2;19,2;18,6;13,3;13;71;68;71;146;3,8;1,6;
2007-11-05;09:00;0;967,7;967,7;967,3;-9999;18,2;13,1;18,7;18,1;13,3;12,9;73;70;72;203;3,8;,9;
2007-11-05;10:00;0;968,3;968,3;967,7;218,2;18,8;13,1;18,8;18,1;13,4;12,9;72;69;69;142;3,7;1,3;
2007-11-05;11:00;0;968,8;968,9;968,3;796,7;21;13,6;21,1;18,8;14,1;12,9;71;62;63;152;5,2;2,2;
2007-11-05;12:00;0;969,1;969,1;968,8;1564,5;22,3;13,4;22,8;20,6;14,3;13;64;55;57;119;7,8;4;
2007-11-05;13:00;0;969,1;969,2;969;2313,2;24,9;14,1;24,9;22,2;14,8;12,8;59;48;51;113;9,7;4,9;
2007-11-05;14:00;0;968,7;969,1;968,6;3351,3;26,1;13,9;26,6;24,7;15,1;13,1;54;45;47;100;8,9;5,1;
2007-11-05;15:00;0;968,1;968,7;968;3352,1;27,6;13,5;28;26,1;15;12,9;48;41;42;107;8,8;4,7;
2007-11-05;16:00;0;967,5;968,2;967,3;3190,1;28,3;12,7;28,8;27,6;14,7;12;45;36;38;93;8,8;4;
2007-11-05;17:00;0;966,4;967,5;966,4;3187,4;29,1;13,7;29,8;28,3;14,1;11,4;40;34;39;90;8,4;4,1;
2007-11-05;18:00;0;965,9;966,4;965,8;2589,4;29,7;12,5;30;28,9;14,3;11,3;40;31;35;71;7,6;3,3;
2007-11-05;19:00;0;965,7;965,9;965,6;2085,6;29,5;11,6;30;29,1;12,7;10,8;35;31;33;92;8,1;3,3;
2007-11-05;20:00;0;965,3;965,7;965,3;1634,9;29,1;12,7;29,7;29;12,7;11,1;37;32;36;107;6;3,2;
2007-11-05;21:00;0;965,6;965,6;965,3;840,1;28,3;13;29,2;28,3;13,9;11,3;39;33;39;99;7,1;3,1;
2007-11-05;22:00;0;966,1;966,1;965,6;81,5;26,9;14,5;28,3;26,8;14,6;12,8;47;38;46;113;5,4;2,3;
2007-11-05;23:00;0;966,4;966,5;966;-9999;24,4;15,6;26,9;24,4;15,9;14,5;59;46;58;93;4,5;1,7;
2007-11-06;00:00;0;967,3;967,3;966,4;-9999;23,4;16,1;24,4;23,4;16,1;15,6;64;58;63;101;3,7;1,8;
2007-11-06;01:00;0;968,3;968,3;967,3;-9999;22;16;23,4;22;16,4;15,9;70;63;69;49;2,8;,5;
2007-11-06;02:00;0;969,1;969,1;968,3;-9999;21,8;15,8;22,2;21,6;16;15,6;70;67;69;78;1,6;,8;
2007-11-06;03:00;0;969,3;969,4;969,1;-9999;20,6;16,1;21,8;20,6;16,3;15,8;76;69;75;103;2,1;0;
2007-11-06;04:00;0;969,1;969,4;969;-9999;19,7;16,1;20,8;19,2;16,3;15,7;81;74;80;227;,9;,2;
2007-11-06;05:00;0;969;969,1;969;-9999;17,3;15,6;19,7;17,3;16,2;15,5;90;80;90;279;,9;,4;
2007-11-06;06:00;0;968,2;969;968,1;-9999;16,8;15,4;17,5;16,8;15,8;15,3;92;89;92;256;1,5;,2;
2007-11-06;07:00;0;968,3;968,3;968,2;-9999;17,2;15,7;17,2;16,7;15,7;15,3;92;91;91;200;2;0;
2007-11-06;08:00;0;968,6;968,6;968,2;-9999;16,2;14,8;17,2;16,1;15,7;14,8;92;90;92;272;1,5;1;
2007-11-06;09:00;0;969,2;969,2;968,6;1;16,1;14,7;16,4;15,8;15;14,3;92;90;91;272;1,9;1,5;
2007-11-06;10:00;0;970,2;970,2;969,2;190,6;18,4;16,1;18,4;16,1;16,4;14,7;92;87;87;256;1,9;,2;
2007-11-06;11:00;0;970,8;970,8;970,1;1048,6;23,1;15,8;23,4;18,3;17,4;15,8;88;63;64;156;3,6;1,9;
2007-11-06;12:00;0;971,2;971,2;970,8;1880,4;24,4;16,6;24,6;22,9;17;15,5;66;60;62;121;6,5;3,9;
2007-11-06;13:00;0;971,2;971,3;971,2;2782,4;26,3;17;26,4;24,4;17,7;16,2;63;55;57;106;7;4;
2007-11-06;14:00;0;970,9;971,3;970,9;3287;27,9;15,8;28,1;26,3;17,6;15;58;46;48;104;6,2;3,6;
2007-11-06;15:00;0;970,3;970,9;970,3;3656;29,9;15,4;29,9;28;16,8;13,8;49;39;41;101;8,9;4,1;
2007-11-06;16:00;0;969,5;970,3;969,4;3830,2;30,7;13,9;30,8;29,2;15,7;13;43;34;36;106;9,4;3,7;
2007-11-06;17:00;0;968,2;969,4;968,2;3621,6;31,5;13;31,8;30,4;15,5;10,5;38;28;32;103;8,5;3,8;
2007-11-06;18:00;0;967,1;968,2;967,1;3073,1;31,1;11,3;32,1;31,1;13,7;9,7;33;26;30;119;9,1;4,4;
2007-11-06;19:00;0;966,4;967,1;966,4;2600,3;31,4;11;32;31;12,9;10,2;32;27;29;119;10,6;3,4;
2007-11-06;20:00;0;966,2;966,4;966,1;1866,5;30,9;10,1;31,8;30,8;11,7;9,6;30;26;28;132;10,6;3,1;
2007-11-06;21:00;0;966;966,2;966;1041,3;29,9;9,2;31;29,9;10,8;9;29;27;28;112;8,1;4,6;
2007-11-06;22:00;0;966,3;966,3;965,9;84;27,7;9,6;29,9;27,6;10;8,5;33;27;32;108;8,1;1,8;
2007-11-06;23:00;0;966,8;966,8;966,2;-9999;25,5;10,5;27,7;25,4;10,9;9,6;40;32;39;109;3;1,4;
2007-11-07;00:00;0;967,6;967,6;966,9;-9999;23,7;11,3;25,5;23,7;11,8;10,4;47;39;46;109;2,9;1,2;
2007-11-07;01:00;0;968,3;968,3;967,6;-9999;21,8;12,8;23,8;21,8;13,7;11,3;60;45;57;113;2;,8;
2007-11-07;02:00;0;968,4;968,5;968,3;-9999;21,8;12,7;22,5;21,5;13,5;11,8;60;52;56;129;1,7;,9;
2007-11-07;03:00;0;968,5;968,6;968,4;-9999;20,4;12,7;22,4;20,2;13,9;11,9;66;52;61;30;2,5;,8;
2007-11-07;04:00;0;967,8;968,5;967,8;-9999;19,1;13,3;20,8;18,8;13,7;12,6;71;60;69;270;1,6;1;
2007-11-07;05:00;0;967,3;967,8;967,3;-9999;17,2;13,9;19,3;17,1;14,1;13,2;81;68;81;192;1,4;,5;
2007-11-07;06:00;0;967,5;967,6;967,3;-9999;16,4;12,8;19,1;16,1;13,9;12,6;82;68;79;288;3,1;1;
2007-11-07;07:00;0;967,5;967,5;967,4;-9999;15,7;12,6;16,4;15,4;12,9;12,5;83;79;82;284;1,9;1,2;
2007-11-07;08:00;0;967,7;967,7;967,5;-9999;15,3;12,7;16,4;15,2;13,2;12,6;85;80;85;292;2,4;1,2;
2007-11-07;09:00;0;968,1;968,1;967,6;-9999;15,8;12,8;15,8;15,1;13;12,5;87;82;83;290;1,9;,9;
2007-11-07;10:00;0;968,7;968,7;968;315;19,5;14,6;19,5;15,8;15;12,8;84;73;74;259;1,9;,8;
2007-11-07;11:00;0;969,3;969,3;968,6;1109,7;23,8;13,7;24;19,5;15,3;13,4;74;52;53;138;2,6;1,4;
2007-11-07;12:00;0;969,6;969,7;969,3;2015,6;26,2;14,9;26,2;23,8;15;12,9;54;47;50;112;4,1;2,1;
2007-11-07;13:00;0;969,6;969,7;969,5;2790;28,8;16,5;28,8;26,2;16,8;14,3;51;46;47;109;5,2;2,4;
2007-11-07;14:00;0;969,1;969,6;969,1;2841,7;28,5;16,1;29,7;28,3;16,8;15,1;48;43;47;89;8,5;4,3;
2007-11-07;15:00;0;968,4;969,1;968,4;2457,9;31,1;17,3;31,1;28,5;17,7;15,9;50;42;44;66;8,5;3,5;
2007-11-07;16:00;0;967,5;968,4;967,5;3618,7;31,6;17,8;31,6;30;18,2;15,9;46;41;44;45;6,5;2,5;
2007-11-07;17:00;0;966,3;967,5;966,3;3416,8;32,4;18;32,4;30,9;18,4;16,5;46;40;42;52;5,8;2,7;
2007-11-07;18:00;0;965;966,3;965;3201;33,2;15,7;33,4;31,4;18,1;15,5;43;34;35;282;5,4;1,1;
2007-11-07;19:00;0;963,6;965;963,6;2075,8;32,6;15;33,5;32,2;17,3;15;42;34;35;348;4,3;,4;
2007-11-07;20:00;0;962,9;963,6;962,9;1162,1;33,2;15,3;33,3;31,8;18;14,5;44;33;34;111;3,1;1,3;
2007-11-07;21:00;0;963,1;963,2;962,9;772,2;31,6;16,7;33,7;31,6;17;15;41;33;41;122;5,4;2,4;
2007-11-07;22:00;0;964,1;964,1;963,1;108,7;29,8;18,5;31,6;29,8;18,6;16,7;51;41;51;106;5,6;1,4;
2007-11-07;23:00;17;966,7;966,7;964,1;1;21,5;20,8;29,8;21,5;21;17,6;96;51;96;285;13,1;6,9;
2007-11-08;00:00;18,6;966,6;966,7;966,4;-9999;21,7;21,1;21,8;21;21,2;20,4;96;96;96;264;9,9;1,9;
2007-11-08;01:00;1,6;966,1;966,6;966,1;-9999;21,4;20,6;21,8;21,2;21,1;20,5;96;95;95;44;3,7;,8;
2007-11-08;02:00;0;966,9;966,9;966,1;-9999;21,8;20,2;22,5;21,5;21;20,1;95;89;91;86;4,1;1,4;
2007-11-08;03:00;0;966,9;967,2;966,8;-9999;22,1;20,1;22,1;21,7;20,5;19,9;92;88;88;84;4,2;2,5;
2007-11-08;04:00;0;966;966,9;966;-9999;21,4;19,9;22,1;21,3;20;19,7;91;88;91;60;4,5;,5;
2007-11-08;05:00;0;965,5;966;965,4;-9999;20,8;19,5;21,4;20,8;19,8;19,5;92;90;92;344;1,8;0;
2007-11-08;06:00;0;964,7;965,5;964,7;-9999;20,5;19,4;20,8;20,4;19,6;19,1;93;92;93;260;1,2;0;
2007-11-08;07:00;0;964,6;964,7;964,4;-9999;20,2;19,1;20,5;20,2;19,4;18,9;94;91;93;223;1,4;0;
2007-11-08;08:00;0;964,5;964,6;964,5;-9999;19,9;19,1;20,2;19,6;19,2;18,8;95;93;95;271;,6;0;
2007-11-08;09:00;0;964,6;964,6;964,4;0;19,3;18,5;19,9;19,3;19,1;18,5;96;95;95;327;1,9;,2;
2007-11-08;10:00;0;965,1;965,1;964,6;319;22,9;20,1;22,9;19,4;20,3;18,6;95;85;85;353;2,4;,1;
2007-11-08;11:00;0;965,7;965,7;965,1;1121,5;24,2;20,1;24,2;22,7;20,3;19,3;85;75;78;10;3;1,3;
2007-11-08;12:00;0;966;966;965,7;2009,8;26,6;20,4;26,9;24,2;21,3;19,4;79;67;69;8;4,1;1,7;
2007-11-08;13:00;0;965,8;966;965,8;2436,7;28,9;21,2;28,9;26,6;21,8;20,3;72;61;64;360;6;2,1;
2007-11-08;14:00;0;965,4;965,8;965,4;3161,9;31,5;19,8;31,5;28,9;22;18,7;65;48;50;350;6,6;2,5;
2007-11-08;15:00;0;964,6;965,4;964,6;3455,9;32,3;18,2;32,6;30,9;20,6;17,2;53;42;43;326;8,5;3,1;
2007-11-08;16:00;0;963,8;964,6;963,8;3774,6;33;17,8;33,1;32;19,4;17,1;48;39;41;325;9,6;2,7;
2007-11-08;17:00;0;962,3;963,8;962,3;3639;33,6;18,9;33,6;32,3;20,5;17,2;50;40;42;332;9,1;3,9;
2007-11-08;18:00;0;960,6;962,3;960,6;3153,7;33,5;19,1;34,4;32,8;19,6;17,4;44;38;43;326;9,9;3,4;
2007-11-08;19:00;0;959,7;960,6;959,6;2419,3;32,7;17,8;33,8;32,7;19,1;16,8;43;37;41;336;8,2;2,6;
2007-11-08;20:00;0;959,2;959,7;959,2;1109,4;32,2;17,3;33,5;32;18,9;16,3;44;36;41;332;5,4;1,6;
2007-11-08;21:00;0;959,3;959,3;959;915,5;31,6;19,1;33,2;31,5;19,4;16,2;49;37;47;30;8,3;3,5;
2007-11-08;22:00;0;959,9;960,1;959,3;141,1;26,7;20,1;31,7;26,6;20,4;18,6;68;46;67;52;11,1;5,1;
2007-11-08;23:00;0;960,3;960,4;959,9;-9999;25,8;20,3;26,7;25,7;20,3;20;72;67;72;51;8,7;3,6;
2007-11-09;00:00;0;961,1;961,1;960,2;-9999;25,4;20;25,8;25,3;20,4;20;73;72;72;51;6,5;3,2;
2007-11-09;01:00;,4;962,8;962,9;961,1;-9999;23,4;20,4;26,1;23,4;20,5;20;83;71;83;350;11;5;
2007-11-09;02:00;,4;962,6;962,9;961,9;-9999;22,2;19,6;23,4;22,2;20,6;19,6;87;83;85;333;10,8;3,6;
2007-11-09;03:00;1,2;963,2;963,2;962,3;-9999;21,3;19,3;22,4;21,3;19,7;18,3;88;79;88;329;17;6,4;
2007-11-09;04:00;4,6;961;963,3;961;-9999;21,3;18,3;21,4;20,5;19,1;17,7;90;80;83;306;17;,8;
2007-11-09;05:00;0;960,9;961,1;960,9;-9999;22,1;19;22,6;20,7;19;18,4;89;79;83;338;4,7;1,8;
2007-11-09;06:00;0;960,6;960,9;960,6;-9999;21,4;19,6;22,1;21,3;19,6;19,1;90;83;90;341;4,4;1,3;
2007-11-09;07:00;0;960,1;960,6;960;-9999;21,5;19,8;21,8;21,3;19,9;19,7;90;89;90;360;6,2;1,5;
2007-11-09;08:00;0;960,5;960,5;960,1;-9999;21,7;20;21,7;21,2;20;19,8;92;90;90;337;4,9;1,7;
2007-11-09;09:00;0;960,8;960,8;960,4;,9;22,2;19,9;22,3;21,7;20;19,8;90;86;87;322;6,2;2,4;
2007-11-09;10:00;0;960,9;960,9;960,5;127;22,1;20,2;22,2;21,9;20,2;19,9;89;87;89;341;5,5;1,8;
2007-11-09;11:00;0;961,5;961,6;960,9;759,3;24;20,9;24;22,1;21,2;20,2;89;83;83;339;6,9;2,3;
2007-11-09;12:00;0;961,7;961,7;961,4;1932;26,2;20,9;26,2;24;21,5;20,6;84;72;73;335;11;4;
2007-11-09;13:00;0;961,7;961,8;961,6;2704;27,5;20,9;27,6;26,2;21,6;20,2;74;65;67;339;14;4,9;
2007-11-09;14:00;0;960,8;961,7;960,8;2919,1;28,7;20,7;29,1;27,4;21,7;20,1;68;60;62;335;14,8;5,2;
2007-11-09;15:00;0;960,2;960,8;960,2;3196,8;29,6;20,7;30,2;28,3;21,6;19,8;64;56;59;343;14;5,5;
2007-11-09;16:00;0;959,2;960,2;959,1;3095,8;31,2;21,1;31,2;29,5;21,3;19,7;60;52;55;351;14;5,5;
2007-11-09;17:00;0;958,3;959,2;958,3;1747;30,3;19,5;31,5;30,1;21,1;19,2;55;50;52;344;13,8;5,1;
2007-11-09;18:00;0;957,1;958,3;957,1;2012,9;30,8;19,6;32,1;30,1;20,6;18,8;54;48;51;342;13,9;4,8;
2007-11-09;19:00;0;956,3;957,2;956,3;1787,4;31;19,1;31,9;30,6;20;18,8;52;47;49;330;15;5,6;
2007-11-09;20:00;0;955,7;956,3;955,6;1479,2;30,7;19,5;31,5;30,5;20,2;19,1;53;48;51;346;13,8;6,7;
2007-11-09;21:00;0;955,6;955,8;955,5;826,7;30,1;19,4;30,8;30,1;20,4;19,1;55;51;53;342;14,2;5;
2007-11-09;22:00;0;954,6;955,6;954,6;117,9;28,5;19,9;30,1;28,5;19,9;19,4;60;53;60;341;12,9;4,6;
2007-11-09;23:00;0;954,5;954,6;953,9;-9999;27,7;20;28,5;27,6;20,1;19,8;64;60;63;342;10;3,5;
2007-11-10;00:00;0;956,2;956,2;954,6;-9999;26,7;20;27,8;26,6;20,1;20;68;63;67;339;8,9;2,1;
2007-11-10;01:00;0;958,5;958,5;956,2;-9999;26,6;20,1;27;26,5;20,1;19,9;68;66;68;342;6,3;1;
2007-11-10;02:00;0;959,7;959,7;958,5;-9999;25,6;20,7;26,6;25,6;20,7;20,1;75;68;75;351;2,8;,1;
2007-11-10;03:00;0;959,4;959,9;959,4;-9999;25,3;20,6;25,6;25,2;20,9;20,4;77;73;75;342;2,4;,7;
2007-11-10;04:00;0;958,6;959,4;958,5;-9999;24,3;20,2;25,3;24,3;20,5;20,2;78;74;78;343;3,4;1,7;
2007-11-10;05:00;0;959,6;959,6;958,4;-9999;23;17,3;25,1;23;20,6;17,3;79;69;70;177;6;2,8;
2007-11-10;06:00;0;959,3;959,9;959,3;-9999;21,2;18,4;23;21,1;18,5;17,4;84;70;84;146;10,6;3,1;
2007-11-10;07:00;0;959,1;959,3;958,5;-9999;20,8;19,1;21,2;20,7;19,1;18,4;90;84;90;130;6,8;2,4;
2007-11-10;08:00;0;958,9;959,2;958,8;-9999;20,3;19,1;20,8;20,3;19,2;19;93;90;93;95;5,6;2,5;
2007-11-10;09:00;0;959,7;959,7;958,9;-9999;20,2;19,2;20,4;20,2;19,3;19,1;94;93;94;69;4,1;1,7;
2007-11-10;10:00;0;960,6;960,6;959,6;44,9;20,5;19,3;20,6;20,2;19,4;19,2;94;92;92;103;4;1,6;
2007-11-10;11:00;0;961,3;961,3;960,6;656,3;21,9;19,8;21,9;20,4;20,2;19,1;93;88;88;111;3,5;2;
2007-11-10;12:00;0;961,2;961,4;961,2;1081,1;22,8;20,6;23,1;21,6;21;19,5;90;85;87;95;3,8;1,9;
2007-11-10;13:00;0;960,5;961,2;960,4;2742,6;27,2;22;27,2;22,8;22,5;20,3;88;71;73;42;4,6;2,2;
2007-11-10;14:00;,2;959,6;960,5;959,5;1738,4;30,7;20,3;30,7;26,9;22,3;19,5;74;53;54;313;17,2;7,9;
2007-11-10;15:00;0;959;959,6;958,9;2881,1;31;19,4;32,4;30,4;21;18,7;55;46;50;312;16,6;7,4;
2007-11-10;16:00;0;957,9;959;957,9;3079,1;33,1;18,4;33,6;30,8;20,4;18,4;52;42;42;310;16;7,3;
2007-11-10;17:00;0;957;957,9;956,9;2794,9;32,5;18;34,3;32,5;19,1;17,2;44;37;42;315;18,1;6,9;
2007-11-10;18:00;0;956,2;957;956;2129,2;33,9;18,4;34,1;32,3;19,1;17,5;45;38;40;311;15,9;8,4;
2007-11-10;19:00;0;955,6;956,2;955,6;1986,8;33,4;19,2;35;32,6;19,5;17;45;37;43;298;17,1;9,2;
2007-11-10;20:00;0;955,1;955,6;955,1;1803,5;32,6;18,9;34,2;32,5;19,3;18,4;45;40;44;307;16,5;8,6;
2007-11-10;21:00;0;955,1;955,3;954,9;964;32,5;18,5;33,4;32,5;19;18,4;44;42;44;306;16,8;7,2;
2007-11-10;22:00;0;955,5;955,6;955,1;104,4;30,2;19;32,6;30,2;19;18,3;51;43;51;299;13,9;4,7;
2007-11-10;23:00;0;956,8;956,8;955,5;-9999;28,7;19,1;30,2;28,7;19,2;19;56;51;56;307;8;1,9;
2007-11-11;00:00;0;958,6;958,6;956,8;-9999;26,5;19,9;28,7;26,5;20;19,1;68;56;67;279;3,3;,8;
2007-11-11;01:00;0;959,7;959,7;958,4;-9999;26,8;20,3;26,9;25,7;20,4;19,7;72;65;68;237;4;1,7;
2007-11-11;02:00;0;961,2;961,5;959,7;-9999;22,3;19,4;26,8;22,3;20,3;19,3;84;68;84;182;11,6;4,1;
2007-11-11;03:00;9,6;961,7;962,3;961,2;-9999;20,3;19,3;22,3;20,3;19,7;19,2;94;84;94;170;8,5;1,1;
2007-11-11;04:00;8,8;960,6;963,2;960,6;-9999;20,5;19,7;20,7;20,2;19,9;19,3;95;94;95;45;7,6;,1;
2007-11-11;05:00;2,2;961,3;961,6;960,5;-9999;20,5;19,8;20,8;20,5;20,1;19,7;96;95;95;22;3,7;1,3;
2007-11-11;06:00;,4;961,7;961,7;961,1;-9999;20,6;19,9;20,7;20,5;19,9;19,8;96;95;95;333;4,4;1;
2007-11-11;07:00;1;961,4;962;961,2;-9999;20,7;19,9;20,8;20,6;20,1;19,9;96;95;96;54;3,4;1,9;
2007-11-11;08:00;,2;962,3;962,3;961,4;-9999;20,9;20,2;20,9;20,7;20,3;19,9;96;96;96;164;3,6;,7;
2007-11-11;09:00;1,4;963,4;963,4;962,3;1,2;20,2;19,2;20,9;20,2;20,2;19,2;96;95;95;160;7,3;2,7;
2007-11-11;10:00;0;964,7;964,7;963,4;16,4;19,8;18,5;20,2;19,8;19,2;18,5;95;92;92;150;9,4;3;
2007-11-11;11:00;,6;965,8;965,9;964,5;24;19,3;17,8;19,8;19,3;18,5;17,8;93;91;91;172;10,1;3,2;
2007-11-11;12:00;2,4;966,9;966,9;965,8;109,9;19;18,2;19,3;18,8;18,2;17,6;95;91;95;157;9,7;2,2;
2007-11-11;13:00;,8;967,1;967,1;966,7;579,9;19,7;18,1;19,7;19;18,3;17,8;95;90;90;145;9,6;3,2;
2007-11-11;14:00;0;967,8;967,8;966,9;1034,3;20,1;17,8;20,9;19,6;18,6;17,5;91;83;86;148;8;2,6;
2007-11-11;15:00;4;968,4;968,5;967,8;187,7;19,1;18;20,1;19;18;17,4;93;86;93;116;6,3;2;
2007-11-11;16:00;1,4;967,9;968,8;967,9;652,1;20,6;18,7;20,6;19,2;19,6;18,1;95;88;89;143;4,7;1,7;
2007-11-11;17:00;0;967,2;967,9;967,2;760,2;22;19,1;22;20,6;19,4;18,3;89;84;84;152;5,1;1,5;
2007-11-11;18:00;0;966,7;967,2;966,7;592,9;21,9;19,5;22,3;21,5;19,5;18,6;87;81;86;175;4,8;1,3;
2007-11-11;19:00;0;966,4;966,7;966,2;1259,5;23,7;16,2;24;21,9;19,7;16,2;86;63;63;159;9,4;3,5;
2007-11-11;20:00;0;966,8;966,8;966,4;718,8;22;15;23,7;22;16,6;14,8;66;62;64;164;11,1;3,4;
2007-11-11;21:00;0;966,9;966,9;966,5;436,8;21,6;14,3;22;21,6;15,4;14;67;61;63;170;10,4;3,5;
2007-11-11;22:00;0;967,1;967,1;966,9;95,8;20,1;14,4;21,6;20,1;14,5;13,7;71;62;70;175;9;1,4;
2007-11-11;23:00;0;967,8;967,8;967,1;-9999;19,5;14,2;20,2;19,5;14,7;14,2;72;69;71;128;4,8;1,2;
2007-11-12;00:00;0;968,7;968,7;967,8;-9999;19;13,2;19,5;19;14,4;13,2;73;69;69;172;5,9;2,3;
2007-11-12;01:00;0;969,3;969,3;968,7;-9999;18;11,4;19;18;13,3;11,4;70;64;65;166;5,2;1,5;
2007-11-12;02:00;0;969,1;969,3;969;-9999;16,8;11,3;18;16,8;11,5;11;70;65;70;142;4,6;1,1;
2007-11-12;03:00;0;968,7;969,1;968,7;-9999;15,8;11,4;16,8;15,5;11,8;11,2;78;70;75;27;2,6;0;
2007-11-12;04:00;0;968,5;968,7;968,4;-9999;16;11,6;16;15,4;11,8;11,4;80;74;75;173;1,8;,5;
2007-11-12;05:00;0;968,3;968,5;968,2;-9999;15,5;11,6;16;15,4;11,9;11,4;80;74;78;179;2,4;,6;
2007-11-12;06:00;0;968,4;968,4;968,2;-9999;15,8;10,9;16,1;15,4;11,8;10,7;79;71;73;238;3,6;,8;
2007-11-12;07:00;0;968,2;968,4;968;-9999;15,6;10,7;15,9;15,6;11;10,4;73;70;73;182;3,4;1;
2007-11-12;08:00;0;968,7;968,7;968,2;-9999;15,2;10,1;15,6;15,2;10,7;10;73;70;72;213;3,7;1,2;
2007-11-12;09:00;0;969,6;969,6;968,7;-9999;14,9;9,8;15,3;14,8;10,3;9,7;73;71;72;217;3,8;1,4;
2007-11-12;10:00;0;970,1;970,1;969,5;339,4;16,4;10,3;16,4;14,8;10,5;9,8;73;66;67;201;4,2;1,7;
2007-11-12;11:00;0;970,4;970,4;970,1;1051,2;18,5;11,3;18,8;16,4;11,7;10,3;69;60;63;164;5,9;2,2;
2007-11-12;12:00;0;970,7;970,7;970,4;1835;20,7;11,6;20,7;18,1;12,9;10,5;64;56;56;154;6,4;2,4;
2007-11-12;13:00;0;970,5;970,7;970,5;2649,3;22,5;13;22,5;20,7;13,4;11,4;60;52;55;168;6,8;2,5;
2007-11-12;14:00;0;970,3;970,5;970,3;2499,4;23,9;14,1;24,2;22,5;14,5;11,7;56;49;54;130;6,6;2;
2007-11-12;15:00;0;969,6;970,3;969,6;2598,4;25,6;14,4;25,6;23,9;15,2;12,5;57;46;50;131;5,7;2,8;
2007-11-12;16:00;0;968,8;969,6;968,8;3103,7;26,9;13,8;27,5;25,6;15,4;12,9;51;42;45;136;6;2,6;
2007-11-12;17:00;0;967,8;968,8;967,8;3288,8;27,9;15,2;28,5;26,9;16,4;12,7;51;41;46;88;6,2;2,5;
2007-11-12;18:00;0;967;967,8;967;2584,3;28,7;15,7;29,1;27,7;15,8;13,3;48;39;45;95;6,7;3;
2007-11-12;19:00;0;966,4;967;966,4;1836,5;28,7;15,4;29,3;28,4;16,4;14;47;40;44;121;6;2,6;
2007-11-12;20:00;0;965,9;966,4;965,9;1297,3;28,4;15,1;29,4;28,3;16,1;14;46;40;45;111;7,8;2,7;
2007-11-12;21:00;0;965,7;965,9;965,7;648;27,7;15,1;29,1;27,6;16,2;14,8;49;43;46;110;5,2;2,6;
2007-11-12;22:00;0;965,7;965,8;965,7;74,1;25,9;16,4;27,7;25,9;16,4;14,9;56;46;56;111;4,5;1,7;
2007-11-12;23:00;0;965,8;965,8;965,6;-9999;24,6;16,7;26;24,4;17,2;16,2;64;55;62;113;3,3;1,4;
2007-11-13;00:00;0;966,2;966,2;965,8;-9999;23,5;17,3;24,8;23,3;17,6;16,7;70;61;68;163;2,6;,2;
2007-11-13;01:00;0;966,5;966,5;966,2;-9999;22,1;17,6;23,5;22;18,4;17,2;76;68;76;100;1;0;
2007-11-13;02:00;0;967;967;966,4;-9999;21,6;17,9;22,1;21,3;18,2;17,4;83;75;79;153;1,4;,4;
2007-11-13;03:00;0;966,3;967;966,3;-9999;20,9;17,7;21,7;20,9;18;17,2;82;78;82;157;1,1;,4;
2007-11-13;04:00;0;965,8;966,3;965,7;-9999;19,9;17,4;20,9;19,8;17,8;17,2;86;81;86;152;1,5;,1;
2007-11-13;05:00;0;965,3;965,8;965,3;-9999;19,5;17,7;20,4;19,5;18;17,4;90;85;90;21;,9;0;
2007-11-13;06:00;0;964,8;965,4;964,7;-9999;19,4;17,9;19,8;19;17,9;17,3;92;86;91;77;0;0;
2007-11-13;07:00;0;965;965;964,6;-9999;19,6;17,8;19,8;19;17,9;17,5;91;88;89;137;1,6;,7;
2007-11-13;08:00;0;965,2;965,3;964,7;-9999;20,1;17,8;20,2;19,3;17,9;17,4;89;86;87;136;2,6;,4;
2007-11-13;09:00;0;965,8;965,8;965,1;-9999;19,6;18,3;20,1;19,4;18,3;17,7;92;87;92;117;2,1;,8;
2007-11-13;10:00;0;966,4;966,4;965,7;184,9;21,2;19,6;21,2;19,6;19,6;18,2;92;90;91;83;2,9;1,6;
2007-11-13;11:00;0;966,6;966,7;966,4;911,6;23,2;20,1;23,7;21,2;20,8;19,6;91;82;83;71;7,5;4,3;
2007-11-13;12:00;0;966,5;966,8;966,3;1526,3;25,5;20,4;25,7;23,2;21,2;19,8;83;74;74;59;8,7;4,4;
2007-11-13;13:00;0;966,5;966,5;966,2;2135,7;26,7;20,1;26,9;25,1;20,9;19,6;76;66;67;30;8,6;4,4;
2007-11-13;14:00;0;966,1;966,5;965,9;2640,5;27,8;20;28,3;26,6;21;19,6;69;61;63;40;9,4;4,2;
2007-11-13;15:00;0;965,4;966,1;965,3;2109,5;29,3;20,6;29,3;27,7;21,5;19,8;66;58;59;19;9,5;2,8;
2007-11-13;16:00;0;964,5;965,4;964,4;2699,4;30,4;19,6;30,8;28,8;21,3;19,4;63;52;53;56;8,1;3;
2007-11-13;17:00;0;963,6;964,4;963,6;2140,6;32,1;19,4;32,1;30;20,6;18,3;55;46;47;338;7;2;
2007-11-13;18:00;0;962,6;963,6;962,6;1160,4;30,8;18,9;32,1;30,5;20;18,4;53;46;49;15;7,2;2,5;
2007-11-13;19:00;0;961,4;962,6;961,4;1447;31,9;18,6;32,5;30,6;20,1;18,6;52;45;45;9;6,9;2,6;
2007-11-13;20:00;0;961,3;961,4;961,2;1300,3;32,2;18,4;33,1;31,7;19,3;16,8;46;38;44;340;8,1;2,6;
2007-11-13;21:00;0;962;962;961,2;724,2;27,4;19,1;32,4;27,3;19,3;17,7;61;42;61;13;15,2;2,7;
2007-11-13;22:00;0;962,3;962,5;961,9;125,6;25,2;19,8;27,4;25,1;19,8;19,2;72;61;72;67;7,6;3,6;
2007-11-13;23:00;0;963,9;963,9;962,3;-9999;23,1;19,9;25,2;23,1;20,1;19,6;83;72;82;97;6,7;2,2;
2007-11-14;00:00;0;964,4;964,4;963,9;-9999;23;19,8;23,2;23;20;19,7;83;81;82;110;4,5;,7;
2007-11-14;01:00;0;965,2;965,2;964,4;-9999;22,6;19,6;23;22,6;19,8;19,4;83;81;83;75;3,5;,4;
2007-11-14;02:00;0;966,1;966,1;965,2;-9999;22,4;20,3;22,7;22,4;20,3;19,6;88;83;88;81;3,7;1,1;
2007-11-14;03:00;0;965,4;966,1;965,4;-9999;21,9;20,3;22,4;21,9;20,4;20,2;91;88;91;40;3,2;,4;
2007-11-14;04:00;0;965,2;965,4;965,1;-9999;22,7;19,9;22,8;21,7;20,3;19,9;91;84;84;40;4,4;2,5;
2007-11-14;05:00;0;964,5;965,2;964,4;-9999;22;19,8;22,8;21,9;20;19,7;87;84;87;16;5,9;,8;
2007-11-14;06:00;0;964;964,6;964;-9999;21,3;19,6;22;21,3;19,9;19,6;91;87;90;348;3,1;,8;
2007-11-14;07:00;0;963,6;964,1;963,6;-9999;21,4;19,8;21,6;21,2;20;19,6;91;90;91;327;3,1;0;
2007-11-14;08:00;0;963,8;963,9;963,6;-9999;21,4;19,4;21,5;21,1;19,8;19,4;91;89;89;12;2,8;,2;
2007-11-14;09:00;0;964,5;964,6;963,7;-9999;21,1;19,5;21,7;20,7;19,5;19;91;87;90;322;3,3;1,1;
2007-11-14;10:00;0;965,7;965,7;964,5;251;22,8;19,8;22,8;21,1;19,9;19,3;90;83;83;323;4,9;1,9;
2007-11-14;11:00;0;966,6;966,6;965,7;854,1;25;20,3;25,1;22,8;20,6;19,9;84;75;75;329;5,3;2,1;
2007-11-14;12:00;0;966,4;966,7;966,3;1254,8;26,6;20;26,8;25;20,7;19,7;76;66;67;333;8,4;3,6;
2007-11-14;13:00;0;966,3;966,4;966,1;2525,8;29,3;20,4;29,3;26,6;21;19,8;68;58;59;319;11,2;4,7;
2007-11-14;14:00;0;966,4;966,5;966,2;2384,1;30;21,2;30,6;28,8;21,6;19,8;62;57;59;323;11,2;4;
2007-11-14;15:00;0;965,5;966,4;965,5;1756,2;30,2;20,4;31,1;28,3;22,2;20,3;66;54;56;318;12,7;5,2;
2007-11-14;16:00;0;964;965,5;963,9;2657,7;32,5;19,4;32,5;30;20,7;19;56;46;46;295;15,3;8,2;
2007-11-14;17:00;0;964;964,1;963,4;2216,4;30,4;19,9;33,2;30,4;19,9;18,2;54;42;53;290;13,7;7,5;
2007-11-14;18:00;,8;966,3;966,3;964;446,9;18,6;16,8;30,5;18,6;20,2;14,2;89;50;89;166;21,2;6,6;
2007-11-14;19:00;16,4;968,3;968,5;966,2;62,5;17,6;16,5;18,6;17,6;17,3;16,5;95;89;93;143;15,1;3,4;
2007-11-14;20:00;1,4;968;968,3;967,6;109,2;17,7;16,6;17,7;17,5;16,6;16,3;93;92;93;141;9,9;2,4;
2007-11-14;21:00;1,8;968,7;968,7;967,7;40,5;17,4;16,3;17,8;17,3;16,8;16,1;94;92;93;113;7,2;2;
2007-11-14;22:00;,6;969;969,2;968,7;14,4;17,3;16,2;17,5;17,3;16,5;16,1;94;92;93;124;6,2;2,4;
2007-11-14;23:00;1,6;968,8;969,3;968,8;-9999;17,3;16,3;17,4;17,2;16,4;16,2;95;93;94;122;6,1;2,5;
2007-11-15;00:00;,4;970;970;968,8;-9999;17,4;16,5;17,5;17,2;16,7;16,3;95;94;95;161;5,4;1;
2007-11-15;01:00;0;970,2;970,3;969,9;-9999;17,4;16,6;17,5;17,4;16,7;16,5;95;95;95;135;3,5;1,1;
2007-11-15;02:00;0;970,7;970,8;970,2;-9999;17,4;16,5;17,5;17,3;16,6;16,4;95;94;95;186;3,9;1,4;
2007-11-15;03:00;0;970,6;971;970,6;-9999;17,4;16,3;17,4;17,3;16,5;16,3;95;94;94;185;5,5;2,6;
2007-11-15;04:00;0;970,2;970,7;970,2;-9999;17,1;16,1;17,4;17,1;16,3;16,1;94;94;94;164;5,5;1,6;
2007-11-15;05:00;0;969,9;970,2;969,9;-9999;17,1;16;17,2;17;16,1;15,9;94;93;93;160;5,7;1,5;
2007-11-15;06:00;0;970;970;969,9;-9999;17,1;16;17,2;17;16;15,9;93;92;93;178;4,2;2,4;
2007-11-15;07:00;0;970,3;970,3;969,9;-9999;17,2;16;17,2;17,1;16;15,8;93;92;93;211;4,2;,8;
2007-11-15;08:00;0;970,4;970,4;970,2;-9999;17,3;16,2;17,3;17,2;16,2;16;93;92;93;201;4,2;1,1;
2007-11-15;09:00;0;971;971;970,3;-9999;17,2;16;17,4;17,2;16,2;15,9;93;92;92;173;6,5;3,2;
2007-11-15;10:00;0;971,6;971,6;971;250,8;17,8;16;17,8;17,2;16,1;15,9;93;89;89;177;8,1;3,7;
2007-11-15;11:00;0;971,9;971,9;971,6;1007,9;19,8;16,5;19,8;17,8;16,7;15,9;89;81;81;170;9,1;3,2;
2007-11-15;12:00;0;972,7;972,7;971,9;1003,6;19,1;16,2;19,8;18,8;16,3;15,7;84;80;84;155;9;2,6;
2007-11-15;13:00;-9999;-9999;-9999;-9999;-9999;-9999;-9999;-9999;-9999;-9999;-9999;-9999;-9999;-9999;-9999;-9999;-9999;
2007-11-15;14:00;-9999;-9999;-9999;-9999;-9999;-9999;-9999;-9999;-9999;-9999;-9999;-9999;-9999;-9999;-9999;-9999;-9999;
2007-11-15;15:00;-9999;-9999;-9999;-9999;-9999;-9999;-9999;-9999;-9999;-9999;-9999;-9999;-9999;-9999;-9999;-9999;-9999;
2007-11-15;16:00;-9999;-9999;-9999;-9999;-9999;-9999;-9999;-9999;-9999;-9999;-9999;-9999;-9999;-9999;-9999;-9999;-9999;
2007-11-15;17:00;-9999;-9999;-9999;-9999;-9999;-9999;-9999;-9999;-9999;-9999;-9999;-9999;-9999;-9999;-9999;-9999;-9999;
2007-11-15;18:00;-9999;-9999;-9999;-9999;-9999;-9999;-9999;-9999;-9999;-9999;-9999;-9999;-9999;-9999;-9999;-9999;-9999;
2007-11-15;19:00;-9999;-9999;-9999;-9999;-9999;-9999;-9999;-9999;-9999;-9999;-9999;-9999;-9999;-9999;-9999;-9999;-9999;
2007-11-15;20:00;-9999;-9999;-9999;-9999;-9999;-9999;-9999;-9999;-9999;-9999;-9999;-9999;-9999;-9999;-9999;-9999;-9999;
2007-11-15;21:00;-9999;-9999;-9999;-9999;-9999;-9999;-9999;-9999;-9999;-9999;-9999;-9999;-9999;-9999;-9999;-9999;-9999;
2007-11-15;22:00;-9999;-9999;-9999;-9999;-9999;-9999;-9999;-9999;-9999;-9999;-9999;-9999;-9999;-9999;-9999;-9999;-9999;
2007-11-15;23:00;-9999;-9999;-9999;-9999;-9999;-9999;-9999;-9999;-9999;-9999;-9999;-9999;-9999;-9999;-9999;-9999;-9999;
2007-11-16;00:00;0;969,8;969,8;969;-9999;22,3;14,1;23,5;22,3;14,2;13,5;60;54;60;116;4,1;1,2;
2007-11-16;01:00;0;970,1;970,1;969,8;-9999;21,3;14,7;22,3;21,2;14,8;14,1;66;60;66;114;2,9;1,3;
2007-11-16;02:00;0;970,5;970,6;970,1;-9999;20;15,1;21,3;20;15,5;14,7;76;66;74;111;2,9;,8;
2007-11-16;03:00;0;970,2;970,6;970,2;-9999;20;13,4;20,2;19,9;15,3;13,4;74;66;66;126;3;1,2;
2007-11-16;04:00;0;969,8;970,2;969,8;-9999;19;13;20;19;13,9;12,9;71;66;68;151;2,3;1;
2007-11-16;05:00;0;969,3;969,8;969,3;-9999;17,7;13,4;19,1;17,6;13,9;12,8;79;67;76;167;2;,3;
2007-11-16;06:00;0;968,9;969,4;968,9;-9999;17,5;12,8;17,8;17,4;13,6;12,8;77;74;74;179;2,1;,8;
2007-11-16;07:00;0;969;969;968,8;-9999;18;12,8;18;17,5;13,2;12,6;75;71;72;139;2,4;,8;
2007-11-16;08:00;0;969,4;969,4;968,9;-9999;17,3;13;18,2;17,3;13,2;12,5;76;70;76;150;2,4;,7;
2007-11-16;09:00;0;969,8;969,8;969,4;-9999;16,4;13,8;17,3;16,3;14;13;86;76;84;158;1,3;0;
2007-11-16;10:00;0;970,6;970,6;969,8;341,1;19,4;13,8;19,5;16,4;14,8;13,3;85;69;70;131;2,7;1,3;
2007-11-16;11:00;0;970,8;970,8;970,6;1126,3;20,9;15,9;20,9;19,3;15,9;13,5;74;69;73;115;5,4;2,7;
2007-11-16;12:00;0;971,2;971,2;970,8;1849,3;23,1;18,4;23,1;20,5;18,4;14,8;75;69;75;104;5,7;2,8;
2007-11-16;13:00;0;971;971,2;971;2426;24,5;19,3;24,5;22,4;19,3;17,2;75;70;73;102;7,2;2,8;
2007-11-16;14:00;0;970,7;971,1;970,7;2104,6;25,2;19,9;25,8;24,5;20,6;19,1;75;70;73;83;8,5;3,8;
2007-11-16;15:00;0;970,2;970,7;970,2;1809,1;26,5;20,2;27,1;25,2;20,8;19,7;74;67;69;76;8,1;4,1;
2007-11-16;16:00;0;969,5;970,2;969,5;2579;28,7;20,5;28,9;26,4;21,5;19,9;69;61;61;78;8,4;4,2;
2007-11-16;17:00;0;968,9;969,5;968,8;2941,3;29;20,7;29,5;28,3;21,3;19,7;63;57;61;72;7,6;3,9;
2007-11-16;18:00;0;968,2;968,9;968,2;1620,6;29;20,8;29,5;28,8;21,1;19,6;62;57;61;75;9,6;4,3;
2007-11-16;19:00;0;967,4;968,2;967,3;1970,4;29,2;19,9;30;29;21,2;19,5;61;55;57;84;10,9;4,9;
2007-11-16;20:00;0;967;967,6;967;449,8;28,3;20,5;29,2;28,3;20,5;19,4;63;57;63;97;8,4;3,7;
2007-11-16;21:00;0;967;967;966,8;462,6;27,8;20,3;28,6;27,8;20,9;20,2;64;61;64;94;7,8;4,3;
2007-11-16;22:00;0;967,3;967,3;966,8;153,9;27,3;20,3;27,9;27,3;20,3;19,9;66;62;65;106;7,7;2,6;
2007-11-16;23:00;0;967,6;967,7;967,2;-9999;26,1;20,5;27,3;26,1;20,5;20,2;71;65;71;95;4,7;2,4;
2007-11-17;00:00;0;968,5;968,5;967,6;-9999;25,3;20,3;26,1;25,3;20,6;20,3;74;71;74;75;4,3;2,1;
2007-11-17;01:00;0;969,2;969,2;968,5;-9999;23,9;20,4;25,3;23,9;20,4;20,2;81;74;81;101;4,2;2,2;
2007-11-17;02:00;0;969,7;969,8;969,2;-9999;23;20,3;23,9;23;20,4;20,3;85;81;85;100;3,4;1,9;
2007-11-17;03:00;0;969,3;969,7;969,3;-9999;22,3;19,9;23;22,3;20,3;19,9;87;85;86;81;3,4;1,4;
2007-11-17;04:00;0;969;969,3;969;-9999;22;19,7;22,4;22;20;19,7;87;86;87;114;3;1,4;
2007-11-17;05:00;0;968,9;969,1;968,9;-9999;21,5;19,7;22,1;21,5;19,8;19,6;89;87;89;99;2,2;0;
2007-11-17;06:00;0;968,5;968,9;968,5;-9999;20,7;19,1;21,7;20,7;19,8;19,1;90;89;90;112;1,5;,7;
2007-11-17;07:00;0;968,4;968,6;968,4;-9999;20,1;18,7;20,9;20,1;19,6;18,6;93;90;91;119;1,5;,4;
2007-11-17;08:00;0;968,8;968,8;968,4;-9999;21,4;19,3;21,5;20,1;19,6;18,8;93;87;88;136;2;,9;
2007-11-17;09:00;0;969,4;969,4;968,8;-9999;20,8;19,1;21,4;20,8;19,3;19,1;90;88;90;120;3,6;1,8;
2007-11-17;10:00;0;970;970;969,4;296,6;21,5;19,7;21,5;20,7;19,7;19,1;91;89;89;112;6,2;2,8;
2007-11-17;11:00;0;970,7;970,7;970;1008,4;22,5;19,6;22,8;21,5;20,2;19,5;90;83;83;104;7,8;4,4;
2007-11-17;12:00;0;970,8;970,9;970,7;1206;24,2;20,2;24,2;22,2;20,6;19,5;86;78;78;92;7,2;4,1;
2007-11-17;13:00;0;970,7;970,9;970,6;2121,2;25,2;20;25,6;23,6;20,9;19,5;80;72;73;98;8,1;4,1;
2007-11-17;14:00;0;970,2;970,8;970,1;2564,7;27,3;20,3;27,4;25,2;21,1;20;74;66;66;107;7;3;
2007-11-17;15:00;0;969,4;970,2;969,4;3288,8;29,7;20,6;29,9;27,3;21,7;20;68;57;58;96;7,2;3,3;
2007-11-17;16:00;0;968,4;969,4;968,4;3533,5;31,1;19,6;31,1;29,5;21,5;19,6;60;51;51;81;7,2;3,5;
2007-11-17;17:00;0;967,4;968,4;967,4;3548,9;32,3;19,7;32,5;30,8;21,1;19,3;55;47;47;66;8,4;3,8;
2007-11-17;18:00;0;966,7;967,4;966,6;2758,6;32,8;19,5;33,6;31,8;21,3;19,1;52;44;46;61;8,6;4,2;
2007-11-17;19:00;0;965,8;966,7;965,8;1999,7;33,3;20,7;33,7;32,5;21,2;18,7;50;43;48;86;8,6;2,7;
2007-11-17;20:00;0;965,5;965,8;965,1;447,3;31,7;20,3;33,3;31,7;20,6;19,5;51;47;51;93;7,5;3,5;
2007-11-17;21:00;17,8;967,7;968,5;965,4;104,5;21,1;18,9;31,9;20;20,3;17;95;46;87;81;19,3;4,1;
2007-11-17;22:00;2,6;966,5;967,6;966,5;12,1;21,6;20,6;21,8;20,9;20,6;18,4;94;82;94;181;8,7;,1;
2007-11-17;23:00;,2;966,3;966,5;966;-9999;22,5;21,2;22,5;21,5;21,2;20,3;94;90;92;281;1,9;,4;
2007-11-18;00:00;0;966,9;966,9;966,3;-9999;22,4;21,3;22,6;22,2;21,6;21,1;94;92;93;20;3,3;0;
2007-11-18;01:00;0;967,6;967,6;966,8;-9999;21,8;20,8;22,5;21,8;21,5;20,6;94;93;94;342;2,1;,3;
2007-11-18;02:00;0;967,7;967,9;967,5;-9999;21,6;20,6;22;21,6;21;20,6;94;93;94;72;2,1;0;
2007-11-18;03:00;0;967,3;967,7;967,3;-9999;21,4;20,6;21,8;21,3;20,8;20,3;95;94;95;163;,3;0;
2007-11-18;04:00;0;966,8;967,3;966,7;-9999;21;20;21,5;21;20,6;20;95;94;94;256;1,4;,1;
2007-11-18;05:00;0;966,4;966,8;966,3;-9999;20,8;19,8;21;20,6;20;19,6;94;93;94;232;1,4;,3;
2007-11-18;06:00;0;966,4;966,4;966,3;-9999;20,3;19,4;21;20,3;20,1;19,4;95;94;94;145;1,2;0;
2007-11-18;07:00;0;966,3;966,4;966,1;-9999;20,2;19,4;20,4;20,1;19,6;19,3;96;95;95;293;,2;0;
2007-11-18;08:00;0;966,4;966,4;966,3;-9999;20,3;19,1;20,6;20,2;19,7;19,1;95;93;93;268;3;2,3;
2007-11-18;09:00;0;966,7;966,8;966,4;-9999;20,1;19;20,5;20;19,2;19;94;92;94;275;2,7;1;
2007-11-18;10:00;0;967,2;967,2;966,7;275,1;22,1;20,5;22,1;20,1;20,5;19,1;94;90;90;267;1,5;,5;
2007-11-18;11:00;0;967,7;967,8;967,2;1044,8;25,3;20,9;25,6;22,1;21,5;20,3;91;76;76;125;1,8;,6;
2007-11-18;12:00;0;967,8;968,1;967,7;1732,6;26,5;20,8;26,6;25;21,7;20;79;70;71;89;3,1;1,5;
2007-11-18;13:00;0;967,2;967,8;967,2;2677,5;28,5;21,9;28,8;26,5;22,4;20,4;74;65;68;29;4,1;1,7;
2007-11-18;14:00;0;966,6;967,3;966,5;3084;31,2;21,9;31,3;28,4;23,2;21,1;69;57;58;46;7;3,7;
2007-11-18;15:00;0;966,1;966,6;966,1;3112,9;32,8;19,2;33,4;31,1;23,3;19,2;58;45;45;10;8,2;2,3;
2007-11-18;16:00;0;965,4;966,1;965,3;3031,7;34,1;18,6;34,3;32,6;20,6;17,6;49;38;40;358;9;3;
2007-11-18;17:00;0;964,4;965,4;964,4;3483,5;34,5;18,5;35;34;20,3;17;45;36;39;339;8,9;3,4;
2007-11-18;18:00;0;963,3;964,4;963,3;2715,3;34,7;17,8;35,2;34,1;19,8;17,8;43;36;37;322;7,9;3,3;
2007-11-18;19:00;0;962,5;963,4;962,4;2284,8;35;17,9;35,7;33,6;18,9;16,6;41;33;37;323;9,2;3,4;
2007-11-18;20:00;0;962,2;962,5;961,9;1626,5;35;16,4;35,7;34,7;18,3;16,3;38;33;33;318;10,3;3,5;
2007-11-18;21:00;0;963,1;963,1;962,2;740,2;33,4;18,9;35;33,4;18,9;15,9;43;32;43;330;7,9;1,4;
2007-11-18;22:00;0;963,7;963,7;963;109;30,8;20,3;33,4;30,8;20,3;18,1;54;40;54;279;6,1;1,5;
2007-11-18;23:00;0;964,6;964,6;963,7;-9999;29,8;20;30,8;29,3;20,6;19,9;59;54;56;256;2,7;1,9;
2007-11-19;00:00;0;965,1;965,5;964,6;-9999;28,2;20,3;29,8;27;21,5;20;71;56;62;316;7,9;3,2;
2007-11-19;01:00;0;966,1;966,1;964,9;-9999;27,3;20,6;28,2;26,7;20,7;20,2;69;62;67;182;7,8;3;
2007-11-19;02:00;0;966,9;967;966,1;-9999;24,6;19,4;27,6;24,6;20,7;18,7;73;62;73;112;6,9;2,4;
2007-11-19;03:00;0;967;967,2;966,8;-9999;23,6;19,8;24,6;23,6;20;19,4;80;73;79;113;3,6;,1;
2007-11-19;04:00;0;966,1;967,1;966;-9999;23,4;19,7;23,7;23,3;20,2;19,6;83;78;80;216;2;,6;
2007-11-19;05:00;0;965,9;966,2;965,8;-9999;22,6;20,2;23,4;22,4;20,4;19,8;87;80;86;79;2,3;,2;
2007-11-19;06:00;0;965,5;965,9;965,5;-9999;22,2;20,5;23;22,2;20,5;20,1;90;85;90;55;1,9;,1;
2007-11-19;07:00;0;965,1;965,6;965,1;-9999;22,9;19,5;22,9;22,2;20,5;19,5;90;82;82;345;3,6;1,5;
2007-11-19;08:00;0;964,7;965,1;964,6;-9999;22,4;19,2;22,9;22,3;19,6;19,1;85;81;82;358;3,8;1,5;
2007-11-19;09:00;0;964,9;965;964,7;,8;22,4;18,7;22,4;21,9;19,3;18,7;84;80;80;313;3,5;,6;
2007-11-19;10:00;0;965,2;965,2;964,8;289;23,7;19,3;23,7;22,4;19,6;18,6;80;76;77;260;2,2;,1;
2007-11-19;11:00;0;965,4;965,7;965,2;1096,1;26,3;18,2;26,4;23,7;19,6;18,2;77;61;61;342;6;1,6;
2007-11-19;12:00;0;966;966;965,1;1939,5;29;19;29;26,3;19,2;18,1;63;53;55;339;7,6;2,4;
2007-11-19;13:00;0;966,2;966,3;966;2678,9;30,8;18,7;31;29;19,4;17,4;55;45;48;346;9,3;3,6;
2007-11-19;14:00;0;965,5;966,2;965,5;2900,2;32;17,7;32;30,6;19,1;17,6;49;43;43;320;8,9;4;
2007-11-19;15:00;0;965,7;965,7;965,3;1729,6;31,4;18,7;32,3;31,2;19,3;17,6;48;42;47;312;9,7;4,2;
2007-11-19;16:00;0;967,4;967,4;965,7;607,4;23,2;17,7;31,5;23,1;19,2;17;72;46;71;169;16,7;5,2;
2007-11-19;17:00;,2;966,7;967,4;966,6;828,9;22;18,3;23,2;21,1;19;17,4;85;71;80;173;13,7;3,8;
2007-11-19;18:00;0;966,5;966,8;966,3;742,5;21,5;17,7;22,2;21,5;18,5;17,7;81;77;79;174;9,3;3,6;
2007-11-19;19:00;0;967;967;966,5;362,6;20,8;18;21,6;20,7;18,2;17,7;85;79;84;203;9,6;2,9;
2007-11-19;20:00;0;966,6;967;966,5;217,2;20,4;18,2;21;20,3;18,3;17,8;88;83;87;188;10,9;2,4;
2007-11-19;21:00;0;966,2;966,9;965,3;81,1;20,3;18,4;20,4;20,1;18,4;18,1;89;87;88;262;9;2,4;
2007-11-19;22:00;,2;965,2;966,2;965,2;34,5;20,5;18,5;20,5;20,1;18,8;18,3;91;88;89;112;6,6;2,1;
2007-11-19;23:00;0;963,9;965,2;963,9;-9999;20,3;18,5;20,7;20,2;18,6;18,3;90;86;89;73;7,1;2,4;
2007-11-20;00:00;0;963,3;964,4;963,3;-9999;19,9;18,5;20,3;19,9;18,6;18,4;92;89;92;348;5,2;1,7;
2007-11-20;01:00;0;962,6;963,3;962,5;-9999;19,5;18,1;19,9;19,4;18,5;18,1;92;91;92;336;4,9;1,8;
2007-11-20;02:00;0;965,3;965,3;962,5;-9999;20,2;18,2;20,2;19,4;18,3;18;92;88;88;154;7,3;2,6;
2007-11-20;03:00;0;966,1;966,1;965;-9999;20,2;17,9;20,3;19,7;18,2;17,9;90;87;87;144;7,3;1,1;
2007-11-20;04:00;0;966,1;966,6;966,1;-9999;19,8;17,8;20,3;19,4;18,1;17,7;91;86;88;177;4,6;,8;
2007-11-20;05:00;0;965,9;966,3;965,9;-9999;19,2;18;19,8;19;18,1;17,6;93;88;93;160;3;,1;
2007-11-20;06:00;0;965,9;965,9;965,8;-9999;19,4;17,9;19,5;19,1;18,1;17,9;93;91;91;174;2,8;,7;
2007-11-20;07:00;0;965,6;966,1;965,6;-9999;18,8;17,9;19,4;18,5;17,9;17,3;94;91;94;196;1,9;,7;
2007-11-20;08:00;0;966,3;966,3;965,5;-9999;19,4;18;19,4;18,7;18;17,7;94;92;92;220;2;,9;
2007-11-20;09:00;0;967,2;967,2;966,3;,5;18,7;17,7;19,4;18,2;18;17,2;95;91;94;257;3,5;2,4;
2007-11-20;10:00;0;967,5;967,6;967,2;202,9;19,5;18,3;19,5;18,7;18,3;17,7;94;92;93;280;3,5;1,7;
2007-11-20;11:00;0;967,9;967,9;967,5;1232,7;23,7;19,7;23,7;19,5;20,1;18,3;93;78;78;278;3;1,3;
2007-11-20;12:00;0;968,7;968,7;967,9;2105,2;26,5;19,6;26,5;23,7;20,3;18,4;80;62;66;347;3,3;1,4;
2007-11-20;13:00;0;968,5;968,7;968,5;2773,9;28,2;19,5;28,4;26,4;20,6;18,5;68;59;59;25;3,7;1,5;
2007-11-20;14:00;0;968,2;968,6;968,2;3031,9;30,2;18,6;30,4;28,2;20,9;18,1;63;48;50;243;5,8;2,7;
2007-11-20;15:00;0;967,9;968,2;967,9;3151,7;31,4;16,7;31,9;30,2;19;16;50;39;41;243;6,1;2,8;
2007-11-20;16:00;0;967;967,9;967;3318,8;32,6;17,1;32,6;31,3;18;15,9;44;37;40;269;7,8;3,6;
2007-11-20;17:00;0;966,6;967,1;966,6;2694,5;32;16,9;33,6;31,6;18,6;16,1;45;37;40;244;7,8;2,8;
2007-11-20;18:00;0;966,2;966,6;966,1;2559,1;31,7;16,7;33,2;31,7;17,9;16,4;42;38;41;219;8;3,1;
2007-11-20;19:00;0;965,5;966,2;965,5;1575,4;31,7;18,6;32,1;31,5;19,1;16,2;47;39;46;195;6,4;2,8;
2007-11-20;20:00;0;965,3;965,5;965,2;1144,1;30,8;19,4;32,5;30,8;19,6;17,9;51;44;51;187;7;2,6;
2007-11-20;21:00;0;966;966;965,3;504;29,6;19,3;30,9;29,6;20;19;54;50;54;178;6,5;2,6;
2007-11-20;22:00;0;966,6;966,6;966;186,4;28,4;19,6;29,7;28,4;19,8;19,1;59;54;59;158;5,6;1,2;
2007-11-20;23:00;0;967,3;967,3;966,5;-9999;26,8;19,7;28,4;26,8;19,8;19,6;65;59;65;177;4,8;1,6;
2007-11-21;00:00;0;968,1;968,1;967,3;-9999;25,2;19,9;26,8;25,2;19,9;19,4;72;65;72;206;3,5;0;
2007-11-21;01:00;0;968,9;968,9;968,1;-9999;23,5;19,4;25,2;23,5;20,2;19,4;79;72;78;219;1,6;0;
2007-11-21;02:00;0;969,4;969,4;968,8;-9999;22,9;19,6;23,5;22,2;19,7;19,2;84;78;82;273;2,4;1,7;
2007-11-21;03:00;0;969,4;969,5;969,4;-9999;21,7;19;23;21,7;19,6;19;85;81;85;258;2,8;,5;
2007-11-21;04:00;0;969;969,4;968,9;-9999;20,6;18,7;21,7;20,6;19,2;18,7;90;85;89;286;2;1,7;
2007-11-21;05:00;0;968,3;969;968,3;-9999;20,8;19,2;21,6;20,5;19,4;18,6;90;87;90;260;2,4;0;
2007-11-21;06:00;0;968;968,3;967,9;-9999;20,2;18,6;20,8;19,8;19,1;18,4;93;89;91;265;2;,9;
2007-11-21;07:00;0;968,3;968,3;968;-9999;20,3;18,5;20,7;20,1;18,8;18,3;91;89;89;272;2,4;1,4;
2007-11-21;08:00;0;968,5;968,5;968,2;-9999;20;18,3;20,4;19,4;18,6;17,8;93;89;90;249;2,3;,7;
2007-11-21;09:00;0;969;969;968,5;0;21,3;17,5;21,3;20;18,3;17,5;90;79;79;233;1,9;,4;
2007-11-21;10:00;0;969,8;969,8;969;186,8;22;17,6;22;20,6;17,9;17,2;84;76;76;224;2;1;
2007-11-21;11:00;0;970,4;970,4;969,8;669,7;23,6;17,5;23,6;22;18,1;17,4;77;69;69;180;3,4;1,4;
2007-11-21;12:00;0;970,9;970,9;970,4;1713,7;26,1;17,2;26,1;23,6;17,9;16,2;70;57;58;115;6,4;3,4;
2007-11-21;13:00;0;971,4;971,5;970,9;2063,3;26,6;18,8;26,8;25,1;19,2;16,7;64;57;63;109;6,4;3,2;
2007-11-21;14:00;0;971,3;971,5;971,3;3172,5;28,3;19,5;29;26,6;20,3;18,5;63;56;59;119;5,7;2,6;
2007-11-21;15:00;0;970,7;971,3;970,7;3625,9;30,1;18,8;31,1;28,4;20,6;18,7;59;50;51;116;6;1,9;
2007-11-21;16:00;0;970,1;970,8;970,1;3788,6;31,2;18,3;31,7;30;20,5;18,3;54;46;46;132;9;2,4;
2007-11-21;17:00;0;969,6;970,1;969,6;3532;32,2;18,2;32,8;31,1;20,2;17,6;49;42;44;113;6,5;2,6;
2007-11-21;18:00;0;969;969,6;969;2848,8;32,3;16,4;33;31,5;18,5;16;46;37;39;104;5,2;2,8;
2007-11-21;19:00;0;968,2;969,1;968,2;2565,4;32,9;15,7;33,3;31,7;17,8;14,8;42;34;36;99;6;2,2;
2007-11-21;20:00;0;967,4;968,2;967,4;1988;33;13,5;34,1;32,7;17;12,9;39;28;31;119;4,6;1,9;
2007-11-21;21:00;0;967,1;967,4;967,1;908;32;15,7;33,4;32;16;12,2;38;28;37;123;4,8;2,8;
2007-11-21;22:00;0;967,2;967,2;967,1;102;31;17;32,2;31;17,1;15,6;44;37;43;118;5,1;2,5;
2007-11-21;23:00;0;967,9;967,9;967,2;-9999;29,5;17,3;31;29,5;17,4;17,1;48;43;48;118;4,6;2,1;
2007-11-22;00:00;0;968,9;968,9;967,9;-9999;26,8;18,4;29,6;26,8;18,9;17,3;62;48;60;95;3,9;1,3;
2007-11-22;01:00;0;969,5;969,5;968,9;-9999;25,7;18,2;27,4;25,7;18,8;17,8;64;56;63;102;3,6;1,8;
2007-11-22;02:00;0;969,7;969,7;969,5;-9999;25,8;18,5;26,2;25,6;18,5;18,1;64;61;64;111;4,2;2,5;
2007-11-22;03:00;0;969,3;969,7;969,3;-9999;24,4;18,6;25,8;24,4;18,7;18,5;70;64;70;79;4,4;1,1;
2007-11-22;04:00;0;968,8;969,3;968,8;-9999;23,4;18,4;24,5;23,4;18,8;18,4;74;70;74;50;2,1;,8;
2007-11-22;05:00;0;968,3;968,8;968,3;-9999;21,7;18,2;23,4;21,7;18,6;18,2;80;73;80;255;1,5;0;
2007-11-22;06:00;0;967,6;968,3;967,6;-9999;20,6;18,4;21,7;20,2;18,5;17,9;88;80;87;267;2,7;2;
2007-11-22;07:00;0;967,8;967,9;967,6;-9999;19,8;17,7;20,6;19,7;18,3;17,6;89;86;88;267;3;1,7;
2007-11-22;08:00;0;968;968;967,8;-9999;19;17,4;19,8;19;17,9;17,4;91;88;90;273;2,7;1;
2007-11-22;09:00;0;968,6;968,6;968;1,1;18,8;17,7;19,1;18;17,8;16,4;94;90;93;157;1,8;0;
2007-11-22;10:00;0;969,6;969,6;968,6;347,8;22,6;18,5;22,6;18,7;18,8;17,3;93;78;78;123;4,5;1,9;
2007-11-22;11:00;0;970,2;970,2;969,6;1179,4;23,8;18;23,9;22,3;18,9;17,9;79;70;70;98;5,8;3,4;
2007-11-22;12:00;0;970,4;970,5;970,1;2055,8;25,7;17,3;25,7;23,8;19;17,1;72;60;60;90;9;4,5;
2007-11-22;13:00;0;970,4;970,6;970,4;2780,6;27,3;17,6;27,5;25,6;18,2;16,9;61;54;56;92;8,6;4;
2007-11-22;14:00;0;970;970,5;969,9;3367,8;29,2;17,1;29,3;27,1;18,2;16,5;57;47;48;72;8,4;4,1;
2007-11-22;15:00;0;969,3;970;969,3;3779,1;30,6;16,3;30,9;28,8;17,8;15,9;49;41;42;75;8,5;4,4;
2007-11-22;16:00;0;968,5;969,4;968,5;3945,1;31,3;13,4;31,9;30,5;16,6;13,1;43;33;34;45;9,9;3,8;
2007-11-22;17:00;0;967,3;968,5;967,3;3830,1;32,5;13,6;33;31,3;15,7;13;38;31;32;55;8,2;3,6;
2007-11-22;18:00;0;965,9;967,3;965,9;3340,2;33,3;13,6;33,6;32,3;14,7;12,1;33;28;30;48;8,2;2,4;
2007-11-22;19:00;0;964,9;966;964,9;2675;33;12,9;33,6;32,8;14,1;11,8;32;27;29;39;6,4;2,6;
2007-11-22;20:00;0;964,3;964,9;964,3;2049,1;33;12,4;33,6;32,9;13,7;11,5;30;27;29;30;5,3;2,2;
2007-11-22;21:00;0;964;964,3;964;1051,1;32,3;11,9;33,1;32,2;12,9;10,9;30;26;29;68;5,5;2,1;
2007-11-22;22:00;0;964,3;964,3;964;93,3;29,8;12,8;32,3;29,8;13,3;11,5;35;28;35;101;5;2,2;
2007-11-22;23:00;0;964,8;964,8;964,3;-9999;27,4;14,1;29,8;27,4;14,7;12,6;46;35;44;95;3,4;1,5;
2007-11-23;00:00;0;965,6;965,6;964,8;-9999;26,1;13,5;27,5;26,1;14,2;13,5;47;44;46;108;3,4;1,8;
2007-11-23;01:00;0;966,4;966,4;965,6;-9999;25;13,3;26,1;24,8;14,3;13,3;51;46;48;94;3,3;1,6;
2007-11-23;02:00;0;966,5;966,5;966,4;-9999;23,9;14,5;25,1;23,9;14,5;13,4;56;48;56;96;3,7;1,8;
2007-11-23;03:00;0;966,5;966,7;966,4;-9999;23,7;14,8;24,3;23,3;14,9;14,6;59;55;57;118;3,4;1,8;
2007-11-23;04:00;0;966,1;966,6;966,1;-9999;23,2;14,8;23,7;22,7;14,9;14,7;61;57;59;117;3,2;1,7;
2007-11-23;05:00;0;965,5;966,1;965,5;-9999;19,9;15,1;23,3;19,8;15,5;14,7;75;59;74;302;2,6;0;
2007-11-23;06:00;0;965,4;965,6;965,3;-9999;18,7;15,4;20,4;18,6;15,9;15,1;83;72;81;12;1,5;0;
2007-11-23;07:00;0;965,7;965,8;965,4;-9999;17,6;15,1;18,8;17,6;15,4;14,8;86;80;85;275;1,7;1,1;
2007-11-23;08:00;0;966,1;966,1;965,7;-9999;17,8;15,6;17,8;17,4;15,8;14,9;88;84;87;194;1,8;,3;
2007-11-23;09:00;0;967,1;967,1;966,1;-9999;19,1;14,4;19,8;17,1;15,7;14,3;88;72;74;97;3,6;1,7;
2007-11-23;10:00;0;968,1;968,1;967,1;334,5;20,6;14,8;20,6;19,1;14,8;14,1;74;68;69;102;4,1;2,4;
2007-11-23;11:00;0;968,4;968,4;968,1;1159,9;22,6;14;22,7;20,6;15,3;14;70;58;58;79;8,2;4,7;
2007-11-23;12:00;0;968,8;968,8;968,4;2035,5;24;14,3;24,4;22,5;15,2;14;61;54;55;80;9,3;4,5;
2007-11-23;13:00;0;968,3;968,8;968,3;2738,5;27,2;15,2;27,2;24;15,2;14,1;56;47;48;55;7,9;3,9;
2007-11-23;14:00;0;967,9;968,4;967,8;3315,7;28,2;14,6;28,6;26,6;15,3;14;49;42;43;74;7,6;4,3;
2007-11-23;15:00;0;966,8;967,8;966,8;3711,5;30,1;13,9;30,3;28,2;15,2;13,4;44;36;37;67;8,1;4;
2007-11-23;16:00;0;965,9;966,8;965,9;3806,7;31,7;12,9;32;30,1;15;12,2;39;31;32;28;7,8;3,3;
2007-11-23;17:00;0;965;965,9;965;2850,2;31,5;13,3;32,4;31,4;14,5;11,9;34;30;33;52;6,7;3,3;
2007-11-23;18:00;0;964;965,1;964;2201,4;33;14,3;33,2;31,5;14,7;12,9;36;31;33;84;7,4;3,8;
2007-11-23;19:00;0;962,7;964;962,7;2341,5;33,3;14,5;33,6;32,2;15,3;13,4;35;30;32;67;7;3,5;
2007-11-23;20:00;0;962,1;962,7;962;1618,1;32,3;14,1;33,7;32,2;15,2;13,6;34;30;33;54;6,7;2,8;
2007-11-23;21:00;0;961,7;962,1;961,7;602,8;31,5;15,3;33,1;31,5;15,4;14;38;32;38;44;5,6;2,2;
2007-11-23;22:00;0;961,8;961,8;961,5;157,4;30,2;16,2;31,5;30,2;16,5;15,3;43;38;43;47;3,7;1,5;
2007-11-23;23:00;0;962,8;962,8;961,8;-9999;27,9;16,9;30,3;27,9;17,4;16,2;53;43;51;98;2,5;1,3;
2007-11-24;00:00;0;964;964;962,8;-9999;26,9;16,8;27,9;26,9;17,5;16,7;55;51;54;102;3,3;1,9;
2007-11-24;01:00;0;964,7;964,7;963,9;-9999;26,1;16,6;27;26,1;16,9;16,4;56;53;56;92;3;1,2;
2007-11-24;02:00;0;965,3;965,5;964,7;-9999;24,7;17,3;26,4;24,7;17,5;16,4;64;54;63;337;2,1;,3;
2007-11-24;03:00;0;964,7;965,3;964,7;-9999;25,6;16,1;25,8;24,4;17,6;16,1;66;55;56;111;2,9;1,7;
2007-11-24;04:00;0;964,3;964,8;964,3;-9999;24,8;16,2;25,7;24,8;16,5;15,7;60;55;59;83;2,9;1,1;
2007-11-24;05:00;0;963,6;964,4;963,6;-9999;24,8;15,3;25,2;24,7;16,4;15,1;60;54;56;104;2,7;1,6;
2007-11-24;06:00;0;963,9;963,9;963,2;-9999;23,8;16,1;25;23,8;16,1;14,9;62;53;62;280;10,1;3,2;
2007-11-24;07:00;,2;964,1;964,3;963,9;-9999;21,2;17,7;24,7;21;17,9;15,8;82;57;81;251;10,1;4,2;
2007-11-24;08:00;,6;964,1;964,3;964,1;-9999;20,3;18,4;21,3;20,3;18,6;17,6;90;79;89;281;7,7;,1;
2007-11-24;09:00;,2;964,8;964,8;964;-9999;20,6;19;20,8;20,3;19,1;18,5;92;87;90;252;3,8;1,3;
2007-11-24;10:00;,2;964,7;965;964,7;33,7;20,8;19,4;21,1;20,6;19,4;18,4;92;85;92;265;3,9;1,9;
2007-11-24;11:00;,2;964,9;964,9;964,5;88,1;21;19,8;21;20,7;19,8;19,1;93;90;93;320;2,9;,1;
2007-11-24;12:00;,6;965,2;965,2;964,9;153,9;20,9;19;21,2;20,9;19,9;19;93;89;89;345;3;1,1;
2007-11-24;13:00;,2;964,7;965,2;964,6;331,5;21,5;19,4;21,5;20,9;19,4;18,8;90;86;88;342;4,8;2,1;
2007-11-24;14:00;,2;964,8;964,9;964,7;734,4;23,1;20,6;23,1;21,6;20,7;19,4;89;85;86;339;9,6;3,1;
2007-11-24;15:00;0;964,9;965,1;964,8;692,9;23;20;23,3;23;20,6;19,7;86;81;83;333;7,8;2,6;
2007-11-24;16:00;0;964,3;964,9;964,1;934,5;23,1;19,9;23,2;22,8;20,3;19,6;84;82;83;332;10,7;3,3;
2007-11-24;17:00;0;963,4;964,4;963,4;881,1;23,4;19,9;23,4;22,8;20,1;19,4;84;80;81;19;9,5;1;
2007-11-24;18:00;0;962,8;963,4;962,6;611,3;23,2;19,7;23,4;22,8;20,1;19,4;84;79;81;352;6,3;2;
2007-11-24;19:00;0;962,6;962,8;962,5;569,8;23,9;19,9;23,9;23,2;20,2;19,6;82;78;78;166;4,9;1,3;
2007-11-24;20:00;0;962,8;962,8;962,5;599,6;23,9;20;24,2;23,8;20,3;19,5;80;76;79;95;3,4;1,6;
2007-11-24;21:00;0;962,8;962,9;962,7;663,3;24,1;19,5;24,5;23,9;20;18,8;79;72;76;54;3,2;1,6;
2007-11-24;22:00;,2;963,4;963,4;962,8;219,9;22;20,3;24,2;22;20,3;19,4;90;75;90;18;5,6;1,9;
2007-11-24;23:00;0;963,8;963,8;963,3;,1;21,5;20,5;22;21,5;20,5;20,3;94;90;94;17;4,5;0;
2007-11-25;00:00;0;964,5;964,5;963,8;-9999;21,8;20,6;21,8;21,5;20,6;20,5;94;93;93;356;1,5;,2;
2007-11-25;01:00;1,8;965;965;964,5;-9999;21,2;19,9;21,8;21,2;20,7;19,9;94;92;92;295;5,4;2,5;
2007-11-25;02:00;0;965;965,1;965;-9999;20,9;19,8;21,2;20,9;20,1;19,7;94;92;93;244;4,1;0;
2007-11-25;03:00;,6;964,6;965;964,6;-9999;20,6;19,8;20,9;20,5;20;19,6;95;93;95;265;3;1,7;
2007-11-25;04:00;,8;963,7;964,6;963,7;-9999;20,5;19,7;20,7;20,5;20;19,6;96;95;95;339;3,1;0;
2007-11-25;05:00;0;963;963,7;962,9;-9999;20,6;19,7;20,6;20,5;19,7;19,5;95;94;95;34;,4;0;
2007-11-25;06:00;0;963;963;962,9;-9999;20,6;19,9;20,6;20,5;19,9;19,7;96;95;96;328;1,4;,2;
2007-11-25;07:00;0;963,2;963,2;963;-9999;20,7;20;20,7;20,6;20;19,9;96;95;96;342;3;,6;
2007-11-25;08:00;,4;963,3;963,3;963,2;-9999;20,7;19,9;20,8;20,7;20,1;19,9;96;95;95;318;4,4;,9;
2007-11-25;09:00;0;963,8;963,8;963,3;,6;20,6;19,9;20,7;20,6;20;19,8;95;95;95;310;2,2;1;
2007-11-25;10:00;0;964,5;964,5;963,8;152,2;21,4;20,4;21,4;20,6;20,4;19,9;95;94;94;324;4;1,5;
2007-11-25;11:00;0;965;965;964,5;778,6;22,6;20,5;22,8;21,4;21,1;20,4;94;88;88;315;5,4;2,1;
2007-11-25;12:00;0;965,3;965,3;965;1508,1;24,1;21,2;24,1;22,6;21,4;20,6;90;83;83;314;5,9;2,1;
2007-11-25;13:00;0;965,5;965,5;965,2;1545,2;25,1;20,8;25,2;23,9;21,4;20,3;83;77;77;317;5,8;2;
2007-11-25;14:00;,2;965,4;965,6;965,4;1165,1;25,7;21,7;25,7;24;22,4;20,6;88;77;78;318;6,4;1,8;
2007-11-25;15:00;0;965,1;965,4;965,1;2429,7;27,5;20,4;27,7;25,7;21,6;20;78;64;65;300;7,3;3,3;
2007-11-25;16:00;0;964,5;965,1;964,5;2701,5;29;21,3;29;26,7;22;20,2;72;63;63;313;8,1;3,3;
2007-11-25;17:00;0;963,8;964,5;963,7;3442;29;20,4;29,8;27,8;21,7;20;67;57;60;321;9,5;3,6;
2007-11-25;18:00;0;963;963,8;963;2781,9;30,1;21,3;30,3;28,6;21,4;19,8;64;54;59;326;8,1;2,8;
2007-11-25;19:00;0;962,3;963;962,3;1960,9;29,7;20,3;30,6;28,9;21;19,8;61;54;57;296;8,3;4,7;
2007-11-25;20:00;0;961,8;962,3;961,7;1774,4;29,8;19,7;30,7;29,6;21;19,2;58;52;55;306;8,5;3,3;
2007-11-25;21:00;0;962,1;962,1;961,8;1021,6;29,4;19,3;30,2;29,2;20,4;19;58;53;55;290;8,2;5,5;
2007-11-25;22:00;0;962,7;962,7;962,1;90,1;26,5;20,2;29,4;26,5;20,6;19,1;68;54;68;284;8,2;4,5;
2007-11-25;23:00;0;963,7;963,7;962,7;-9999;25,5;20,8;26,5;25,5;20,9;20,2;75;68;75;295;6,7;3,5;
2007-11-26;00:00;0;964,7;964,7;963,7;-9999;24,2;21,1;25,5;24,1;21,1;20,8;84;75;83;292;5,3;1,7;
2007-11-26;01:00;0;965,2;965,2;964,6;-9999;23,6;20,8;24,2;23,6;21,4;20,7;87;83;84;290;3,8;1,9;
2007-11-26;02:00;0;966,1;966,1;965,2;-9999;23,9;21,6;24;23,6;21,6;20,8;87;84;87;293;4,5;2,6;
2007-11-26;03:00;0;965,9;966,2;965,9;-9999;23,2;21,1;23,9;23,1;21,6;21,1;90;87;88;284;4;1,9;
2007-11-26;04:00;0;965,5;965,8;965,5;-9999;22,7;20,9;23,3;22,7;21,1;20,8;90;87;90;290;3,2;1,3;
2007-11-26;05:00;0;965,4;965,5;965,3;-9999;23;21,3;23,3;22,7;21,5;21;91;87;90;295;4,8;2,5;
2007-11-26;06:00;0;965,2;965,6;965,2;-9999;22,5;20,8;23;22,5;21,3;20,8;92;90;90;263;3,7;1,5;
2007-11-26;07:00;0;965,3;965,3;965,1;-9999;21,9;20,7;22,5;21,7;20,8;20,5;94;90;93;302;3,5;1,2;
2007-11-26;08:00;0;965,5;965,5;965,2;-9999;21,1;20;21,9;21,1;20,6;20;94;93;94;265;2,7;1,1;
2007-11-26;09:00;0;966;966;965,5;,7;21,5;20,5;21,5;21;20,5;19,9;94;94;94;264;2,7;1,4;
2007-11-26;10:00;0;966,8;966,8;966;195,1;22,5;20,9;22,5;21,5;21;20,5;94;91;91;273;2,7;1,8;
2007-11-26;11:00;0;967,2;967,2;966,8;863,1;24,4;21,8;24,4;22,5;21,8;20,9;91;85;85;275;4,4;1,9;
2007-11-26;12:00;0;967;967,2;967;1977,9;26,3;20,8;26,9;24,4;21,8;20,4;85;69;72;246;5,4;3;
2007-11-26;13:00;0;966,9;967;966,9;1718,4;27,1;20,5;28,3;26,3;21,8;20,3;72;66;67;255;6,6;2,5;
2007-11-26;14:00;0;966,5;966,9;966,5;1626,4;28,8;20,4;28,8;27,1;20,9;19,6;67;59;61;238;4,8;,5;
2007-11-26;15:00;0;965,9;966,5;965,9;3297,2;29,9;20,5;30,2;28,5;21,3;19,5;63;55;57;219;5,9;1,9;
2007-11-26;16:00;0;965;965,9;965;3595,3;30,4;20,8;31,7;29,9;21;19;57;50;56;356;4,2;1,3;
2007-11-26;17:00;0;963,8;965;963,8;2487,4;31,7;18,6;32,5;30,1;21,4;18,6;58;45;46;26;4,5;1,4;
2007-11-26;18:00;0;962,6;963,8;962,6;1960,8;30,9;20,3;32,4;30,8;20,5;18,3;54;45;53;304;7;2,4;
2007-11-26;19:00;0;962,4;962,6;962,4;754,3;28,3;21,6;31,1;28;21,7;19,9;67;52;67;242;8,8;3,7;
2007-11-26;20:00;0;962;962,4;961,9;2069;30,8;21,2;30,8;28,3;21,9;21,2;67;57;57;239;8;2,8;
2007-11-26;21:00;0;962,5;962,6;962;522;25,8;21,1;31,1;25,8;21,6;19,7;75;55;75;123;9,6;3,8;
2007-11-26;22:00;0;962,7;962,7;962,4;152,8;24,8;21,4;25,8;24,5;21,7;21,1;83;75;81;115;8,3;1,5;
2007-11-26;23:00;0;963,5;963,5;962,7;1,1;24,4;21,6;24,9;24,1;21,7;21,4;85;81;85;98;3,1;1,3;
2007-11-27;00:00;0;964,1;964,1;963,5;-9999;24,3;21,1;25;24,3;21,8;21,1;85;81;83;42;3,1;,9;
2007-11-27;01:00;0;964,8;964,8;964,1;-9999;23,9;21,6;24,3;23,8;21,7;21,1;87;83;87;249;1,8;,1;
2007-11-27;02:00;0;965,1;965,1;964,8;-9999;22,9;21,6;23,9;22,6;21,7;20,9;93;86;92;319;1,3;0;
2007-11-27;03:00;0;964,7;965,1;964,7;-9999;23,3;21,5;23,4;22,8;21,9;21,5;93;90;90;305;,8;0;
2007-11-27;04:00;0;964;964,7;964;-9999;22,8;21,5;23,3;22,5;21,6;21,2;93;89;92;245;2,4;,6;
2007-11-27;05:00;0;963,4;964;963,4;-9999;21,7;20,6;22,9;21,7;21,5;20,6;93;91;93;273;1,8;,7;
2007-11-27;06:00;0;962,9;963,4;962,9;-9999;22,3;21,2;22,3;21,3;21,2;20,1;94;93;93;238;1,7;,7;
2007-11-27;07:00;0;963,1;963,1;962,9;-9999;22;20,8;22,3;21,7;21,2;20,5;94;92;93;248;2,1;,5;
2007-11-27;08:00;0;963,2;963,2;963,1;-9999;21,9;20,7;22;21,2;20,8;20,1;94;92;93;222;2,4;1;
2007-11-27;09:00;0;963,9;963,9;963,1;1,7;21,2;19,9;22;21,2;20,7;19,9;93;91;93;267;2,4;1,6;
2007-11-27;10:00;0;964,7;964,7;963,9;348;23,5;21,2;23,5;21,2;21,2;19,9;93;87;87;265;2,1;,2;
2007-11-27;11:00;0;965,3;965,3;964,7;1141,2;26,2;21,8;26,5;23,5;22,6;21,1;87;76;76;164;2,8;1,3;
2007-11-27;12:00;0;965,7;965,7;965,3;2037,7;27,8;21,1;28,1;26,2;22,5;20,3;79;65;67;162;3,4;1,6;
2007-11-27;13:00;0;965,6;965,7;965,6;2892,2;28,5;20,4;28,9;27,2;21,1;19,5;67;60;61;73;4,6;,8;
2007-11-27;14:00;0;965;965,6;965;3432;30,8;21,3;30,8;28,1;22,1;19,8;63;55;57;70;3,3;,9;
2007-11-27;15:00;0;964,8;965,1;964,8;3791,1;30,6;20;31,7;29,8;21,5;20;59;51;53;113;4,2;1,6;
2007-11-27;16:00;0;963,9;964,8;963,9;2292,1;31,2;19,9;33,1;30,2;21,4;19,8;58;48;51;74;4,2;1,6;
2007-11-27;17:00;0;962,8;963,9;962,8;2983,2;33,1;19,7;33,2;31,1;21,1;19,3;53;45;45;120;6,4;1,1;
2007-11-27;18:00;0;961,7;962,8;961,7;3835,9;34,2;19,5;34,6;32,7;20,7;18,8;48;41;42;159;6,9;2,3;
2007-11-27;19:00;0;961;961,7;961;1539,1;32,1;20,1;34,6;32,1;20,7;18,8;49;41;49;89;6,9;2,9;
2007-11-27;20:00;0;961,2;961,3;961;812,2;28,5;20,9;33;28;21,3;19,1;64;48;64;337;8,9;2,5;
2007-11-27;21:00;,2;961,2;961,2;960,9;520,8;27,4;21,3;28,6;27,3;22;20,1;72;63;70;324;7;1,8;
2007-11-27;22:00;0;961,4;961,4;960,9;164,6;27,9;22,1;28,9;27,4;22,1;21,2;71;64;71;320;6;,4;
2007-11-27;23:00;0;962,5;962,8;961,4;,8;26,1;19,1;27,9;26,1;22,3;18,4;73;61;65;79;7,4;1,8;
2007-11-28;00:00;6;963,3;963,9;962,5;-9999;24;20,1;26,5;24;21,2;19,1;83;65;79;115;5,5;2,8;
2007-11-28;01:00;1,8;964,9;964,9;963,3;,6;23,5;21,1;24,4;23,1;22,5;20,3;91;79;86;14;7,6;,9;
2007-11-28;02:00;4,4;965;965,4;964,9;-9999;23,2;21,6;23,5;22,7;21,7;21,1;92;86;91;9;6,3;1;
2007-11-28;03:00;0;964,1;965,1;964,1;-9999;22,9;21,5;23,2;22,9;21,7;21,2;93;90;92;241;3,3;,6;
2007-11-28;04:00;0;963,6;964,1;963,5;-9999;22,5;21,4;23,1;22,4;21,7;21;94;91;93;268;2,8;,3;
2007-11-28;05:00;0;963,3;963,8;963,3;-9999;21,9;21;22,5;21,9;21,4;20,9;95;93;95;321;2,7;0;
2007-11-28;06:00;0;963;963,3;962,8;-9999;22;21,2;22,1;21,8;21,3;21;95;95;95;237;1,8;,1;
2007-11-28;07:00;0;963,5;963,5;963;-9999;21,5;20,8;22;21,3;21,2;20,5;96;95;95;168;2;0;
2007-11-28;08:00;0;963,9;963,9;963,5;-9999;21,2;20,5;21,6;21,1;20,9;20,3;96;95;96;284;1,2;0;
2007-11-28;09:00;0;964,7;964,7;963,8;1,3;21,3;20,6;21,4;21;20,8;20,3;96;96;96;198;,8;0;
2007-11-28;10:00;0;965,6;965,6;964,7;294,7;22,8;21,5;22,8;20,9;21,7;20,1;96;93;93;260;1,7;,2;
2007-11-28;11:00;0;966;966;965,6;956,5;24,9;21,7;25,1;22,8;22,5;21,3;93;82;83;214;1,9;,4;
2007-11-28;12:00;0;966,3;966,4;966;1747,7;26,1;22,4;26,3;24,9;23,1;21,8;85;78;80;105;4,1;2,3;
2007-11-28;13:00;0;966,3;966,4;966,2;2669,2;27,9;21,4;28,5;26,1;23,3;21,4;82;67;68;107;5,8;3,4;
2007-11-28;14:00;0;966,1;966,4;966,1;3213,2;29,2;22,3;29,6;27,7;23,3;21,6;73;65;66;93;6,3;3,2;
2007-11-28;15:00;0;965,4;966,1;965,4;3106,5;29,9;21,7;30,8;28,8;23,2;21,4;68;59;61;83;7,9;2,6;
2007-11-28;16:00;0;964,8;965,4;964,6;1374;29,5;21,9;31,1;29,5;22,6;21,1;65;58;64;38;4,7;1,7;
2007-11-28;17:00;0;963,7;964,8;963,7;609,4;29,7;22,1;29,7;29,4;22,7;21,5;67;62;64;103;3,4;1,4;
2007-11-28;18:00;0;962,8;963,9;962,8;3117,7;32,3;18,2;32,3;29,7;22,8;18,2;66;42;43;73;3,8;1,1;
2007-11-28;19:00;0;962,1;962,8;962,1;2674,1;32,4;18,5;33,5;32;20,7;16,5;52;37;44;97;3,2;1,6;
2007-11-28;20:00;0;961,6;962,2;961,6;1909,9;33,2;17,5;33,4;32;19,5;17,2;48;39;39;168;3,5;1,5;
2007-11-28;21:00;0;961,9;961,9;961,5;524,4;31,2;20,3;33,6;30,9;20,6;16,9;54;38;52;104;3,5;1,7;
2007-11-28;22:00;0;962;962;961,7;147,2;29,7;21,2;31,3;29,7;21,9;19,2;62;49;60;74;3,1;,4;
2007-11-28;23:00;0;962,6;962,6;962;-9999;26,5;22,5;29,7;26,5;22,5;21,2;79;60;79;346;1,6;,1;
2007-11-29;00:00;0;963,2;963,2;962,6;-9999;25,4;21,9;26,7;25,4;22,5;21,4;81;73;81;284;1,9;,8;
2007-11-29;01:00;0;963,9;963,9;963,2;-9999;24,7;21,2;25,4;24,6;22;20,9;83;79;81;272;2,2;,9;
2007-11-29;02:00;0;964,5;964,5;963,9;-9999;26;21;26,6;24,7;21,2;20,4;81;70;74;254;5,3;3,1;
2007-11-29;03:00;0;965;965,1;964,4;-9999;26,1;18,4;26,7;25,7;21,1;17,7;75;60;62;149;6,5;2,2;
2007-11-29;04:00;0;964,3;965;964,3;-9999;23;19,3;26,1;23;19,5;18,8;79;63;79;114;6,8;,5;
2007-11-29;05:00;0;963,8;964,3;963,6;-9999;21,6;19,4;23;21,6;19,6;19,1;88;79;87;294;3,5;2,1;
2007-11-29;06:00;0;963,6;964,1;963,6;-9999;22;19,3;22,1;21,5;19,5;19,2;88;84;85;221;3,5;,7;
2007-11-29;07:00;0;963,6;963,6;963,4;-9999;21;19,2;22,1;21;19,4;18,9;89;83;89;281;1,8;,9;
2007-11-29;08:00;0;963,7;963,7;963,6;-9999;20,7;19;21,1;20,7;19,4;19;91;89;90;272;2,8;1,8;
2007-11-29;09:00;0;964,4;964,4;963,6;,3;20;18,6;20,7;20;19;18,6;92;90;92;295;3,2;1;
2007-11-29;10:00;0;965,1;965,1;964,4;326,5;22,4;18,4;22,4;20;18,8;18;92;77;78;269;2,7;,1;
2007-11-29;11:00;0;965,5;965,5;965;1125,6;25,1;18,4;25,2;22,4;19,2;17,6;78;65;67;94;2,5;1,2;
2007-11-29;12:00;0;965,9;966;965,5;1995,6;26,8;19,6;27;25;19,9;18,3;69;62;65;97;3;1,6;
2007-11-29;13:00;0;965,7;966;965,7;2502,1;29,5;20,6;29,8;26,8;21,8;19,5;67;57;59;104;3,5;,9;
2007-11-29;14:00;0;965,2;965,7;965,2;3383,7;31,3;19,6;31,3;29,5;20,8;18,5;59;50;50;36;6;2,2;
2007-11-29;15:00;0;964,7;965,2;964,7;3461,7;31,7;18,9;32,8;30,8;21,1;18,2;53;42;47;29;6;2;
2007-11-29;16:00;0;964;964,7;964;2783,5;33;18,1;33,4;31,7;19,7;17,4;48;40;41;91;5,2;1,1;
2007-11-29;17:00;0;964,4;964,4;963,4;1262,8;27,2;17,9;33,9;27,2;19,6;17,5;57;39;57;294;14,3;5,6;
2007-11-29;18:00;0;963,5;964,4;962,8;2330,6;30,1;17,8;32,6;26,2;18,4;16;62;39;48;348;14,3;3,5;
2007-11-29;19:00;0;963,3;963,8;962,8;2191,9;27,9;18,5;30,3;27,9;19,2;16,6;57;45;57;341;11,6;2,6;
2007-11-29;20:00;0;963,6;964,6;963,3;144,6;23,1;18,6;28,1;23,1;18,8;16,3;76;56;76;236;11,9;3,9;
2007-11-29;21:00;,2;963,2;963,7;963,1;221,6;24,2;17,4;24,2;23;19,4;17,4;80;66;66;277;9,4;5,4;
2007-11-29;22:00;,8;963,1;964,1;963,1;87,5;22,2;19,6;24,8;22;19,6;16,7;85;61;85;183;7,5;1,2;
2007-11-29;23:00;0;963,8;963,8;963,1;,6;21,8;20,2;22,6;21,7;20,2;18,9;91;80;91;103;2,6;1;
2007-11-30;00:00;0;964,6;964,9;963,8;-9999;22;19,9;22,6;21,8;20,6;19,3;91;83;88;305;2,6;,2;
2007-11-30;01:00;0;965;965;964,6;-9999;22;19,2;22,1;21,2;20,3;19,2;93;84;84;229;2,2;,8;
2007-11-30;02:00;0;965,3;965,3;965;-9999;20,9;19,2;22,6;20,7;19,3;18;90;76;90;302;2,4;,7;
2007-11-30;03:00;0;965,4;965,6;965,2;-9999;20,3;18,6;20,9;20,3;19,2;18,6;90;88;90;334;2,6;,2;
2007-11-30;04:00;0;965,3;965,6;965,2;-9999;20,2;19;20,3;19,9;19,1;18,6;94;90;93;250;1,6;,1;
2007-11-30;05:00;0;964,8;965,3;964,8;-9999;20;18,4;20,2;19,7;19;18,3;93;91;91;253;2;1,1;
2007-11-30;06:00;0;964,6;964,9;964,5;-9999;19,6;18,3;20,1;19,3;18,5;18;93;90;93;269;2;1,1;
2007-11-30;07:00;0;964,7;964,7;964,5;-9999;19,6;18,2;19,8;19,4;18,7;18,2;93;92;92;257;2,1;0;
2007-11-30;08:00;0;965;965;964,7;-9999;19,5;17,9;20,1;19,2;18,3;17,9;93;89;91;241;2,4;,1;
2007-11-30;09:00;0;965,7;965,7;965;,9;19;17,8;19,5;19;18,1;17,7;93;91;93;269;2,2;1,4;
2007-11-30;10:00;0;966,5;966,5;965,7;285,3;21,8;19,2;21,8;19;19,4;17,9;93;85;85;358;2,1;0;
2007-11-30;11:00;0;967,1;967,1;966,5;1055,7;25,1;19,7;25,2;21,7;20,6;18,9;86;72;72;189;1,3;,2;
2007-11-30;12:00;0;967,5;967,5;967,1;1736,7;26,6;19,6;26,6;25;20,4;18,9;74;64;65;127;2,2;1,3;
2007-11-30;13:00;0;967,7;967,7;967,3;2757;28,7;20;28,9;26,6;20,6;18,4;68;53;59;96;5,6;3,6;
2007-11-30;14:00;0;967,4;967,7;967,4;3345;30,3;18,6;31,1;28,3;20,7;18,5;59;48;50;95;6,8;3,2;
2007-11-30;15:00;0;966,9;967,5;966,9;3686,5;31,9;16,9;32,1;30,1;18,8;16,5;50;41;41;57;6,7;3,6;
2007-11-30;16:00;0;966,2;966,9;966,2;3616,1;32,6;17,3;33,1;31,4;18,4;15;44;35;40;60;7;3,2;
2007-11-30;17:00;0;965,6;966,2;965,5;3619,7;33,6;15,4;34,1;32,4;18,8;15,1;43;33;34;49;6,4;2,8;
2007-11-30;18:00;0;964,6;965,6;964,6;3324,5;33,3;15,2;34,7;33,2;16,6;14,1;36;30;34;50;5,3;2,4;
2007-11-30;19:00;0;963,7;964,6;963,7;1114,2;32,9;15,3;34,5;32,6;16,8;14,5;39;32;35;67;5,5;1,4;
2007-11-30;20:00;0;962,9;963,7;962,9;1866,4;33,8;14,9;34,1;32,5;16,8;14,2;39;31;32;109;4,6;1,9;
2007-11-30;21:00;0;962,5;963;962,5;594,4;32,7;16,2;33,7;32,4;16,6;14;39;31;37;80;4,5;1;
2007-11-30;22:00;0;963,1;963,1;962,5;147,6;31;16,4;32,8;31;16,9;15,6;42;36;42;114;4,3;2,1;
2007-11-30;23:00;0;963,8;963,8;963,1;-9999;27,9;18,7;31,2;27,9;19;16,2;58;41;57;94;3,2;,6;
2007-12-01;00:00;0;964,7;964,7;963,8;-9999;27;17,9;28,1;27;18,9;17,6;58;54;58;107;2,3;,9;
2007-12-01;01:00;0;965,6;965,6;964,7;-9999;24,5;19,1;27;24,3;19,3;18;73;58;72;331;1,4;0;
2007-12-01;02:00;0;966,3;966,3;965,6;-9999;24,1;18,8;24,6;23,5;19,2;18,5;76;71;72;146;1,2;0;
2007-12-01;03:00;0;966,1;966,3;966,1;-9999;22,3;18,8;24,2;22,3;19,1;18,5;81;72;81;211;1;0;
2007-12-01;04:00;0;966;966,2;966;-9999;21;18,8;22,3;21;19,1;18,4;88;80;87;262;1,1;0;
2007-12-01;05:00;0;965,4;966;965,4;-9999;20,3;17,8;21,2;20,3;18,8;17,7;87;84;86;240;1,5;0;
2007-12-01;06:00;0;965,1;965,4;965;-9999;19,4;17,6;20,5;19,4;17,9;17,4;90;84;89;299;1,5;0;
2007-12-01;07:00;0;965,2;965,2;965;-9999;19,1;16,9;19,4;18,9;17,6;16,8;89;87;87;254;2,2;,8;
2007-12-01;08:00;0;965,9;965,9;965,2;-9999;18,6;16,4;20;18,6;16,9;16,4;89;81;87;272;3,2;2;
2007-12-01;09:00;0;966,4;966,4;965,9;,4;18,1;16,3;18,6;18;16,5;16,1;89;87;89;269;2,8;1,8;
2007-12-01;10:00;0;967,2;967,2;966,4;355,1;21,2;17,3;21,2;18,1;17,7;16,2;89;79;79;265;3;,5;
2007-12-01;11:00;0;967,7;967,7;967,2;1169,8;25,8;17,6;26;21,2;19,2;17,4;80;60;60;87;1,4;,3;
2007-12-01;12:00;0;967,9;967,9;967,7;2075,7;28;16,3;28,1;25,8;18,6;16,2;62;48;49;62;3,8;2,5;
2007-12-01;13:00;0;967,8;967,9;967,7;2871,6;30,5;16,7;30,7;27,8;18,4;16,4;53;43;43;76;6,4;3,9;
2007-12-01;14:00;0;967,4;967,8;967,3;3453,6;32,2;11,7;32,7;30,5;17,6;10,6;45;26;29;71;7,1;3,6;
2007-12-01;15:00;0;966,9;967,4;966,9;3862,8;33,5;11,7;33,9;32,2;13,1;10,1;30;24;26;60;8;3,4;
2007-12-01;16:00;0;966,2;966,9;966,2;4020,9;34,1;8,1;34,9;33,2;12,9;6,3;28;17;20;40;6,9;3,5;
2007-12-01;17:00;0;965,4;966,2;965,4;3906,3;35;6,8;35,5;34,1;9,3;3,2;22;14;18;62;8,6;2,6;
2007-12-01;18:00;0;964,5;965,4;964,5;3438,1;35,3;7,9;35,9;34,6;9,8;6,1;21;16;19;21;6,6;1,8;
2007-12-01;19:00;0;964;964,5;964;2771,9;35,2;6,4;35,4;34,5;9,6;5,9;21;16;17;83;5,4;1,6;
2007-12-01;20:00;0;963,7;964,1;963,7;2111,9;34,6;6;35,5;34,6;7,3;3,8;18;14;17;49;5,9;1,9;
2007-12-01;21:00;0;963,7;963,7;963,6;1203,3;33,8;8,1;35,1;33,8;8,4;6,4;21;17;21;97;4,8;2,5;
2007-12-01;22:00;0;964;964;963,6;111,4;30,6;10,6;33,9;30,6;11;7,8;30;20;29;90;4,2;1,3;
2007-12-01;23:00;0;964,7;964,7;964;-9999;25,5;13,9;30,6;25,5;14;10,8;48;29;48;286;2,7;,4;
2007-12-02;00:00;0;965,6;965,6;964,7;-9999;23,3;15,2;25,6;23,3;15,4;13,5;61;47;61;194;2,8;0;
2007-12-02;01:00;0;966,4;966,4;965,6;-9999;23,5;14,8;23,5;22,8;15,6;14,3;62;57;58;129;,9;,1;
2007-12-02;02:00;0;966,6;966,8;966,4;-9999;22,1;15,1;23,5;21,8;15,3;14,6;66;58;65;176;,9;,1;
2007-12-02;03:00;0;966,7;966,9;966,6;-9999;21,8;13,9;22,1;20,5;15,4;13,4;72;59;61;242;2,1;,2;
2007-12-02;04:00;0;966,6;966,9;966,6;-9999;19,7;14,7;21,8;19,2;15,6;14,2;77;62;73;263;2,1;,7;
2007-12-02;05:00;0;966;966,6;966;-9999;19,7;14;19,9;19,1;15;13,9;76;69;69;263;3,4;2,7;
2007-12-02;06:00;0;965,4;966;965,4;-9999;18,1;13,9;19,9;18,1;14;13,8;77;69;76;276;3,9;2;
2007-12-02;07:00;0;965,7;965,7;965,4;-9999;17,8;13,8;18,7;17,7;13,9;13,7;77;73;77;275;3,4;2,2;
2007-12-02;08:00;0;966,1;966,2;965,7;-9999;16,8;13,8;18,5;16,8;13,9;13,6;82;74;82;270;2,8;,4;
2007-12-02;09:00;0;966,8;966,8;966,1;3,5;16,7;13,7;17,5;16,7;13,9;13,5;83;78;82;275;3,2;2,1;
2007-12-02;10:00;0;967,4;967,4;966,8;378,8;20,3;14,7;20,3;16,6;15;13,7;83;70;70;262;2,9;1,5;
2007-12-02;11:00;0;968,1;968,1;967,4;1194,1;25;15,3;25,1;20,3;17,6;14,7;70;55;55;67;2,7;,2;
2007-12-02;12:00;0;968,5;968,6;968,1;2088;28,7;14;28,9;24,8;16,5;13,9;55;40;41;66;2,5;,6;
2007-12-02;13:00;0;968,6;968,7;968,5;2870,6;30,5;15,2;31,1;28,7;15,7;12,5;44;35;39;80;6,4;3,7;
2007-12-02;14:00;0;968,1;968,6;968,1;3474,9;33,8;12;33,9;30,6;15,7;11,4;39;26;27;70;8;4,1;
2007-12-02;15:00;0;967,6;968,1;967,6;3851,7;34,7;10,2;35;33,6;13,5;9,3;29;21;23;60;6,9;3,2;
2007-12-02;16:00;0;966,9;967,6;966,8;3925,1;35,4;9,5;35,9;34,2;12;8,6;25;20;21;57;7,5;3,7;
2007-12-02;17:00;0;966,3;966,9;966,2;3789,2;35,9;9,5;36,4;34,8;11,9;8,1;23;19;20;344;9,3;1,9;
2007-12-02;18:00;0;965,4;966,3;965,4;3378,7;36,5;8;36,9;35,6;10,9;7,1;22;17;18;343;5,7;1;
2007-12-02;19:00;0;964,4;965,4;964,4;2756,1;35,9;6,8;36,9;35,9;10,2;6,8;20;17;17;30;5,7;1,7;
2007-12-02;20:00;0;963,4;964,4;963,4;2068,6;36;6,6;37,3;35,8;10,1;5,7;20;15;16;54;2,8;,9;
2007-12-02;21:00;0;963,3;963,4;963,1;1093,5;34,5;10,4;36,1;34,5;10,6;7,2;23;16;23;116;5,3;2,4;
2007-12-02;22:00;0;964;964;963,3;115,7;32,8;10,8;34,4;32,8;10,9;10,2;26;23;26;115;6;2,7;
2007-12-02;23:00;0;965,5;965,5;964;-9999;29,6;12,2;32,8;29,6;12,3;10,5;34;26;34;107;4,3;1,4;
2007-12-03;00:00;0;966,2;966,2;965,5;-9999;28,2;12,9;29,6;27,9;13,6;12,2;41;34;39;119;2,6;1;
2007-12-03;01:00;0;966,6;966,6;966,2;-9999;25,7;14,5;28,5;25,7;15,4;13;51;39;50;60;2,1;0;
2007-12-03;02:00;0;966,9;966,9;966,5;-9999;25,9;14,5;27,3;25,5;14,9;13,1;51;42;49;116;2,9;,6;
2007-12-03;03:00;0;966,3;966,9;966,3;-9999;22,7;15;25,9;22,7;15,2;13,5;62;47;62;276;2;0;
2007-12-03;04:00;0;966,1;966,5;966,1;-9999;22,7;14,5;23,4;21,3;16,5;14,2;74;57;60;274;4,1;1;
2007-12-03;05:00;0;965,7;966,1;965,6;-9999;20,5;15;22,8;20,5;15,1;14,4;70;60;70;252;2,3;,5;
2007-12-03;06:00;0;965,5;965,7;965,5;-9999;19,8;15,2;20,5;19,7;15,2;14,8;75;71;75;214;1,9;0;
2007-12-03;07:00;0;965,7;965,7;965,3;-9999;19,3;15;20;19,2;15,3;14,8;77;72;76;301;5,2;2;
2007-12-03;08:00;0;965,7;965,8;965,5;-9999;19,9;15;20,8;19,2;15,4;14,7;78;69;73;267;6,2;1,4;
2007-12-03;09:00;0;966,3;966,3;965,7;,8;19,5;15,6;19,9;19,2;15,6;15,1;79;73;78;294;2,5;1,5;
2007-12-03;10:00;0;966,9;966,9;966,3;285,1;22,4;17;22,4;19,4;17;15,5;78;71;71;275;2,9;1;
2007-12-03;11:00;0;967,4;967,4;966,9;1230,4;26,1;19,6;26,4;22,4;19,8;16;71;59;67;326;6,8;2,4;
2007-12-03;12:00;0;967,6;967,6;967,3;2113;28,5;21,6;28,7;26,1;21,9;19,8;70;65;66;317;7,4;2,9;
2007-12-03;13:00;0;967,4;967,7;967,4;2829,4;31;21,1;31,3;27,8;22,4;21,1;70;56;56;318;8,4;3,4;
2007-12-03;14:00;0;967,4;967,6;967,4;2311,5;30,1;20,6;31,2;30;21,3;20,1;59;54;57;285;7,6;4,2;
2007-12-03;15:00;0;966,7;967,4;966,7;2555,1;32,4;18,1;32,4;30,1;21,1;18,1;58;43;43;302;7,5;1,7;
2007-12-03;16:00;0;965,9;966,7;965,9;2925,5;33;17,8;34,6;32,3;20;16,3;47;36;41;341;5,5;1,9;
2007-12-03;17:00;0;964,9;965,9;964,9;2384,4;33,6;18,1;33,9;32,9;19,5;17,3;44;39;40;23;5,5;1;
2007-12-03;18:00;0;963,9;964,9;963,9;1899,4;33,4;20,3;34,1;32,7;20,3;17,6;46;39;46;332;4,6;1,2;
2007-12-03;19:00;0;962,9;963,9;962,9;2288,7;34,3;16,5;34,7;33;20;16,5;46;34;35;286;4,8;2,5;
2007-12-03;20:00;0;962;962,9;962;1861,1;33,6;17,5;35,1;33,6;17,5;15,3;38;32;38;2;4,7;1;
2007-12-03;21:00;0;962,8;962,8;962;947,5;31,9;17,5;34,5;31,8;17,7;16;42;34;42;117;5,9;1,4;
2007-12-03;22:00;0;963,3;963,3;962,8;70,2;29,7;17,2;32;29,7;18,5;17;47;41;47;223;4;1,3;
2007-12-03;23:00;0;963,7;963,7;963,3;-9999;26,9;19,1;29,7;26,9;19,1;16,9;62;47;62;270;3;1,3;
2007-12-04;00:00;0;964,5;964,5;963,7;-9999;27,5;18,6;27,7;26,5;19,6;18,6;65;58;58;303;3,4;1,5;
2007-12-04;01:00;0;964,8;964,8;964,5;-9999;26,2;20,1;27,7;26,2;20,1;18,5;69;58;69;301;3,2;,2;
2007-12-04;02:00;0;965,6;965,7;964,8;-9999;26,1;20,5;26,4;26;20,5;19,8;72;68;71;327;6,9;2,9;
2007-12-04;03:00;0;965,2;965,7;965,2;-9999;25,2;19,7;26,1;25,2;20,5;19,7;72;69;72;283;6,9;2,4;
2007-12-04;04:00;0;964,6;965,2;964,5;-9999;24,2;19,5;25,2;24,2;19,7;19,5;75;72;75;279;4,8;2,4;
2007-12-04;05:00;0;963,8;964,6;963,8;-9999;23,7;19,5;24,2;23,6;19,6;19,5;78;75;78;290;3,4;1,3;
2007-12-04;06:00;0;963,2;963,8;963,2;-9999;23,4;19,8;23,9;22,9;20;19,5;83;77;80;274;2,2;,4;
2007-12-04;07:00;0;962,9;963,2;962,9;-9999;23,1;20;23,5;23,1;20;19,7;83;80;83;257;1;,1;
2007-12-04;08:00;0;963,3;963,3;962,9;-9999;23;20,1;23,1;22,7;20,2;19,9;85;83;84;257;1,3;,1;
2007-12-04;09:00;0;963,8;963,8;963,2;-9999;22,5;20;23,2;22,5;20,2;19,9;87;82;86;331;,9;0;
2007-12-04;10:00;0;964,7;964,7;963,8;120,2;23,5;20,6;23,6;22,5;20,7;20,1;86;82;84;23;,3;0;
2007-12-04;11:00;0;965,1;965,1;964,7;379,1;24,9;19,9;24,9;23,5;20,7;19,9;84;74;74;314;2;,8;
2007-12-04;12:00;0;965,8;965,8;965,1;759,9;26,2;20,5;26,2;24,9;20,6;19,8;74;70;71;341;3,1;1,2;
2007-12-04;13:00;0;966,2;966,3;965,8;917,7;26,1;20,6;26,7;26,1;21,2;20,2;74;69;72;322;4,1;1,7;
2007-12-04;14:00;0;966,2;966,4;966,1;1010,1;27;21,1;27;25,5;21,7;20,6;78;70;70;342;4,2;1,5;
2007-12-04;15:00;0;965,8;966,2;965,8;2077,6;28;20,4;28,9;27;21,6;19,9;70;59;63;327;8,2;2,9;
2007-12-04;16:00;0;963,8;965,8;963,8;3083,4;30,3;21;30,8;27,6;21,7;20,3;68;56;57;324;6,6;3,1;
2007-12-04;17:00;0;962,7;963,8;962,7;3312,8;30,8;19,1;31,7;29,6;21,3;19,1;60;49;50;315;7,8;1,9;
2007-12-04;18:00;0;961,7;962,7;961,7;2753,7;32,1;19,7;32,2;30,3;20,9;19;55;48;48;342;4,9;1,4;
2007-12-04;19:00;0;961,2;961,7;961,1;1705,9;29;20,9;32,1;27,4;22,7;19,1;73;47;62;108;6,3;2,4;
2007-12-04;20:00;8,4;962,5;962,6;961,2;107,8;22,4;21,2;29;21,8;21,9;20,7;95;62;93;72;11,6;6,4;
2007-12-04;21:00;4,4;963;963,2;962,6;12,4;21,9;20,5;22,4;21,9;21,3;20,4;94;90;92;69;13,6;4,4;
2007-12-04;22:00;0;963,3;963,3;962,8;5,7;21,4;19,8;21,9;21,3;20,6;19,8;93;91;91;66;9,5;2,5;
2007-12-04;23:00;0;963,9;963,9;963,3;-9999;21,3;19,8;21,4;21,2;19,9;19,7;92;91;91;80;4,4;1,5;
2007-12-05;00:00;,2;964,7;964,7;963,9;-9999;21,4;20;21,4;21,2;20,1;19,8;92;91;92;74;3;,4;
2007-12-05;01:00;0;965,6;965,6;964,7;-9999;21,5;20,1;21,6;21,4;20,2;19,9;92;91;92;93;2;,5;
2007-12-05;02:00;3;966,2;966,4;965,6;-9999;21,7;20,8;21,8;21,4;20,8;20,1;95;92;95;169;2,2;,2;
2007-12-05;03:00;2,8;965,8;966,2;965,8;-9999;22;21,1;22;21,6;21,1;20,8;95;95;95;351;1;0;
2007-12-05;04:00;,6;965,3;965,8;965,3;-9999;22;21,2;22,1;21,9;21,2;21,1;95;95;95;28;1,9;1;
2007-12-05;05:00;,2;964,6;965,3;964,6;-9999;22;21,2;22,1;22;21,3;21,2;95;95;95;30;2,1;,9;
2007-12-05;06:00;,2;964,2;964,6;964,2;-9999;22;21,3;22;22;21,3;21,2;95;95;95;50;2,1;,7;
2007-12-05;07:00;0;964,1;964,2;964;-9999;22;21,2;22,1;21,9;21,3;21,2;95;95;95;31;1,8;,6;
2007-12-05;08:00;0;964,2;964,2;964,1;-9999;21,9;21,2;22;21,9;21,2;21,1;96;95;96;20;1,4;0;
2007-12-05;09:00;,8;964,7;964,7;964,2;-9999;22;21,3;22;21,9;21,3;21,1;96;95;95;328;2,5;,9;
2007-12-05;10:00;1;965,2;965,2;964,7;86,9;22,4;21,6;22,4;22;21,6;21,2;95;95;95;344;3,4;1,3;
2007-12-05;11:00;,2;965,5;965,5;965,2;301,6;22,9;21,9;22,9;22,4;22;21,5;95;94;94;343;4,7;1,9;
2007-12-05;12:00;,2;965,9;965,9;965,4;461,4;23,1;21,6;23,1;22,9;22;21,4;94;91;91;342;7,4;2,7;
2007-12-05;13:00;,8;966,2;966,2;965,9;715;23,5;21,8;23,5;23;22;21,4;92;90;90;344;8,5;3,1;
2007-12-05;14:00;,2;966;966,2;965,9;1278,8;24,1;21,5;24,4;23,5;21,8;21,1;90;82;86;339;9,4;3,3;
2007-12-05;15:00;0;965,5;966;965,5;1085;25,3;21,9;25,3;24,1;22;21,1;87;79;82;331;10,7;2,5;
2007-12-05;16:00;1,8;964,3;965,4;964,3;1630,3;25,8;23,4;25,8;23,6;23,8;21,3;93;78;87;330;9;2,4;
2007-12-05;17:00;0;963,2;964,3;963,2;2521,4;26,9;22;27,3;25,8;23,7;21,8;88;74;75;341;9,2;3,8;
2007-12-05;18:00;1,6;962,6;963,2;962,6;1810,8;25,1;23;27,7;23,7;23,2;21,5;92;71;88;330;10,6;3,2;
2007-12-05;19:00;0;962,1;962,6;962,1;1057,5;26,2;22,5;26,2;25,1;23,4;22,2;88;80;80;336;8;2,4;
2007-12-05;20:00;0;961,9;962,1;961,9;769,7;26,1;21,7;26,9;26,1;22,9;21,7;81;75;77;331;7,6;2,9;
2007-12-05;21:00;0;962;962,1;961,8;437,2;25,1;22;26,1;24,9;22,2;21,8;84;77;83;336;7,6;2,5;
2007-12-05;22:00;,2;962,1;962,2;961,9;154,1;24,1;21,8;25,4;23,9;22,2;21,6;88;81;87;331;10,7;2,8;
2007-12-05;23:00;0;963,2;963,2;962,1;,5;23,6;21,3;24,1;23,5;21,9;21,3;88;86;87;334;7,5;2,2;
2007-12-06;00:00;0;964,1;964,1;963,2;-9999;22,8;20,6;23,6;22,8;21,3;20,6;88;87;87;334;5,9;1,8;
2007-12-06;01:00;0;965;965;964,1;-9999;22,6;20,4;22,8;22,6;20,6;20,4;88;87;88;335;5,1;1,5;
2007-12-06;02:00;0;965,4;965,4;965;-9999;22,6;20,5;22,6;22,4;20,6;20,4;89;88;88;328;5,1;1,9;
2007-12-06;03:00;,2;964,9;965,4;964,9;-9999;22,3;20,9;22,6;22,2;20,9;20,5;92;88;92;332;5,3;1,4;
2007-12-06;04:00;,4;963,9;964,9;963,9;-9999;22,3;20,8;22,7;22,3;21;20,8;92;90;92;326;7,5;2,6;
2007-12-06;05:00;,4;963,1;963,9;963,1;-9999;22,1;20,9;22,3;22;20,9;20,8;93;92;93;324;7,8;2,7;
2007-12-06;06:00;0;963;963,1;962,8;-9999;22,1;20,7;22,2;22;20,9;20,7;93;91;91;315;8,2;3,7;
2007-12-06;07:00;,4;963,4;963,5;962,9;-9999;20,6;19,4;22,3;20,5;21;19,4;94;90;93;260;10,3;3,9;
2007-12-06;08:00;0;963,6;963,6;963,3;-9999;20,2;19,3;20,6;20,2;19,4;19,2;95;93;95;265;5,9;2;
2007-12-06;09:00;0;963,9;963,9;963,5;,4;20,2;19,2;20,3;20,2;19,3;19,1;95;93;94;290;4,7;2,3;
2007-12-06;10:00;0;964,9;964,9;963,9;98,6;20,4;19,2;20,6;20,2;19,4;19,2;94;92;93;261;5,5;3,3;
2007-12-06;11:00;0;965,8;965,8;964,9;700;21,6;19,7;21,7;20,4;19,9;19,1;93;88;89;266;7,4;4;
2007-12-06;12:00;0;966,5;966,6;965,8;600,9;21,7;19,1;21,9;21,5;19,8;19,1;90;85;85;260;6,4;3,8;
2007-12-06;13:00;0;966,5;966,7;966,4;1175,3;22,9;19,5;23,2;21,7;20,4;19,2;87;80;81;262;6,4;3,6;
2007-12-06;14:00;0;966,5;966,6;966,4;2343,7;24,7;19,2;25,3;22,9;20,6;19,2;83;72;72;274;7,3;3,4;
2007-12-06;15:00;0;966;966,5;966;3132;25,8;20,1;26,5;24,6;20,7;19,3;75;66;71;258;6,9;2,4;
2007-12-06;16:00;0;965,3;966;965,3;1510,1;25,3;20,4;26,1;25,3;21,1;19,7;77;68;74;288;7,1;4,4;
2007-12-06;17:00;0;964,7;965,3;964,7;1686,4;26,7;20,6;26,7;25,3;21,1;19,5;77;67;69;278;7,1;2,7;
2007-12-06;18:00;0;964,1;964,7;964,1;1167,3;26,6;20,1;26,8;26,1;21;19,8;73;66;68;283;5,9;3;
2007-12-06;19:00;0;963,5;964,1;963,5;1136,5;27,1;20,6;27,6;26,4;21,1;19,8;71;63;67;227;7,3;1,2;
2007-12-06;20:00;0;963;963,5;963;1235,3;27,9;19,4;28,1;27,1;20,6;19;67;59;60;247;4,5;2,1;
2007-12-06;21:00;0;963;963,2;963;443,5;26,7;20;27,9;26,7;20,4;19,2;68;60;66;233;4,4;1,5;
2007-12-06;22:00;0;963,4;963,4;963;169;25,9;20,7;26,9;25,9;20,7;19,8;74;66;73;285;3,4;1,4;
2007-12-06;23:00;0;964,2;964,2;963,4;-9999;24,2;20,9;25,9;24,2;21,5;20,1;83;73;82;313;5,2;1,8;
2007-12-07;00:00;0;964,6;964,7;964,2;-9999;23,4;20,7;24,2;23,4;21,1;20,5;85;81;85;268;4,8;3,1;
2007-12-07;01:00;0;964,7;964,7;964,6;-9999;23,3;21,1;23,4;23,2;21,1;20,6;88;85;87;263;4,3;2;
2007-12-07;02:00;0;965,1;965,1;964,7;-9999;23;21,1;23,4;23;21,3;21,1;89;87;89;269;3,1;1,9;
2007-12-07;03:00;0;965,1;965,2;965;-9999;21,9;20,5;23;21,9;21,2;20,5;92;89;92;298;2,9;,7;
2007-12-07;04:00;0;964,7;965,1;964,7;-9999;21,3;20,1;21,9;21,1;20,5;19,9;93;92;93;279;2;,8;
2007-12-07;05:00;0;964;964,7;964;-9999;21,3;19,9;21,5;21,1;20,2;19,8;93;91;92;281;1,6;,5;
2007-12-07;06:00;0;963,5;964;963,5;-9999;20,4;19,4;21,4;20,4;20,1;19,4;94;92;94;305;1,7;1;
2007-12-07;07:00;0;963,6;963,6;963,5;-9999;20,2;19,2;20,4;20;19,5;18,9;95;94;94;262;1,8;1,4;
2007-12-07;08:00;0;963,3;963,6;963,3;-9999;19,5;18,6;20,6;19,5;19,6;18,5;94;93;94;327;2,5;,8;
2007-12-07;09:00;0;963,8;963,8;963,3;1,2;19,4;18,4;19,7;19,4;18,9;18,4;95;94;94;282;1,9;,7;
2007-12-07;10:00;0;964,8;964,8;963,8;325,6;21,5;19,6;21,5;19,3;19,9;18,4;95;89;89;305;1,9;,8;
2007-12-07;11:00;0;965,8;965,8;964,8;1153,4;23,6;20,4;23,6;21,5;20,6;19,5;89;82;82;259;4,5;2,4;
2007-12-07;12:00;0;966,1;966,2;965,8;1976,4;25,9;20,5;26,1;23,6;20,8;19,6;83;68;72;147;3,8;,4;
2007-12-07;13:00;0;966,5;966,5;966,2;2118,9;27,3;19,8;27,4;25,8;20,7;19,1;72;63;64;70;2,8;,6;
2007-12-07;14:00;0;966,6;966,6;966,5;1767,8;26,8;19,9;27,4;26,6;20,4;18,8;68;61;66;55;4,5;1,1;
2007-12-07;15:00;0;966,3;966,6;966,3;1582,1;27,5;21,2;28,4;26;21,3;19;75;59;68;6;4,3;1,5;
2007-12-07;16:00;0;965,5;966,3;965,5;3010,6;28,3;19,5;29,1;27,2;21,5;18,7;69;54;59;305;6,2;3,4;
2007-12-07;17:00;0;964,7;965,5;964,7;3215;29,8;19,6;30,4;28,3;20,9;19,1;62;54;54;307;6,8;3,1;
2007-12-07;18:00;0;963,6;964,7;963,6;2736,3;30,2;20,3;30,3;28,6;21,1;19,1;63;52;56;300;8,1;2,9;
2007-12-07;19:00;0;962,7;963,6;962,7;1907;29,1;19,8;30,5;29,1;20,5;18,4;59;51;57;310;7,5;2,4;
2007-12-07;20:00;0;962;962,7;962;1655,1;29,5;19,5;30,4;29,1;20,7;18,6;60;51;55;294;7,1;3,3;
2007-12-07;21:00;0;961,8;962;961,8;605,2;28,6;20,6;29,5;28,3;20,7;19,5;62;55;62;347;7,1;1,1;
2007-12-07;22:00;0;962,4;962,4;961,8;173,8;26,9;21,1;28,6;26,9;21,1;20,1;71;61;71;302;3;1,4;
2007-12-07;23:00;0;963;963;962,4;1,6;26,3;21,3;26,9;25,9;22;21,3;78;71;74;344;2,9;1;
2007-12-08;00:00;0;963,6;963,6;963;-9999;25,1;21,5;26,4;25,1;21,6;21;81;72;81;311;2,9;,6;
2007-12-08;01:00;0;963,9;964;963,6;-9999;25;21,2;25,2;24,7;21,8;21,2;83;79;79;303;3,9;2,1;
2007-12-08;02:00;0;964,8;964,8;963,9;-9999;24,5;20,6;25;24,5;21,2;20,3;80;76;79;304;5,6;2,4;
2007-12-08;03:00;0;964,8;964,8;964,7;-9999;23,7;21;24,5;23,7;21;20,6;85;79;85;302;4,6;2;
2007-12-08;04:00;,2;963,9;964,8;963,9;-9999;22,8;21,4;23,7;22,8;21,5;20,7;92;84;92;254;3,5;,2;
2007-12-08;05:00;0;963,1;963,9;963,1;-9999;21,7;20,6;22,9;21,7;21,5;20,5;93;90;93;282;2;,9;
2007-12-08;06:00;0;963,1;963,2;963;-9999;21,3;20,4;21,8;21,3;20,8;20,4;94;93;94;299;2,5;,4;
2007-12-08;07:00;0;963,1;963,2;962,9;-9999;21,1;20,2;21,4;20,8;20,5;19,8;95;94;95;314;1,4;,5;
2007-12-08;08:00;0;963,2;963,2;963,1;-9999;21,4;20,3;21,6;21;20,5;20,1;95;93;93;265;2,8;1,7;
2007-12-08;09:00;0;963,6;963,6;963,1;-9999;21,4;20,5;21,4;21,1;20,5;20,1;95;93;95;340;2,8;,5;
2007-12-08;10:00;0;964;964;963,6;379,3;23,6;21,5;23,7;21,4;21,7;20,5;95;88;88;327;3,1;,8;
2007-12-08;11:00;0;964,6;964,6;964;939,5;24,9;22;24,9;23,3;22,1;21,2;89;83;84;322;4,4;1,9;
2007-12-08;12:00;0;965,1;965,1;964,6;1465,1;26,3;22,3;26,4;24,9;22,5;21,8;84;77;79;302;9;5,3;
2007-12-08;13:00;0;965,2;965,2;965;2351,2;28,1;21,3;28,4;26,3;22,5;21,3;79;67;67;301;9,3;4,8;
2007-12-08;14:00;0;965,1;965,3;965,1;2552,2;29,2;21,1;29,6;27,6;22,4;20,7;69;60;62;308;9,3;4;
2007-12-08;15:00;0;964,8;965,2;964,8;3080,2;30;21,2;30;28,3;22;20,7;67;59;59;303;9,3;5,1;
2007-12-08;16:00;0;963,8;964,8;963,8;4125,4;30,8;20,7;31;29,6;21,7;20,1;61;55;55;295;9,5;4,4;
2007-12-08;17:00;0;963,1;963,9;963,1;3414,3;31,1;20,5;31,9;30,2;21,6;19,5;59;49;53;280;8,8;4,3;
2007-12-08;18:00;1,2;963;963,3;962,9;1315,7;26,6;22,4;31,7;25,8;23,1;19,8;84;50;78;336;11,3;1,1;
2007-12-08;19:00;7,8;962,5;963,2;962,5;925,6;24,3;23,5;28,1;22;23,5;20,3;95;68;95;177;13,5;,8;
2007-12-08;20:00;,2;961,9;962,5;961,9;1839,6;29,4;22,8;29,7;24,3;24,8;22,1;95;65;68;292;6;3,2;
2007-12-08;21:00;0;962;962;961,8;1191,4;30,5;22,1;30,5;29,3;23,8;21,7;70;60;61;273;5,7;1;
2007-12-08;22:00;0;962,3;962,3;962;182,2;28,2;22;30,8;28,2;23,5;21,3;75;58;69;229;2,2;,5;
2007-12-08;23:00;0;963,1;963,1;962,3;10,1;25,4;22,8;28,2;25,4;22,8;21,3;85;69;85;153;3,4;0;
2007-12-09;00:00;0;964;964;963,1;-9999;24,3;22,4;25,4;24,1;22,6;22;89;83;89;145;3;,8;
2007-12-09;01:00;0;964,7;964,7;964;-9999;24;22,6;25;23,9;22,9;22,2;92;86;92;2;3;0;
2007-12-09;02:00;0;965,5;965,5;964,7;-9999;24;22,2;24;23,7;22,6;22,2;92;89;90;301;3,9;,4;
2007-12-09;03:00;0;965,5;965,6;965,5;-9999;23,8;22,3;24,2;23,8;22,4;21,9;91;88;91;269;1,9;,9;
2007-12-09;04:00;0;965,1;965,6;964,9;-9999;23,9;22,4;24,3;23,8;22,5;22,1;92;88;91;263;2,7;1,4;
2007-12-09;05:00;0;964,6;965,1;964,6;-9999;23,5;22,1;24,3;23,5;22,4;22;92;87;92;268;2,5;,3;
2007-12-09;06:00;0;964,9;965;964,5;-9999;23,5;22,1;23,6;23,2;22,1;21,8;92;91;92;141;3,3;1;
2007-12-09;07:00;0;964,7;964,9;964,6;-9999;22,9;21,7;23,6;22,9;22,1;21,7;93;91;93;24;2,4;0;
2007-12-09;08:00;0;964,9;965;964,5;-9999;23,2;22,2;23,2;22,8;22,2;21,6;94;93;94;214;,5;0;
2007-12-09;09:00;0;965,4;965,4;964,9;-9999;23;22;23,2;22,8;22,2;21,8;95;94;94;271;1,2;,9;
2007-12-09;10:00;0;965,4;965,5;965,4;360,3;25,5;22,8;25,5;23;23;22;94;85;85;50;1,4;,1;
2007-12-09;11:00;0;965,6;965,7;965,4;1148,4;27,4;23,4;27,4;25,2;23,4;22,2;85;77;78;80;1,7;,4;
2007-12-09;12:00;0;966,1;966,1;965,6;1686,6;27,8;23,6;27,8;26,9;24,1;22,6;81;76;78;99;3,1;1,4;
2007-12-09;13:00;0;966,2;966,2;965,9;2566,9;29,5;23,4;29,5;27,2;23,9;22,3;80;68;70;333;3,1;,6;
2007-12-09;14:00;0;965,7;966,2;965,7;3385,3;30,2;22,5;31,1;28,7;23,7;21;72;56;63;44;3,6;1,9;
2007-12-09;15:00;0;965,3;965,7;965,3;3536,3;31,2;21,2;31,5;30,2;22,9;20,7;65;53;55;74;4,4;2,6;
2007-12-09;16:00;0;964,7;965,3;964,7;3068,7;31,5;20,8;32;30,6;22,4;20,5;60;52;53;68;4,4;1,7;
2007-12-09;17:00;0;963,8;964,7;963,7;2302,6;29,9;21,6;32,6;29,8;22,5;19,8;61;47;61;249;7,5;4,1;
2007-12-09;18:00;5;964,1;964,1;963,4;798,4;24,3;22;31,1;24,3;22,8;21,2;87;59;87;153;7,5;2,9;
2007-12-09;19:00;5,4;962,9;964,4;962,9;259,1;23,5;22;24,3;22,7;22;20,8;92;87;91;240;11;,8;
2007-12-09;20:00;,2;961,8;963;961,8;506,8;25,3;22,4;25,3;23,5;23,1;21,8;91;84;84;222;3,4;,4;
2007-12-09;21:00;0;962,7;962,7;961,7;319;26;23,3;26;25,3;23,3;22,3;86;81;85;277;3;,7;
2007-12-09;22:00;0;962,9;963;962,7;164,9;25,8;23,5;26,1;25,8;23,7;23,3;88;85;87;300;2,7;1,3;
2007-12-09;23:00;0;962,6;962,9;962,5;3,2;24,9;22,9;25,8;24,9;23,7;22,6;90;85;88;59;3,4;,4;
2007-12-10;00:00;0;964;964;962,6;-9999;24,3;22,7;25,2;24,3;23;22,6;91;86;91;354;2,2;,8;
2007-12-10;01:00;0;964,4;964,4;964;-9999;24,1;22,2;24,5;24,1;22,9;22;92;88;89;276;4,1;1,7;
2007-12-10;02:00;0;964,7;964,8;964,4;-9999;23,4;22,1;24,1;23,4;22,3;22;93;88;93;239;3;0;
2007-12-10;03:00;0;964,3;964,7;964,3;-9999;22,9;21,9;23,4;22,9;22,2;21,7;94;92;94;275;,8;0;
2007-12-10;04:00;0;963,7;964,3;963,7;-9999;22,4;21,5;22,9;22,4;21,9;21,5;95;94;94;8;1,6;,2;
2007-12-10;05:00;0;963,4;963,7;963,2;-9999;22,3;21,5;22,7;22,1;21,8;21,2;95;94;95;120;1,6;,6;
2007-12-10;06:00;0;962,7;963,4;962,7;-9999;22,4;21,5;22,5;22,3;21,6;21,4;95;94;95;37;1,8;0;
2007-12-10;07:00;0;962,2;962,7;962,1;-9999;22,1;21,2;22,4;22,1;21,5;21,2;95;95;95;338;3;,5;
2007-12-10;08:00;0;962,5;962,5;962,2;-9999;21,9;21;22,1;21,9;21,3;21;95;95;95;262;2;,8;
2007-12-10;09:00;0;963,2;963,2;962,5;-9999;21,7;20,6;22;21,7;21,2;20,6;95;94;94;284;1,9;1,2;
2007-12-10;10:00;0;964;964;963,2;288,4;23,3;21,3;23,3;21,7;21,4;20,6;94;89;89;265;2,1;,6;
2007-12-10;11:00;0;965;965;964;747,8;24,4;21,9;24,4;23,3;22;21,3;89;84;86;321;3,7;1,3;
2007-12-10;12:00;0;965,5;965,5;965;1716,6;27,1;22,4;27,2;24,5;22,9;21,7;86;75;75;297;5,5;3,3;
2007-12-10;13:00;0;965,6;965,7;965,5;2743,7;28,8;22,5;28,8;27;23;21,7;77;67;69;331;5,8;2,7;
2007-12-10;14:00;0;965,6;965,6;965,5;3434,4;29,4;22;29,9;28,6;23,6;21,5;73;61;65;316;7,4;3,8;
2007-12-10;15:00;0;965,6;965,7;965,6;3271,3;29,9;22,6;30,7;29,4;23,5;21,1;67;58;65;321;8,3;2,6;
2007-12-10;16:00;0;964,6;965,6;964,6;2790,7;31,1;22,3;31,1;29,5;23,2;21,6;66;57;59;325;7,9;3;
2007-12-10;17:00;0;963,4;964,6;963,4;3699,9;32,2;21,3;32,2;31,1;22,1;20,2;59;49;53;300;7,6;3,8;
2007-12-10;18:00;0;962,7;963,4;962,7;1797;31,4;22,2;32,2;30,7;22,8;20,5;62;51;58;280;7,9;4,9;
2007-12-10;19:00;0;962,2;962,7;962,2;2362,6;31,7;22,7;32,8;30,3;22,8;21,1;63;51;59;308;8;3,5;
2007-12-10;20:00;0;962,6;962,6;962;1557,4;30,8;21,7;32,1;30,3;22,8;20,3;62;51;59;355;8;1,3;
2007-12-10;21:00;3,6;963,5;963,6;962,6;54,3;23,6;21,8;30,7;23,2;22,1;20,5;90;59;90;75;12,7;3;
2007-12-10;22:00;,2;964,3;964,3;963,5;10,9;23,4;22,3;24,1;23,2;22,4;21,8;94;89;94;102;6,2;2,7;
2007-12-10;23:00;0;964,1;964,4;964,1;4,2;23,5;21,9;23,6;23,4;22,4;21,8;94;90;91;33;4;,4;
2007-12-11;00:00;0;964,4;964,4;964;-9999;23,5;22,2;23,6;23,4;22,3;21,9;93;90;93;20;2,4;,8;
2007-12-11;01:00;0;965,8;965,8;964,4;-9999;23,3;22,3;23,6;23,3;22,3;22,2;94;92;94;106;3,8;2;
2007-12-11;02:00;0;965,7;965,8;965,7;-9999;23;22;23,3;23;22,2;22;94;94;94;77;3,4;1;
2007-12-11;03:00;0;965,6;965,7;965,4;-9999;22,9;22,1;23;22,9;22,1;22;95;94;95;261;1,7;0;
2007-12-11;04:00;0;965;965,6;965;-9999;23;22,1;23,2;22,9;22,3;22,1;95;95;95;281;1,3;,1;
2007-12-11;05:00;0;964,6;965;964,6;-9999;23;22,1;23,2;23;22,3;22,1;95;95;95;293;2;1,2;
2007-12-11;06:00;0;964,5;964,7;964,5;-9999;23,1;22,2;23,1;23;22,2;22,1;95;95;95;308;2,2;,1;
2007-12-11;07:00;0;965,2;965,2;964,5;-9999;23,2;22,3;23,2;23,1;22,4;22,2;95;95;95;20;1,7;,2;
2007-12-11;08:00;0;965,4;965,4;965,2;-9999;23,1;22;23,2;23,1;22,3;22;95;94;94;32;1,4;,5;
2007-12-11;09:00;0;965,7;965,9;965,4;-9999;22,9;21,8;23,1;22,9;22;21,8;94;94;94;314;1,8;,7;
2007-12-11;10:00;,2;966,2;966,2;965,7;148,1;23,5;22,1;23,5;22,8;22,1;21,8;94;92;92;325;3,7;1,2;
2007-12-11;11:00;0;966,4;966,4;966,1;809,1;24,7;22,4;24,9;23,5;22,6;22;92;86;87;320;5,6;2,2;
2007-12-11;12:00;0;966,5;966,7;966,4;1397,3;26,5;22,8;26,6;24,7;23,1;22,2;87;79;80;333;6,4;2,8;
2007-12-11;13:00;0;966,8;966,8;966,4;2918;28,9;23;29,3;26,5;23,9;22,8;81;69;70;326;7,5;2,9;
2007-12-11;14:00;0;966,4;967;966,4;2699,8;29,4;23,5;29,7;28,3;23,9;22,5;74;67;71;324;8,5;3,3;
2007-12-11;15:00;,6;966;966,4;965,8;834,5;27,8;22,6;29,4;27;23,4;22,1;79;68;74;301;8,8;5;
2007-12-11;16:00;0;966,6;966,7;965,7;329,2;23,3;21,2;27,8;23,2;23;20,7;89;73;88;183;10;4,8;
2007-12-11;17:00;5,8;966,5;966,9;966,4;97,4;22,4;21,4;23,9;22,2;21,4;20,8;94;84;94;190;10;1,6;
2007-12-11;18:00;1,4;965,8;966,5;965,8;195,3;22,2;21,2;22,5;22,1;21,6;20,9;95;93;94;193;5,1;,6;
2007-12-11;19:00;2,4;965,3;965,8;965,3;310,8;22,7;21,4;22,7;22,1;21,6;20,9;94;92;92;145;2,2;,4;
2007-12-11;20:00;0;965,8;965,8;965,2;433,7;22,9;21,1;23;22,7;21,7;21,1;93;89;89;277;1,8;,8;
2007-12-11;21:00;0;965,8;966;965,7;251,5;23,2;20,9;23,2;23;21,4;20,7;91;86;87;265;2,9;,5;
2007-12-11;22:00;,2;965,6;965,8;965,6;94,3;22,7;21,1;23,2;22,7;21,5;20,9;92;87;91;351;1,3;0;
2007-12-11;23:00;0;965,8;965,8;965,6;-9999;22,3;21,2;22,7;22,3;21,4;20,9;94;90;94;35;1,4;,8;
2007-12-12;00:00;0;966,5;966,5;965,8;-9999;22,3;21,4;22,3;22,2;21,4;21,3;95;94;95;97;1,4;0;
2007-12-12;01:00;0;967,2;967,2;966,5;-9999;22,2;21,4;22,4;22,2;21,5;21,3;95;95;95;31;1,2;0;
2007-12-12;02:00;0;967,8;967,9;967,2;-9999;22;21,1;22,2;22;21,4;21,1;95;95;95;281;1,9;1;
2007-12-12;03:00;0;967,1;967,8;967,1;-9999;21,8;20,9;22;21,8;21,1;20,8;95;94;95;221;1,8;,3;
2007-12-12;04:00;0;966,5;967,1;966,5;-9999;21,7;20,9;21,8;21,6;20,9;20,8;95;94;95;262;2;,8;
2007-12-12;05:00;0;966;966,5;965,9;-9999;21,7;20,7;21,7;21,6;20,9;20,7;95;94;94;247;2,4;,6;
2007-12-12;06:00;,2;965,9;966;965,8;-9999;21,7;20,7;21,7;21,6;20,8;20,6;95;94;94;249;3;,9;
2007-12-12;07:00;0;966;966;965,9;-9999;21,5;20,7;21,7;21,5;20,8;20,7;95;94;95;269;2,5;1,6;
2007-12-12;08:00;0;965,9;966;965,8;-9999;21,4;20,6;21,6;21,4;20,8;20,6;95;95;95;281;2,4;,9;
2007-12-12;09:00;0;966,4;966,5;965,9;,2;21,6;20,5;21,6;21,3;20,7;20,4;95;94;94;246;3,9;2,2;
2007-12-12;10:00;0;967;967;966,4;90,6;21,9;20,5;21,9;21,4;20,6;20,3;94;92;92;241;3,8;1,5;
2007-12-12;11:00;0;967,6;967,6;967;659,4;23,4;20,9;23,5;21,9;21,1;20,4;92;85;86;268;3;1,7;
2007-12-12;12:00;0;968,1;968,1;967,6;1364,6;25;21,2;25,3;23,4;21,6;20,6;87;76;80;220;3;1,1;
2007-12-12;13:00;0;968,3;968,3;968,1;2395,8;26,6;21,1;27,1;24,9;21,9;20,3;80;68;72;188;3,9;2;
2007-12-12;14:00;0;968,2;968,4;968,1;2973,9;27,9;20,9;28;26,4;22,3;20,5;75;66;66;175;4,2;1,7;
2007-12-12;15:00;0;967,7;968,2;967,7;2274;28;21,5;28,2;27,4;21,9;20,2;71;63;68;156;4,5;1,6;
2007-12-12;16:00;0;966,9;967,7;966,9;3396,9;29,1;21,3;29,5;27,8;22,2;19,9;69;60;63;132;4,7;2,2;
2007-12-12;17:00;0;966,1;966,9;966,1;2814,2;29;21;30;28,5;22,2;20,2;67;56;62;118;5,9;2,7;
2007-12-12;18:00;0;965;966,1;965;2571,9;30,3;20,9;30,3;28,8;21,8;19,8;65;55;57;144;6,6;1,8;
2007-12-12;19:00;0;964,2;965;964,2;1938,7;29,3;20,7;30,3;29,2;21,8;20,5;63;57;60;111;6,2;2,6;
2007-12-12;20:00;0;963,8;964,2;963,8;1827;29,3;20,4;30,5;29,3;21,7;19,9;62;56;59;140;6,7;2,7;
2007-12-12;21:00;0;963,7;963,9;963,6;845,9;30,1;20,6;30,3;29,2;21,3;19,6;61;53;57;133;4,9;1,9;
2007-12-12;22:00;0;964,1;964,1;963,7;286,6;27,8;21,8;30,3;27,8;21,9;19,7;70;53;70;90;5,1;1,6;
2007-12-12;23:00;0;964,9;964,9;964,1;4,3;27,4;21,6;27,9;27,4;22,4;21,6;73;70;71;95;3,1;1,9;
2007-12-13;00:00;0;965,6;965,6;964,9;-9999;26,4;21,7;27,4;26,4;22,5;21,5;78;71;75;77;3;1,2;
2007-12-13;01:00;0;966,6;966,6;965,6;-9999;25,2;21,6;26,4;25,1;22;21,4;83;75;80;42;2,4;,3;
2007-12-13;02:00;0;966,6;966,6;966,4;-9999;24,4;22;25,3;24,4;22,1;21,6;87;80;86;310;2;0;
2007-12-13;03:00;0;966,5;966,8;966,5;-9999;23,5;21,7;24,5;23,4;22,2;21,7;91;86;90;319;2,6;1;
2007-12-13;04:00;0;965,9;966,5;965,9;-9999;23,5;21,8;23,5;23,2;21,9;21,6;92;90;91;233;2,6;,1;
2007-12-13;05:00;0;965,6;965,9;965,4;-9999;22,8;21,6;23,5;22,7;21,8;21,4;93;90;93;150;2;,2;
2007-12-13;06:00;0;965,5;965,6;965,4;-9999;23,3;21,7;23,3;22,7;21,8;21,5;93;91;91;110;4,2;1,7;
2007-12-13;07:00;0;965,5;965,5;965,4;-9999;23,4;22;23,5;23,3;22;21,7;92;90;92;114;5,3;2,7;
2007-12-13;08:00;0;965,7;965,7;965,5;-9999;23,3;21,9;23,4;23,2;22;21,8;92;92;92;87;5;2;
2007-12-13;09:00;0;966,1;966,1;965,7;-9999;22,6;21,2;23,3;22,6;21,9;21,2;92;90;92;100;4,9;2,4;
2007-12-13;10:00;0;966,8;966,8;966,1;62,1;22,2;21;22,6;22,2;21,2;20,9;93;92;93;88;6,9;3,1;
2007-12-13;11:00;0;967,2;967,2;966,8;218,2;22,8;21,4;22,8;22,2;21,4;21;93;91;92;102;5,4;2,7;
2007-12-13;12:00;0;967,6;967,6;967,2;336,3;23,5;21,9;23,5;22,8;21,9;21,3;92;91;91;102;4,6;2,4;
2007-12-13;13:00;0;967,8;967,8;967,6;1330,8;24,4;22,1;25,2;23,5;22,3;21,6;91;81;87;116;5,4;2,8;
2007-12-13;14:00;0;967,6;967,8;967,6;1701,6;25,6;22,6;25,7;24,2;22,7;21,7;88;81;84;124;5,7;2,8;
2007-12-13;15:00;0;967,6;967,6;967,6;2166,2;26,1;22,6;26,2;25,3;22,9;21,4;85;78;81;113;6,9;3,4;
2007-12-13;16:00;0;966,9;967,6;966,9;2514,1;26,8;21,9;27,3;26,1;23,8;21,6;85;73;75;115;6,7;3,4;
2007-12-13;17:00;0;966,4;966,9;966,4;2813,7;27,7;21,8;28;26,8;22,8;21,3;75;70;70;118;8,9;3,5;
2007-12-13;18:00;0;965,8;966,4;965,8;2216;27,5;22;28,6;27,5;22,7;21,3;72;66;72;115;6,6;3,9;
2007-12-13;19:00;0;964,8;965,8;964,8;2228;28,3;21,4;29,4;27,4;22,9;21,4;73;65;66;127;6,9;3,7;
2007-12-13;20:00;0;964,3;964,8;964,2;1940,3;27,7;21,9;29,5;27,5;22,6;21,4;72;65;71;111;7,2;3,8;
2007-12-13;21:00;0;964;964,3;964;1293,9;28,1;21,7;28,2;27,3;22,2;21,4;72;67;68;104;7,5;4;
2007-12-13;22:00;0;964;964;963,9;224,9;26,9;21,6;28,1;26,9;21,8;21,3;73;68;73;119;7,1;2,3;
2007-12-13;23:00;0;964,7;964,7;964;11,6;25,7;21,7;26,9;25,7;21,7;21,5;79;73;79;101;5,2;1,9;
2007-12-14;00:00;0;965,5;965,5;964,7;-9999;25,1;21,8;25,7;25,1;21,9;21,7;83;79;82;103;3,5;1,9;
2007-12-14;01:00;0;965,9;965,9;965,5;-9999;24,6;22;25,1;24,6;22;21,8;85;82;85;57;3,1;1,7;
2007-12-14;02:00;0;966,2;966,3;965,9;-9999;24,2;21,8;24,7;24,2;22;21,4;86;82;86;54;4,3;2,2;
2007-12-14;03:00;0;966,1;966,2;966;-9999;23,9;22;24,2;23,9;22,1;21,8;90;87;89;89;4,3;1,4;
2007-12-14;04:00;0;965,5;966,1;965,5;-9999;23,5;21,9;23,9;23,5;22,1;21,9;91;89;91;85;2,7;1,1;
2007-12-14;05:00;0;965,1;965,5;965,1;-9999;23,2;21,4;23,6;23,2;21,9;21,4;91;90;90;89;3,6;1,5;
2007-12-14;06:00;0;964,9;965,2;964,9;-9999;22,8;21,3;23,3;22,7;21,4;21,2;92;89;91;118;2,7;,6;
2007-12-14;07:00;0;964,9;964,9;964,8;-9999;22,6;20,8;23;22,6;21,3;20,8;91;88;90;113;1,9;1;
2007-12-14;08:00;0;965,3;965,3;964,8;-9999;22,5;20,8;22,6;22,2;20,9;20,7;91;90;90;110;2;,9;
2007-12-14;09:00;0;965,8;965,8;965,3;-9999;22,4;20,9;22,5;22,2;20,9;20,8;92;90;91;107;2,6;1,5;
2007-12-14;10:00;0;966,3;966,3;965,8;121,7;22,7;20,9;22,7;22,4;21,1;20,8;92;89;90;105;3,2;1,6;
2007-12-14;11:00;0;966,6;966,6;966,3;453,1;23,6;21,5;23,6;22,6;21,6;20,9;92;87;88;89;4,4;2,3;
2007-12-14;12:00;0;966,7;966,7;966,5;1715,4;25,9;21,2;26;23,7;22,3;21,2;88;75;75;81;6,4;3,6;
2007-12-14;13:00;0;966,7;966,9;966,7;1807,1;26,7;21;27,2;25,4;22,2;20,8;78;70;71;74;7,2;3,8;
2007-12-14;14:00;0;966,9;967;966,7;2103,6;27,2;21,8;27,6;26,5;22,2;20,8;74;69;72;65;7,4;3;
2007-12-14;15:00;0;966,4;966,9;966,4;2859,5;28,4;21,4;29,3;27,1;22,4;20,9;73;64;66;39;5,5;2,4;
2007-12-14;16:00;0;965,9;966,4;965,9;2826,9;28,8;21,4;29,9;28,4;22,5;21,1;68;61;64;89;5,5;2,2;
2007-12-14;17:00;0;964,8;965,9;964,8;3207,8;30,7;22,1;30,7;28,8;22,7;21,3;66;60;60;88;5,3;2,7;
2007-12-14;18:00;0;963,7;964,8;963,7;2643,1;31;22;31,4;30;22,3;20,7;62;55;59;61;5,3;1,3;
2007-12-14;19:00;0;962,7;963,7;962,7;2795,9;31,7;20,9;32,1;30,9;22,3;20,5;60;53;53;74;4,3;2,3;
2007-12-14;20:00;0;962,3;962,7;962,2;1806,1;31;22,4;31,7;30,2;22,7;20,4;62;52;61;93;5,7;3,5;
2007-12-14;21:00;0;962,1;962,3;962,1;1289,6;29,2;21,9;30,9;28,9;23;21,7;69;61;65;107;8;3,3;
2007-12-14;22:00;0;962,2;962,4;961,9;199,4;28,2;22,4;29,3;28,2;22,5;21,7;71;64;71;108;5,7;2,1;
2007-12-14;23:00;0;962,8;962,8;962,2;5,5;27,6;22,7;28,3;27,3;22,8;22,4;76;71;75;115;3,5;1,7;
2007-12-15;00:00;0;964;964;962,8;-9999;26,4;22,7;27,7;26,2;23;22,7;82;75;80;57;3,1;,8;
2007-12-15;01:00;0;964,5;964,5;963,9;-9999;26,8;22,6;26,8;26,4;22,9;22,5;81;77;78;147;2,3;,6;
2007-12-15;02:00;,2;965,6;965,6;964,5;-9999;26,1;22,3;27,7;26,1;22,7;20,9;80;67;80;102;6;2,4;
2007-12-15;03:00;1;965,6;965,9;965,4;-9999;24,1;21;26,4;23,9;22,4;20,9;86;73;83;62;8,4;5,1;
2007-12-15;04:00;,6;965,1;965,6;965,1;-9999;23,9;22,3;24,1;23,4;22,3;20,9;91;83;91;33;8,5;1,8;
2007-12-15;05:00;0;964,8;965,1;964,8;-9999;23,8;22,2;24;23,8;22,4;22,2;92;90;91;7;4,6;,8;
2007-12-15;06:00;0;964,6;964,8;964,4;-9999;23,7;22,4;23,8;23,7;22,5;22,2;93;91;92;333;3;,9;
2007-12-15;07:00;0;964,5;964,6;964,3;-9999;23,2;21,3;23,7;23,2;22,3;21,3;92;89;89;248;3,2;,7;
2007-12-15;08:00;0;964,1;964,6;964,1;-9999;23,3;21,7;23,4;23,2;21,8;21,3;91;88;91;242;2,8;,2;
2007-12-15;09:00;0;964,7;964,7;964;6,8;23,5;21,9;23,5;23;21,9;21,5;93;90;91;242;2;,7;
2007-12-15;10:00;0;965,5;965,5;964,7;67,1;23,4;21,6;23,5;23;21,9;21,5;93;89;89;262;2,5;1,1;
2007-12-15;11:00;0;965,9;965,9;965,5;188,2;23,7;21,7;23,8;23,4;21,8;21,4;90;87;88;146;2;,1;
2007-12-15;12:00;0;966,2;966,2;965,9;281,3;23,7;22;24,1;23,5;22;21,4;90;87;90;105;1,9;,5;
2007-12-15;13:00;0;966,4;966,5;966,2;328,8;24,3;21,9;24,3;23,7;22,3;21,8;91;86;87;44;2,2;,6;
2007-12-15;14:00;0;966,3;966,4;966,1;796,2;24,9;22,1;25;24,3;22,4;21,4;88;83;85;5;2,4;1;
2007-12-15;15:00;0;966;966,3;966;1137;25,6;22,4;25,6;24,8;22,4;21,5;85;80;82;307;4,1;1,3;
2007-12-15;16:00;0;964,7;966;964,7;1983,9;26,5;21,3;26,8;25,5;22,2;21;82;72;73;286;3,1;,8;
2007-12-15;17:00;0;964,3;964,7;964,3;1605,6;26,5;22,1;26,9;26,1;22,2;20,9;79;70;77;18;3,6;1,3;
2007-12-15;18:00;0;964,7;964,7;964,2;1448,1;26,7;21,1;26,9;25,9;22,5;20,9;78;71;72;358;3,7;,9;
2007-12-15;19:00;0;964;964,7;964;1657,7;26,9;22,2;27,2;26,5;22,2;20,9;76;70;76;299;4,8;3,1;
2007-12-15;20:00;0;963,3;964;963,3;1110,6;26;22,1;27,1;25,9;22,4;21,7;81;73;79;287;6;3,7;
2007-12-15;21:00;0;962,3;963,3;962,3;903,7;26,2;21,8;26,2;25,8;22,2;21,6;80;77;77;284;5,5;2,9;
2007-12-15;22:00;0;962,5;962,6;962,2;213;24,5;21,3;26,2;24,3;21,9;21,2;83;77;82;256;4,7;1,9;
2007-12-15;23:00;0;963,2;963,2;962,5;2;24;21,3;24,5;24;21,4;21,2;85;82;85;245;4,6;2,5;
2007-12-16;00:00;0;964,4;964,5;963,1;-9999;22,7;21;24;22,7;21,3;21;90;85;90;261;5,2;2,4;
2007-12-16;01:00;0;964,9;964,9;964,3;-9999;22,2;20,7;23,2;22,2;21,2;20,7;92;87;92;279;4,6;2,5;
2007-12-16;02:00;0;965,5;965,5;964,9;-9999;22,1;20,8;22,3;21,8;20,9;20,6;93;92;92;293;3,9;1,5;
2007-12-16;03:00;0;965,7;965,9;965,5;-9999;22,1;20,9;22,3;22;21,1;20,8;93;92;93;277;2,3;,7;
2007-12-16;04:00;0;965;965,7;965;-9999;21,3;20,4;22,1;21,3;20,9;20,3;94;93;94;294;2;,8;
2007-12-16;05:00;0;964,6;965;964,6;-9999;21,8;20,8;21,8;21,3;20,8;20,3;95;93;94;253;3,5;2,1;
2007-12-16;06:00;0;963,9;964,7;963,9;-9999;21,8;20,6;21,9;21,2;20,8;20,1;94;93;93;246;4,5;1,2;
2007-12-16;07:00;0;963,8;963,9;963,7;-9999;20,5;19,5;21,8;20,5;20,6;19,5;94;93;94;267;2,4;,9;
2007-12-16;08:00;0;964,3;964,3;963,8;-9999;20,6;19,8;20,9;20,2;20;19,3;95;94;95;260;2,7;1,4;
2007-12-16;09:00;0;964,7;964,7;964,3;-9999;20,3;19,5;20,6;20;19,8;19,2;95;95;95;264;2;1,6;
2007-12-16;10:00;0;965,1;965,2;964,6;257,8;22,1;20,6;22,1;20,2;20,7;19,4;95;91;91;271;2,1;,1;
2007-12-16;11:00;0;965,8;965,8;965,1;1088,5;25,8;21,8;25,8;22,1;22,1;20,6;91;77;79;162;1,8;,5;
2007-12-16;12:00;0;966,4;966,4;965,7;1969,4;27,7;21;27,9;25,7;22;19,8;78;63;67;269;2,3;,2;
2007-12-16;13:00;0;966,7;966,7;966,4;2722,5;28,4;18,1;28,5;27,4;21,4;18;69;53;54;85;3,1;1,4;
2007-12-16;14:00;0;966,3;966,7;966,3;3345,3;30;17,6;30,1;28,2;19,4;17,2;58;48;48;84;4,2;1,5;
2007-12-16;15:00;0;966,1;966,3;966,1;3788,5;30;16,6;30,4;28,9;18,5;15,6;54;43;44;110;5,1;2,1;
2007-12-16;16:00;0;965,7;966,1;965,7;3942,8;31;15,9;31,4;29,8;18,1;15,8;48;40;40;112;4,7;1,3;
2007-12-16;17:00;0;965,2;965,7;965,2;3892,3;31,2;13,6;32;30,8;17,4;13,1;43;33;34;45;4,6;1,4;
2007-12-16;18:00;0;964,3;965,2;964,3;2944,5;32,1;13,4;32,4;30,9;15,5;12,2;38;31;32;80;4,5;2;
2007-12-16;19:00;0;963,5;964,3;963,5;2908,8;31,9;16;32,7;31,6;16;12,5;39;30;39;97;5;2,8;
2007-12-16;20:00;0;962,9;963,5;962,9;1985,7;31,1;16,9;32,2;31,1;17,4;14,6;43;35;43;85;4,8;1,9;
2007-12-16;21:00;0;963;963;962,8;613,2;30;17,1;31,1;30;17,9;16,3;47;42;46;70;3,7;,6;
2007-12-16;22:00;0;963,7;963,7;963;109,9;27,9;21,2;30;27,8;21,4;17;68;46;67;260;4,9;3,1;
2007-12-16;23:00;0;964,1;964,1;963,7;7,8;26,9;20,3;27,9;26,4;21,3;20,3;72;67;68;250;5,5;2,4;
2007-12-17;00:00;0;964,6;964,6;964,1;-9999;25,5;20,7;26,9;25,2;20,9;20,3;77;68;75;256;4,9;2,6;
2007-12-17;01:00;0;965,4;965,4;964,6;-9999;25,3;19,6;25,9;25,3;20,7;19,5;75;69;71;242;5,6;2,2;
2007-12-17;02:00;0;965,9;966;965,4;-9999;24,6;19,6;25,3;24,6;19,9;19,4;75;71;74;263;4,5;2,1;
2007-12-17;03:00;0;965,8;965,9;965,7;-9999;24,2;19,4;25;24,2;19,8;19,3;76;71;75;248;4,1;2,2;
2007-12-17;04:00;0;965,2;965,8;965,2;-9999;21,7;19,6;24,2;21,7;19,6;19,3;88;75;88;276;3,9;1,3;
2007-12-17;05:00;0;964,8;965,2;964,8;-9999;21,8;19,8;22,1;21,7;19,8;19,6;88;86;88;320;2,6;,2;
2007-12-17;06:00;0;964,4;964,8;964,4;-9999;22;20;22,1;21,8;20,1;19,7;89;87;88;284;1,7;,3;
2007-12-17;07:00;0;964,5;964,5;964,3;-9999;22,5;20,2;22,6;22;20,3;19,9;89;86;87;281;1,4;0;
2007-12-17;08:00;0;964,7;964,7;964,4;-9999;21,9;20,4;22,5;21,9;20,4;20,2;91;87;91;316;,9;0;
2007-12-17;09:00;0;965,1;965,2;964,7;-9999;21,6;20,1;21,9;21,6;20,4;20,1;92;91;91;284;1,5;0;
2007-12-17;10:00;0;965,7;965,7;965,1;182,6;22,8;21;22,8;21,5;21;20,1;93;90;90;331;,5;0;
2007-12-17;11:00;0;966;966,1;965,7;1086;26,5;21,1;26,5;22,7;21,3;20,5;90;72;72;175;2,9;,7;
2007-12-17;12:00;0;966,2;966,2;966;1958,3;27,9;20,2;28,2;26,5;21,2;19,8;73;61;63;148;3,5;1,4;
2007-12-17;13:00;0;966,4;966,4;966,2;2624,5;29,5;19,5;29,6;27,6;21,2;19,3;65;55;55;197;4;1,1;
2007-12-17;14:00;0;966,3;966,5;966,3;3272;29,3;20;30,5;29;21,4;19,5;61;55;57;105;5,4;3;
2007-12-17;15:00;0;965,9;966,3;965,9;3704,3;30,3;20,6;30,8;29,3;21,5;19,9;60;54;56;112;5;2,8;
2007-12-17;16:00;0;965,1;965,9;965,1;3730,7;31,4;19;32,2;30,3;21,7;18,4;58;45;48;94;5,5;2,6;
2007-12-17;17:00;0;964,6;965,1;964,5;3459,6;31,4;19,6;32,8;31,2;20,2;18,5;51;43;49;67;7,3;3;
2007-12-17;18:00;0;964,2;964,6;964,2;781,9;28,3;20,4;31,4;28;20,8;19;64;49;62;336;7,3;1,1;
2007-12-17;19:00;0;963,7;964,2;963,5;640,5;28,6;19,5;28,7;27,8;21,2;19,2;67;57;58;234;3,6;,9;
2007-12-17;20:00;0;963,4;963,7;963,4;599,9;28,7;20,6;29,4;28,4;21,7;19;66;54;62;263;3;2,3;
2007-12-17;21:00;0;963,5;963,8;963,4;325,2;25,1;21,2;28,9;24,9;22,1;20,2;80;60;79;263;8,7;4,1;
2007-12-17;22:00;0;963,8;963,8;963,5;88,2;24,8;20,7;25,1;24,5;21,4;20,6;81;77;78;259;7,2;3;
2007-12-17;23:00;0;964,3;964,3;963,8;2,4;24,2;20,6;25,1;24,2;20,7;20,1;80;74;80;263;4,6;3;
2007-12-18;00:00;0;964,7;964,7;964,3;-9999;24,2;20,7;24,6;24,1;20,7;20,6;81;78;81;256;4,5;2,3;
2007-12-18;01:00;0;965,6;965,6;964,7;-9999;24,1;20,7;24,2;23,3;20,8;20,6;86;80;81;222;4,1;,4;
2007-12-18;02:00;0;966;966;965,6;-9999;22,6;20,8;24,1;22,6;21;20,6;89;81;89;330;2,1;,2;
2007-12-18;03:00;0;965,9;966,1;965,9;-9999;21,9;20,3;22,8;21,8;20,9;20,1;91;89;91;252;1,6;,1;
2007-12-18;04:00;0;965,3;965,9;965,3;-9999;22,4;20,5;22,5;21,3;20,7;19,9;93;89;89;236;2;0;
2007-12-18;05:00;0;964,7;965,3;964,7;-9999;21,9;20,5;22,4;21,7;20,5;20,1;92;89;92;276;2,3;1,6;
2007-12-18;06:00;0;964,5;964,7;964,4;-9999;22;20,6;22,1;21,9;20,6;20,4;92;91;92;284;2,4;1,5;
2007-12-18;07:00;0;964,8;964,9;964,5;-9999;22,1;20,7;22,9;22;20,8;20,5;92;87;92;61;2,8;0;
2007-12-18;08:00;0;965,4;965,4;964,8;-9999;22,1;20,9;22,2;22;20,9;20,6;93;92;93;318;,4;0;
2007-12-18;09:00;0;965,8;965,9;965,4;-9999;23,2;20,5;23,2;22;21,1;20,5;93;85;85;149;2,6;,3;
2007-12-18;10:00;0;966,5;966,5;965,8;118,7;23,6;19,6;23,6;23,1;20,5;19,6;85;79;79;113;3,5;1,7;
2007-12-18;11:00;0;967,4;967,4;966,5;385,2;23,8;19,5;24,1;23,6;19,8;19,2;79;74;77;112;4,2;2;
2007-12-18;12:00;0;967,8;967,8;967,4;789,4;24,6;18,4;24,7;23,8;19,7;18,3;78;68;68;117;5,3;3,2;
2007-12-18;13:00;0;967,7;967,8;967,6;1225,8;24,8;19,3;25;24,4;19,3;18,3;71;67;71;114;6;3,3;
2007-12-18;14:00;0;967,3;967,8;967,3;1204,5;25,2;19;25,3;24,6;19,2;18,3;71;67;69;96;5,7;3,1;
2007-12-18;15:00;0;966,8;967,3;966,8;2131,2;27;20,1;27;25,2;20,3;18,8;69;65;66;92;5,6;3,1;
2007-12-18;16:00;0;966,6;966,9;966,6;2198,8;26,8;20,3;27,3;26,4;20,5;19,4;69;63;68;127;5,6;1,4;
2007-12-18;17:00;0;965,7;966,6;965,7;2549,9;27,8;20,6;28,4;26,6;21,1;19,7;69;62;65;75;4,9;1,4;
2007-12-18;18:00;0;964,7;965,7;964,7;2508,7;30;21,1;30;27,4;21,4;19,8;66;58;59;117;3,7;1,5;
2007-12-18;19:00;0;963,7;964,7;963,7;2735,5;29,3;20,7;30,4;28,8;21,2;19,8;61;54;60;132;4,3;2,5;
2007-12-18;20:00;0;963,2;963,7;963,2;1716;30;19,5;30,6;29,3;21,1;19,3;61;52;54;187;4,8;1,9;
2007-12-18;21:00;0;963,3;963,4;963,2;841;28,9;19,6;30,6;28,9;20,4;19,4;59;52;57;209;4,5;,9;
2007-12-18;22:00;0;964;964;963,3;254,7;28,4;20,4;28,9;28,3;20,5;19,1;63;56;62;184;2,1;,6;
2007-12-18;23:00;0;964,4;964,4;964;14,2;27,3;21,3;28,4;27,2;21,4;20,4;70;62;70;213;1,9;0;
2007-12-19;00:00;0;964,8;964,8;964,3;-9999;26;21,5;27,4;25,9;21,9;21;77;69;76;228;1,1;0;
2007-12-19;01:00;0;965,7;965,7;964,8;-9999;24,4;19,5;26,4;24,4;21,4;19,5;76;73;74;179;6,4;2,6;
2007-12-19;02:00;0;966,6;966,6;965,7;-9999;23;19,6;24,4;22,9;19,6;19,5;81;74;81;157;8,1;1,4;
2007-12-19;03:00;0;966,5;966,8;966,5;-9999;22,2;19,2;23;22,2;19,6;19,2;83;81;83;156;6;2,1;
2007-12-19;04:00;0;966,2;966,5;966,1;-9999;21,6;19,1;22,2;21,6;19,3;19,1;86;83;86;183;6;2,2;
2007-12-19;05:00;0;965,4;966,1;965,4;-9999;21,1;18,9;21,6;21;19,2;18,9;88;86;87;188;4,1;,5;
2007-12-19;06:00;0;964,5;965,4;964,4;-9999;21,1;18,6;21,3;20,9;18,8;18,5;88;85;86;193;3,3;1,3;
2007-12-19;07:00;0;964,6;964,7;964,4;-9999;20,5;18;21;20,5;18,5;18;86;85;86;219;3;,5;
2007-12-19;08:00;0;964,4;964,6;964,3;-9999;20;18;20,6;20;18,1;17,9;88;85;88;243;2,8;1;
2007-12-19;09:00;0;964,8;964,8;964,3;-9999;20,1;17,9;20,1;19,9;18,1;17,9;89;87;87;246;3,2;1,1;
2007-12-19;10:00;0;965,2;965,2;964,7;262,4;21,6;18,7;21,6;20,1;18,7;17,9;88;83;84;200;3,1;,9;
2007-12-19;11:00;0;965,5;965,5;965,2;1060,2;23,3;18,3;23,3;21,5;18,8;17,9;84;73;74;182;4,7;2,2;
2007-12-19;12:00;0;965,7;965,7;965,5;1911,1;25,7;17,6;26,2;23,3;18,6;17,6;74;61;61;140;6,3;2,5;
2007-12-19;13:00;0;965,7;965,8;965,7;2717,7;27;17,4;27,5;25,4;18,6;17,4;64;56;56;145;8,5;3,6;
2007-12-19;14:00;0;965,4;965,7;965,4;3313,2;27,8;17,8;28,6;27;18,7;17,1;58;52;54;109;8,5;4,4;
2007-12-19;15:00;0;965;965,5;965;3381,8;28,6;17,9;29,9;27,9;18,7;17,2;55;48;53;102;7,5;3,3;
2007-12-19;16:00;0;964,3;965;964,3;2389,3;29,9;18,6;30;28,2;19,8;17,8;57;51;51;140;6;2,4;
2007-12-19;17:00;0;963,6;964,4;963,6;2979,2;30,2;18,3;30,6;29,2;19,4;17,7;54;47;49;189;6,5;2,2;
2007-12-19;18:00;0;962,5;963,6;962,5;3550,9;31,2;17,8;31,2;30,1;19;17,1;50;43;45;192;7,4;2,4;
2007-12-19;19:00;0;961,9;962,5;961,9;2613,5;31;16,9;31,9;30,5;18,5;16,7;47;41;43;184;7;1,9;
2007-12-19;20:00;,2;961,9;962;961,9;272,9;27,1;21,7;30,9;27,1;21,7;16,7;73;43;72;261;5,8;,7;
2007-12-19;21:00;0;961,9;962;961,8;516,2;28,5;18,7;28,6;27,1;22,5;18,6;76;55;55;187;4,6;1,7;
2007-12-19;22:00;0;962,4;962,4;961,9;219,9;28,2;17,9;29,1;28,2;19;17,8;57;51;54;178;5,3;2,6;
2007-12-19;23:00;0;963;963;962,4;15,5;25,6;17,9;28,2;25,6;18,4;17,9;63;54;62;134;5;,3;
2007-12-20;00:00;0;963,6;963,6;963;-9999;24,3;17,2;25,6;24,1;18,2;17,1;68;62;65;176;2,8;1;
2007-12-20;01:00;0;964,3;964,3;963,5;-9999;23,2;15,6;24,4;23,2;17,1;15,6;65;61;62;193;3,6;1;
2007-12-20;02:00;0;964,9;964,9;964,3;-9999;22,4;14,9;23,4;22,4;15,6;14,7;63;59;63;203;3,8;,7;
2007-12-20;03:00;0;964,9;964,9;964,7;-9999;20,8;15;22,4;20,8;15,1;14,7;69;62;69;277;2,4;,8;
2007-12-20;04:00;0;964,4;964,9;964,4;-9999;21,2;14,5;21,3;19,7;15,5;14,5;76;65;66;221;2,6;1,2;
2007-12-20;05:00;0;963,8;964,4;963,8;-9999;20,3;14,4;21,2;19;14,7;14,4;76;66;69;224;2,9;,9;
2007-12-20;06:00;0;963,8;963,8;963,7;-9999;19,1;14;20,8;19,1;14,4;13,8;72;65;72;230;3,3;,4;
2007-12-20;07:00;0;963,7;963,8;963,7;-9999;16,8;14;19,1;16,5;14,4;13,8;86;72;84;262;3,2;2,2;
2007-12-20;08:00;0;963,6;963,7;963,5;-9999;15,9;13,7;16,8;15,7;14;13,6;88;84;87;263;2,8;2;
2007-12-20;09:00;0;964,1;964,1;963,6;-9999;16,3;13,5;16,7;15,9;13,9;13,5;87;82;83;258;3;1,8;
2007-12-20;10:00;0;964,8;964,8;964,1;300;18,2;14,4;18,2;15,7;14,5;13,4;87;79;79;263;2,5;1,7;
2007-12-20;11:00;0;965,1;965,1;964,8;1129;22,8;15,6;22,8;18,2;16,2;14,6;81;64;64;192;2,5;,3;
2007-12-20;12:00;0;965,6;965,6;965,1;2015,5;25,7;16,9;25,7;22,8;17,1;15,5;66;57;58;166;3,7;1,9;
2007-12-20;13:00;0;965,9;965,9;965,6;2808,9;26,9;15,7;27,4;25,3;17,2;15,5;60;50;50;99;4,3;2,2;
2007-12-20;14:00;0;965,5;965,9;965,5;3442,2;27,6;15,5;28,7;26,3;17,1;12,5;55;37;48;110;5;1,9;
2007-12-20;15:00;0;965,3;965,6;965,3;3770,9;29,1;15,8;29,7;27,4;16,8;14,5;49;40;45;268;4;1,3;
2007-12-20;16:00;0;964,8;965,3;964,8;3846,7;29,8;14,7;30,5;28,9;16,7;13,9;46;38;40;232;5,6;2,3;
2007-12-20;17:00;0;963,8;964,8;963,8;3918,4;31;14,1;31,7;29,8;15,8;12,4;42;33;36;263;6,3;2,8;
2007-12-20;18:00;0;962,9;963,8;962,9;3526,3;31,9;12,3;32;30,5;14,2;11,6;36;30;30;268;6;3,2;
2007-12-20;19:00;0;962;962,9;962;3021,9;32;8,8;32,7;31,2;13,2;8,5;33;23;24;273;5,4;2,8;
2007-12-20;20:00;0;961,3;962;961,3;2302,5;32;7,5;32,8;31,7;10,5;6,6;27;20;22;291;5,5;2,4;
2007-12-20;21:00;0;961,3;961,3;961,2;1404,5;31,8;10,5;32,3;31,6;11,8;7,9;29;22;27;195;3,9;1,7;
2007-12-20;22:00;0;961,7;961,7;961,2;243,9;28,5;13,3;31,8;28,5;13,3;10;39;26;39;252;4,3;,1;
2007-12-20;23:00;0;962,5;962,5;961,7;6,6;25,3;14,7;28,5;25,3;14,7;13,4;52;39;52;212;2,4;0;
2007-12-21;00:00;0;963;963;962,5;-9999;21,9;15,3;25,5;21,8;15,4;13,5;67;49;66;290;1,6;,9;
2007-12-21;01:00;0;963,3;963,3;963;-9999;20,5;15,2;21,9;20,1;15,9;15;74;66;72;274;1,8;1,2;
2007-12-21;02:00;0;963,9;963,9;963,3;-9999;19,9;15,4;20,5;19,7;15,7;15,1;77;72;75;292;1,8;,7;
2007-12-21;03:00;0;964,4;964,5;963,8;-9999;22,5;15,5;22,5;19,2;15,7;14,9;78;64;64;135;4,8;1,7;
2007-12-21;04:00;0;964,5;964,6;964,4;-9999;21;16,2;22,5;21;16,3;15,5;74;64;74;124;6,2;1,9;
2007-12-21;05:00;0;963,9;964,5;963,9;-9999;21;15,8;21,1;20,9;16,2;15,8;74;72;73;118;4,8;2,8;
2007-12-21;06:00;0;963,7;963,9;963,6;-9999;19,7;15,9;21;19,6;15,9;15,8;79;73;79;113;5;1,5;
2007-12-21;07:00;0;963,7;963,7;963,6;-9999;17,8;15,5;19,7;17,5;15,9;15;87;78;87;230;2,4;0;
2007-12-21;08:00;0;964,4;964,4;963,7;-9999;16,1;14,6;17,9;16,1;15,6;14,4;91;86;91;259;1,5;,6;
2007-12-21;09:00;0;964,7;964,7;964,4;-9999;15,7;14,4;16,2;15,6;14,9;14,3;92;91;92;264;2,5;,9;
2007-12-21;10:00;0;965,5;965,5;964,6;289,9;20;15,9;20,1;15,7;16,2;14,4;92;77;77;174;2,1;1;
2007-12-21;11:00;0;966,2;966,2;965,5;1109,7;22,2;16,4;22,2;19,8;16,7;15,7;78;68;70;163;3,3;1,3;
2007-12-21;12:00;0;966,8;966,8;966,2;1989,8;23,9;17;24,4;22,2;17,6;15,6;71;63;65;177;2,9;,9;
2007-12-21;13:00;0;966,9;967;966,8;2763;25,4;17,9;26,4;23,7;18,6;16,5;67;60;63;90;3,6;1,9;
2007-12-21;14:00;0;966,8;967;966,8;3405,8;27,4;18,4;28;25,5;19,3;17,7;63;57;58;136;3,5;1,2;
2007-12-21;15:00;0;966,5;966,8;966,5;3803,6;28,9;17,5;29,4;27,4;19,1;15,9;58;46;50;358;3,7;1,5;
2007-12-21;16:00;0;966,1;966,5;966,1;4005,6;31,8;10,6;32;28,9;17,9;10,1;51;27;27;276;4,2;1,9;
2007-12-21;17:00;0;965,5;966,1;965,5;3928;32,1;9;32,6;30,9;12,7;8,5;31;23;24;277;5,1;2,1;
2007-12-21;18:00;0;964,8;965,5;964,8;3621,5;32,7;10,7;33,1;32;11,1;7,4;27;21;26;290;4,6;2;
2007-12-21;19:00;0;964,1;964,8;964,1;2994;33,2;11,6;33,2;31,4;12,3;9,2;29;24;27;259;5,3;1,8;
2007-12-21;20:00;0;963,6;964,2;963,6;2259,4;32,9;9,1;33,3;32,1;11,9;9,1;29;23;23;122;3,6;,6;
2007-12-21;21:00;0;963,4;963,6;963,4;1392,6;32,4;9,7;33,3;32,3;10,4;8,4;26;22;25;192;4,3;1,2;
2007-12-21;22:00;0;963,6;963,6;963,4;242,4;30,4;12,2;32,7;30,4;12,3;9,2;33;24;33;197;2,6;,8;
2007-12-21;23:00;0;964,1;964,1;963,5;7,5;26,7;15,3;30,3;26,7;15,3;12,1;50;33;50;199;1,9;0;
2007-12-22;00:00;0;964,8;964,8;964,1;-9999;23,2;16,1;26,7;23,2;16,3;14,7;64;48;64;239;1,4;0;
2007-12-22;01:00;0;965,7;965,7;964,8;-9999;20,7;16,3;23,2;20,4;16,4;15,9;77;64;76;5;1,1;,1;
2007-12-22;02:00;0;966,3;966,4;965,7;-9999;20,5;15;21,7;20,5;16,3;14,9;76;66;71;168;1,4;0;
2007-12-22;03:00;0;966,4;966,5;966,3;-9999;18,3;14,8;20,5;18,3;15;14,6;80;71;80;270;,9;0;
2007-12-22;04:00;0;966,3;966,6;966,3;-9999;17,8;14,3;19,2;17,8;15,2;14,2;82;76;80;170;2,4;0;
2007-12-22;05:00;0;966,1;966,4;966,1;-9999;17,4;14,5;17,8;16,9;14,8;14,3;86;80;83;259;2,3;1,2;
2007-12-22;06:00;0;965,9;966,1;965,8;-9999;16,7;14,2;17,6;16,7;14,6;14,1;85;82;85;269;2,6;2;
2007-12-22;07:00;0;966,1;966,1;965,9;-9999;16,1;14;17;16,1;14,2;14;88;83;88;269;4;1,4;
2007-12-22;08:00;0;966,4;966,4;966,1;-9999;16;13,8;16,6;15,9;14,3;13,8;88;84;87;271;3,6;2,2;
2007-12-22;09:00;0;966,9;966,9;966,4;-9999;15,7;13,8;16,1;15,7;13,9;13,8;89;87;89;273;3;2;
2007-12-22;10:00;0;967,3;967,3;966,9;285,3;19,1;15,9;19,1;15,6;15,9;13,8;89;82;82;270;2,4;,6;
2007-12-22;11:00;0;967,8;967,8;967,3;1095,4;23,7;16;23,7;19,1;16,7;15,6;82;62;62;224;1,6;,4;
2007-12-22;12:00;0;968,4;968,4;967,8;1965;26,7;15,2;27,2;23,7;16,7;15,1;62;48;49;91;2,9;1,3;
2007-12-22;13:00;0;968,5;968,6;968,4;2772,7;27,8;16,2;28,1;26,4;16,9;14,6;52;47;49;79;4,6;2,5;
2007-12-22;14:00;0;968,4;968,5;968,4;3407,1;29,9;16,9;30,1;27,8;17,9;15,9;51;45;46;117;4,8;2;
2007-12-22;15:00;0;968;968,4;968;3811,1;31,4;14,5;31,8;29,3;17,5;13,3;47;34;36;99;5,5;2,7;
2007-12-22;16:00;0;967,5;968;967,4;3958,8;32,5;12,4;32,5;30,7;15,3;12,4;38;29;29;91;5,5;2,6;
2007-12-22;17:00;0;966,9;967,5;966,9;3864,6;33,9;13,3;33,9;32;13,9;11,6;32;28;29;316;4,6;1,6;
2007-12-22;18:00;0;966,1;966,9;966,1;3193,7;33,3;11,7;34,1;31,7;13,4;11;31;26;27;35;4,2;1;
2007-12-22;19:00;0;965,2;966,1;965,2;2936,5;33,8;11;34,3;32,8;13,3;10,8;30;25;25;288;3,6;1,2;
2007-12-22;20:00;0;964,5;965,2;964,5;1686,1;33;11,3;33,8;32,2;13,3;10,5;31;24;27;53;4,2;1;
2007-12-22;21:00;0;964,2;964,5;964,2;1377,5;33,2;11,9;33,8;32,8;12,8;10,9;28;25;27;206;3,9;1,4;
2007-12-22;22:00;0;964,3;964,3;964,2;241,9;31,2;12,7;33,2;31,2;13;11,5;32;27;32;123;5,7;1,5;
2007-12-22;23:00;0;965;965,1;964,3;9,7;27,7;15,3;31,2;27,7;15,3;12,5;47;32;47;100;3,7;1,1;
2007-12-23;00:00;0;965,5;965,5;965;-9999;23,9;15,5;27,7;23,9;15,8;14,3;60;44;59;293;2,2;,7;
2007-12-23;01:00;0;966;966;965,5;-9999;21;16,1;24;20,9;16,1;15,2;74;58;74;254;1,3;,1;
2007-12-23;02:00;0;966,3;966,3;966;-9999;20,8;15,7;21,2;20;16,1;15,5;77;70;73;272;2,8;2;
2007-12-23;03:00;0;966,1;966,4;966,1;-9999;19,7;15,4;21,4;19,7;15,8;15,4;77;69;76;273;3;2;
2007-12-23;04:00;0;965,8;966,1;965,8;-9999;18,9;15,5;20,5;18,9;15,7;15,3;80;73;80;284;2,9;1,8;
2007-12-23;05:00;0;965,3;965,9;965,3;-9999;18,3;15,3;19,4;18,3;15,5;15,2;83;78;83;271;3;2;
2007-12-23;06:00;0;965,1;965,3;965,1;-9999;18,2;15,1;18,5;17,9;15,4;15,1;85;81;82;272;3;1,7;
2007-12-23;07:00;0;965,2;965,5;965,1;-9999;17,8;15,1;18,4;17,4;15,5;14,9;86;81;84;189;2,4;,7;
2007-12-23;08:00;0;965,3;965,3;965,1;-9999;16,6;14,8;17,8;16,4;15,1;14,5;89;84;89;274;2,7;1,6;
2007-12-23;09:00;0;965,7;965,7;965,2;-9999;16,5;14,5;17,1;16,4;14,9;14,4;89;85;88;271;3,1;1,5;
2007-12-23;10:00;0;966,3;966,3;965,7;277,4;19,4;16,4;19,4;16,5;16,4;14,5;88;82;83;288;2,7;1,4;
2007-12-23;11:00;0;966,7;966,7;966,2;1073,7;24,1;16,8;24,5;19,4;17,8;16;83;62;64;186;2,1;,3;
2007-12-23;12:00;0;967;967;966,7;1958;27,2;16,3;27,2;24,1;17,4;15,4;64;50;51;107;3,1;1,7;
2007-12-23;13:00;0;967,1;967,2;967;2753,3;30;16,3;30;27,2;17,4;14,9;54;42;44;55;4;2;
2007-12-23;14:00;0;966,7;967,1;966,7;3400,5;31,7;16,6;32,1;29,1;17,1;15;45;38;40;56;5,1;2,8;
2007-12-23;15:00;0;966,2;966,7;966,2;3761,6;33,7;12,3;33,9;31,6;17,1;12,1;41;27;27;62;7,2;3,8;
2007-12-23;16:00;0;965,8;966,2;965,8;3364,5;33,6;12,8;34,8;32,8;13,7;11,9;30;27;28;61;7,8;2,9;
2007-12-23;17:00;0;965,3;965,8;965,3;2392,4;33,5;14,8;34,9;32,7;15,1;12,1;35;26;33;7;6;2;
2007-12-23;18:00;0;964,5;965,3;964,5;3708,9;34,5;14,1;35,6;33,5;15,7;13,2;32;28;29;69;6,2;2,9;
2007-12-23;19:00;0;963,5;964,5;963,5;3225,5;35;14,4;36,4;34,5;15,9;13,7;32;28;29;307;6,3;3,1;
2007-12-23;20:00;0;963,2;963,5;963,1;2267,8;31,6;15,1;35,3;31,6;15,3;12,8;37;28;37;53;10,8;4,3;
2007-12-23;21:00;0;963,1;963,2;963;1008,5;29,9;15,9;31,9;29,9;16,5;14,8;44;36;43;46;7;1,8;
2007-12-23;22:00;0;963,7;963,7;963;171,4;28,3;17,5;30,1;28,2;17,5;15,3;52;41;52;339;6,3;1,5;
2007-12-23;23:00;0;964;964,2;963,7;59,9;26,5;18,6;28,6;26,5;18,6;17;62;50;62;327;5,4;1,1;
2007-12-24;00:00;0;964,5;964,5;963,9;-9999;25,5;19;26,5;25,5;19;18,6;67;62;67;284;3,2;,1;
2007-12-24;01:00;0;965,1;965,1;964,5;-9999;23,5;19,4;25,5;23,4;19,6;19;78;67;78;273;2,1;1,1;
2007-12-24;02:00;0;965,5;965,5;965,1;-9999;22,5;19,6;23,5;22,4;19,7;19,3;84;78;83;267;2,1;1,3;
2007-12-24;03:00;0;965,9;965,9;965,5;-9999;22,3;19,4;22,6;22,2;19,6;19,3;84;83;84;271;1,9;1;
2007-12-24;04:00;0;965,6;965,9;965,6;-9999;22,5;19,4;22,5;21,5;19,4;19;86;82;82;267;1,9;1,3;
2007-12-24;05:00;0;965,4;965,6;965,4;-9999;20,8;18,7;22,5;20,8;19,3;18,7;88;82;88;264;1,9;1,3;
2007-12-24;06:00;0;965,3;965,5;965,3;-9999;22;19,6;22;20,7;19,6;18,7;90;86;86;76;1,6;,2;
2007-12-24;07:00;0;965;965,3;964,9;-9999;21,3;19,3;22;21,1;19,6;19,1;89;86;88;110;5,5;1,1;
2007-12-24;08:00;0;966,4;966,4;965;-9999;22;19,3;22,1;20,8;19,3;18,9;90;84;85;79;5;2,2;
2007-12-24;09:00;1,2;967;967,2;966,3;-9999;21;18,8;22,9;21;19,4;18,6;87;77;87;56;9;1,1;
2007-12-24;10:00;0;967;967,1;966,9;102,2;21;19,6;21,2;20,6;19,6;18,7;93;86;92;263;3,4;1,9;
2007-12-24;11:00;0;967,9;968;967;1060,4;24,1;19,5;24,1;21;20,2;19,4;92;75;75;306;4,5;2;
2007-12-24;12:00;0;969,3;969,4;967,9;1718,3;25,6;18,9;25,6;24,1;20,2;18,4;76;67;67;54;4,1;2,4;
2007-12-24;13:00;0;969,2;969,3;969,1;2803,7;28,4;19,3;28,4;25,5;20,1;17,9;69;58;58;52;7,2;3,5;
2007-12-24;14:00;0;969,3;969,5;969,1;3376;30,2;20;30,5;27,6;20,4;18,6;60;53;54;15;6;2;
2007-12-24;15:00;0;968,6;969,3;968,6;3784,7;31,3;20,8;31,7;30;21;19;55;51;54;8;5,4;2,1;
2007-12-24;16:00;0;967,2;968,6;967,2;3667,7;32,2;19,1;32,9;30,8;21,1;18,7;54;44;46;331;6,3;2,7;
2007-12-24;17:00;0;966,6;967,3;966,6;3586,9;33,2;17,6;33,8;31,8;20,8;17,6;49;40;40;20;6,3;1,9;
2007-12-24;18:00;0;965,7;966,6;965,7;1441,1;30,8;19,5;33,2;30,6;20,2;17,1;53;39;51;75;6,7;1,3;
2007-12-24;19:00;0;966;966,6;965,5;774,6;24,9;17,9;31,2;24,6;20,7;17;66;49;65;34;13,2;6,7;
2007-12-24;20:00;14,2;964,6;967,7;964,5;175,4;21,7;20,3;25,3;18,3;20,5;15,6;94;63;92;207;22,1;1,4;
2007-12-24;21:00;0;964,9;965;964,6;606,4;23,9;20,4;23,9;21,7;21;19,6;93;80;81;312;5,3;,3;
2007-12-24;22:00;0;965,2;965,3;964,7;270,6;23,6;19,4;23,9;23,1;21,1;19;86;75;77;230;4,5;1,6;
2007-12-24;23:00;0;966,2;966,4;965,2;15,1;22,2;20;23,7;22,2;20;19,2;88;76;88;91;4,5;1;
2007-12-25;00:00;0;966,2;966,4;966,1;-9999;22,5;20,1;22,6;21,6;20,5;19,9;91;86;86;95;2,4;,7;
2007-12-25;01:00;0;966,8;966,8;965,9;-9999;21,1;19,2;22,5;21,1;20,3;19,2;90;85;89;270;4,9;2,6;
2007-12-25;02:00;0;967;967;966,7;-9999;20,3;18,7;21,6;20,3;19,6;18,7;92;88;91;293;3,7;1,1;
2007-12-25;03:00;0;966,9;967;966,7;-9999;19,7;18,4;20,7;19,7;19,1;18,4;93;90;92;292;2,9;1;
2007-12-25;04:00;0;966,7;967;966,7;-9999;20,2;19,1;20,2;19,5;19,3;18,3;95;92;94;260;2,4;0;
2007-12-25;05:00;0;966;966,9;966;-9999;19,4;18,5;20,2;19,4;19,3;18,3;95;93;94;14;2;,3;
2007-12-25;06:00;0;965,6;966,1;965,6;-9999;19,2;18,5;19,4;18,6;18,6;17,7;96;94;96;238;2,2;,8;
2007-12-25;07:00;0;966,1;966,3;965,4;-9999;19,2;18,5;19,5;18,6;18,7;17,8;96;94;95;186;2,4;,6;
2007-12-25;08:00;0;966,5;966,5;966;-9999;19,8;18,7;19,9;19,2;18,8;18,4;96;93;93;210;3;1,2;
2007-12-25;09:00;0;967,3;967,4;966;-9999;19,4;18,4;19,9;19,2;18,8;18,1;94;91;94;318;3,5;1;
2007-12-25;10:00;0;967,6;967,7;967,2;106,8;20,2;18,8;20,2;19,4;18,8;18,3;94;92;92;102;3,5;,5;
2007-12-25;11:00;0;968,2;968,2;967,4;743,6;22,1;19,3;22,1;20,1;19,6;18,7;92;84;84;71;2,4;,9;
2007-12-25;12:00;0;968,4;968,4;968;1968,6;25,6;19,5;25,7;22,1;20,7;18,9;86;69;69;356;6,3;1,7;
2007-12-25;13:00;0;968;968,5;967,9;1760,4;24,8;20,1;25,6;24,2;20,3;19,1;79;68;75;313;6,3;1,9;
2007-12-25;14:00;0;967,7;968;967,7;3096,3;26,8;20,3;26,8;24,4;20,8;19,3;78;66;68;296;4,1;1,7;
2007-12-25;15:00;0;967;967,7;967;3848,3;28,4;19,3;28,7;26,7;20,9;19;68;57;58;293;4,8;2,2;
2007-12-25;16:00;0;966,2;967;966,2;3903,9;29,8;17,9;30,1;28,4;20,5;17,7;60;48;49;330;5;1,3;
2007-12-25;17:00;0;965,5;966,2;965,5;3816,9;30,4;19,6;31;29,6;20,3;17,6;55;47;53;30;7,1;2,7;
2007-12-25;18:00;0;964,5;965,5;964,5;3299,1;31,6;18,8;31,7;30,5;20,4;18,2;54;46;47;4;7,1;2,1;
2007-12-25;19:00;0;963,2;964,5;963,2;2988,2;32,1;18,6;32,5;31,1;20,3;17,8;51;43;45;318;6,1;2,4;
2007-12-25;20:00;0;962,2;963,2;962,2;2256,8;32,8;18,4;32,8;31,6;19,7;17,5;47;41;42;307;6,2;1,8;
2007-12-25;21:00;0;962,2;962,3;962,1;1340;30,9;18,5;32,8;30,9;19,7;17,5;49;41;48;6;5,9;1,2;
2007-12-25;22:00;0;962,5;962,6;962,2;264,2;27,6;19,4;31,2;27,6;19,5;17,9;61;47;61;124;7,8;,3;
2007-12-25;23:00;0;963,6;963,6;962,5;10,5;26,2;19,1;27,6;26;20,6;19;71;61;65;112;3,1;,7;
2007-12-26;00:00;0;964,5;964,5;963,6;-9999;24,1;20,1;26,2;24,1;20,2;18,5;78;64;78;320;2,2;,1;
2007-12-26;01:00;0;965;965;964,5;-9999;22,7;20,2;24,1;22,6;20,4;19,9;86;78;86;271;2,9;1,2;
2007-12-26;02:00;0;965,8;965,9;965;-9999;24,4;19,3;24,4;22,3;20,3;19,2;87;73;73;115;6;1,7;
2007-12-26;03:00;0;966,1;966,1;965,6;-9999;22,9;19,2;24,5;22,8;19,5;18,9;81;72;80;62;3,9;1,3;
2007-12-26;04:00;0;965,4;966,1;965,4;-9999;22;19,2;23,1;22;19,4;19;85;79;84;345;2;0;
2007-12-26;05:00;0;965,1;965,4;965;-9999;20,8;19,1;22;20,8;19,4;19;90;84;90;136;1,2;0;
2007-12-26;06:00;0;964,7;965,1;964,7;-9999;20,5;18,8;21,5;20,4;19,8;18,8;92;89;90;68;1,5;0;
2007-12-26;07:00;0;964,9;964,9;964,6;-9999;21;19,5;21;20,5;19,7;18,8;93;90;91;180;1,4;,2;
2007-12-26;08:00;0;965,1;965,1;964,8;-9999;20,2;18,9;20,9;20;19,3;18,8;94;90;92;199;1,2;0;
2007-12-26;09:00;0;965,5;965,6;965,1;-9999;19,4;18,3;20,2;19,4;19;18,3;94;92;93;287;1,9;,6;
2007-12-26;10:00;0;966,4;966,4;965,5;241,8;22,3;19,9;22,3;19,3;20,2;18,2;94;86;86;74;1,4;0;
2007-12-26;11:00;0;967;967;966,3;1036,5;23,8;20;24;22,3;20,5;19,5;86;79;80;76;3;1,2;
2007-12-26;12:00;0;967,4;967,4;967;1900;26,2;20,8;26,3;23,8;21,2;19,8;80;71;72;357;3,3;1;
2007-12-26;13:00;0;967,5;967,6;967,4;2673,3;28,8;21,7;28,8;25,8;21,9;20,3;74;61;66;9;3,4;1,2;
2007-12-26;14:00;0;967,4;967,5;967,3;3232,8;30,1;21,5;30,5;28,8;21,9;19,9;66;55;60;356;5,3;1,6;
2007-12-26;15:00;0;966,5;967,4;966,5;2811,4;30,3;19,2;31,6;29,3;22;19,2;63;51;51;336;6,6;2,3;
2007-12-26;16:00;0;965,4;966,5;965,3;3461;31,7;19,8;32;29,9;21,4;18,8;56;47;49;312;7,3;2,8;
2007-12-26;17:00;0;964,4;965,4;964,4;3898,4;33,3;19;33,3;31,3;21,8;18,9;55;43;43;286;5,7;1,7;
2007-12-26;18:00;0;962,8;964,4;962,8;2806,2;33,2;19,6;33,3;31,4;21,4;18;53;42;45;309;6,8;2,8;
2007-12-26;19:00;0;962,6;962,9;962,6;2576,9;26,9;20,4;33,7;26,9;20,6;17,7;68;41;68;343;12,3;4,8;
2007-12-26;20:00;1,4;963,3;963,3;962,4;333,2;25,3;22;26,8;24,7;22,4;20,1;86;68;82;296;10,6;,7;
2007-12-26;21:00;0;963,8;963,9;963,2;280;23,5;19,8;25,6;23,3;21,9;19,8;83;74;80;106;9,5;4,6;
2007-12-26;22:00;,4;963;963,9;963;236,3;22,2;20,2;23,5;22,2;20,4;19,8;89;80;88;80;8,8;2,4;
2007-12-26;23:00;0;964,6;964,6;963;11,7;22,3;20,6;22,4;22;20,7;20,1;90;87;90;100;4;1,4;
2007-12-27;00:00;0;966,1;966,1;964,6;-9999;22;20,4;22,3;22;20,6;20,3;91;89;90;116;4,9;2,6;
2007-12-27;01:00;0;967;967;966,1;-9999;21,9;20,5;22;21,8;20,5;20,3;92;90;92;109;6,3;2,8;
2007-12-27;02:00;0;967,4;967,4;967;-9999;21,6;20,4;21,9;21,6;20,5;20,4;93;92;93;61;5,2;1,1;
2007-12-27;03:00;0;967,3;967,6;967,2;-9999;21,6;20,4;21,7;21,5;20,5;20,4;93;93;93;111;3,2;1,8;
2007-12-27;04:00;0;966,5;967,3;966,5;-9999;21,3;20,3;21,7;21,2;20,5;20,3;95;93;95;100;4,1;1,9;
2007-12-27;05:00;0;965,7;966,6;965,6;-9999;20,9;20,1;21,3;20,9;20,4;20,1;95;95;95;109;3;1,4;
2007-12-27;06:00;0;965,5;965,8;965,5;-9999;20,7;20;20,9;20,6;20,1;19,9;96;95;96;49;2,5;1,2;
2007-12-27;07:00;0;965,4;965,5;965,2;-9999;20,6;20;20,7;20,5;20,1;19,9;96;96;96;350;2,8;,2;
2007-12-27;08:00;0;965,6;965,6;965,4;-9999;19,8;19,2;20,6;19,8;19,9;19,2;97;96;96;283;2,1;,6;
2007-12-27;09:00;0;965,5;965,7;965,3;-9999;20,1;19,6;20,2;19,7;19,6;19,2;97;96;97;127;1,4;0;
2007-12-27;10:00;0;966,3;966,3;965,5;201,3;21,3;20,6;21,3;19,8;20,6;19,2;97;96;96;315;1,8;,6;
2007-12-27;11:00;0;966,5;966,6;966,3;1035,2;23,8;20,3;23,8;21,3;21;19,9;96;81;81;344;6,6;2,6;
2007-12-27;12:00;0;966,8;966,8;966,5;1907,8;25,9;20,4;25,9;23,8;21;19,9;81;71;72;338;10,6;3,6;
2007-12-27;13:00;0;967,2;967,2;966,8;2713,2;27,5;20,1;27,8;25,5;21,4;19,9;73;64;64;323;10,5;3,7;
2007-12-27;14:00;0;967,3;967,4;967,1;3350,8;29,1;20,3;29,6;27,3;21,9;20;67;58;59;324;10,8;4,4;
2007-12-27;15:00;0;967,1;967,4;967,1;2352,1;29,5;20,1;29,6;28,7;21,1;19,5;62;55;57;314;10,8;4;
2007-12-27;16:00;0;966,4;967,1;966,4;3101,6;30,8;19,9;31,5;29,5;21,1;18,8;59;50;52;319;10,1;3,4;
2007-12-27;17:00;0;965,2;966,4;965,2;4016,2;31,7;19,4;32,2;30,8;21;18,7;54;46;48;315;10,2;4,3;
2007-12-27;18:00;0;964,1;965,2;964,1;3685,8;32,3;18,6;32,8;31,2;20,2;18,5;50;43;44;315;9,7;4,3;
2007-12-27;19:00;0;963,3;964,2;963,3;2874,9;32,6;19,4;33,2;31;19,7;17,6;48;41;46;307;9;3,9;
2007-12-27;20:00;0;962,7;963,3;962,7;2063,4;32,3;18,9;32,6;31,5;19,9;18,2;48;43;45;314;8,8;3,2;
2007-12-27;21:00;0;962,9;963;962,5;1401,2;31,5;19,4;32,6;30,9;19,8;18;51;43;49;318;5,6;2,2;
2007-12-27;22:00;1;964,4;964,4;962,9;296,6;23,9;20,8;31,5;23,8;20,9;19,1;84;48;83;330;10,7;3,4;
2007-12-27;23:00;0;964,7;964,9;964,3;7,4;23,4;20,6;24,2;23,4;21,5;20,5;87;82;85;350;10,1;1,9;
2007-12-28;00:00;0;965,3;965,3;964,7;-9999;23;20,8;23,5;23;21,1;20,6;87;85;87;329;4,3;,5;
2007-12-28;01:00;0;966,1;966,1;965,3;-9999;23,1;20,8;23,3;22,4;21,1;20,7;90;85;86;223;2,6;1,3;
2007-12-28;02:00;0;967,2;967,2;966,1;-9999;23,4;20,9;23,4;23;20,9;20,4;88;84;86;69;4,3;,5;
2007-12-28;03:00;0;967,6;967,6;967,2;-9999;22,9;21,2;23,4;22,8;21,2;20,8;90;86;90;92;4,6;2,4;
2007-12-28;04:00;,2;967;967,6;966,9;-9999;22,4;21,2;22,9;22,4;21,3;21,1;93;90;93;101;5,2;2,1;
2007-12-28;05:00;0;966,1;967;966,1;-9999;22,3;21,2;22,4;22,2;21,3;21,1;94;93;93;129;4,2;,6;
2007-12-28;06:00;0;965,9;966,1;965,8;-9999;22;21,1;22,3;22;21,3;21;95;93;95;122;2,7;1,2;
2007-12-28;07:00;0;966,2;966,3;965,8;-9999;21,7;20,7;22,1;21,7;21,2;20,7;95;94;94;211;2,6;1;
2007-12-28;08:00;0;966,4;966,5;966,1;-9999;21,5;20,6;21,7;21,5;20,8;20,6;95;94;95;226;2,3;,8;
2007-12-28;09:00;0;966,8;966,8;966,4;-9999;20,9;19,9;21,6;20,9;20,6;19,9;95;94;94;133;1,4;,1;
2007-12-28;10:00;0;967,4;967,4;966,8;234,2;22,2;20,7;22,5;20,8;21,2;19,8;95;90;91;116;2,8;1,6;
2007-12-28;11:00;0;968;968;967,3;1030,6;23,4;21,5;23,4;22,2;21,5;20,5;91;87;90;98;4,7;2;
2007-12-28;12:00;0;968,1;968,1;967,9;1697,5;25,3;21,9;25,4;23,3;22,5;21,1;90;82;82;61;4;2,4;
2007-12-28;13:00;0;968,7;968,7;968,1;1740,1;26,3;21,8;26,7;25,2;22,6;21,4;82;75;76;2;4,1;1,3;
2007-12-28;14:00;0;969;969;968,7;1151,7;26,9;22;27,2;26,1;22,4;21,4;79;73;75;319;3,8;1,5;
2007-12-28;15:00;0;968,4;969;968,4;1626,8;28,6;22,7;28,6;26,7;22,9;21,9;76;68;70;326;4,1;1,8;
2007-12-28;16:00;0;967,7;968,4;967,7;2050;30;21,9;30;27,7;22,4;20;70;61;62;287;4,7;1,7;
2007-12-28;17:00;0;966,4;967,7;966,4;3808,8;31,2;20,7;31,8;30;22,1;19,7;62;50;54;320;7,9;3,1;
2007-12-28;18:00;0;965,8;966,4;965,8;2213,5;30,2;21,2;31,3;30,2;22,1;20,2;61;52;59;297;7,7;4,3;
2007-12-28;19:00;0;965,2;965,8;965,1;1358,7;28,6;20,4;30,2;28,2;22;20,4;68;58;61;310;7,8;3,1;
2007-12-28;20:00;0;964,8;965,3;964,8;1010,2;28,8;20,1;28,9;27,9;20,6;19,2;61;58;59;334;7,8;1,4;
2007-12-28;21:00;0;964,6;964,8;964,6;1466,2;29,5;19,6;30,3;28,7;21,2;19,4;61;53;55;25;3,6;1,8;
2007-12-28;22:00;0;965,7;965,7;964,6;281,8;27,8;21,7;29,7;27,8;21,7;19,6;70;55;70;98;3,3;1,8;
2007-12-28;23:00;0;965,6;965,8;965,4;14,6;26;21,3;27,8;26;22;21,2;76;69;76;90;4;2,4;
2007-12-29;00:00;0;965,9;965,9;965,5;-9999;24,9;21,2;26;24,7;21,5;21,1;82;76;80;27;4,1;1,5;
2007-12-29;01:00;0;966,2;966,2;965,9;-9999;23,8;21,2;25;23,8;21,2;20,9;86;78;86;321;4,5;,2;
2007-12-29;02:00;0;966,6;966,7;966,2;-9999;23,1;21,1;23,9;23,1;21,4;21;88;85;88;263;2,8;,1;
2007-12-29;03:00;0;966,6;966,7;966,5;-9999;22,3;20,9;23,1;22,2;21,2;20,7;92;88;92;330;2;,3;
2007-12-29;04:00;0;966,4;966,7;966,3;-9999;22,2;20,8;22,4;21,9;21;20,5;93;91;92;210;1,6;0;
2007-12-29;05:00;0;966,2;966,4;966,2;-9999;21,3;20,1;22,2;21,3;20,7;20,1;93;92;93;272;1,1;,6;
2007-12-29;06:00;0;965,8;966,2;965,8;-9999;21,3;20,1;21,6;21,2;20,4;20,1;94;92;93;283;2;,7;
2007-12-29;07:00;0;965,5;965,8;965,4;-9999;21;20;21,5;21;20,4;19,9;94;93;94;327;1,2;,2;
2007-12-29;08:00;0;965,8;965,9;965,5;-9999;20,7;19,7;21,3;20,6;20,3;19,6;94;93;94;229;1,5;0;
2007-12-29;09:00;0;966,4;966,4;965,8;-9999;21;20;21,3;20,5;20,3;19,6;95;94;94;295;1,8;0;
2007-12-29;10:00;0;967,1;967,3;966,4;140,6;22,2;20,7;22,2;21;20,7;20;94;91;91;177;1,4;,1;
2007-12-29;11:00;0;967,6;967,6;967,1;698,2;24,1;21,3;24,1;22,2;21,4;20,6;91;84;84;33;1,6;,5;
2007-12-29;12:00;0;968,4;968,4;967,6;1152,2;25,5;20,9;25,7;24;21,9;20,7;84;75;76;343;3,4;1,1;
2007-12-29;13:00;0;968,8;968,9;968,4;1544,2;27,1;21,6;27,1;25,5;21,8;20,9;78;70;72;305;3,9;1,8;
2007-12-29;14:00;0;968,5;968,8;968,5;2914,3;29,3;21,9;29,5;27,1;22,4;21,1;72;64;65;293;6;3,1;
2007-12-29;15:00;0;968,3;968,5;968,3;2543,7;29,5;22,4;30,6;29,1;22,8;21,4;66;60;66;330;6,1;2,5;
2007-12-29;16:00;0;967,5;968,3;967,5;2968,5;31;20,8;31,4;29,6;23,1;20,8;66;54;55;337;5,7;1,9;
2007-12-29;17:00;0;966,2;967,5;966,2;3084,5;31,7;20,7;32,3;30,2;22,2;20,3;59;52;52;347;6,9;2,4;
2007-12-29;18:00;0;965,1;966,2;965,1;3547,3;32,6;21,2;32,6;31,2;21,4;18,5;55;44;51;309;8,5;3,7;
2007-12-29;19:00;0;964,9;965,4;964,8;2407,1;32;20,5;32,7;31,5;21,5;19,2;54;47;51;315;8,5;2,5;
2007-12-29;20:00;,2;965;965,1;964,6;1700,9;26;21,2;32;26;22,5;19,4;75;49;75;91;10,1;5,7;
2007-12-29;21:00;0;964,6;965,1;964,6;554,2;25,1;21;25,9;24,4;21,6;20,7;82;75;78;90;10,2;2,6;
2007-12-29;22:00;0;964,2;964,6;964,1;235,5;24,8;21,1;25,2;24,7;21,1;20,6;80;76;80;5;5,1;,2;
2007-12-29;23:00;0;964,8;964,8;964,2;16,5;24,6;20,9;24,9;24,5;21,3;20,6;82;78;80;119;1,9;,1;
2007-12-30;00:00;0;965,7;965,8;964,8;-9999;23,7;21,2;24,8;23,7;21,2;20,7;86;79;86;31;2,7;0;
2007-12-30;01:00;0;965,9;966;965,6;-9999;23;21,4;23,7;22,5;21,4;20,8;91;86;90;42;1,2;0;
2007-12-30;02:00;0;966;966,3;965,9;-9999;22;20,7;23,2;21,9;21,4;20,5;92;89;92;276;2,2;1,3;
2007-12-30;03:00;0;966,2;966,4;966;-9999;22,4;20,5;23,1;22;21;20,5;92;87;89;261;3,3;2,2;
2007-12-30;04:00;0;965,4;966,2;965,4;-9999;21,6;20,3;22,4;21,6;20,6;20,3;92;89;92;321;2,9;0;
2007-12-30;05:00;0;965;965,3;964,8;-9999;21,3;20,1;21,9;21,1;20,5;19,7;93;91;93;253;1,3;,4;
2007-12-30;06:00;0;964,5;965,1;964,5;-9999;21,2;20;22;21,1;20,7;19,9;93;91;93;303;1,3;,2;
2007-12-30;07:00;0;964,6;964,6;964,4;-9999;21,2;20,1;21,5;21;20,5;19,9;94;93;93;34;1;0;
2007-12-30;08:00;0;965;965;964,4;-9999;20,9;19,7;21,6;20,7;20,4;19,5;94;91;93;264;2,1;1;
2007-12-30;09:00;0;965,7;965,7;965;-9999;20,7;19,5;21,6;20,7;19,9;19,3;93;89;93;88;4;,8;
2007-12-30;10:00;0;966;966,1;965,7;140,5;21,8;20,3;21,9;20,5;20,6;19,5;94;91;91;321;3,3;0;
2007-12-30;11:00;0;966,5;966,5;966;790,7;24,6;20,7;24,7;21,8;21,1;20,1;91;79;79;18;1,6;,3;
2007-12-30;12:00;0;966,7;966,7;966,2;1730,6;26,8;21,9;27,1;24,4;22,3;20,6;80;73;74;37;3;1,4;
2007-12-30;13:00;0;966,7;966,8;966,6;2456,5;29,4;22,6;29,8;26,3;23,2;21,7;78;64;67;349;4,9;1,6;
2007-12-30;14:00;0;966,8;966,9;966,6;2583,6;30;21,1;31,1;29,3;22,5;20,6;67;56;59;322;7,5;2,9;
2007-12-30;15:00;0;966,1;966,8;966;3584,1;31,7;19,8;32,4;30;22,5;19,8;59;49;49;330;6,8;3;
2007-12-30;16:00;0;965,6;966,1;965,6;3502,5;32,9;19,9;33,5;31,6;21,3;19,1;52;44;46;321;8,2;3;
2007-12-30;17:00;0;964,8;965,6;964,8;2210,2;31,8;20,3;33,2;31,7;21,2;19,7;53;46;51;306;8,1;3,3;
2007-12-30;18:00;0;964,2;964,8;964,2;2117,1;32,3;20;32,5;31,7;21,1;19,8;53;48;48;322;7,2;2,5;
2007-12-30;19:00;0;963,2;964,2;963,2;1861,6;32,3;19,6;32,5;31,8;20,9;19,2;51;46;47;319;6,9;2,4;
2007-12-30;20:00;0;962,7;963,2;962,5;2234,2;32,7;19;33,7;31,8;20,3;18,1;50;41;44;350;6,2;2,1;
2007-12-30;21:00;0;963,3;963,3;962,7;786,5;29,6;22;33,3;29,5;22,2;17,1;65;41;64;286;6;1;
2007-12-30;22:00;0;964;964;963,3;104,7;29,5;19,4;29,6;28;23,4;19,4;75;55;55;253;3;1,7;
2007-12-30;23:00;0;964,3;964,5;964;-9999;27,7;21,7;29,8;26,7;22,1;19,3;75;53;70;243;3,3;1,3;
2007-12-31;00:00;0;964,8;964,8;964,2;-9999;27;21,9;27,9;26,3;22,6;21,6;79;68;74;259;2,4;1,4;
2007-12-31;01:00;0;965,2;965,2;964,7;-9999;25,9;22,3;27,6;25,8;22,3;21,3;81;69;81;160;6;1,8;
2007-12-31;02:00;0;966,1;966,3;965,2;-9999;24,9;22,1;25,8;24,9;22,2;22;84;80;84;128;6;1,9;
2007-12-31;03:00;0;966,5;966,5;965,9;-9999;24,2;22,1;24,9;24,2;22,2;22,1;88;84;88;118;4,9;2,8;
2007-12-31;04:00;0;966,2;966,8;966,1;-9999;24,5;21,5;24,6;24,2;22,1;21,4;88;83;83;190;4,6;,6;
2007-12-31;05:00;0;965,1;966,2;965,1;-9999;23,7;21,5;24,5;23,7;21,6;21,2;87;83;87;104;2,1;1,3;
2007-12-31;06:00;,2;964,9;965,3;964,9;-9999;23,3;22,1;23,8;22,8;22,1;21,2;93;85;93;169;2,9;,1;
2007-12-31;07:00;0;964,5;964,9;964,4;-9999;22,6;21,4;23,3;22,6;22;21,3;94;92;93;24;2,2;,1;
2007-12-31;08:00;0;964,9;965;964,5;-9999;22,6;21,3;22,7;22,4;21,6;21,1;94;91;92;340;2,5;0;
2007-12-31;09:00;0;965,3;965,3;964,9;-9999;22,4;21,2;22,7;22,3;21,4;21,1;94;92;93;35;1,3;0;
2007-12-31;10:00;0;965,9;965,9;965,3;79;23,1;21,7;23,1;22,3;21,8;21,1;94;91;92;112;1,6;0;
2007-12-31;11:00;0;966,2;966,3;965,9;765,5;25,7;21,7;26,1;23,1;22,3;21,5;92;77;78;138;1,9;,4;
2007-12-31;12:00;0;967;967;966,2;1130,2;27,8;22,5;27,8;25,7;22,7;21,7;81;73;73;57;2,8;,2;
2007-12-31;13:00;0;967,1;967,2;967;2212,3;29,6;23,3;29,6;27,5;23,3;21,7;73;66;69;43;3,9;1,9;
2007-12-31;14:00;0;967,4;967,4;967,1;2462,6;30,6;22,9;30,6;29,1;23,3;21,6;69;60;63;329;6,7;2,3;
2007-12-31;15:00;0;966,8;967,4;966,6;1671,9;29,4;21;30,7;29,4;22,6;21;64;58;61;339;7,3;2,5;
2007-12-31;16:00;0;965,7;966,9;965,7;1696,4;31,8;22,3;31,9;29,4;22,7;20,9;64;57;57;311;5,5;2,6;
2007-12-31;17:00;0;964,7;965,7;964,7;1480,4;31,4;21,5;31,9;30,5;22,5;21,4;63;55;56;332;5,3;1,9;
2007-12-31;18:00;36,4;966,6;966,6;964,3;759,6;21,8;21,1;32,6;21,8;22,3;19,5;96;49;96;118;11,7;2,7;
2007-12-31;19:00;27,2;965,9;966,7;965,7;37,7;21;20,2;22,3;20,8;21,6;20,1;96;95;96;282;7,8;2,7;
2007-12-31;20:00;2;965,5;966;965;38,4;21;20;21,2;20,6;20,4;19,5;96;92;94;306;6;1,9;
2007-12-31;21:00;1,2;965,3;965,6;965,2;70,3;21;20,1;21,2;20,9;20,4;19,9;95;94;94;263;6,4;2,4;
2007-12-31;22:00;0;965,8;965,8;965,1;47,9;21,3;20,2;21,4;21;20,5;20;95;93;94;255;5,4;3,5;
2007-12-31;23:00;0;965,9;966;965,8;6,7;21,4;20,1;21,5;21,3;20,3;20;94;92;92;245;5,2;2,2;
