REGIAO:;NE
UF:;PB
ESTACAO:;SAO GONCALO
CODIGO (WMO):;A333
LATITUDE:;-6,835777
LONGITUDE:;-38,311583
ALTITUDE:;237,04
DATA DE FUNDACAO:;06/11/07
Data;Hora UTC;PRECIPITAÇÃO TOTAL, HORÁRIO (mm);PRESSAO ATMOSFERICA AO NIVEL DA ESTACAO, HORARIA (mB);PRESSÃO ATMOSFERICA MAX.NA HORA ANT. (AUT) (mB);PRESSÃO ATMOSFERICA MIN. NA HORA ANT. (AUT) (mB);RADIACAO GLOBAL (Kj/m²);TEMPERATURA DO AR - BULBO SECO, HORARIA (°C);TEMPERATURA DO PONTO DE ORVALHO (°C);TEMPERATURA MÁXIMA NA HORA ANT. (AUT) (°C);TEMPERATURA MÍNIMA NA HORA ANT. (AUT) (°C);TEMPERATURA ORVALHO MAX. NA HORA ANT. (AUT) (°C);TEMPERATURA ORVALHO MIN. NA HORA ANT. (AUT) (°C);UMIDADE REL. MAX. NA HORA ANT. (AUT) (%);UMIDADE REL. MIN. NA HORA ANT. (AUT) (%);UMIDADE RELATIVA DO AR, HORARIA (%);VENTO, DIREÇÃO HORARIA (gr) (° (gr));VENTO, RAJADA MAXIMA (m/s);VENTO, VELOCIDADE HORARIA (m/s);
2021/01/01;0000 UTC;0;983,7;983,7;982,9;;31,3;15,4;32,4;31,2;15,4;13,9;39;33;38;162;6,5;2,1;
2021/01/01;0100 UTC;0;984,5;984,6;983,7;;29,8;17,2;31,8;29,3;17,4;14,9;48;36;47;75;11,1;2;
2021/01/01;0200 UTC;0;985,2;985,2;984,5;;28,8;18,4;29,9;28,8;18,4;17;53;46;53;80;8;2,6;
2021/01/01;0300 UTC;,6;985,4;985,7;985,2;;24,9;21;28,8;24,6;21,1;18,5;80;54;79;160;8,6;3,7;
2021/01/01;0400 UTC;,2;985;985,5;985;;24,4;21,5;25,1;24,4;21,7;21;84;79;84;82;5,9;,7;
2021/01/01;0500 UTC;0;985;985,1;984,8;;24,8;22,1;24,9;24,5;22,3;21,5;86;83;85;105;3,6;0;
2021/01/01;0600 UTC;0;985;985,1;985;;25,3;19,9;25,3;24,8;22,3;19,9;85;72;72;130;4,5;3,1;
2021/01/01;0700 UTC;0;985,2;985,3;985;;24,6;19,9;25,4;24,6;19,9;19,7;75;71;75;118;5,2;1,9;
2021/01/01;0800 UTC;0;985,9;985,9;985,2;;23,9;20,4;24,7;23,8;20,4;19,8;81;75;81;105;3,9;0;
2021/01/01;0900 UTC;0;986,6;986,6;985,9;28,3;24,7;20;24,8;23,9;20,4;19,9;81;74;75;106;3;0;
2021/01/01;1000 UTC;0;987,2;987,2;986,6;705,5;26,8;20,4;26,8;24,7;20,7;19,9;76;67;68;91;5,2;3,3;
2021/01/01;1100 UTC;0;987,5;987,5;987,2;1785,7;27,7;19;28;26,7;20,4;18,8;68;58;59;115;6,5;2,9;
2021/01/01;1200 UTC;0;987,4;987,5;987,3;2036,4;28,6;18,4;29,2;27,4;19,6;18,3;60;53;54;97;5,6;2,7;
2021/01/01;1300 UTC;0;986,6;987,4;986,6;2647,3;30,7;18,4;30,7;28,5;19;17,7;55;48;48;97;6,9;3,8;
2021/01/01;1400 UTC;0;986,2;986,6;986,2;3093,9;31,5;17,4;31,7;30,1;19;17,2;49;43;43;119;7,1;2,8;
2021/01/01;1500 UTC;0;985,3;986,2;985,3;3431;33;17,4;33,5;31,1;18,1;16,2;45;37;39;73;6,3;3;
2021/01/01;1600 UTC;0;984,3;985,3;984,3;3952;34,5;15,6;35,2;32,7;17,5;15,5;40;32;32;130;6,4;2,2;
2021/01/01;1700 UTC;0;983,2;984,3;983,2;3443,4;35,6;15,3;36,1;33,6;16,8;15;35;29;30;110;6;2,6;
2021/01/01;1800 UTC;0;982,5;983,2;982,5;2375,4;35,3;15;36,2;34,5;16,1;14,3;32;29;30;48;5,1;2,2;
2021/01/01;1900 UTC;0;981,8;982,5;981,8;2105,4;35,8;14,9;36,8;35,3;15,6;14,3;30;27;29;85;4,5;1,6;
2021/01/01;2000 UTC;0;981,6;981,8;981,5;1075,3;34,7;14,7;36;34,7;15,4;14,1;31;28;30;43;5,9;1,9;
2021/01/01;2100 UTC;0;982,2;982,2;981,6;240,8;33;15,6;35;33;15,6;14,2;35;29;35;110;3,9;0;
2021/01/01;2200 UTC;0;982,3;982,3;982,1;;30;19;33;30;19;15,5;52;35;52;155;,7;0;
2021/01/01;2300 UTC;0;983,7;983,7;982,3;;31,4;15,5;32,1;29,9;19;15,3;52;37;38;198;6,5;2,9;
2021/01/02;0000 UTC;0;983,9;984;983,6;;30,2;15,7;31,4;30,2;15,8;15,4;41;38;41;207;8,7;3,4;
2021/01/02;0100 UTC;0;983,9;984;983,9;;29,4;16,2;30,2;29,4;16,3;15,7;45;41;45;167;6,3;,1;
2021/01/02;0200 UTC;0;984,6;984,9;983,9;;28;17,4;29,9;28;17,4;16;53;43;53;114;7,1;1,8;
2021/01/02;0300 UTC;0;984,8;984,8;984,5;;27,4;18,1;28,1;27,4;18,1;17,4;57;52;57;73;5,7;,9;
2021/01/02;0400 UTC;0;984,6;984,8;984,5;;26,9;18,5;27,4;26,8;18,6;18;60;57;60;97;2,4;,1;
2021/01/02;0500 UTC;0;984,5;984,6;984,4;;27,5;18,1;27,7;26,8;18,5;17,9;60;55;56;67;3,8;1;
2021/01/02;0600 UTC;0;984,3;984,5;984,2;;25,9;19,7;27,5;25,9;19,8;18,1;69;56;69;118;4;,2;
2021/01/02;0700 UTC;0;984,7;984,7;984,3;;25,9;19,2;26;25,8;19,9;19,2;70;66;67;115;4,7;2,3;
2021/01/02;0800 UTC;0;985,4;985,4;984,7;;24,7;18,8;25,9;24,7;19,2;18,7;69;65;69;113;5;1,7;
2021/01/02;0900 UTC;0;985,9;985,9;985,4;19,5;24,9;19,2;24,9;24,3;19,2;18,7;73;69;71;106;3,2;1,1;
2021/01/02;1000 UTC;0;985,9;986,2;985,9;491,9;26,7;18,8;26,7;24,9;19,4;18,4;71;61;62;101;4,9;3,2;
2021/01/02;1100 UTC;0;986,2;986,2;985,9;1481,2;27,3;18,2;27,8;26,5;18,7;17,9;62;56;57;99;5,8;2,9;
2021/01/02;1200 UTC;0;985,9;986,2;985,9;2350,6;28,9;18,2;29;27;18,6;17,7;58;51;52;67;5,5;1,6;
2021/01/02;1300 UTC;0;985,2;985,9;985,2;2938,2;29,9;17,4;30,7;28,6;18,3;17,2;53;45;47;52;5,5;1,5;
2021/01/02;1400 UTC;0;984,8;985,2;984,8;3350,2;32,6;17,1;32,6;29,9;18,1;16,5;48;39;40;259;5,7;0;
2021/01/02;1500 UTC;0;983,9;984,8;983,9;2799,7;32,9;15,5;33,5;31;17,3;15,4;44;35;35;201;6,2;1,2;
2021/01/02;1600 UTC;0;982,6;983,9;982,6;3332,2;35,1;15,6;35,4;32,9;16,4;15;37;31;31;49;4,9;1;
2021/01/02;1700 UTC;0;981,5;982,6;981,5;3337,6;35,7;14,5;35,7;34,2;16,1;14,5;33;28;28;89;6,6;1,4;
2021/01/02;1800 UTC;0;980,6;981,5;980,6;2757,8;36,7;11,8;36,8;35,2;15,1;11,8;29;23;23;114;6,2;3;
2021/01/02;1900 UTC;0;980,3;980,6;980,3;1865,5;35,8;12,4;38,4;35,4;13,8;10,7;26;21;25;40;6;2,7;
2021/01/02;2000 UTC;0;980,3;980,3;980,3;983,4;35,8;12,4;36,4;35,4;13,3;12,3;26;24;25;80;5,8;,6;
2021/01/02;2100 UTC;0;980,5;980,5;980,3;252,6;33,8;12,3;36;33,8;12,7;11,8;27;24;27;56;4,2;0;
2021/01/02;2200 UTC;0;980,5;980,5;980,4;;29,7;16,2;33,8;29,7;16,6;12;45;27;44;113;1,7;0;
2021/01/02;2300 UTC;0;980,7;980,7;980,4;;28,3;16,7;29,7;28,3;17,7;15,5;51;42;49;134;0;0;
2021/01/03;0000 UTC;0;981,7;981,7;980,7;;30,5;15,8;30,5;27,4;17,3;15,3;54;40;41;45;8,9;3;
2021/01/03;0100 UTC;0;982,7;982,7;981,7;;29,1;18;30,5;29,1;18,1;15,9;51;41;51;63;10;3,9;
2021/01/03;0200 UTC;0;982,7;982,9;982,7;;28,1;18,2;29,1;28,1;18,2;18;55;51;55;68;7,8;3,9;
2021/01/03;0300 UTC;0;983;983;982,5;;27,2;18,8;28,1;27,2;18,8;18,2;60;55;60;61;7,5;3,9;
2021/01/03;0400 UTC;0;982,9;983,1;982,8;;26,6;19,1;27,2;26,6;19,1;18,8;63;60;63;45;6,9;2,5;
2021/01/03;0500 UTC;0;982,9;983;982,8;;26,2;19,1;26,6;26,2;19,1;19;65;63;65;41;5;1,9;
2021/01/03;0600 UTC;0;983,2;983,2;982,9;;26,1;19,1;26,3;26,1;19,1;19;65;65;65;71;4,2;,6;
2021/01/03;0700 UTC;0;983,6;983,6;983,2;;24,4;19,2;26,1;24,4;19,5;19;73;65;73;122;2;0;
2021/01/03;0800 UTC;0;984,2;984,3;983,6;;24,8;17,7;24,8;24,2;19,1;17,7;73;65;65;108;3,7;2,4;
2021/01/03;0900 UTC;0;984,9;984,9;984,2;9;25;17,9;25;24,7;17,9;17,6;65;64;65;109;3,9;,7;
2021/01/03;1000 UTC;0;985,1;985,2;984,9;257,7;26;17,8;26;25;18,1;17,7;65;60;60;111;3,3;2,3;
2021/01/03;1100 UTC;0;985,1;985,2;985;1258,8;27,8;17;27,9;26;17,9;16,8;61;51;52;107;5,8;3,5;
2021/01/03;1200 UTC;0;984,9;985,2;984,9;2460,3;29,9;16,5;29,9;27,6;17,1;15,8;52;44;45;113;7,6;4,5;
2021/01/03;1300 UTC;0;984,7;984,9;984,7;3049,8;30;15,8;31;28,6;16,5;15,3;47;39;42;108;8,5;4,2;
2021/01/03;1400 UTC;0;983,8;984,7;983,8;3482,5;32,1;15;32,1;30;16,2;14,7;43;36;36;78;7,5;3,3;
2021/01/03;1500 UTC;0;983;983,8;982,9;3714,6;33,6;14,2;34,1;31,8;15,5;13,6;36;31;31;103;8,4;3,4;
2021/01/03;1600 UTC;0;982,1;983;982;3664;34,2;14,3;35,1;33,1;14,9;13,5;32;28;30;64;13;2,7;
2021/01/03;1700 UTC;0;981,2;982,1;981,1;2764,1;35,3;12,6;35,5;33,8;14,4;12,6;30;25;25;156;6;,9;
2021/01/03;1800 UTC;0;980,5;981,2;980,5;1963,6;35,1;11,6;36,7;34,2;13,4;11,5;28;23;24;155;6;1,3;
2021/01/03;1900 UTC;0;980,1;980,6;979,9;1734,1;35,4;12,2;36,4;35;13,1;11,3;26;23;25;103;3,8;,2;
2021/01/03;2000 UTC;0;980,3;980,3;980;685,1;34,6;11,8;35,8;34,5;13;11;27;23;25;121;5,7;0;
2021/01/03;2100 UTC;0;980,4;980,5;980,3;145,9;31;16;34,7;31;16;12;41;25;41;98;0;0;
2021/01/03;2200 UTC;0;980,5;980,5;980,3;;29;17,7;31;29;17,7;15,7;50;40;50;113;0;0;
2021/01/03;2300 UTC;0;980,7;980,7;980,5;;27,7;17,7;29;27,7;18,6;17,4;56;51;55;129;0;0;
2021/01/04;0000 UTC;0;981,7;981,7;980,7;;30,6;17,2;30,8;27,4;18,4;15;57;39;44;43;7,1;2,4;
2021/01/04;0100 UTC;0;982,2;982,3;981,7;;29,4;18,6;30,6;29,4;18,6;17,2;52;44;52;54;9,7;3,6;
2021/01/04;0200 UTC;0;982,4;982,5;982,2;;28,5;18,7;29,4;28,5;18,8;18,6;55;52;55;61;7,5;4;
2021/01/04;0300 UTC;0;982,7;982,7;982,4;;27,5;19,4;28,5;27,5;19,4;18,7;61;55;61;59;8,1;2,8;
2021/01/04;0400 UTC;0;982,6;982,7;982,4;;26,9;19,8;27,5;26,9;19,8;19,4;65;61;65;61;6;2,2;
2021/01/04;0500 UTC;0;982,8;982,8;982,6;;26,5;19,9;26,9;26,4;19,9;19,8;67;65;67;51;4,9;1,5;
2021/01/04;0600 UTC;0;982,8;982,8;982,7;;26,9;18,3;26,9;26,1;19,9;18,3;69;60;60;86;5,9;3,1;
2021/01/04;0700 UTC;0;983,2;983,2;982,7;;26,1;17,9;27;26,1;18,2;17,7;61;57;61;97;7,9;3;
2021/01/04;0800 UTC;0;984;984;983,2;;24,9;18,3;26,1;24,9;18,3;17,9;67;61;67;107;5,1;1,7;
2021/01/04;0900 UTC;0;984,7;984,8;984;58,5;25,2;18,7;25,2;24,8;18,7;18,3;68;66;67;98;3,2;1,4;
2021/01/04;1000 UTC;0;985,1;985,1;984,7;698,5;26,8;18;26,9;25,2;18,8;18;67;58;58;111;5,4;3,4;
2021/01/04;1100 UTC;0;985,3;985,3;985,1;1591,6;27,8;17,4;28,2;26,8;18,4;17,4;59;53;53;95;7,3;4,4;
2021/01/04;1200 UTC;0;985,3;985,5;985,2;1891,5;29,6;17,4;29,8;27,7;18,2;17;54;47;48;113;7,4;3,8;
2021/01/04;1300 UTC;0;985,2;985,4;985,2;2713,4;30,5;16,6;31,2;28,9;17,5;16,2;49;42;43;104;7,8;3,3;
2021/01/04;1400 UTC;0;984,8;985,2;984,8;2694,4;31,3;15,5;32,4;30,2;17,2;15,2;44;37;39;101;7,2;3,9;
2021/01/04;1500 UTC;0;984,1;984,8;984,1;1645,7;31,3;15;32,5;30,8;16,2;14,8;40;36;37;91;6,3;2,1;
2021/01/04;1600 UTC;0;982,9;984,1;982,9;2255,6;32,6;14,5;34,3;31,3;16;13,7;39;30;33;85;6,5;1;
2021/01/04;1700 UTC;0;981,8;982,9;981,8;2833,8;34,8;13,2;35,2;32,6;15;13,1;33;27;27;38;6,3;0;
2021/01/04;1800 UTC;0;981,4;981,8;981,4;2282,5;35,8;12;36,2;33,7;14;11,7;29;23;24;100;4,9;,6;
2021/01/04;1900 UTC;0;981,3;981,5;981,3;1680;35,3;12,5;36,5;34,1;12,8;11,3;27;22;25;90;5;0;
2021/01/04;2000 UTC;0;981,3;981,4;981,3;660,9;34,4;13,1;35,3;34,1;13,1;11,4;28;24;28;83;3,4;0;
2021/01/04;2100 UTC;0;981,4;981,4;981,3;226,7;30,8;15,4;34,5;30,8;16,3;11,8;41;25;40;161;0;0;
2021/01/04;2200 UTC;0;981,7;981,7;981,3;;28,3;17,5;30,8;28,3;17,5;14,8;52;38;52;199;0;0;
2021/01/04;2300 UTC;0;982,1;982,1;981,7;;30,1;17,6;30,3;28;18,8;17;52;47;47;209;2,2;0;
2021/01/05;0000 UTC;0;982,4;982,4;982;;29,7;16,3;30,1;29,7;17,5;15,7;47;42;44;217;0;0;
2021/01/05;0100 UTC;0;983,5;983,5;982,4;;29,9;18,3;30,5;28,8;18,3;14,9;50;40;50;55;10;3,2;
2021/01/05;0200 UTC;0;984,2;984,2;983,5;;27,9;18,8;29,9;27,9;18,8;17,9;58;50;58;85;9,1;3,4;
2021/01/05;0300 UTC;0;984,5;984,6;984,2;;26,8;18;27,9;26,8;18,8;17,9;61;58;59;96;7,6;2,6;
2021/01/05;0400 UTC;0;984,2;984,5;984,2;;26,1;17,8;26,8;26,1;18;17,8;60;58;60;97;5;,6;
2021/01/05;0500 UTC;0;984,4;984,4;984,2;;25,9;18,3;26,1;25,9;18,3;17,8;63;60;63;94;1,8;,9;
2021/01/05;0600 UTC;0;984,4;984,5;984,3;;25,9;19,3;26;25,8;19,3;18,3;67;63;67;106;3,9;1,7;
2021/01/05;0700 UTC;0;984,7;984,7;984,4;;26;19,4;26,2;25,9;19,6;19,3;68;67;67;102;5,6;3,4;
2021/01/05;0800 UTC;0;985,1;985,2;984,7;;25,2;18,9;26;25,2;19,4;18,9;68;67;68;102;5,6;2,2;
2021/01/05;0900 UTC;0;986;986;985,1;31;24,5;19,3;25,2;24,4;19,3;18,8;73;68;73;101;4,3;2,5;
2021/01/05;1000 UTC;0;986,6;986,6;986;563,8;26;18,6;26,1;24,5;19,3;18,6;73;64;64;108;5,3;3,2;
2021/01/05;1100 UTC;0;986,6;986,7;986,5;1453,1;27,6;17,9;27,8;26;18,7;17,7;64;55;56;100;8;4,5;
2021/01/05;1200 UTC;0;986,6;986,7;986,6;2081,4;28,9;17,1;29,5;27,5;18,2;16,7;56;48;49;104;7,6;2,8;
2021/01/05;1300 UTC;0;986,4;986,6;986,4;2023,1;30,1;16,7;30,8;28,6;17,9;16,2;52;43;44;142;7,8;,6;
2021/01/05;1400 UTC;0;985,9;986,4;985,9;1769,6;31,1;16,3;31,1;29,6;17,2;15,9;47;41;41;107;7;1,5;
2021/01/05;1500 UTC;0;985,1;985,9;985,1;3226,8;33,5;15,5;33,5;31,1;17,1;15;42;34;34;64;5,6;1,8;
2021/01/05;1600 UTC;0;984;985,1;984;2844,8;33,7;13,9;34,4;32,3;15,8;13,9;36;30;30;175;5,8;,3;
2021/01/05;1700 UTC;0;982,7;984;982,7;2960,2;35,9;13,9;35,9;33,1;14,7;13,1;32;27;27;309;5,1;1,7;
2021/01/05;1800 UTC;0;981,9;982,7;981,9;1599,5;34;12,7;36;33,8;14,2;12,5;29;26;28;236;4,2;0;
2021/01/05;1900 UTC;0;981,6;981,9;981,6;1462,6;35,8;12,8;36,3;34;13,9;12,4;30;24;25;38;2;,1;
2021/01/05;2000 UTC;0;981,8;981,8;981,6;831,9;34,2;12,7;36,2;34,2;14;12,1;29;24;27;105;2,6;,1;
2021/01/05;2100 UTC;0;981,7;981,8;981,7;204,4;31,7;13,9;34,2;31,7;14,6;12,7;35;27;34;80;3,4;0;
2021/01/05;2200 UTC;0;981,9;981,9;981,7;;28,9;16,9;31,7;28,9;17,2;14,2;49;34;49;198;0;0;
2021/01/05;2300 UTC;0;982,3;982,3;981,9;;30,1;16;30,1;28,5;17,7;15,3;50;42;43;207;0;0;
2021/01/06;0000 UTC;0;982,6;982,7;982,3;;29,3;15,4;30,3;28,5;16,6;14,8;49;39;43;204;0;0;
2021/01/06;0100 UTC;0;982,8;982,8;982,6;;28,5;16,5;29,4;28,3;16,6;15;48;42;48;213;0;0;
2021/01/06;0200 UTC;0;983,5;983,6;982,7;;29,8;15,3;29,8;27,1;18;14,7;57;40;42;77;8,5;3,1;
2021/01/06;0300 UTC;0;983,3;983,5;983,2;;28,9;17,2;29,8;28,8;17,3;14,4;50;40;49;68;6,9;1,1;
2021/01/06;0400 UTC;0;983,4;983,4;983,3;;27,8;16,9;28,9;27,7;17,5;16,9;53;49;52;99;3,8;0;
2021/01/06;0500 UTC;0;983,4;983,5;983,3;;26,8;17,4;27,8;26,6;17,4;16,9;57;52;56;101;3,9;1,1;
2021/01/06;0600 UTC;0;983,5;983,5;983,4;;26,2;16,3;26,8;26,2;17,4;16,3;58;54;54;102;4,2;2,4;
2021/01/06;0700 UTC;0;983,9;983,9;983,5;;24,4;16,5;26,2;24,4;16,6;16,2;61;54;61;105;4,5;1,7;
2021/01/06;0800 UTC;0;984,3;984,4;983,9;;24;16,6;24,4;23,6;16,8;16,5;65;61;63;126;3,4;1,9;
2021/01/06;0900 UTC;0;985,4;985,4;984,3;28,8;23,8;16,2;24,4;23,8;16,6;16,1;63;61;62;103;3,8;1,1;
2021/01/06;1000 UTC;0;985,8;985,8;985,4;565,4;25,8;15,5;26;23,7;16,6;15,4;63;53;53;102;7;3,7;
2021/01/06;1100 UTC;0;986,2;986,2;985,8;898,9;26,6;15,9;26,8;25,5;16,2;15,4;55;51;52;95;7,1;3,1;
2021/01/06;1200 UTC;0;986,1;986,2;986,1;2035;28,7;15,6;29;26,5;16,3;15,2;53;44;45;96;5,7;1,5;
2021/01/06;1300 UTC;0;985,7;986,1;985,7;2960,8;30,6;15;31,4;28,7;16,2;14,3;45;37;39;107;7;3,8;
2021/01/06;1400 UTC;0;985,1;985,7;985,1;3447,2;32,3;14,1;32,4;30,3;15,3;13,6;39;33;33;67;7;2,4;
2021/01/06;1500 UTC;0;984,1;985,1;984,1;3685,3;34,2;13,7;34,2;31,8;15;13,4;35;29;29;128;8,4;2,3;
2021/01/06;1600 UTC;0;983;984,1;983;2330,9;33,1;13,4;34,8;32,7;15,1;13,1;33;28;30;90;6;1,4;
2021/01/06;1700 UTC;0;982,1;983;982,1;2588,2;35,3;12,8;35,4;33,1;14,2;12,5;31;25;26;106;4,6;,8;
2021/01/06;1800 UTC;0;981,3;982,1;981,3;2836,2;36,4;11,7;36,4;34,6;13,3;10,7;27;22;23;203;6,4;,1;
2021/01/06;1900 UTC;0;981,2;981,3;981,2;2104,3;36;11;36,7;35,6;13;10,8;25;22;22;106;5,7;,2;
2021/01/06;2000 UTC;0;981,5;981,5;981,1;1207,7;35,3;11,1;36,2;35,2;11,8;10,1;24;21;23;114;4,6;1,9;
2021/01/06;2100 UTC;0;981,8;981,8;981,5;221,3;31,8;15;35,3;31,8;15,3;10,8;36;23;36;112;4,6;0;
2021/01/06;2200 UTC;0;981,9;981,9;981,8;;28,1;16,8;31,7;28,1;16,8;14,2;50;35;50;70;0;0;
2021/01/06;2300 UTC;0;982,5;982,5;981,9;;27,6;16,6;28,4;27,6;16,7;15,6;51;46;51;176;0;0;
2021/01/07;0000 UTC;0;982,9;982,9;982,5;;26,9;18,1;27,6;26,9;18,1;16,1;58;50;58;197;0;0;
2021/01/07;0100 UTC;0;983,6;983,6;982,9;;29,1;14,5;29,1;25,9;19,2;14,5;66;41;41;69;6,6;1,2;
2021/01/07;0200 UTC;0;984;984;983,5;;28,8;18,6;29,8;28,8;18,6;14,5;54;41;54;56;7,4;2,5;
2021/01/07;0300 UTC;0;983,4;984;983,4;;27,8;18,8;28,8;27,8;18,8;18,6;58;54;58;44;8,4;3,6;
2021/01/07;0400 UTC;0;983,4;983,5;983,3;;26,8;18,8;27,8;26,8;18,9;18,8;61;58;61;62;7,7;,4;
2021/01/07;0500 UTC;0;983,4;983,5;983,3;;25,5;19,6;26,8;25,5;19,6;18,8;70;62;70;117;3;0;
2021/01/07;0600 UTC;0;983,4;983,4;983,3;;26,2;19,2;26,2;25,2;19,7;19,2;71;66;66;105;3,9;1,9;
2021/01/07;0700 UTC;0;984;984;983,4;;26,5;18,3;26,6;26,2;19,2;18,3;65;61;61;97;6,3;3,1;
2021/01/07;0800 UTC;0;984,6;984,6;984;;25,3;18,3;26,5;25,3;18,3;18,2;65;61;65;104;6,1;2,2;
2021/01/07;0900 UTC;0;985,5;985,5;984,6;23,7;25,2;18,4;25,3;24,9;18,5;18,3;67;65;66;120;3,5;,5;
2021/01/07;1000 UTC;0;986,1;986,1;985,5;445,6;26,4;18,3;26,5;25,2;18,6;18,3;66;61;61;105;4,6;2,9;
2021/01/07;1100 UTC;0;986,7;986,7;986,1;1318,9;27,5;17,7;27,6;26,3;18,5;17,2;62;54;55;86;7,3;3,8;
2021/01/07;1200 UTC;0;986,9;986,9;986,7;2249,5;29,1;16,9;29,7;27,5;17,8;16,7;55;47;48;76;7,3;2,5;
2021/01/07;1300 UTC;0;986,4;986,9;986,4;2938,4;31;15,8;31,2;29,1;17,3;15,7;48;39;40;96;6,7;1,3;
2021/01/07;1400 UTC;0;985,9;986,4;985,9;2317,7;32,5;15;32,5;30,2;16,1;14,2;42;35;35;123;7;,9;
2021/01/07;1500 UTC;0;985;985,9;985;3667,8;33,6;13,8;34;32,1;15,3;12,9;36;29;30;95;7,5;1,8;
2021/01/07;1600 UTC;0;983,8;985;983,8;3606,4;35,8;13,2;35,8;33,4;14,4;12,2;31;25;26;337;6,2;,2;
2021/01/07;1700 UTC;0;982,7;983,8;982,7;3259,9;35,7;12,8;36,1;34,1;14;12,1;29;25;25;135;6;2,3;
2021/01/07;1800 UTC;0;981,8;982,7;981,8;2802,7;35,8;12,8;36,9;35,1;13,7;12,4;27;24;25;84;7,4;2,9;
2021/01/07;1900 UTC;0;981,3;981,8;981,3;1973,6;36,1;12,6;36,5;35,4;13,6;12,3;27;24;24;80;6,5;2;
2021/01/07;2000 UTC;0;981,5;981,5;981,2;1082,7;35,2;12,6;36,4;35,2;13,6;12,3;26;24;26;87;5;2,5;
2021/01/07;2100 UTC;0;981,6;981,6;981,5;262,3;33,6;13,4;35,6;33,6;13,4;12,4;29;25;29;104;4,5;2,2;
2021/01/07;2200 UTC;0;981,9;981,9;981,6;;30,9;14,8;33,6;30,9;14,9;13,4;38;29;38;116;3,3;1,3;
2021/01/07;2300 UTC;0;982,4;982,4;981,9;;28,9;15,8;30,9;28,9;16,1;14,5;46;37;45;125;2;0;
2021/01/08;0000 UTC;0;983;983;982,4;;27,5;16,9;28,9;27,5;17,1;15,6;53;44;52;98;0;0;
2021/01/08;0100 UTC;0;983,8;983,8;983;;29,8;14,4;29,8;27,1;17,1;14,4;53;39;39;60;4,6;1,7;
2021/01/08;0200 UTC;0;984,2;984,2;983,8;;29,7;17,5;30,1;29,6;17,5;14,4;48;39;48;58;7,3;3,3;
2021/01/08;0300 UTC;0;983,9;984,3;983,9;;28,7;17,6;29,7;28,7;17,6;17,5;51;48;51;53;8,4;2,5;
2021/01/08;0400 UTC;0;983,6;983,9;983,5;;27,4;18,2;28,7;27,4;18,3;17,6;57;51;57;103;5,5;1,2;
2021/01/08;0500 UTC;0;983,7;983,7;983,5;;27,1;17,5;27,4;27;18,4;17,5;59;55;56;98;5,4;2,3;
2021/01/08;0600 UTC;0;984;984;983,7;;26,7;17,2;27,1;26,6;17,6;17,2;57;56;56;104;4,4;2,7;
2021/01/08;0700 UTC;0;984,1;984,1;983,9;;25,6;16,7;26,7;25,6;17,2;16,7;58;56;58;114;5,8;2,7;
2021/01/08;0800 UTC;0;984,8;984,9;984,1;;24,4;16,9;25,6;24,4;17;16,7;63;58;63;116;4,2;1,6;
2021/01/08;0900 UTC;0;985,7;985,7;984,8;33,1;23,7;17,3;24,4;23,5;17,3;16,9;68;63;67;136;3;0;
2021/01/08;1000 UTC;0;986,7;986,8;985,7;475,9;25,6;17,7;25,6;23,7;18;17,4;67;62;62;92;4,1;2,2;
2021/01/08;1100 UTC;0;987,1;987,1;986,7;1272,2;27,1;17,6;27,1;25,6;18,1;17,4;62;56;56;95;6,4;3,4;
2021/01/08;1200 UTC;0;987,1;987,1;986,9;2102,3;28,4;16,8;28,8;27;17,7;16,7;57;48;50;94;6,8;3,6;
2021/01/08;1300 UTC;0;986,5;987,1;986,5;2679,9;30,2;16,3;30,3;28,3;17,6;15,8;50;42;43;100;7,7;3,1;
2021/01/08;1400 UTC;0;985,7;986,5;985,7;3085,9;31,9;15,9;31,9;30,1;16,6;15,1;44;37;38;111;7,9;2,6;
2021/01/08;1500 UTC;0;984,6;985,7;984,5;2648,6;33,5;14,5;33,9;31,8;15,9;14,3;38;32;32;327;6,3;0;
2021/01/08;1600 UTC;0;983,3;984,6;983,3;2913,9;34,7;13,4;34,8;32,4;14,9;13,1;35;28;28;67;7,1;1,6;
2021/01/08;1700 UTC;0;982,2;983,3;982,2;2876,7;35,1;13,4;36,6;34,4;14,4;12,7;29;25;27;124;7,8;2,5;
2021/01/08;1800 UTC;0;981,2;982,2;981,2;2522,5;36,2;13,2;36,4;34,7;14;12,4;28;24;25;110;6,3;2,2;
2021/01/08;1900 UTC;0;980,9;981,2;980,9;1811,2;35,8;13,1;36,4;35,5;13,6;12;27;23;26;105;6,2;1,8;
2021/01/08;2000 UTC;0;980,8;980,9;980,7;1050,1;35,4;13,1;36,1;35,3;13,7;12,3;27;25;26;98;5,7;1,9;
2021/01/08;2100 UTC;0;981,1;981,1;980,8;229,3;33,3;13,5;35,5;33,3;13,8;12,5;31;26;30;94;5,4;0;
2021/01/08;2200 UTC;0;981,3;981,3;981,1;;29,5;16,9;33,3;29,5;16,9;13,2;47;30;47;127;0;0;
2021/01/08;2300 UTC;0;981,7;981,7;981,3;;28,1;16,3;29,5;28,1;17,7;16,1;51;46;49;89;0;0;
2021/01/09;0000 UTC;0;983,1;983,1;981,7;;30,2;14,8;30,2;27,6;18,5;14,8;57;39;39;93;3,7;,8;
2021/01/09;0100 UTC;0;983,9;983,9;983,2;;30,4;18;31,5;30,2;18;13,9;48;35;48;47;8,5;3,8;
2021/01/09;0200 UTC;0;984,1;984,1;983,9;;29;18,5;30,4;29;18,5;18,1;53;48;53;53;9,6;2,1;
2021/01/09;0300 UTC;0;983,9;984,1;983,9;;28,1;18,7;29,1;28,1;18,7;18,5;57;53;57;48;7;3,1;
2021/01/09;0400 UTC;0;983,3;983,9;983,3;;27,1;18,9;28,1;27,1;18,9;18,7;61;57;61;56;6,7;1,8;
2021/01/09;0500 UTC;0;983,3;983,3;983,2;;25,7;19,1;27,1;25,7;19,1;18,8;67;61;67;91;3,8;1,1;
2021/01/09;0600 UTC;0;983,4;983,5;983,3;;26,3;18,7;26,4;25,7;19,1;18,4;67;63;63;107;5,9;3,1;
2021/01/09;0700 UTC;0;983,7;983,7;983,4;;25,4;18,6;26,3;25,4;18,7;18,6;66;63;66;111;6,1;3,4;
2021/01/09;0800 UTC;0;984,5;984,5;983,7;;24,4;18,5;25,4;24,4;18,6;18,5;70;66;70;102;5,8;1,5;
2021/01/09;0900 UTC;0;985,4;985,4;984,5;19,9;23,9;18,3;24,4;23,8;18,6;18,3;72;70;71;108;3,3;,7;
2021/01/09;1000 UTC;0;985,6;985,7;985,4;498,5;25,7;18,2;25,7;23,9;18,5;18;71;63;63;102;4,6;2,8;
2021/01/09;1100 UTC;0;986;986;985,6;1298,2;26,5;17,5;26,8;25,5;18,2;17,5;63;57;58;114;6,6;4,1;
2021/01/09;1200 UTC;0;986,2;986,3;986;2503,7;28,6;17,1;28,6;26,5;17,7;16,4;58;49;50;115;7,3;4,4;
2021/01/09;1300 UTC;0;986,1;986,2;986;2881,6;30,7;16,3;30,7;28,4;17;16;50;42;42;112;8,7;4,1;
2021/01/09;1400 UTC;0;985,5;986,1;985,4;3373,9;31;15,3;31,8;29,8;16,4;14,9;43;37;39;87;8;3,7;
2021/01/09;1500 UTC;0;984,4;985,5;984,4;3501,2;32,4;14,2;32,8;30,7;16,1;13,8;39;33;33;60;8;2,5;
2021/01/09;1600 UTC;0;983;984,4;982,9;3549,7;34;14,3;34,5;32,1;15;13,9;35;30;31;120;9,2;2,3;
2021/01/09;1700 UTC;0;981,6;983;981,6;3244,2;34,8;13,9;34,9;33,5;14,8;13,6;32;28;28;106;9,2;2,3;
2021/01/09;1800 UTC;0;980,9;981,6;980,9;2388,7;34,8;13,3;35,2;33,8;14,3;13,1;30;27;27;113;7,4;2,7;
2021/01/09;1900 UTC;0;980,6;980,9;980,5;1624,6;34,3;13,8;35,6;33,9;14,1;12,5;30;26;29;103;6,5;2,7;
2021/01/09;2000 UTC;0;980,8;980,8;980,5;812,7;34,5;13,9;34,8;34,2;14,3;13;30;27;29;115;4,4;0;
2021/01/09;2100 UTC;0;980,7;980,9;980,7;298,4;32,4;14,9;34,6;32,4;15;13,4;35;28;35;107;2,5;0;
2021/01/09;2200 UTC;0;981,3;981,3;980,7;;30,2;17,5;32,4;30;17,5;14,8;47;35;47;133;1,6;0;
2021/01/09;2300 UTC;0;982;982;981,3;;28,7;17,6;30,2;28,7;17,8;16,3;51;45;51;149;0;0;
2021/01/10;0000 UTC;0;982,7;982,7;982;;30,6;16,4;30,6;27,5;19,1;16,4;59;42;42;39;8,2;3,5;
2021/01/10;0100 UTC;0;983,9;983,9;982,6;;29,1;16,4;30,8;29,1;16,6;16,3;46;42;46;57;10,1;2,7;
2021/01/10;0200 UTC;0;984,3;984,3;983,9;;27,9;16,8;29,1;27,9;16,8;16,4;51;46;51;62;8,9;2,6;
2021/01/10;0300 UTC;0;984,1;984,4;984,1;;27,2;17,1;27,9;27,2;17,1;16,7;54;51;54;60;6,8;3,3;
2021/01/10;0400 UTC;0;984;984,1;983,9;;26,4;17,4;27,2;26,3;17,4;17,1;58;54;58;49;6,6;1,7;
2021/01/10;0500 UTC;0;984;984,1;983,9;;26;17,8;26,4;26;17,8;17,3;61;58;61;41;5,3;2;
2021/01/10;0600 UTC;0;984;984;983,7;;26;18,1;26;25,8;18,1;17,8;62;61;62;35;4,5;2,2;
2021/01/10;0700 UTC;0;984,2;984,2;984;;26;17,8;26,1;25,9;18,1;17,8;62;61;61;34;4,8;2,2;
2021/01/10;0800 UTC;0;985;985;984,2;;25,9;17,5;26;25,9;17,8;17,5;61;60;60;31;4,2;1,6;
2021/01/10;0900 UTC;0;985,4;985,4;985;20,3;25,5;17,6;25,9;25,4;17,6;17,5;62;60;62;29;3,9;1,4;
2021/01/10;1000 UTC;0;986,5;986,5;985,4;276,3;26,1;17,7;26,2;25,5;17,8;17,6;62;60;60;39;3,6;1,7;
2021/01/10;1100 UTC;0;987,2;987,2;986,5;325,8;26,6;17,8;26,8;26,1;18,1;17,6;61;58;59;49;3,7;1,8;
2021/01/10;1200 UTC;0;987,4;987,5;987,2;1109,7;28,2;17,9;28,2;26,6;18,5;17,8;60;54;54;74;5,3;1,8;
2021/01/10;1300 UTC;0;986,8;987,5;986,8;1994,2;29,6;18,4;29,7;27,2;18,6;17,4;57;49;51;105;6,5;3,3;
2021/01/10;1400 UTC;0;986,2;986,8;986,2;2339;30,7;17,4;31,1;28,5;18,5;17,3;53;44;45;96;7,1;3,3;
2021/01/10;1500 UTC;0;985,6;986,2;985,6;2051,3;30,9;16,5;31,2;29,9;17,7;16,3;47;41;42;116;6,6;,8;
2021/01/10;1600 UTC;0;984,6;985,6;984,6;2561,7;32,7;15,7;33,5;30,7;16,8;15,2;42;35;36;94;6,3;1,2;
2021/01/10;1700 UTC;0;983,6;984,6;983,6;2421,3;33,6;14,9;33,9;31,5;16,5;14,9;40;32;33;128;4,8;0;
2021/01/10;1800 UTC;0;982,5;983,6;982,5;2699,2;34,1;14,8;34,3;32,7;15,9;14,5;36;31;31;82;6,4;1,6;
2021/01/10;1900 UTC;0;982;982,5;981,9;1691,4;33,5;14,9;34,3;33,1;15,4;14,4;34;31;33;75;8,1;,2;
2021/01/10;2000 UTC;0;981,9;982;981,8;881,6;33,6;14,2;33,8;33,3;15,3;14,2;34;31;31;131;2,3;0;
2021/01/10;2100 UTC;0;982,3;982,3;981,9;361;32,1;14,7;33,6;32,1;15;14,1;35;31;35;95;3,7;0;
2021/01/10;2200 UTC;0;982,7;982,7;982,3;;29,4;16,8;32,1;29,4;16,8;14,7;47;35;47;115;0;0;
2021/01/10;2300 UTC;0;983,2;983,2;982,7;;28,2;17,6;29,4;28;18,1;16,6;54;47;53;112;0;0;
2021/01/11;0000 UTC;0;983,7;983,7;983,2;;27,3;17,3;28,7;27,3;17,8;16,4;56;48;54;117;1,8;0;
2021/01/11;0100 UTC;0;984,3;984,3;983,7;;28,8;17,5;28,8;26,2;18,1;16,9;62;49;51;45;6,5;2,1;
2021/01/11;0200 UTC;0;985;985;984,3;;27,7;17,9;28,8;27,7;18,1;17,6;56;51;56;60;10,5;2;
2021/01/11;0300 UTC;0;984,9;985;984,8;;26,7;17,6;27,7;26,7;17,9;17,4;57;55;57;75;7;3,8;
2021/01/11;0400 UTC;0;984,5;984,9;984,4;;26,2;18,9;26,7;26,2;18,9;17,7;64;57;64;55;9;2,7;
2021/01/11;0500 UTC;0;984,2;984,5;984,2;;25,7;19,2;26,2;25,7;19,2;18,9;67;64;67;63;6,7;2,3;
2021/01/11;0600 UTC;0;984;984,2;984;;25,7;19,5;25,8;25,5;19,5;19,2;69;67;69;37;4,5;1,3;
2021/01/11;0700 UTC;0;984,4;984,4;984;;25,8;19,3;25,9;25,7;19,5;19,3;69;67;67;19;4;,9;
2021/01/11;0800 UTC;0;984,8;984,8;984,4;;25,1;19,4;25,8;25,1;19,6;19,2;71;67;71;35;3,7;0;
2021/01/11;0900 UTC;0;985,5;985,5;984,9;22,3;24,9;19,3;25,1;24,9;19,4;19,1;71;70;71;31;3;0;
2021/01/11;1000 UTC;0;985,8;985,8;985,5;332,7;26,1;19,4;26,3;24,9;19,9;19,3;71;66;66;43;2,8;0;
2021/01/11;1100 UTC;0;986,4;986,4;985,8;718,9;26,9;19,1;27;26;19,6;19,1;67;62;62;79;3,5;1,4;
2021/01/11;1200 UTC;0;986,8;986,8;986,4;1005,3;28,4;18,4;28,6;26,8;19,3;18,4;63;55;55;97;4,1;,2;
2021/01/11;1300 UTC;0;986,3;986,8;986,3;2080,6;29,4;17,8;30,4;28,3;19,2;17,7;56;49;50;67;6,8;3,3;
2021/01/11;1400 UTC;0;985,7;986,3;985,7;1897;31,1;17,5;31,2;29,3;18,2;17,2;51;44;44;59;6,1;,2;
2021/01/11;1500 UTC;0;984,9;985,8;984,9;3430;32,1;16,6;32,9;30,7;18,1;16,5;47;38;39;140;5,9;3,1;
2021/01/11;1600 UTC;0;984;984,9;984;3208,1;34;15,2;34,7;31,6;17,7;14,9;41;32;32;90;6,3;1,5;
2021/01/11;1700 UTC;0;982,8;984;982,8;2722;33,7;15,1;34,9;33;16,4;14,7;35;31;33;5;5,4;2,1;
2021/01/11;1800 UTC;0;981,8;982,8;981,8;2842,3;35;14,8;35,9;33,7;15,9;14,3;33;29;30;20;4,9;,9;
2021/01/11;1900 UTC;0;981,2;981,8;981,2;2054;36,4;14,8;36,5;34,7;15,2;14,4;30;27;28;107;5,1;,4;
2021/01/11;2000 UTC;0;981,2;981,2;981;1103,1;34,9;14,3;36,4;34,7;14,9;13,5;30;27;29;14;3,2;,7;
2021/01/11;2100 UTC;0;981,8;981,8;981,2;177,8;32;17,4;34,9;31,9;18,6;13,8;46;29;42;305;1,8;0;
2021/01/11;2200 UTC;0;982;982;981,8;;30,1;18,5;32;30,1;19;17,6;51;42;50;150;0;0;
2021/01/11;2300 UTC;0;982,9;982,9;982;;30,4;15,6;31;29,1;18,9;15,3;53;39;41;324;0;0;
2021/01/12;0000 UTC;0;983,6;983,7;982,9;;28,4;17,9;30,6;28,4;18,4;15;55;39;53;134;0;0;
2021/01/12;0100 UTC;0;984,2;984,2;983,6;;29,3;18,4;30,8;27,6;18,6;16,9;57;43;52;50;9,1;3,8;
2021/01/12;0200 UTC;0;984,9;984,9;984,2;;28;19;29,3;28;19;18,4;58;52;58;62;8,4;2,8;
2021/01/12;0300 UTC;0;984,8;985;984,8;;26,9;18,9;28;26,9;19;18,9;62;58;62;38;6,8;2,7;
2021/01/12;0400 UTC;0;984,6;984,8;984,6;;26,4;18,5;26,9;26,4;18,9;18,5;62;62;62;30;5;2,3;
2021/01/12;0500 UTC;0;984,3;984,6;984,3;;26,1;18,2;26,4;26,1;18,5;18,2;62;61;62;38;5,5;2,4;
2021/01/12;0600 UTC;0;984,1;984,4;984,1;;25,2;19,4;26,1;24,9;19,6;18,2;72;62;70;62;4,6;0;
2021/01/12;0700 UTC;,2;984,2;984,3;984,1;;24,2;20;25,5;24,2;20;19,2;77;68;77;109;2,8;1,1;
2021/01/12;0800 UTC;0;984,6;984,7;984,3;;24;20,7;24,2;23,7;20,9;20,1;83;77;82;340;2,9;,2;
2021/01/12;0900 UTC;0;985,1;985,1;984,6;8;24,4;21,3;24,4;23,9;21,3;20,6;83;82;83;132;1,2;0;
2021/01/12;1000 UTC;0;985,8;985,8;985,1;130,5;25,1;20,6;25,2;24,4;21,4;20,6;83;76;76;127;0;0;
2021/01/12;1100 UTC;0;986,3;986,3;985,8;436,2;26,1;20,3;26,1;25,1;20,9;19,9;76;69;70;33;2;,2;
2021/01/12;1200 UTC;0;986,7;986,7;986,3;1105,5;27,3;19,1;27,3;26;20,2;18,9;71;61;61;29;2,8;0;
2021/01/12;1300 UTC;0;986,7;986,8;986,7;653,2;27,5;18,9;27,7;26,8;19,4;18,7;63;59;60;106;2,8;0;
2021/01/12;1400 UTC;0;986,2;986,7;986,2;999,4;28,4;18,8;28,5;27,2;19,4;18,6;61;56;56;103;2,5;0;
2021/01/12;1500 UTC;0;985,5;986,2;985,5;1708,6;29;18,2;30,1;28,2;19,2;18,1;57;50;52;124;5,1;,6;
2021/01/12;1600 UTC;0;984,6;985,5;984,6;1749,5;30,8;18,4;31,3;28,9;19,2;18,1;56;46;48;4;4,6;1,3;
2021/01/12;1700 UTC;0;983,7;984,6;983,7;2171,4;31,1;17,9;32,5;29,9;18,8;17,6;50;43;46;7;4,2;1,6;
2021/01/12;1800 UTC;0;982,7;983,7;982,7;2202,4;32,8;16,9;33,2;30,7;18;16,8;46;38;39;47;4,3;,1;
2021/01/12;1900 UTC;0;981,9;982,7;981,9;1962,8;33,7;16,9;33,8;32,4;17,4;16,3;40;36;37;31;4,4;0;
2021/01/12;2000 UTC;0;981,8;981,9;981,6;841,9;32;17,3;34;32;18,3;16;44;35;42;31;1,5;0;
2021/01/12;2100 UTC;0;982;982;981,8;180;29,7;18,9;32,2;29,7;19;16,5;52;39;52;42;1,8;0;
2021/01/12;2200 UTC;0;982,6;982,6;982;;28,3;19,8;29,7;28,3;19,9;18,9;60;52;60;142;0;0;
2021/01/12;2300 UTC;0;983;983;982,4;;27,5;19,8;28,3;27,4;20,3;19,7;64;60;63;206;0;0;
2021/01/13;0000 UTC;0;984,2;984,2;983;;28,8;18,9;29,2;27,5;20,1;18,9;63;55;55;200;5,7;1,1;
2021/01/13;0100 UTC;0;984,9;985;984,3;;27,8;19,3;28,9;27,8;19,3;17,8;60;53;60;61;8,1;4,4;
2021/01/13;0200 UTC;0;985,1;985,2;984,8;;26,5;19,1;27,8;26,4;19,7;19,1;65;60;64;46;8,1;3,1;
2021/01/13;0300 UTC;0;984,4;985,1;984,4;;26,2;19,3;26,5;26,2;19,3;19;66;64;66;46;7,8;3,5;
2021/01/13;0400 UTC;0;984;984,4;983,9;;25,9;19,4;26,2;25,8;19,4;19,3;68;66;68;52;7,8;2,6;
2021/01/13;0500 UTC;0;984;984,1;983,9;;25,9;19,6;25,9;25,9;19,6;19,4;68;67;68;54;5,9;2,4;
2021/01/13;0600 UTC;0;983,7;984;983,7;;25,8;19,7;25,9;25,8;19,7;19,6;69;68;69;58;5,9;2,5;
2021/01/13;0700 UTC;0;984;984;983,7;;24,9;20,1;25,8;24,9;20,1;19,6;75;69;75;75;6,2;2,8;
2021/01/13;0800 UTC;1,4;984,8;984,8;984;;23,1;21;24,9;23;21,1;20,2;88;75;88;12;6,5;,4;
2021/01/13;0900 UTC;,2;985,4;985,4;984,7;3;22,8;20,8;23,1;22,7;21,1;20,5;89;88;88;358;3,5;,7;
2021/01/13;1000 UTC;0;985,9;985,9;985,3;60,9;22,9;20,8;23;22,8;21;20,7;88;88;88;23;3,5;,7;
2021/01/13;1100 UTC;0;986,5;986,5;985,8;152,5;23,4;21,2;23,4;22,9;21,4;20,9;88;88;88;359;3,2;0;
2021/01/13;1200 UTC;0;987,1;987,1;986,5;275,8;23,9;21,4;23,9;23,4;21,5;21,1;88;86;86;282;0;0;
2021/01/13;1300 UTC;0;987,1;987,2;987;396,7;24,4;21,5;24,4;23,9;21,7;21,3;86;83;84;273;0;0;
2021/01/13;1400 UTC;0;986,7;987,1;986,7;1025,5;25,5;22,1;25,5;24,2;22,1;21,3;85;80;82;216;3,4;0;
2021/01/13;1500 UTC;0;986,2;986,7;986,2;2788,3;27,5;20,5;28,1;25,4;22,4;20,5;81;65;66;197;0;0;
2021/01/13;1600 UTC;0;985,3;986,2;985,3;1708,2;29,3;20,1;29,3;27,5;21;19,6;66;58;58;180;4;1;
2021/01/13;1700 UTC;0;984,3;985,3;984,3;2865,5;32,2;19,2;32,2;29,2;20,4;19,1;58;46;46;54;3,2;0;
2021/01/13;1800 UTC;0;983,2;984,3;983,1;3089,3;32,2;16,9;33,2;31,9;19,7;16,9;46;40;40;177;5,1;2,7;
2021/01/13;1900 UTC;0;982,4;983,2;982,4;2146,4;33,2;17;33,6;32;17,9;15,9;42;35;38;185;4,3;1,9;
2021/01/13;2000 UTC;0;982;982,4;982;1196,7;32,8;17,1;33,9;32,8;17,5;15,6;40;35;39;247;3,8;1,8;
2021/01/13;2100 UTC;0;982,2;982,3;982;226;30,8;17,7;33,1;30,8;18,1;16,7;46;37;46;218;4;,7;
2021/01/13;2200 UTC;0;982,1;982,2;981,9;;27,3;20,6;30,8;27,1;20,8;17,7;68;46;67;287;1,9;0;
2021/01/13;2300 UTC;0;983,2;983,2;982,1;;28;18,6;28,6;27,3;20,9;18,6;68;55;57;233;4,1;1,8;
2021/01/14;0000 UTC;0;983,6;983,6;983,2;;27,6;17,6;28;27,4;18,6;17,6;57;54;55;212;3,4;1,4;
2021/01/14;0100 UTC;0;984,2;984,2;983,6;;26,1;19,2;27,6;25,8;19,2;17,6;67;55;66;20;2,6;,5;
2021/01/14;0200 UTC;0;984,3;984,4;984,2;;26,7;20,4;26,7;25,6;20,4;19,2;71;65;68;59;4,4;2,2;
2021/01/14;0300 UTC;0;984,2;984,3;984,1;;26,4;20,2;26,7;26,3;20,4;20,2;69;68;69;63;5,6;2,3;
2021/01/14;0400 UTC;0;983,6;984,2;983,6;;26;20,4;26,4;25,9;20,4;20,2;72;69;71;69;4,9;1,3;
2021/01/14;0500 UTC;0;983,3;983,6;983,3;;25,7;20,3;26;25,6;20,4;20,2;73;71;72;46;4;,5;
2021/01/14;0600 UTC;,4;983,5;983,5;983,3;;24,6;21,2;25,8;24,5;21,2;20,1;82;71;82;148;2,8;0;
2021/01/14;0700 UTC;0;983,6;983,6;983,4;;24,1;21,4;24,5;24,1;21,5;21;85;82;85;98;0;0;
2021/01/14;0800 UTC;0;984,1;984,1;983,6;;24,4;21,3;24,4;24,1;21,7;21,2;86;83;83;5;0;0;
2021/01/14;0900 UTC;0;984,6;984,7;984,1;13,1;24;21,4;24,4;23,9;21,4;21,1;85;83;85;97;0;0;
2021/01/14;1000 UTC;0;985,4;985,4;984,6;256,9;24,8;21,3;24,8;24;21,8;21,2;85;81;81;138;0;0;
2021/01/14;1100 UTC;0;985,7;985,7;985,4;940,6;26,7;19;26,8;24,8;21,3;18,9;81;62;63;91;6,3;3,5;
2021/01/14;1200 UTC;0;986,2;986,2;985,7;1814,5;27,8;17,9;28,7;26,6;19,3;17,7;64;53;55;95;7,4;4,5;
2021/01/14;1300 UTC;0;985,9;986,2;985,9;1612,8;29,1;18,2;29,1;27,7;18,6;17,4;56;51;52;113;7,4;2;
2021/01/14;1400 UTC;0;985,8;985,9;985,7;2311,6;30,7;17;31;28,8;18,1;17;52;44;44;84;6,6;3,2;
2021/01/14;1500 UTC;0;985,4;985,8;985,4;2459,3;31,4;17,2;31,6;30,3;17,6;16,2;46;41;43;83;7,1;2,8;
2021/01/14;1600 UTC;0;984,5;985,4;984,5;2727,2;32,5;15,9;32,9;31,3;17;15,6;42;36;37;113;6,3;3;
2021/01/14;1700 UTC;0;983,2;984,5;983,2;3390,1;33,8;15,5;33,9;32,1;16,8;15;39;33;34;112;6,8;2;
2021/01/14;1800 UTC;0;982;983,2;982;2451;34,7;14,6;35,1;32,4;15,9;14,5;36;30;30;135;5,7;2,8;
2021/01/14;1900 UTC;0;981,4;982;981,4;1798,9;34,1;14,2;34,9;33,2;15,3;14,1;34;29;30;92;5,5;2,8;
2021/01/14;2000 UTC;0;981,2;981,4;981,1;1169,9;34,1;14;34,5;34;14,8;13,6;31;29;30;107;4,6;2,5;
2021/01/14;2100 UTC;0;981,3;981,3;981,1;267;32;14,3;34,1;32;14,5;13,6;34;29;34;108;4,9;2,7;
2021/01/14;2200 UTC;0;981,8;981,8;981,3;;28,3;18,1;32;28,3;18,3;14,4;55;34;54;129;3,9;0;
2021/01/14;2300 UTC;0;982,2;982,2;981,8;;26,8;18,3;28,3;26,5;18,7;17,3;62;53;60;236;0;0;
2021/01/15;0000 UTC;0;982,8;982,8;982,2;;25,7;19,6;26,8;25,7;19,7;18;69;59;69;158;0;0;
2021/01/15;0100 UTC;0;983,9;983,9;982,8;;27,8;18,6;28,6;25,5;19,8;17,9;71;53;57;57;8,8;1,7;
2021/01/15;0200 UTC;0;984,5;984,5;983,9;;27;18,2;27,8;27;18,7;18,2;60;57;59;63;6,7;3,1;
2021/01/15;0300 UTC;0;984,2;984,5;984,1;;26,2;17,9;27;26,2;18,2;17,8;60;59;60;49;7;3;
2021/01/15;0400 UTC;0;983,9;984,2;983,9;;25,8;17,8;26,3;25,8;17,8;17,7;61;60;61;65;6,1;2,5;
2021/01/15;0500 UTC;0;983,8;984;983,8;;25,6;18,3;25,8;25,6;18,3;17,8;64;61;64;56;5,7;2,3;
2021/01/15;0600 UTC;0;983,9;983,9;983,7;;25,5;18,6;25,6;25,4;18,6;18,2;66;64;66;91;5;0;
2021/01/15;0700 UTC;0;984,1;984,1;983,9;;25,8;18,1;25,8;25,4;18,9;18,1;67;62;62;98;5,9;3,2;
2021/01/15;0800 UTC;0;984,5;984,6;984,1;;24,9;17,2;25,8;24,9;18;17;63;60;63;126;7,1;0;
2021/01/15;0900 UTC;0;985;985;984,6;10,4;24,6;17,5;24,9;24,5;17,5;17,2;65;62;65;116;1,3;0;
2021/01/15;1000 UTC;0;985,4;985,4;985;362,4;25,9;17,6;25,9;24,6;18;17,4;65;60;60;112;4,4;2,4;
2021/01/15;1100 UTC;0;985,5;985,6;985,4;826,5;27;17,3;27,2;25,9;17,8;17,2;60;55;56;97;6,3;3,6;
2021/01/15;1200 UTC;0;985,2;985,5;985,2;1935,2;28,9;16;29,2;26,6;17,8;16;57;46;46;96;8,9;5,2;
2021/01/15;1300 UTC;0;985;985,3;984,9;2793,2;29,6;16,4;30,3;28,8;16,5;15,5;47;41;45;96;10,3;4,1;
2021/01/15;1400 UTC;0;984,2;985,2;984,2;2569;31,2;15,7;32,1;29,5;16,9;15,3;45;37;39;98;8,4;3,1;
2021/01/15;1500 UTC;0;983,3;984,2;983,3;3218,9;34;14,8;34;31,1;16,3;13,7;40;31;32;91;8,3;1,5;
2021/01/15;1600 UTC;0;982,3;983,3;982,3;3838,9;34,2;13,4;35,2;33,5;15;12,8;32;27;29;168;9,9;3,3;
2021/01/15;1700 UTC;0;981,3;982,3;981,3;2879,6;34,4;12,5;36,1;33,8;14,1;12,5;30;26;27;94;8;2,3;
2021/01/15;1800 UTC;0;980,5;981,3;980,5;2475,4;35,8;11,8;36,2;34,3;13,8;11,5;28;23;24;138;6,6;,9;
2021/01/15;1900 UTC;0;980;980,5;980;1313,7;35;12,3;35,8;34;13,3;10,9;28;24;25;74;5;2;
2021/01/15;2000 UTC;0;980;980;979,9;768,7;34,7;12,6;35,1;33,8;12,9;11;28;24;26;89;4,1;0;
2021/01/15;2100 UTC;0;980,2;980,2;980;239,6;32;11,6;34,7;32;13,7;10,5;32;23;29;128;3,1;0;
2021/01/15;2200 UTC;0;980,5;980,5;980,2;;27,5;15,3;32;27,5;15,9;12,1;48;29;47;139;0;0;
2021/01/15;2300 UTC;0;980,9;980,9;980,5;;26,2;16,1;27,5;26,2;16,3;15,3;54;47;54;192;0;0;
2021/01/16;0000 UTC;0;981,2;981,2;980,9;;27;17,9;27;26;18,1;16,1;59;54;58;208;2,2;,1;
2021/01/16;0100 UTC;0;982,4;982,4;981,2;;27,8;15,5;27,8;26,1;18,1;15,4;58;47;47;51;5;,5;
2021/01/16;0200 UTC;0;982,7;982,7;982,3;;28,3;19,5;28,4;27,8;19,5;15,8;59;47;59;58;6,2;2,7;
2021/01/16;0300 UTC;0;982,5;982,7;982,4;;27,4;19,9;28,2;27,4;19,9;19,5;64;59;64;52;7,4;2,3;
2021/01/16;0400 UTC;0;982,4;982,5;982,4;;27,5;19,6;27,6;27;20;19,6;65;62;62;76;5,5;3;
2021/01/16;0500 UTC;0;982,2;982,4;982,2;;26,8;19,8;27,6;26,8;19,8;19,6;66;62;66;84;5,5;1,5;
2021/01/16;0600 UTC;0;982,5;982,5;982,2;;27;18,2;27,2;26,7;19,8;18,2;66;58;59;103;8,1;3,3;
2021/01/16;0700 UTC;0;982,5;982,6;982,3;;26,1;18,1;27;26,1;18,2;18;61;58;61;112;6,9;3,4;
2021/01/16;0800 UTC;0;983,1;983,1;982,5;;25;18,2;26,1;25;18,2;18,1;66;61;66;111;6,3;1,3;
2021/01/16;0900 UTC;0;983,5;983,5;983,1;15,6;23,9;18,6;25;23,7;18,6;18,1;72;66;72;116;2,3;0;
2021/01/16;1000 UTC;0;984,3;984,3;983,5;502,3;26,5;17,3;26,5;23,9;18,7;17,1;72;57;57;121;5,5;3,4;
2021/01/16;1100 UTC;0;984,7;984,8;984,3;1423,1;27,9;17,1;27,9;26,4;17,3;16,9;57;52;52;109;8,7;3,6;
2021/01/16;1200 UTC;0;984,5;984,7;984,5;2290;29,1;15,8;29,3;27,5;16,9;15,4;52;44;45;105;8,1;4,3;
2021/01/16;1300 UTC;0;984;984,6;984;2999,3;30,6;14,7;30,9;28,8;16;14,7;45;38;38;133;7,8;4,1;
2021/01/16;1400 UTC;0;983,2;984;983,2;3483,6;33;13,6;33;30,3;15,3;13,5;39;31;31;119;9;2,9;
2021/01/16;1500 UTC;0;982,5;983,2;982,5;3736,9;33,5;12,1;34,4;32,2;13,7;11,7;32;27;27;92;6,8;2;
2021/01/16;1600 UTC;0;981,5;982,5;981,5;3275;34,1;11,7;35,1;33;13;11,5;29;25;26;139;6,4;2,3;
2021/01/16;1700 UTC;0;980,6;981,5;980,6;2898;35;10,1;35,9;33,7;12,5;8,4;27;19;22;204;7,4;2,7;
2021/01/16;1800 UTC;0;980;980,6;980;2105,2;35,1;11;36,1;34,9;11,2;7,8;23;18;23;113;7,4;1,9;
2021/01/16;1900 UTC;0;979,7;980;979,6;1786,7;35,8;9,1;36,6;35;12;8,5;25;18;20;197;4;0;
2021/01/16;2000 UTC;0;979,4;979,6;979,4;1132,8;35,9;9;36,3;35;10,1;8,5;21;19;19;279;3,3;1,5;
2021/01/16;2100 UTC;0;979,6;979,6;979,4;282,4;30,7;13;36;30,7;14,4;9,2;36;19;34;338;2,7;0;
2021/01/16;2200 UTC;0;979,9;979,9;979,6;;28,5;15,4;30,7;28,2;16,1;12,5;48;33;45;233;1,9;,2;
2021/01/16;2300 UTC;0;980,6;980,6;979,9;;26,9;16,5;28,5;26,9;16,5;14,8;53;44;53;219;1;0;
2021/01/17;0000 UTC;0;981,3;981,3;980,6;;28,4;16;28,5;26,3;18,1;16;60;47;47;212;2,5;,2;
2021/01/17;0100 UTC;0;981,5;981,6;981,3;;28,1;14,5;28,7;28;15,7;13,4;47;39;44;216;2,6;0;
2021/01/17;0200 UTC;0;982,4;982,4;981,5;;28;14;28,3;27,8;14,9;13,9;45;42;42;182;3,7;,1;
2021/01/17;0300 UTC;0;982,4;982,8;982,3;;28,3;18,3;28,9;28;18,3;14,1;55;42;55;61;9,2;2,9;
2021/01/17;0400 UTC;0;982,7;982,8;982,3;;27,5;18,3;28,3;27,5;18,4;18,1;58;55;58;90;6,8;,2;
2021/01/17;0500 UTC;0;982,5;982,7;982,5;;26,5;18,7;27,5;26,5;18,7;18,3;62;58;62;56;5,6;1,9;
2021/01/17;0600 UTC;,8;982,4;982,6;982,4;;24,3;20,4;26,5;24,3;20,6;18,7;79;62;79;93;4,6;,4;
2021/01/17;0700 UTC;0;982,7;982,7;982,4;;24,3;18,1;24,8;24,1;20,8;18;81;68;68;115;3,6;1,9;
2021/01/17;0800 UTC;0;983;983;982,7;;24,2;17,3;24,7;24,1;18,1;17,3;69;65;66;130;4,4;2,2;
2021/01/17;0900 UTC;0;983,8;983,8;983;19,5;23,5;17,7;24,3;23,4;17,7;17,1;70;65;70;106;4,4;0;
2021/01/17;1000 UTC;0;984,5;984,5;983,8;439,7;25,3;16,5;25,3;23,4;17,9;16,4;71;58;58;119;5,2;3,5;
2021/01/17;1100 UTC;0;984,5;984,7;984,5;1416,1;27,2;16,2;27,2;25,3;17,2;15,8;59;50;51;106;5,2;2,8;
2021/01/17;1200 UTC;0;984,3;984,6;984,3;2313,7;28,3;14,4;28,5;27;16,4;14,2;51;42;43;159;7,9;4,3;
2021/01/17;1300 UTC;0;983,8;984,3;983,8;3006,8;29,8;14,6;30,3;28,3;16;14;45;38;40;142;8,4;3,4;
2021/01/17;1400 UTC;0;983,1;983,8;983,1;3245,3;31,7;13,8;31,9;29,8;14,9;13,4;40;34;34;143;8,6;,7;
2021/01/17;1500 UTC;0;982,4;983,1;982,4;3456,6;32,4;12,9;33,3;31,7;14,4;12,5;34;29;30;193;7;3;
2021/01/17;1600 UTC;0;981,7;982,4;981,7;2621;33,1;14;34;32,3;14,1;12,2;33;28;32;125;7,3;2,8;
2021/01/17;1700 UTC;0;981,4;981,7;981,4;2672,9;34,3;13,3;34,6;32,5;14,7;12,7;33;28;28;223;6,7;1,9;
2021/01/17;1800 UTC;0;980,5;981,4;980,5;2229,1;34,7;13;35,1;33,6;13,5;12;28;26;27;1;4,6;,5;
2021/01/17;1900 UTC;0;980;980,5;980;1912,5;34,5;12,7;35,5;34,3;13,3;11,9;27;25;27;315;3,5;1,7;
2021/01/17;2000 UTC;0;979,9;980;979,8;787,2;33,5;15,1;35,1;33,4;15,3;11,5;34;24;33;333;2,8;,1;
2021/01/17;2100 UTC;0;980,1;980,1;979,9;227,8;32;15,6;33,8;31,9;16,9;13;41;31;37;286;1,5;0;
2021/01/17;2200 UTC;0;980,4;980,4;980,1;;29,7;17,6;32;29,6;17,6;15,7;48;37;48;261;1,8;0;
2021/01/17;2300 UTC;0;980,9;980,9;980,4;;29,6;18,4;30,2;29,6;18,9;16,7;52;44;51;215;1,4;0;
2021/01/18;0000 UTC;0;981,5;981,5;980,9;;28,2;18,7;29,6;28,1;19,6;18,3;59;51;56;104;0;0;
2021/01/18;0100 UTC;0;981,9;981,9;981,5;;28,1;18,9;28,5;27,9;19,4;17,6;60;52;58;222;1,4;,8;
2021/01/18;0200 UTC;0;982,9;982,9;981,9;;28,6;19;29,6;27,9;19,3;15,7;58;43;56;49;8,8;4,4;
2021/01/18;0300 UTC;0;983,2;983,2;982,9;;27,6;19,2;28,6;27,6;19,2;18,9;60;56;60;35;8,8;3,7;
2021/01/18;0400 UTC;0;982,5;983,2;982,5;;27;19,5;27,6;27;19,5;19,2;63;60;63;45;7,4;2,8;
2021/01/18;0500 UTC;0;982,5;982,8;982,5;;26,6;19,8;27;26,6;19,8;19,5;66;63;66;46;6,7;2,4;
2021/01/18;0600 UTC;0;982,5;982,6;982,3;;26,6;19,5;26,6;26,4;20;19,5;68;65;65;90;4,6;2,3;
2021/01/18;0700 UTC;0;982,9;982,9;982,5;;26,4;17,4;26,7;26,4;19,6;17,4;65;57;58;101;5,9;2,5;
2021/01/18;0800 UTC;0;983,4;983,4;982,9;;26,1;17,3;26,4;26;17,5;17,2;59;57;59;95;5,5;2,8;
2021/01/18;0900 UTC;0;984,2;984,2;983,4;6,5;25,6;16,5;26,1;25,6;17,4;16,4;59;57;57;105;6,1;3,2;
2021/01/18;1000 UTC;0;984,7;984,7;984,2;120;25,6;16,8;25,6;25,4;16,8;16,4;59;57;58;105;5,5;2,5;
2021/01/18;1100 UTC;0;985,1;985,1;984,7;1139,8;27,6;16,4;27,7;25,7;16,9;16;58;50;50;125;6,1;3,4;
2021/01/18;1200 UTC;0;985,2;985,4;985,1;1674,8;28,3;16,1;28,5;27,5;16,6;15,7;51;47;47;201;6,1;1,3;
2021/01/18;1300 UTC;0;985;985,2;984,9;2556,3;30,4;15;30,5;27,7;16,7;14,7;50;39;39;226;5,9;1,5;
2021/01/18;1400 UTC;0;984,5;985;984,5;2362,3;31,5;14,7;31,5;29;15,7;14,1;43;36;36;285;4,1;,7;
2021/01/18;1500 UTC;0;983,8;984,5;983,8;3286,6;32,6;14,1;33,8;30,3;15,1;13,7;39;31;33;59;4,6;,9;
2021/01/18;1600 UTC;0;982,9;983,8;982,9;3452,9;34;13,3;35,1;32,2;14,6;12,7;33;27;29;214;5,8;0;
2021/01/18;1700 UTC;0;981,8;982,8;981,8;3328;34,9;13,3;35,2;33,3;14;12,6;30;27;27;226;9;1,7;
2021/01/18;1800 UTC;0;981;981,8;981;2866,2;35,5;13,6;35,5;34;14,3;12;29;25;27;252;6,4;2,3;
2021/01/18;1900 UTC;0;980,6;981;980,6;2165,8;35,7;13,5;35,9;34,7;14,2;12,4;29;26;26;227;6,4;,3;
2021/01/18;2000 UTC;0;980,4;980,6;980,4;1187,6;34,8;13,5;35,8;34,5;13,8;12,8;28;26;28;286;4;,1;
2021/01/18;2100 UTC;0;980,7;980,7;980,4;310,4;33;13,4;35;33;13,9;12,6;31;27;31;253;4;0;
2021/01/18;2200 UTC;0;981,3;981,3;980,7;;31;14,1;33;31;14,5;13,3;36;30;36;253;2,5;0;
2021/01/18;2300 UTC;0;982;982;981,3;;29,3;17,8;31;29,3;17,8;14;50;36;50;263;5,5;0;
2021/01/19;0000 UTC;0;982,9;982,9;982;;28;18,1;29,3;27,9;18,4;17,7;56;50;55;302;0;0;
2021/01/19;0100 UTC;0;983,2;983,2;982,9;;27,2;18,7;27,8;27,1;18,7;18,1;60;56;60;320;0;0;
2021/01/19;0200 UTC;1;984,1;984,1;983,2;;27,1;19,6;28,9;26,9;19,6;17,8;64;53;64;25;7,8;4,2;
2021/01/19;0300 UTC;3;984;984,4;984;;24,4;21,3;27,1;24,1;21,4;19,6;83;64;83;88;8,1;1,1;
2021/01/19;0400 UTC;22,8;984;984;983,7;;21,9;19,9;24,5;21,8;21,6;19,7;89;83;89;63;9,1;3,8;
2021/01/19;0500 UTC;15;983,8;984,1;983,7;,2;22,5;20,6;22,9;21,8;21,2;19,9;90;89;89;157;9,1;1,2;
2021/01/19;0600 UTC;2,2;984,1;984,1;983,7;;22,5;20,3;22,9;22,2;20,9;20,2;89;87;87;115;6;2,5;
2021/01/19;0700 UTC;0;984,3;984,3;984;;22,8;20,8;22,8;22,4;20,8;20,3;88;87;88;102;4,9;0;
2021/01/19;0800 UTC;0;984,4;984,4;984,2;;23,1;20,9;23,1;22,6;21;20,5;89;88;88;203;0;0;
2021/01/19;0900 UTC;,4;985,2;985,2;984,4;5,3;23,2;20,9;23,2;22,8;21,1;20,6;88;87;87;153;3;,4;
2021/01/19;1000 UTC;0;985,6;985,6;985,2;117,1;23,6;20,7;23,6;23;21;20,2;87;83;84;155;3,1;0;
2021/01/19;1100 UTC;0;986;986,1;985,6;722,1;25,7;19,9;25,8;23,4;21;19,8;84;70;71;163;2,6;,5;
2021/01/19;1200 UTC;0;986,2;986,3;986;1200,3;26,3;19,6;26,4;25,6;20,6;18,7;72;64;67;126;5,1;2,6;
2021/01/19;1300 UTC;0;986,2;986,3;986,2;1351,5;27,1;18,6;27,5;26,3;19,4;18,1;67;57;60;133;5,9;3,7;
2021/01/19;1400 UTC;0;985,7;986,2;985,7;1657,2;28,5;18,8;28,5;27,1;19,6;18,1;60;55;56;68;5,3;0;
2021/01/19;1500 UTC;0;985;985,7;985;2050,2;29,5;18,3;29,9;28,3;19,4;17,8;58;49;51;47;3,8;1,2;
2021/01/19;1600 UTC;0;984,1;985;984,1;1880,9;30,4;16,8;30,9;29,1;18,8;16,8;53;44;44;9;3,3;1,7;
2021/01/19;1700 UTC;0;983;984,1;983;2416,1;31,4;15,5;32;30,4;18,3;15,5;47;38;38;39;3,7;1,4;
2021/01/19;1800 UTC;0;981,9;983;981,9;1802;32,2;16;32,5;31,4;17,1;14,8;42;35;38;333;3,1;,5;
2021/01/19;1900 UTC;0;981,5;981,9;981,5;971,1;31;18,7;32,2;31;18,7;14,9;48;35;48;255;4,3;1,8;
2021/01/19;2000 UTC;0;981,7;981,7;981,3;817,1;30,5;17,8;32,6;30,5;18,8;16,7;48;40;47;325;4,5;2;
2021/01/19;2100 UTC;0;982,1;982,2;981,7;171,1;29,3;19,3;30,5;29,3;19,4;17,8;55;46;55;319;4,9;1,6;
2021/01/19;2200 UTC;0;982,3;982,3;982;;28,5;20,5;29,3;28,5;20,7;19,4;62;55;62;283;2,6;1,2;
2021/01/19;2300 UTC;0;982,9;982,9;982,3;;27,2;21,1;28,5;27,2;21,1;20,3;69;62;69;249;2,2;1;
2021/01/20;0000 UTC;0;983,7;983,7;982,9;;26,5;22,3;27,4;26,5;22,4;20,6;78;67;78;179;1,3;0;
2021/01/20;0100 UTC;0;984,8;984,8;983,7;;27,3;21,5;27,3;25,7;22,6;21,5;80;70;70;9;4,4;1,6;
2021/01/20;0200 UTC;0;984,8;984,9;984,7;;27,7;19,9;27,7;27,3;21,3;19,8;70;63;63;34;4,1;1,9;
2021/01/20;0300 UTC;0;984,6;984,8;984,5;;26,2;20,3;27,7;26,2;20,3;19,5;70;62;70;98;7,2;1;
2021/01/20;0400 UTC;0;984,5;984,7;984,5;;25,9;19,9;26,3;25,9;20,8;19,7;72;68;70;112;3,4;,2;
2021/01/20;0500 UTC;,6;983,9;984,5;983,9;;24,4;21,4;25,9;24,4;21,4;20;83;70;83;201;2,8;1,1;
2021/01/20;0600 UTC;,2;983,9;984;983,8;;24,4;21,5;24,5;24,2;21,6;21;84;82;84;217;3,8;0;
2021/01/20;0700 UTC;0;984;984;983,7;;24,4;21,5;24,5;24,2;21,8;21,4;85;84;84;117;2,9;0;
2021/01/20;0800 UTC;0;984,2;984,2;984;;23,9;20,1;24,4;23,8;21,4;20,1;84;79;80;114;3,3;,8;
2021/01/20;0900 UTC;0;985;985;984,2;7,3;24,1;19,9;24,1;23,6;20,4;19,8;81;78;78;141;2,7;,1;
2021/01/20;1000 UTC;0;985,6;985,6;985;159,8;24,9;19,5;24,9;24,1;19,9;19;77;70;72;118;2,8;,3;
2021/01/20;1100 UTC;0;985,9;985,9;985,6;636,3;25,7;19,3;25,7;24,9;19,5;18,9;72;66;67;123;5,1;2,6;
2021/01/20;1200 UTC;0;986,3;986,3;985,9;1370,9;26,8;18,5;27;25,8;19,6;18,5;68;60;60;110;6;3,6;
2021/01/20;1300 UTC;0;986,2;986,4;986,2;1575,3;28,3;18,7;28,3;26,8;19,4;18,3;62;55;56;123;6;3,8;
2021/01/20;1400 UTC;0;985,8;986,2;985,8;1857,9;28,7;17,8;28,8;27,9;18,8;17,5;56;51;52;129;7,1;3,2;
2021/01/20;1500 UTC;0;985;985,8;985;2169,9;30,1;17,6;30,3;28,7;18,4;17,2;52;47;47;149;5,9;2,6;
2021/01/20;1600 UTC;0;983,9;985;983,9;2360;31;17,2;31,2;29,6;18,4;16;50;41;44;135;6,2;1,3;
2021/01/20;1700 UTC;0;982,8;984;982,8;1888,8;31,1;17,3;31,8;30,6;17,9;15,8;45;40;44;170;4,5;2,3;
2021/01/20;1800 UTC;0;981,9;982,8;981,9;1201,6;31,4;16,5;31,5;30,7;18,1;15,7;47;39;41;35;4,6;,2;
2021/01/20;1900 UTC;0;981,7;981,9;981,7;1041,2;31,3;17;32,2;31,2;17,9;16,1;45;39;43;243;2,7;1;
2021/01/20;2000 UTC;0;981,3;981,7;981,3;461,1;30,3;17,8;31,3;30,3;18,1;16,9;48;42;47;231;2,9;1,3;
2021/01/20;2100 UTC;0;981,6;981,6;981,2;90,2;27,6;21,5;30,3;27,6;22,3;17,8;72;47;69;296;2,1;,2;
2021/01/20;2200 UTC;0;982,5;982,5;981,6;;27,2;22,7;28,1;27,1;22,7;21;77;66;77;295;2;0;
2021/01/20;2300 UTC;0;983;983;982,4;;26,2;22,8;27,2;26,2;23;21,9;81;75;81;222;0;0;
2021/01/21;0000 UTC;0;984,6;984,6;983;;27,5;20,4;27,5;25,9;23,2;20,4;82;65;65;24;5,9;2,6;
2021/01/21;0100 UTC;0;985,1;985,1;984,6;;26,4;20,4;27,6;26,4;20,5;19,8;70;63;69;76;5,9;,3;
2021/01/21;0200 UTC;0;985,1;985,3;985,1;;26,2;19,7;26,9;26,2;20,3;19,7;69;66;67;47;4,6;0;
2021/01/21;0300 UTC;0;984,2;985,1;984,2;;25,7;20,2;26,2;25,6;20,2;19,7;72;68;72;70;0;0;
2021/01/21;0400 UTC;0;984,1;984,3;984;;25,6;20,3;25,7;25,3;20,7;20,2;75;72;73;89;0;0;
2021/01/21;0500 UTC;,8;983,8;984;983,8;;24,4;21,2;25,6;24,3;21,2;20,1;82;72;82;47;0;0;
2021/01/21;0600 UTC;0;983,6;983,9;983,6;;24,2;21,7;24,5;24;21,7;21,3;86;82;86;117;0;0;
2021/01/21;0700 UTC;0;983,9;983,9;983,6;;24,1;21,7;24,3;23,9;21,8;21,5;87;86;87;163;0;0;
2021/01/21;0800 UTC;0;984,5;984,5;983,9;;24,2;21,6;24,4;24;21,9;21,6;87;86;86;88;0;0;
2021/01/21;0900 UTC;0;985,3;985,3;984,4;7;24,2;21;24,2;24;21,7;21;86;83;83;127;0;0;
2021/01/21;1000 UTC;0;986,3;986,3;985,3;245,1;25;21;25;24,2;21,1;20,6;83;78;78;122;2,8;,3;
2021/01/21;1100 UTC;0;986,8;986,8;986,3;799,4;25,9;19,8;26;25;20,9;19,7;78;69;69;100;4,7;2,7;
2021/01/21;1200 UTC;0;986,5;986,9;986,5;1487,2;27,1;18,6;27,4;25,9;20,1;18,2;69;59;60;109;6,5;4,2;
2021/01/21;1300 UTC;0;986,4;986,6;986,4;1805,7;28,6;17,7;28,6;27,1;18,8;17,1;60;51;52;117;7,6;4,4;
2021/01/21;1400 UTC;0;986,3;986,4;986,2;2139,7;29,6;17,8;29,9;28,2;18,8;16,9;53;47;49;117;7,4;3,3;
2021/01/21;1500 UTC;0;985,3;986,3;985,3;3324,1;30,8;17,5;31,1;29,5;18,1;16,5;49;42;45;133;7,3;4,2;
2021/01/21;1600 UTC;0;984,8;985,3;984,8;2132,9;31,3;16,5;31,4;30,3;17,8;15,9;46;40;41;159;7;2,1;
2021/01/21;1700 UTC;0;983,9;984,8;983,9;2402,2;31,6;15,6;32,9;31,1;17;15,6;42;37;38;158;5,1;2,6;
2021/01/21;1800 UTC;0;983,2;984;983,2;2168,6;32,4;16,1;33,2;31,6;16,6;14,7;40;35;38;194;5,1;1,6;
2021/01/21;1900 UTC;0;982,9;983,2;982,9;1156;31,8;16,4;32,5;31,6;17,1;15,8;41;37;40;206;4,8;2;
2021/01/21;2000 UTC;0;982,9;983;982,7;425,2;30,9;17,5;31,8;30,9;17,8;16,1;46;39;45;240;4,8;2,1;
2021/01/21;2100 UTC;0;983;983;982,7;126,7;29,7;18,3;30,9;29,7;18,4;17,2;51;44;50;241;4,1;2,1;
2021/01/21;2200 UTC;0;983,7;983,7;983;;28,9;18,3;29,7;28,9;18,6;18,3;53;50;53;243;4,1;2;
2021/01/21;2300 UTC;0;984,1;984,1;983,7;;28;19,6;28,9;28;19,6;18,2;60;53;60;288;3,4;0;
2021/01/22;0000 UTC;0;984,7;984,7;984,1;;27,7;19,8;28;27,4;20,8;19,5;67;60;62;241;1,3;0;
2021/01/22;0100 UTC;0;985,4;985,5;984,7;;27,2;20,2;27,8;27,1;20,2;19,4;66;60;66;61;2,8;,4;
2021/01/22;0200 UTC;0;985,4;985,5;985,2;;26,8;20,4;27,5;26,8;20,9;20,1;69;64;68;68;2,8;0;
2021/01/22;0300 UTC;0;985,1;985,4;984,9;;26,1;19,9;26,9;26,1;20,8;19,7;70;65;69;99;4,2;2,3;
2021/01/22;0400 UTC;0;984,6;985,1;984,6;;25,8;20,1;26,1;25,7;20,6;20;73;69;71;94;4,2;,9;
2021/01/22;0500 UTC;0;984,8;984,8;984,6;;25,6;20,9;25,8;25,6;20,9;20,1;75;71;75;64;2,6;,5;
2021/01/22;0600 UTC;,2;984,8;984,9;984,7;;24,4;21,4;25,6;24,3;21,5;20,5;84;74;84;94;4,6;,2;
2021/01/22;0700 UTC;0;985;985,1;984,7;;24,6;21,5;24,7;24,3;21,7;21,4;84;83;83;240;1,6;0;
2021/01/22;0800 UTC;0;985,6;985,6;985;;24,3;19,3;24,7;24,3;21,6;19,3;83;74;74;141;3,7;1,4;
2021/01/22;0900 UTC;0;986,2;986,2;985,5;5,2;24,5;18,3;24,9;24,3;19,4;18,1;74;66;68;147;4,3;1,9;
2021/01/22;1000 UTC;0;986,9;986,9;986,2;194,5;24,8;18,4;24,8;24,5;18,5;18;69;66;67;148;3,8;1,7;
2021/01/22;1100 UTC;0;987,6;987,6;986,9;902,3;26;17,9;26,2;24,8;18,5;17,5;68;59;61;141;5;2,5;
2021/01/22;1200 UTC;0;987,9;987,9;987,5;1441,4;26,8;17,2;27,1;26;18,4;17,2;62;55;56;157;5,7;3;
2021/01/22;1300 UTC;0;987,7;988;987,7;2644,6;28,2;17,2;28,8;26,8;18,2;16,4;56;49;51;115;6,7;2,9;
2021/01/22;1400 UTC;0;987,3;987,6;987,2;2973,4;29,3;16,2;29,8;28;18;16,1;52;45;45;145;6,3;3,5;
2021/01/22;1500 UTC;0;986,8;987,3;986,7;2920,2;30,6;16,5;31,3;29,2;17,3;15,7;48;41;43;189;6,4;3,1;
2021/01/22;1600 UTC;0;986;986,8;986;2471,7;30,9;15,7;31,3;30,2;16,9;15,3;43;38;40;197;6;2,5;
2021/01/22;1700 UTC;0;985,4;986;985,4;2506,5;31,1;16;32,2;30,7;16,8;15,4;42;38;40;201;5,7;2,5;
2021/01/22;1800 UTC;0;984,9;985,4;984,9;1774,2;31,1;14,6;31,9;30,9;16,6;14,5;42;36;37;205;6,1;2,4;
2021/01/22;1900 UTC;0;984,8;984,9;984,8;1602,8;31,8;14,5;32,7;31,1;15,7;14,2;39;33;35;236;5,9;2,9;
2021/01/22;2000 UTC;0;985,4;985,4;984,8;496;30,3;16,4;31,8;30,3;16,6;13,8;43;34;43;259;5,4;2,2;
2021/01/22;2100 UTC;0;985,4;985,5;985,3;127,2;29,4;16,9;30,3;29,4;16,9;16,3;47;43;47;258;4,5;1,1;
2021/01/22;2200 UTC;0;985,2;985,4;985,2;;28,5;18,2;29,4;28,3;19,4;16,7;57;47;54;218;2,7;0;
2021/01/22;2300 UTC;0;985,5;985,5;985,2;;26,7;21,2;28,5;26,7;21,3;17,4;72;52;72;258;,7;0;
2021/01/23;0000 UTC;0;985,9;985,9;985,5;;26,1;21,4;26,7;25,9;21,7;20,7;76;70;75;345;0;0;
2021/01/23;0100 UTC;0;986,2;986,2;985,9;;24,9;21,3;26,2;24,9;21,7;21,1;80;75;80;306;0;0;
2021/01/23;0200 UTC;0;986;986,2;985,8;;26,8;16,9;28,1;24,9;21,5;16,3;81;48;55;152;3,4;,7;
2021/01/23;0300 UTC;0;985,7;986;985,7;;27,9;16,1;28,3;26,7;17,8;15,9;58;47;49;151;6,2;2,4;
2021/01/23;0400 UTC;0;985,3;985,7;985,2;;27,4;16,1;27,9;27,4;16,3;16;50;49;50;152;7,7;4,1;
2021/01/23;0500 UTC;0;984,9;985,3;984,9;;27,1;16,4;27,5;27,1;16,4;16,1;52;50;52;155;7,7;1,6;
2021/01/23;0600 UTC;0;984,9;985;984,7;;26,7;16,4;27,3;26,7;16,4;16,2;53;51;53;152;6,8;2,6;
2021/01/23;0700 UTC;0;985,1;985,2;984,8;;25,3;17,4;26,8;25,3;17,4;16,3;62;53;62;102;4,3;1,1;
2021/01/23;0800 UTC;0;985,3;985,3;985;;24,3;17,8;25,3;24,3;17,8;17,3;67;61;67;90;2;,4;
2021/01/23;0900 UTC;0;985,5;985,5;985,3;1,4;25,4;16,9;25,5;24;18,2;16,8;70;59;59;147;3,6;2,3;
2021/01/23;1000 UTC;0;986,7;986,7;985,4;148,4;25,6;17,3;25,6;25,4;17,4;16,8;61;58;60;151;4;1,7;
2021/01/23;1100 UTC;0;987,5;987,5;986,7;613,3;26,4;17,7;26,4;25,6;17,7;17,1;61;58;59;138;4,4;2,2;
2021/01/23;1200 UTC;0;987,5;987,7;987,5;1095,6;26,7;17,6;27;26,3;18;16,9;59;54;57;138;5;2,6;
2021/01/23;1300 UTC;0;987,1;987,5;987,1;1595,8;27,7;16,8;28,3;26,7;18;16,6;57;51;52;175;4,8;2,8;
2021/01/23;1400 UTC;0;986,8;987,1;986,8;1861,1;28,1;16,7;28,6;27,6;17,2;16,2;52;48;50;181;5,5;2,7;
2021/01/23;1500 UTC;0;986,3;986,8;986,3;1976,1;28,7;16,1;29,5;27,9;16,9;15,8;50;44;46;189;5,1;2,4;
2021/01/23;1600 UTC;0;985,2;986,3;985,2;1949,6;29,5;16;29,9;28,6;16,8;15,4;48;43;44;180;5;2,4;
2021/01/23;1700 UTC;0;984,3;985,2;984,3;1564;30,7;16,2;30,7;29,4;16,8;15,2;45;41;42;181;4,8;,8;
2021/01/23;1800 UTC;0;983,6;984,3;983,6;1646,6;31,1;15,7;31,3;30,2;16,6;15,1;43;39;39;162;4,3;0;
2021/01/23;1900 UTC;0;983,4;983,6;983,3;873,8;30,7;16,1;31,2;30,5;16,4;15,5;42;39;41;208;4,6;0;
2021/01/23;2000 UTC;0;983,5;983,5;983,3;515,3;30,6;16;30,9;30,4;17;15,8;44;41;41;203;2,3;0;
2021/01/23;2100 UTC;0;983,8;983,8;983,4;207;29,3;16,6;30,6;29,3;16,9;15,6;46;40;46;227;2,1;0;
2021/01/23;2200 UTC;0;984,1;984,1;983,8;;28,2;17,4;29,3;27,7;18,2;16,3;56;46;52;219;1,1;0;
2021/01/23;2300 UTC;0;984,6;984,6;984,1;;28,4;17,1;28,4;27,4;18,7;17,1;59;50;50;192;4,3;,8;
2021/01/24;0000 UTC;0;984,7;985;984,5;;28,2;17,5;28,5;28;17,6;16,8;53;49;52;175;4,8;,8;
2021/01/24;0100 UTC;0;984,7;984,9;984,7;;28;17,6;28,4;27,8;17,6;17,3;54;51;53;175;5,2;2,3;
2021/01/24;0200 UTC;0;985,1;985,4;984,7;;27,2;18,1;28;27;18,1;17,6;58;53;58;160;5,2;2,8;
2021/01/24;0300 UTC;0;984,6;985,1;984,6;;26,5;18,1;27,2;26,5;18,1;18;60;58;60;168;8,8;3,5;
2021/01/24;0400 UTC;0;984;984,6;984;;25,9;18;26,5;25,9;18,1;18;62;60;62;167;6,7;3,3;
2021/01/24;0500 UTC;0;983,6;984;983,5;;25,6;17,8;26;25,5;18,1;17,8;63;62;62;151;6,4;2,8;
2021/01/24;0600 UTC;0;983,7;983,8;983,4;;24,8;17,7;25,6;24,8;17,9;17,7;65;62;65;143;4,6;1,8;
2021/01/24;0700 UTC;0;984;984,2;983,7;;24,4;17,8;24,8;24;18;17,7;69;65;67;156;3,3;,3;
2021/01/24;0800 UTC;0;984,5;984,5;984;;22,8;18;24,4;22,8;18;17,6;74;66;74;115;2,2;0;
2021/01/24;0900 UTC;0;985;985,1;984,5;5,7;21,9;18,5;22,8;21,8;18,5;17,9;81;74;81;266;1,1;0;
2021/01/24;1000 UTC;0;985,3;985,3;984,9;436,4;25,1;17,6;25,4;21,9;19,8;17,4;82;61;63;140;2,6;0;
2021/01/24;1100 UTC;0;986,1;986,1;985,3;1310,3;26,6;16,9;27;25,1;17,9;16,9;63;55;55;147;4,7;,8;
2021/01/24;1200 UTC;0;985,9;986,1;985,9;1851,1;27,5;17,6;27,5;26,6;17,6;16,8;56;53;55;167;5,7;1,8;
2021/01/24;1300 UTC;0;985,8;985,9;985,8;2417,8;29,4;17;29,8;27,1;17,8;16,1;55;46;47;145;5,2;2,1;
2021/01/24;1400 UTC;0;985,3;985,8;985,3;3533,5;30,7;16,4;30,9;28,9;17,4;15,6;48;42;42;157;6,6;2,9;
2021/01/24;1500 UTC;0;984,5;985,3;984,5;2226,7;30,3;16,1;30,8;29,7;16,9;15,8;45;42;42;197;5,9;1,9;
2021/01/24;1600 UTC;0;983,7;984,5;983,7;3052,1;31,2;16;32,6;30,2;17,2;15,8;44;38;40;242;5,7;2,5;
2021/01/24;1700 UTC;0;982,6;983,7;982,6;2982,8;32,1;14,9;33,5;31;17,1;14,9;43;34;35;192;5,8;1,6;
2021/01/24;1800 UTC;0;981,8;982,6;981,8;2511,3;34,1;14,8;34,4;32,2;16,3;14,7;38;31;31;255;5,1;1,3;
2021/01/24;1900 UTC;0;981,5;981,8;981,5;2117,7;34,2;14,8;35;33,7;15,6;14,5;33;30;31;234;4,1;0;
2021/01/24;2000 UTC;0;981,4;981,5;981,3;1109,8;33,3;15,4;34,5;33,3;15,7;14,6;34;31;34;210;3,1;,3;
2021/01/24;2100 UTC;0;981,6;981,6;981,3;274,3;32,2;15,1;33,5;32,2;16;14,6;36;33;36;196;2,8;0;
2021/01/24;2200 UTC;0;982;982;981,5;;29,4;20;32,1;29,4;20,1;14,8;57;35;57;175;0;0;
2021/01/24;2300 UTC;0;982,4;982,4;982;;29,9;17,9;30,1;29,2;19,9;17,4;57;47;49;197;2,2;0;
2021/01/25;0000 UTC;0;982,9;982,9;982,4;;29,3;17,8;29,9;28,9;19,1;17,8;55;48;50;185;2,1;0;
2021/01/25;0100 UTC;0;983,3;983,3;982,9;;28,8;17;29,7;28,8;17,6;16,1;50;44;49;154;2,9;,7;
2021/01/25;0200 UTC;0;983,2;983,4;983,2;;29,8;15,2;29,9;27,5;19,2;15,2;60;41;41;164;4,6;2,9;
2021/01/25;0300 UTC;0;983,1;983,3;983;;29,3;15,5;30;29,2;15,6;15,1;44;41;43;123;6;3,4;
2021/01/25;0400 UTC;0;982,6;983,1;982,6;;28,7;16;29,3;28,6;16;15,5;46;43;46;140;6,6;3,1;
2021/01/25;0500 UTC;0;982,4;982,6;982,4;;27,7;18,8;28,7;27,7;18,8;16;58;46;58;116;5,5;3,4;
2021/01/25;0600 UTC;0;982,6;982,6;982,4;;26,4;19,2;27,7;26,4;19,2;18,8;65;58;65;108;6,6;2,5;
2021/01/25;0700 UTC;0;982,8;982,9;982,5;;25,9;19,4;26,4;25,9;19,4;19,2;67;65;67;118;4,1;1,6;
2021/01/25;0800 UTC;0;983,2;983,2;982,8;;25,5;19,5;25,9;25,3;19,6;19,4;70;67;70;111;3,3;1,7;
2021/01/25;0900 UTC;0;983,7;983,7;983,2;34,1;25,3;19,5;25,5;25,2;19,6;19,5;71;70;70;117;3,6;1,8;
2021/01/25;1000 UTC;0;984,6;984,6;983,7;232,9;25,8;18,5;25,9;25,2;19,6;18,3;71;63;64;115;3,6;2,3;
2021/01/25;1100 UTC;0;985,1;985,1;984,5;514,4;26,1;17,7;26,2;25,5;18,7;17,7;66;60;60;121;6,4;3,2;
2021/01/25;1200 UTC;0;985,2;985,4;985,1;1478,3;28,1;17,7;28,1;26,1;18,1;17,1;61;52;53;137;5,5;2,7;
2021/01/25;1300 UTC;0;985,1;985,2;985,1;2946,9;29,5;16,9;29,6;28;17,7;16,5;53;46;47;135;8,2;2,6;
2021/01/25;1400 UTC;0;984,5;985,1;984,5;3326,8;31,4;16;31,8;29,4;17,5;16;47;39;40;134;7;,8;
2021/01/25;1500 UTC;0;983,7;984,5;983,7;3412;32,5;15,8;32,8;31,3;16,8;15,1;41;36;37;152;5,8;2,2;
2021/01/25;1600 UTC;0;982,8;983,7;982,8;2689,7;32,5;15,4;33,7;32;16,7;14,5;38;33;36;163;5,8;,2;
2021/01/25;1700 UTC;0;981,8;982,8;981,8;2859,6;34,7;15;34,9;32,5;16;14,4;36;30;31;191;4,8;1,4;
2021/01/25;1800 UTC;0;981;981,8;981;2611,6;33,9;14,3;35,2;33,8;15,3;13,6;32;29;31;324;7;1,3;
2021/01/25;1900 UTC;0;980,5;981;980,5;1738,6;34,3;14,7;35,4;33,8;15,4;13,8;32;29;31;157;4,2;,9;
2021/01/25;2000 UTC;0;980,4;980,5;980,2;1122,6;34,1;14,1;35,3;34,1;15,6;13,9;32;29;30;208;5,7;,1;
2021/01/25;2100 UTC;0;980,6;980,6;980,4;180,8;32,1;16;34,1;32,1;16;14;38;30;38;231;4,1;1,6;
2021/01/25;2200 UTC;0;981;981;980,6;,3;30,9;16,6;32,1;30,9;16,6;15,5;42;38;42;233;3,7;1,8;
2021/01/25;2300 UTC;0;981,6;981,6;981;;30,4;17;30,9;30,2;17,5;16,6;46;42;45;199;3,5;0;
2021/01/26;0000 UTC;0;982,1;982,1;981,6;;29,1;18,2;30,4;29;18,2;16,8;52;44;52;254;1,5;0;
2021/01/26;0100 UTC;0;982,8;982,8;982,1;;28,8;19,1;29,1;28,3;19,5;18,2;59;52;56;285;0;0;
2021/01/26;0200 UTC;0;983,3;983,4;982,8;;28;19,9;28,9;27,9;20,3;18,1;63;52;62;87;0;0;
2021/01/26;0300 UTC;0;983,1;983,4;983,1;;28,3;19,2;28,7;27,9;19,8;18,7;62;55;58;12;4,3;1;
2021/01/26;0400 UTC;0;982,9;983,1;982,8;;28;19,8;28,3;27,9;19,8;19,2;61;58;61;43;4,1;2;
2021/01/26;0500 UTC;2,6;982,9;983,1;982,9;;25;21,7;28;24,9;21,7;19,7;82;61;82;149;6,5;1;
2021/01/26;0600 UTC;0;983,1;983,1;982,9;,4;25;21,5;25,1;24,9;22,1;21,5;84;81;81;124;3,3;0;
2021/01/26;0700 UTC;0;983,3;983,3;983;2,1;24,7;20;25,1;24,6;21,5;19,8;81;73;75;110;2,6;,2;
2021/01/26;0800 UTC;0;983,8;983,8;983,3;2,4;25;19,1;25,2;24,6;20,1;19,1;76;69;70;126;2,8;0;
2021/01/26;0900 UTC;0;984,2;984,2;983,8;,6;25;18,9;25,2;24,7;19,7;18,7;74;67;69;115;4,8;0;
2021/01/26;1000 UTC;0;985;985;984,2;107,3;25,3;18,6;25,3;24,8;19;18,6;70;67;67;123;3,2;1,2;
2021/01/26;1100 UTC;0;985,5;985,5;985;531;26,2;18,7;26,2;25,3;19,2;18,6;68;63;63;101;3,2;0;
2021/01/26;1200 UTC;0;985,6;985,7;985,5;1582,7;27,5;18,4;27,5;26,2;19,4;18,1;64;57;58;115;5,2;2,7;
2021/01/26;1300 UTC;0;985,4;985,6;985,4;2191,3;28,7;18;28,8;27,3;18,9;17,2;59;51;52;116;6,2;2,6;
2021/01/26;1400 UTC;0;984,9;985,4;984,9;2359,5;30,4;16,6;30,5;28,6;18,1;16,2;53;43;43;155;5,1;1,9;
2021/01/26;1500 UTC;0;984,2;984,9;984,2;2881,7;31,3;17,5;31,7;30,2;18;15,8;45;40;44;126;5,3;2,6;
2021/01/26;1600 UTC;0;983,1;984,2;983,1;3509,7;32,4;15,6;33,2;30,8;17,4;15,1;44;35;36;138;4,8;1,2;
2021/01/26;1700 UTC;0;982,4;983,1;982,3;2252,1;33,5;15,4;33,6;31,7;16,3;14,5;38;33;34;299;5,2;1,1;
2021/01/26;1800 UTC;0;981,7;982,4;981,7;1786,1;33,6;14,8;33,7;32,4;15,7;14,2;36;32;32;177;3,4;1,1;
2021/01/26;1900 UTC;0;981,4;981,7;981,4;1397,5;32,7;14,9;34,1;32,7;15,9;14,2;37;31;34;205;3,2;1;
2021/01/26;2000 UTC;0;981,6;981,6;981,4;979,1;31,7;17,9;34,2;31,7;17,9;14,5;44;31;44;281;6,7;2,9;
2021/01/26;2100 UTC;0;982;982;981,6;239,4;30,8;16,8;31,7;30,7;17,6;16,8;45;42;43;269;6,5;2;
2021/01/26;2200 UTC;0;982,2;982,2;981,9;2,5;29,1;18,8;30,8;29,1;19,4;16,8;56;43;54;329;3,4;0;
2021/01/26;2300 UTC;0;983;983;982,2;;28,7;21;29,2;28,4;21;18,9;63;54;63;212;2;0;
2021/01/27;0000 UTC;0;983,4;983,4;983;;29;18,3;29,3;28,6;21,3;18,3;64;52;52;185;3,3;1,7;
2021/01/27;0100 UTC;0;983,7;983,7;983,4;;28,4;17,4;29;28,4;18,8;17,4;55;51;51;202;2,3;,9;
2021/01/27;0200 UTC;0;983,8;983,8;983,7;;27,9;17,3;28,4;27,6;18,2;16,1;56;47;52;165;1,8;0;
2021/01/27;0300 UTC;0;983,9;984;983,8;;29,2;14,6;29,3;27,2;18,5;14,4;58;40;41;95;4,3;,9;
2021/01/27;0400 UTC;0;983,6;983,9;983,5;;28,4;17,2;29,3;28,3;17,2;14,7;51;41;51;145;6,2;3,8;
2021/01/27;0500 UTC;,4;983,9;983,9;983,6;;23,8;20,1;28,4;23,8;20,2;17,2;80;51;80;114;8;3,3;
2021/01/27;0600 UTC;1,2;983,8;983,9;983,7;;23,5;20,6;23,8;23,4;20,8;20,2;84;80;84;86;5,1;2,5;
2021/01/27;0700 UTC;,4;984;984,1;983,7;;23,2;20,8;23,5;23,2;20,9;20,6;87;84;86;50;4,6;0;
2021/01/27;0800 UTC;,6;984,1;984,1;984;;23,2;21,1;23,3;23;21,2;20,8;88;86;88;128;0;0;
2021/01/27;0900 UTC;0;984,4;984,5;984,1;8,2;23,4;21,2;23,4;23,2;21,3;21;88;88;88;64;0;0;
2021/01/27;1000 UTC;0;985;985;984,4;319,8;24;21,3;24;23,1;21,5;20,9;88;85;85;347;0;0;
2021/01/27;1100 UTC;0;985,8;985,8;985;1237,5;25,7;20,4;26,5;24;21,7;20,4;85;72;73;243;2;0;
2021/01/27;1200 UTC;0;985,9;985,9;985,7;1313,9;27,3;20,1;27,3;25,5;21;20,1;74;65;65;131;2,8;,4;
2021/01/27;1300 UTC;0;985,5;985,9;985,5;1562,4;28;19,8;29;27;21;19,3;66;58;61;302;2,8;,1;
2021/01/27;1400 UTC;0;985,2;985,5;985,1;2164;29,8;18,8;30,3;28;20,6;18;62;49;52;70;3,3;0;
2021/01/27;1500 UTC;0;984,2;985,2;984,2;2730,1;31,3;16,6;32,3;29,8;19;16,2;52;40;41;200;4,3;1,6;
2021/01/27;1600 UTC;0;983,1;984,2;983,1;3483,3;32,5;16,9;33,3;30,7;18;15,7;44;36;39;327;5,9;2;
2021/01/27;1700 UTC;0;982,1;983,1;982,1;2816,6;32,2;16,2;34,2;32,1;18,3;14,8;41;33;38;227;4,2;,8;
2021/01/27;1800 UTC;0;981,2;982,1;981,2;3001,2;34,8;16;35,1;32,2;16,7;14,5;39;30;33;176;4,1;0;
2021/01/27;1900 UTC;0;980,8;981,2;980,8;1455,1;33,2;18,3;35,3;33,2;18,9;14,4;42;30;41;35;3,7;0;
2021/01/27;2000 UTC;0;980,6;980,8;980,6;555,4;32,9;20,4;33,4;32,5;22;16,9;54;38;48;211;0;0;
2021/01/27;2100 UTC;0;980,8;980,8;980,6;143,6;30,4;18,9;32,9;30;23,2;18,8;66;48;50;278;2,3;,5;
2021/01/27;2200 UTC;0;981,2;981,2;980,8;;27,8;20,3;30,4;27,8;20,5;18,5;64;50;64;234;2,3;0;
2021/01/27;2300 UTC;0;982;982;981,2;;27;22;27,8;26,6;22;19,7;74;63;74;209;0;0;
2021/01/28;0000 UTC;0;982,9;982,9;982;;26,9;21,1;28,5;26,7;22,2;19,7;75;59;70;262;2;,8;
2021/01/28;0100 UTC;0;983,6;983,6;982,8;;26,7;21,4;27,1;25,8;21,8;20,6;77;69;73;145;2,1;1,3;
2021/01/28;0200 UTC;0;983,7;983,8;983,5;;28,2;19,5;28,7;26,7;21,4;18,5;73;55;59;53;4,3;1,3;
2021/01/28;0300 UTC;0;983,5;983,8;983,5;;28;18,7;28,3;27,6;19,8;18,5;62;55;57;136;3,7;1,4;
2021/01/28;0400 UTC;2,6;983,5;983,7;983,4;;24,1;21,5;28,2;24,1;21,5;18,6;85;57;85;124;5,6;0;
2021/01/28;0500 UTC;0;983,2;983,6;983,1;;24,3;21,6;24,4;24,1;21,7;21,5;86;85;85;75;2,5;0;
2021/01/28;0600 UTC;0;983,3;983,3;983;;24,5;22;24,6;24,2;22,1;21,5;86;85;86;348;0;0;
2021/01/28;0700 UTC;0;983,5;983,5;983,1;;24,5;22;24,6;24,3;22,2;21,7;86;85;86;293;0;0;
2021/01/28;0800 UTC;0;983,8;983,8;983,5;;24,4;21,9;24,5;24,2;22,1;21,7;87;86;86;144;0;0;
2021/01/28;0900 UTC;0;984,3;984,3;983,8;17,3;24,7;19,3;25;24,4;22,1;19,2;86;72;72;119;4,1;,4;
2021/01/28;1000 UTC;0;985,1;985,1;984,3;151;25;18,9;25;24,7;19,1;18,6;72;68;69;121;4,1;0;
2021/01/28;1100 UTC;0;985,5;985,5;985,1;871,5;26,5;19,1;26,5;25;19,4;18,7;69;63;64;119;5,5;2,8;
2021/01/28;1200 UTC;0;985,9;985,9;985,5;1621;27,7;18,9;27,7;26,5;19,5;18,6;65;58;59;124;6,8;3,2;
2021/01/28;1300 UTC;0;985,6;986;985,6;1605,8;28,6;18,6;28,6;27,5;19,6;18,4;60;54;55;113;5,5;2,3;
2021/01/28;1400 UTC;0;985,3;985,7;985,3;2157,3;29,8;17,7;30,7;28,4;19,7;17,7;57;48;48;156;5,3;1,6;
2021/01/28;1500 UTC;0;984,6;985,3;984,5;2888,8;31,6;18,5;31,6;29,8;19,6;17,5;52;45;46;10;5,6;1,1;
2021/01/28;1600 UTC;0;983,4;984,5;983,4;2884,5;32,7;17,4;32,7;30,8;19,5;17,1;48;40;40;328;4,5;1,5;
2021/01/28;1700 UTC;0;982,3;983,4;982,3;3071,6;34,8;16,7;34,8;31,5;18,5;15,5;44;34;34;318;4,1;1;
2021/01/28;1800 UTC;0;981,2;982,3;981,2;2480;34,7;16,9;34,9;32,7;18,3;15,3;42;33;35;247;3,9;1,8;
2021/01/28;1900 UTC;0;980,3;981,2;980,3;2092,8;33,7;15,7;35,5;33,6;16,9;15;37;32;34;341;4,2;1,8;
2021/01/28;2000 UTC;0;980,2;980,5;980,2;768,6;31,8;20,2;34,6;31,8;20,4;15,1;51;32;50;316;4,2;,4;
2021/01/28;2100 UTC;0;980,9;980,9;980,2;136,6;31,3;18,7;32,3;31,3;19,6;17,7;50;42;47;244;3,8;1,8;
2021/01/28;2200 UTC;0;981,5;981,5;980,8;;30,5;18,9;31,3;30,5;19,1;18,3;51;46;50;252;3,4;1,4;
2021/01/28;2300 UTC;0;982,2;982,2;981,5;;29,1;19,8;30,5;28,9;20,5;19;60;50;57;254;3,4;1,9;
2021/01/29;0000 UTC;0;983,3;983,3;982,2;;27,9;19,4;29,3;27,9;19,7;19;60;55;60;97;3,8;1;
2021/01/29;0100 UTC;,2;984,1;984,3;983,3;;25,7;17,9;28,3;25,6;19,7;17,8;63;56;62;360;5,1;,1;
2021/01/29;0200 UTC;0;984,9;985,1;984,1;;25,1;18,6;26;25,1;19,1;17,6;69;60;68;332;6;1,1;
2021/01/29;0300 UTC;,2;985,2;985,2;984,9;;24;18,9;25,1;24;19,7;18,5;76;67;73;44;4,6;1,8;
2021/01/29;0400 UTC;0;985,2;985,3;985,1;;23,6;19,9;24;23,6;20;18,9;80;73;80;16;4,6;,3;
2021/01/29;0500 UTC;0;984,5;985,2;984,4;;22,7;19,7;23,7;22,7;20,3;19,7;84;80;83;30;3,6;0;
2021/01/29;0600 UTC;0;984,4;984,5;984,3;;22,9;20;23;22,6;20,1;19,7;84;83;84;273;0;0;
2021/01/29;0700 UTC;0;984,4;984,5;984,3;;23,2;20,5;23,2;22,9;20,5;20,1;85;84;85;338;0;0;
2021/01/29;0800 UTC;0;985,1;985,1;984,3;;23;20,2;23,2;23;20,5;20,2;85;84;84;315;3,2;1,2;
2021/01/29;0900 UTC;0;984,7;985,1;984,7;;22,9;20,4;23;22,8;20,4;20,1;86;84;86;15;2,8;0;
2021/01/29;1000 UTC;0;985,5;985,5;984,7;142,8;23,3;20,9;23,3;22,8;20,9;20,3;87;86;86;301;0;0;
2021/01/29;1100 UTC;0;986,6;986,6;985,5;527,9;24,2;20,9;24,3;23,3;21;20,7;86;81;82;276;1,9;,1;
2021/01/29;1200 UTC;0;986,9;986,9;986,6;943,1;25,8;21;25,9;24,1;21,5;20,8;82;75;75;276;1,8;0;
2021/01/29;1300 UTC;0;986,8;987;986,8;1732,7;27,6;20,1;27,7;25,8;21,5;20,1;75;64;64;79;2,5;0;
2021/01/29;1400 UTC;0;986,7;986,9;986,7;1608,1;28,5;20;28,5;27,3;20,6;19,5;65;60;60;90;3,1;,1;
2021/01/29;1500 UTC;0;985,9;986,7;985,9;1578,2;28,7;19,4;28,9;28,1;20,3;19,3;61;57;57;223;3,5;,1;
2021/01/29;1600 UTC;0;985,1;985,9;985,1;1343,4;29,5;19,9;29,6;28,7;20;19;58;54;56;72;2,4;0;
2021/01/29;1700 UTC;0;984,4;985,1;984,4;1069,3;29,5;19,2;29,9;28,9;19,9;18,8;56;53;54;197;2,9;,1;
2021/01/29;1800 UTC;0;983,7;984,4;983,7;1041,4;29,5;20,1;29,9;29,1;20,2;18,7;59;52;57;302;3,3;,2;
2021/01/29;1900 UTC;0;983,3;983,7;983,3;1018,5;29,3;20,2;29,8;29,2;20,6;19,6;59;55;58;274;2,9;1,6;
2021/01/29;2000 UTC;0;983,1;983,3;983,1;472,3;28,4;20,9;29,3;28,4;20,9;19,8;64;57;64;287;4,2;2,3;
2021/01/29;2100 UTC;0;983,4;983,4;983,1;127,7;27,8;21,3;28,4;27,7;21,4;20,9;68;64;68;283;3,9;1,8;
2021/01/29;2200 UTC;0;983,6;983,6;983,4;;26,9;21,4;27,8;26,9;21,4;21,2;72;68;72;281;3,1;0;
2021/01/29;2300 UTC;0;983,9;983,9;983,6;;26,6;21,3;26,9;26,6;21,4;21,1;73;71;73;261;2,9;0;
2021/01/30;0000 UTC;0;984,2;984,2;983,7;;26,6;21,2;26,8;26,1;21,9;21,1;75;71;72;222;4;1,8;
2021/01/30;0100 UTC;0;984,3;984,5;984,2;;25,6;21,5;26,6;25,6;21,5;21,2;78;72;78;294;3,4;0;
2021/01/30;0200 UTC;0;985,1;985,3;984,3;;25,7;21,7;25,8;25,2;22;21,4;81;78;78;91;5;,7;
2021/01/30;0300 UTC;0;984,3;985,1;984,3;;26;21,8;26;25,6;22;21,7;80;78;78;193;3,1;0;
2021/01/30;0400 UTC;0;983,9;984,3;983,9;;26,1;21,6;26,1;25,8;21,9;21,6;79;76;76;212;2,2;0;
2021/01/30;0500 UTC;1,2;983,8;983,9;983,6;;24,5;21,5;26,1;24,5;22;21,3;84;76;83;14;3,7;,2;
2021/01/30;0600 UTC;,6;983,7;983,8;983,6;;24,4;21,3;24,7;24,4;22;21,3;85;82;83;124;4,3;,8;
2021/01/30;0700 UTC;0;984,1;984,1;983,6;;24,6;21,5;24,9;24,4;21,6;21,3;84;81;83;81;3,3;0;
2021/01/30;0800 UTC;0;984;984,1;983,8;;24,3;21,9;24,6;24,3;21,9;21,5;86;83;86;163;1,4;0;
2021/01/30;0900 UTC;0;984,7;984,7;984;,8;24;21,6;24,4;24;22;21,5;86;85;86;19;0;0;
2021/01/30;1000 UTC;0;985,6;985,6;984,7;263,1;24,9;21,9;24,9;23,8;22,3;21,4;87;84;84;110;0;0;
2021/01/30;1100 UTC;0;986,1;986,2;985,6;387,9;25,4;21,6;25,4;24,8;22;21,2;84;79;79;98;0;0;
2021/01/30;1200 UTC;0;986,8;986,8;986,1;864,1;26,5;20,6;26,5;25,4;21,6;20,4;79;69;70;116;3,3;,8;
2021/01/30;1300 UTC;0;987;987,1;986,8;1114,6;28,1;19,8;28,2;26,4;20,8;19,7;71;60;61;121;4;0;
2021/01/30;1400 UTC;0;986,9;987;986,9;1795,8;28,7;18,3;29;28,1;20,2;18,3;62;53;53;8;5,1;0;
2021/01/30;1500 UTC;0;986,3;986,9;986,3;2465,9;30,3;19;30,5;28,7;19,5;18;55;48;51;108;3,2;0;
2021/01/30;1600 UTC;0;985,5;986,3;985,5;2761,3;31,3;17,7;32;30,2;19,1;17,2;51;43;44;257;4,2;2,3;
2021/01/30;1700 UTC;0;984,3;985,5;984,3;2094,2;30,7;19,4;31,9;30,7;19,7;17,3;51;43;51;273;5,5;3;
2021/01/30;1800 UTC;4,2;984,9;985,4;984;627,6;25,1;19,8;30,7;25;20,8;18,6;78;51;72;125;7;2,3;
2021/01/30;1900 UTC;,4;983,8;984,9;983,6;344,4;24,6;20,6;25,2;24,6;20,6;19,4;78;71;78;215;6,4;3,3;
2021/01/30;2000 UTC;0;984;984,2;983,8;190,4;25,1;19,2;25,3;24,6;20,7;19;79;68;70;224;7;3,5;
2021/01/30;2100 UTC;0;985,1;985,1;984;105,3;24,1;19,2;25,4;24,1;19,9;17,9;75;64;74;358;5,7;1,5;
2021/01/30;2200 UTC;,4;985,2;985,6;985;;24;20,7;24,3;23,9;20,7;19,1;82;73;82;95;2,8;0;
2021/01/30;2300 UTC;,2;985,3;985,4;985,1;;23,7;20,9;24;23,5;21;20,5;85;82;84;305;2,4;0;
2021/01/31;0000 UTC;0;986,5;986,5;985,3;;23,4;20,5;23,7;23,2;20,9;20,4;85;83;84;87;0;0;
2021/01/31;0100 UTC;0;987,7;987,7;986,6;1,1;23,6;20,6;23,8;23,4;21,3;20,6;86;83;83;127;6,3;3,6;
2021/01/31;0200 UTC;3;987,2;987,7;986,6;;22,7;20;23,9;22,4;20,6;19,8;86;81;85;140;7,8;,5;
2021/01/31;0300 UTC;0;986,6;987,2;986,5;;22,8;20,5;23;22,5;20,6;20;87;85;87;188;3,1;1,5;
2021/01/31;0400 UTC;0;985,8;986,7;985,8;;22,7;20,6;22,9;22,6;20,7;20,4;88;87;88;212;3;0;
2021/01/31;0500 UTC;0;985,7;985,8;985,5;;22,7;20,7;22,9;22,7;20,9;20,6;89;88;89;338;2;0;
2021/01/31;0600 UTC;0;985,2;985,7;985,2;;22,6;20,8;22,8;22,6;20,9;20,7;89;89;89;39;0;0;
2021/01/31;0700 UTC;0;985,2;985,4;985,1;;22,4;20,7;22,7;22,4;20,9;20,6;90;89;90;135;0;0;
2021/01/31;0800 UTC;0;985,5;985,5;985,2;;22,3;20,6;22,5;22,2;20,7;20,5;90;90;90;107;0;0;
2021/01/31;0900 UTC;0;985,4;985,5;985,1;5,8;22,1;20,4;22,3;22;20,6;20,3;90;90;90;138;0;0;
2021/01/31;1000 UTC;0;986,2;986,3;985,4;323,3;23,1;21,2;23,2;22,1;21,4;20,4;90;89;89;17;1,6;0;
2021/01/31;1100 UTC;,2;986,5;986,5;986,1;1008,8;25,1;20,3;25,5;23,1;22,2;20,3;89;75;75;111;4,6;2,8;
2021/01/31;1200 UTC;0;986,6;986,7;986,4;1608,8;25,9;19,3;26,1;25;20,8;19,3;77;67;67;106;6,4;3,8;
2021/01/31;1300 UTC;0;986,6;986,8;986,5;1920,9;27;19,2;27;25,8;20,2;18,6;70;61;62;106;6,6;2,8;
2021/01/31;1400 UTC;0;986,3;986,7;986,3;1769,8;28;19,1;28;26,6;19,8;18,7;65;58;59;102;5,5;1,8;
2021/01/31;1500 UTC;0;986;986,3;986;2615,8;29,2;18,6;29,6;28;19,8;17,9;59;51;53;110;6,6;2,3;
2021/01/31;1600 UTC;0;985;986;985;2439,4;30,8;18;31,5;29,2;19,7;17,5;55;44;47;135;5,5;,9;
2021/01/31;1700 UTC;0;983,8;985,1;983,8;2113,6;32;16,4;32,1;30,6;18,6;16,4;48;39;39;137;4,3;0;
2021/01/31;1800 UTC;0;983,4;983,8;983,4;1217,9;32,2;18,1;32,2;31,4;18,7;16,1;48;39;43;92;2,6;0;
2021/01/31;1900 UTC;0;983;983,4;983;667,9;30,7;19,7;32,7;30,7;22;16,2;59;37;52;310;,6;0;
2021/01/31;2000 UTC;0;982,6;983;982,6;558,9;31,3;18,4;31,3;30,2;21,4;18,2;59;46;47;344;1,7;0;
2021/01/31;2100 UTC;0;982,7;982,7;982,6;287,8;28,8;21,5;31,5;28,8;22,3;19,1;67;47;65;274;0;0;
2021/01/31;2200 UTC;0;983;983;982,7;;27,7;20,9;28,9;27,6;22,3;20,6;71;61;66;292;2,3;0;
2021/01/31;2300 UTC;0;983,4;983,4;983;;27,5;20,6;27,7;26,8;21,4;20,5;71;65;66;225;2,6;0;
2021/02/01;0000 UTC;0;983,9;983,9;983,4;;26,9;20,6;27,5;26,9;20,7;20,4;68;66;68;214;0;0;
2021/02/01;0100 UTC;0;984;984,1;983,9;;25,6;21,2;26,9;25,6;21,2;20,6;77;68;77;271;0;0;
2021/02/01;0200 UTC;0;984,4;984,5;983,9;;25,5;21,3;26,1;25,3;21,4;20,9;78;74;78;103;6,3;0;
2021/02/01;0300 UTC;0;983,7;984,4;983,7;;25,2;21,3;25,7;25,1;21,6;21,2;79;77;79;44;0;0;
2021/02/01;0400 UTC;0;983,3;983,8;983,3;;24,6;21,3;25,3;24,3;21,3;21,1;83;79;81;63;2,8;,2;
2021/02/01;0500 UTC;0;983,2;983,3;983,2;;25,6;18,8;26;24,4;21,2;18,7;81;64;66;118;5,4;1,5;
2021/02/01;0600 UTC;0;983,5;983,5;983,1;;24,7;18,7;25,8;24,6;18,9;18,6;69;65;69;114;6,1;,6;
2021/02/01;0700 UTC;0;983,5;983,5;983,2;;23,6;18,5;24,8;23,6;18,7;18,5;73;69;73;112;3,6;0;
2021/02/01;0800 UTC;0;983,7;983,7;983,5;;23,3;18,3;23,6;23;18,9;18,3;77;73;74;103;1,9;0;
2021/02/01;0900 UTC;0;984,1;984,1;983,7;5,7;23,1;18;23,6;22,9;18,3;17,9;74;71;73;81;0;0;
2021/02/01;1000 UTC;0;985,1;985,1;984,1;328;24;18,4;24,1;23;18,6;17,9;74;70;71;53;0;0;
2021/02/01;1100 UTC;0;985,8;985,8;985,1;1259,3;26,3;18,6;26,3;24;19;18,3;71;63;63;108;6,8;4,2;
2021/02/01;1200 UTC;0;986,1;986,1;985,8;1834,7;26,6;18;27,1;26,3;19,2;17,8;63;58;59;135;7,8;4,5;
2021/02/01;1300 UTC;0;985,8;986,2;985,8;2226,5;27,4;18,7;28,3;26,5;19,7;17,8;61;55;59;97;7,8;3,9;
2021/02/01;1400 UTC;0;985,6;985,8;985,6;2873,5;29,2;18,1;29,5;27,5;19,1;17,9;59;50;51;78;8;3,6;
2021/02/01;1500 UTC;0;984,8;985,6;984,8;1981;30,3;18;30,3;29;18,8;17,3;53;46;48;128;7,2;1,6;
2021/02/01;1600 UTC;0;983,8;984,8;983,8;3520,9;32,3;17,4;32,5;30,3;18,8;16,2;49;39;41;96;6,6;2,6;
2021/02/01;1700 UTC;0;982,7;983,8;982,7;2647,2;32,5;14,9;33,4;31,5;17,3;14,5;42;32;35;112;6;1,6;
2021/02/01;1800 UTC;0;981,8;982,7;981,8;2430,5;33,8;15,6;34,3;32,5;16,7;14,5;38;32;34;101;6;0;
2021/02/01;1900 UTC;0;981,4;981,8;981,4;1578,6;32,5;15,5;33,8;32,5;16,7;14,5;38;32;36;44;5,4;2,3;
2021/02/01;2000 UTC;0;981,5;981,5;981,4;570;32,3;14,9;32,5;31,7;17;14,9;41;35;35;31;4,8;,5;
2021/02/01;2100 UTC;0;981,3;981,5;981,2;245;29,2;20,2;32,4;29,2;20,3;14,6;58;34;58;55;4,2;0;
2021/02/01;2200 UTC;0;981,9;981,9;981,3;;26,9;21,4;29,2;26,9;21,9;18,1;73;52;72;282;0;0;
2021/02/01;2300 UTC;0;983;983;981,8;;26,5;21,4;27,2;26,3;22;21,1;76;69;74;296;1,4;0;
2021/02/02;0000 UTC;0;983,8;983,8;983;;27,3;19,3;28,2;26,5;21,7;19;74;58;62;108;2,4;0;
2021/02/02;0100 UTC;0;984,6;984,6;983,8;;26,9;19,8;27,8;26,7;20,3;19,4;68;61;65;151;0;0;
2021/02/02;0200 UTC;0;984,4;984,7;984,3;;26,2;20,5;27,4;26,2;20,5;19,8;71;64;71;49;0;0;
2021/02/02;0300 UTC;0;984,1;984,4;984,1;;24,9;20,3;26,2;24,9;21;20,3;77;71;76;111;0;0;
2021/02/02;0400 UTC;0;983,6;984,1;983,5;;25,7;16,4;25,7;24,9;20,3;16,4;76;57;57;110;0;0;
2021/02/02;0500 UTC;0;983,6;983,6;983,5;;24;18,2;25,6;23,4;18,7;16,4;73;57;70;32;0;0;
2021/02/02;0600 UTC;0;983,8;983,9;983,5;;22,8;19,1;24,2;22,8;19,2;18,1;79;69;79;109;0;0;
2021/02/02;0700 UTC;0;984;984;983,8;;22,8;18;23,3;22,3;19,3;18;81;73;74;110;2,4;0;
2021/02/02;0800 UTC;0;984,6;984,6;984;;22,4;18;23,3;22,4;18;17,6;77;71;77;91;2,9;0;
2021/02/02;0900 UTC;0;985,2;985,2;984,6;1,5;21,6;17,9;22,4;21,6;18,1;17,8;80;77;80;101;0;0;
2021/02/02;1000 UTC;0;986;986;985,2;246,9;23,4;19,2;23,4;21,3;19,4;17,8;83;77;77;99;0;0;
2021/02/02;1100 UTC;0;986,6;986,6;986;817,8;24,5;18,9;24,7;23,4;19,3;18,5;77;69;71;107;2,9;0;
2021/02/02;1200 UTC;0;987,1;987,2;986,6;1401,3;26,6;19,1;26,6;24,5;19,4;18,4;71;62;63;116;5,5;3,3;
2021/02/02;1300 UTC;0;987,2;987,3;987,1;2623,9;28,1;18,4;28,4;26,5;19,1;17,9;63;54;56;108;7,6;3,9;
2021/02/02;1400 UTC;0;986,6;987,2;986,6;2954,9;29,4;17,2;29,7;27,9;18,9;17;56;47;48;115;7,7;3,3;
2021/02/02;1500 UTC;0;985,8;986,6;985,8;3386,8;30,4;16,9;31,1;29,3;17,8;16,2;49;43;44;119;7,4;4,1;
2021/02/02;1600 UTC;0;984,9;985,8;984,9;2470,1;30,7;15,6;31,2;30,3;17;15,5;45;38;40;97;6,8;3,5;
2021/02/02;1700 UTC;0;984;984,9;984;1613,7;31;14,7;31,5;30,7;16,4;14,7;42;36;37;104;6,4;2,4;
2021/02/02;1800 UTC;0;983,4;983,9;983,4;1580,9;32,3;14,4;32,5;31;16,3;13,9;41;32;34;125;5,8;0;
2021/02/02;1900 UTC;0;983,2;983,4;983,2;1339,5;31,5;16;33,1;31,5;16,7;13,2;40;31;39;322;3,4;,7;
2021/02/02;2000 UTC;0;982,8;983,2;982,8;869;31,3;16;32,4;31,1;17,3;14,1;44;33;40;326;3,4;,3;
2021/02/02;2100 UTC;0;982,8;982,8;982,7;230,8;29,4;18,9;31,3;29;20,4;14,9;59;37;53;287;1,9;0;
2021/02/02;2200 UTC;0;983;983,1;982,8;;26,7;19,7;29,4;26,3;21;18,4;72;54;66;214;0;0;
2021/02/02;2300 UTC;0;983,7;983,7;983;;25,6;20,2;26,8;25,6;20,6;19,2;72;65;72;214;0;0;
2021/02/03;0000 UTC;0;984,4;984,4;983,7;;26,4;18,3;27,1;25,2;20,2;18,2;73;58;61;219;2,7;0;
2021/02/03;0100 UTC;0;985,4;985,4;984,4;;25,7;18,8;26,4;25,6;19;18,4;67;61;66;31;4,9;1,2;
2021/02/03;0200 UTC;0;985,6;985,7;985,4;;25,4;19,2;25,8;24,5;19,3;18,5;73;64;68;61;4,9;,7;
2021/02/03;0300 UTC;0;985,2;985,6;985,2;;26;18,2;27,1;25,4;19;17,8;68;57;62;43;4,8;,3;
2021/02/03;0400 UTC;0;985,2;985,3;985,2;;24,6;19,1;26;23,9;19,7;18,2;77;62;72;84;2,4;1,2;
2021/02/03;0500 UTC;0;985;985,2;985;;24;19,6;24,6;23,8;19,6;19;77;71;77;104;2,4;0;
2021/02/03;0600 UTC;0;985,1;985,1;984,9;;23,8;20,6;24;22,9;20,6;19,4;83;76;82;56;0;0;
2021/02/03;0700 UTC;0;985,2;985,3;985,1;;24,8;19;24,9;23,8;20,7;19;82;70;70;106;3,7;2,2;
2021/02/03;0800 UTC;0;985,8;985,8;985,2;;23,5;18,4;24,8;23,5;19;18,4;73;69;73;103;3,8;0;
2021/02/03;0900 UTC;0;986,2;986,2;985,8;3,7;22,7;18;23,5;22,6;18,4;17,9;75;73;75;131;3,2;0;
2021/02/03;1000 UTC;0;987,1;987,1;986,2;321;24,3;18,2;24,3;22,7;18,2;17,9;75;69;69;109;3,7;1,9;
2021/02/03;1100 UTC;0;987,6;987,6;987;1227,6;26,5;17,8;26,9;24,3;19;17,6;69;58;59;112;3,4;,4;
2021/02/03;1200 UTC;0;987,7;987,8;987,6;2152,7;27,3;18;27,9;26,5;19;17,7;60;56;57;99;6,6;4,1;
2021/02/03;1300 UTC;0;987,2;987,6;987,2;2739,3;28,6;18;28,9;27,1;18,7;17,8;59;52;53;94;8,4;4,8;
2021/02/03;1400 UTC;0;986,5;987,2;986,5;3389,2;30,5;17,4;30,8;28,6;18,5;17;54;45;46;88;8,4;3,6;
2021/02/03;1500 UTC;0;985,4;986,5;985,4;3649,9;31,9;15,6;32,2;30,3;17,8;14,8;46;36;37;102;7,4;3,7;
2021/02/03;1600 UTC;0;984,4;985,5;984,4;3686,7;33,8;13,9;33,8;31,8;16,7;13;40;29;30;83;7,7;1;
2021/02/03;1700 UTC;0;983,2;984,4;983,2;3339,1;35;14;35;33,5;15;13;31;27;28;123;7,4;1,6;
2021/02/03;1800 UTC;0;982,4;983,2;982,4;2635,4;34,5;13,6;35,6;34,5;14,4;12,2;29;24;28;94;6,4;1,2;
2021/02/03;1900 UTC;0;982,1;982,4;982,1;2060,5;35,8;11,9;36,1;34,1;14,3;10,8;31;22;24;114;5,6;1;
2021/02/03;2000 UTC;0;981,9;982,1;981,9;1231,5;35,1;12,6;35,8;35;13;11,1;27;23;26;109;4,9;0;
2021/02/03;2100 UTC;0;982;982;981,8;356,8;31,3;17,4;35,1;31,3;18;11,7;44;24;44;110;,9;0;
2021/02/03;2200 UTC;0;982,4;982,4;982;;27,6;18,6;31,3;27,6;19,1;15,3;59;39;58;112;0;0;
2021/02/03;2300 UTC;0;983;983;982,4;;26,4;19,1;27,6;26,2;19,8;18,3;68;57;64;141;0;0;
2021/02/04;0000 UTC;0;983,8;983,8;983;;25,4;18,9;26,5;25,3;19,5;18,5;68;64;67;196;0;0;
2021/02/04;0100 UTC;0;984,7;984,8;983,8;;26,9;17,5;26,9;25,2;20,3;17,4;72;57;57;57;5,8;1,4;
2021/02/04;0200 UTC;0;984,8;984,9;984,7;;26,1;17;28,6;26;17,1;15,3;57;44;57;133;5,8;,9;
2021/02/04;0300 UTC;0;984,8;984,8;984,5;;24,3;18,3;26,1;24,2;18,6;17,1;70;57;69;164;1,4;0;
2021/02/04;0400 UTC;0;984,6;984,9;984,6;;24,5;19,1;25,2;23,8;19,7;18,3;76;69;72;114;1,8;,1;
2021/02/04;0500 UTC;0;984,5;984,7;984,4;;23,4;19,4;24,6;23,4;19,9;19,2;79;72;78;133;1,1;0;
2021/02/04;0600 UTC;0;984,6;984,6;984,4;;22,5;19,5;23,4;22,5;19,7;19,3;83;78;83;31;0;0;
2021/02/04;0700 UTC;0;984,9;984,9;984,5;;22,4;19,5;22,5;22,1;19,6;19,3;85;83;84;78;0;0;
2021/02/04;0800 UTC;0;985,6;985,6;984,8;;22,6;18,2;22,7;22;19,5;18,2;84;76;76;108;2,4;1,4;
2021/02/04;0900 UTC;0;986,1;986,1;985,6;4,9;23,2;18;23,2;22,6;18,2;17,8;76;73;73;113;3,4;,8;
2021/02/04;1000 UTC;0;987,1;987,1;986,1;402,9;24,7;18,2;24,7;23,2;18,4;18;73;67;67;116;4,8;3;
2021/02/04;1100 UTC;0;987,8;987,8;987,1;1295,4;26,1;18;26,3;24,7;18,6;17,6;67;59;61;105;6,9;3,5;
2021/02/04;1200 UTC;0;987,9;987,9;987,7;2191;27,4;16,9;27,6;26,1;18,2;16,9;61;53;53;109;6,6;2,9;
2021/02/04;1300 UTC;0;987,5;987,9;987,5;2877,7;29,4;17;29,4;27,3;17,7;16,3;54;47;47;104;5,4;2,1;
2021/02/04;1400 UTC;0;987;987,5;987;3355,6;30,2;16,2;30,8;28,7;17,3;14,9;49;40;43;112;6,3;2,1;
2021/02/04;1500 UTC;0;986;987;986;3623,4;31,6;14,6;31,9;30,2;16,4;14;43;35;36;96;8;3;
2021/02/04;1600 UTC;0;984,8;986;984,8;3645,5;32,6;13,8;33,3;31,5;15,2;13,4;37;31;32;93;8;3,1;
2021/02/04;1700 UTC;0;983,7;984,8;983,7;3354,5;34,5;13,9;34,5;32,5;14,5;12,9;33;28;29;85;7,2;2,3;
2021/02/04;1800 UTC;0;982,9;983,7;982,9;2841,4;34,3;13,1;35,4;33,9;14,2;12,4;30;26;28;359;5,8;0;
2021/02/04;1900 UTC;0;982,2;982,9;982,2;2107,2;36,2;12,9;36,2;34,2;14,1;12,1;29;25;25;193;4,4;,3;
2021/02/04;2000 UTC;0;981,6;982,2;981,6;1191,8;34,1;12,6;36,3;34,1;13,8;11,8;28;24;27;43;3,2;0;
2021/02/04;2100 UTC;0;981,8;981,8;981,6;321,3;32,6;13,5;34,2;32,6;14,3;12,4;31;27;31;8;3,3;,9;
2021/02/04;2200 UTC;0;981,9;982;981,8;;28,3;17,3;32,6;28,3;17,3;13,1;51;31;51;267;3,3;0;
2021/02/04;2300 UTC;0;982,6;982,6;981,9;;26,8;18,5;28,3;26,3;19,6;16,6;66;49;60;291;0;0;
2021/02/05;0000 UTC;0;983,5;983,5;982,6;;28,1;16,6;28,7;26,6;19,6;16,3;65;48;50;215;0;0;
2021/02/05;0100 UTC;0;985;985;983,5;;28,4;18,6;28,6;26,9;18,6;16,6;56;50;56;46;7,8;3,4;
2021/02/05;0200 UTC;0;985,2;985,4;985;;27,6;18,8;28,4;27,6;18,8;18,6;59;56;59;53;7,8;2,9;
2021/02/05;0300 UTC;0;984,8;985,2;984,8;;26,7;19;27,6;26,7;19;18,8;62;59;62;67;5,4;2,2;
2021/02/05;0400 UTC;0;984,6;984,8;984,6;;26;19,2;26,7;26;19,2;19;66;62;66;44;4,6;1,5;
2021/02/05;0500 UTC;0;984,2;984,6;984,2;;25,1;19,3;26;25,1;19,4;19,2;70;66;70;20;4;0;
2021/02/05;0600 UTC;0;984,3;984,4;984;;23,3;19,5;25,1;23,3;19,6;19,2;80;70;80;129;0;0;
2021/02/05;0700 UTC;0;984,6;984,6;984,2;;22,6;19,4;23,3;22,6;19,9;19,4;83;80;82;135;0;0;
2021/02/05;0800 UTC;0;985,1;985,1;984,5;;21,9;19,3;22,6;21,9;19,6;19,3;86;82;86;92;0;0;
2021/02/05;0900 UTC;0;985,6;985,6;985,1;6,4;21,6;19,4;21,9;21,4;19,4;19,1;87;86;87;73;0;0;
2021/02/05;1000 UTC;0;986;986;985,6;413,5;24,9;17,7;25;21,6;20,2;17,7;88;64;64;108;4,3;1,3;
2021/02/05;1100 UTC;0;986,6;986,6;986;1325,3;26,7;17,4;26,7;24,9;17,8;16,8;64;56;57;106;8,5;4,6;
2021/02/05;1200 UTC;0;986,5;986,7;986,5;2239,1;27,9;17,7;27,9;26,4;17,8;16,8;57;53;54;110;9,4;5,5;
2021/02/05;1300 UTC;0;986,2;986,5;986,2;2985,9;29,3;17,2;29,4;27,7;18;16,9;54;48;48;113;9,6;5,4;
2021/02/05;1400 UTC;0;985,3;986,2;985,3;3423,2;31;16,6;31,1;29,2;17,9;16,2;49;41;42;104;8,7;3,7;
2021/02/05;1500 UTC;0;984,5;985,3;984,5;3682,1;32;14,2;32,8;31;17,1;14,1;43;34;34;92;7,6;3,4;
2021/02/05;1600 UTC;0;983,3;984,5;983,3;3683,5;34,2;13,7;34,2;32;15,6;12,7;36;28;29;109;8,8;4,3;
2021/02/05;1700 UTC;0;982,1;983,3;982,1;3475,9;35,1;13,7;35,5;33,5;14,7;11,6;31;25;28;124;8,8;3,4;
2021/02/05;1800 UTC;0;981,2;982,1;981,2;2403,2;34,8;13,2;35,9;34,5;14,1;11,6;29;24;27;114;6,9;,9;
2021/02/05;1900 UTC;0;980,6;981,2;980,6;1714,5;35,2;12,8;35,3;34,3;13,4;10,8;27;23;26;72;6,8;,1;
2021/02/05;2000 UTC;0;980,8;980,8;980,6;1161;35;13,5;35,3;34,2;13,5;11,7;28;24;28;84;5,9;1,5;
2021/02/05;2100 UTC;0;981;981;980,8;329,9;33;12,1;34,9;33;13,8;12,1;29;26;28;44;4,8;0;
2021/02/05;2200 UTC;0;981,4;981,4;981;;27,8;17,9;33,1;27,8;18,1;11,9;55;28;55;118;3,5;0;
2021/02/05;2300 UTC;0;982,1;982,1;981,4;;26;17,6;27,8;25,9;18,4;17,6;62;55;60;43;0;0;
2021/02/06;0000 UTC;0;983,4;983,4;982,1;;30,6;15;30,8;25,4;19,1;14,7;68;38;39;27;8,9;3,2;
2021/02/06;0100 UTC;0;984,3;984,3;983,4;;29,9;14,2;30,7;29,8;15,7;14,2;42;38;39;48;9,6;3,8;
2021/02/06;0200 UTC;0;984,6;984,7;984,3;;28,5;12,9;29,9;28,5;14,1;12,9;39;37;38;61;9,6;3,1;
2021/02/06;0300 UTC;0;984,4;984,6;984,4;;27,1;13,4;28,5;27,1;13,4;12,9;43;38;43;63;6,1;,6;
2021/02/06;0400 UTC;0;984,2;984,4;984,1;;24,4;14,8;27,1;24,4;14,8;13,4;55;43;55;135;3,5;,7;
2021/02/06;0500 UTC;0;984,1;984,2;983,9;;22,5;15,8;24,4;22,3;15,8;14,9;66;55;66;110;1,5;0;
2021/02/06;0600 UTC;0;983,9;984,1;983,7;;21,2;16,9;22,5;21,2;17,3;15,8;76;66;76;104;2;0;
2021/02/06;0700 UTC;0;984,2;984,2;983,9;;20,3;17;21,2;20,3;17;16,5;81;76;81;125;0;0;
2021/02/06;0800 UTC;0;984,7;984,7;984,2;;20;16,3;20,5;20;17,3;16,3;82;79;79;327;1,3;0;
2021/02/06;0900 UTC;0;984,9;985;984,7;8,8;19,6;16,9;20;19,4;16,9;16,3;84;79;84;189;0;0;
2021/02/06;1000 UTC;0;985,5;985,5;984,9;432,9;24;16,5;24,1;19,6;18,5;16,5;84;63;63;62;1,5;,3;
2021/02/06;1100 UTC;0;986,2;986,2;985,5;1324,4;26,3;16;26,4;24;17,1;15,5;63;52;53;95;4,3;2;
2021/02/06;1200 UTC;0;986,1;986,3;986,1;2245,8;28,5;15,5;28,6;26,1;16,3;14,8;53;44;45;61;4,3;,4;
2021/02/06;1300 UTC;0;985,8;986,2;985,8;2976,9;30,8;16;30,8;28,4;16;14,7;46;39;41;41;6,6;3,5;
2021/02/06;1400 UTC;0;985,6;985,9;985,6;3452,8;31,7;14,4;31,8;30,2;15,6;14,3;41;35;35;66;7,8;3,2;
2021/02/06;1500 UTC;0;984,6;985,6;984,6;3728,1;33;13,3;33;31,3;14,5;13,1;35;30;30;56;8,2;3,6;
2021/02/06;1600 UTC;0;983,4;984,6;983,4;3716,6;34,3;13;34,4;32,6;14;12;32;27;28;66;8,7;2,9;
2021/02/06;1700 UTC;0;982,2;983,4;982,2;3405,3;34,5;11,9;35;34;13,6;11,8;29;25;25;47;8,5;3,5;
2021/02/06;1800 UTC;0;981,4;982,1;981,4;2799,6;35,9;11,5;35,9;34,5;13,2;10,6;27;22;23;44;10,6;1,3;
2021/02/06;1900 UTC;0;981;981,4;981;2060,8;35,4;12;35,9;34,8;12,7;10,4;26;22;25;106;7;,8;
2021/02/06;2000 UTC;0;981,2;981,2;980,9;1099,1;34,4;12,2;35,5;34,4;12,7;10,6;26;22;26;66;6,8;2,7;
2021/02/06;2100 UTC;0;981,6;981,6;981,2;315;33;11,8;34,6;33;12,7;11,6;28;25;28;48;5,8;1,7;
2021/02/06;2200 UTC;0;982,1;982,1;981,6;;28,7;15,5;33,1;28,7;15,8;11,8;45;27;45;134;4,6;0;
2021/02/06;2300 UTC;0;982,4;982,4;982,1;;26,3;18;28,7;26,3;18;15,6;60;45;60;190;0;0;
2021/02/07;0000 UTC;0;983,2;983,2;982,4;;25,5;18,2;26,3;25,5;18,5;17,6;65;59;64;126;0;0;
2021/02/07;0100 UTC;0;984,5;984,5;983,2;;28,1;15,9;28,1;25,2;18,3;15,4;65;47;47;72;4,5;1,8;
2021/02/07;0200 UTC;0;984,6;984,8;984,5;;28,2;16,5;28,7;28,2;16,6;15,9;49;47;49;57;7,2;3,1;
2021/02/07;0300 UTC;0;984,6;984,7;984,5;;27,1;16,7;28,3;27,1;16,7;16,5;53;49;53;69;6,9;2,4;
2021/02/07;0400 UTC;0;984,4;984,6;984,3;;26;17;27,1;26;17;16,7;58;53;58;50;5,4;1,1;
2021/02/07;0500 UTC;0;984,2;984,5;984,2;;25,2;17,4;26;25,2;17,4;17;62;58;62;52;4,5;1;
2021/02/07;0600 UTC;0;984,6;984,7;984,3;;22,6;18,1;25,3;22,6;18,1;17,2;76;62;76;116;2,9;0;
2021/02/07;0700 UTC;0;984,6;984,7;984,6;;21,7;18,4;22,6;21,7;18,4;18,1;81;76;81;84;1,1;0;
2021/02/07;0800 UTC;0;985;985;984,5;;21,4;18,4;21,7;21,3;18,7;18,2;83;81;83;169;1,4;0;
2021/02/07;0900 UTC;0;985,8;985,8;985;4,8;21,4;18,7;21,8;21,3;18,9;18,2;84;82;84;207;0;0;
2021/02/07;1000 UTC;0;986,5;986,5;985,8;327,3;24,5;19,3;24,5;21,4;19,6;18,7;85;73;73;274;1,2;,4;
2021/02/07;1100 UTC;0;987,1;987,1;986,5;1334,5;27,3;17,9;27,3;24,6;19,8;17,3;73;55;57;89;3,6;2,1;
2021/02/07;1200 UTC;0;986,9;987,2;986,9;2293,2;29,1;17,2;29,1;27,2;18,3;17;57;48;49;101;5,6;2,2;
2021/02/07;1300 UTC;0;986,2;986,9;986,2;3012,2;30,8;16,6;30,9;28,5;17,5;16;50;41;43;49;5,3;,9;
2021/02/07;1400 UTC;0;985,4;986,3;985,4;3454,1;31,3;14,8;32,4;30,4;16,9;14,7;43;35;37;48;6,8;1,5;
2021/02/07;1500 UTC;0;984,3;985,4;984,3;3699,4;33,3;13,7;33,6;31,1;16,1;13,5;38;31;31;149;5,4;2,5;
2021/02/07;1600 UTC;0;983;984,3;983;3685,4;34,1;12,4;34,8;32,9;15,3;12,2;33;27;27;120;5,5;1,3;
2021/02/07;1700 UTC;0;981,8;983;981,8;3429,8;35,1;11,1;36,1;34,1;13;10;27;22;23;54;4,9;2,3;
2021/02/07;1800 UTC;0;980,8;981,8;980,8;2914,5;36;11,4;36,6;34,9;13,1;10,6;25;21;23;92;5;,7;
2021/02/07;1900 UTC;0;980,4;980,8;980,4;2179,8;36,3;9;36,7;35,9;11,3;8,9;23;19;19;98;5,7;,1;
2021/02/07;2000 UTC;0;980,3;980,5;980,3;1261,5;35,6;11,8;36,9;35,6;11,8;8,9;24;19;24;75;3,9;,3;
2021/02/07;2100 UTC;0;980,7;980,7;980,3;340,1;30,9;16,6;35,7;30,9;18;10,1;45;21;42;50;2,9;0;
2021/02/07;2200 UTC;0;980,9;980,9;980,7;;28,1;17,4;30,9;28;18;12,4;54;33;52;150;0;0;
2021/02/07;2300 UTC;0;981,6;981,6;980,9;;26,4;17;28,1;26,4;18,1;17;59;52;57;282;0;0;
2021/02/08;0000 UTC;0;982,4;982,4;981,5;;27,1;16;27,6;25,6;17,8;15,5;62;48;51;213;0;0;
2021/02/08;0100 UTC;0;983,9;983,9;982,4;;29;18,6;29,8;26,8;18,6;14,7;53;42;53;65;8;2,4;
2021/02/08;0200 UTC;0;984,5;984,5;983,9;;28,4;19,2;29,1;28,4;19,2;18,6;58;53;58;63;8,7;3,7;
2021/02/08;0300 UTC;0;984,4;984,5;984,3;;27,6;19,1;28,4;27,6;19,4;19,1;60;58;60;39;7,3;2,8;
2021/02/08;0400 UTC;0;984,5;984,6;984,4;;26,7;19,4;27,6;26,7;19,4;19,1;64;60;64;56;6,7;1,8;
2021/02/08;0500 UTC;0;984,1;984,5;984,1;;26,5;20;26,7;26,5;20;19,4;68;64;68;68;4,2;2,3;
2021/02/08;0600 UTC;0;983,9;984,2;983,8;;26,1;20,2;26,5;26,1;20,2;20;70;68;70;69;4,3;,8;
2021/02/08;0700 UTC;0;983,8;984;983,8;;26,3;20,4;26,3;25,9;20,5;20,2;71;70;70;56;3,1;1,6;
2021/02/08;0800 UTC;0;983,7;983,9;983,7;;25,3;20,2;26,4;25,3;20,5;20,2;74;69;74;99;3,6;1,8;
2021/02/08;0900 UTC;0;984,3;984,3;983,7;6,2;25;19,3;25,9;25;20,2;18,9;74;65;71;104;4,4;0;
2021/02/08;1000 UTC;0;984,8;984,8;984,3;451;26,8;18,7;26,8;24,9;19,6;18,6;72;61;61;112;3,7;,2;
2021/02/08;1100 UTC;0;985,3;985,4;984,8;1319,5;28;17,5;28,3;26,8;18,9;17,5;61;53;53;113;6,5;4,3;
2021/02/08;1200 UTC;0;985,4;985,5;985,3;2238,3;30,2;17,4;30,2;28;18;17;53;46;46;101;7,6;3,5;
2021/02/08;1300 UTC;0;985,2;985,5;985,2;2981,9;31,6;16,8;31,7;29,7;17,6;16,3;47;41;41;102;5,6;0;
2021/02/08;1400 UTC;0;984,7;985,2;984,6;3625,1;32,4;16,6;32,8;31;17,1;15,7;42;37;39;136;5;1,1;
2021/02/08;1500 UTC;0;983,6;984,7;983,6;3578,2;32,5;15,3;34,2;31,9;17,2;15,1;40;33;36;354;5,6;2,4;
2021/02/08;1600 UTC;0;982,3;983,6;982,3;3781,1;34,6;14,6;35,5;32,5;16,8;14,5;38;30;30;52;5,6;0;
2021/02/08;1700 UTC;0;981,2;982,3;981,2;2783,9;35,5;14,5;35,6;34,2;15,5;13,7;32;28;29;108;2,9;0;
2021/02/08;1800 UTC;0;980,4;981,2;980,4;2339;35,9;14,2;36,3;34,1;15,5;13,7;31;27;27;127;4;0;
2021/02/08;1900 UTC;0;979,7;980,4;979,7;2143,8;36,4;14,3;36,7;35;15;13,4;30;26;27;97;3;0;
2021/02/08;2000 UTC;0;979,5;979,7;979,4;931,8;34,7;14,8;36,4;34,6;15,2;13,4;31;26;30;75;3;0;
2021/02/08;2100 UTC;0;979,8;979,8;979,4;244,9;31,7;19,6;35,2;31,7;19,6;13,6;49;27;49;181;0;0;
2021/02/08;2200 UTC;0;980,5;980,5;979,8;;29,1;19;31,7;29,1;20,1;18,7;56;47;55;298;0;0;
2021/02/08;2300 UTC;0;981,1;981,1;980,5;;28,2;19,6;29,2;28,2;21,1;19,4;63;55;59;292;0;0;
2021/02/09;0000 UTC;0;982,4;982,4;981,1;;26,8;20,5;28,4;26,8;20,9;18,5;69;55;69;153;0;0;
2021/02/09;0100 UTC;0;984;984;982,4;;29,2;18,9;29,9;26,8;20,5;17,5;69;48;54;73;11,1;5,4;
2021/02/09;0200 UTC;0;984,2;984,2;984;;28,3;18,9;29,2;28,3;19,1;18,8;57;54;57;51;9,7;4,1;
2021/02/09;0300 UTC;0;983,6;984,4;983,6;;27,7;17,7;28,3;27,6;18,9;17,6;57;54;55;36;8,7;3,8;
2021/02/09;0400 UTC;0;984;984,1;983,6;;27,1;18,7;27,6;27,1;18,7;17,6;60;55;60;40;7,3;1,8;
2021/02/09;0500 UTC;0;983,6;984,1;983,6;;26,8;19;27,1;26,8;19;18,7;62;60;62;38;5,4;2;
2021/02/09;0600 UTC;0;983,4;983,7;983,4;;26,6;19,4;26,8;26,6;19,4;18,9;65;62;65;58;3,9;0;
2021/02/09;0700 UTC;,4;983,7;983,7;983,4;;23,9;20,5;26,7;23,9;20,6;19,4;82;65;82;166;6,1;3,9;
2021/02/09;0800 UTC;11,8;984,1;984,2;983,7;;22,3;19,9;23,9;22,3;20,9;19,9;86;82;86;264;6,1;0;
2021/02/09;0900 UTC;,4;984,6;984,6;984,1;;22,9;20,7;22,9;22,3;20,7;19,9;88;86;88;180;4,2;0;
2021/02/09;1000 UTC;0;985,4;985,4;984,6;58,6;24;21,6;24;22,9;21,6;20,7;88;87;87;57;0;0;
2021/02/09;1100 UTC;0;986,3;986,3;985,4;334,1;24,5;22;24,6;23,9;22,2;21,5;87;85;86;306;3;0;
2021/02/09;1200 UTC;0;986,6;986,6;986,3;732,4;26,3;22,4;26,3;24,4;22,9;21,8;87;79;79;246;2,6;0;
2021/02/09;1300 UTC;0;986,7;986,8;986,6;1117;26,4;20,6;26,8;26,3;22,6;20,5;80;70;70;344;0;0;
2021/02/09;1400 UTC;0;986,6;986,7;986,6;1209,2;27,3;20,8;27,5;26;22,1;20,2;76;66;67;272;3;0;
2021/02/09;1500 UTC;0;985,8;986,6;985,8;1241,2;27,8;20,9;28;27,2;21,6;20,1;68;64;66;252;1,6;,1;
2021/02/09;1600 UTC;0;984,6;985,8;984,6;2655,4;28,8;20,3;29,3;27,8;21,5;19,8;68;58;60;332;4,1;0;
2021/02/09;1700 UTC;0;983,7;984,6;983,6;1345,4;28,9;20,1;29,1;28,3;20,8;19,7;63;58;59;348;2,9;0;
2021/02/09;1800 UTC;0;982,8;983,7;982,8;1361,7;29,9;19,8;29,9;28,8;20,9;19,3;61;54;55;319;1,5;0;
2021/02/09;1900 UTC;0;982,5;982,8;982,5;1271,2;29,2;20,3;30;29;20,8;19,4;60;55;59;319;2,6;0;
2021/02/09;2000 UTC;0;982,8;982,8;982,5;597,6;29;20,5;29,5;29;21;19,7;61;57;60;277;2,5;0;
2021/02/09;2100 UTC;0;982,8;982,8;982,6;199,6;27,8;20,9;29;27,8;21;20,5;66;60;66;255;0;0;
2021/02/09;2200 UTC;0;983;983,1;982,8;;27;21;27,8;27;21,5;21;71;66;70;245;0;0;
2021/02/09;2300 UTC;0;983,9;983,9;983;;26,8;21,5;26,9;26,3;21,5;20,9;75;70;73;228;2,4;0;
2021/02/10;0000 UTC;0;984,2;984,3;983,9;;26,2;21,3;26,8;26,2;21,6;21,3;74;73;74;232;2,8;0;
2021/02/10;0100 UTC;0;985,1;985,1;984,2;;24,9;21,5;26,2;24,9;21,6;21,2;81;74;81;348;0;0;
2021/02/10;0200 UTC;0;985,4;985,6;985,1;;25,7;21,8;25,8;24,9;22;21,6;81;79;79;76;5,3;0;
2021/02/10;0300 UTC;0;984,8;985,4;984,8;;25,6;20,5;25,7;25,6;21,8;20,5;79;73;74;64;0;0;
2021/02/10;0400 UTC;0;984,5;984,8;984,4;;24,7;21;25,6;24,7;21;20,3;80;73;80;91;0;0;
2021/02/10;0500 UTC;0;983,9;984,5;983,9;;24,5;21,2;25,1;24,4;21,8;20,9;82;80;82;131;0;0;
2021/02/10;0600 UTC;0;984;984,1;983,9;;25,2;20,7;25,3;24,3;21,4;20,6;82;76;76;191;0;0;
2021/02/10;0700 UTC;0;983,9;984;983,7;;24,7;21,3;25,3;24,7;21,3;20,6;81;76;81;115;0;0;
2021/02/10;0800 UTC;0;983,9;984;983,7;;25;20,6;25,1;24,7;21,3;20,5;82;76;76;177;0;0;
2021/02/10;0900 UTC;0;984,5;984,5;983,9;1,9;24,4;20,5;25;24,3;20,6;20,3;79;76;79;158;2,8;0;
2021/02/10;1000 UTC;0;985,1;985,1;984,5;206,5;24,9;20,5;25,1;24,3;20,9;20,5;79;76;77;77;0;0;
2021/02/10;1100 UTC;0;985,8;985,8;985,1;824,6;27;20;27;24,9;21;19,3;77;64;65;128;3,4;,2;
2021/02/10;1200 UTC;0;985,8;986;985,7;1252,2;27,4;19,1;27,7;26,7;19,8;18,6;65;59;60;116;5,7;2,3;
2021/02/10;1300 UTC;0;985,5;985,9;985,5;2580,2;29,2;19,7;29,2;27,4;19,8;18,5;62;54;57;111;5,8;1,3;
2021/02/10;1400 UTC;0;984,9;985,5;984,9;3097;30,3;16,6;30,6;28,8;19,4;16,3;57;43;44;116;7;3,4;
2021/02/10;1500 UTC;0;984,1;984,9;984,1;3388,3;31,8;17,2;32,2;30;17,7;13,8;45;36;42;49;6,3;1;
2021/02/10;1600 UTC;0;983;984,1;983;2883,4;31,7;16,7;32,2;30,8;19,3;16,2;48;39;41;17;4,6;,9;
2021/02/10;1700 UTC;0;982,1;983;982,1;2406,4;33;17,1;33,9;31,5;18,6;16,5;44;36;39;25;4,7;1,7;
2021/02/10;1800 UTC;0;981;982,1;981;1855,8;33,3;16,8;33,9;32,5;18,5;15,3;42;34;37;327;3,7;1,1;
2021/02/10;1900 UTC;0;980,4;981;980,3;1090,9;32,7;19,6;33,5;32,7;19,6;15,5;46;34;46;16;3,6;0;
2021/02/10;2000 UTC;0;980,4;980,5;980,3;480,4;31;22,2;32,9;30,9;22,4;18;60;41;59;327;1,6;1,1;
2021/02/10;2100 UTC;0;980,4;980,4;980,3;184,9;29,7;23,7;31,6;29,7;24,1;21,3;71;55;70;261;1,5;0;
2021/02/10;2200 UTC;0;980,9;980,9;980,4;;28,8;23,6;29,7;28,7;23,7;22;74;67;74;161;1,3;0;
2021/02/10;2300 UTC;0;981,5;981,5;980,9;;28;23,9;28,8;27,9;24,1;22,9;79;73;79;270;1,1;,3;
2021/02/11;0000 UTC;0;982,4;982,4;981,5;;29;20,4;29;27,8;23,6;20,4;78;60;60;199;2,1;1,4;
2021/02/11;0100 UTC;0;983,8;983,8;982,3;;28,6;19,5;29,7;27,5;21,6;19,5;69;56;58;41;7;1,5;
2021/02/11;0200 UTC;0;984,2;984,4;983,8;;28;18,7;28,6;28;19,3;18,2;58;54;57;65;3,2;1;
2021/02/11;0300 UTC;0;983,9;984,2;983,9;;27,7;19,6;28;27,7;19,6;18,7;61;57;61;32;2,8;1,4;
2021/02/11;0400 UTC;0;983,7;983,9;983,7;;27;20,7;27,7;26,9;20,7;19,6;69;61;69;53;2,7;0;
2021/02/11;0500 UTC;0;983,9;983,9;983,6;;26,3;20;27,5;26,3;20,8;19,8;69;65;68;201;6,1;2,8;
2021/02/11;0600 UTC;4;983,6;984;983,6;;24,4;21,4;26,4;24,2;21,4;19,5;84;68;84;185;5,3;,6;
2021/02/11;0700 UTC;0;983,4;983,6;983,3;;24,5;21,6;24,6;24,3;21,7;21,3;85;83;84;226;3;0;
2021/02/11;0800 UTC;0;983,8;983,8;983,4;;24,8;21,7;24,8;24,4;22;21,6;85;83;83;203;0;0;
2021/02/11;0900 UTC;0;984,2;984,2;983,8;6,8;24,7;22,1;25;24,7;22,2;21,7;85;83;85;34;0;0;
2021/02/11;1000 UTC;0;984,8;984,8;984,2;206,5;25,6;22,5;25,7;24,6;22,8;22;86;83;83;100;0;0;
2021/02/11;1100 UTC;0;985,6;985,6;984,8;1177,3;27,8;20,8;27,8;25,6;22,6;20,8;83;66;66;111;5,9;3,3;
2021/02/11;1200 UTC;0;986,2;986,2;985,6;1955,5;29,1;20,4;29,1;27,5;21;19,9;67;59;59;101;5,9;3,2;
2021/02/11;1300 UTC;0;985,9;986,2;985,9;2351;30,1;19,9;30,1;28,7;20,6;19,1;61;52;55;115;5,8;2,1;
2021/02/11;1400 UTC;0;985,2;985,9;985,2;2434;30,9;18,7;31,8;29,8;20,2;18,3;55;48;49;146;7,1;1,9;
2021/02/11;1500 UTC;0;984,3;985,2;984,3;2368;31,9;17,7;32,2;30,7;19,9;17,7;53;43;43;108;6,8;1,8;
2021/02/11;1600 UTC;0;983;984,3;983;3311,2;33,2;16,9;33,8;31,7;19,4;16,9;48;38;38;166;7,7;2,4;
2021/02/11;1700 UTC;0;981,9;983;981,9;2152,2;33,9;16,7;34,2;32,6;19,4;16,7;45;36;36;111;6;,4;
2021/02/11;1800 UTC;0;980,9;981,9;980,9;2194,1;34,1;16,9;34,8;33,3;18,9;15,9;42;34;36;102;4,7;2;
2021/02/11;1900 UTC;0;979,8;980,9;979,8;1715,2;35;15,8;35,7;33,3;18,4;15,4;41;31;32;198;4,4;1,6;
2021/02/11;2000 UTC;0;979,8;979,9;979,7;1220,4;34,5;16,1;35;34,4;17;15,7;35;32;34;187;6,2;2,5;
2021/02/11;2100 UTC;0;980,2;980,2;979,7;371,7;33,7;15,8;34,5;33,6;16,6;15,7;35;33;34;178;4,3;,3;
2021/02/11;2200 UTC;0;981,2;981,2;980,2;;31,1;16,2;33,7;31,1;16,3;14,7;41;34;41;168;9,7;2,5;
2021/02/11;2300 UTC;0;982,3;982,3;981,2;;27,9;19,4;31,1;27,9;19,4;16,5;60;41;60;269;6,1;1,3;
2021/02/12;0000 UTC;0;984,1;984,1;982,3;;27,8;20;28,5;27,8;20,3;19,4;64;59;62;12;5,2;2,5;
2021/02/12;0100 UTC;0;984,5;984,5;984;;27,4;20,1;28,2;27,4;20,1;18,9;64;57;64;270;5,2;,2;
2021/02/12;0200 UTC;0;985;985,1;984,5;;27,2;20,9;27,4;27,2;21;20,1;69;64;69;284;2,3;0;
2021/02/12;0300 UTC;0;984,7;985,1;984,7;;26,6;21,3;27,2;26,5;21,6;20,8;73;68;73;333;0;0;
2021/02/12;0400 UTC;,2;984,5;984,9;984,5;;25,8;22;26,8;25,8;22;20,5;80;68;80;109;2,1;,1;
2021/02/12;0500 UTC;0;984,4;984,5;984,3;;25,8;22,1;25,8;25,4;22,4;21,8;83;79;80;170;1,5;0;
2021/02/12;0600 UTC;0;984,2;984,4;984,1;,1;26;20,9;26,1;25,8;22,2;20,8;80;73;74;118;1,9;,2;
2021/02/12;0700 UTC;0;984;984,2;983,9;;25,4;20,7;26;25,4;21,1;20,7;76;74;75;118;2,6;0;
2021/02/12;0800 UTC;0;984,4;984,4;984;;25;19,4;25,4;24,9;20,8;19,4;78;71;71;108;3,5;,2;
2021/02/12;0900 UTC;0;984,7;984,7;984,4;14,8;24,3;19,1;25;24,1;19,4;19;73;71;73;113;2,6;0;
2021/02/12;1000 UTC;0;985,5;985,5;984,7;457;25,8;18,9;25,8;24,3;19,2;18,7;73;65;66;105;4;2,4;
2021/02/12;1100 UTC;0;986,1;986,1;985,5;1312,1;27,4;18,8;27,4;25,8;19,5;18,5;66;58;60;105;4,9;2;
2021/02/12;1200 UTC;0;985,7;986,1;985,7;2238,3;28,8;18,1;28,8;27,4;19,1;17,6;60;52;52;130;7,1;4;
2021/02/12;1300 UTC;0;985,4;985,8;985,4;2235,7;29,7;18,2;29,8;28,3;18,8;17,6;55;49;50;93;8,1;3,2;
2021/02/12;1400 UTC;0;984,9;985,4;984,8;2804,7;30,7;17,3;31,4;29,7;18,9;16,8;51;43;45;97;7,6;4,3;
2021/02/12;1500 UTC;0;984,1;984,9;984,1;2242,1;31,3;16,8;31,6;30,7;18,3;16,3;47;41;42;104;7,8;3,5;
2021/02/12;1600 UTC;0;983;984,2;983;3348,1;32,9;16,4;33,7;31,2;18;15,9;43;35;37;111;7,1;3,8;
2021/02/12;1700 UTC;0;982,3;983;982,3;2262,4;32,7;15,7;34,5;32,6;16,9;15,3;38;32;36;77;7,1;,1;
2021/02/12;1800 UTC;0;981,4;982,3;981,4;2273;34,7;14,6;35,2;32,7;17,3;14,5;41;30;30;111;6,4;1,4;
2021/02/12;1900 UTC;0;980,8;981,4;980,8;2214,8;34,8;14;35,9;33,7;15,8;13,5;33;27;29;159;4,4;1,1;
2021/02/12;2000 UTC;0;980,6;980,8;980,6;799,1;33,6;14,4;34,9;33,2;19,7;14,2;43;29;32;341;4,3;0;
2021/02/12;2100 UTC;0;980,9;981;980,6;127,1;31,2;17;33,9;31,2;19,8;14,3;49;31;43;327;5,7;1,9;
2021/02/12;2200 UTC;0;981,3;981,3;980,9;;27,6;20,4;31,2;27,5;20,6;17,1;65;43;65;274;2,9;0;
2021/02/12;2300 UTC;0;981,9;981,9;981,3;;26,7;21,6;27,6;26,7;21,9;20,1;74;64;73;202;1,6;0;
2021/02/13;0000 UTC;0;983;983;981,9;;27,7;20,5;28,4;26,5;21,3;19,2;73;58;65;101;2,3;0;
2021/02/13;0100 UTC;0;984,2;984,2;983;;26,6;20,2;27,7;26,4;20,9;19,6;68;61;68;142;4,1;,5;
2021/02/13;0200 UTC;0;984,7;984,7;984,2;;28,8;20,6;29;26,5;20,8;20,2;70;60;61;40;5,9;1,7;
2021/02/13;0300 UTC;0;984,4;984,8;984,4;;26,9;20,8;28,8;26,9;20,9;20,4;69;61;69;215;5,9;,1;
2021/02/13;0400 UTC;0;984,1;984,5;984,1;;26,5;21,8;27;26,5;21,9;20,7;76;68;75;68;1,2;0;
2021/02/13;0500 UTC;0;983,5;984,1;983,5;;26,8;21,4;27;26,4;22;21,4;76;72;72;102;1,6;0;
2021/02/13;0600 UTC;0;983,6;983,7;983,5;;25,8;20,6;26,9;25,7;21,9;20,6;79;70;73;118;5,1;3,1;
2021/02/13;0700 UTC;0;983,6;983,6;983,5;;25,3;20,2;25,9;25,3;20,5;19,7;73;69;73;104;5,1;1,6;
2021/02/13;0800 UTC;0;983,8;983,8;983,6;;25;19,1;25,3;24,9;20,2;19,1;74;70;70;110;3,9;,1;
2021/02/13;0900 UTC;0;983,8;983,9;983,7;5,5;24,5;19,3;25;24,3;19,4;19;73;70;73;117;3,6;,1;
2021/02/13;1000 UTC;0;984,4;984,4;983,8;147,7;25,4;19,4;25,4;24,5;19,5;19,1;73;69;69;112;2,7;0;
2021/02/13;1100 UTC;0;984,8;984,9;984,4;748;27;19,4;27;25,4;19,8;19;69;63;63;110;3,7;,2;
2021/02/13;1200 UTC;0;984,7;984,9;984,6;1888,2;28,7;18,3;28,9;27;19,7;18,2;63;53;53;111;5;3;
2021/02/13;1300 UTC;0;984,6;984,7;984,6;2276;29,9;17,6;30,4;28,6;19,5;17,5;55;47;48;136;6,8;2,8;
2021/02/13;1400 UTC;0;984;984,6;984;2879,6;31,7;17,9;31,8;29,8;18,8;17,3;50;43;44;104;6;,2;
2021/02/13;1500 UTC;0;983,2;984;983,2;2148,2;33,1;18,3;33,7;30,8;18,9;16,9;47;38;41;293;4,6;,7;
2021/02/13;1600 UTC;0;982,2;983,2;982,2;2371,1;34;16,5;34,3;32,1;18,6;16;42;34;35;240;4,7;,9;
2021/02/13;1700 UTC;0;981,1;982,2;981,1;2858;35;15,5;35,6;33,1;17,6;15,1;38;31;31;202;3,8;,1;
2021/02/13;1800 UTC;0;980,3;981,1;980,3;2772,3;35,2;15,7;36;34;16,7;14,9;34;30;31;318;3,7;1,4;
2021/02/13;1900 UTC;0;979,9;980,3;979,9;1825,6;34,8;15,5;36,1;34,4;16,9;14,3;36;28;32;120;4,2;,5;
2021/02/13;2000 UTC;0;980;980;979,9;309,5;31,6;19,3;34,8;31,6;20,4;15,2;51;31;48;267;3,9;0;
2021/02/13;2100 UTC;0;980,4;980,4;980;196,3;30,7;17;32,5;30,1;22,1;16,7;62;39;44;333;7,7;3,4;
2021/02/13;2200 UTC;0;980,8;980,8;980,4;,1;29,9;17,9;30,8;29;18,7;16,8;54;43;49;106;6,2;1,2;
2021/02/13;2300 UTC;,4;981,9;981,9;980,8;;27,6;20,1;29,9;27,6;20,1;17,7;64;48;64;96;5,4;3,1;
2021/02/14;0000 UTC;0;983;983;981,9;;26,4;20,5;27,8;26,3;20,5;19,8;70;62;70;91;9,4;2,6;
2021/02/14;0100 UTC;0;984,1;984,1;983;;25,3;21,2;26,5;25,3;21,2;20,4;78;70;78;79;7,8;2,6;
2021/02/14;0200 UTC;0;984,7;984,7;984,1;;24,8;21,8;25,3;24,7;21,8;21,2;84;78;83;139;4,8;,1;
2021/02/14;0300 UTC;0;984,2;984,8;984,1;;24,4;21,6;24,9;24,4;21,8;21,4;84;82;84;159;1,6;0;
2021/02/14;0400 UTC;,2;983,7;984,2;983,7;;24,6;22,1;24,7;24,4;22,1;21,6;86;84;86;299;0;0;
2021/02/14;0500 UTC;,4;983,4;983,7;983,3;;24,3;21,3;24,7;24,3;22,3;21,3;87;83;83;147;4,2;,9;
2021/02/14;0600 UTC;1;983,2;983,4;983,1;;23,9;21,5;24,3;23,8;21,7;21,2;87;83;86;230;2,5;0;
2021/02/14;0700 UTC;0;983,3;983,3;983,2;;24,2;21,7;24,3;23,9;21,9;21,5;87;86;86;120;2,8;0;
2021/02/14;0800 UTC;,2;983,3;983,5;983,2;;24,1;21,9;24,3;24;21,9;21,7;87;86;87;132;0;0;
2021/02/14;0900 UTC;,2;984,1;984,1;983,3;20;24,2;22,1;24,3;24;22,2;21,8;88;87;88;250;0;0;
2021/02/14;1000 UTC;0;984,6;984,6;984;350;25,3;23;25,3;24,2;23;22,1;88;87;87;188;0;0;
2021/02/14;1100 UTC;0;985,3;985,3;984,6;431;25,6;22,8;25,6;25,2;23;22,5;87;84;84;220;0;0;
2021/02/14;1200 UTC;0;985,8;985,8;985,3;1098,3;27,5;21,8;27,5;25,6;23,2;21,4;85;71;71;110;0;0;
2021/02/14;1300 UTC;0;985,8;985,8;985,8;1994,5;28,5;20,6;28,8;27,4;22;20,5;72;62;62;86;4,7;1,1;
2021/02/14;1400 UTC;0;985,3;985,8;985,3;1495,6;29,2;20,9;29,2;28,4;21,3;20;64;59;61;227;3,4;,8;
2021/02/14;1500 UTC;0;983,9;985,3;983,9;2452,9;30;19,8;30,3;28,9;21,7;19,5;62;54;54;40;3;1,1;
2021/02/14;1600 UTC;0;982,8;983,9;982,8;2983,9;31,4;19,8;31,6;29,9;20,5;18,6;56;46;50;35;4,7;1;
2021/02/14;1700 UTC;0;981,9;982,8;981,9;2752,8;32;20,1;32,6;31;21,4;18,9;54;46;50;286;6,5;3,3;
2021/02/14;1800 UTC;0;981,2;981,9;981,2;2186;32;20,7;32,2;31,1;21,4;20;55;50;51;277;7,4;3,1;
2021/02/14;1900 UTC;0;980,5;981,2;980,5;1811,6;31,9;19,9;32,2;31;21,1;19,7;53;49;49;283;7,3;3,2;
2021/02/14;2000 UTC;0;980,4;980,5;980,2;1137,9;29,8;21,9;32,2;29,8;22,1;19,4;62;47;62;293;8,1;5;
2021/02/14;2100 UTC;0;980,9;980,9;980,4;321,8;28,4;20,9;29,8;28,4;21,9;20,7;64;61;64;282;8;3,2;
2021/02/14;2200 UTC;0;981;981;980,8;;27,3;21,8;28,4;27,3;21,8;21;72;64;72;267;5,5;2,2;
2021/02/14;2300 UTC;0;981,5;981,5;981;;26,7;21,8;27,3;26,7;22,2;21,8;75;72;75;283;4,7;1,1;
2021/02/15;0000 UTC;0;982;982,1;981,5;;25,8;22;26,7;25,8;22;21,5;79;74;79;309;3,1;0;
2021/02/15;0100 UTC;0;982,8;982,8;982;;25,4;22,1;25,8;25,4;22,2;22;82;79;82;219;0;0;
2021/02/15;0200 UTC;0;983,2;983,2;982,8;;25;22,2;25,4;24,9;22,3;22,1;85;82;85;117;0;0;
2021/02/15;0300 UTC;0;982,7;983,2;982,7;;24,9;22,4;25;24,6;22,4;22,1;86;85;86;151;0;0;
2021/02/15;0400 UTC;0;982,2;982,7;982,2;;25,1;22,7;25,3;24,5;22,7;22;87;85;87;258;0;0;
2021/02/15;0500 UTC;0;982,1;982,2;982,1;;25,7;22,6;25,8;25,1;23,1;22,6;87;83;83;216;0;0;
2021/02/15;0600 UTC;0;982,1;982,1;981,9;;25,5;22,7;25,7;25,5;22,8;22,6;85;83;85;285;0;0;
2021/02/15;0700 UTC;0;982,1;982,2;982;;25,2;22,8;25,5;25,2;22,8;22,7;87;85;87;302;0;0;
2021/02/15;0800 UTC;0;982,7;982,7;982;;25,3;23;25,3;25,1;23,1;22,7;87;87;87;5;0;0;
2021/02/15;0900 UTC;0;983,3;983,3;982,7;;25,3;23;25,5;25,2;23,3;23;88;87;87;112;0;0;
2021/02/15;1000 UTC;0;984,3;984,3;983,3;21,2;24,4;21,4;25,5;24,4;23,1;21,3;87;82;83;192;5,5;2,5;
2021/02/15;1100 UTC;0;985;985;984,3;60,2;24,6;20,8;24,9;24,3;21,4;20,8;84;78;80;171;6,2;3,5;
2021/02/15;1200 UTC;9,4;985,5;985,5;985;122,5;22,8;20,7;24,6;22,8;21;20,6;88;80;88;193;6,5;2,8;
2021/02/15;1300 UTC;1;985,4;985,6;985,4;440;23,9;21,7;23,9;22,7;21,7;20,6;89;87;87;203;5,1;1,8;
2021/02/15;1400 UTC;0;985,1;985,4;985,1;1290,7;26,2;21,6;26,2;23,9;22,6;21,3;87;76;76;257;3,5;,1;
2021/02/15;1500 UTC;0;984;985,1;984;2129,7;28,1;21,2;28,1;25,9;22,1;21;77;66;66;189;2,7;,3;
2021/02/15;1600 UTC;0;983,1;984;983,1;2361,7;29,1;21,5;29,1;28,1;22,2;20,3;68;61;64;219;2,5;0;
2021/02/15;1700 UTC;0;981,8;983,1;981,8;2501,7;30,2;20,3;30,5;28,9;21,7;20,1;64;55;55;269;3;,3;
2021/02/15;1800 UTC;0;980,9;981,8;980,9;2928;30,7;20,7;31,6;30,1;21,8;19;59;50;55;292;4,1;1,8;
2021/02/15;1900 UTC;0;980,1;980,9;980,1;1891,3;31,6;19,9;31,8;30,2;21,4;19,4;60;49;50;255;3,9;0;
2021/02/15;2000 UTC;0;979,7;980,1;979,7;1164,2;31,3;20,4;31,9;30,9;21;19;56;48;53;307;2,4;,9;
2021/02/15;2100 UTC;0;979,7;979,8;979,7;378,7;29,5;20,8;31,6;29,5;21,3;19,7;60;49;60;309;4,1;1,7;
2021/02/15;2200 UTC;0;980,5;980,5;979,5;;28,1;21,5;29,5;28,1;21,7;20,8;68;59;67;242;2,7;0;
2021/02/15;2300 UTC;0;981,3;981,3;980,5;;27,2;21,4;28,4;27,1;22;21,1;72;65;71;232;1,7;0;
2021/02/16;0000 UTC;0;982,1;982,1;981,3;;26,6;21,6;27,3;26,5;21,6;21,1;75;70;74;266;0;0;
2021/02/16;0100 UTC;0;983,5;983,5;982,1;;27;22,2;27;25,9;22,4;21,6;79;74;75;24;4,1;0;
2021/02/16;0200 UTC;0;983,1;983,6;983,1;;26,6;21,7;27,2;26,4;22,2;21,5;75;72;75;314;2,5;0;
2021/02/16;0300 UTC;0;983,2;983,3;982,9;;26,3;22;26,7;26,2;22;21,5;77;74;77;317;3,7;,4;
2021/02/16;0400 UTC;9,4;983,5;983,7;983,1;;23,1;20,5;26,7;23,1;22;20,4;85;70;85;78;7;2,8;
2021/02/16;0500 UTC;21,6;983,8;983,8;983,4;1,9;21,9;20,2;23,1;21,6;20,8;19,8;90;85;90;142;10;4,2;
2021/02/16;0600 UTC;7,8;983,9;984;983,6;;22,2;20,6;22,3;21,8;20,6;20,1;90;90;90;93;7,7;1,1;
2021/02/16;0700 UTC;5,8;984,2;984,2;983,9;,1;22,2;20,6;22,3;22,2;20,7;20,5;90;90;90;107;5,1;3;
2021/02/16;0800 UTC;3,6;984,1;984,3;983,9;;22,1;20,6;22,2;22,1;20,6;20,5;91;90;91;92;5,1;2,5;
2021/02/16;0900 UTC;1,2;984,7;984,7;984,1;;22,3;20,7;22,3;22,1;20,7;20,5;91;91;91;21;3,8;0;
2021/02/16;1000 UTC;1,4;985,6;985,6;984,7;38,1;22,3;20,7;22,4;22,1;20,8;20,5;91;91;91;79;1,6;0;
2021/02/16;1100 UTC;1,2;986,3;986,4;985,6;98,5;22,5;20,9;22,6;22,2;21;20,6;91;90;91;2;0;0;
2021/02/16;1200 UTC;,4;986,1;986,3;986,1;228,7;22,7;21,1;22,8;22,4;21,1;20,7;91;90;90;318;1,1;0;
2021/02/16;1300 UTC;,2;986,1;986,2;986,1;583,9;23,6;21,7;23,6;22,6;21,7;20,9;90;89;89;328;1;0;
2021/02/16;1400 UTC;0;986,3;986,3;986,1;1019,2;24,1;21,6;24,1;23,4;22;21,2;89;85;86;308;2,3;0;
2021/02/16;1500 UTC;,2;985,9;986,3;985,9;1110,7;24,8;21,3;25,2;24,1;22,1;21,3;86;81;81;279;1,5;0;
2021/02/16;1600 UTC;0;985;985,9;985;1459,5;26;21,5;26,1;24,8;22,1;21,4;82;76;76;249;0;0;
2021/02/16;1700 UTC;0;983,8;985;983,8;2098,5;27,3;21,8;27,3;25,9;22;21;78;71;72;299;4,2;,6;
2021/02/16;1800 UTC;0;983,1;983,8;983,1;1487,9;26,8;21,2;27,4;26,5;22,1;20,8;74;70;71;284;5;3;
2021/02/16;1900 UTC;0;982,4;983,1;982,4;1430;27,9;21,2;27,9;26,8;21,5;20,5;72;67;67;276;5;,3;
2021/02/16;2000 UTC;0;982,9;982,9;982,4;678,2;27;21,5;27,9;27;21,8;20,8;72;66;72;284;4,7;0;
2021/02/16;2100 UTC;0;983,1;983,1;982,9;168;26,1;21,7;27;26,1;21,7;21,2;77;71;77;304;2,9;,3;
2021/02/16;2200 UTC;0;983,5;983,5;983;;25,4;21,6;26,1;25,4;21,8;21,5;80;77;80;306;2,1;0;
2021/02/16;2300 UTC;0;984,4;984,4;983,5;;25,2;21,3;25,4;25;22,1;21,3;83;79;79;50;1,1;0;
2021/02/17;0000 UTC;0;985,5;985,5;984,4;;24,4;21;25,2;24,4;21,3;20,8;82;78;81;83;5,2;1;
2021/02/17;0100 UTC;0;986;986;985,6;;24,2;21,1;24,4;24,2;21,2;21;83;81;83;348;2,2;,6;
2021/02/17;0200 UTC;0;986,1;986,2;985,9;;24;21,4;24,3;23,9;21,4;21,1;85;83;85;155;2,2;0;
2021/02/17;0300 UTC;0;985,9;986,1;985,9;;23,9;21,6;24,2;23,8;21,6;21,4;87;85;87;121;0;0;
2021/02/17;0400 UTC;0;985;985,9;985;;23,8;21,7;24;23,8;21,7;21,5;88;87;88;58;0;0;
2021/02/17;0500 UTC;0;984,6;985;984,6;;23,8;21,7;23,9;23,6;21,8;21,5;88;88;88;169;0;0;
2021/02/17;0600 UTC;0;984,1;984,5;984,1;;23,7;21,7;23,9;23,7;21,8;21,6;88;88;88;112;0;0;
2021/02/17;0700 UTC;0;984;984,1;983,9;;23,8;21,7;23,9;23,7;21,8;21,6;89;88;88;129;0;0;
2021/02/17;0800 UTC;0;984,4;984,4;984;;23,8;21,8;24;23,7;21,9;21,7;89;88;88;118;0;0;
2021/02/17;0900 UTC;0;984,6;984,6;984,4;1,3;23,7;21,7;23,9;23,7;21,9;21,6;89;88;89;91;0;0;
2021/02/17;1000 UTC;0;985;985;984,6;246,7;24,3;22,1;24,3;23,6;22,2;21,6;89;87;87;93;0;0;
2021/02/17;1100 UTC;0;985,8;985,8;985;404,2;24,9;21,8;24,9;24,3;22,3;21,6;88;83;83;111;1,6;0;
2021/02/17;1200 UTC;0;985,7;985,9;985,7;667,1;25,4;21,3;25,5;24,9;22;21,3;83;78;78;5;0;0;
2021/02/17;1300 UTC;0;985,8;986;985,7;1463,9;27,1;21,6;27,1;25,4;21,8;20,8;78;71;72;125;2,9;,5;
2021/02/17;1400 UTC;0;985,5;985,8;985,5;2570;28,2;20,9;29;27;21,8;20,2;72;63;65;110;2,9;,6;
2021/02/17;1500 UTC;0;984,5;985,5;984,5;3005,7;29,3;19,7;30,1;28,2;21,6;19,6;65;56;56;57;3,9;,6;
2021/02/17;1600 UTC;0;983,4;984,5;983,4;3122,1;30;20,2;30,8;29,1;21,7;19,3;60;53;56;122;3,8;1,8;
2021/02/17;1700 UTC;0;982,4;983,4;982,4;2739,5;30,4;19,3;31,4;29,9;21,1;18,9;57;50;51;326;4,2;0;
2021/02/17;1800 UTC;,6;982,5;982,8;982,2;655,6;23,5;20,6;30,9;23,5;21;18,6;84;49;84;320;12,7;4,6;
2021/02/17;1900 UTC;,8;982;982,5;981,9;338,3;24,4;21;24,5;23,5;21,3;20,6;84;80;81;253;7,5;2,4;
2021/02/17;2000 UTC;0;982,7;982,7;982;304,9;25,5;22,2;25,5;24,4;22,2;20,9;83;79;82;277;6,6;0;
2021/02/17;2100 UTC;0;983,5;983,5;982,7;107,5;25,2;22,1;25,7;25,2;22,5;21,9;83;81;83;149;6,1;4,1;
2021/02/17;2200 UTC;0;982,8;983,6;982,8;;24,6;21,2;25,3;24,6;22;21,2;83;80;82;237;6,1;,5;
2021/02/17;2300 UTC;0;982,5;982,8;982,4;;24,1;21;24,6;24,1;21,2;20,9;83;81;83;281;3;,1;
2021/02/18;0000 UTC;0;984,2;984,2;982,5;;23,9;21,4;24,2;23,8;21,4;20,9;86;83;86;102;2;0;
2021/02/18;0100 UTC;0;984,8;985,2;984,2;;24,3;21,7;24,4;23,9;21,9;21,4;87;85;86;107;4,3;0;
2021/02/18;0200 UTC;0;985;985,1;984,7;;23,6;19,9;24,4;23,6;21,8;19,9;86;80;80;68;0;0;
2021/02/18;0300 UTC;0;984,6;985;984,6;;23,4;19,6;23,7;23,2;20;19,5;81;79;79;101;0;0;
2021/02/18;0400 UTC;0;984,2;984,6;984,2;;23,4;20,1;23,5;23,3;20,1;19,5;82;79;82;108;3,1;0;
2021/02/18;0500 UTC;0;983,8;984,2;983,8;;23,3;20,4;23,4;23,2;20,5;20,1;84;82;84;141;0;0;
2021/02/18;0600 UTC;0;983,9;983,9;983,7;;23,3;20,9;23,5;23,1;21;20,3;86;84;86;185;0;0;
2021/02/18;0700 UTC;0;984,3;984,3;983,8;;23,8;21,1;23,8;23,3;21,1;20,8;86;84;85;209;0;0;
2021/02/18;0800 UTC;0;984,6;984,7;984,3;;23,6;21,3;23,8;23,5;21,4;20,9;87;85;87;135;0;0;
2021/02/18;0900 UTC;,8;985,1;985,1;984,6;0;23,5;21,5;23,6;23,3;21,5;21,2;89;87;89;83;0;0;
2021/02/18;1000 UTC;,4;985,5;985,5;985,1;203,1;24;22,1;24;23,4;22,1;21,4;89;88;89;115;0;0;
2021/02/18;1100 UTC;0;986,1;986,1;985,5;936,2;25,1;22,1;25,2;24;22,5;21,9;89;83;83;90;3,9;,2;
2021/02/18;1200 UTC;0;986,2;986,3;986,1;1368,3;26,4;21,4;26,4;25;22,2;20,8;83;73;74;83;4,5;2,6;
2021/02/18;1300 UTC;0;986,2;986,3;986,2;2232,8;27,7;19,5;28;26,3;21,4;19,3;74;60;61;98;5,9;,5;
2021/02/18;1400 UTC;0;986;986,3;986;2645;28,5;19,2;29,2;27,6;20,9;18,8;63;55;57;124;5,5;2,3;
2021/02/18;1500 UTC;0;985,4;986;985,4;3405,1;29,6;18,8;29,9;28,4;21;17,6;61;49;52;78;5;2,6;
2021/02/18;1600 UTC;0;984,3;985,4;984,3;2518,3;30,8;17,7;30,8;29,5;18,9;16,7;52;43;45;96;4,8;1,6;
2021/02/18;1700 UTC;0;983,4;984,3;983,4;3620;31,5;16,6;32;30,2;19;16,1;48;41;41;86;3,8;1,1;
2021/02/18;1800 UTC;0;982,6;983,4;982,6;3049,8;31,6;17,3;31,9;31;19;16,3;49;40;43;155;4,7;1,1;
2021/02/18;1900 UTC;0;982;982,7;982;2077,6;31,6;16,8;32,5;31,1;18,7;16,4;47;38;41;109;4,6;2,1;
2021/02/18;2000 UTC;0;981,8;982;981,8;1201,6;31,1;17,1;32,1;31,1;17,8;15,7;44;38;43;130;3,2;1,6;
2021/02/18;2100 UTC;0;982,6;982,6;981,8;202,5;27;20,6;31,1;26,9;21,1;17,2;70;43;68;80;2,4;0;
2021/02/18;2200 UTC;0;983;983;982,6;;25,8;22,6;27,1;25,6;22,6;20,6;83;68;83;200;0;0;
2021/02/18;2300 UTC;0;983,4;983,4;983;;27,4;19,6;27,4;25,7;22,8;19,6;83;62;62;214;2,5;,3;
2021/02/19;0000 UTC;0;984,2;984,2;983,4;;26,3;20,8;27,4;26,3;20,9;19,4;72;62;72;197;2,5;0;
2021/02/19;0100 UTC;0;985,7;985,7;984,2;;26,5;19,8;26,8;25,9;21,3;19,7;75;66;67;69;4,4;,3;
2021/02/19;0200 UTC;0;986,3;986,3;985,7;;25,7;19,8;26,5;25,7;19,8;19,6;70;66;70;76;5,6;2,1;
2021/02/19;0300 UTC;0;986,2;986,4;986,2;;25,3;19;25,8;25,3;19,9;19;71;67;68;72;5;,9;
2021/02/19;0400 UTC;0;985,7;986,2;985,7;;24,8;18,7;25,4;24,8;19,1;18,7;69;68;69;81;4,7;1;
2021/02/19;0500 UTC;0;985,2;985,7;985,2;;24;19,4;24,8;24;19,4;18,7;76;69;76;132;2,2;,7;
2021/02/19;0600 UTC;0;985,2;985,2;985,1;;23,8;20;24;23,7;20;19,4;79;76;79;145;1,5;0;
2021/02/19;0700 UTC;0;985,2;985,3;985,1;;23,1;20,5;23,8;23;20,6;19,7;85;79;85;124;0;0;
2021/02/19;0800 UTC;0;986;986;985,2;;22,8;20,4;23,2;22,6;20,5;20;86;84;86;176;0;0;
2021/02/19;0900 UTC;0;986,4;986,4;986;7,9;22,8;20,6;22,9;22,5;20,6;20,2;88;86;88;172;0;0;
2021/02/19;1000 UTC;0;987;987;986,3;310,7;24,7;20,5;24,7;22,8;21,8;20,4;88;78;78;158;0;0;
2021/02/19;1100 UTC;0;987,6;987,6;987;453,5;25,1;19,7;25,2;24,6;20,4;19,7;78;72;72;125;0;0;
2021/02/19;1200 UTC;0;987,9;987,9;987,6;848,9;26;19,9;26;25;20,2;19,3;74;68;69;117;2,5;1,2;
2021/02/19;1300 UTC;0;987,6;988;987,6;2609,3;27;18,7;27,3;26;20,5;18,4;70;61;61;349;4,6;1,2;
2021/02/19;1400 UTC;0;987,3;987,6;987,3;2631,1;28,9;19,3;29;26,7;19,5;18,3;63;55;56;27;3,7;1,3;
2021/02/19;1500 UTC;0;986,7;987,3;986,7;3086,5;29;17,6;29,9;27,9;19,5;17,6;58;49;50;154;3,7;1,5;
2021/02/19;1600 UTC;0;985,8;986,7;985,8;3225,9;29,9;17,2;30,9;28,9;19,3;17,2;53;45;46;357;3;,4;
2021/02/19;1700 UTC;0;985,1;985,8;985,1;3033,1;31,2;16,7;31,6;29,9;18,9;16,1;50;41;42;124;2,6;0;
2021/02/19;1800 UTC;0;984,4;985,1;984,3;2315,4;30,7;16,4;32;30,5;18,2;16,1;47;41;42;178;2,4;,1;
2021/02/19;1900 UTC;0;984;984,4;984;2256,9;31,5;16,3;31,9;30,6;18,2;15,4;46;39;40;134;2,6;0;
2021/02/19;2000 UTC;0;983,9;984,1;983,9;1153,6;31;18,4;31,6;30,6;18,4;15,9;47;39;47;128;0;0;
2021/02/19;2100 UTC;0;984;984;983,9;341;28;21,5;31,2;28;22,9;16,8;69;43;68;140;0;0;
2021/02/19;2200 UTC;0;984,4;984,4;984;;27,1;19,9;28;26,5;22;19,6;74;61;65;218;0;0;
2021/02/19;2300 UTC;0;985;985;984,4;;26,3;20,1;27,3;26,2;20,3;19,4;70;63;69;191;2,2;0;
2021/02/20;0000 UTC;0;985,8;985,8;985;;25,9;20,3;26,3;25,8;20,3;19,6;71;68;71;197;2,9;,3;
2021/02/20;0100 UTC;0;986,2;986,2;985,8;;23,5;20,2;25,9;23,5;20,5;20;81;71;81;131;2,7;0;
2021/02/20;0200 UTC;0;986,8;986,8;986,2;;23,3;20,1;23,6;23,2;20,4;20;83;81;82;101;2,5;0;
2021/02/20;0300 UTC;0;986,6;986,8;986,6;;23,9;19,4;24,6;23,3;20,2;19,1;82;72;76;93;3,2;0;
2021/02/20;0400 UTC;0;986,2;986,6;986,1;;22,6;19,9;23,9;22,5;19,9;19,2;85;76;84;82;0;0;
2021/02/20;0500 UTC;0;986;986,2;986;;22,3;19,9;23;22,3;20,1;19,8;86;84;86;79;0;0;
2021/02/20;0600 UTC;0;986;986;985,9;;22,8;20,3;22,9;22,2;20,4;19,9;87;86;86;143;0;0;
2021/02/20;0700 UTC;0;986,2;986,2;985,9;;22,3;19,9;23,1;22,3;20,7;19,9;87;85;87;93;0;0;
2021/02/20;0800 UTC;0;986,5;986,5;986,2;;22,2;20,1;22,4;22,2;20,3;19,8;88;86;88;153;0;0;
2021/02/20;0900 UTC;0;987;987;986,5;4,1;21,8;19,8;22,2;21,7;20;19,7;89;88;89;258;0;0;
2021/02/20;1000 UTC;0;987,5;987,5;987;413;24,9;21;24,9;21,8;22;19,9;89;79;79;92;1,7;1;
2021/02/20;1100 UTC;0;988,1;988,1;987,5;1270,6;26,4;20,4;26,5;24,9;21,2;20,4;79;69;70;90;2,4;0;
2021/02/20;1200 UTC;0;988,3;988,3;988,1;2216,3;27,7;20;27,7;26,3;20,7;19,3;70;61;63;111;7,3;3,4;
2021/02/20;1300 UTC;0;987,9;988,3;987,9;2871;28,8;19,8;28,8;27,3;20,4;19,2;63;57;59;49;7,3;,5;
2021/02/20;1400 UTC;0;987,4;987,9;987,4;3063,9;29,8;17,7;30,2;28,6;19,8;17,6;59;48;48;92;5,8;2,3;
2021/02/20;1500 UTC;0;986,6;987,4;986,6;3564,1;30,7;17,6;31,3;29,6;19,2;17,1;52;45;46;150;5,5;2,1;
2021/02/20;1600 UTC;0;985,6;986,6;985,6;3592,8;31,8;18,1;31,8;30,7;19,2;17,2;49;42;44;109;7,5;2,4;
2021/02/20;1700 UTC;0;984,7;985,6;984,7;3374,2;32,5;17,7;32,7;30,9;19,6;16,8;49;39;42;78;5,3;,7;
2021/02/20;1800 UTC;0;983,8;984,7;983,8;3044,5;32,4;17,7;33;32;18,4;16,1;44;38;42;97;5,8;2;
2021/02/20;1900 UTC;0;983;983,8;983;1956,9;32,2;17,7;32,6;32,1;18,3;16,2;44;38;42;17;4;1,3;
2021/02/20;2000 UTC;0;982,8;983,1;982,8;1149,1;31,7;17,6;32,6;31,7;18,7;15,8;46;37;43;113;3,9;1,8;
2021/02/20;2100 UTC;0;983;983;982,7;209,7;28,2;22,1;31,7;28,2;22,2;17,1;70;42;70;172;2,8;,1;
2021/02/20;2200 UTC;0;983,6;983,7;983;;25,7;21,5;28,2;25,7;22,2;21,2;77;70;77;252;1,3;,2;
2021/02/20;2300 UTC;0;983,6;983,7;983,6;;26,4;21,4;27,3;25,7;22,5;21,3;80;71;74;213;1,9;0;
2021/02/21;0000 UTC;0;984,4;984,4;983,6;;25,8;21,4;26,6;25,6;21,8;21,2;79;73;77;261;1,7;0;
2021/02/21;0100 UTC;0;985,5;985,5;984,4;;26,2;20,2;26,3;24,9;21,5;20,2;81;69;70;87;4,1;1,2;
2021/02/21;0200 UTC;0;985,6;985,7;985,5;;26,2;20,4;26,5;26;20,5;20,2;71;68;71;102;3,1;1,9;
2021/02/21;0300 UTC;0;985,3;985,7;985,3;;26,8;20,3;26,9;26,1;20,6;20,2;72;67;68;44;5,2;1,6;
2021/02/21;0400 UTC;0;984,9;985,3;984,9;;25,8;20,6;26,8;25,8;20,8;20,3;73;68;73;137;3;1,3;
2021/02/21;0500 UTC;0;984,7;984,9;984,6;;25,1;20,5;25,9;25,1;20,6;20,3;76;72;76;148;3,9;1,4;
2021/02/21;0600 UTC;0;984,6;984,7;984,6;;24,3;20,4;25,2;23,9;20,6;20,1;80;75;79;138;2,9;1;
2021/02/21;0700 UTC;0;984,8;984,8;984,6;;23,1;19,9;24,6;23;20,4;19,5;82;77;82;72;2,7;,5;
2021/02/21;0800 UTC;0;985,4;985,4;984,8;;22,4;20;23,1;22,4;20;19,8;86;82;86;108;1,4;0;
2021/02/21;0900 UTC;0;985,7;985,7;985,4;3,7;23,1;20,6;23,2;22,4;20,9;20;87;86;86;93;1,1;0;
2021/02/21;1000 UTC;0;986,2;986,2;985,6;214,5;24,4;20,8;24,4;23,1;21,2;20,7;86;81;81;106;1,9;1;
2021/02/21;1100 UTC;0;986,8;986,8;986,2;630,5;25,7;20,4;25,7;24,4;21;20,1;81;72;73;92;4,9;2,2;
2021/02/21;1200 UTC;0;987,1;987,2;986,8;1087,5;27;20,2;27;25,7;21;20,2;73;67;67;84;4,7;2,3;
2021/02/21;1300 UTC;0;986,8;987,1;986,7;2511;28,8;20;28,8;26,9;21;19,3;67;59;59;110;6,4;3,6;
2021/02/21;1400 UTC;0;986,3;986,8;986,3;3121;29,3;19,6;29,5;28,3;20,4;19;61;55;56;118;7,2;3,4;
2021/02/21;1500 UTC;0;985,4;986,3;985,4;3321;30,6;20;30,9;29,2;20,6;19;57;50;53;109;6,4;3,4;
2021/02/21;1600 UTC;0;984,3;985,4;984,3;3223,9;31;18,4;31,4;30,3;20;18,4;53;47;47;111;7;2,9;
2021/02/21;1700 UTC;0;983,4;984,3;983,4;2306,9;31,9;18,2;32;30,6;20,3;18;54;44;44;67;6,6;1,9;
2021/02/21;1800 UTC;0;982,8;983,4;982,7;2742;32,7;18,5;33;31,7;20,4;17,7;49;40;43;136;5;1,9;
2021/02/21;1900 UTC;0;982,1;982,8;982,1;1986,1;32,3;19;33;32,1;19,3;17,5;47;41;45;145;5,2;2;
2021/02/21;2000 UTC;0;982;982,1;982;1038,4;31,9;19,7;32,3;31,7;20,1;17,9;50;42;49;137;4,3;1,8;
2021/02/21;2100 UTC;0;982,2;982,2;982;289,1;29,5;20,3;31,9;29,5;21;17,9;60;44;58;155;3,8;1,4;
2021/02/21;2200 UTC;0;982,6;982,7;982,2;;27,3;21,6;29,5;27,3;21,7;19,5;72;56;71;143;2,5;,3;
2021/02/21;2300 UTC;0;983;983;982,6;;27;21,5;28,1;26,5;22;20,1;75;62;72;338;2,1;,8;
2021/02/22;0000 UTC;0;983,7;983,7;983;;25,9;22,2;27,3;25,8;22,2;21,1;80;69;80;142;2,1;0;
2021/02/22;0100 UTC;0;984,3;984,3;983,7;;26,5;22,5;26,5;25,6;22,7;21,9;81;78;79;271;0;0;
2021/02/22;0200 UTC;0;984,7;984,7;984,3;;27,1;21,4;27,6;26,5;22,8;21,2;79;68;71;140;0;0;
2021/02/22;0300 UTC;0;984,8;985,1;984,7;;26,5;20,6;27,5;26,5;22,1;19,9;75;64;70;120;6;1,8;
2021/02/22;0400 UTC;0;984,2;984,8;984,1;;27;19,6;27;26;21,3;19,6;75;64;64;119;7,2;4,1;
2021/02/22;0500 UTC;0;984,1;984,3;984,1;;25,9;19,8;26,9;25,9;19,9;19,6;69;64;69;117;7,2;1,7;
2021/02/22;0600 UTC;0;983,8;984,1;983,8;;25,3;19,8;26;25,3;19,9;19,7;71;69;71;106;3,1;1,4;
2021/02/22;0700 UTC;0;983,9;984;983,8;;25;18,6;25,4;25;19,8;18,6;72;68;68;120;3,5;1,9;
2021/02/22;0800 UTC;0;984,4;984,4;983,9;;24,4;18,5;25;24,4;18,6;18,4;70;67;70;112;3,1;1,7;
2021/02/22;0900 UTC;0;984,4;984,4;984,2;11,2;24,4;18,4;24,5;24,2;18,6;18,4;71;69;69;112;4,1;0;
2021/02/22;1000 UTC;0;985,1;985,1;984,4;506;25,7;18,5;25,7;24,4;18,7;18,3;70;64;64;113;4,1;2,5;
2021/02/22;1100 UTC;0;985,8;985,8;985,1;1408,2;26,2;18,6;26,4;25,7;19,1;18,3;65;62;63;101;5,6;3,2;
2021/02/22;1200 UTC;0;985,9;986;985,8;2248,2;27,6;18,7;27,6;26,1;19,2;17,9;65;56;58;115;6;3,2;
2021/02/22;1300 UTC;0;985,8;986;985,8;2961,4;29,1;16;29,2;27,5;18,8;16;58;45;45;115;6,2;3,2;
2021/02/22;1400 UTC;0;985,3;985,8;985,2;3429,1;30,2;18,4;30,5;28,9;18,9;16,2;52;45;49;123;7;2,1;
2021/02/22;1500 UTC;0;984,6;985,3;984,6;3674,5;30,9;17,3;30,9;29,9;18,5;16,6;50;43;44;99;7,2;3,7;
2021/02/22;1600 UTC;0;983,5;984,6;983,5;3603,8;31,9;18;32,1;30,8;18,6;15,9;47;40;44;106;7;3,3;
2021/02/22;1700 UTC;0;982,6;983,5;982,6;3441,8;32,4;17,6;32,4;31,7;18,4;15,4;45;36;41;143;6,8;3,5;
2021/02/22;1800 UTC;0;982;982,6;982;2471,1;32,1;17,7;32,8;31,8;17,8;15,4;43;36;42;157;6,8;2,9;
2021/02/22;1900 UTC;0;981,7;982;981,7;1569,8;32,2;16,7;32,4;31,9;18,3;16,6;45;39;40;161;4,6;1,6;
2021/02/22;2000 UTC;0;981,7;981,7;981,7;1150,5;32;18,7;32,7;32;18,8;16,7;46;39;45;305;2,9;0;
2021/02/22;2100 UTC;0;982;982;981,7;329,7;28,1;22,4;32,3;28,1;22,5;17;71;40;71;351;0;0;
2021/02/22;2200 UTC;0;982,3;982,3;982;;26,4;21,9;28,1;26,3;22,4;21,1;76;67;76;272;0;0;
2021/02/22;2300 UTC;0;983,1;983,1;982,3;;25,5;21,7;26,5;25,5;22,1;21,3;80;76;80;217;0;0;
2021/02/23;0000 UTC;0;983,8;983,8;983,1;;26;21,5;27,1;25,4;22,5;20,9;80;71;76;259;3,2;0;
2021/02/23;0100 UTC;0;984,3;984,4;983,8;;24,9;21,4;26,3;24,9;21,7;21,2;81;75;81;256;0;0;
2021/02/23;0200 UTC;0;985,6;985,7;984,3;;25,9;20,3;25,9;24,2;21,6;20,3;84;71;71;90;4,6;2,3;
2021/02/23;0300 UTC;0;985,3;985,6;985,2;;25,3;19,6;26,7;25,3;20,3;19,4;71;65;71;116;4;,2;
2021/02/23;0400 UTC;0;985;985,3;985;;23,6;19,8;25,3;23,6;20;19,5;79;71;79;88;1,7;,2;
2021/02/23;0500 UTC;0;984,9;985;984,8;;24,3;20,8;24,3;23,6;20,9;19,8;81;77;81;77;1,6;0;
2021/02/23;0600 UTC;0;985,2;985,2;984,8;;24,2;21,1;24,3;23,7;21,1;20,2;83;79;83;116;,9;0;
2021/02/23;0700 UTC;0;985,7;985,7;985,2;;24,4;21;24,7;24;21,5;20,8;83;81;81;321;1;0;
2021/02/23;0800 UTC;0;985,8;985,8;985,7;;23,9;21,2;24,4;23,9;21,3;20,6;85;81;85;139;1,7;0;
2021/02/23;0900 UTC;0;986,1;986,1;985,8;5,3;23,4;19,8;23,9;22,9;21,1;19,8;86;80;80;122;2,2;1,5;
2021/02/23;1000 UTC;0;987,1;987,1;986,1;360,6;24,7;19,4;25,1;23,4;19,8;19,3;80;71;73;103;2,7;,7;
2021/02/23;1100 UTC;0;987,8;987,8;987,1;1112,2;26,4;18;26,4;24,6;19,8;17,6;74;59;60;98;4,4;2,4;
2021/02/23;1200 UTC;0;987,8;987,9;987,7;2240,3;27,4;17,7;27,5;26,4;18,1;17,1;60;54;55;106;5,4;3,4;
2021/02/23;1300 UTC;0;987,7;987,9;987,6;2840,2;28,7;18,4;28,7;27,4;19,1;17,3;58;54;54;93;7;2,4;
2021/02/23;1400 UTC;0;987,2;987,7;987,1;3068,6;29,1;18,4;29,5;28,3;19,7;17,7;57;50;52;114;6,7;2;
2021/02/23;1500 UTC;0;986,4;987,2;986,4;2435,8;30,4;18,6;30,6;29,1;19,1;17,4;54;46;49;98;4,7;1,1;
2021/02/23;1600 UTC;0;985,1;986,4;985,1;3802,7;31;17,4;31,4;30,1;18,8;15,9;49;40;44;104;5,5;2,4;
2021/02/23;1700 UTC;0;984,2;985,1;984,2;2609,4;31,2;17;32,4;30,8;18,1;15,4;45;38;43;90;5,5;0;
2021/02/23;1800 UTC;0;983,7;984,2;983,7;2401,2;32,8;16,2;33,4;31,2;18;14,9;44;34;37;198;0;0;
2021/02/23;1900 UTC;0;983,1;983,7;983,1;2232,3;32,4;16,1;33,3;32,3;17,5;14,9;41;35;38;166;0;0;
2021/02/23;2000 UTC;0;982,9;983,1;982,9;1050,9;32,1;16,3;33,1;31,9;18,2;15,1;45;35;39;181;0;0;
2021/02/23;2100 UTC;0;983;983;982,9;229,6;30,1;18,2;32,1;30,1;18,3;16;49;39;49;220;0;0;
2021/02/23;2200 UTC;0;983,5;983,5;983;;28,6;19,5;30,1;28,6;19,5;17,9;58;49;58;223;0;0;
2021/02/23;2300 UTC;0;984,2;984,2;983,5;;27,8;19,9;28,6;27,8;20;19,1;62;58;62;212;0;0;
2021/02/24;0000 UTC;0;985,2;985,2;984,2;;26,5;20,3;27,8;26,5;20,4;19,8;69;62;69;269;0;0;
2021/02/24;0100 UTC;0;986,4;986,4;985,2;;26,5;19,6;27,6;26,1;20,9;19,3;72;61;66;92;5,3;,6;
2021/02/24;0200 UTC;0;986,7;986,8;986,4;;26,5;19,6;26,6;26,1;19,9;19,6;69;65;66;83;2,9;,9;
2021/02/24;0300 UTC;0;986,2;986,7;986,2;;26;19,8;26,6;26;19,8;19,6;69;65;69;60;3,8;1,1;
2021/02/24;0400 UTC;0;986;986,2;986;;26,2;20,3;26,3;26;20,4;19,8;70;69;70;41;3,7;0;
2021/02/24;0500 UTC;2;985,9;986,1;985,6;;24,3;20,4;26,2;24,3;20,5;20,1;79;70;79;92;7;4,1;
2021/02/24;0600 UTC;23,2;985,6;986;985,5;,4;23,3;21,5;24,3;22,5;21,5;20,4;90;79;90;130;7;1,6;
2021/02/24;0700 UTC;0;985,9;985,9;985,4;;23,3;21,5;23,4;23,2;21,6;21,4;90;89;89;333;2,8;,4;
2021/02/24;0800 UTC;0;986,3;986,3;985,9;,5;23,6;21,3;23,7;23,3;21,7;21,3;90;87;87;115;1,4;0;
2021/02/24;0900 UTC;0;986,5;986,6;986,3;4;23,8;21,4;23,8;23,5;21,4;21,2;87;86;86;126;0;0;
2021/02/24;1000 UTC;0;987;987;986,5;238,6;24,9;22;24,9;23,8;22,1;21,2;86;84;84;118;0;0;
2021/02/24;1100 UTC;0;987,7;987,7;987;690,9;25,3;21,8;25,6;24,9;22,1;20,9;84;76;81;109;0;0;
2021/02/24;1200 UTC;0;988;988,1;987,7;1797,4;27,1;20,9;27,5;25,3;22;20,7;81;68;69;99;5,7;3,1;
2021/02/24;1300 UTC;0;987,9;988,1;987,9;2653,3;28,2;20,9;28,4;26,9;22;20,3;71;63;64;104;6,6;2,5;
2021/02/24;1400 UTC;0;987,3;987,9;987,3;3279,8;29,4;20,9;29,4;28,2;21,6;20,1;67;60;60;116;6,4;3,6;
2021/02/24;1500 UTC;0;986,5;987,3;986,5;3740,6;30;19,6;30,5;29;21,6;19,6;61;54;54;99;6,4;3,3;
2021/02/24;1600 UTC;0;985,4;986,5;985,4;3614,8;30,9;18,6;31,7;30;21,4;17,7;58;45;48;103;6;1,8;
2021/02/24;1700 UTC;0;984,1;985,4;984,1;2701;31,7;19,8;31,8;30,3;20,3;18,4;53;46;49;116;5,5;2,3;
2021/02/24;1800 UTC;0;983,1;984,1;983;2923,3;32,4;18,3;32,9;31,6;21;17,7;51;41;43;121;4,2;0;
2021/02/24;1900 UTC;0;982,5;983,1;982,5;1999,7;32,7;17,7;33;31,5;20,1;17,6;49;40;41;102;0;0;
2021/02/24;2000 UTC;0;982,5;982,6;982,4;1005,7;32,1;19,8;33,2;31,6;20,3;17,8;52;40;49;116;1,6;0;
2021/02/24;2100 UTC;0;982,9;982,9;982,3;254,7;29;21,6;32,1;28,3;23,4;18,6;73;45;64;228;0;0;
2021/02/24;2200 UTC;0;983,1;983,1;982,9;;28,7;21,3;29,6;28,6;21,6;20,4;65;57;65;210;0;0;
2021/02/24;2300 UTC;0;983,4;983,4;983;;27,8;21,2;28,6;27,8;21,4;21;68;64;67;203;0;0;
2021/02/25;0000 UTC;0;983,9;983,9;983,4;;27,5;20,1;27,8;27,3;21,2;20,1;67;64;64;215;3,8;0;
2021/02/25;0100 UTC;0;985,1;985,1;983,9;;27,8;20,4;28;26,9;20,8;19,8;70;63;64;15;6,9;2;
2021/02/25;0200 UTC;,2;985,4;985,6;985,1;;25,7;21,4;27,9;25,6;21,4;20,4;78;64;78;32;5,9;2;
2021/02/25;0300 UTC;10,6;985,6;985,8;985,3;1,4;21,9;19,9;25,7;21,9;22;19,8;88;78;88;119;13;5,2;
2021/02/25;0400 UTC;15,8;984,8;985,9;984,8;,1;22;20,1;22;21,7;20,3;19,9;90;89;89;85;10;,8;
2021/02/25;0500 UTC;,4;985;985,2;984,7;;22,5;20,5;22,6;22;20,6;20,1;89;89;89;51;5,2;2,3;
2021/02/25;0600 UTC;2,6;984,2;984,9;984,1;;21;19,2;22,5;21;20,5;19,2;90;88;90;21;5,3;0;
2021/02/25;0700 UTC;1,8;984,2;984,2;983,7;;20,9;19,2;21,2;20,8;19,5;18,9;90;89;90;332;4,1;1,3;
2021/02/25;0800 UTC;1,2;984,4;984,5;984,2;;21,1;19,3;21,1;20,8;19,3;18,9;90;89;89;185;3,6;0;
2021/02/25;0900 UTC;,2;984,4;984,4;984,3;,6;21,5;19,7;21,5;21,1;19,7;19,3;90;89;90;213;3;0;
2021/02/25;1000 UTC;0;985;985;984,4;143;22,3;20,5;22,3;21,5;20,5;19,7;90;89;90;197;0;0;
2021/02/25;1100 UTC;0;985,7;985,7;985;332,1;23,3;21,4;23,4;22,3;21,5;20,5;90;89;89;174;0;0;
2021/02/25;1200 UTC;0;986,1;986,1;985,7;1005,7;25,8;22,7;25,8;23,3;22,8;21,4;89;83;83;311;0;0;
2021/02/25;1300 UTC;0;986,4;986,4;986,1;2295,9;26,6;21,2;27,1;25,3;22,8;21,2;83;73;73;64;3,9;1;
2021/02/25;1400 UTC;0;986;986,4;986;2861,8;28;21,4;28,3;26,6;22,5;20,8;74;65;68;97;6,4;3,2;
2021/02/25;1500 UTC;0;985,2;986;985,2;3467,4;29;21;29,6;27,7;22,4;20,4;69;60;62;120;6;1,9;
2021/02/25;1600 UTC;0;984;985,1;984;2960,7;29,2;21;30;28,7;22;19,9;63;56;61;125;5,5;2;
2021/02/25;1700 UTC;0;982,7;984;982,7;3436,1;30,6;19,8;31,2;29,3;21,6;19,2;62;50;52;93;5,3;2,9;
2021/02/25;1800 UTC;0;981,6;982,7;981,6;3012,4;31,5;20,2;32;30,4;20,7;18,3;55;46;51;74;5,3;,3;
2021/02/25;1900 UTC;0;980,9;981,7;980,9;1964,3;31,8;18,3;31,9;30,8;20,3;18,1;54;45;45;135;5;,4;
2021/02/25;2000 UTC;0;980,5;980,9;980,5;1022,5;31;18,6;32,3;31;21,5;18,2;56;44;48;74;3,2;0;
2021/02/25;2100 UTC;0;980,7;980,7;980,3;250,2;27,4;22,5;31,1;27,4;23,2;18,7;76;48;75;136;1,1;0;
2021/02/25;2200 UTC;0;981,5;981,5;980,7;;26,4;23,5;27,5;26,3;23,7;22,5;85;75;85;169;0;0;
2021/02/25;2300 UTC;0;981,9;981,9;981,5;;26;23,7;26,4;25,8;24;23,4;87;85;87;281;0;0;
2021/02/26;0000 UTC;0;982,8;982,8;981,9;;25,9;23,5;26,1;25,5;23,8;23,1;87;86;87;158;3,4;,1;
2021/02/26;0100 UTC;0;984,1;984,1;982,9;;25,7;20,4;26,9;25,7;23,8;20,3;84;72;72;57;6,9;2,6;
2021/02/26;0200 UTC;0;984,1;984,4;984,1;;24,9;21;25,8;24,9;21,1;20,3;79;72;79;118;5,9;0;
2021/02/26;0300 UTC;0;983,7;984,2;983,7;;24,9;21,6;24,9;24,4;21,6;21;83;79;82;70;0;0;
2021/02/26;0400 UTC;0;983,3;983,7;983,2;;24,7;21,6;25;24,7;21,8;21,4;83;81;83;86;0;0;
2021/02/26;0500 UTC;0;982,6;983,3;982,6;;24,5;21,9;24,8;24,4;21,9;21,5;85;83;85;102;0;0;
2021/02/26;0600 UTC;0;982,4;982,6;982,4;;24,4;21,7;24,7;24,4;22,2;21,7;86;85;85;136;3,3;1,2;
2021/02/26;0700 UTC;0;982,3;982,4;982,2;;23,7;21,3;24,4;23,7;21,6;21,1;86;84;86;143;3,5;0;
2021/02/26;0800 UTC;0;982,4;982,5;982,2;;23,7;21,5;23,8;23,7;21,6;21,3;88;86;88;66;0;0;
2021/02/26;0900 UTC;0;982,8;982,9;982,4;4;24;21,9;24;23,7;22;21,5;88;88;88;39;0;0;
2021/02/26;1000 UTC;0;983,3;983,3;982,8;170,5;24,7;22,4;24,8;24;22,6;22;88;87;87;43;0;0;
2021/02/26;1100 UTC;0;983,9;983,9;983,3;498,8;25,6;22,1;25,6;24,7;22,8;22,1;87;81;81;97;2,7;1,1;
2021/02/26;1200 UTC;0;984,5;984,5;983,9;1196,9;26,6;21,9;26,6;25,6;22,5;21,6;81;75;75;95;4,4;,4;
2021/02/26;1300 UTC;0;984,6;984,6;984,5;1775,5;27,2;21,5;27,2;26,6;22,2;21,1;75;71;71;97;5,8;3,7;
2021/02/26;1400 UTC;0;984,2;984,6;984,1;2833,9;28,8;21,4;28,9;27,2;22,5;20,6;72;64;64;81;5,8;3,2;
2021/02/26;1500 UTC;4;983,9;984,4;983,9;1446,3;24,6;21,8;28,9;22,4;22,1;19,5;89;64;85;152;10,6;2;
2021/02/26;1600 UTC;3,6;982,4;983,9;982,4;1935,2;28;21,6;28;24,5;22,9;21,4;85;68;69;169;4,6;1,3;
2021/02/26;1700 UTC;1,4;981;982,4;981;2494,9;29,6;20,8;29,8;28;22,3;20,5;70;59;59;160;4,2;2;
2021/02/26;1800 UTC;0;980,5;981;980,4;2599;30,4;20,4;31,1;29,5;22,2;20,4;63;55;55;123;4,6;2,1;
2021/02/26;1900 UTC;0;980,5;980,5;980,2;1831,3;28,1;21,7;30,6;27,4;22,7;20,9;73;55;68;93;8,6;3;
2021/02/26;2000 UTC;0;981,4;981,4;980,5;273,9;25,6;21,1;28,3;25,6;21,9;20,5;76;63;76;9;6,4;2,5;
2021/02/26;2100 UTC;0;982,5;982,5;981,2;69,4;24,6;21;25,6;24,6;21,1;20,3;80;74;80;17;5,6;1,9;
2021/02/26;2200 UTC;1;983,7;983,7;982,5;;22,8;20,7;24,7;22,8;21;20,4;88;80;88;149;4,5;0;
2021/02/26;2300 UTC;,8;985,6;985,6;983,7;;22,9;20,7;23;22,7;20,9;20,6;88;88;88;139;2,6;,3;
2021/02/27;0000 UTC;,6;985,7;986,1;985,5;;22,1;19,9;22,9;22;20,8;19,9;89;87;87;172;4,1;1,9;
2021/02/27;0100 UTC;,4;986,1;986,1;985,6;;22,1;20;22,2;21,8;20;19,6;88;87;88;58;3,4;0;
2021/02/27;0200 UTC;,4;985,4;986,1;985,3;;22,3;20,5;22,3;21,9;20,5;19,8;89;88;89;331;0;0;
2021/02/27;0300 UTC;,4;985;985,4;985;;22,3;20,5;22,3;22,2;20,5;20,3;90;89;90;358;0;0;
2021/02/27;0400 UTC;,2;984,6;985;984,6;;22,3;20,5;22,4;22,2;20,7;20,4;90;89;90;305;1,3;,1;
2021/02/27;0500 UTC;,2;984,3;984,7;984,3;;22,4;20,7;22,4;22,2;20,7;20,4;90;90;90;263;1,6;0;
2021/02/27;0600 UTC;,2;983,8;984,3;983,8;;22,7;21;22,7;22,4;21;20,6;90;90;90;222;0;0;
2021/02/27;0700 UTC;,2;983,6;983,9;983,5;;22,5;20,8;22,7;22,5;21;20,8;90;90;90;90;1,1;,1;
2021/02/27;0800 UTC;,2;983,8;983,8;983,6;;22,4;20,8;22,5;22,3;20,8;20,6;91;90;91;74;1,2;0;
2021/02/27;0900 UTC;,2;984,2;984,2;983,8;3;22,4;20,8;22,4;22,2;20,8;20,6;91;90;91;78;2;0;
2021/02/27;1000 UTC;,2;984,7;984,7;984,2;171,5;22,6;20,9;22,7;22,4;21,1;20,8;91;90;90;73;0;0;
2021/02/27;1100 UTC;0;985,7;985,7;984,7;657,8;23,9;21,7;23,9;22,6;21,7;21;90;87;87;77;1,5;,2;
2021/02/27;1200 UTC;,2;986,2;986,2;985,7;1890,2;25,9;21,5;25,9;23,8;22,1;21;87;77;77;85;2,6;,3;
2021/02/27;1300 UTC;0;985,9;986,2;985,9;3087,2;26,8;21,4;27,2;25,7;22,8;20,6;78;70;72;84;6;2,5;
2021/02/27;1400 UTC;0;985,7;985,9;985,7;3031,3;28,4;21,3;28,4;26,8;22;20,4;73;65;66;92;6,2;3,5;
2021/02/27;1500 UTC;0;985;985,8;985;2244,2;27,8;20,4;28,3;27,5;21,3;19,7;68;62;64;106;6,7;0;
2021/02/27;1600 UTC;0;983,6;985;983,6;2666,1;29,3;20;29,6;27,8;21,3;19,8;66;57;57;118;2,9;,2;
2021/02/27;1700 UTC;0;982,6;983,6;982,6;2407,1;28,9;20,8;30,1;28,6;21,4;20,1;64;57;62;123;5,5;3,1;
2021/02/27;1800 UTC;0;981,6;982,6;981,6;2546,5;29,9;18,6;30,5;28,8;21,4;18,2;64;49;51;123;4,6;1,2;
2021/02/27;1900 UTC;0;980,6;981,6;980,5;1339,5;29,6;19,8;30,5;29,6;20,4;18,4;57;50;56;110;3,1;0;
2021/02/27;2000 UTC;0;980,6;980,8;980,4;619,1;28,9;21,9;29,6;28,9;21,9;19,2;66;54;66;83;0;0;
2021/02/27;2100 UTC;0;981,1;981,1;980,5;173,8;27;22,9;29,2;26,9;23,1;21,1;78;63;78;154;0;0;
2021/02/27;2200 UTC;0;981,9;981,9;981,1;;27,3;20,5;27,7;26,6;23;20,3;79;64;67;169;4,5;1;
2021/02/27;2300 UTC;0;982,3;982,3;981,9;;26,7;20,4;27,4;26,7;20,6;19,9;68;66;68;206;4,6;1;
2021/02/28;0000 UTC;,2;983,8;983,8;982,3;;24,2;20,2;26,9;24,2;21,2;19,4;78;66;78;106;8,8;5,3;
2021/02/28;0100 UTC;0;984,6;984,7;983,8;;23,1;20,4;24,2;23,1;20,9;20,2;85;78;85;103;10,1;3,2;
2021/02/28;0200 UTC;0;984;984,6;984;;23;20,1;23,2;23;20,4;20,1;85;84;84;49;5,5;,3;
2021/02/28;0300 UTC;0;984,2;984,4;984;;22,7;20,4;23,1;22,6;20,4;20,1;87;84;87;89;1,4;,1;
2021/02/28;0400 UTC;0;983,6;984,2;983,6;;22,6;20,6;22,7;22,4;20,6;20,2;88;87;88;148;3,7;0;
2021/02/28;0500 UTC;0;983;983,6;982,9;;22,4;20,4;22,7;22,4;20,6;20,4;89;88;89;142;,6;,1;
2021/02/28;0600 UTC;0;982,9;983;982,8;;22,4;20,6;22,6;22,3;20,8;20,4;89;89;89;129;,6;0;
2021/02/28;0700 UTC;0;982,9;982,9;982,7;;22,6;20,9;22,6;22,4;20,9;20,6;90;89;90;16;0;0;
2021/02/28;0800 UTC;0;983;983;982,9;;22,5;20,8;22,7;22,5;20,9;20,7;90;90;90;4;0;0;
2021/02/28;0900 UTC;0;983,3;983,3;983;4,3;22,1;20,5;22,5;22,1;20,8;20,4;90;90;90;129;0;0;
2021/02/28;1000 UTC;0;983,6;983,6;983,2;567,4;24,9;21,8;24,9;22,1;22,2;20,5;90;82;83;177;1,6;,7;
2021/02/28;1100 UTC;0;984;984;983,6;1688,1;26,8;21,3;26,8;24,6;21,6;20,6;83;71;72;126;3,9;2,3;
2021/02/28;1200 UTC;0;984,4;984,4;984;1678,3;26,7;19,8;27,6;26;21,2;19,8;72;65;66;122;6;3,6;
2021/02/28;1300 UTC;0;983,7;984,4;983,7;2626,2;28,6;20,1;28,6;26,6;21,1;19,5;68;59;60;129;7,1;3,4;
2021/02/28;1400 UTC;0;983,4;983,8;983,4;3543,5;28,8;19,5;29,1;27,7;20,4;18,6;62;55;58;124;7,6;2,9;
2021/02/28;1500 UTC;0;982,7;983,5;982,7;3417,4;29,8;19,1;29,9;28,4;20,8;18,3;60;53;53;128;6,1;3,4;
2021/02/28;1600 UTC;0;981,7;982,7;981,7;3136,5;30;19,3;30,7;29,4;19,9;18;56;48;53;106;6;2,5;
2021/02/28;1700 UTC;0;980,6;981,7;980,6;2887;30,9;18,6;31,4;29,6;19,9;17,4;54;45;48;113;5,8;2,2;
2021/02/28;1800 UTC;0;979,9;980,6;979,9;2777,1;32;18,6;32;30,3;20,2;17,6;52;43;45;135;6,3;,2;
2021/02/28;1900 UTC;0;979,1;979,9;979,1;1877,6;31,2;19,7;32,6;30,2;20,6;17,6;55;42;50;95;4,9;0;
2021/02/28;2000 UTC;0;978,7;979,2;978,7;1021,3;29,8;20,3;31,3;29,8;20,3;18,3;57;47;57;103;3,8;0;
2021/02/28;2100 UTC;0;978,9;978,9;978,6;170,7;27,4;23,2;30,1;27,4;23,4;20,3;78;57;78;117;0;0;
2021/02/28;2200 UTC;0;979,2;979,3;978,9;;26;23;27,5;25,9;23,3;22,7;84;76;84;140;0;0;
2021/02/28;2300 UTC;0;979,8;979,8;979,2;;25,3;22,8;26;25,3;23,2;22,6;86;84;86;188;0;0;
2021/03/01;0000 UTC;0;980,6;980,6;979,8;;25,4;23;25,4;25;23;22,6;87;86;86;203;0;0;
2021/03/01;0100 UTC;0;980,9;980,9;980,7;;24,8;22,4;25,5;24,8;23,1;22,3;87;85;87;199;1,6;0;
2021/03/01;0200 UTC;0;981,7;981,8;980,9;;25,3;22,1;25,4;24,5;22,9;22,1;88;82;82;79;4,9;2,4;
2021/03/01;0300 UTC;,8;981,6;981,7;981,5;;24,7;21,9;25,3;24,7;22,1;21,6;84;81;84;65;4,7;1;
2021/03/01;0400 UTC;,2;981,1;981,5;981,1;;24,4;22,2;24,7;24,4;22,2;21,9;88;84;88;141;2,2;0;
2021/03/01;0500 UTC;0;980,6;981,1;980,5;;24,2;22;24,4;24,1;22,3;21,9;88;88;88;137;0;0;
2021/03/01;0600 UTC;0;980,2;980,6;980,2;;24,2;21,3;24,3;24,1;22,1;21,3;88;84;84;120;0;0;
2021/03/01;0700 UTC;0;980,2;980,3;980,1;;23,7;21;24,2;23,7;21,4;21;85;84;85;118;0;0;
2021/03/01;0800 UTC;0;980,4;980,4;980,1;;23,2;21;23,7;23,2;21,1;21;87;85;87;125;0;0;
2021/03/01;0900 UTC;0;981,1;981,1;980,4;9,4;22,8;20,2;23,2;22,8;21;20,1;87;85;85;104;0;0;
2021/03/01;1000 UTC;0;981,9;981,9;981;534,5;24,7;20,7;25,1;22,8;21,6;20,3;86;77;78;93;0;0;
2021/03/01;1100 UTC;0;982,5;982,5;981,9;1231,9;26,5;20,1;26,5;24,6;21,3;20,1;80;68;68;122;5,5;3,1;
2021/03/01;1200 UTC;0;983,2;983,2;982,5;1602,1;26,5;20,3;27,1;26,3;20,9;19,9;71;67;69;103;6;2,9;
2021/03/01;1300 UTC;0;982,9;983,2;982,9;1653,2;27;19,8;27,7;26,5;21,3;19,8;70;64;65;115;6;3;
2021/03/01;1400 UTC;0;982,6;982,9;982,5;2867,5;28,9;20,6;28,9;26,9;21;19,5;67;58;61;120;5,6;3,1;
2021/03/01;1500 UTC;0;982,1;982,6;982,1;2241,7;28,7;20,8;29,7;27,9;21,4;19,5;66;57;63;79;5;2;
2021/03/01;1600 UTC;0;980,7;982,1;980,7;1899,3;29,2;20,6;29,8;28,5;22,1;19,3;66;55;60;107;4,6;1;
2021/03/01;1700 UTC;0;979,6;980,7;979,6;2194,2;30,1;20,4;30,9;28,9;21,2;19,2;61;51;56;68;3,9;0;
2021/03/01;1800 UTC;0;978,8;979,6;978,8;2698,3;31,4;19,5;31,8;30;21;18,7;58;47;49;142;1,6;0;
2021/03/01;1900 UTC;0;978,2;978,8;978,2;2144,5;31,9;18,7;32,4;30,8;20,4;18,5;53;45;45;330;2,8;0;
2021/03/01;2000 UTC;0;979;979;978,2;459,2;27;19,5;31,9;27;21,3;18,9;64;46;64;145;10,6;3,9;
2021/03/01;2100 UTC;7,6;979,8;979,9;979;55,3;23,7;21,5;26,9;22,8;21,6;19,5;88;64;87;114;10,6;1,7;
2021/03/01;2200 UTC;1,6;980,8;980,8;979,8;;23,2;21;23,9;23,1;21,7;20,7;88;84;87;133;6,5;1,6;
2021/03/01;2300 UTC;,8;981,5;981,5;980,8;;23,4;21,3;23,4;23;21,3;20,7;88;87;88;66;3,4;,9;
2021/03/02;0000 UTC;0;982,3;982,3;981,4;;23,7;21,7;23,7;23,4;21,7;21,3;89;88;88;118;1,9;0;
2021/03/02;0100 UTC;0;982,9;982,9;982,3;;23,4;21,4;23,7;23,4;21,6;21,3;88;88;88;72;0;0;
2021/03/02;0200 UTC;0;983,2;983,2;982,9;;23,5;21,5;23,6;23,4;21,6;21,4;89;88;88;113;2;,2;
2021/03/02;0300 UTC;0;982,8;983,2;982,8;;23,6;21,6;23,7;23,5;21,7;21,4;88;88;88;99;2,4;0;
2021/03/02;0400 UTC;0;982,3;982,8;982,3;;23,7;21,6;23,8;23,6;21,8;21,5;89;88;88;118;0;0;
2021/03/02;0500 UTC;0;982,2;982,4;982,2;;23,3;20,8;23,7;23,3;21,6;20,7;88;85;86;114;5,4;2,8;
2021/03/02;0600 UTC;0;982;982,2;981,9;;23;20,7;23,3;23;20,8;20,6;87;85;87;110;5,3;1,7;
2021/03/02;0700 UTC;0;982,1;982,1;981,9;;22,7;20,8;23;22,7;20,8;20,7;89;87;89;97;5;0;
2021/03/02;0800 UTC;2,4;982,6;982,7;982,1;;22,3;20,4;22,8;22,2;20,9;20,4;89;89;89;114;8,1;3,9;
2021/03/02;0900 UTC;3,2;983,2;983,3;982,6;14,8;21,8;20;22,3;21,8;20,4;20;90;89;90;106;7,7;2,3;
2021/03/02;1000 UTC;0;984;984;983,2;161,4;22,6;20,9;22,6;21,8;20,9;20;90;90;90;84;3,7;0;
2021/03/02;1100 UTC;0;984,6;984,6;984;832,8;24,1;21,8;24,1;22,5;21,8;20,7;90;87;87;298;1,1;0;
2021/03/02;1200 UTC;0;985,2;985,2;984,6;1400,1;25,6;21,8;25,7;24;22,2;21,3;87;79;79;74;2,4;0;
2021/03/02;1300 UTC;0;985,2;985,2;985,1;2158,7;26,7;20,4;27,1;25,4;21,8;19,7;79;65;68;108;7,5;4,1;
2021/03/02;1400 UTC;0;985;985,2;985;2416,5;27,4;19,4;28,2;26,3;21,3;19,4;71;61;62;134;7,6;4,8;
2021/03/02;1500 UTC;0;984,5;985;984,5;3559,4;28,8;19,2;29;27,4;20,9;19,2;65;56;56;108;8,3;4,6;
2021/03/02;1600 UTC;0;983,8;984,5;983,8;2170;28,4;20,1;28,9;28,3;20,6;19;62;56;61;130;9,2;3;
2021/03/02;1700 UTC;0;983;983,8;983;2388,6;29,1;20,2;29,3;28,4;20,4;18,8;61;55;59;92;6,3;3,5;
2021/03/02;1800 UTC;0;982,5;983;982,5;1796,1;28,9;19,8;29,3;28,8;20,7;19,3;61;56;58;77;6,4;2,5;
2021/03/02;1900 UTC;0;982;982,6;982;1669,4;29,7;19,9;29,9;28,8;20,7;19,3;61;54;56;133;4;1,5;
2021/03/02;2000 UTC;0;982,3;982,3;982;854,3;28,7;20,7;30;28,7;21,1;18,8;63;52;62;73;3,5;1,3;
2021/03/02;2100 UTC;0;983;983;982,3;227;27,3;20,8;28,7;27,3;20,8;20,5;68;62;68;49;2,6;0;
2021/03/02;2200 UTC;,6;984,3;984,4;983;;23,8;21,3;27,3;23,7;21,3;20,4;86;68;86;118;9,1;1,2;
2021/03/02;2300 UTC;,8;984,8;984,8;984,3;;24,2;21,9;24,2;23,8;21,9;21,3;87;86;87;58;2,6;0;
2021/03/03;0000 UTC;,8;985,4;985,5;984,8;;24;21,9;24,3;24;22,2;21,7;88;87;88;137;0;0;
2021/03/03;0100 UTC;,2;986,2;986,2;985,4;;24,2;22,1;24,3;23,8;22,1;21,6;88;87;88;171;0;0;
2021/03/03;0200 UTC;0;986,3;986,6;986,2;;23,8;21,2;24,2;23,8;22;21,2;88;85;85;76;3,9;,1;
2021/03/03;0300 UTC;0;986,2;986,4;986,1;;23,7;21,1;24,1;23,5;21,3;20,7;85;84;85;349;2,8;0;
2021/03/03;0400 UTC;0;986,1;986,2;986,1;;23,2;21,1;23,8;23,2;21,3;21;88;85;88;286;0;0;
2021/03/03;0500 UTC;0;985,8;986,1;985,8;;22,5;20,6;23,3;22,5;21,3;20,6;89;88;89;132;0;0;
2021/03/03;0600 UTC;0;985,4;985,8;985,4;;21,9;20,2;22,5;21,9;20,7;20,2;90;89;90;273;0;0;
2021/03/03;0700 UTC;0;985,6;985,6;985,3;;21,8;20,1;22,1;21,6;20,4;20;90;90;90;354;0;0;
2021/03/03;0800 UTC;0;986;986;985,6;;21,3;19,7;21,8;21,3;20,1;19,7;91;90;91;11;0;0;
2021/03/03;0900 UTC;0;986,3;986,3;986;2,5;21;19,5;21,4;21;19,8;19,4;91;91;91;130;0;0;
2021/03/03;1000 UTC;0;987;987;986,3;363,6;22,8;21,2;22,8;21;21,3;19,5;91;91;91;335;0;0;
2021/03/03;1100 UTC;0;987,7;987,7;987;1276,6;25,8;22,7;25,8;22,8;23,2;21,3;91;83;83;216;0;0;
2021/03/03;1200 UTC;0;987,9;988;987,7;2110,6;27,2;19,6;27,2;25,5;22,6;19;83;63;63;135;5,2;1,4;
2021/03/03;1300 UTC;0;987,6;987,9;987,6;2639,4;28;20,1;28;26,4;20,6;18,5;66;59;62;133;5,6;2,3;
2021/03/03;1400 UTC;0;987,4;987,6;987,3;3507,5;28,5;19,7;28,7;27,5;20,8;19;64;58;59;135;5,7;2,5;
2021/03/03;1500 UTC;0;986,6;987,4;986,6;3096,5;29,2;19,6;29,7;28,2;21,3;18,9;61;55;56;118;6,8;2;
2021/03/03;1600 UTC;0;985,7;986,6;985,7;3482,8;30,1;18,5;30,4;29,1;21;18,4;59;49;50;134;5,7;1,3;
2021/03/03;1700 UTC;0;984,8;985,7;984,8;3456,9;30,9;18,7;31;29,6;20,5;17,9;55;47;48;131;6,8;2,6;
2021/03/03;1800 UTC;0;984,1;984,7;984,1;2920,6;31,4;19,4;31,5;30,6;19,4;17,5;50;44;49;120;6,3;2,8;
2021/03/03;1900 UTC;0;983,9;984,1;983,9;2094;31,5;18,5;31,6;31;19,4;17,5;50;43;46;82;6,2;1,7;
2021/03/03;2000 UTC;0;983,5;984;983,5;1156,8;31,1;17,8;31,5;31;19,3;17,5;49;43;45;77;4,2;1,2;
2021/03/03;2100 UTC;0;983,4;983,5;983,4;263,5;27,7;22;31,2;27,7;22,8;18,4;72;45;71;62;2;0;
2021/03/03;2200 UTC;0;983,8;983,9;983,4;;26;23;27,7;26;23,2;21,5;83;70;83;193;0;0;
2021/03/03;2300 UTC;0;984,2;984,2;983,8;;25,5;22,9;26;25,2;23,1;22,4;86;83;86;210;1,4;,7;
2021/03/04;0000 UTC;0;985,1;985,1;984,2;;24,6;22,3;25,7;24,6;22,9;22,1;87;84;87;136;1,4;0;
2021/03/04;0100 UTC;0;986;986;985,1;;25;22,4;25,1;24,3;22,6;21,9;87;85;85;118;1,7;0;
2021/03/04;0200 UTC;0;986,4;986,4;986;;25,4;21,5;25,7;25;22,4;21,4;85;79;79;41;1,7;0;
2021/03/04;0300 UTC;0;986,1;986,4;986,1;;24,2;21,5;25,6;24,2;21,6;21,2;85;77;85;127;0;0;
2021/03/04;0400 UTC;0;985,8;986,1;985,7;;23,9;21,5;24,2;23,5;21,6;21,3;87;85;87;147;0;0;
2021/03/04;0500 UTC;0;985,5;985,8;985,5;;23,8;21,4;24,2;23,6;21,6;21,3;87;85;87;330;0;0;
2021/03/04;0600 UTC;0;985,6;985,7;985,5;;23,6;20,8;24,2;23,5;21,8;20,8;87;84;84;93;0;0;
2021/03/04;0700 UTC;0;985,4;985,6;985,4;;22,8;20,3;23,6;22,8;20,7;20,2;86;84;86;76;0;0;
2021/03/04;0800 UTC;0;985,6;985,6;985,4;;22,3;19,9;23;22,2;20,4;19,8;86;84;86;123;0;0;
2021/03/04;0900 UTC;0;985,8;985,8;985,6;2,8;22;19,3;23,1;22;20,4;19,3;87;83;85;84;0;0;
2021/03/04;1000 UTC;0;986,2;986,2;985,8;365,6;25,2;19,4;25,4;22;21,1;19,3;85;70;70;116;0;0;
2021/03/04;1100 UTC;0;986,8;986,9;986,2;1281,6;26,5;19,6;26,6;25,2;20,4;19,1;72;65;66;161;4;1,1;
2021/03/04;1200 UTC;0;987,3;987,4;986,8;2188;27,6;19;27,6;26,3;20,1;18,5;66;58;60;180;4;,8;
2021/03/04;1300 UTC;0;987,1;987,3;987,1;2935,3;28,6;18,6;28,8;27,4;20,3;18,2;62;53;54;169;5,4;2,5;
2021/03/04;1400 UTC;0;986,7;987,1;986,7;3430,4;29,3;18,9;29,6;28,6;19,7;17,9;58;50;53;136;6,1;2,9;
2021/03/04;1500 UTC;0;985,8;986,7;985,8;3523,9;30,1;19,7;30,3;29,2;20,5;18,1;57;49;54;146;6;1,3;
2021/03/04;1600 UTC;0;984,8;985,8;984,8;3552,6;30,6;18,2;31,2;30;20,1;17,8;55;46;47;173;6;1,5;
2021/03/04;1700 UTC;0;983,9;984,8;983,9;3278,4;31,3;19;31,6;30,3;20,7;18,3;55;46;48;105;6;2,5;
2021/03/04;1800 UTC;0;983,2;983,9;983,2;2655,8;32;18,9;32,2;31,3;20,2;17,6;51;43;46;135;5,3;1,1;
2021/03/04;1900 UTC;0;982,7;983,2;982,6;1993,3;31,5;20;32,4;31,5;20,1;17,9;50;43;50;97;3;0;
2021/03/04;2000 UTC;0;982,3;982,6;982,3;873,7;31,4;19,5;32,3;30,7;21,5;18;56;43;49;223;0;0;
2021/03/04;2100 UTC;0;982,8;982,8;982,2;271,1;29,7;20,4;31,4;29,7;20,8;18,8;58;47;57;235;0;0;
2021/03/04;2200 UTC;0;983,3;983,3;982,7;;26,6;22,6;29,7;26,5;23,1;20,6;79;57;79;165;0;0;
2021/03/04;2300 UTC;12,2;985,1;985,8;983,3;1,5;22,5;20,1;26,9;22,5;23,4;20,1;88;74;87;47;14,7;1,2;
2021/03/05;0000 UTC;,8;985,3;985,4;984,9;;22,5;20,6;22,9;22,5;20,9;20,2;89;87;89;95;3,9;0;
2021/03/05;0100 UTC;0;986;986,1;985,3;;22,3;20,4;22,6;22,3;20,6;20,3;89;89;89;169;0;0;
2021/03/05;0200 UTC;0;985,7;986;985,7;;22,8;20,9;22,9;22,3;21;20,4;90;89;89;168;0;0;
2021/03/05;0300 UTC;0;985,4;985,7;985,4;;23,1;21,2;23,1;22,8;21,2;20,9;89;89;89;217;0;0;
2021/03/05;0400 UTC;0;985;985,4;985;;22,9;21;23,2;22,9;21,3;21;89;89;89;90;0;0;
2021/03/05;0500 UTC;0;984,8;985,1;984,8;;22,5;20,7;23;22,3;21,2;20,5;90;89;90;140;0;0;
2021/03/05;0600 UTC;0;984,3;984,8;984,2;;22,4;20,7;22,6;22,3;20,8;20,6;90;90;90;163;0;0;
2021/03/05;0700 UTC;0;984,4;984,4;984,2;;22,2;20,5;22,4;22,1;20,7;20,4;90;90;90;270;0;0;
2021/03/05;0800 UTC;0;984,7;984,7;984,3;;22,3;20,7;22,3;22,1;20,7;20,4;91;90;91;51;0;0;
2021/03/05;0900 UTC;0;984,9;984,9;984,5;;21,7;20,2;22,3;21,7;20,6;20,1;91;90;91;51;0;0;
2021/03/05;1000 UTC;0;985,6;985,6;984,9;224,6;22,7;21,1;22,8;21,7;21,2;20,2;91;91;91;322;0;0;
2021/03/05;1100 UTC;0;986,2;986,2;985,6;1154,4;24,6;22,5;24,7;22,7;22,7;21,2;91;88;88;356;0;0;
2021/03/05;1200 UTC;0;986,7;986,7;986,2;2076,8;26,7;22,2;26,9;24,6;23,4;21,6;89;74;76;81;0;0;
2021/03/05;1300 UTC;,2;986,3;986,7;986,3;2013;28,2;20,6;28,2;26,6;22;20;76;63;63;143;5,2;,1;
2021/03/05;1400 UTC;0;986;986,3;986;3435,9;29,2;20,6;29,3;28,2;21,5;19,6;65;58;60;108;6,5;2,4;
2021/03/05;1500 UTC;0;985,4;986;985,4;2535,2;29,2;19,8;29,7;28,8;21,6;19,7;64;57;57;101;6,7;3,1;
2021/03/05;1600 UTC;0;984,3;985,4;984,3;3259,9;30,2;19,7;30,5;29,2;21,2;19,2;62;52;53;97;6,1;3,3;
2021/03/05;1700 UTC;0;983,5;984,3;983,5;2611,2;30,5;20,5;31,2;29,8;21,2;19,1;57;50;55;86;5,8;2,9;
2021/03/05;1800 UTC;0;982,7;983,5;982,7;2881,9;31,3;20,4;31,6;30,5;21,3;19,1;56;48;52;68;5,3;2,3;
2021/03/05;1900 UTC;0;981,9;982,7;981,9;1779,7;31,5;20,9;31,7;30,5;21,1;19,4;56;49;53;103;4,7;1,5;
2021/03/05;2000 UTC;0;981,8;981,9;981,7;1052,8;31,3;20,4;31,5;31;20,7;19,2;54;49;52;155;3,6;0;
2021/03/05;2100 UTC;0;982;982;981,8;243,6;27,4;22,2;31,4;27,3;23,6;19,3;75;49;73;116;0;0;
2021/03/05;2200 UTC;0;982,7;982,7;982;;26,2;23,1;27,4;26,2;23,5;22,1;83;73;83;174;0;0;
2021/03/05;2300 UTC;0;983,4;983,4;982,6;;25,4;23;26,3;25,4;23,3;22,9;86;83;86;110;0;0;
2021/03/06;0000 UTC;0;984,2;984,3;983,5;;25,7;20,6;26,5;25,4;23,4;20,6;86;74;74;59;6,3;1,6;
2021/03/06;0100 UTC;,2;985,3;985,6;984,2;;24,8;21;25,7;24,8;21;20,3;80;74;80;134;3,7;,3;
2021/03/06;0200 UTC;1,4;984,7;985,3;984,6;;23,9;21,7;24,8;23,9;21,7;20,9;87;80;87;62;3,1;,3;
2021/03/06;0300 UTC;0;984,6;984,8;984,6;;23,9;21,8;24;23,7;22;21,5;89;87;88;38;2;0;
2021/03/06;0400 UTC;0;984,2;984,7;984,1;;24;22,1;24,2;23,8;22,2;21,8;89;88;89;133;0;0;
2021/03/06;0500 UTC;0;983,9;984,2;983,9;;24,2;22,3;24,3;23,8;22,4;21,9;90;89;89;163;0;0;
2021/03/06;0600 UTC;0;983,7;983,9;983,7;;24,3;22,4;24,4;23,8;22,5;21,9;90;89;89;163;0;0;
2021/03/06;0700 UTC;0;983,8;983,9;983,7;;23,4;21,7;24,3;23,4;22,4;21,6;90;89;90;118;0;0;
2021/03/06;0800 UTC;,2;984,3;984,3;983,8;;22,9;21,2;23,5;22,9;21,8;21,2;90;90;90;104;0;0;
2021/03/06;0900 UTC;0;984,4;984,5;984,2;5,3;22,5;20,9;22,9;22,4;21,2;20,8;91;90;90;285;0;0;
2021/03/06;1000 UTC;0;985,2;985,2;984,4;387,7;25;23,1;25,1;22,5;23,2;20,8;91;89;89;312;0;0;
2021/03/06;1100 UTC;0;985,8;985,9;985,1;1193,8;26,7;21,8;26,8;24,9;23,3;21,5;89;74;74;87;0;0;
2021/03/06;1200 UTC;0;986,1;986,2;985,8;1932,5;27,6;21,1;27,7;26,3;22;20,9;75;68;68;106;4,7;2,6;
2021/03/06;1300 UTC;0;986;986,1;985,9;2096,5;28;20,7;28,4;27,1;21,8;20,2;71;62;64;111;5,4;2,9;
2021/03/06;1400 UTC;0;985,8;986;985,8;3194,3;29,3;20,7;29,6;27,9;21,4;19,7;65;59;60;123;6;2,7;
2021/03/06;1500 UTC;0;984,9;985,8;984,9;3203,2;29,9;20,8;30,1;28,8;21,4;19,9;63;56;58;124;5,8;2,7;
2021/03/06;1600 UTC;0;984;984,9;984;3129,5;30,7;20,5;31;29,1;22,4;19,9;62;53;55;108;5,9;0;
2021/03/06;1700 UTC;0;983,4;984;983,4;2747,7;31;20,2;31,5;30,2;21,8;19,7;59;51;53;71;4,8;,7;
2021/03/06;1800 UTC;0;982,6;983,4;982,6;2214,3;31,4;19,7;31,6;30,5;21,3;19;56;48;50;104;4,9;1,7;
2021/03/06;1900 UTC;0;982,4;982,6;982,4;1728,9;31,4;19,9;31,7;30,9;20,9;19,2;54;48;51;96;5,2;0;
2021/03/06;2000 UTC;0;982,6;982,6;982,3;746,9;30,1;21,1;31,4;30,1;21,1;19,5;59;50;59;60;0;0;
2021/03/06;2100 UTC;0;982,8;982,8;982,6;178,8;27,7;22,9;30,2;27,7;23;20,4;75;58;75;99;0;0;
2021/03/06;2200 UTC;0;983,4;983,4;982,8;;25,8;22,8;27,7;25,8;23,6;22,7;84;75;84;168;0;0;
2021/03/06;2300 UTC;0;984;984;983,4;;24,8;22,4;26;24,7;23,1;22,3;87;84;87;122;0;0;
2021/03/07;0000 UTC;0;984,7;984,8;984;;24,5;22,4;24,9;24,5;22,7;22,2;88;87;88;234;0;0;
2021/03/07;0100 UTC;0;985,2;985,2;984,7;;24,4;22,2;24,8;24,2;22,7;22,1;88;87;88;178;0;0;
2021/03/07;0200 UTC;0;985,6;985,6;985,2;;24,3;21,6;25;24,1;22,4;21,6;88;85;85;167;0;0;
2021/03/07;0300 UTC;0;985,4;985,7;985,4;;24,4;21,6;24,4;23,9;21,7;21,4;86;84;84;123;0;0;
2021/03/07;0400 UTC;0;985,1;985,4;985,1;;23,3;20,9;24,4;23,3;21,5;20,9;86;84;86;342;0;0;
2021/03/07;0500 UTC;0;985;985,2;985;;23;20,9;23,5;23;21,2;20,9;88;86;88;78;0;0;
2021/03/07;0600 UTC;0;985;985;984,8;;23;20,8;23;22,7;20,9;20,6;89;88;88;215;0;0;
2021/03/07;0700 UTC;0;985;985,1;984,9;;22;20,1;23;22;20,8;20,1;89;88;89;83;0;0;
2021/03/07;0800 UTC;0;985,5;985,5;985;;21,6;19,8;22;21,6;20,1;19,7;89;89;89;130;0;0;
2021/03/07;0900 UTC;0;986,1;986,1;985,5;2,6;22,3;19,2;22,3;21,6;19,9;19,2;89;83;83;130;0;0;
2021/03/07;1000 UTC;0;986,8;986,8;986,1;374,3;23,5;19,7;23,6;22,3;19,9;19,2;83;79;79;91;0;0;
2021/03/07;1100 UTC;0;987,4;987,4;986,8;1268,9;25,2;19,5;25,4;23,5;20,5;19,4;80;70;71;89;4,1;1,7;
2021/03/07;1200 UTC;0;987,5;987,6;987,4;2190,8;26,6;19,4;26,8;25,2;20,3;19,1;72;64;65;95;5,9;2,9;
2021/03/07;1300 UTC;0;987,3;987,5;987,2;2932,1;28;19,9;28;26,6;20,2;18,9;66;58;62;105;7,4;4;
2021/03/07;1400 UTC;0;986,7;987,3;986,7;3395,1;28,8;20,1;28,9;27,9;20,9;19,4;64;57;60;110;6,6;2,6;
2021/03/07;1500 UTC;0;986;986,7;986;3674,7;30,1;19,8;30,1;28,7;20,7;18,8;60;51;54;77;6,1;2,4;
2021/03/07;1600 UTC;0;984,9;986;984,9;3648;30,9;19,3;30,9;29,7;20,3;18,1;55;46;50;133;6,2;2,3;
2021/03/07;1700 UTC;0;984,1;984,9;984,1;3378,5;31,4;19,4;31,6;30,6;20,9;17,8;54;45;49;119;5,8;2,5;
2021/03/07;1800 UTC;0;983,7;984,1;983,7;2825,7;31,9;17,7;32,1;31,1;20,2;17,7;51;42;43;82;5,6;0;
2021/03/07;1900 UTC;0;983,2;983,8;983,2;1912,3;31,4;18,1;32,1;30,8;19,4;17,5;50;42;45;78;5,6;2;
2021/03/07;2000 UTC;0;982,8;983,3;982,8;1065,8;31,1;18,9;31,6;31,1;19,3;17,6;50;43;48;93;3,6;,6;
2021/03/07;2100 UTC;0;983,2;983,2;982,8;213,9;27,7;22,2;31,1;27,6;22,4;18,2;73;46;72;86;1,8;0;
2021/03/07;2200 UTC;0;983,8;983,8;983,2;;25,8;22,7;27,7;25,7;22,9;21,9;83;72;83;156;0;0;
2021/03/07;2300 UTC;0;984,3;984,3;983,8;;25;22,3;25,8;25;22,7;22,1;85;82;85;284;0;0;
2021/03/08;0000 UTC;0;984,7;984,7;984,3;;25,1;22,7;25,5;25;23,1;22,4;87;85;87;240;0;0;
2021/03/08;0100 UTC;0;985,4;985,5;984,6;;25,7;21,6;26;24,9;22,9;21,6;87;78;78;71;3,7;1;
2021/03/08;0200 UTC;0;985,2;985,6;985,2;;25,1;20,6;25,8;25,1;21,6;20,5;80;75;76;96;2,6;0;
2021/03/08;0300 UTC;0;984,7;985,3;984,7;;24,1;20,4;25,2;24,1;20,6;20,3;80;75;80;98;0;0;
2021/03/08;0400 UTC;0;984,5;984,7;984,5;;23;20,4;24,1;23;20,5;20,2;85;80;85;48;0;0;
2021/03/08;0500 UTC;0;984,6;984,6;984,4;;22,4;20,2;23;22,4;20,4;20,2;88;85;88;111;0;0;
2021/03/08;0600 UTC;0;984,2;984,6;984,2;;21,9;19,9;22,4;21,9;20,3;19,9;89;87;89;169;0;0;
2021/03/08;0700 UTC;0;984,4;984,5;984,2;;21,7;19,9;22,2;21,6;20,4;19,8;90;89;90;263;0;0;
2021/03/08;0800 UTC;0;984,7;984,8;984,3;;21,6;19,9;21,9;21,4;20,2;19,6;90;89;90;227;0;0;
2021/03/08;0900 UTC;0;985,1;985,1;984,7;4;21,6;19,9;22;21,5;20,4;19,8;91;90;90;202;0;0;
2021/03/08;1000 UTC;0;985,7;985,7;985,1;361,2;23,7;21,8;23,7;21,4;21,8;19,8;91;89;89;139;0;0;
2021/03/08;1100 UTC;0;986,6;986,6;985,7;1262;25,5;20,8;25,7;23,7;22,3;20,5;89;74;75;109;3,9;1,1;
2021/03/08;1200 UTC;0;986,8;986,9;986,6;2153,3;26,7;19,9;26,9;25,5;21,3;19,8;76;66;66;87;5,6;3;
2021/03/08;1300 UTC;0;986,6;986,8;986,6;2913,9;28;20,5;28,2;26,7;21,1;19,6;68;62;64;107;5,9;2,5;
2021/03/08;1400 UTC;0;986;986,6;986;3442,8;28,9;19,9;29,1;27,9;21,2;19,3;65;57;59;73;6,8;3,2;
2021/03/08;1500 UTC;0;985,2;986;985,2;3613,6;29,6;20,1;29,8;28,8;21;19,4;61;55;57;89;6,7;3,1;
2021/03/08;1600 UTC;0;983,8;985,2;983,8;3390,1;30,9;19,8;31;29,4;21,8;18,6;58;48;52;93;5,4;2,4;
2021/03/08;1700 UTC;0;983,1;983,8;983,1;3341,7;31,4;17,5;31,4;30,6;20,6;17,5;54;43;43;92;7,1;1,9;
2021/03/08;1800 UTC;0;982,6;983,1;982,6;2731,8;31,6;19,3;31,6;31,2;19,3;17,4;49;43;48;105;6,8;1;
2021/03/08;1900 UTC;0;982,1;982,6;982,1;1943,3;31,4;18,6;31,9;31,3;19,8;16,7;50;41;47;109;5,3;0;
2021/03/08;2000 UTC;0;981,9;982,1;981,9;1018,7;31,1;17,8;31,7;30,9;19,3;16,9;49;41;45;117;0;0;
2021/03/08;2100 UTC;0;982,2;982,2;981,9;212,1;27,1;21,8;31,1;27;22,6;18,2;75;45;73;73;0;0;
2021/03/08;2200 UTC;0;982,5;982,5;982,2;;25,4;22,2;27,3;25,4;22,8;21,9;83;73;82;138;0;0;
2021/03/08;2300 UTC;0;983,1;983,2;982,5;;24,9;22,1;25,4;24,7;22,3;21,8;85;83;85;204;0;0;
2021/03/09;0000 UTC;0;983,5;983,6;983,1;;24,9;21,8;25,9;24,7;22,8;21,4;85;81;83;195;0;0;
2021/03/09;0100 UTC;0;984,5;984,5;983,6;;24,6;21;25,6;24;22,2;20,7;83;79;81;109;0;0;
2021/03/09;0200 UTC;0;984,6;984,6;984,5;;24,5;20,4;24,9;24,5;21,1;20,3;81;76;78;107;0;0;
2021/03/09;0300 UTC;0;984,4;984,7;984,4;;24,2;20,5;24,5;23,6;20,7;20,1;82;78;80;59;0;0;
2021/03/09;0400 UTC;0;984;984,4;984;;22,9;20,4;24,3;22,9;20,7;20,3;86;80;86;97;0;0;
2021/03/09;0500 UTC;0;983,9;984;983,8;;23,1;21;23,3;22,8;21,2;20,4;88;86;88;219;0;0;
2021/03/09;0600 UTC;0;983,4;983,9;983,4;;22,1;20,1;23,1;22,1;21;20,1;89;88;89;249;0;0;
2021/03/09;0700 UTC;0;983,6;983,6;983,4;;22;20,2;22,2;22;20,3;20,1;89;89;89;191;0;0;
2021/03/09;0800 UTC;0;983,9;983,9;983,5;;21,8;20;22,2;21,7;20,4;19,9;90;89;90;200;0;0;
2021/03/09;0900 UTC;0;984,2;984,2;983,8;5,5;21,6;19,9;22,5;21,6;20,8;19,8;90;89;90;132;0;0;
2021/03/09;1000 UTC;0;984,7;984,7;984;382;23,7;21,4;24;21,5;22;19,8;91;87;87;48;0;0;
2021/03/09;1100 UTC;0;985,5;985,5;984,7;1240,4;25,9;21,5;25,9;23,7;22,2;20,9;88;75;77;79;2,8;1,3;
2021/03/09;1200 UTC;0;985,5;985,6;985,4;2203,8;27,2;20,6;27,3;25,9;21,5;19,7;77;66;67;113;4,2;1,9;
2021/03/09;1300 UTC;0;985,4;985,7;985,4;2780,6;28,1;20,1;28,1;27;21,1;19,2;69;60;62;79;6,1;2,9;
2021/03/09;1400 UTC;0;984,8;985,4;984,8;3467,7;28,9;18,3;29,5;28;20,5;18,2;62;53;53;81;7,2;2,2;
2021/03/09;1500 UTC;0;983,9;984,8;983,9;3637,5;30,3;18,6;30,5;28,8;19,9;17,7;57;48;50;80;5,8;1,1;
2021/03/09;1600 UTC;0;982,9;983,9;982,9;3628,2;30,7;18,8;31,4;29,9;19,8;17,1;53;44;49;97;5,1;2,5;
2021/03/09;1700 UTC;0;982;982,9;982;3257,6;31,7;17,3;32,3;30,8;19,6;17,1;51;42;42;10;5,1;,2;
2021/03/09;1800 UTC;0;981,2;982;981,2;2715,7;31,7;18,8;32,5;31,3;19,5;17,5;48;42;47;57;3,7;0;
2021/03/09;1900 UTC;0;980,9;981,2;980,9;1966,5;32,3;17,8;33,2;31,6;19,5;17,5;47;41;42;39;2,2;0;
2021/03/09;2000 UTC;0;980,8;980,9;980,8;1062,7;31,9;20;32,6;31,6;20;16,9;50;41;50;80;2;0;
2021/03/09;2100 UTC;0;980,8;980,8;980,7;222,7;27,6;22,4;32;27,6;23,1;17,1;73;42;73;97;0;0;
2021/03/09;2200 UTC;0;981;981;980,7;;25,3;22,2;27,6;25,3;22,5;21,9;83;73;83;196;0;0;
2021/03/09;2300 UTC;0;981,5;981,5;981;;24,5;21,9;25,3;24,5;22,2;21,8;85;83;85;207;0;0;
2021/03/10;0000 UTC;0;982,3;982,3;981,5;;24,3;21,9;24,9;24,2;22,2;21,8;87;85;87;305;0;0;
2021/03/10;0100 UTC;0;982,9;983;982,3;;23,5;21,3;24,3;23,5;21,9;21,3;88;86;88;189;0;0;
2021/03/10;0200 UTC;0;983,6;983,6;982,9;;23,7;20,7;24,1;23,4;21,8;20,6;88;83;83;115;4,3;,3;
2021/03/10;0300 UTC;0;983,2;983,6;983;;24;19,8;24,5;23,7;20,6;19,6;83;75;77;97;2,9;0;
2021/03/10;0400 UTC;0;983,2;983,4;983,2;;23,4;20,8;24,1;22,8;20,8;19,5;86;77;85;319;0;0;
2021/03/10;0500 UTC;0;983,2;983,2;983,1;;23,8;20,1;24;23,3;21,1;20,1;86;80;80;84;0;0;
2021/03/10;0600 UTC;0;983,2;983,3;983,1;;23,1;20,1;23,9;23,1;20,3;20,1;83;79;83;95;0;0;
2021/03/10;0700 UTC;0;983,5;983,5;983,1;;22,3;20;23,1;22,3;20,3;20;87;83;87;125;0;0;
2021/03/10;0800 UTC;0;983,9;983,9;983,5;;22,2;20,2;22,3;22,1;20,3;20;89;87;89;243;0;0;
2021/03/10;0900 UTC;0;984,6;984,6;983,9;5,6;23,7;21,5;23,7;22,2;21,6;20,2;89;87;87;177;0;0;
2021/03/10;1000 UTC;0;985,2;985,2;984,6;254,5;24,6;21,5;24,6;23,6;21,7;21,2;87;83;83;102;0;0;
2021/03/10;1100 UTC;0;985,8;985,8;985,2;1234;26,3;21;26,3;24,6;21,5;20,5;83;72;73;96;4,6;,1;
2021/03/10;1200 UTC;0;986,1;986,1;985,8;1807,5;26,7;20,1;27,1;26,3;21,3;19,4;73;64;67;111;4,5;2;
2021/03/10;1300 UTC;0;985,8;986,1;985,8;2675,3;28,2;19,5;28,6;26,8;21,2;19,4;68;58;59;87;4,8;1,7;
2021/03/10;1400 UTC;0;985,3;985,8;985,3;3340,4;29,4;19,5;29,5;28,1;20,7;18,7;63;54;55;100;7,1;3;
2021/03/10;1500 UTC;0;984,4;985,3;984,4;3679,7;30,7;19,5;30,8;29,3;20,8;19;57;51;51;81;5,5;1,9;
2021/03/10;1600 UTC;0;983,2;984,4;983,2;3590,1;31,1;18,2;31,5;30,4;19,8;17,6;53;44;46;87;5;,7;
2021/03/10;1700 UTC;0;982,2;983,2;982,2;3165,5;31,5;17,3;32;30,9;19,6;17,3;50;42;43;69;5;1,4;
2021/03/10;1800 UTC;0;981,5;982,1;981,5;2828,9;32;18,6;32,3;31,5;19,9;17;49;41;45;117;4,9;,1;
2021/03/10;1900 UTC;0;981;981,5;981;1840,1;32;18,4;32,3;31,2;19,1;16,3;47;39;45;85;3,2;,8;
2021/03/10;2000 UTC;0;980,8;981;980,7;1029,4;32,5;19,1;32,6;31,7;19,1;16,1;45;37;45;103;2,9;0;
2021/03/10;2100 UTC;0;981;981;980,8;218;27,9;22,1;32,5;27,9;22,1;16,8;70;39;70;306;0;0;
2021/03/10;2200 UTC;0;981,5;981,5;981;;26;22,1;27,9;25,9;22,2;20,8;79;70;79;280;0;0;
2021/03/10;2300 UTC;0;982;982;981,5;;26,2;21,9;26,7;25,5;22,5;21,9;82;76;77;249;0;0;
2021/03/11;0000 UTC;0;982,5;982,5;982;;26;21,7;26,2;25;22;21,6;82;77;77;210;0;0;
2021/03/11;0100 UTC;0;983,7;983,7;982,5;;25,8;20,5;26,6;25,8;21,8;20,3;77;69;73;100;7;,6;
2021/03/11;0200 UTC;0;983,9;984;983,7;;25,6;20,3;25,8;25,3;20,6;20,1;75;71;72;100;4;0;
2021/03/11;0300 UTC;0;983,9;984;983,8;;25,3;20,6;26;25,3;20,6;20,2;75;71;75;70;0;0;
2021/03/11;0400 UTC;0;983,6;983,9;983,6;;24,2;20,6;25,3;24,1;20,7;20,6;80;75;80;76;0;0;
2021/03/11;0500 UTC;0;983,4;983,6;983,4;;23,1;20,5;24,3;23;20,7;20,3;85;80;85;125;0;0;
2021/03/11;0600 UTC;0;983,4;983,4;983,3;;22,4;20,2;23,1;22,4;20,5;20,2;87;85;87;154;0;0;
2021/03/11;0700 UTC;0;983,5;983,5;983,3;;23,4;19,4;24;22,4;20,8;19,3;88;76;78;117;0;0;
2021/03/11;0800 UTC;0;984,3;984,3;983,5;;22,4;19,4;23,3;22,4;19,6;19,4;83;78;83;130;0;0;
2021/03/11;0900 UTC;0;984,8;984,8;984,3;5,1;22;19,2;22,4;21,7;19,5;19,1;86;83;84;121;0;0;
2021/03/11;1000 UTC;0;985,1;985,2;984,8;391,8;24,8;19,3;24,8;22;19,7;19;84;71;71;110;0;0;
2021/03/11;1100 UTC;0;985,7;985,7;985,1;1324,6;26,3;18,8;26,3;24,8;19,9;18,1;72;62;63;115;4,4;2,8;
2021/03/11;1200 UTC;0;986,2;986,3;985,7;2242,7;27,2;18,2;27,8;26,2;19,2;17,6;64;55;58;117;6,7;2,8;
2021/03/11;1300 UTC;0;986,1;986,3;986,1;2852;28;18,8;28,3;27,3;19,9;18;61;57;58;95;6,7;3,8;
2021/03/11;1400 UTC;0;985,9;986,1;985,9;2686,5;28,7;19,6;28,9;27,9;20;18,8;61;56;58;104;7,2;2,9;
2021/03/11;1500 UTC;0;985,2;985,9;985,2;2934,2;30;19,3;30,1;28,4;20,3;18,4;59;53;53;110;7,2;2,1;
2021/03/11;1600 UTC;0;984,1;985,2;984,1;3034,3;30,5;19,7;30,6;29,3;20,5;18,8;56;49;53;128;7,4;,5;
2021/03/11;1700 UTC;0;983,2;984,2;983,2;3231,2;31,3;19,4;31,9;30,4;20,1;18,3;54;47;49;138;6,3;2,5;
2021/03/11;1800 UTC;0;982,3;983,2;982,3;2699,5;32,1;19,4;32,1;31,1;19,9;17,9;51;44;47;112;6,2;2,5;
2021/03/11;1900 UTC;0;981,7;982,3;981,7;2035,7;32,2;17,9;32,8;31,9;19,3;17,6;47;41;43;101;5,2;,5;
2021/03/11;2000 UTC;0;981,3;981,7;981,3;943,6;31;21,4;32,3;31;21,5;17,5;57;42;57;130;4,5;0;
2021/03/11;2100 UTC;0;981,6;981,6;981,3;142,4;27,8;22,9;31;27,8;23,2;20,3;75;53;75;139;0;0;
2021/03/11;2200 UTC;0;982,2;982,2;981,5;;27,3;22,7;27,8;26,2;23;21,9;79;73;76;219;0;0;
2021/03/11;2300 UTC;0;983,3;983,3;982,2;;26,5;22,8;27,3;26;22,9;22,4;81;76;80;35;0;0;
2021/03/12;0000 UTC;0;985;985;983,3;;26,5;20,6;26,8;26;22,7;20,5;80;69;70;37;2,8;,3;
2021/03/12;0100 UTC;0;986;986;985;;25,2;19,8;27;25,2;20,4;19,4;74;64;72;78;5,2;0;
2021/03/12;0200 UTC;0;986,2;986,3;985,9;;24,5;20,6;25,2;24,4;20,6;19,8;79;72;79;121;2,4;0;
2021/03/12;0300 UTC;0;986,2;986,3;986;;23,9;21,2;24,6;23,9;21,3;20,5;85;79;85;104;0;0;
2021/03/12;0400 UTC;0;985,8;986,2;985,8;;24,1;21,2;24,1;23,7;21,3;20,9;85;84;84;172;0;0;
2021/03/12;0500 UTC;0;985,4;985,8;985,4;;23,6;20,6;24,4;23,6;21,2;20,6;84;82;83;66;0;0;
2021/03/12;0600 UTC;0;984,8;985,4;984,7;;22,6;20,3;23,7;22,5;20,7;20,2;87;83;87;105;0;0;
2021/03/12;0700 UTC;0;985;985;984,8;;23,1;20,4;23,1;22,3;20,6;20,2;88;85;85;126;0;0;
2021/03/12;0800 UTC;0;985,3;985,3;985;;22,8;19,7;23,1;22,8;20,4;19,7;85;82;83;109;2,7;0;
2021/03/12;0900 UTC;0;985,8;985,8;985,3;3,4;22,1;19,5;22,8;22,1;19,7;19,5;85;83;85;116;0;0;
2021/03/12;1000 UTC;0;986,4;986,4;985,8;325,6;24,5;20,3;24,5;22,1;20,9;19,5;85;77;77;118;0;0;
2021/03/12;1100 UTC;0;987;987;986,3;937,4;25,5;20;25,8;24,3;20,7;19,9;78;71;71;112;0;0;
2021/03/12;1200 UTC;0;987,4;987,4;987;1572,7;27,1;19,9;27,1;25,5;20,6;19,4;73;64;65;101;4,7;,8;
2021/03/12;1300 UTC;0;986,9;987,4;986,9;1989;28;18,3;28,3;26,7;20,2;18,3;66;56;56;101;6,1;3,3;
2021/03/12;1400 UTC;0;986,4;986,9;986,4;2956,9;29;19,6;29,2;27,4;20,3;18,4;61;54;57;93;6,7;2,4;
2021/03/12;1500 UTC;0;985,7;986,4;985,7;3036,1;29,4;18,4;29,8;28,5;20,1;18,3;59;51;52;97;6,9;3,3;
2021/03/12;1600 UTC;0;984,4;985,7;984,4;3083,5;29,9;17,8;30,7;29,1;19,8;17,4;55;46;48;92;6,9;3,4;
2021/03/12;1700 UTC;0;983,4;984,4;983,4;2787,5;31,3;17,9;31,3;29,7;18,9;17,1;50;44;45;126;5,9;,3;
2021/03/12;1800 UTC;0;982,6;983,4;982,6;2945,8;31,7;17,2;32,3;31,2;19;16,9;47;41;42;67;4,7;0;
2021/03/12;1900 UTC;0;982,1;982,6;982,1;1876,3;31,6;17,5;32,3;31,2;19,3;17,2;47;41;43;328;0;0;
2021/03/12;2000 UTC;0;981,9;982,1;981,9;1059,7;31,4;18,2;32,2;31,3;19;17,1;48;41;45;326;0;0;
2021/03/12;2100 UTC;0;982;982;981,9;210,6;28;21,9;31,6;27,9;22,1;17,2;70;43;70;12;0;0;
2021/03/12;2200 UTC;0;982,5;982,5;982;;25,6;21,1;28;25,6;22,1;20,7;76;67;76;229;0;0;
2021/03/12;2300 UTC;0;983,1;983,1;982,5;;24,7;21,4;25,6;24,7;21,6;20,9;82;76;82;185;0;0;
2021/03/13;0000 UTC;0;983,7;983,7;983,1;;26,2;21,8;26,2;24,5;22,3;21,2;83;77;77;218;0;0;
2021/03/13;0100 UTC;0;984,4;984,4;983,7;;25,3;22,1;26,3;25,2;22,2;21;82;74;82;270;0;0;
2021/03/13;0200 UTC;0;985;985;984,4;;25,5;19,5;25,8;24,8;22,1;19,5;84;68;70;81;0;0;
2021/03/13;0300 UTC;0;985,2;985,2;985;;24,3;20;25,5;24,3;20;19,6;77;70;77;108;0;0;
2021/03/13;0400 UTC;0;985,1;985,2;985;;25,1;20,4;25,1;24,2;20,4;20;78;75;75;70;0;0;
2021/03/13;0500 UTC;0;984,4;985,2;984,4;;24,7;20,6;25,1;24,7;20,6;20,4;78;75;78;59;0;0;
2021/03/13;0600 UTC;0;984,3;984,5;984,2;;24,3;20,9;24,7;24,3;20,9;20,6;81;78;81;124;0;0;
2021/03/13;0700 UTC;0;984,3;984,4;984,3;;24,2;20,9;24,4;24,2;21;20,9;82;81;82;85;0;0;
2021/03/13;0800 UTC;0;984,8;984,8;984,3;;24,6;19,4;24,6;23,9;21,2;19,4;84;73;73;118;4,7;,6;
2021/03/13;0900 UTC;0;985,4;985,5;984,8;1,2;24;19,1;24,6;23,9;19,4;18,9;74;72;74;102;4,7;0;
2021/03/13;1000 UTC;0;986,4;986,4;985,4;180,1;24,3;19,5;24,3;23,9;19,5;19,1;75;74;75;137;0;0;
2021/03/13;1100 UTC;0;987,2;987,2;986,4;931,7;26,5;19,9;26,5;24,3;20,1;19,1;75;67;67;119;0;0;
2021/03/13;1200 UTC;0;987,6;987,7;987,2;1880,8;27,1;19,2;27,2;25,7;19,8;18,7;67;61;62;92;5,5;2,9;
2021/03/13;1300 UTC;0;987,4;987,6;987,3;2650,4;27,9;19,4;28,4;27;20;18,6;64;58;60;113;6,3;1,3;
2021/03/13;1400 UTC;0;986,9;987,4;986,9;2987,6;29,4;19,1;29,5;27,8;19,8;18,3;61;54;54;90;5,3;1,7;
2021/03/13;1500 UTC;0;986;986,9;986;2804,4;29,8;19,5;30,9;29;20,2;17,9;57;48;54;162;5,3;0;
2021/03/13;1600 UTC;0;985,1;986;985,1;1980,6;29,8;18,9;31,3;29,5;19,9;18,4;55;47;52;146;0;0;
2021/03/13;1700 UTC;0;984,2;985,1;984,2;3415,9;32,6;18,3;32,8;29,7;20,1;17,7;54;43;43;98;0;0;
2021/03/13;1800 UTC;0;983,5;984,2;983,5;2811,5;32,7;18,9;33,2;31,3;19,8;17,7;48;41;44;122;1,7;0;
2021/03/13;1900 UTC;0;982,7;983,5;982,7;2015,7;32,6;18,5;32,9;32,2;19,2;16,4;45;39;43;207;0;0;
2021/03/13;2000 UTC;0;982,4;982,8;982,4;1046,9;31,9;17,6;32,9;31,9;18,9;16,9;46;39;42;244;0;0;
2021/03/13;2100 UTC;0;983;983;982,3;213,9;28,9;20,2;32,6;28,9;21,8;16,8;62;40;59;232;0;0;
2021/03/13;2200 UTC;0;983,8;983,8;983;;25,8;21,3;28,9;25,8;21,4;19,9;76;60;76;135;0;0;
2021/03/13;2300 UTC;0;984;984;983,8;;25,8;20,6;26,8;25,6;21,6;20,4;78;70;73;277;0;0;
2021/03/14;0000 UTC;0;984,4;984,4;984;;24,6;20,9;25,8;24,5;21,2;20,6;80;73;80;339;0;0;
2021/03/14;0100 UTC;0;985,3;985,3;984,4;;23,9;20,8;24,8;23,9;21,3;20,6;83;80;83;254;0;0;
2021/03/14;0200 UTC;0;986,1;986,2;985,3;;24,1;21,2;24,8;23,8;21,6;20,8;85;82;84;111;0;0;
2021/03/14;0300 UTC;0;986,1;986,3;986;;24,8;21;24,8;23,9;21,3;20,9;84;79;79;65;0;0;
2021/03/14;0400 UTC;0;985,5;986,1;985,5;;25,3;20,4;25,4;24,6;21,2;20,3;80;74;74;35;3,9;,5;
2021/03/14;0500 UTC;0;985;985,6;985;;25;20,6;25,4;25;20,6;20,3;76;74;76;38;4,7;0;
2021/03/14;0600 UTC;8,4;984,7;985,1;984,7;;23,6;21;25,1;23,5;21;20,4;85;76;85;5;0;0;
2021/03/14;0700 UTC;,2;984,7;984,7;984,6;;23,8;21,7;24;23,4;21,8;20,9;88;85;88;165;0;0;
2021/03/14;0800 UTC;2,6;985;985;984,7;;23,8;21,7;23,9;23,5;21,8;21,3;88;87;88;159;0;0;
2021/03/14;0900 UTC;0;985,5;985,5;985;3,1;23,9;21,8;23,9;23,7;21,9;21,6;88;88;88;156;0;0;
2021/03/14;1000 UTC;0;986,2;986,3;985,5;162,3;24,4;22;24,4;23,8;22,2;21,6;88;87;87;54;0;0;
2021/03/14;1100 UTC;0;987,1;987,1;986,2;442,9;25,2;21,5;25,2;24,4;22,3;21,5;87;80;80;123;2;,3;
2021/03/14;1200 UTC;0;987,9;987,9;987,1;668,1;26;21,6;26;25,2;21,9;21;80;77;77;107;1,9;0;
2021/03/14;1300 UTC;0;987,8;988;987,8;1243,4;27,1;20,4;27,3;25,9;21,7;20,3;77;67;67;146;3,1;,5;
2021/03/14;1400 UTC;0;987,6;987,9;987,6;1544,8;28,1;20,4;28,1;26,8;21,5;20,3;71;63;63;270;3,1;0;
2021/03/14;1500 UTC;,2;986,8;987,6;986,8;2830;28,1;21,1;29,2;27,5;21,6;20,1;67;62;66;199;4,3;1,9;
2021/03/14;1600 UTC;,2;985,6;986,8;985,6;2380,4;28,8;20,9;31,1;26,9;22,2;20,2;73;56;62;200;4,3;1,3;
2021/03/14;1700 UTC;0;984,6;985,6;984,6;2953,1;30,4;19,6;31,3;28,8;21,6;19,2;63;50;52;127;3,9;,5;
2021/03/14;1800 UTC;0;984,1;984,6;984;2680,5;30,9;20,4;31,2;30,2;21,3;19,4;57;50;54;183;5,3;1,7;
2021/03/14;1900 UTC;0;983,8;984,1;983,7;2011,5;29,5;20,6;31;29,5;20,8;18,9;59;50;59;242;7,3;3,3;
2021/03/14;2000 UTC;0;984;984;983,8;957;28,5;20,1;29,7;28,5;20,8;20;62;57;61;244;6,1;2,9;
2021/03/14;2100 UTC;0;984,6;984,6;984;184,8;25,8;20,2;28,5;25,8;20,8;20;71;60;71;245;8,4;3,5;
2021/03/14;2200 UTC;0;984,9;984,9;984,6;;25,1;19,9;25,8;25;20,2;19,9;74;71;73;228;7;,4;
2021/03/14;2300 UTC;0;985,7;985,7;984,9;;23,7;20,3;25,2;23,7;20,3;19,9;81;73;81;305;2,8;0;
2021/03/15;0000 UTC;0;986;986;985,6;;22,8;20,4;23,7;22,7;20,5;20,2;87;81;87;339;0;0;
2021/03/15;0100 UTC;0;986,5;986,6;986;;22,6;20,7;22,8;22,6;20,7;20,3;89;87;89;175;0;0;
2021/03/15;0200 UTC;0;986,6;986,8;986,5;;22,9;20,9;23;22,4;21;20,4;89;88;88;210;0;0;
2021/03/15;0300 UTC;0;986,5;986,6;986,3;;23;20,8;23,4;22,9;21,1;20,5;88;86;87;60;0;0;
2021/03/15;0400 UTC;0;986;986,5;986;;22,6;20,6;23;22,6;20,8;20,5;88;87;88;297;0;0;
2021/03/15;0500 UTC;0;985,7;986;985,6;;22,2;20,3;22,6;22,2;20,6;20,2;89;88;89;30;0;0;
2021/03/15;0600 UTC;0;985,2;985,8;985,2;;22,4;20,5;22,4;22,1;20,6;20,2;90;89;89;84;0;0;
2021/03/15;0700 UTC;0;985,3;985,3;985;;22,4;20,5;22,7;22,4;20,8;20,5;90;88;89;259;0;0;
2021/03/15;0800 UTC;0;985,5;985,5;985,2;;21,8;20;22,4;21,8;20,5;20;90;89;90;306;0;0;
2021/03/15;0900 UTC;0;986;986;985,4;3,3;21,4;19,7;21,8;21,4;20;19,7;90;90;90;130;0;0;
2021/03/15;1000 UTC;0;986,8;986,8;986;318,5;23,7;21,8;23,7;21,4;21,8;19,8;91;89;89;284;0;0;
2021/03/15;1100 UTC;0;987,6;987,6;986,8;1057,8;25,5;20,5;26,2;23,7;23;20,5;89;73;74;89;0;0;
2021/03/15;1200 UTC;0;988;988,1;987,6;1530,2;26,4;20,1;26,4;25,5;20,9;19,7;75;67;68;84;0;0;
2021/03/15;1300 UTC;0;987,5;988;987,5;2257;27,9;19,2;28;26,3;20,9;19,2;69;59;59;67;3,9;0;
2021/03/15;1400 UTC;0;987;987,5;987;3104,7;29,7;18,7;29,7;27,5;20,3;18,1;62;51;52;107;0;0;
2021/03/15;1500 UTC;0;986,1;987;986,1;2632,1;29,9;17,6;30,4;28,9;19,6;17,2;54;46;48;147;0;0;
2021/03/15;1600 UTC;0;984,9;986,1;984,9;3196,9;30,8;17,8;31,5;29,7;19;16,6;52;43;46;32;0;0;
2021/03/15;1700 UTC;0;983,7;984,9;983,7;3060,4;31,7;17,3;31,9;30,1;18,8;16,7;50;41;42;238;0;0;
2021/03/15;1800 UTC;0;983,3;983,7;983,3;1869,5;30,6;18,3;31,8;30,1;18,8;16,4;50;40;48;170;0;0;
2021/03/15;1900 UTC;0;983;983,3;983;2134,1;32,1;17,4;32,7;30,7;18,7;15,2;48;35;42;236;0;0;
2021/03/15;2000 UTC;0;982,8;983;982,8;1006,7;30,9;16;32,1;30,8;17;15,4;44;37;41;173;1,7;0;
2021/03/15;2100 UTC;0;983;983;982,8;165,1;27,1;20,7;30,9;27,1;20,7;15,5;68;40;68;226;0;0;
2021/03/15;2200 UTC;0;983,3;983,3;983;;26,1;20,9;27,1;25,3;21,8;19,9;80;68;73;238;0;0;
2021/03/15;2300 UTC;0;983,9;983,9;983,3;;24,6;20,5;26,1;24,3;21,5;20,5;82;73;78;57;0;0;
2021/03/16;0000 UTC;0;984,2;984,3;983,9;;23,9;20,9;24,6;23,6;21;20;83;78;83;233;0;0;
2021/03/16;0100 UTC;0;984,9;984,9;984,2;;23,4;20,1;24,2;23,4;21,1;19,9;85;80;82;190;,1;0;
2021/03/16;0200 UTC;0;984,5;984,9;984,5;;24,6;20,1;24,9;23,1;20,6;19,7;82;74;76;220;0;0;
2021/03/16;0300 UTC;0;985;985,1;984,5;;24,1;19,6;24,9;23,3;20,2;19,1;79;71;76;89;1,5;0;
2021/03/16;0400 UTC;0;985;985,2;984,9;;23,9;19,5;24,4;23,7;19,6;19,3;77;74;76;127;4,5;0;
2021/03/16;0500 UTC;0;984,6;985;984,6;;24,2;20,7;24,2;23,8;20,7;19,5;81;76;81;280;0;0;
2021/03/16;0600 UTC;0;984,4;984,6;984,4;;23,7;21;24,3;23,6;21;20,6;85;80;85;260;0;0;
2021/03/16;0700 UTC;0;984,6;984,6;984,3;;24,1;21,5;24,1;23,6;21,6;20,9;86;84;85;201;0;0;
2021/03/16;0800 UTC;0;984,7;984,7;984,5;;23;20,8;24,2;23;21,5;20,6;87;85;87;118;0;0;
2021/03/16;0900 UTC;0;985,2;985,2;984,7;,7;23,5;21,4;23,5;22,7;21,4;20,6;89;87;88;187;0;0;
2021/03/16;1000 UTC;0;986;986;985,2;97,9;24,3;21,7;24,4;23,5;21,9;21,4;89;85;85;132;0;0;
2021/03/16;1100 UTC;0;986,7;986,7;986;507,2;25,5;20,9;25,5;24,3;21,8;20,8;85;76;76;98;0;0;
2021/03/16;1200 UTC;0;987;987,1;986,7;1152,6;26,6;21;26,6;25,4;21,1;20,3;76;70;71;96;2,9;,1;
2021/03/16;1300 UTC;0;986,4;987;986,4;1805,5;28,1;20,7;28,1;26,3;21,3;20,3;71;64;64;91;3,2;0;
2021/03/16;1400 UTC;0;985,5;986,4;985,5;2530;28,8;18,7;29,8;27,9;21,5;18,7;66;54;54;169;5,5;1,2;
2021/03/16;1500 UTC;0;984,8;985,6;984,8;3725,2;31,3;19,9;31,3;28,8;20,2;18,2;57;49;51;126;6,2;1,8;
2021/03/16;1600 UTC;0;983,6;984,8;983,6;2219,5;31,7;18,2;31,7;30;19,7;17,5;53;43;45;201;5,2;0;
2021/03/16;1700 UTC;0;982,9;983,6;982,9;2879,5;31,5;18,5;32,2;30,5;19,9;17,3;51;42;46;158;5,5;2,4;
2021/03/16;1800 UTC;0;982;982,9;982;2777,7;32,2;17,4;32,2;30,9;19,6;16,5;49;40;41;187;5,5;0;
2021/03/16;1900 UTC;0;981,4;982;981,4;2053,3;32,2;18,2;32,5;31,3;18,4;16,9;45;40;43;214;5,8;0;
2021/03/16;2000 UTC;0;981,2;981,4;981,2;1087,4;31,5;17,4;32,2;31,4;18,3;16,5;45;40;43;209;4,9;0;
2021/03/16;2100 UTC;0;981,2;981,3;981,1;212,8;27,6;19,9;31,5;27,6;21,1;16,9;67;42;63;175;0;0;
2021/03/16;2200 UTC;0;981,9;981,9;981,2;;25,3;21,5;27,6;25,3;21,8;20,1;79;63;79;122;0;0;
2021/03/16;2300 UTC;0;982,8;982,8;981,9;;24,5;21,6;25,3;24,4;21,8;21,4;84;79;84;224;0;0;
2021/03/17;0000 UTC;0;983,3;983,3;982,8;;25,9;21,4;25,9;24,2;22,2;21,4;85;76;76;207;0;0;
2021/03/17;0100 UTC;0;984;984;983,3;;24,6;21,7;25,9;24,4;21,9;20,9;84;76;84;238;0;0;
2021/03/17;0200 UTC;0;984,3;984,4;984;;24,1;20,5;24,6;24,1;21,8;20,5;85;81;81;102;0;0;
2021/03/17;0300 UTC;0;984,5;984,8;984,3;;25,1;21;25,1;24,1;21;20,4;81;77;78;90;5,9;,2;
2021/03/17;0400 UTC;0;984,3;984,6;984,3;;25,1;21,3;25,2;25;21,4;20,9;80;78;79;78;5,9;0;
2021/03/17;0500 UTC;0;983,9;984,3;983,9;;24,2;21,1;25,1;24,2;21,3;21;83;79;83;111;0;0;
2021/03/17;0600 UTC;0;983,8;983,9;983,8;;24;21,7;24,2;23,6;21,7;20,9;87;83;87;6;0;0;
2021/03/17;0700 UTC;0;983,6;983,8;983,5;;23,6;21,6;24;23,4;21,7;21,3;88;87;88;271;0;0;
2021/03/17;0800 UTC;14,4;984,4;984,4;983,6;;22;20,3;24,3;22;22,1;20,2;90;86;90;138;9,2;4,8;
2021/03/17;0900 UTC;9,4;985;985;984,2;36,7;22,6;21;22,6;21,9;21;20,3;91;90;91;164;8,7;0;
2021/03/17;1000 UTC;0;985,2;985,2;984,8;276,8;23,3;21,5;23,3;22,6;21,5;21,1;91;90;90;146;0;0;
2021/03/17;1100 UTC;0;985,7;985,7;985,2;632,4;24,5;20,6;24,5;23;21,4;20,1;90;78;79;126;0;0;
2021/03/17;1200 UTC;0;985,5;985,8;985,4;2278;26,5;19,5;26,5;24,5;20,8;18,8;79;65;65;108;4,7;,2;
2021/03/17;1300 UTC;0;985,4;985,7;985,4;3000,9;27,8;18,5;28;26,1;19,8;18,2;67;55;57;105;4,7;0;
2021/03/17;1400 UTC;0;985,1;985,5;985,1;3469,7;28,5;18,3;29,3;27,5;20,9;17,8;62;53;54;73;6;1,9;
2021/03/17;1500 UTC;0;983,8;985,1;983,8;3705,6;29,9;19;29,9;28,5;20,6;17,2;58;47;52;105;4,5;1,6;
2021/03/17;1600 UTC;0;982,7;983,8;982,7;3670,6;30,8;17,3;30,9;29,8;19,8;15,8;54;41;45;187;4,4;,4;
2021/03/17;1700 UTC;0;981,9;982,7;981,9;3388,9;31,9;17,9;32,1;30,7;19;16;48;39;43;158;4,4;0;
2021/03/17;1800 UTC;0;981,2;981,9;981,2;2709,4;31,2;16,8;32,5;31,2;19,5;16,3;47;39;42;241;0;0;
2021/03/17;1900 UTC;0;980,8;981,2;980,7;2051,5;32;17,2;32,4;31,2;18,6;16,3;47;40;41;320;2,5;,3;
2021/03/17;2000 UTC;0;980,6;980,8;980,6;1078,6;32;19,6;33,2;31,5;19,6;16;48;36;48;182;2,3;0;
2021/03/17;2100 UTC;0;980,8;980,9;980,6;197,3;27,3;22,5;32,9;27,3;22,6;17,4;75;41;75;203;0;0;
2021/03/17;2200 UTC;0;981,3;981,3;980,8;;25,3;22,5;27,3;25,3;22,8;22,3;85;75;85;222;0;0;
2021/03/17;2300 UTC;0;981,7;981,7;981,3;;26,1;22;26,2;25;22,6;21,8;85;78;78;209;0;0;
2021/03/18;0000 UTC;0;982,4;982,4;981,7;;25,4;21,2;26,3;25,3;21,9;20,3;78;70;78;220;0;0;
2021/03/18;0100 UTC;0;983,8;983,8;982,4;;24,5;21,4;25,5;24;21,6;20,6;84;78;83;121;2,9;0;
2021/03/18;0200 UTC;0;984,1;984,2;983,7;;25,1;21;25,6;24,4;21,3;21;83;77;78;76;0;0;
2021/03/18;0300 UTC;0;983,9;984,2;983,9;;25,7;21,3;25,9;24,9;21,5;20,8;78;76;76;47;4,3;1,3;
2021/03/18;0400 UTC;0;983,6;983,9;983,4;;25,3;21,3;25,8;25,3;21,3;21;79;75;79;138;5,8;,2;
2021/03/18;0500 UTC;0;983,3;983,6;983,1;;23,9;20,3;25,3;23,9;21,5;20,3;81;79;81;129;9;4,9;
2021/03/18;0600 UTC;18,2;983,5;983,5;983,1;,5;23;21,1;23,9;21,9;21,2;19,5;89;81;89;360;9;0;
2021/03/18;0700 UTC;0;983,4;983,5;983,3;;23;21,3;23,1;22,9;21,4;21,1;90;89;90;183;0;0;
2021/03/18;0800 UTC;0;983,5;983,5;983,3;;22,8;21,1;23;22,8;21,3;21,1;90;90;90;145;0;0;
2021/03/18;0900 UTC;0;984,4;984,4;983,5;6,8;22,5;20,9;22,8;22,4;21,1;20,7;90;90;90;359;1,4;0;
2021/03/18;1000 UTC;0;984,7;984,7;984,3;422,9;24,8;22,7;24,8;22,6;22,8;20,9;91;88;88;100;2,3;0;
2021/03/18;1100 UTC;0;985,1;985,2;984,6;1303,8;26;19,6;26;24,4;22,8;19;88;66;68;119;5,8;3,3;
2021/03/18;1200 UTC;0;985,8;985,8;985,1;2339,3;27;19,4;27,3;26;20,4;19;69;61;63;107;6,2;3,5;
2021/03/18;1300 UTC;0;985,4;985,8;985,4;2880,2;28,1;19,7;28,4;27;20,8;18,8;66;60;60;99;6,1;,9;
2021/03/18;1400 UTC;0;985,1;985,5;985,1;2821,6;28,4;19,7;28,7;27,9;20,7;19;63;58;59;96;5,7;,8;
2021/03/18;1500 UTC;0;984,4;985,1;984,4;1932,1;29,1;19,2;29,3;28,1;20,3;18,8;61;54;55;88;4,1;0;
2021/03/18;1600 UTC;0;983,4;984,4;983,4;2033,7;30;19,7;30,1;29,1;20,7;18,7;60;52;54;84;0;0;
2021/03/18;1700 UTC;0;982;983,4;982;1936,7;30,3;19,7;31,2;29,5;20,7;18,7;57;50;53;46;0;0;
2021/03/18;1800 UTC;0;981,1;982;981,1;1679,6;30,4;20,4;31,3;30;21,2;18,7;56;49;55;3;0;0;
2021/03/18;1900 UTC;0;980,4;981,1;980,4;2039,7;31;19,5;31,3;30,1;20,6;18,9;56;48;51;323;0;0;
2021/03/18;2000 UTC;0;980,7;980,7;980,3;1071,1;30,4;19,6;31,8;30,4;20,9;18,3;54;46;53;196;0;0;
2021/03/18;2100 UTC;0;981;981;980,7;172,7;26,7;21,6;30,4;26,7;22;18,7;74;50;73;250;0;0;
2021/03/18;2200 UTC;0;981,9;981,9;981;;25,3;22,4;26,8;25,3;22,7;21,4;84;73;84;221;0;0;
2021/03/18;2300 UTC;0;982,1;982,1;981,8;;25,9;22,1;26,7;25,3;23,1;22;84;79;79;209;0;0;
2021/03/19;0000 UTC;0;983,5;983,5;982,1;;26,2;20,6;26,4;25,1;22,1;20,6;82;71;71;40;5,6;1,8;
2021/03/19;0100 UTC;0;984,3;984,3;983,5;;25,1;20,7;26,2;25,1;20,7;20,2;77;71;77;107;4,7;0;
2021/03/19;0200 UTC;0;984,4;984,4;984,3;;25,1;20,6;25,5;25,1;20,9;20,5;77;74;76;78;0;0;
2021/03/19;0300 UTC;0;984,5;984,6;984,2;;24,4;20,1;25,1;24,2;20,5;20;78;75;77;164;0;0;
2021/03/19;0400 UTC;0;984,1;984,5;984;;24,2;20,7;24,4;24;21;20,1;82;77;81;97;0;0;
2021/03/19;0500 UTC;0;983,7;984,1;983,7;;24,1;20,7;24,5;24,1;21;20,5;82;79;81;56;0;0;
2021/03/19;0600 UTC;0;983,6;983,7;983,6;;24,1;21,5;24,2;23,8;21,5;20,5;85;82;85;253;0;0;
2021/03/19;0700 UTC;0;983,7;983,7;983,5;;24;20,8;24,3;23,9;21,7;20,8;86;82;83;103;0;0;
2021/03/19;0800 UTC;0;984,1;984,1;983,7;;23,5;21,1;24;23,5;21,3;20,8;87;83;87;315;0;0;
2021/03/19;0900 UTC;0;984,5;984,5;984,1;5,2;23,1;21,1;23,5;23;21,2;21;89;87;89;101;0;0;
2021/03/19;1000 UTC;0;985,1;985,1;984,4;385,2;25,5;21,4;25,5;23;22;21;89;78;78;113;0;0;
2021/03/19;1100 UTC;0;985,5;985,5;985,1;1335,9;26,9;19,9;26,9;25,4;21,2;19,3;78;64;66;118;5,4;2,6;
2021/03/19;1200 UTC;0;985,9;986;985,5;2175,5;27,4;18,8;27,9;26,7;19,9;18;66;57;60;107;7,8;3,4;
2021/03/19;1300 UTC;0;985,9;986,1;985,9;2965,2;28,9;19,3;28,9;27,3;19,7;17,9;61;53;56;130;8,3;3,2;
2021/03/19;1400 UTC;0;985,4;985,9;985,4;3551;29,3;17,7;29,4;28,4;19,9;17,7;58;50;50;100;6,7;2,3;
2021/03/19;1500 UTC;0;984,6;985,4;984,5;3747;30,4;18,3;30,4;29,2;19,4;16,5;54;45;48;135;6,4;0;
2021/03/19;1600 UTC;0;983,5;984,6;983,5;3414,9;30,7;16,3;31,5;30;18,8;15,8;51;40;42;130;6,6;2,3;
2021/03/19;1700 UTC;0;982,8;983,5;982,7;3426,4;31,8;17,1;32,1;30,5;19,1;15,2;47;37;42;161;5,3;0;
2021/03/19;1800 UTC;0;981,8;982,8;981,8;2783,6;31,7;15,7;32,9;31,6;18,4;15,7;45;38;38;148;0;0;
2021/03/19;1900 UTC;0;981,2;981,8;981,2;1978,7;32,1;16,7;32,6;31,7;18,6;15,6;44;37;40;287;0;0;
2021/03/19;2000 UTC;0;981,2;981,2;981,1;1045,7;32,2;17,3;32,7;31,9;18,6;15;45;35;41;294;0;0;
2021/03/19;2100 UTC;0;982,2;982,2;981,1;182,7;28,1;19,7;32,2;28;23;15,9;71;39;60;134;6,7;,9;
2021/03/19;2200 UTC;0;982,9;982,9;982,2;;26,1;19;28,1;26,1;19,5;18,3;65;57;65;117;8,7;0;
2021/03/19;2300 UTC;0;984,2;984,2;982,9;;25,6;19,1;26,8;25,6;19,1;18,4;67;60;67;64;7,7;1,2;
2021/03/20;0000 UTC;0;985,2;985,2;984,2;;24,9;20,3;25,6;24,9;20,3;19,2;76;67;76;104;4,5;0;
2021/03/20;0100 UTC;0;986,1;986,1;985,3;;24,6;20,4;25;24,6;20,5;20,3;78;75;78;69;4,2;0;
2021/03/20;0200 UTC;1,2;986,4;986,5;986,1;;22,9;20;24,6;22,9;20,5;19,6;84;77;84;75;4,9;,4;
2021/03/20;0300 UTC;2,4;985,4;986,4;985,4;;22,2;20;22,9;22,2;20,2;19,6;88;84;87;222;2,8;0;
2021/03/20;0400 UTC;0;985;985,4;985;;22,8;20,6;22,9;22,2;20,7;20;88;87;87;162;0;0;
2021/03/20;0500 UTC;,2;984,5;985;984,5;;23,1;21;23,2;22,8;21;20,5;88;87;88;178;0;0;
2021/03/20;0600 UTC;0;984,7;984,7;984,5;;22,8;20,9;23,1;22,7;21;20,8;89;88;89;128;0;0;
2021/03/20;0700 UTC;0;984,7;984,7;984,6;;22,7;20,9;22,9;22,6;21,1;20,8;90;89;90;120;0;0;
2021/03/20;0800 UTC;0;985,1;985,1;984,6;;22;20,3;22,8;22;21;20,3;90;90;90;154;0;0;
2021/03/20;0900 UTC;0;985,7;985,7;985;9,1;22,3;20,6;22,3;21,9;20,6;20,2;90;90;90;171;0;0;
2021/03/20;1000 UTC;0;986,4;986,4;985,6;358,2;24;22;24,1;22,2;22,4;20,5;91;89;89;78;0;0;
2021/03/20;1100 UTC;0;987,1;987,1;986,4;1325,5;26,2;20,7;26,2;23,8;22,6;19,6;89;69;72;123;3,2;0;
2021/03/20;1200 UTC;0;987,2;987,3;987,1;2304,7;27,1;18,8;27,4;26;20,5;18,7;71;60;61;135;5,3;2,6;
2021/03/20;1300 UTC;0;987,2;987,3;987,2;2780,8;27,6;18,7;28;26,8;20;17,9;63;58;58;149;5,8;,5;
2021/03/20;1400 UTC;0;986,7;987,3;986,7;3383,1;29,1;19,3;29,1;27,6;20,4;18;61;54;55;139;6;0;
2021/03/20;1500 UTC;0;986;986,7;986;3751,2;29,8;19,4;29,9;28,6;20,2;18;58;50;54;169;6,6;0;
2021/03/20;1600 UTC;0;985;986,1;985;3819,7;30,5;19;30,8;29,5;20,3;17,6;57;47;50;158;5;1;
2021/03/20;1700 UTC;0;984;985;984;3449,4;32,3;19,4;32,4;30,5;20;17,5;52;45;47;79;5;0;
2021/03/20;1800 UTC;0;983,3;984;983,3;2834,3;32,5;17,9;32,7;31,2;19,7;17,3;49;40;42;288;0;0;
2021/03/20;1900 UTC;0;983;983,3;983;1233,7;29,9;20,8;32,8;29,9;20,8;17,1;58;40;58;329;0;0;
2021/03/20;2000 UTC;0;983;983;982,8;844,9;31,3;18,2;32,1;29,3;22,2;17,6;62;43;46;308;0;0;
2021/03/20;2100 UTC;0;983,4;983,5;983;179,3;27,4;23;31,5;27,4;23,6;18,9;77;46;77;327;0;0;
2021/03/20;2200 UTC;0;983,8;983,8;983,4;;26,2;23,2;27,4;26,1;23,2;22,1;84;74;84;254;0;0;
2021/03/20;2300 UTC;0;984,3;984,3;983,8;;26,7;22,6;26,8;25,6;23,3;22,3;84;78;78;232;0;0;
2021/03/21;0000 UTC;0;984,5;984,5;984,3;;25,9;22,3;26,8;25,8;22,8;21,8;81;76;81;192;0;0;
2021/03/21;0100 UTC;0;985,5;985,5;984,5;;26,2;21,8;26,7;25,8;22,4;21,5;81;74;77;183;0;0;
2021/03/21;0200 UTC;0;986,5;986,5;985,5;;26,4;21,4;26,5;25,8;21,9;21,4;78;74;74;80;5,6;2,2;
2021/03/21;0300 UTC;16,2;987;987,2;986,5;1,5;22,3;20,5;26,7;21,9;21,4;19,6;89;68;89;167;11,5;2,9;
2021/03/21;0400 UTC;1,4;986,4;987;986,4;;22,4;20,4;22,7;22,2;20,6;20,1;89;87;89;321;5,9;,1;
2021/03/21;0500 UTC;0;985,7;986,4;985,7;;22,4;20,6;22,4;22,2;20,6;20,3;90;89;90;229;1,8;,2;
2021/03/21;0600 UTC;0;985,2;985,7;985,2;;22,6;20,8;22,7;22,3;20,9;20,5;90;89;90;351;1,9;,1;
2021/03/21;0700 UTC;0;985,4;985,4;985,1;;22,3;20,6;22,6;22,2;20,8;20,5;91;90;91;300;1,4;0;
2021/03/21;0800 UTC;0;986;986;985,3;;22,5;20,9;22,5;22,2;20,9;20,6;91;90;91;301;0;0;
2021/03/21;0900 UTC;,2;985,8;986;985,7;12,8;22,4;20,8;22,5;22,3;20,9;20,7;91;90;91;31;0;0;
2021/03/21;1000 UTC;0;986,2;986,2;985,8;380,1;23,6;21,8;23,6;22,4;21,8;20,8;91;89;90;154;,5;0;
2021/03/21;1100 UTC;0;986,8;986,9;986,2;993,1;25,3;22,5;25,3;23,6;22,6;21,7;90;85;85;279;2,2;0;
2021/03/21;1200 UTC;0;986,9;987;986,8;1697,8;26;20,6;26,8;25,3;22,9;20,6;85;72;72;269;3,2;0;
2021/03/21;1300 UTC;0;986,9;987;986,9;2773;27,1;19,9;27,9;26;21,7;18,7;74;59;65;134;5,4;,4;
2021/03/21;1400 UTC;0;986,7;987;986,7;1529,1;27,4;19,2;27,7;26,9;19,8;18,8;65;60;61;150;3,5;0;
2021/03/21;1500 UTC;0;985,8;986,7;985,8;2119,8;28,7;19,4;28,7;27,4;19,7;18,4;62;55;57;143;3,7;0;
2021/03/21;1600 UTC;0;984,9;985,8;984,9;2545,6;29,1;18,6;29,5;28,5;20;18,4;59;53;53;164;0;0;
2021/03/21;1700 UTC;0;984,2;984,9;984,2;3026,6;30,5;18,4;30,9;29;20;18;56;47;48;115;3,5;0;
2021/03/21;1800 UTC;0;983,3;984,2;983,3;2891,3;30,4;19,6;31,8;30,2;20,6;17,2;53;45;52;344;3,1;0;
2021/03/21;1900 UTC;0;983;983,3;983;1936,4;30,5;18,3;31;30,3;19,5;17,1;53;44;48;103;0;0;
2021/03/21;2000 UTC;0;983,1;983,2;982,9;1204,5;30,2;19,1;30,7;29,9;19,9;18,1;55;47;52;61;0;0;
2021/03/21;2100 UTC;0;983,5;983,5;983,1;206,8;28,2;21,5;30,2;28,2;21,5;18;67;49;67;111;0;0;
2021/03/21;2200 UTC;0;983,8;983,8;983,4;;27,6;21,1;28,3;27;23,4;21,1;79;66;68;172;0;0;
2021/03/21;2300 UTC;0;984,3;984,4;983,8;;24,7;21,2;27,6;24,7;21,2;20,2;81;66;81;205;9,2;2,4;
2021/03/22;0000 UTC;0;985;985;984,3;;24,4;21,1;24,7;24,4;21,4;21,1;82;81;82;214;4,2;0;
2021/03/22;0100 UTC;0;985,6;985,6;985;;24,6;21,3;24,6;24,1;21,6;21;84;81;82;187;0;0;
2021/03/22;0200 UTC;0;985,7;985,7;985,5;;24,5;21,1;24,7;24,4;21,3;20,8;82;80;81;45;0;0;
2021/03/22;0300 UTC;1;985,6;985,9;985,6;;23,4;20,7;24,6;23,4;21,2;20,6;85;80;85;140;5;2,2;
2021/03/22;0400 UTC;4,4;985,2;985,6;985,2;;22,9;20,9;23,4;22,8;21;20,6;88;85;88;242;5,6;1;
2021/03/22;0500 UTC;1,6;984,9;985,3;984,8;;23,1;21,2;23,1;22,8;21,3;20,9;89;88;89;4;3;0;
2021/03/22;0600 UTC;,2;984,5;984,9;984,5;;22,9;21,1;23,2;22,8;21,3;21;90;89;90;267;2,6;0;
2021/03/22;0700 UTC;12,2;984,8;984,8;984,4;;22,7;21,1;23;22,7;21,3;21;90;90;90;270;3,3;0;
2021/03/22;0800 UTC;1,8;985;985;984,5;;22,7;21,1;22,8;22,5;21,1;20,9;91;90;91;177;2,2;0;
2021/03/22;0900 UTC;0;985,4;985,4;985;10,1;22,9;21,3;22,9;22,6;21,3;21;91;90;91;95;1,8;0;
2021/03/22;1000 UTC;0;986,1;986,1;985,4;458,8;24,2;22,3;24,3;22,9;22,5;21,3;91;89;89;92;2,1;,4;
2021/03/22;1100 UTC;0;987;987;986,1;1278,9;25,6;21,4;25,9;24,1;22,5;20,9;89;76;78;108;4,1;2,5;
2021/03/22;1200 UTC;0;987,2;987,2;987;2321;27,2;20,6;27,3;25,6;21,7;19,8;78;67;67;116;6,9;3,2;
2021/03/22;1300 UTC;0;987;987,3;987;2902,9;27,7;19,5;28,1;26,2;21;19,5;71;61;61;109;6,5;3;
2021/03/22;1400 UTC;0;986,5;987,1;986,5;3204,3;28,5;18,7;29,2;27,6;20,9;18,5;65;54;55;123;5,7;0;
2021/03/22;1500 UTC;0;985,5;986,5;985,5;3477,1;29,7;19,6;29,7;28,3;20,5;18,3;60;51;55;127;4,4;,6;
2021/03/22;1600 UTC;0;984,5;985,5;984,5;3241;30,3;18,2;30,9;28,9;20;17,7;57;47;49;93;4,4;0;
2021/03/22;1700 UTC;0;983,4;984,5;983,4;3371,7;30,7;17,4;31,4;30,2;20;16,3;53;41;45;178;3,9;0;
2021/03/22;1800 UTC;0;982,6;983,4;982,6;2771,2;31,6;17,4;31,7;30,6;19,4;16,4;49;41;43;291;0;0;
2021/03/22;1900 UTC;0;982,1;982,6;982,1;1990,9;31,9;18,6;32,2;31,2;19,3;16,6;49;40;45;338;0;0;
2021/03/22;2000 UTC;0;982,3;982,3;982,1;1043,3;30,8;19,2;31,9;30,8;19,8;17,3;50;43;50;311;0;0;
2021/03/22;2100 UTC;0;982,6;982,6;982,2;189,5;27,4;21,7;30,8;27,4;21,7;18,6;71;49;71;269;0;0;
2021/03/22;2200 UTC;0;983,1;983,1;982,6;;25,4;22,6;27,4;25,3;22,6;21,4;85;71;85;282;0;0;
2021/03/22;2300 UTC;0;983,8;983,8;983,1;;25,7;22,1;26,1;24,9;22,7;21,8;85;80;81;229;0;0;
2021/03/23;0000 UTC;0;985;985;983,8;;25,4;21,2;25,9;24,9;22,7;21,2;84;78;78;67;0;0;
2021/03/23;0100 UTC;0;986,2;986,2;985;;24,5;21;25,4;24,4;21,2;21;81;78;81;112;4,7;0;
2021/03/23;0200 UTC;0;986,5;986,5;986,2;;24,2;20,8;24,7;24,2;21,1;20,8;81;80;81;77;0;0;
2021/03/23;0300 UTC;0;986,1;986,6;986,1;;23,4;20,4;24,2;23,4;20,8;20,4;83;81;83;95;0;0;
2021/03/23;0400 UTC;0;985,3;986,1;985,3;;23,4;20,8;23,4;23,2;20,9;20,4;86;83;85;101;0;0;
2021/03/23;0500 UTC;0;984,9;985,4;984,9;;23,6;21,2;23,8;23,3;21,4;20,7;86;85;86;69;0;0;
2021/03/23;0600 UTC;0;984,5;985;984,5;;23,9;21,5;23,9;23,6;21,6;21,1;87;86;87;31;0;0;
2021/03/23;0700 UTC;0;984,7;984,8;984,5;;23,7;21,5;23,9;23,6;21,6;21,3;88;86;88;121;0;0;
2021/03/23;0800 UTC;0;984,8;984,8;984,5;;23,6;21,7;23,7;23,5;21,7;21,4;89;88;89;96;0;0;
2021/03/23;0900 UTC;0;985,5;985,5;984,8;3,5;23,8;21,9;23,9;23,6;22;21,6;89;89;89;237;0;0;
2021/03/23;1000 UTC;0;986,2;986,2;985,5;122,5;24,5;22,4;24,5;23,8;22,4;21,8;89;88;88;123;0;0;
2021/03/23;1100 UTC;0;986,8;986,8;986,2;1014,4;26,3;21,4;26,6;24,5;23,1;21,3;88;74;75;110;0;0;
2021/03/23;1200 UTC;0;987,3;987,4;986,8;1351,3;27,7;21,4;27,7;26;22,6;20,9;76;69;69;91;0;0;
2021/03/23;1300 UTC;0;987,2;987,4;987,2;3118,7;28,3;19,9;28,8;26,9;22,2;19,4;72;59;61;126;4,3;0;
2021/03/23;1400 UTC;0;986,7;987,3;986,7;3181,6;29,5;19,6;29,6;27,8;21,2;19,3;64;55;55;136;5,5;0;
2021/03/23;1500 UTC;0;985,7;986,7;985,7;3174,6;30,5;20;30,7;28,9;21,2;18,3;58;50;54;108;5,3;,8;
2021/03/23;1600 UTC;0;984,5;985,7;984,5;2904,4;31,3;20,7;31,3;29,2;20,7;19;58;50;53;178;5,2;0;
2021/03/23;1700 UTC;0;983,4;984,5;983,4;3130,7;32;19,7;32;30,1;20,9;18,4;57;46;48;180;2,9;0;
2021/03/23;1800 UTC;0;982,7;983,4;982,7;2768,1;31,3;19,1;33;31;20,8;17,3;53;43;48;170;2,9;0;
2021/03/23;1900 UTC;0;982,5;982,7;982,5;1992,1;31,6;19,1;31,9;31,1;19,9;18;50;45;48;109;0;0;
2021/03/23;2000 UTC;0;982,6;982,6;982,4;1036;31;19,5;31,6;30,9;20,2;18,7;52;46;51;127;0;0;
2021/03/23;2100 UTC;0;982,9;982,9;982,6;171,4;27,8;23,4;31,2;27,5;23,6;18,9;77;48;77;337;0;0;
2021/03/23;2200 UTC;0;983,2;983,2;982,8;;26,2;23,4;27,8;26,2;23,6;22,9;85;77;85;248;0;0;
2021/03/23;2300 UTC;0;984;984;983,2;;25,7;23,2;26,2;25,7;23,4;23;86;85;86;241;0;0;
2021/03/24;0000 UTC;0;985;985;984;;26,2;21,8;26,5;25,2;23,3;21,8;88;77;77;34;3,5;0;
2021/03/24;0100 UTC;0;986;986;985;;25,4;21,5;26,2;25,4;21,8;21,4;79;76;79;103;3,5;0;
2021/03/24;0200 UTC;0;986,1;986,3;986;;25,4;21,7;25,6;25,4;21,7;21,5;80;78;80;75;2,9;0;
2021/03/24;0300 UTC;0;985,7;986,2;985,7;;24,8;21,3;25,4;24,8;21,7;21,2;81;79;81;57;4,1;0;
2021/03/24;0400 UTC;0;984,9;985,7;984,9;;24,6;21,7;24,8;24,5;21,7;21,3;84;81;84;122;0;0;
2021/03/24;0500 UTC;22;984,4;984,9;984,4;;22,9;21,3;24,6;22,8;21,7;21;91;84;91;24;6,9;,8;
2021/03/24;0600 UTC;,2;984,7;984,8;984,1;0;23,1;21,6;23,1;22,9;21,6;21,3;91;91;91;53;2,9;0;
2021/03/24;0700 UTC;6,8;984,5;984,9;984,5;;22,4;21;23,2;22,4;21,7;21;91;91;91;137;4,6;0;
2021/03/24;0800 UTC;,2;985,1;985,1;984,5;;22,6;21,1;22,6;22,4;21,1;20,9;91;91;91;57;0;0;
2021/03/24;0900 UTC;0;985,1;985,2;985;8,6;22,7;21,2;22,8;22,6;21,3;21,1;92;91;91;146;0;0;
2021/03/24;1000 UTC;0;985,9;985,9;985,1;187,7;23,3;21,7;23,3;22,7;21,8;21,2;91;91;91;100;0;0;
2021/03/24;1100 UTC;0;986,8;986,9;985,9;652,4;24,7;22,7;24,7;23,3;22,8;21,7;91;89;89;2;0;0;
2021/03/24;1200 UTC;0;987,6;987,6;986,8;957,4;25,9;22,3;25,9;24,6;23,5;22,3;89;81;81;291;0;0;
2021/03/24;1300 UTC;0;987,6;987,8;987,6;1242,4;27,3;22,5;27,3;25,4;23;22;84;75;75;47;3,3;0;
2021/03/24;1400 UTC;0;986,9;987,6;986,9;1485,2;27,9;20,9;27,9;27,1;21,7;19,9;75;64;66;140;3,6;,1;
2021/03/24;1500 UTC;0;986;986,9;986;1826,1;28,6;19,9;28,8;27,8;21,4;19,8;66;59;59;186;3,6;,1;
2021/03/24;1600 UTC;0;984,7;986;984,7;2578,2;29,7;19,9;30,5;28,5;21,6;19,6;62;54;56;208;2,9;0;
2021/03/24;1700 UTC;0;983,7;984,7;983,7;2850,5;30,6;19,6;31,5;29,3;21,8;19,5;61;51;52;209;3,8;0;
2021/03/24;1800 UTC;0;982,8;983,7;982,8;2048,2;30,7;20,3;31,2;30;21,8;19,3;61;52;54;324;2,7;0;
2021/03/24;1900 UTC;0;982,4;982,8;982,4;2016,7;30,7;20,6;32;30,4;21,7;20,1;59;51;55;344;3,3;0;
2021/03/24;2000 UTC;0;982,3;982,4;982;1043,4;30,4;21;31;30,2;21,9;20,3;61;54;57;296;2,6;0;
2021/03/24;2100 UTC;0;982,7;982,7;982;195,8;27,5;23,1;30,5;27,5;23,9;20,8;78;57;77;264;0;0;
2021/03/24;2200 UTC;0;983,8;983,8;982,7;;27,5;21,5;27,8;26,6;24;21,5;84;70;70;141;7,7;4,9;
2021/03/24;2300 UTC;0;984,4;984,9;983,8;;24,5;21,1;27,5;24,5;21,5;20,3;82;67;82;112;7,7;2,3;
2021/03/25;0000 UTC;0;985,9;985,9;984,4;;23,8;21,4;24,5;23,7;21,4;20,9;87;82;86;99;5,2;1,3;
2021/03/25;0100 UTC;0;986,7;986,7;985,9;;23,9;21,5;23,9;23,7;21,5;21,3;87;86;87;64;2,2;0;
2021/03/25;0200 UTC;0;986,8;986,9;986,7;;23,5;21;23,9;23,5;21,5;21;87;86;86;99;2,8;0;
2021/03/25;0300 UTC;,6;986,2;986,9;986,2;;23,3;21,2;23,6;23,2;21,3;21;88;85;88;151;0;0;
2021/03/25;0400 UTC;1;985,7;986,2;985,7;;23,6;21,4;23,6;23,2;21,5;21,1;88;88;88;125;2,4;,2;
2021/03/25;0500 UTC;0;985,1;985,7;985,1;;23,5;21,5;23,7;23,4;21,6;21,3;89;87;89;43;2,5;0;
2021/03/25;0600 UTC;0;985,2;985,2;985;;23,6;21,8;23,7;23,5;21,8;21,6;90;89;90;71;0;0;
2021/03/25;0700 UTC;0;985;985,2;984,8;;23,2;21,4;23,6;23,2;21,8;21,4;90;89;89;109;0;0;
2021/03/25;0800 UTC;0;985,4;985,4;985;;23;21,3;23,2;22,9;21,4;21,1;90;89;90;84;0;0;
2021/03/25;0900 UTC;0;985,7;985,7;985,3;5,6;22,5;20,9;23,1;22,5;21,4;20,9;90;90;90;93;0;0;
2021/03/25;1000 UTC;0;986,5;986,5;985,7;393,5;24;21,7;24;22,5;21,9;20,9;91;86;87;84;0;0;
2021/03/25;1100 UTC;0;987,2;987,2;986,4;1022,7;24,7;20,7;25,3;24;22,3;20,4;87;77;78;107;0;0;
2021/03/25;1200 UTC;0;987,6;987,7;987,2;1919,6;27,1;20,6;27,1;24,7;21,3;19,9;79;67;67;111;5,4;2,6;
2021/03/25;1300 UTC;0;987,6;987,7;987,5;2674,3;27,9;20,2;28;26,5;20,8;19,5;69;62;63;104;6,4;3,4;
2021/03/25;1400 UTC;0;987,3;987,7;987,3;2476,5;28,1;21,1;28,2;27,4;21,1;19,5;66;61;66;141;7;1,9;
2021/03/25;1500 UTC;0;986,5;987,3;986,4;2383,1;27,8;19,9;28,9;27,7;21,3;19,6;66;60;62;103;6,5;1,3;
2021/03/25;1600 UTC;0;985,3;986,5;985,3;2165,8;29,2;20,8;29,2;27,7;21,5;20;66;58;61;125;6,5;,1;
2021/03/25;1700 UTC;0;984,2;985,3;984,2;2938,9;29,7;21,2;30;28,9;21,9;19,7;63;56;60;145;7,8;1,1;
2021/03/25;1800 UTC;0;983,6;984,2;983,6;2133,6;29,7;20;30,2;29,4;21;19,5;60;54;56;114;3,9;0;
2021/03/25;1900 UTC;0;983,1;983,6;983,1;1272,1;29,4;20,8;29,8;29,3;20,9;19,9;60;56;60;130;0;0;
2021/03/25;2000 UTC;0;983,2;983,2;983;546;28,8;21,7;29,5;28,8;21,7;20,1;66;57;66;109;0;0;
2021/03/25;2100 UTC;0;984,1;984,1;983,2;102;27,3;23,2;28,8;27,2;23,2;21,6;79;66;79;100;0;0;
2021/03/25;2200 UTC;0;984,5;984,5;984,1;;26,6;23,8;27,3;26,4;24,1;23,1;85;79;85;135;0;0;
2021/03/25;2300 UTC;0;985,2;985,3;984,5;;25,9;23,5;26,6;25,6;23,8;23,1;87;85;87;146;0;0;
2021/03/26;0000 UTC;0;985,7;985,7;985,2;;25,9;22,9;26,1;25,6;23,8;22,8;87;83;84;117;0;0;
2021/03/26;0100 UTC;0;986,5;986,5;985,6;;25,8;23;26,1;25,6;23,1;22,7;85;82;85;187;0;0;
2021/03/26;0200 UTC;0;986,4;986,8;986,3;;24,1;21,2;26,3;24;23,2;21,1;85;78;84;199;7;3,1;
2021/03/26;0300 UTC;6,6;986,5;987;986,4;;22,8;20,8;24,2;22,8;21,4;20,8;88;84;88;24;6;,5;
2021/03/26;0400 UTC;2;985,9;986,5;985,8;;23,2;21,5;23,3;22,8;21,5;20,8;90;88;90;352;2,6;0;
2021/03/26;0500 UTC;5,8;986,1;986,1;985,7;;22,9;21,2;23,3;22,6;21,5;20,8;91;89;91;25;3,7;0;
2021/03/26;0600 UTC;5,8;985,4;986,1;985,4;;22,6;21;22,9;22,5;21,4;21;91;91;91;68;1;0;
2021/03/26;0700 UTC;,6;985,4;985,5;985,2;;22,5;21;22,6;22,4;21;20,8;91;91;91;100;0;0;
2021/03/26;0800 UTC;,2;985,5;985,5;985,2;;22,6;21,1;22,6;22,5;21,1;20,9;91;91;91;357;0;0;
2021/03/26;0900 UTC;0;985,7;985,7;985,5;2,5;22,4;20,9;22,6;22,4;21,1;20,8;91;91;91;319;0;0;
2021/03/26;1000 UTC;,2;986,4;986,4;985,7;209,6;22,9;21,4;22,9;22,4;21,4;20,8;91;91;91;283;0;0;
2021/03/26;1100 UTC;0;986,9;986,9;986,4;883,5;24,6;22,7;24,6;22,6;22,7;21,1;91;89;89;315;0;0;
2021/03/26;1200 UTC;0;987,6;987,6;986,9;1477,9;25,6;20,8;26,1;24;22,9;20,8;89;75;75;191;0;0;
2021/03/26;1300 UTC;0;987,7;987,8;987,6;1778,7;27,1;21;27,1;25,6;22;20,1;76;67;69;266;0;0;
2021/03/26;1400 UTC;0;987;987,7;987;1863,2;28;19,8;28;26,7;21,3;18,8;70;58;61;77;0;0;
2021/03/26;1500 UTC;0;986,2;987,1;986,2;3325,3;29;18,7;29,2;27,7;20,7;18,4;63;53;54;145;5,8;1,1;
2021/03/26;1600 UTC;0;984,9;986,2;984,9;3813,8;30,2;20,4;30,3;28,6;21;18,8;61;53;56;257;5;1,6;
2021/03/26;1700 UTC;0;983,7;984,9;983,7;3309,2;30,5;20;30,5;29,5;21,4;18,8;60;51;53;89;4,4;,2;
2021/03/26;1800 UTC;0;982,9;983,7;982,9;2468,3;29,8;19,3;31,2;29,8;21;19;57;50;53;341;4,2;,1;
2021/03/26;1900 UTC;0;982,6;982,9;982,5;1339,8;30,6;20,2;31,9;29,5;21,2;19,1;61;49;54;316;2,9;0;
2021/03/26;2000 UTC;0;982,6;982,6;982,4;1058,1;30,2;21;30,9;30,1;21,1;19,8;58;52;58;337;0;0;
2021/03/26;2100 UTC;0;983,2;983,2;982,6;146,8;27,6;22;30,4;27,6;22,4;20,4;73;56;72;18;0;0;
2021/03/26;2200 UTC;0;983,9;983,9;983,2;;25,8;23,1;27,6;25,8;23,1;21,8;85;71;85;116;0;0;
2021/03/26;2300 UTC;0;984,4;984,5;983,9;;25,7;22,3;26,1;25,7;23,3;22,2;86;81;81;82;0;0;
2021/03/27;0000 UTC;0;985;985;984,3;;25;22,7;25,7;24,9;22,7;22;87;82;87;290;0;0;
2021/03/27;0100 UTC;0;985,6;985,6;985;;25,6;22,8;25,7;25;23,3;22,7;88;85;85;180;0;0;
2021/03/27;0200 UTC;0;985,4;985,8;985,4;;25,1;22,7;25,7;25,1;22,9;22,5;87;84;87;185;0;0;
2021/03/27;0300 UTC;0;985,4;985,9;985,4;;25,3;22,8;25,6;25;23,2;22,7;88;86;86;96;3,1;,5;
2021/03/27;0400 UTC;0;985;985,5;984,9;;25;22,6;25,3;25;22,8;22,5;87;86;87;167;3,1;0;
2021/03/27;0500 UTC;0;984,7;985,3;984,7;;24,8;22,2;25,1;24,8;22,8;22,1;87;85;85;66;1,9;0;
2021/03/27;0600 UTC;0;984,4;984,7;984,3;;24,6;22,1;24,9;24,5;22,3;22,1;87;85;86;134;0;0;
2021/03/27;0700 UTC;0;984,3;984,4;984,3;;24,3;21,9;24,6;24,3;22,2;21,9;87;86;86;42;0;0;
2021/03/27;0800 UTC;0;984,8;984,9;984,3;;24,1;21,8;24,4;24,1;22;21,7;87;86;87;145;0;0;
2021/03/27;0900 UTC;0;985,2;985,3;984,8;10,5;23,8;21,5;24,2;23,8;21,9;21,5;87;87;87;65;0;0;
2021/03/27;1000 UTC;0;985,9;985,9;985,2;205,3;24,5;22;24,5;23,8;22;21,4;87;86;86;96;0;0;
2021/03/27;1100 UTC;0;986,5;986,5;985,9;980,1;26;21,6;26;24,5;22,2;21,2;86;77;77;74;0;0;
2021/03/27;1200 UTC;0;986,8;986,8;986,4;1139,8;25,9;21,7;26,7;25,8;22;21;77;73;77;62;4,3;0;
2021/03/27;1300 UTC;0;986,9;987;986,8;1032,9;27,6;21,5;27,7;25,9;22,5;21,5;78;69;70;145;0;0;
2021/03/27;1400 UTC;0;986,3;986,9;986,3;2790;29,2;22,1;29,5;27,3;23,2;21,1;72;63;65;180;3,2;,9;
2021/03/27;1500 UTC;0;985,5;986,3;985,5;3196,4;29;21,1;30,3;28,7;22,3;20,6;66;58;62;53;3,2;0;
2021/03/27;1600 UTC;0;984,1;985,5;984,1;3373,8;30,8;19,8;31,4;28,9;22,3;19,8;64;52;52;38;2,9;,3;
2021/03/27;1700 UTC;0;982,9;984,1;982,9;3333,7;31,9;20,1;32,4;30,8;21,3;19,2;54;48;50;91;2,9;0;
2021/03/27;1800 UTC;0;982,3;982,9;982,3;2888,5;32,1;19,8;33;31,6;20,9;18,8;52;45;48;77;2,7;0;
2021/03/27;1900 UTC;0;981,4;982,3;981,4;1983,2;32,3;19,1;32,8;31,7;20,8;18,8;52;45;46;275;2,7;,2;
2021/03/27;2000 UTC;0;981,6;981,6;981,3;991,3;31,5;20;32,4;31,5;21,4;19,1;55;45;51;278;2;0;
2021/03/27;2100 UTC;0;982,4;982,4;981,6;105,9;28;23,8;31,5;27,7;23,8;20,4;78;51;78;281;4,1;,2;
2021/03/27;2200 UTC;,2;983,3;983,3;982,4;;27,1;23,1;28,5;27,1;23,4;23;79;72;79;321;4,2;0;
2021/03/27;2300 UTC;2,8;985,2;985,2;983,3;;23;19,7;27,1;22,7;23,1;18,7;83;74;82;37;9,1;2,1;
2021/03/28;0000 UTC;0;986;986,2;985,2;;23,4;21;23,4;22,4;21;19,5;87;81;86;41;6,4;1,6;
2021/03/28;0100 UTC;0;985,9;986,2;985,9;;23,3;21;23,5;23,3;21,2;21;88;86;87;110;4,1;0;
2021/03/28;0200 UTC;0;986,2;986,5;985,9;;23,5;20,8;23,6;23,3;21,1;20,8;87;85;85;133;3,1;,7;
2021/03/28;0300 UTC;0;985,9;986,2;985,9;;23,4;21,2;23,6;23,2;21,2;20,8;87;85;87;49;1,6;0;
2021/03/28;0400 UTC;0;985,3;986;985,3;;23,4;21,4;23,5;23,2;21,4;21,1;88;87;88;256;1,7;0;
2021/03/28;0500 UTC;0;984,9;985,3;984,9;;23,3;21,3;23,4;23;21,4;21,1;89;88;89;5;2,7;0;
2021/03/28;0600 UTC;0;984,6;985;984,6;;23,2;21;23,4;23,1;21,4;20,8;89;87;87;54;0;0;
2021/03/28;0700 UTC;0;984,7;984,8;984,6;;23;20,6;23,3;22,9;21,1;20,4;87;86;86;67;0;0;
2021/03/28;0800 UTC;0;984,9;984,9;984,6;;22,9;20,7;23;22,8;20,7;20,4;87;86;87;88;0;0;
2021/03/28;0900 UTC;0;985,2;985,2;984,7;5,2;22,8;20,8;23;22,8;20,8;20,6;88;87;88;125;0;0;
2021/03/28;1000 UTC;0;985,9;985,9;985,2;222,9;23,5;21,1;23,6;22,8;21,3;20,8;89;87;87;92;0;0;
2021/03/28;1100 UTC;0;986,7;986,7;985,9;553,5;24,7;21,7;24,7;23,5;21,7;21,1;87;83;83;79;0;0;
2021/03/28;1200 UTC;0;987,2;987,2;986,7;1543,9;26,5;21,4;26,6;24,6;21,9;21;83;74;74;95;0;0;
2021/03/28;1300 UTC;0;987,3;987,3;987,1;1964,2;27,4;22,4;27,4;26,1;22,4;21;75;71;74;42;3,6;1,4;
2021/03/28;1400 UTC;0;986,8;987,3;986,7;1663,7;26,6;21,8;27,7;25,8;22,7;21;78;70;75;39;3,4;0;
2021/03/28;1500 UTC;,4;985,8;986,7;985,8;2366,3;27,1;22,7;27,8;26;23,5;21,2;83;69;77;32;4,4;2,2;
2021/03/28;1600 UTC;0;984,9;985,8;984,9;2128,6;26,9;21,6;27,6;26,6;23,1;21,2;78;70;73;54;5,7;2,9;
2021/03/28;1700 UTC;0;983,9;984,9;983,9;2544,1;27,7;21,7;28,6;26,7;22,5;20,8;75;65;70;89;4,9;1,6;
2021/03/28;1800 UTC;0;983,1;983,9;983,1;2033,8;28,2;21,5;28,9;27,3;23;21,2;73;65;67;148;3,5;2;
2021/03/28;1900 UTC;0;982,6;983,1;982,6;1985,2;28,6;21,3;29;27,8;22,2;20,6;69;63;65;175;4,1;,7;
2021/03/28;2000 UTC;0;982,6;982,8;982,5;1077,3;29,2;21,5;30;28,3;22,4;20,9;69;60;64;136;2,7;0;
2021/03/28;2100 UTC;0;983,1;983,1;982,6;172,1;27,7;21,7;29,2;27,7;22,2;20,9;70;62;70;71;0;0;
2021/03/28;2200 UTC;0;984,2;984,2;983,1;;26;21,5;27,7;26;22,6;21,5;77;70;76;90;3,4;0;
2021/03/28;2300 UTC;0;984,6;984,6;984,2;;24,4;21;26;24,4;21,5;20,7;81;76;81;83;5,3;0;
2021/03/29;0000 UTC;0;985,4;985,5;984,3;;24,2;21,6;24,4;24;21,6;20,9;86;81;85;120;0;0;
2021/03/29;0100 UTC;0;986,1;986,1;985,4;;24;21,5;24,2;24;21,6;21,3;86;84;86;46;0;0;
2021/03/29;0200 UTC;0;985,8;986,2;985,8;;24,1;21,4;24,6;24;21,6;21,2;86;82;85;29;0;0;
2021/03/29;0300 UTC;0;985,3;985,9;985,3;;23,7;21,4;24,1;23,7;21,6;21,4;87;85;87;99;0;0;
2021/03/29;0400 UTC;0;984,7;985,4;984,7;;23,2;21;23,8;23,2;21,5;21;88;87;88;70;0;0;
2021/03/29;0500 UTC;0;984,5;984,7;984,5;;23;21,1;23,2;23;21,1;20,9;89;88;89;27;0;0;
2021/03/29;0600 UTC;0;983,9;984,4;983,9;;22,8;20,9;23;22,8;21,1;20,9;89;89;89;135;0;0;
2021/03/29;0700 UTC;0;984;984;983,8;;23;21,1;23;22,7;21,2;20,9;90;89;89;61;0;0;
2021/03/29;0800 UTC;0;984,3;984,3;984;;23,2;21,3;23,3;22,9;21,4;21;89;89;89;143;0;0;
2021/03/29;0900 UTC;0;984,8;984,8;984,3;1,3;23,7;21,5;23,7;23,2;21,5;21,3;89;87;87;164;0;0;
2021/03/29;1000 UTC;0;985,6;985,6;984,7;105,3;24;21,5;24,1;23,6;21,6;21,3;87;86;86;148;0;0;
2021/03/29;1100 UTC;0;986,3;986,3;985,6;705,5;25,4;21,7;25,4;24;22;21,4;86;80;80;181;0;0;
2021/03/29;1200 UTC;0;986,6;986,7;986,3;1477,3;26,9;21,5;26,9;25,4;22,1;21,2;81;72;72;94;0;0;
2021/03/29;1300 UTC;0;986,5;986,6;986,5;2946,4;28,5;21,2;28,8;26,9;22,3;21,1;73;65;65;96;0;0;
2021/03/29;1400 UTC;0;986,2;986,5;986,1;1853,1;28,7;21,5;29,4;27,8;22,3;20,6;69;62;65;219;3,4;0;
2021/03/29;1500 UTC;0;985,4;986,2;985,4;1014,3;28,9;21,4;29,3;28,5;22,1;21;67;63;64;337;0;0;
2021/03/29;1600 UTC;0;984,4;985,4;984,4;2004,2;30;21,2;31;28,9;22,2;20,7;65;56;59;119;0;0;
2021/03/29;1700 UTC;0;983,1;984,4;983,1;3493,3;31,1;20,6;32;30;22,1;20;63;52;54;109;5;,9;
2021/03/29;1800 UTC;0;982,2;983,1;982,2;2780,4;31,7;21,4;32;30,9;22,5;19,7;59;51;55;155;4,4;,1;
2021/03/29;1900 UTC;0;982;982,2;981,8;1687,5;32,1;20,4;32,4;31;21,6;19,7;57;49;50;97;2,3;0;
2021/03/29;2000 UTC;0;981,9;982;981,8;552,3;30,4;21,6;32,2;30,4;24;20,3;68;50;59;10;0;0;
2021/03/29;2100 UTC;0;982,4;982,5;981,9;113,9;27,8;23,6;30,4;27,8;23,6;21,5;78;59;78;241;0;0;
2021/03/29;2200 UTC;0;983,3;983,3;982,4;;26,1;23,4;27,8;26,1;23,7;23,2;85;78;85;58;0;0;
2021/03/29;2300 UTC;0;984;984,2;983,3;;25,7;23,4;26,2;25,6;23,7;23,3;88;85;88;190;0;0;
2021/03/30;0000 UTC;0;986;986;984;;25,2;19,7;26,4;25,2;24,1;19,7;89;70;72;121;11;6,1;
2021/03/30;0100 UTC;8,8;986,7;986,8;986;,8;22,4;20,3;25,2;22,3;20,8;19,6;90;72;88;95;12,5;4,1;
2021/03/30;0200 UTC;0;986,4;986,7;986,4;;21,6;19,8;22,4;21,6;20,3;19,7;90;88;90;88;7,1;1,3;
2021/03/30;0300 UTC;,6;986,1;986,6;986,1;;21,9;20;22;21,6;20,2;19,8;90;89;89;166;2,5;0;
2021/03/30;0400 UTC;,6;985,4;986,1;985,4;;22,3;20,5;22,3;21,8;20,5;20;90;89;89;192;0;0;
2021/03/30;0500 UTC;,2;984,6;985,4;984,5;;22,5;20,7;22,5;22,3;20,8;20,5;90;89;90;17;0;0;
2021/03/30;0600 UTC;0;984,3;984,6;984,3;;22,4;20,7;22,6;22,3;20,9;20,6;90;90;90;27;0;0;
2021/03/30;0700 UTC;0;984,4;984,4;984,2;;22,6;21;22,8;22,3;21,1;20,7;91;90;90;27;0;0;
2021/03/30;0800 UTC;,2;984,5;984,5;984,4;;22,8;21,1;22,8;22,6;21,2;20,9;91;90;90;28;0;0;
2021/03/30;0900 UTC;0;984,6;984,6;984,4;5,6;22,6;21;22,8;22,6;21,2;21;91;90;91;73;0;0;
2021/03/30;1000 UTC;0;985,2;985,2;984,6;345,3;23,5;21,8;23,5;22,6;21,9;21;91;90;90;95;0;0;
2021/03/30;1100 UTC;0;986;986;985,2;1148,5;24,7;21,8;25,4;23,6;22,7;21,6;90;83;84;105;3,1;1,1;
2021/03/30;1200 UTC;0;986,3;986,3;986;1316,5;26,2;22,4;26,3;24,6;22,7;21,5;85;78;79;59;3,6;,6;
2021/03/30;1300 UTC;0;986,2;986,4;986,2;2375,3;27,4;21,4;28,1;26,2;22,9;21,3;79;69;70;89;3,9;1,4;
2021/03/30;1400 UTC;0;985,8;986,2;985,8;2983,3;28,8;21,9;29;27,1;22,8;20,6;74;63;66;76;6;,3;
2021/03/30;1500 UTC;0;984,9;985,8;984,9;3479,8;29,5;21,3;29,7;28,4;22,1;20,6;67;59;61;116;5,6;1;
2021/03/30;1600 UTC;0;983,8;984,9;983,8;3500,9;30,2;21;30,8;29,4;22,7;20,4;65;55;58;142;4,8;0;
2021/03/30;1700 UTC;0;982,6;983,8;982,6;3246,7;31,2;20,6;31,5;30,1;22,1;19,9;61;52;54;83;5;0;
2021/03/30;1800 UTC;0;981,4;982,6;981,4;2571,5;30,9;20,5;31,4;30,6;21,5;20,2;58;52;54;102;2;0;
2021/03/30;1900 UTC;0;981,1;981,4;981,1;1910,3;31,2;19,8;31,4;30,9;21,6;19,8;57;51;51;103;0;0;
2021/03/30;2000 UTC;0;981;981,2;980,9;954,6;30,5;21,4;31,4;30,5;21,4;19,4;58;50;58;115;0;0;
2021/03/30;2100 UTC;0;981,8;981,8;980,9;147,9;27,7;23,7;30,5;27,6;23,7;20,9;79;56;79;146;0;0;
2021/03/30;2200 UTC;0;982,3;982,3;981,8;;26,2;23,5;27,7;26;23,8;23,2;86;79;85;194;0;0;
2021/03/30;2300 UTC;0;983,2;983,2;982,3;;25,4;23,2;26,2;25,4;23,6;23,2;88;85;88;85;0;0;
2021/03/31;0000 UTC;0;984,2;984,2;983,2;;25,1;23;25,6;25;23,4;22,8;88;87;88;139;0;0;
2021/03/31;0100 UTC;0;985;985;984,2;;25,3;21,3;26,1;24,9;23,2;21,3;88;78;78;112;6,3;1,4;
2021/03/31;0200 UTC;0;984,7;985,1;984,7;;24,4;21,1;25,3;24,1;21,3;20,7;83;77;82;53;3,6;0;
2021/03/31;0300 UTC;0;984;984,7;984;;24,3;21,2;24,6;23,9;21,4;20,9;84;81;83;206;0;0;
2021/03/31;0400 UTC;0;983,1;984;983,1;;23,4;21,1;24,3;23,4;21,2;20,8;86;82;86;162;0;0;
2021/03/31;0500 UTC;0;982,7;983,2;982,7;;23,2;21,2;23,5;23,2;21,5;21,1;89;86;88;41;0;0;
2021/03/31;0600 UTC;0;982,5;982,7;982,4;;23,4;21,5;23,4;23,2;21,5;21,2;89;88;89;209;0;0;
2021/03/31;0700 UTC;0;982,5;982,6;982,4;;23,8;21,9;23,9;23,3;22;21,4;89;89;89;181;0;0;
2021/03/31;0800 UTC;0;982,9;982,9;982,5;;23,3;21,5;23,9;23,3;22;21,5;89;89;89;69;0;0;
2021/03/31;0900 UTC;0;983,4;983,4;982,9;5,8;22,7;21;23,3;22,7;21,5;20,9;90;89;90;85;0;0;
2021/03/31;1000 UTC;0;984;984;983,4;315,9;24,4;22,4;24,5;22,7;22,6;21;91;89;89;98;0;0;
2021/03/31;1100 UTC;0;984,4;984,5;984;1344,5;26,3;20,9;26,3;24,4;23,1;20,7;89;72;72;83;0;0;
2021/03/31;1200 UTC;0;984,8;984,8;984,4;2276,6;27,2;20,2;27,4;26,2;21,1;20,1;73;65;66;93;4,2;,1;
2021/03/31;1300 UTC;0;984,7;984,9;984,7;3016,6;28,4;21,1;28,5;27,2;21,1;19,8;66;60;65;99;6,1;,5;
2021/03/31;1400 UTC;0;984,4;984,7;984,4;3445,2;28,9;19,8;29,4;28,3;21,2;19,5;64;57;58;87;7,1;1,3;
2021/03/31;1500 UTC;0;983,5;984,4;983,5;3776,9;29,8;20,9;30,2;28,8;21,5;19,9;62;56;59;102;5,8;2,4;
2021/03/31;1600 UTC;0;982,5;983,5;982,5;3658,1;30,3;19,8;30,8;29,8;22;19,6;61;52;53;92;6;1,5;
2021/03/31;1700 UTC;0;981,3;982,5;981,3;3368,6;31,2;20,5;31,2;30,2;21,3;19,4;58;50;53;72;6;0;
2021/03/31;1800 UTC;0;980,3;981,3;980,3;2563,4;31,1;19,5;31,6;30,4;21,3;19,5;57;50;50;98;6,1;0;
2021/03/31;1900 UTC;0;979,8;980,3;979,8;1877,4;31,1;19,3;31,3;31;21;18,8;55;48;50;76;4,8;0;
2021/03/31;2000 UTC;0;979,8;979,9;979,7;860,1;30,2;20,4;31,1;30,2;21;19,4;56;50;56;75;0;0;
2021/03/31;2100 UTC;0;979,5;979,8;979,4;144,5;27,3;22,7;30,2;27,3;22,9;20,4;76;56;76;158;0;0;
2021/03/31;2200 UTC;0;980,6;980,6;979,5;;25,4;22,9;27,2;25,4;23,2;22,3;86;76;86;167;0;0;
2021/03/31;2300 UTC;0;981,5;981,5;980,5;;25,1;22,8;25,4;24,8;23;22,6;88;86;87;203;0;0;
2021/04/01;0000 UTC;0;982,2;982,2;981,5;;24,9;22,2;25,6;24,9;23,1;22,2;87;83;85;233;0;0;
2021/04/01;0100 UTC;0;983,3;983,3;982,2;;24,6;22,4;25,2;24,5;22,8;22,2;87;85;87;114;0;0;
2021/04/01;0200 UTC;0;983,4;983,6;983,3;;24,3;21,7;24,8;24,3;22,4;21,7;87;84;86;74;0;0;
2021/04/01;0300 UTC;0;983,2;983,5;983,2;;24;21,9;24,4;24;22,2;21,7;88;86;88;56;0;0;
2021/04/01;0400 UTC;0;982,8;983,3;982,8;;24;21,9;24,4;23,8;22,3;21,7;89;88;88;154;0;0;
2021/04/01;0500 UTC;0;982,4;982,8;982,4;;24;22,1;24,2;23,8;22,3;21,8;89;88;89;133;0;0;
2021/04/01;0600 UTC;0;982,3;982,4;982,2;;24,1;21,9;24,3;23,8;22,2;21,8;89;87;88;95;0;0;
2021/04/01;0700 UTC;0;982,1;982,4;982,1;;23,6;20,9;24,1;23,6;22;20,9;88;84;85;117;0;0;
2021/04/01;0800 UTC;0;982,3;982,4;982,1;;22,9;20,7;23,6;22,9;20,9;20,7;87;85;87;105;0;0;
2021/04/01;0900 UTC;0;982,8;982,8;982,3;6,8;22,6;20,6;22,9;22,5;20,7;20,4;89;87;89;56;0;0;
2021/04/01;1000 UTC;0;983,2;983,2;982,8;441,2;24,6;21,5;24,6;22,6;21,8;20,6;89;83;83;112;0;0;
2021/04/01;1100 UTC;0;983,9;983,9;983,2;1230,5;26,1;21,2;26,1;24,6;21,7;20,7;83;74;75;91;0;0;
2021/04/01;1200 UTC;0;984,2;984,2;983,9;2278,4;27,2;20,5;27,3;26,1;21,3;20,2;75;67;67;99;5,2;,3;
2021/04/01;1300 UTC;0;984,3;984,4;984,2;2962,1;28,4;19,7;28,8;27,1;21,2;19,5;69;58;59;102;6;3,2;
2021/04/01;1400 UTC;0;983,8;984,3;983,8;3548,7;29,2;19,9;29,6;28,3;20,8;19;61;54;57;101;7,1;2,9;
2021/04/01;1500 UTC;0;983;983,8;983;3545,1;29,7;19,6;30,1;29,1;21,5;19,3;61;55;55;89;7,2;1,9;
2021/04/01;1600 UTC;0;982,2;983;982,2;3078,5;30,5;19,6;30,6;29,4;21,4;19;60;50;52;94;7,8;3,8;
2021/04/01;1700 UTC;0;981,8;982,2;981,8;3505,1;31;19,9;31,3;30;21,3;18,8;57;49;52;94;7;2,6;
2021/04/01;1800 UTC;0;981,3;981,8;981,3;3009,6;31,1;19,4;31,7;30,4;20,5;18,5;54;47;50;96;6,3;1;
2021/04/01;1900 UTC;0;981;981,3;980,9;1358,3;30,5;19,6;31,4;30,3;20,6;18,7;56;47;52;91;6,1;0;
2021/04/01;2000 UTC;0;981;981,1;981;856,9;29,8;20,3;31;29,8;20,7;19,2;57;50;57;21;0;0;
2021/04/01;2100 UTC;0;981,1;981,1;981;115,5;27,4;21,3;29,8;27,4;21,4;20,1;69;56;69;298;0;0;
2021/04/01;2200 UTC;0;981,8;981,8;981,1;;25,6;22,9;27,4;25,6;23,2;21,4;85;69;85;201;0;0;
2021/04/01;2300 UTC;0;982,4;982,4;981,8;;25,9;22,3;26,8;25,5;23,2;21,6;85;75;80;226;0;0;
2021/04/02;0000 UTC;0;983,2;983,2;982,4;;26;23;26;25,2;23;22,2;86;80;83;203;0;0;
2021/04/02;0100 UTC;0;984,3;984,4;983,2;;25,6;22,6;26,2;25,5;22,9;22;84;78;84;51;3,6;,7;
2021/04/02;0200 UTC;0;984,6;984,6;984,3;;25,5;22,2;25,9;25,3;22,9;22,1;85;81;82;60;3,6;0;
2021/04/02;0300 UTC;0;984,3;984,7;984,3;;25;21,8;25,5;25;22,3;21,8;83;82;82;54;0;0;
2021/04/02;0400 UTC;0;984;984,3;983,9;;24,4;21,9;25;24,3;21,9;21,7;86;82;86;88;0;0;
2021/04/02;0500 UTC;0;984;984,3;984;;23,4;21,3;24,4;23,4;21,9;21,3;88;86;88;32;0;0;
2021/04/02;0600 UTC;0;983,9;984;983,8;;23,1;21,2;23,5;23,1;21,5;21,2;89;88;89;105;0;0;
2021/04/02;0700 UTC;0;983,8;983,9;983,7;;22,6;20,7;23,1;22,6;21,2;20,7;89;89;89;96;0;0;
2021/04/02;0800 UTC;0;984,3;984,3;983,8;;22;20,2;22,6;22;20,7;20,1;89;89;89;127;0;0;
2021/04/02;0900 UTC;0;985;985;984,3;6,9;22,7;20,3;22,7;22;20,3;20,2;89;86;86;124;0;0;
2021/04/02;1000 UTC;0;985,7;985,7;985;426,2;25;20,5;25,1;22,7;20,9;20,2;86;76;76;116;3,2;,8;
2021/04/02;1100 UTC;0;986,2;986,2;985,6;1410;26;20,3;26,2;25;21,1;20,3;77;70;71;89;5;1,4;
2021/04/02;1200 UTC;0;986,8;986,8;986,2;2462,5;27,1;19,8;27,4;26,1;21,2;19,7;73;64;64;109;7;3,7;
2021/04/02;1300 UTC;0;986,7;986,9;986,7;3126,7;28,4;19,9;28,5;27;20,8;19,5;67;60;60;107;6,5;1,7;
2021/04/02;1400 UTC;0;986,1;986,7;986,1;3677,8;29,3;19,5;29,3;28,2;20,4;18,4;62;53;56;115;6,8;3,7;
2021/04/02;1500 UTC;0;985,4;986,1;985,4;3607,9;29,7;19;29,8;29;19,9;18,1;58;50;53;104;6,9;3;
2021/04/02;1600 UTC;0;984,7;985,4;984,7;3623,7;30,5;18,8;30,7;29,6;19,6;17,9;54;48;50;128;6,3;1,6;
2021/04/02;1700 UTC;0;983,9;984,7;983,9;3307,4;30,9;18,5;31,3;30,2;19,7;17,2;52;44;48;103;6,4;0;
2021/04/02;1800 UTC;0;983,2;983,9;983,2;2688,2;31,1;19;31,9;30,7;19,7;17,8;51;44;48;107;5,9;0;
2021/04/02;1900 UTC;0;983,1;983,2;983,1;1646,8;30,7;18,2;31,3;30,1;19,7;17,7;51;45;47;106;0;0;
2021/04/02;2000 UTC;0;983,2;983,2;983,1;966,5;30,3;19;30,7;30,3;19,5;17,6;52;45;51;67;0;0;
2021/04/02;2100 UTC;0;983,6;983,6;983,1;147,6;26,7;21,2;30,3;26,7;21,9;18,7;72;50;72;67;0;0;
2021/04/02;2200 UTC;0;984,1;984,1;983,6;;24,7;21,6;26,9;24,7;22;21,1;83;71;82;345;0;0;
2021/04/02;2300 UTC;0;984,9;984,9;984,1;;24,5;21,8;24,8;24,2;21,9;21,4;86;82;85;249;0;0;
2021/04/03;0000 UTC;0;985,6;985,6;984,9;;25,4;21,3;25,4;24,5;22,1;21,3;85;78;78;208;0;0;
2021/04/03;0100 UTC;0;985,8;985,8;985,5;;24,6;21;25,4;24,6;21,3;20,8;80;78;80;234;0;0;
2021/04/03;0200 UTC;0;985,8;985,9;985,8;;24,2;20,5;24,7;24,2;21,1;20,5;81;79;80;228;0;0;
2021/04/03;0300 UTC;0;986;986,3;985,8;;23,4;20,5;24,4;23,4;20,9;20,5;84;80;84;76;5,6;0;
2021/04/03;0400 UTC;0;985,7;986;985,7;;22,7;20,5;23,4;22,7;20,6;20,4;87;84;87;78;0;0;
2021/04/03;0500 UTC;0;985,3;985,7;985,3;;22,1;20,2;22,7;22,1;20,5;20,1;89;87;89;184;0;0;
2021/04/03;0600 UTC;0;984,9;985,3;984,9;;22,7;21;22,7;22;21;20,1;90;89;90;228;0;0;
2021/04/03;0700 UTC;0;984,8;985;984,7;;22,2;20,5;22,7;22,2;20,9;20,4;90;90;90;285;0;0;
2021/04/03;0800 UTC;0;985;985;984,8;;21,7;20,1;22,4;21,7;20,7;20;91;90;91;134;0;0;
2021/04/03;0900 UTC;0;985,4;985,4;985;7,6;21,3;19,7;21,8;21,1;20,2;19,5;91;91;91;72;0;0;
2021/04/03;1000 UTC;0;985,9;985,9;985,3;474,5;24,5;21,7;24,5;21,3;22,2;19,8;91;84;84;126;0;0;
2021/04/03;1100 UTC;0;986,4;986,4;985,9;1381,1;26,8;20,7;26,8;24,5;22;20,1;84;69;69;163;0;0;
2021/04/03;1200 UTC;0;986,7;986,7;986,3;2282,8;27,6;19,8;27,7;26,4;20,8;19,5;69;62;62;95;4,7;,5;
2021/04/03;1300 UTC;0;986,6;986,7;986,6;2961,2;29,2;21;29,2;27,7;21,1;19,3;64;59;61;108;6,2;,1;
2021/04/03;1400 UTC;0;986,1;986,6;986,1;3408,1;29,8;20;29,9;28,7;20,8;19,3;61;54;56;103;6;,9;
2021/04/03;1500 UTC;0;985;986,1;985;3668,4;30,3;19;31;29,7;20,9;18,8;57;50;51;108;5,5;0;
2021/04/03;1600 UTC;0;984;985;984;3561,8;31,6;19,5;31,6;30,3;20,4;17,7;54;45;49;120;6;0;
2021/04/03;1700 UTC;0;983;984;983;3101,5;32,1;18;32,2;31,2;19,8;17,5;51;42;43;152;4,8;0;
2021/04/03;1800 UTC;0;982,2;983;982,2;2543,6;32,3;18,7;32,7;31,6;19,3;16,7;48;39;44;132;0;0;
2021/04/03;1900 UTC;0;982,1;982,2;982;1827,5;32,1;17,8;33,1;32;19;16,4;46;38;43;77;0;0;
2021/04/03;2000 UTC;0;982,4;982,4;982,1;826,8;32,2;18,7;32,2;31,2;21,6;16,5;54;40;45;82;0;0;
2021/04/03;2100 UTC;0;982,8;982,9;982,3;164,6;27,7;23,2;33;27,7;23,2;17,9;76;41;76;127;0;0;
2021/04/03;2200 UTC;0;983,5;983,5;982,8;;26,7;22,8;27,7;26,4;23,2;21,6;81;71;79;147;0;0;
2021/04/03;2300 UTC;0;985,1;985,1;983,5;;27,1;21,2;27,2;26;22,8;21,1;81;69;70;87;7,1;3,8;
2021/04/04;0000 UTC;0;986;986,1;985,1;;26;20,8;27,1;26;21,8;20,8;76;70;73;93;6,9;1,3;
2021/04/04;0100 UTC;0;985,9;986;985,9;;25,3;20,7;26;25,2;21,2;20,7;78;73;76;131;2,3;0;
2021/04/04;0200 UTC;0;985,9;986;985,9;;24,9;20,9;25,5;24,9;20,9;20,6;79;74;79;95;3,7;1,8;
2021/04/04;0300 UTC;0;985,7;985,9;985,7;;24,4;21,4;24,9;24,4;21,4;20,9;83;79;83;11;3,4;0;
2021/04/04;0400 UTC;0;985;985,7;985;;24,9;21,1;24,9;24,4;21,6;21,1;84;80;80;107;2,7;1,1;
2021/04/04;0500 UTC;0;984,6;985;984,6;;24,6;20,5;25,4;24,6;21,1;20,4;80;74;78;117;5,2;0;
2021/04/04;0600 UTC;0;984,1;984,6;984;;23,4;20,7;24,6;23,4;20,7;20,5;84;78;84;84;0;0;
2021/04/04;0700 UTC;0;984,3;984,3;984,1;;22,5;20,4;23,4;22,4;20,7;20,3;88;84;88;124;0;0;
2021/04/04;0800 UTC;0;984,3;984,3;984,2;;22,4;20,4;22,6;22,4;20,7;20,3;89;88;89;126;0;0;
2021/04/04;0900 UTC;0;984,9;984,9;984,3;8,8;22,1;20,4;22,4;22;20,6;20,2;90;89;90;226;0;0;
2021/04/04;1000 UTC;0;985,3;985,4;984,9;432,6;26,5;21,8;26,5;22;22,8;20,2;90;76;76;96;0;0;
2021/04/04;1100 UTC;0;986;986;985,3;1353,2;27,1;21,3;27,1;25,7;21,6;20,6;75;70;71;94;0;0;
2021/04/04;1200 UTC;0;986,6;986,6;986;1835;27,6;20,8;28,4;27;21,7;20;71;63;66;125;5,2;3,1;
2021/04/04;1300 UTC;0;986,3;986,6;986,3;2215;28,4;20,8;28,8;27,6;21,5;20,1;67;61;64;121;6,1;2,7;
2021/04/04;1400 UTC;0;985,6;986,3;985,6;2996;29,3;20,5;29,4;28,4;21,8;19,7;67;57;59;129;5,5;1,3;
2021/04/04;1500 UTC;0;984,8;985,6;984,8;3747,5;30,6;20,8;30,6;29,3;21,5;19,3;61;53;56;88;7,2;2;
2021/04/04;1600 UTC;0;983,5;984,8;983,5;2446,5;29,5;20,5;30,9;29,3;21,1;19,6;60;52;59;96;5,4;0;
2021/04/04;1700 UTC;0;982,4;983,5;982,4;2667;31,2;20,1;31,5;29,5;21,2;19,7;59;51;52;63;0;0;
2021/04/04;1800 UTC;0;981,7;982,4;981,7;2452,7;30,8;20,3;32,1;30,6;21,1;19,4;55;48;53;120;0;0;
2021/04/04;1900 UTC;0;981,5;981,8;981,5;1730,2;31,4;21;31,4;30,7;21,1;19,5;56;50;54;102;0;0;
2021/04/04;2000 UTC;0;981,6;981,6;981,3;1021,1;30,8;20,7;31,4;30,8;20,8;19,2;55;49;55;150;0;0;
2021/04/04;2100 UTC;6,8;982,5;982,7;981,6;90,7;25,1;22,6;30,8;24,4;22,6;20,4;87;55;86;207;7,5;0;
2021/04/04;2200 UTC;0;982,8;982,9;982,5;;24,6;22;25,2;24,6;22,7;22;87;85;85;226;6;2,6;
2021/04/04;2300 UTC;0;983,6;983,6;982,8;;24,6;22;24,9;24,4;22,2;21,9;86;85;86;9;4,1;,4;
2021/04/05;0000 UTC;0;984,3;984,4;983,6;;24,4;22,4;24,6;24,3;22,4;22;89;86;89;111;1,9;0;
2021/04/05;0100 UTC;0;984,7;984,7;984,3;;24,3;22,5;24,4;24,3;22,6;22,4;90;89;90;48;0;0;
2021/04/05;0200 UTC;,2;984,7;985,1;984,6;;24,5;22,7;24,6;24,2;22,9;22,4;91;90;90;40;0;0;
2021/04/05;0300 UTC;0;984,6;984,8;984,6;;24,5;22,8;24,6;24,4;22,9;22,7;90;90;90;88;4,1;,2;
2021/04/05;0400 UTC;2;983,9;984,6;983,9;;23,9;22,2;24,5;23,9;22,7;22,2;91;90;90;99;4,1;0;
2021/04/05;0500 UTC;0;983,7;984;983,6;;23,7;22;24;23,7;22,3;22;90;90;90;47;0;0;
2021/04/05;0600 UTC;0;983,7;983,8;983,6;;23,6;22;23,8;23,6;22,2;21,9;91;90;91;81;0;0;
2021/04/05;0700 UTC;0;983,9;983,9;983,6;;23,7;22,1;23,8;23,6;22,2;22;91;91;91;110;4,4;2;
2021/04/05;0800 UTC;0;984;984;983,7;;23,4;21,8;23,7;23,4;22,1;21,8;91;90;90;101;3,7;1,6;
2021/04/05;0900 UTC;0;984,8;984,8;983,9;10,7;23,2;21,5;23,5;23,1;21,8;21,5;90;90;90;111;3;0;
2021/04/05;1000 UTC;0;985,6;985,6;984,8;447,5;24,9;22,5;24,9;23,2;22,6;21,5;90;87;87;105;0;0;
2021/04/05;1100 UTC;0;986,1;986,1;985,6;1390;26,5;21,7;26,5;24,9;22,5;21,1;87;75;75;106;5,7;2,7;
2021/04/05;1200 UTC;,2;986,6;986,6;986,1;2007,2;27;20,7;27,1;26,2;21,6;20;75;67;68;107;7,7;4,2;
2021/04/05;1300 UTC;0;986,7;986,7;986,5;2383,1;27,7;20,2;27,8;26,5;21,4;19,2;71;61;64;124;8,2;2,2;
2021/04/05;1400 UTC;0;986,2;986,8;986,2;2909,8;28,3;20,3;28,7;27,5;21,2;18,9;65;57;62;97;7,8;4;
2021/04/05;1500 UTC;0;985,3;986,2;985,3;2885;28,9;19,5;29,4;28,1;21;18,3;63;53;57;109;7,8;3,8;
2021/04/05;1600 UTC;0;984,4;985,3;984,4;3331,1;29,2;19,6;30,8;28,9;20,5;18,5;58;50;56;127;8,4;3,1;
2021/04/05;1700 UTC;0;983,6;984,4;983,6;2515,9;29,1;19,5;30,9;29;21,3;19;59;51;56;117;6,2;0;
2021/04/05;1800 UTC;,2;983,2;983,7;983,2;659;25,8;22,4;29,1;24,8;22,4;19,3;82;56;81;203;9,4;2,5;
2021/04/05;1900 UTC;0;983;983,2;982,9;1736;28,6;20,8;28,9;25,9;22,6;20,6;81;62;63;202;4,5;0;
2021/04/05;2000 UTC;0;983,3;983,3;982,9;736,4;28,6;21,8;29,8;28,5;22,2;20,6;68;59;67;308;0;0;
2021/04/05;2100 UTC;0;983,7;983,7;983,2;82,5;26,1;22,5;28,6;26,1;22,6;21,7;80;67;80;286;0;0;
2021/04/05;2200 UTC;0;984,1;984,1;983,7;;25,6;22,6;26,1;25,3;22,7;22,3;84;80;83;202;0;0;
2021/04/05;2300 UTC;0;985,1;985,1;984,1;;24,6;21,9;25,6;24,6;22,6;21,9;85;82;85;104;0;0;
2021/04/06;0000 UTC;0;985,4;985,4;985,1;;23,9;21,8;24,6;23,9;21,9;21,8;88;85;88;180;0;0;
2021/04/06;0100 UTC;0;985,3;985,5;985,3;;23,6;21,4;24,3;23,6;22,3;21,4;89;88;88;112;1,3;0;
2021/04/06;0200 UTC;0;985,4;985,5;985,3;;24,3;19,8;24,4;23,6;21,8;19,8;88;76;76;108;1,3;0;
2021/04/06;0300 UTC;0;984,9;985,4;984,9;;24,8;19,1;24,8;24,1;19,8;19,1;76;71;71;120;3,9;2,5;
2021/04/06;0400 UTC;0;984,3;984,9;984,3;;23,3;19,6;24,8;23,3;19,7;19;80;70;80;83;3,9;0;
2021/04/06;0500 UTC;0;984;984,4;983,9;;22,8;19,6;23,3;22,8;19,7;19,6;82;80;82;96;0;0;
2021/04/06;0600 UTC;,2;983,8;984;983,8;;23,1;19,4;23,6;22,8;19,8;19,3;82;78;80;120;1,9;0;
2021/04/06;0700 UTC;0;984;984;983,7;;22,7;19,4;23,3;22,6;19,6;19,3;82;79;82;112;0;0;
2021/04/06;0800 UTC;0;984,4;984,4;984;;22,1;19;22,8;22,1;19,4;19;83;81;83;113;4,2;1,6;
2021/04/06;0900 UTC;0;984,9;985;984,4;9,2;20,6;18,5;22,1;20,6;19,1;18,4;88;83;88;85;2,9;0;
2021/04/06;1000 UTC;0;985,8;985,8;985;528,8;23,9;20,4;23,9;20,5;20,7;18,4;89;81;81;46;0;0;
2021/04/06;1100 UTC;0;986,4;986,4;985,8;1484,4;25,5;19,2;25,7;23,9;20,6;19,2;81;68;68;140;2,8;,3;
2021/04/06;1200 UTC;0;987;987;986,4;2361,9;26,7;18;26,7;25,5;19,4;17,2;69;57;59;116;5,1;,2;
2021/04/06;1300 UTC;0;986,7;987;986,7;3119,6;27,8;17,4;28,1;26,7;18,6;16,8;61;51;53;107;5,5;1,6;
2021/04/06;1400 UTC;0;986;986,7;986;3344;29;18,7;29;27,7;19,1;17;57;51;54;155;6,3;2,3;
2021/04/06;1500 UTC;0;985,2;986;985,2;3507,5;30;17,6;30,2;28,7;19,1;17;55;46;47;151;5,6;0;
2021/04/06;1600 UTC;0;984,3;985,2;984,3;3138,4;30,2;18,6;30,7;29,2;19,9;17,1;55;47;50;143;0;0;
2021/04/06;1700 UTC;0;983,4;984,3;983,4;2583,2;29,9;17,9;30,4;29,5;19;17,2;52;46;49;139;4,7;0;
2021/04/06;1800 UTC;0;982,8;983,4;982,8;2110,8;30,4;17,9;31,4;29,8;19,4;16,8;51;43;47;217;1,9;0;
2021/04/06;1900 UTC;0;982,8;982,9;982,7;1436;30,6;17,8;31,4;30,2;19,2;17,5;50;44;46;184;1,9;0;
2021/04/06;2000 UTC;0;983,2;983,2;982,8;943,4;29,9;20;31,5;29,9;20,3;17,3;56;44;56;136;0;0;
2021/04/06;2100 UTC;0;983,2;983,2;983,1;106,2;26;21,7;29,9;26;23,3;19,8;77;55;77;162;0;0;
2021/04/06;2200 UTC;0;983,8;983,8;983,2;;24,9;21,5;26;24,2;22;21,2;85;77;81;219;0;0;
2021/04/06;2300 UTC;0;984,1;984,1;983,8;;25,1;20,8;25,7;24,7;22,1;20,8;81;77;77;206;0;0;
2021/04/07;0000 UTC;0;984,3;984,4;984,1;;24,4;21,2;25,1;24,3;21,2;20,6;82;77;82;232;0;0;
2021/04/07;0100 UTC;0;984,6;984,6;984,3;;22,8;20,1;24,4;22,8;21,1;20,1;85;80;85;300;3,1;0;
2021/04/07;0200 UTC;0;984,5;984,7;984,5;;22;19,6;22,8;22;20,1;19,6;87;85;87;227;0;0;
2021/04/07;0300 UTC;0;984,5;984,8;984,5;;21,6;19,8;22,3;21,3;20,1;19,5;90;87;90;164;0;0;
2021/04/07;0400 UTC;0;984,2;984,7;984,2;;21,6;19,9;21,6;21,1;19,9;19,4;90;89;90;241;0;0;
2021/04/07;0500 UTC;0;984,3;984,3;984,1;;21,5;19,2;22,9;21,5;20,5;18,9;90;83;86;74;0;0;
2021/04/07;0600 UTC;0;984,1;984,3;984,1;;20,6;18,7;21,5;20,5;19,2;18,6;89;86;89;170;0;0;
2021/04/07;0700 UTC;0;984,4;984,5;984,1;;20,4;18,6;20,7;20,2;19;18,4;90;89;90;331;0;0;
2021/04/07;0800 UTC;0;985;985;984,4;;20,6;18,7;20,6;20,1;18,7;18,4;90;89;89;163;0;0;
2021/04/07;0900 UTC;0;985,6;985,6;984,9;8,4;20,1;17,8;21,2;20,1;19;17,7;89;85;87;337;0;0;
2021/04/07;1000 UTC;0;986,2;986,2;985,6;465,7;24,1;18,6;24,1;20,1;20;17,8;88;72;72;133;0;0;
2021/04/07;1100 UTC;0;986,6;986,7;986,2;1402,5;25,5;18,3;25,6;24,1;19,2;18,3;72;64;64;115;0;0;
2021/04/07;1200 UTC;0;987,1;987,1;986,6;2278,6;27,5;18,7;27,5;25,5;19,2;17,8;66;58;59;143;0;0;
2021/04/07;1300 UTC;0;986,8;987,2;986,8;2969,2;28,4;18,9;28,4;27,3;19,3;17,3;61;54;56;91;6,5;0;
2021/04/07;1400 UTC;0;986;986,8;986;3414,6;29,5;19,4;29,6;28,1;19,7;17,3;58;51;55;98;6;,2;
2021/04/07;1500 UTC;0;985;986;985;3607,1;31,1;18,6;31,1;29,3;19,8;17,2;54;46;47;95;5,5;,2;
2021/04/07;1600 UTC;0;983,9;985;983,9;3540,2;31,7;15,5;32,1;30,6;18,7;15,4;49;36;38;110;4,6;0;
2021/04/07;1700 UTC;0;983;983,9;983;3218,6;32;16,3;32,7;31,4;18,3;15;45;35;39;96;4,7;0;
2021/04/07;1800 UTC;0;982,2;983;982,2;2609,7;33;16;33,1;32;18,1;14,9;42;35;36;142;4,7;0;
2021/04/07;1900 UTC;0;982,2;982,2;982,1;1838,6;32,1;16,3;33,2;32,1;18;14,8;43;34;39;40;0;0;
2021/04/07;2000 UTC;0;982,4;982,4;982,1;890;31,9;18,4;32,3;31,8;19,5;16,6;48;39;45;26;0;0;
2021/04/07;2100 UTC;0;982,9;982,9;982,4;118,6;26,8;21,4;31,8;26,8;23,2;18,1;73;44;72;4;0;0;
2021/04/07;2200 UTC;0;983,5;983,5;982,9;;25,3;22,2;26,9;25,3;22,4;21,1;83;71;83;225;0;0;
2021/04/07;2300 UTC;0;984,3;984,3;983,5;;25,3;21,9;25,6;25;22,6;21,9;84;81;81;212;0;0;
2021/04/08;0000 UTC;0;984,9;984,9;984,3;;25,9;20,3;26,3;25,3;21,9;20,3;81;71;72;201;0;0;
2021/04/08;0100 UTC;0;985,2;985,2;984,9;;25,7;20,5;25,9;25,4;21,2;20,5;77;72;73;206;0;0;
2021/04/08;0200 UTC;0;985,7;985,8;985,2;;24,7;20,8;25,7;24,6;21,2;20,5;81;73;79;119;0;0;
2021/04/08;0300 UTC;0;985,1;985,7;985,1;;23,9;20,3;24,7;23,9;20,9;20,3;83;79;81;97;0;0;
2021/04/08;0400 UTC;0;984,7;985,1;984,7;;23,8;20,2;24,4;23,8;20,5;20,1;81;78;80;81;0;0;
2021/04/08;0500 UTC;0;984,7;984,8;984,7;;24,7;20;24,8;23,6;20,4;20;82;75;75;102;0;0;
2021/04/08;0600 UTC;0;984,8;984,8;984,6;;24,3;19,7;24,7;24;20;19,7;77;75;75;100;0;0;
2021/04/08;0700 UTC;0;984,9;984,9;984,7;;23,6;19,5;24,3;23,6;19,7;19,4;78;75;78;117;0;0;
2021/04/08;0800 UTC;0;985,2;985,3;984,9;;24,4;19;24,4;23,2;19,7;19;80;72;72;134;0;0;
2021/04/08;0900 UTC;0;985,7;985,7;985,2;10,7;23,4;18,8;24,4;23,1;18,9;18,7;77;71;76;77;0;0;
2021/04/08;1000 UTC;0;986,4;986,4;985,7;450;24,9;19,7;24,9;22,9;20;18,8;79;73;73;116;0;0;
2021/04/08;1100 UTC;0;987;987;986,3;1361,5;26,6;19;26,9;24,8;20,1;18,9;73;62;63;127;0;0;
2021/04/08;1200 UTC;0;987,4;987,4;986,9;2237,8;27,6;19;27,9;26,6;20;18,5;65;58;60;115;6,4;0;
2021/04/08;1300 UTC;0;987;987,4;987;2968,2;28,5;18,7;28,9;27,6;19,9;18,6;61;55;55;107;8,3;4,4;
2021/04/08;1400 UTC;0;986,1;987;986,1;3409,1;29,6;19,4;29,7;28,5;19,9;18,5;58;52;54;111;8,7;4,1;
2021/04/08;1500 UTC;0;985,4;986,1;985,4;3057,7;31;19,4;31;29,5;20,7;18,2;57;47;50;120;7,4;1;
2021/04/08;1600 UTC;0;984,5;985,4;984,5;2726,9;30,9;18,7;32,3;30,5;20,2;18,2;54;45;48;108;6,7;3,6;
2021/04/08;1700 UTC;0;983,8;984,5;983,7;2118,7;31,6;18;31,9;30,4;20,5;17,7;52;44;45;116;7;2,2;
2021/04/08;1800 UTC;0;983,2;983,8;983,2;2474,9;32,3;17,4;32,5;30,7;19;17,3;48;41;41;143;7,8;1,2;
2021/04/08;1900 UTC;0;983;983,2;982,9;1821,2;32,5;18,1;32,7;32,2;18,5;16,7;44;39;42;94;6,1;0;
2021/04/08;2000 UTC;0;983,1;983,1;982,9;870,7;31,7;18,7;32,5;31,7;19,4;16,7;47;39;46;92;0;0;
2021/04/08;2100 UTC;0;983,3;983,3;983,1;116,2;27,6;22;31,7;27,6;23;19;74;46;72;148;0;0;
2021/04/08;2200 UTC;0;983,8;983,8;983,3;;25,7;21,7;27,6;25,7;22,7;21,1;78;71;78;113;0;0;
2021/04/08;2300 UTC;0;984,5;984,5;983,8;;24,7;21,4;26,1;24,5;21,8;21;82;74;82;202;0;0;
2021/04/09;0000 UTC;0;985,4;985,4;984,5;;24;21,2;24,7;23,9;21,5;21;84;82;84;123;0;0;
2021/04/09;0100 UTC;0;985,7;985,8;985,4;;25,1;19,1;25,2;23,9;21;19,1;84;70;70;109;0;0;
2021/04/09;0200 UTC;0;986,1;986,2;985,7;;24,8;18,8;26,3;24,6;19,1;17,3;71;58;69;75;3,5;0;
2021/04/09;0300 UTC;0;986,2;986,3;986,1;;24;17,9;24,8;23,9;18,7;17,9;71;68;69;102;0;0;
2021/04/09;0400 UTC;0;985,5;986,2;985,5;;24,5;17;25;23,9;17,9;17;69;62;63;115;4,2;,1;
2021/04/09;0500 UTC;0;985,2;985,5;985,2;;21,5;18,1;24,6;21,5;18,1;17;81;63;81;144;2,6;0;
2021/04/09;0600 UTC;0;985;985,2;985;;21,1;18,5;21,5;21;18,6;18;86;81;85;300;0;0;
2021/04/09;0700 UTC;0;984,9;985;984,9;;20,3;18;21,1;20,3;18,5;18;87;85;87;154;0;0;
2021/04/09;0800 UTC;0;985,2;985,2;984,9;;19,7;17,8;20,3;19,7;18,1;17,8;89;87;89;162;0;0;
2021/04/09;0900 UTC;0;986;986;985,2;8,4;21;18,5;21;19,6;18,8;17,7;90;86;86;110;0;0;
2021/04/09;1000 UTC;0;986,8;986,8;986;460,4;24,9;19,8;24,9;21;19,8;18,5;86;73;73;121;0;0;
2021/04/09;1100 UTC;0;987,3;987,3;986,7;1375,2;26,2;18,5;26,4;24,9;19,8;17,9;73;61;62;144;2,7;0;
2021/04/09;1200 UTC;0;987,5;987,6;987,3;2197,8;27,4;18,1;27,5;26,1;19,1;17,8;63;57;57;164;7,4;0;
2021/04/09;1300 UTC;0;987,3;987,6;987,3;2786,6;28,1;18,4;28,8;26,8;19,1;17,6;59;53;56;148;8,5;3,3;
2021/04/09;1400 UTC;0;986,7;987,3;986,7;3474,6;29,8;18,6;29,9;28,1;19,4;17,9;56;50;51;117;9,6;2,1;
2021/04/09;1500 UTC;0;985,9;986,7;985,9;2948,5;30;18,4;30,5;29,4;19,3;17,5;52;47;50;139;8,5;,4;
2021/04/09;1600 UTC;0;984,6;985,9;984,6;2688,3;31,4;17,9;31,5;29,8;19,1;17,1;52;43;45;87;6,7;1;
2021/04/09;1700 UTC;0;983,9;984,6;983,8;3246,1;31,6;17,8;32;31,2;18,9;16,6;47;41;44;74;8,9;,9;
2021/04/09;1800 UTC;0;983,2;983,9;983,2;2596;32,1;17,7;32,4;31,5;19;17,4;46;41;43;101;6,6;1,8;
2021/04/09;1900 UTC;0;982,8;983,2;982,8;1809,9;32,3;17;32,6;32,1;18,4;16,3;44;38;40;75;5,9;0;
2021/04/09;2000 UTC;0;982,9;982,9;982,7;887,3;31,9;17,3;32,6;31,9;18,6;16,1;44;37;42;78;1,5;0;
2021/04/09;2100 UTC;0;983;983,1;982,9;91,4;26,9;21,5;32,1;26,9;21,9;17,4;73;42;72;164;0;0;
2021/04/09;2200 UTC;0;983,7;983,7;983;;27,5;20,2;27,9;25,7;22;20,1;76;63;64;205;3,3;0;
2021/04/09;2300 UTC;0;984,5;984,5;983,6;;27,3;20,5;27,5;25,7;21,3;20,1;75;64;67;199;0;0;
2021/04/10;0000 UTC;0;985,4;985,4;984,5;;27;20,4;27,3;26,7;20,6;20,3;68;66;67;207;0;0;
2021/04/10;0100 UTC;0;985,8;985,8;985,4;;24,6;20,4;27,3;24,6;20,5;19,4;77;62;77;119;0;0;
2021/04/10;0200 UTC;0;985,6;985,8;985,6;;24,2;19,9;24,6;23,5;20,6;19,9;80;77;77;117;0;0;
2021/04/10;0300 UTC;0;984,9;985,6;984,9;;27,2;16,5;27,8;24,2;19,9;16,5;77;51;52;132;7,8;4,2;
2021/04/10;0400 UTC;0;984,6;984,9;984,6;;25,8;16,7;27,2;25,6;16,8;16,4;58;52;57;125;6,6;2,3;
2021/04/10;0500 UTC;0;984,1;984,7;984,1;;23,5;17,8;26;23,4;17,8;16,8;70;57;70;85;5,1;0;
2021/04/10;0600 UTC;0;983,9;984,1;983,8;;22,2;17,7;23,7;22,2;18,2;17,6;75;70;75;157;2,1;0;
2021/04/10;0700 UTC;0;983,6;984;983,6;;21,3;18,4;22,2;21,3;18,6;17,7;84;76;84;89;0;0;
2021/04/10;0800 UTC;0;983,5;983,7;983,5;;21;18,7;21,4;20,9;18,9;18,4;87;84;87;243;0;0;
2021/04/10;0900 UTC;0;984,3;984,3;983,5;7,2;21;18,9;21,6;20,9;19,4;18,6;88;87;88;194;0;0;
2021/04/10;1000 UTC;0;985,1;985,1;984,3;446,5;24,4;19,2;24,4;21;20,2;18,9;88;73;73;356;0;0;
2021/04/10;1100 UTC;0;985,2;985,3;985,1;1336,2;26,9;18,2;27,5;24,4;19,4;17,8;73;57;59;211;0;0;
2021/04/10;1200 UTC;0;985,5;985,5;985,2;2211,6;28,3;19,3;28,3;26,6;19,5;17,8;62;55;58;145;3,9;0;
2021/04/10;1300 UTC;0;985,3;985,5;985,3;2900,8;29,1;18,2;29,4;28;19,1;17,5;59;51;52;128;6;,7;
2021/04/10;1400 UTC;0;984,7;985,3;984,7;3330,8;30,3;19;30,3;28,9;19,2;18;54;49;51;159;7;,7;
2021/04/10;1500 UTC;0;984;984,7;984;3361,9;30,3;18,5;31,5;30,2;20,2;18,1;54;47;49;164;8;1,3;
2021/04/10;1600 UTC;0;982,8;984;982,8;3384,9;32,4;18,9;32,7;30,2;20;17,7;51;42;45;207;7,8;0;
2021/04/10;1700 UTC;0;981,7;982,8;981,7;2153,4;32,3;17,8;33,9;31,4;19,5;17,1;48;38;42;134;1;0;
2021/04/10;1800 UTC;1,8;981,2;981,7;981,2;705,8;25,9;21,3;32,6;25,7;24,4;17,6;76;41;76;232;8,6;2,3;
2021/04/10;1900 UTC;0;981;981,2;981;1278;30,1;22,4;30,4;25,9;23,8;21,3;79;60;63;253;5,2;0;
2021/04/10;2000 UTC;0;982,1;982,2;980,8;650,4;24,5;20,6;31,4;24,5;23,2;19,5;79;55;79;94;14,1;7,5;
2021/04/10;2100 UTC;13,8;983,1;983,1;982,1;36,7;23;21,6;24,5;22,4;21,6;20,6;92;79;92;117;14,1;0;
2021/04/10;2200 UTC;,8;983,6;983,7;983,1;;23,4;21,8;23,4;23;21,8;21,4;92;91;91;90;3,2;0;
2021/04/10;2300 UTC;0;984,5;984,5;983,6;;23,8;22;23,8;23,4;22;21,8;91;90;90;99;3,1;0;
2021/04/11;0000 UTC;0;985,3;985,3;984,5;2;23,9;20,7;24;23,7;22;20,7;90;82;82;122;2,6;,2;
2021/04/11;0100 UTC;0;985,4;985,4;985,1;,3;23,5;21,1;23,9;23,5;21,1;20,6;86;82;86;323;2,6;0;
2021/04/11;0200 UTC;0;985;985,5;985;;23,6;21,6;23,9;23,4;21,8;21,1;88;86;88;347;0;0;
2021/04/11;0300 UTC;0;984,7;985,1;984,7;;23,6;21,6;23,8;23,5;21,8;21,5;89;88;89;115;0;0;
2021/04/11;0400 UTC;0;984,1;984,8;984,1;;23,4;21,4;23,6;23,4;21,8;21,4;89;88;88;129;0;0;
2021/04/11;0500 UTC;0;983,5;984,1;983,4;;23,4;21,5;23,4;23,2;21,5;21,2;89;88;89;349;0;0;
2021/04/11;0600 UTC;0;983,2;983,5;983;;22,6;20,9;23,4;22,6;21,5;20,8;90;89;90;23;0;0;
2021/04/11;0700 UTC;0;983,3;983,4;983,2;;22,1;20,4;22,7;22,1;20,9;20,4;90;90;90;34;0;0;
2021/04/11;0800 UTC;0;983,6;983,6;983,3;;21,8;20,2;22,2;21,8;20,5;20,1;91;90;91;5;0;0;
2021/04/11;0900 UTC;0;984,2;984,2;983,6;7,8;21,7;20,2;21,9;21,6;20,4;20;91;91;91;231;0;0;
2021/04/11;1000 UTC;0;985,1;985,1;984,2;434,4;24,4;21,8;25;21,7;23;20,2;92;86;86;107;0;0;
2021/04/11;1100 UTC;,2;985,6;985,7;985,1;1238,3;26,3;20,9;26,6;24;22,5;20,9;86;72;72;120;0;0;
2021/04/11;1200 UTC;0;986,2;986,2;985,6;1512,1;27;20,8;27;25,9;22;20,3;76;68;69;95;3,8;,6;
2021/04/11;1300 UTC;0;986,4;986,4;986,2;2719,7;28;20,7;28,3;26,6;20,9;19,5;69;61;64;126;5,2;0;
2021/04/11;1400 UTC;0;985,9;986,4;985,8;2976;29,3;20,8;29,3;27,6;20,9;19,5;65;57;60;112;5,2;0;
2021/04/11;1500 UTC;0;984,9;985,9;984,9;3586,2;30,4;20,5;30,7;28,9;21;19,4;61;54;56;150;2,3;0;
2021/04/11;1600 UTC;0;984;984,9;984;3471,3;31,4;20,3;31,5;30;21,6;19,1;59;50;52;73;2,1;0;
2021/04/11;1700 UTC;0;982,5;984;982,5;3230,6;31,8;20;31,8;30,8;21,2;19,1;54;49;50;89;3,7;0;
2021/04/11;1800 UTC;0;982;982,5;982;2564,6;31,3;20,2;32,4;31,3;21,4;18,4;54;44;52;96;0;0;
2021/04/11;1900 UTC;0;981,6;982;981,5;610,3;28,3;20,6;31,4;28,3;21,2;19,4;64;50;63;175;6,9;2,2;
2021/04/11;2000 UTC;0;981,9;982;981,6;428,2;27,8;21,6;28,5;27,8;21,6;20,6;69;62;69;196;6,9;0;
2021/04/11;2100 UTC;0;982,8;982,8;982;50,3;26,8;20,9;27,8;26,8;21,8;20,9;73;69;70;206;0;0;
2021/04/11;2200 UTC;0;984,5;984,5;982,7;;26,7;20,4;26,8;26,3;20,9;20,3;72;68;69;181;5,8;3,2;
2021/04/11;2300 UTC;1;986,3;986,4;984,5;;22,6;20,3;26,6;22,4;21,1;20;87;69;87;129;11;2,9;
2021/04/12;0000 UTC;3;987,1;987,1;986,3;;22,9;20,9;23;22,6;21;20,4;89;87;89;77;5,7;0;
2021/04/12;0100 UTC;5,4;987,7;987,7;987,1;;23;21,2;23,1;22,9;21,2;21;90;89;90;73;1,5;0;
2021/04/12;0200 UTC;3,6;987,3;987,7;987,3;;22,9;20,8;23;22,9;21,2;20,8;90;88;88;177;3,5;0;
2021/04/12;0300 UTC;,6;986,9;987,3;986,9;;22,9;21,1;23,1;22,9;21,2;20,8;89;88;89;337;0;0;
2021/04/12;0400 UTC;0;986,4;986,9;986,3;;22,8;21,1;23;22,7;21,2;21;90;89;90;286;0;0;
2021/04/12;0500 UTC;,2;985,9;986,4;985,9;;22,9;21,3;22,9;22,7;21,3;21,1;91;90;90;298;0;0;
2021/04/12;0600 UTC;0;985,7;986;985,7;;23;21,4;23;22,9;21,4;21,2;91;90;91;291;0;0;
2021/04/12;0700 UTC;0;985,5;985,7;985,5;;22,9;21,3;23;22,9;21,4;21,3;91;91;91;313;0;0;
2021/04/12;0800 UTC;0;985,5;985,6;985,4;;22,9;21,4;23;22,9;21,4;21,3;91;91;91;281;0;0;
2021/04/12;0900 UTC;0;985,6;985,6;985,4;3,3;22,9;21,4;23;22,9;21,4;21,4;91;91;91;287;0;0;
2021/04/12;1000 UTC;0;986,3;986,3;985,5;186,8;23,5;22;23,5;22,9;22;21,4;91;91;91;292;0;0;
2021/04/12;1100 UTC;0;986,9;987;986,2;743,6;25;23;25;23,3;23,1;21,7;91;88;88;120;0;0;
2021/04/12;1200 UTC;0;987,3;987,4;986,9;1424,6;26,6;22,1;26,8;25,1;23,3;21,5;89;76;76;153;0;0;
2021/04/12;1300 UTC;0;987,4;987,4;987,3;2742,9;28,2;22,3;28,4;26,4;22,8;21,1;76;67;70;170;2,8;,8;
2021/04/12;1400 UTC;0;986,7;987,4;986,7;3070,6;29,7;21;29,8;27,9;22,5;20,2;71;59;60;96;5,2;,9;
2021/04/12;1500 UTC;0;985,5;986,7;985,5;3476,7;30,9;20,7;30,9;29;21,8;19,9;63;54;54;96;4,8;0;
2021/04/12;1600 UTC;0;984,6;985,5;984,6;3016,9;30,5;20,2;31,4;29,9;21,6;19,8;59;52;54;109;4,7;0;
2021/04/12;1700 UTC;0;983,6;984,6;983,6;2492,5;31,2;19,6;31,8;29,8;21,4;19,2;57;49;50;98;4,1;0;
2021/04/12;1800 UTC;0;983;983,6;983;2608,9;31,6;20,1;32,5;31,2;21,1;18,7;54;46;51;59;0;0;
2021/04/12;1900 UTC;0;982,7;983;982,7;1775,9;32,4;20,5;32,7;31,1;21,5;19,3;55;48;50;130;0;0;
2021/04/12;2000 UTC;0;983,1;983,1;982,7;759,9;30,6;21,4;32,4;30,6;21,6;19,1;59;47;58;100;0;0;
2021/04/12;2100 UTC;0;983,6;983,6;983;100,7;28,3;21,8;31,1;28,3;23,2;21,3;68;57;68;202;0;0;
2021/04/12;2200 UTC;0;984,3;984,3;983,6;;27,5;21,2;28,3;27,5;22,4;21,1;73;68;69;182;0;0;
2021/04/12;2300 UTC;0;985,2;985,2;984,3;;26,5;21,6;27,5;26,5;21,9;21,2;75;69;74;226;0;0;
2021/04/13;0000 UTC;0;986,3;986,3;985,2;;26;21,2;26,6;25,6;21,6;21,1;76;74;75;145;0;0;
2021/04/13;0100 UTC;0;987,1;987,1;986,3;;25,4;21,5;26;25,4;21,9;21,2;80;75;79;76;4,5;0;
2021/04/13;0200 UTC;0;987,4;987,5;987,1;;24,4;21,4;25,4;24,4;21,6;21,3;83;79;83;82;0;0;
2021/04/13;0300 UTC;6,6;987,2;987,5;987,2;;23,3;21,5;24,4;23,2;21,6;21,3;90;83;90;55;0;0;
2021/04/13;0400 UTC;28,4;987,2;987,5;987,2;;22,9;21,4;23,4;22,8;21,7;21,2;91;90;91;105;5,7;0;
2021/04/13;0500 UTC;26,2;987,1;987,4;987,1;;22,9;21,5;23;22,5;21,5;21,1;92;91;92;140;8,7;0;
2021/04/13;0600 UTC;2,6;986,8;987,1;986,8;;22,5;21,1;23;22,5;21,7;21,1;93;91;92;80;0;0;
2021/04/13;0700 UTC;1,2;986,5;986,8;986,5;;22,4;20,9;22,5;22,4;21,1;20,9;92;92;92;111;0;0;
2021/04/13;0800 UTC;,2;986,3;986,5;986,2;;22,6;21,1;22,6;22,4;21,2;20,9;92;91;92;206;0;0;
2021/04/13;0900 UTC;0;986,6;986,6;986,2;13,4;22,7;21,3;22,7;22,6;21,3;21,1;92;91;91;248;0;0;
2021/04/13;1000 UTC;0;986,9;986,9;986,5;350,2;23,7;22,2;23,7;22,7;22,2;21,2;92;91;91;287;0;0;
2021/04/13;1100 UTC;0;987,6;987,6;986,9;1299,5;26,2;22,7;26,5;23,5;24,3;22;91;81;81;36;0;0;
2021/04/13;1200 UTC;0;988;988;987,6;2364,8;27,6;22,1;27,6;25,9;22,8;21,7;81;72;72;126;0;0;
2021/04/13;1300 UTC;0;987,9;988;987,9;2806,1;28,1;22;28,8;27,6;22,8;20,7;73;64;69;122;0;0;
2021/04/13;1400 UTC;0;987,2;987,9;987,2;3310,7;29,2;21,2;29,4;28,1;22,3;20,9;70;61;62;103;6,4;0;
2021/04/13;1500 UTC;0;986,2;987,2;986,2;3568,9;30,1;21,2;30,1;29,1;22,4;20,5;66;59;59;116;5,3;,1;
2021/04/13;1600 UTC;0;985,4;986,2;985,4;3697,3;31,3;21,7;31,4;29,8;22,6;20,8;62;57;57;79;5,5;1,5;
2021/04/13;1700 UTC;0;984,8;985,4;984,8;3114,7;31,1;20,8;31,3;30,1;22;20,2;61;54;54;116;5,4;0;
2021/04/13;1800 UTC;0;983,9;984,8;983,9;2522,9;31,1;20;31,5;30,6;21,7;19,7;57;51;52;99;4;0;
2021/04/13;1900 UTC;0;983,5;983,9;983,5;1754,3;30,9;20,8;31,3;30,6;21,3;19,6;57;51;55;81;3,1;0;
2021/04/13;2000 UTC;0;983,5;983,5;983,4;515,8;29,8;23,5;31,2;29,7;23,7;20,2;69;53;69;37;0;0;
2021/04/13;2100 UTC;0;984,1;984,1;983,5;94,2;26,9;23,7;30,5;26,9;24,8;23,1;83;69;83;182;0;0;
2021/04/13;2200 UTC;0;984,9;984,9;984,1;;25,9;23,1;27,2;25,9;23,8;22,8;84;79;84;180;0;0;
2021/04/13;2300 UTC;1,2;986,4;986,5;984,9;;24,7;20,9;26,2;24,7;23,3;20,8;87;74;79;54;8,4;3,2;
2021/04/14;0000 UTC;,4;987,1;987,1;986,3;;23,8;21,3;24,7;23,6;21,3;20,9;86;79;86;150;6,3;1,5;
2021/04/14;0100 UTC;0;987,7;987,7;987;;23,4;21;24,3;23,4;21,5;20,8;86;83;86;28;3,6;0;
2021/04/14;0200 UTC;,8;987,5;987,7;987,3;;23,6;21,3;23,9;23,4;21,4;21,1;87;86;87;142;3,6;,1;
2021/04/14;0300 UTC;0;987,1;987,5;987,1;;23,4;21,2;23,8;23,2;21,3;20,7;87;84;87;101;7,3;0;
2021/04/14;0400 UTC;0;986,5;987,1;986,5;;23,4;21,3;23,6;23,4;21,6;21,2;88;87;88;157;0;0;
2021/04/14;0500 UTC;0;985,9;986,5;985,9;;23,5;21,6;23,6;23,3;21,7;21,3;89;88;89;125;0;0;
2021/04/14;0600 UTC;0;985,5;985,8;985,4;;23,5;21,7;23,6;23,4;21,9;21,5;91;89;90;84;0;0;
2021/04/14;0700 UTC;0;985,5;985,5;985,4;;23,5;21,8;23,5;23,3;21,8;21,6;90;90;90;6;0;0;
2021/04/14;0800 UTC;0;985,5;985,5;985,4;;23,5;21,8;23,6;23,5;21,9;21,8;90;90;90;116;0;0;
2021/04/14;0900 UTC;0;985,8;985,8;985,5;4,9;23,5;21,8;23,5;23,3;21,9;21,7;91;90;91;116;0;0;
2021/04/14;1000 UTC;0;986,2;986,2;985,8;217,1;24,1;22,4;24,1;23,5;22,4;21,8;91;90;90;168;0;0;
2021/04/14;1100 UTC;0;986,7;986,7;986,1;839,2;25,6;22,5;25,7;24,1;23;22,3;90;83;83;359;0;0;
2021/04/14;1200 UTC;0;987;987;986,6;2084,4;27,2;21,9;27,7;25,5;22,7;21,6;83;71;73;81;0;0;
2021/04/14;1300 UTC;0;986,8;987,1;986,8;3192;28,8;22,5;28,8;27,1;22,7;21,4;74;66;69;69;4,5;2,2;
2021/04/14;1400 UTC;0;986,7;986,9;986,7;1905,6;28,3;21,4;29,5;27,8;22,6;21,2;70;63;66;115;4,5;0;
2021/04/14;1500 UTC;0;985,7;986,7;985,7;2275,5;30,2;21,5;30,2;28,3;22,6;21,1;67;60;60;126;4,9;0;
2021/04/14;1600 UTC;0;984,3;985,7;984,3;3564,9;31,2;22,3;31,4;30;22,7;20,8;62;54;59;75;3,8;,2;
2021/04/14;1700 UTC;0;983,2;984,3;983,2;3009;31,8;20,1;32,8;30,8;22,1;20;59;49;50;98;3,1;0;
2021/04/14;1800 UTC;0;982,1;983,2;982,1;2496;31,8;20,2;32,6;31,3;21,7;19,2;55;46;50;55;0;0;
2021/04/14;1900 UTC;0;982;982,1;982;1774,9;32,1;20,5;32,6;31,5;21,7;19,7;53;48;50;67;0;0;
2021/04/14;2000 UTC;0;982,6;982,6;982;672,9;29,9;22,1;32,2;29,3;22,2;19,9;65;48;63;141;4,8;0;
2021/04/14;2100 UTC;0;983,6;983,6;982,6;84;26;21,1;29,9;26;22,3;20,9;74;63;74;96;9,4;3;
2021/04/14;2200 UTC;0;983,8;983,9;983,5;;25,7;21,7;26;25,6;21,7;21,1;79;74;79;99;6,1;0;
2021/04/14;2300 UTC;0;985,6;985,6;983,8;;24,8;20,6;25,8;24,8;21,8;20,5;79;76;77;112;9,1;4,7;
2021/04/15;0000 UTC;0;986,5;986,6;985,5;;24,1;21;25;24,1;21;20,5;83;76;83;84;8,5;3,2;
2021/04/15;0100 UTC;,2;986,8;986,9;986,5;;23,2;21;24,1;23,1;21,3;21;88;83;88;96;7,6;1;
2021/04/15;0200 UTC;1,2;986,5;987;986,5;;23,1;21,1;23,3;23,1;21,2;21;88;88;88;93;2,6;,6;
2021/04/15;0300 UTC;,2;986,1;986,6;986,1;;23,4;21,5;23,5;23,1;21,6;21,1;89;88;89;341;1,9;0;
2021/04/15;0400 UTC;6,8;985,5;986,1;985,5;;22,9;21,2;23,6;22,9;21,8;21,1;90;89;90;333;1,5;0;
2021/04/15;0500 UTC;,8;985;985,5;985;;23,1;21,5;23,1;22,9;21,5;21,2;91;90;91;49;0;0;
2021/04/15;0600 UTC;0;985;985;984,9;;23,3;21,7;23,4;23,1;22;21,5;93;91;91;330;0;0;
2021/04/15;0700 UTC;0;985,1;985,2;985;;23,3;21,7;23,4;23,2;21,8;21,6;91;91;91;326;0;0;
2021/04/15;0800 UTC;0;985,3;985,3;985;;23,2;21,7;23,3;23,1;21,7;21,6;91;91;91;356;0;0;
2021/04/15;0900 UTC;0;985,6;985,6;985,3;7,3;23,3;21,8;23,3;23,2;21,8;21,6;91;91;91;113;0;0;
2021/04/15;1000 UTC;0;985,9;985,9;985,5;355,4;24,1;22,5;24,1;23,3;22,5;21,7;91;91;91;157;0;0;
2021/04/15;1100 UTC;0;986,3;986,3;985,9;1118,7;25,8;20,5;25,8;24,1;23;19,8;91;71;73;137;4,5;,3;
2021/04/15;1200 UTC;0;986,9;986,9;986,3;1283;26,1;19,5;26,3;25,7;20,6;19,4;73;66;67;156;6,8;2,2;
2021/04/15;1300 UTC;0;986,8;987,1;986,8;1256,2;27,1;20,6;27,1;26;21;19,7;70;67;68;147;6,1;1,4;
2021/04/15;1400 UTC;0;986,1;986,9;986,1;1978,2;27,6;20,2;27,9;26,8;21,1;19,8;69;64;64;160;6,1;0;
2021/04/15;1500 UTC;0;985,6;986,1;985,6;3183,1;28,6;20,4;29;27,5;21,5;20;67;60;61;139;8,4;4,3;
2021/04/15;1600 UTC;0;984,5;985,6;984,5;2681;29,8;21,5;29,8;28,3;21,8;19,8;65;59;61;153;6,6;1,3;
2021/04/15;1700 UTC;0;983,5;984,5;983,5;2885,1;30,4;21,3;30,4;29;21,7;20,4;62;56;58;97;6,3;0;
2021/04/15;1800 UTC;0;982,8;983,5;982,8;2196,9;30,6;20,6;31,3;29,3;21,6;19,5;61;53;55;168;2,8;,1;
2021/04/15;1900 UTC;0;982,7;982,8;982,6;1598,8;30,3;20,6;30,6;30;21,2;19,7;59;53;56;140;3,9;0;
2021/04/15;2000 UTC;0;983;983;982,6;674,4;28;22;30,3;28;22,1;20;70;55;70;82;0;0;
2021/04/15;2100 UTC;0;983,8;983,8;983;87,2;26,1;22,8;28;26,1;22,8;22,1;82;70;82;103;0;0;
2021/04/15;2200 UTC;0;984,4;984,4;983,8;;26,2;21,1;26,8;26;23;20,7;83;70;74;158;7,4;2,8;
2021/04/15;2300 UTC;0;986,1;986,1;984,4;;25,1;20,5;26,2;25,1;21,1;19,4;76;67;76;95;7,8;2,1;
2021/04/16;0000 UTC;,2;987;987;986,1;;22,5;20,1;25,1;22,5;20,7;20,1;86;75;86;99;8,2;4,4;
2021/04/16;0100 UTC;,6;987,3;987,3;987;;22,3;20,4;22,5;22,2;20,4;20;89;86;89;84;7,3;,1;
2021/04/16;0200 UTC;0;986,9;987,4;986,9;;22,6;20,8;22,7;22,2;20,8;20,3;89;89;89;343;1,4;0;
2021/04/16;0300 UTC;0;986,4;986,9;986,4;;22,4;20,7;22,6;22,4;20,8;20,7;90;89;90;56;0;0;
2021/04/16;0400 UTC;0;985,2;986,4;985,2;;22,3;20,7;22,5;22,3;20,8;20,7;91;90;91;51;0;0;
2021/04/16;0500 UTC;0;984,2;985,3;984,2;;21,9;20,3;22,3;21,8;20,7;20,3;91;91;91;51;0;0;
2021/04/16;0600 UTC;0;984;984,2;984;;21,8;20,3;21,9;21,8;20,4;20,2;91;91;91;51;0;0;
2021/04/16;0700 UTC;,2;983,9;984;983,8;;21,5;20;21,8;21,4;20,2;20;91;91;91;51;0;0;
2021/04/16;0800 UTC;0;984;984,1;983,9;;21,5;20;21,8;21,4;20,3;19,9;92;91;91;79;0;0;
2021/04/16;0900 UTC;0;984,7;984,7;984;12,2;21,3;19,9;21,5;21,1;20,1;19,7;92;91;92;79;0;0;
2021/04/16;1000 UTC;0;985,4;985,4;984,7;336,2;22,7;21,1;22,9;21,3;21,4;19,9;92;91;91;17;0;0;
2021/04/16;1100 UTC;0;986;986;985,4;1079,7;25,1;21,6;25,2;22,7;23,2;21,2;91;81;81;12;1,6;,1;
2021/04/16;1200 UTC;0;986,4;986,4;986;2240;26,9;19,5;27,1;25;22,1;19,3;82;64;64;146;5,5;1,8;
2021/04/16;1300 UTC;0;986,5;986,5;986,3;2683,1;27,9;20;28;26,8;20,7;19,2;68;61;62;119;6,3;1,5;
2021/04/16;1400 UTC;0;986,1;986,5;986;3083,2;28,5;19,7;28,7;27,5;20,9;19,4;65;59;59;106;6,6;3;
2021/04/16;1500 UTC;0;985,1;986,1;985,1;2467,9;28,6;19,9;28,9;27,7;20,6;19,2;63;58;59;109;6,6;,8;
2021/04/16;1600 UTC;0;984,2;985,1;984,2;2808,7;28,7;20;29,8;28,5;20,8;19;61;53;59;120;6,9;,1;
2021/04/16;1700 UTC;0;983,4;984,2;983,4;2572;29,9;20,6;30,5;28,7;21,5;18,7;60;50;57;112;4,2;,5;
2021/04/16;1800 UTC;0;982,9;983,4;982,9;2604,5;30,3;19,3;30,7;29,9;20,6;18,6;58;49;52;128;5,6;0;
2021/04/16;1900 UTC;0;983,1;983,1;982,8;1722,4;30,1;19,1;30,7;30;19,8;18,5;53;49;52;81;4,2;0;
2021/04/16;2000 UTC;0;983,1;983,1;983,1;783,6;29,6;19,4;30,3;29,6;19,8;18,1;55;49;54;82;2,6;0;
2021/04/16;2100 UTC;0;983,1;983,1;983;74,8;25,8;22,3;29,6;25,8;22,6;19,6;81;54;81;190;0;0;
2021/04/16;2200 UTC;0;983,4;983,4;983;;25;22,2;25,8;24,9;22,7;21,9;85;81;85;247;0;0;
2021/04/16;2300 UTC;0;984;984,1;983,4;;24,1;22;25;24;22,4;21,9;88;85;88;179;0;0;
2021/04/17;0000 UTC;0;984,7;984,7;984;;24,5;22;24,6;24,1;22,3;21,9;88;86;86;221;0;0;
2021/04/17;0100 UTC;0;985,4;985,5;984,7;;24,3;22,3;24,5;24;22,3;21,7;88;86;88;279;0;0;
2021/04/17;0200 UTC;0;985,9;986,1;985,4;;24,1;21,5;24,9;24;22,3;21,5;89;84;86;102;7,9;0;
2021/04/17;0300 UTC;,6;986,2;986,3;985,9;;23,2;20,7;24,6;23,2;21,7;20,7;86;83;86;173;7,5;2,3;
2021/04/17;0400 UTC;,8;985,5;986,2;985,5;;22,9;20,9;23,2;22,7;21;20,4;89;86;89;131;7,4;0;
2021/04/17;0500 UTC;1,4;984,8;985,5;984,8;;22,9;21,1;23,1;22,8;21,2;20,9;89;89;89;133;0;0;
2021/04/17;0600 UTC;1;984,4;984,8;984,3;;22,4;20,1;22,9;22,4;21,1;20,1;90;87;87;126;0;0;
2021/04/17;0700 UTC;0;984,2;984,4;984,2;;22,5;20,6;22,5;22,1;20,6;19,8;89;87;89;185;,6;0;
2021/04/17;0800 UTC;0;984,4;984,4;984,2;;22,6;20,7;22,7;22,3;20,7;20,3;89;88;89;215;0;0;
2021/04/17;0900 UTC;0;985,3;985,3;984,4;8,9;22,2;20,4;22,7;22,1;20,7;20,3;90;89;90;197;0;0;
2021/04/17;1000 UTC;0;986,1;986,1;985,3;211,8;22,9;21,1;22,9;22,2;21,2;20,4;90;90;90;164;,2;0;
2021/04/17;1100 UTC;0;986,7;986,7;986,1;573;24,6;21,4;24,6;22,8;21,8;21;90;82;82;110;0;0;
2021/04/17;1200 UTC;0;986,8;986,9;986,7;1608;26,5;21,4;26,9;24,6;22,2;20,9;83;71;73;107;2,4;0;
2021/04/17;1300 UTC;0;986,8;987;986,8;1733,5;27,3;20,6;27,4;26,3;21,6;20,4;74;67;67;129;2,1;0;
2021/04/17;1400 UTC;0;986,5;986,8;986,5;2739,9;28,7;20,2;28,9;26,9;21,2;20;68;60;60;82;7;3,2;
2021/04/17;1500 UTC;0;985,6;986,5;985,6;3033,2;28,9;20,1;29,5;28,2;21,7;19,6;65;59;59;115;7;0;
2021/04/17;1600 UTC;0;984,4;985,6;984,4;2686,1;29,3;20;29,8;28,7;21,1;19,6;62;56;58;113;0;0;
2021/04/17;1700 UTC;0;983,6;984,4;983,6;2492;29,8;19,9;30,8;29,2;21,2;19,2;60;53;55;115;0;0;
2021/04/17;1800 UTC;0;983;983,6;982,9;2380,7;30,3;19,3;30,7;29,8;20,8;19;58;51;52;99;0;0;
2021/04/17;1900 UTC;0;982,7;983;982,6;1716,2;30,4;20,3;31,3;30;21;19,1;57;50;55;69;0;0;
2021/04/17;2000 UTC;0;982,9;982,9;982,6;760,3;29,7;21,1;31,3;29,7;21,3;19,5;61;51;60;43;0;0;
2021/04/17;2100 UTC;0;983,4;983,4;982,9;36,4;26,1;22,7;29,7;26,1;23;20,5;82;59;82;134;0;0;
2021/04/17;2200 UTC;0;983,6;983,7;983,4;;24,7;22,3;26,1;24,7;23;22,3;87;82;87;174;0;0;
2021/04/17;2300 UTC;0;984,2;984,2;983,6;;24,6;22,4;25;24,5;22,8;22,3;88;87;88;195;0;0;
2021/04/18;0000 UTC;0;985,8;985,8;984,2;;24,8;21,3;25,1;24,4;22,8;21,3;89;81;81;113;9,8;6,1;
2021/04/18;0100 UTC;2,4;986,5;986,5;985,8;;23,2;21;24,8;23,2;21,3;20,8;87;81;87;132;11;,9;
2021/04/18;0200 UTC;,8;986,2;986,6;986,2;;22,7;20,6;23,3;22,7;21,1;20,6;88;87;88;113;3,7;2,2;
2021/04/18;0300 UTC;,2;985,9;986,2;985,9;;22,6;20,8;22,7;22,6;20,8;20,6;89;88;89;104;3,7;,1;
2021/04/18;0400 UTC;0;985,3;985,9;985,3;;22,8;21;22,8;22,6;21;20,7;90;89;90;113;1,6;0;
2021/04/18;0500 UTC;0;984,7;985,3;984,7;;22,7;21,1;22,8;22,6;21,2;20,9;91;90;90;74;0;0;
2021/04/18;0600 UTC;0;984,6;984,8;984,6;;22,6;21;22,9;22,6;21,2;21;91;90;91;53;0;0;
2021/04/18;0700 UTC;0;984,8;984,9;984,6;;22,8;21,3;22,8;22,5;21,3;20,9;91;91;91;64;0;0;
2021/04/18;0800 UTC;0;984,8;984,8;984,7;;22,8;21,3;22,8;22,7;21,3;21,1;91;91;91;17;0;0;
2021/04/18;0900 UTC;0;985,1;985,1;984,8;14,9;23;21,5;23;22,8;21,5;21,3;91;91;91;11;0;0;
2021/04/18;1000 UTC;0;986;986;985,1;369,4;23,4;21,9;23,5;22,9;22;21,4;91;91;91;31;1,9;0;
2021/04/18;1100 UTC;0;986,4;986,4;986;1712,5;26,5;22,5;26,5;23,4;23,5;21,6;91;78;79;160;2,5;,5;
2021/04/18;1200 UTC;0;986,7;986,7;986,4;2157;26,8;20,8;27,2;26,2;22,2;20,3;79;68;70;118;5,4;,3;
2021/04/18;1300 UTC;0;986,7;986,8;986,6;1816,1;27,3;20,8;28;26,7;21,6;20,3;72;65;68;128;5,2;,1;
2021/04/18;1400 UTC;0;986;986,7;986;2195,1;28,2;20,5;28,9;27,1;21,8;20,1;69;62;63;108;6,3;1,3;
2021/04/18;1500 UTC;0;985;986;985;3337,5;29,6;21,2;29,8;27,9;21,7;20,1;66;57;61;108;6,3;,3;
2021/04/18;1600 UTC;0;984,1;985;984,1;3123,1;29,5;20,6;30,3;28,8;21,7;19,9;63;55;59;105;5,7;0;
2021/04/18;1700 UTC;0;982,8;984,1;982,8;2692,6;30,7;20,1;30,9;28,8;21,5;19,6;62;52;53;106;0;0;
2021/04/18;1800 UTC;0;982,1;982,8;982,1;2468,2;30,9;19,7;31,1;30,1;21;19,1;57;50;51;95;0;0;
2021/04/18;1900 UTC;0;982,2;982,3;982,1;1702,6;30,5;19,1;31,4;30,5;20,9;18,7;55;49;51;86;0;0;
2021/04/18;2000 UTC;0;982,4;982,4;982,2;397,5;28,9;21,4;30,5;28,9;21,4;19,5;64;51;64;88;0;0;
2021/04/18;2100 UTC;0;983,7;983,7;982,4;56,1;24,1;20,7;28,9;24,1;23;20,4;81;64;81;102;13,7;7,3;
2021/04/18;2200 UTC;1,2;984;984,1;983,7;;23,1;21,2;24,1;23;21,3;20,8;89;81;89;131;11,9;,1;
2021/04/18;2300 UTC;0;985;985;984;;23,7;21,7;23,7;23,1;21,7;21,2;89;88;89;169;4,7;0;
2021/04/19;0000 UTC;,2;985,8;985,9;984,9;;23,5;21,3;23,7;23,5;21,7;21,3;89;87;87;98;0;0;
2021/04/19;0100 UTC;2,8;986,3;986,4;985,8;;23,2;21,4;23,7;23,1;21,4;21;89;86;89;117;4,6;0;
2021/04/19;0200 UTC;2,2;986;986,4;986;;22,5;20,7;23,3;22,4;21,5;20,6;90;89;90;98;6,4;0;
2021/04/19;0300 UTC;1;985,9;986;985,9;;22,8;21;22,8;22,5;21;20,7;90;89;90;174;0;0;
2021/04/19;0400 UTC;,2;985,3;985,9;985,3;;22,8;21,1;22,9;22,7;21,3;21;90;90;90;332;0;0;
2021/04/19;0500 UTC;0;984,9;985,3;984,9;;23,1;21,4;23,1;22,8;21,4;21,1;91;90;91;315;0;0;
2021/04/19;0600 UTC;0;984,9;984,9;984,8;;23,1;21,5;23,1;23;21,5;21,3;91;90;90;198;0;0;
2021/04/19;0700 UTC;0;985,1;985,2;984,9;;23,1;21,5;23,3;23,1;21,7;21,4;91;90;91;208;0;0;
2021/04/19;0800 UTC;0;985,2;985,2;985;;23;21,5;23,1;23;21,6;21,4;91;91;91;208;0;0;
2021/04/19;0900 UTC;0;985,6;985,6;985,2;3,8;23;21,5;23,1;23;21,6;21,4;91;91;91;208;0;0;
2021/04/19;1000 UTC;0;986,5;986,5;985,6;214,7;23,5;21,9;23,5;23;22;21,5;91;91;91;245;0;0;
2021/04/19;1100 UTC;0;987,1;987,1;986,4;666,4;25,2;23,2;25,2;23,5;23,5;21,9;91;89;89;290;0;0;
2021/04/19;1200 UTC;0;987,8;987,8;987,1;1219;26;21,6;26,3;24,9;23,4;21,5;89;76;77;107;0;0;
2021/04/19;1300 UTC;0;987,9;988;987,8;1300,8;26,2;21;26,5;25,9;21,9;20,8;78;72;73;99;0;0;
2021/04/19;1400 UTC;0;987,5;987,9;987,5;1412,8;26,9;21,2;27,3;26;21,6;20,2;74;67;71;139;0;0;
2021/04/19;1500 UTC;0;986,4;987,5;986,4;2622,1;28,2;20,2;28,7;26,9;21,6;19,9;71;60;62;72;3;,6;
2021/04/19;1600 UTC;0;985,6;986,4;985,6;3356,1;29,7;20,2;29,8;27,9;21,4;18,9;65;54;57;12;3,5;0;
2021/04/19;1700 UTC;0;984,8;985,6;984,8;2842,8;29,6;19,9;30,2;29;20,8;18,9;60;52;56;59;4,1;0;
2021/04/19;1800 UTC;0;984;984,8;983,9;2515;30,1;20;30,7;29,5;20,3;18,8;57;51;55;86;3,1;0;
2021/04/19;1900 UTC;0;983,9;984;983,9;1038,1;29;20,1;30,2;29;20,8;19,2;61;53;59;33;0;0;
2021/04/19;2000 UTC;0;984;984;983,9;423,2;27,9;23,3;29;27,9;23,3;20,1;76;59;76;12;0;0;
2021/04/19;2100 UTC;0;984,1;984,1;983,9;42,7;25,7;23;27,9;25,7;23,6;22,6;85;76;85;277;0;0;
2021/04/19;2200 UTC;0;984,5;984,5;984;;24,7;22,4;25,7;24,6;23,1;22,3;87;85;87;277;0;0;
2021/04/19;2300 UTC;0;985,3;985,3;984,5;;24,2;22,2;25,2;24,2;22,7;22;88;86;88;226;0;0;
2021/04/20;0000 UTC;0;985,9;985,9;985,4;;23,9;22,1;24,2;23,8;22,2;22;90;88;90;331;0;0;
2021/04/20;0100 UTC;0;986,3;986,3;985,9;;23,6;21,8;24;23,5;22,2;21,8;90;89;90;147;0;0;
2021/04/20;0200 UTC;0;986,3;986,3;986,2;;23,7;21,9;23,9;23,6;22,6;21,8;92;90;90;330;0;0;
2021/04/20;0300 UTC;0;986;986,4;986;;23,7;22,1;23,9;23,7;22,3;22;91;90;91;176;0;0;
2021/04/20;0400 UTC;0;985,6;986;985,5;;23,6;22;23,8;23,6;22,2;22;91;91;91;96;0;0;
2021/04/20;0500 UTC;0;985,2;985,6;985,2;;23,8;22,2;23,8;23,6;22,2;22;91;91;91;149;0;0;
2021/04/20;0600 UTC;0;984,9;985,2;984,9;;23,8;22,1;23,9;23,6;22,2;21,9;91;90;90;145;0;0;
2021/04/20;0700 UTC;0;984,7;984,9;984,6;;23,7;22;24;23,7;22,2;22;90;90;90;124;0;0;
2021/04/20;0800 UTC;0;984,6;984,7;984,6;,6;23,3;21,7;23,8;23,1;22,1;21,4;91;90;91;343;0;0;
2021/04/20;0900 UTC;0;984,9;984,9;984,5;6,7;22,8;21,3;23,4;22,8;21,8;21,3;91;91;91;96;0;0;
2021/04/20;1000 UTC;0;985,7;985,7;984,9;365,1;24,5;22,8;24,6;22,8;22,8;21,3;92;90;90;248;0;0;
2021/04/20;1100 UTC;0;986,6;986,6;985,7;557,4;25,1;22,1;25,2;24,5;22,9;22,1;90;83;84;3;0;0;
2021/04/20;1200 UTC;0;987,2;987,2;986,6;814,9;26;21,9;26;25;22,5;21,5;84;77;78;340;0;0;
2021/04/20;1300 UTC;0;987,4;987,5;987,2;1450,1;27,4;21,3;27,4;26;22;20,8;78;69;70;300;0;0;
2021/04/20;1400 UTC;0;986,9;987,4;986,9;2164,8;28,6;21,1;28,9;27,2;22,3;20,7;70;64;64;251;2,3;0;
2021/04/20;1500 UTC;0;985,9;986,9;985,9;2935,6;29,7;21;30,5;28;21,8;19,9;67;57;59;259;0;0;
2021/04/20;1600 UTC;0;985,1;985,9;985,1;1571,5;28,8;21,7;30,4;28,4;21,7;19,7;66;55;65;5;0;0;
2021/04/20;1700 UTC;0;984,1;985,1;984,1;3097,3;31,8;20,1;32,1;28,9;22;19,9;65;49;50;66;2;0;
2021/04/20;1800 UTC;0;983,2;984,1;983,2;2515,6;31,5;19,2;31,8;30,9;20,9;18,1;55;45;48;334;0;0;
2021/04/20;1900 UTC;0;982,8;983,2;982,8;1723,5;31,7;19,5;31,9;30,7;19,9;18;52;45;49;343;0;0;
2021/04/20;2000 UTC;0;982,9;982,9;982,8;800,2;30,3;20,5;31,7;30,3;20,6;17,9;56;45;56;74;0;0;
2021/04/20;2100 UTC;0;983,5;983,5;982,8;78;26,3;22,7;30,4;26,3;23;20;80;55;80;5;0;0;
2021/04/20;2200 UTC;0;984,2;984,2;983,5;;26;22,2;26,3;24,9;22,7;22,2;86;80;80;335;3,2;0;
2021/04/20;2300 UTC;0;985,2;985,2;984,2;;24,1;21,5;26;24,1;22;21,3;86;78;86;271;3,2;0;
2021/04/21;0000 UTC;0;986;986;985,2;;23,5;21,6;24,1;23,5;21,8;21,5;90;86;89;199;0;0;
2021/04/21;0100 UTC;0;986,3;986,3;986;;23,4;21,5;24;23,4;22;21,5;90;88;89;266;0;0;
2021/04/21;0200 UTC;0;986,5;986,6;986,3;;23,1;21,5;23,8;23,1;22;21,4;90;89;90;135;0;0;
2021/04/21;0300 UTC;0;986,5;986,6;986,4;;23,3;21,7;23,4;23;21,8;21,3;91;90;91;2;0;0;
2021/04/21;0400 UTC;0;986,2;986,5;986,2;;23,4;21,4;23,6;23,2;21,8;21,4;91;89;89;110;0;0;
2021/04/21;0500 UTC;0;985,6;986,2;985,6;;23,1;21,1;23,6;23,1;21,6;21,1;89;88;89;128;0;0;
2021/04/21;0600 UTC;0;985,5;985,7;985,4;;23,4;21,4;23,5;23;21,5;21,1;90;88;88;16;0;0;
2021/04/21;0700 UTC;0;985,4;985,6;985,4;;23,2;21,4;23,4;23,1;21,5;21,1;90;88;90;124;0;0;
2021/04/21;0800 UTC;0;985,5;985,5;985,2;;23,5;21,8;23,5;23,2;21,8;21,5;90;90;90;325;0;0;
2021/04/21;0900 UTC;0;985,9;985,9;985,5;3,7;23,2;21,6;23,6;23,2;21,9;21,5;90;90;90;163;0;0;
2021/04/21;1000 UTC;0;986,6;986,6;985,9;213,3;24,3;22,3;24,3;23,2;22,3;21,6;91;89;89;66;0;0;
2021/04/21;1100 UTC;0;987,1;987,1;986,6;585,8;25,2;21,9;25,4;24,3;22,6;21,9;89;82;82;298;0;0;
2021/04/21;1200 UTC;0;987,2;987,4;987,1;764;26,3;22,5;26,3;25;22,5;21,8;83;79;80;272;0;0;
2021/04/21;1300 UTC;,2;987,2;987,3;987,1;696,6;23,8;21,2;26,5;23,8;22,6;21,1;86;77;86;323;0;0;
2021/04/21;1400 UTC;,2;986,8;987,2;986,7;2183,5;27,1;21,7;28,4;23,8;23,5;21,3;87;72;72;312;0;0;
2021/04/21;1500 UTC;0;985,8;986,8;985,8;1574,9;27,9;21,6;28;27;22,1;19,9;73;62;68;91;0;0;
2021/04/21;1600 UTC;0;985;985,8;985;3396,7;29,5;20,6;30,6;28;21,8;20,2;69;57;59;38;0;0;
2021/04/21;1700 UTC;0;984,1;985;984,1;1335,5;28,1;22,5;29,5;27,4;23,1;20,4;76;59;72;77;5,3;0;
2021/04/21;1800 UTC;0;983;984,1;983;1904,7;29,6;21,2;30,5;27,9;22,9;21,2;72;60;61;114;0;0;
2021/04/21;1900 UTC;0;982,3;983;982,3;1865,8;30,5;20,7;30,9;29,6;21,6;19,9;60;53;56;83;0;0;
2021/04/21;2000 UTC;0;983,1;983,1;982,3;742,6;29;20,9;30,5;29;21,3;20,3;62;55;62;76;0;0;
2021/04/21;2100 UTC;0;984;984;983,1;107,7;26,2;22,6;29;26,2;23;20,9;81;62;80;86;0;0;
2021/04/21;2200 UTC;0;984,7;984,7;984;;25,7;23;26,3;25,5;23,1;22,4;85;80;85;153;0;0;
2021/04/21;2300 UTC;0;985,3;985,3;984,6;;24,5;22;25,9;24,5;22,9;21,7;86;81;86;115;0;0;
2021/04/22;0000 UTC;0;986,2;986,2;985,3;;24,4;22,1;24,6;24,3;22,3;21,9;88;86;87;82;0;0;
2021/04/22;0100 UTC;0;986,8;986,8;986,2;;23,9;22;24,4;23,9;22,2;21,9;89;87;89;83;0;0;
2021/04/22;0200 UTC;0;987,1;987,2;986,8;;23,7;22,1;24;23,7;22,1;22;90;89;90;136;0;0;
2021/04/22;0300 UTC;0;986,7;987,1;986,6;;23,8;22,3;23,9;23,6;22,3;22;91;90;91;69;0;0;
2021/04/22;0400 UTC;0;986;986,7;986;;23,8;22,3;24;23,8;22,4;22,3;91;91;91;91;0;0;
2021/04/22;0500 UTC;0;985,8;986;985,7;;23,8;22,1;23,8;23,7;22,3;22,1;91;90;90;125;0;0;
2021/04/22;0600 UTC;3;985,2;985,8;985,2;;23,1;21,5;23,9;23,1;22,1;21,4;91;88;91;82;3,9;0;
2021/04/22;0700 UTC;,6;984,9;985,2;984,8;;22,3;20,8;23,2;22,3;21,7;20,8;91;91;91;126;0;0;
2021/04/22;0800 UTC;0;985,2;985,2;984,9;;22,4;20,9;22,5;22,3;21;20,7;91;91;91;53;0;0;
2021/04/22;0900 UTC;0;985,7;985,7;985,1;6,8;22,5;21;22,5;22,1;21,1;20,7;92;91;92;160;0;0;
2021/04/22;1000 UTC;,2;986,7;986,7;985,7;170,7;23,3;21,8;23,3;22,4;21,8;21;92;91;91;336;0;0;
2021/04/22;1100 UTC;0;987,5;987,5;986,7;565,5;24,8;22,7;24,9;23,2;23,1;21,7;91;88;88;90;0;0;
2021/04/22;1200 UTC;0;987,8;987,8;987,5;1291,5;26,2;22,4;26,4;24,7;23;22,2;88;79;80;69;0;0;
2021/04/22;1300 UTC;0;987,4;987,9;987,4;2042,4;27,3;21,3;27,7;26,2;22,7;21,2;80;69;70;203;0;0;
2021/04/22;1400 UTC;0;986,8;987,5;986,8;1630,7;28,6;21,1;28,6;27,2;22,1;20,9;73;64;64;110;0;0;
2021/04/22;1500 UTC;0;985,8;986,8;985,8;2733,4;28,6;20,2;29,3;28,3;22,1;20,1;68;58;60;136;3,6;0;
2021/04/22;1600 UTC;0;984,4;985,8;984,4;2233,9;29,7;21,1;29,8;28,6;21,6;20,4;64;58;60;110;2,3;,2;
2021/04/22;1700 UTC;0;983,1;984,4;983,1;2478,9;30,4;20,9;30,5;29,5;21,9;20,2;62;55;57;134;2,3;0;
2021/04/22;1800 UTC;0;982,7;983,1;982,7;2473,7;30,2;20;31,1;29,9;22;20;61;54;54;86;2,6;0;
2021/04/22;1900 UTC;0;982,6;982,7;982,4;1297,7;29,8;20,5;30,3;29,7;21,5;20;61;54;58;93;3,3;0;
2021/04/22;2000 UTC;0;983,3;983,3;982,6;997;29,2;21;30,5;29,2;21,5;20,1;61;54;61;113;0;0;
2021/04/22;2100 UTC;0;983,7;983,7;983,3;51,2;26;22,1;29,3;26;23;20,9;79;61;79;132;0;0;
2021/04/22;2200 UTC;0;984,5;984,5;983,7;;24,9;22,5;26,1;24,9;22,9;22,2;86;79;86;82;0;0;
2021/04/22;2300 UTC;0;985,7;985,7;984,5;;24,8;22,6;24,9;24,5;22,7;22,3;88;86;88;233;0;0;
2021/04/23;0000 UTC;0;986,1;986,1;985,7;;25,3;22,2;25,7;24,8;23;22,2;88;82;83;180;0;0;
2021/04/23;0100 UTC;0;986,9;986,9;986,1;;25,1;22,9;25,3;24,6;22,9;22;88;83;87;102;0;0;
2021/04/23;0200 UTC;,2;986,6;986,9;986,6;;24,9;22,7;25,2;24,9;22,8;22,5;88;85;88;65;4,1;0;
2021/04/23;0300 UTC;0;986,6;986,7;986,5;;24,1;21,7;24,9;24,1;22,8;21,7;88;87;87;106;1,9;0;
2021/04/23;0400 UTC;5,4;986,3;986,6;986,2;;22,8;21,2;24,1;22,8;22;21,1;91;86;91;111;7,1;4,2;
2021/04/23;0500 UTC;1,6;985,9;986,5;985,7;;22,7;21,2;22,9;22,7;21,3;21,1;91;91;91;219;6,9;0;
2021/04/23;0600 UTC;1,6;985,5;985,8;985,5;;22,5;21;22,8;22,5;21,2;20,9;91;91;91;199;2,2;,3;
2021/04/23;0700 UTC;,2;985,1;985,5;984,8;;22,5;21;22,7;22,5;21,2;21;91;91;91;140;2,2;0;
2021/04/23;0800 UTC;,2;985,4;985,5;985,1;;22,8;21,2;22,8;22,5;21,3;21;91;91;91;218;2,4;0;
2021/04/23;0900 UTC;0;985,9;985,9;985,4;4,9;22,9;21,4;22,9;22,7;21,4;21,2;91;91;91;267;0;0;
2021/04/23;1000 UTC;0;986,3;986,3;985,9;172;23,1;21,6;23,1;22,7;21,7;21,2;92;91;92;125;1,5;0;
2021/04/23;1100 UTC;0;986,8;986,8;986,2;687,6;24,3;22,5;24,3;23,1;22,7;21,6;92;90;90;73;1,2;0;
2021/04/23;1200 UTC;0;987,3;987,4;986,8;1063,4;25,4;22,2;25,6;24,2;22,7;22,1;90;82;82;77;0;0;
2021/04/23;1300 UTC;0;987,4;987,5;987,4;2362,2;27,1;20,9;27,8;25,4;22,9;20,6;83;68;69;148;5;1,5;
2021/04/23;1400 UTC;0;986,9;987,4;986,9;3107,6;28,6;21,2;28,8;27,1;21,9;20;70;60;64;125;5;0;
2021/04/23;1500 UTC;0;986,1;986,9;986,1;2784,3;29,2;20,9;29,6;28,5;21,8;19,7;64;57;61;101;0;0;
2021/04/23;1600 UTC;0;985;986,1;985;2817,6;29,6;19,8;30,3;29;21,3;19,5;62;54;56;111;5,5;,6;
2021/04/23;1700 UTC;0;983,7;985;983,7;2729,2;30,9;20,5;30,9;29,5;21,2;19,2;58;51;54;114;4,8;0;
2021/04/23;1800 UTC;0;982,9;983,7;982,9;2220,9;30,8;20,8;31,6;30,1;21;19,2;57;50;55;79;0;0;
2021/04/23;1900 UTC;0;982,6;982,9;982,5;1656,3;30,5;19,9;31;30,4;21,2;19,9;58;52;53;89;3,7;0;
2021/04/23;2000 UTC;0;982,8;982,9;982,6;635,7;28,7;21,2;30,6;28,7;21,2;20,2;64;53;64;72;0;0;
2021/04/23;2100 UTC;0;983,1;983,1;982,8;27,5;26,2;22,7;28,7;26,2;22,9;21,2;81;64;81;121;0;0;
2021/04/23;2200 UTC;0;983,9;983,9;983,1;;25,1;22,6;26,1;25,1;23,2;22,6;87;81;86;115;0;0;
2021/04/23;2300 UTC;0;984,6;984,6;983,9;;24,8;22,9;25,3;24,8;23;22,6;89;86;89;187;0;0;
2021/04/24;0000 UTC;0;985,2;985,3;984,6;;24,7;22,9;24,9;24,5;23,1;22,6;90;89;90;179;0;0;
2021/04/24;0100 UTC;0;985,1;985,3;985,1;;24,8;23;24,8;24,5;23,1;22,7;91;90;90;195;0;0;
2021/04/24;0200 UTC;0;985,1;985,2;985,1;;25,3;23;25,3;24,7;23,2;22,8;90;87;87;218;0;0;
2021/04/24;0300 UTC;0;984,6;985,1;984,6;;25,2;23,4;25,4;25,1;23,4;23;90;87;90;189;0;0;
2021/04/24;0400 UTC;0;984,4;984,6;984,4;;24,9;22,3;25,2;24,6;23,4;22,3;90;86;86;74;0;0;
2021/04/24;0500 UTC;0;984,3;984,5;984,1;;24,7;22,3;24,9;24,7;22,3;22,2;87;86;87;74;0;0;
2021/04/24;0600 UTC;,4;984,1;984,3;984,1;;24,1;22,2;24,8;24,1;22,6;22,1;89;87;89;52;0;0;
2021/04/24;0700 UTC;1;984;984,2;983,8;;24;22,3;24,1;23,8;22,4;22,1;91;89;91;161;0;0;
2021/04/24;0800 UTC;0;984,4;984,5;984;;24,2;22,7;24,2;23,9;22,7;22,3;91;91;91;151;0;0;
2021/04/24;0900 UTC;0;985,3;985,3;984,4;9,4;23,6;22,2;24,2;23,6;22,7;22,1;91;91;91;80;0;0;
2021/04/24;1000 UTC;0;986;986;985,3;329,7;24,9;23,4;24,9;23,6;23,4;22,1;93;91;91;104;1,1;0;
2021/04/24;1100 UTC;0;986,4;986,4;986;1176,1;25,9;21,8;26,8;24,9;24,1;21,8;91;78;78;108;5,5;0;
2021/04/24;1200 UTC;0;986,9;986,9;986,4;1824,6;27,5;21,4;28;25,9;22,5;21,1;79;67;69;116;5;0;
2021/04/24;1300 UTC;0;986,7;987;986,7;2973,4;28,8;21;28,8;27,5;21,8;20,3;71;62;63;114;4,5;0;
2021/04/24;1400 UTC;0;985,7;986,7;985,7;3016,4;29;20,2;29,7;28,6;21,5;19,8;64;58;59;85;4,7;,4;
2021/04/24;1500 UTC;0;985;985,7;985;2728,2;31,1;21,6;31,1;29;21,6;19,4;61;54;57;203;4,7;0;
2021/04/24;1600 UTC;0;984,2;985;984,2;2525,1;30,3;19,1;31,1;29,9;20,7;18,7;57;49;51;120;5;,1;
2021/04/24;1700 UTC;0;983,6;984,3;983,6;2671,7;30,6;19,4;31;30;20,6;18,4;55;49;51;113;6,9;0;
2021/04/24;1800 UTC;0;982,7;983,6;982,7;2088,6;30,6;20;31;30,2;20,6;19;55;49;53;117;0;0;
2021/04/24;1900 UTC;0;982,7;982,7;982,5;1601,2;30,5;19,9;31,1;30,5;20,9;19,2;56;50;53;72;2,7;0;
2021/04/24;2000 UTC;0;982,7;982,9;982,6;785,1;29,5;21,3;30,7;29,5;21,3;20,1;61;53;61;51;3,6;0;
2021/04/24;2100 UTC;0;982,7;982,8;982,6;80,9;26,5;22,6;29,5;26,5;23;21,1;79;61;79;61;0;0;
2021/04/24;2200 UTC;0;983,8;983,8;982,7;;25,4;22,5;26,5;25,4;22,9;22,5;86;79;84;148;0;0;
2021/04/24;2300 UTC;0;984,4;984,4;983,8;;24,5;22,4;25,4;24,5;22,6;22,2;88;84;88;100;0;0;
2021/04/25;0000 UTC;0;984,8;984,9;984,4;;24,1;22,3;24,5;24;22,5;22,2;90;88;90;82;0;0;
2021/04/25;0100 UTC;0;985,3;985,3;984,8;;24,5;22,8;24,5;23,9;22,8;22,2;90;90;90;298;0;0;
2021/04/25;0200 UTC;0;985,3;985,4;985,3;;24,9;23,1;25;24,4;23,3;22,7;90;90;90;267;0;0;
2021/04/25;0300 UTC;0;984,9;985,4;984,9;1,2;24,7;23;25;24,6;23,3;22,9;90;90;90;113;0;0;
2021/04/25;0400 UTC;0;984,7;985;984,7;;24,6;22,6;24,9;24,6;23,1;22,6;90;88;89;61;0;0;
2021/04/25;0500 UTC;0;984;984,8;984;;24;22;24,6;24;22,7;22;90;89;89;91;0;0;
2021/04/25;0600 UTC;0;984;984,1;983,8;;23,6;21,5;24;23,6;22;21,5;89;88;88;107;0;0;
2021/04/25;0700 UTC;0;984;984;983,8;;23,4;21,3;23,7;23,3;21,5;21,2;88;87;88;129;0;0;
2021/04/25;0800 UTC;0;984,3;984,3;983,9;;22,7;20,8;23,4;22,7;21,3;20,7;89;88;89;100;0;0;
2021/04/25;0900 UTC;0;985,1;985,1;984,3;14,2;22;20,4;22,7;22;20,8;20,4;91;89;91;31;0;0;
2021/04/25;1000 UTC;,2;986;986;985,1;491,1;26,1;22,7;26,1;22;23,1;20,4;91;81;81;68;0;0;
2021/04/25;1100 UTC;0;986,4;986,4;986;1381,7;26,2;20,6;26,4;25,4;22,6;19,9;81;69;71;118;1;0;
2021/04/25;1200 UTC;0;987,1;987,1;986,4;2065,2;27;19,6;27,1;26,1;20,4;19,4;71;64;64;99;4,8;,8;
2021/04/25;1300 UTC;0;986,7;987,1;986,7;2921,9;28,1;19,8;28,3;26,8;20,8;19,2;66;59;61;105;4,8;,3;
2021/04/25;1400 UTC;0;986,1;986,7;986,1;3308,5;29,1;19,4;29,3;28,1;20,9;18,8;64;54;56;120;4,7;0;
2021/04/25;1500 UTC;0;985,1;986,1;985,1;3404,2;30,3;19,6;30,4;28,9;20,7;18,7;58;52;53;67;4,9;0;
2021/04/25;1600 UTC;0;984;985,1;984;3449,3;30,7;18,4;31,3;30;20,8;18,4;56;48;48;107;6,1;0;
2021/04/25;1700 UTC;0;983,2;984;983,2;2868,2;30,4;19,4;31,4;30,2;20,4;18,7;55;48;52;116;5,2;1,9;
2021/04/25;1800 UTC;0;982,7;983,2;982,7;2310,4;31;20;31,8;30,2;20,8;19;56;49;52;99;5,1;0;
2021/04/25;1900 UTC;0;982,5;982,7;982,4;1648,5;30,6;19,7;31,5;30,6;20,4;18,8;53;48;52;100;0;0;
2021/04/25;2000 UTC;0;982,5;982,6;982,4;778,7;30;20,9;30,9;30;20,9;19,5;58;51;58;84;2,7;0;
2021/04/25;2100 UTC;0;983;983;982,4;74,9;26,7;22;30;26,1;22,6;20,7;77;58;76;80;0;0;
2021/04/25;2200 UTC;0;983,4;983,4;983;;24,8;22,4;26,8;24,8;22,5;21,8;86;74;86;111;0;0;
2021/04/25;2300 UTC;0;983,9;983,9;983,3;;24,4;22,3;24,9;24,3;22,6;22,2;88;86;88;190;0;0;
2021/04/26;0000 UTC;0;984,4;984,4;983,9;;24,7;22,8;24,7;24,2;22,8;22,1;90;88;89;202;0;0;
2021/04/26;0100 UTC;0;984,7;984,9;984,4;;25,3;23;25,4;24,4;23,1;22,3;89;87;87;210;0;0;
2021/04/26;0200 UTC;0;984,8;984,9;984,7;;24,8;22,2;25,3;24,7;23;22;87;84;85;179;0;0;
2021/04/26;0300 UTC;0;984,9;985,1;984,8;;24,2;22,4;24,8;24,1;22,5;21,8;90;85;90;100;0;0;
2021/04/26;0400 UTC;0;984,8;985;984,8;;24,2;22,5;24,2;24;22,5;22,2;90;89;90;141;0;0;
2021/04/26;0500 UTC;0;984,4;984,8;984,4;;24,4;22,6;24,4;24;22,6;22,2;90;89;90;268;0;0;
2021/04/26;0600 UTC;0;984,2;984,4;984,2;;24,2;22,4;24,5;24,2;22,8;22,3;90;89;89;104;0;0;
2021/04/26;0700 UTC;,2;984,3;984,4;984,2;;23,8;22;24,3;23,7;22,4;21,8;90;88;90;150;0;0;
2021/04/26;0800 UTC;0;984,8;984,8;984,3;;23,5;21,9;23,9;23,4;22,2;21,8;91;89;91;40;0;0;
2021/04/26;0900 UTC;,4;985,2;985,3;984,8;6,5;23,8;22,3;23,8;23,5;22,3;21,9;91;91;91;331;0;0;
2021/04/26;1000 UTC;0;985,7;985,8;985,2;180,1;24,1;22,6;24,2;23,8;22,7;22,3;92;91;91;109;0;0;
2021/04/26;1100 UTC;0;986,3;986,3;985,7;983,4;26,1;22,9;26,1;24,1;23,6;22,6;92;83;83;81;0;0;
2021/04/26;1200 UTC;0;986,4;986,5;986,3;1163,4;27,8;22,6;27,8;25,8;23,3;21,6;83;73;73;111;4,4;,3;
2021/04/26;1300 UTC;0;986,1;986,5;986,1;2324,6;27,6;21,3;28,2;27,2;22,4;20,7;73;65;68;95;5,5;0;
2021/04/26;1400 UTC;0;985,4;986,1;985,4;2788,5;29,5;19,8;29,6;27,2;21,8;19,8;69;56;56;105;4,8;,3;
2021/04/26;1500 UTC;0;984,6;985,4;984,6;3076,2;30,2;20;30,4;28,8;21,5;19,5;61;53;55;93;4,5;0;
2021/04/26;1600 UTC;0;983,3;984,6;983,3;3014,5;30;20,4;30,8;29,5;20,8;19;59;51;56;137;1,8;0;
2021/04/26;1700 UTC;0;982,3;983,3;982,2;2481,7;30,6;20,1;31,4;29,3;21,6;19,5;59;51;54;138;7,3;,6;
2021/04/26;1800 UTC;0;981,7;982,3;981,7;2162,8;30,8;20,5;31,4;30;21,4;19,5;58;51;54;89;4,7;0;
2021/04/26;1900 UTC;0;981,8;981,8;981,5;1612,8;30,8;21;31,3;30,5;21,2;19,3;56;50;56;88;5,3;0;
2021/04/26;2000 UTC;0;982;982,1;981,8;691,6;29,9;21,1;30,9;29,9;21,6;19,9;60;53;59;85;0;0;
2021/04/26;2100 UTC;0;982,1;982,2;982;75,2;26,6;22,6;29,9;26,6;23,1;21,2;80;59;79;4;0;0;
2021/04/26;2200 UTC;0;982,6;982,6;982,1;;25,2;22,8;26,6;25,2;23,1;22,5;87;79;87;159;0;0;
2021/04/26;2300 UTC;0;983,2;983,2;982,6;;24,6;22,6;25,2;24,6;22,8;22,6;88;86;88;200;0;0;
2021/04/27;0000 UTC;0;983,5;983,5;983,2;;25,4;22,8;25,5;24,6;23;22,6;89;85;85;208;0;0;
2021/04/27;0100 UTC;0;984;984;983,5;;25,4;22,5;25,5;25,2;22,8;22,4;85;84;84;202;0;0;
2021/04/27;0200 UTC;0;984,2;984,3;983,9;;24;21,9;25,6;24;22,7;21,9;88;83;88;114;0;0;
2021/04/27;0300 UTC;0;984,1;984,3;984;;24;22,3;24,3;23,8;22,5;21,9;90;88;90;120;0;0;
2021/04/27;0400 UTC;0;984,3;984,4;984,1;;24,1;22,4;24,2;24;22,5;22,2;91;90;90;74;0;0;
2021/04/27;0500 UTC;,4;984;984,3;984;;24,2;22,6;24,3;24,1;22,6;22,4;91;90;91;8;0;0;
2021/04/27;0600 UTC;0;984,1;984,1;983,9;;24;22,5;24,3;24;22,7;22,5;91;91;91;116;0;0;
2021/04/27;0700 UTC;0;984,2;984,3;984;;23,5;21,9;24;23,4;22,5;21,9;91;91;91;118;0;0;
2021/04/27;0800 UTC;0;984,3;984,3;984,1;;23,4;21,9;23,5;23,3;21,9;21,7;91;91;91;76;0;0;
2021/04/27;0900 UTC;0;984,9;984,9;984,3;6;23,5;22;23,5;23,3;22;21,8;92;91;92;101;0;0;
2021/04/27;1000 UTC;0;985,4;985,5;984,9;232;24,5;22,2;24,5;23,5;22,4;22;92;87;87;118;0;0;
2021/04/27;1100 UTC;0;986,1;986,1;985,4;1468,3;26,6;21,4;26,6;24,5;22,4;20,6;87;72;73;95;0;0;
2021/04/27;1200 UTC;0;986,2;986,3;986;2017,8;27,2;20,7;27,5;26,1;21,6;20,5;74;67;68;96;4,3;,1;
2021/04/27;1300 UTC;0;986;986,3;986;2288,1;28,3;21,1;28,3;27,2;21,2;20;69;63;65;113;4,3;0;
2021/04/27;1400 UTC;,2;985,3;986;985,3;3345,4;29,6;20,3;29,8;28,3;21,5;19,8;65;55;58;115;5,7;0;
2021/04/27;1500 UTC;0;984,1;985,3;984,1;3275,9;29,9;19,7;30,3;29;21;19,2;60;54;54;166;6;,1;
2021/04/27;1600 UTC;0;983,4;984,1;983,3;2447,8;30,2;19,4;30,8;29,1;21,7;19;61;52;53;156;1,2;0;
2021/04/27;1700 UTC;0;982,7;983,4;982,7;2503,2;30,3;19,8;31,2;29,6;20,8;18,7;57;49;53;150;0;0;
2021/04/27;1800 UTC;0;982,2;982,7;982,2;2000;30,6;19,4;31,2;29,7;20,8;19,1;57;49;51;162;4,8;0;
2021/04/27;1900 UTC;0;982;982,2;982;1631,4;30,5;18,9;31;30,3;20,5;18,8;55;49;50;147;4,6;0;
2021/04/27;2000 UTC;0;981,9;982;981,9;734,4;29,7;20,7;30,8;29,7;20,9;18,8;59;48;59;97;0;0;
2021/04/27;2100 UTC;0;981,7;981,9;981,6;60,5;25,9;22;29,9;25,9;23,4;20,8;79;58;79;79;0;0;
2021/04/27;2200 UTC;0;982,1;982,1;981,7;;24,4;22,1;25,9;24,4;22,3;21,6;87;79;87;189;0;0;
2021/04/27;2300 UTC;0;982,7;982,7;982,1;;24,3;22,4;24,4;24;22,4;21,9;89;87;89;223;0;0;
2021/04/28;0000 UTC;0;983,2;983,2;982,7;;24,3;22,1;24,9;24,2;22,8;22,1;89;87;87;208;0;0;
2021/04/28;0100 UTC;0;983,7;983,7;983,2;;23,7;22;24,4;23,6;22,4;21,8;90;87;90;242;0;0;
2021/04/28;0200 UTC;0;983,6;983,7;983,6;;22,9;21,4;23,7;22,8;21,9;21,2;91;90;91;191;0;0;
2021/04/28;0300 UTC;0;983,8;983,9;983,6;;22,6;21,1;23;22,5;21,5;21;91;91;91;116;0;0;
2021/04/28;0400 UTC;0;983,6;984,1;983,6;;23,1;21,6;23,5;22,6;22;21,1;92;91;91;127;0;0;
2021/04/28;0500 UTC;0;983,3;983,6;983,2;;23,2;21,7;23,2;22,8;21,7;21,3;91;91;91;360;0;0;
2021/04/28;0600 UTC;0;983,3;983,3;983,1;;23,3;21,7;23,7;23,2;22,1;21,6;91;90;91;304;0;0;
2021/04/28;0700 UTC;0;983,1;983,3;983,1;;23,2;21,6;23,4;23,1;21,8;21,5;91;91;91;81;0;0;
2021/04/28;0800 UTC;0;983,8;983,8;983,1;;22,4;20,9;23,2;22,4;21,6;20,9;92;91;91;228;0;0;
2021/04/28;0900 UTC;0;984,5;984,5;983,7;7,8;23,3;21,9;23,3;22,4;21,9;20,9;92;91;92;276;0;0;
2021/04/28;1000 UTC;0;985;985;984,5;282,8;25,2;23,6;25,2;23,3;23,6;21,9;97;91;91;198;0;0;
2021/04/28;1100 UTC;0;985,5;985,6;984,9;995,1;27,4;22,6;27,5;25;23,7;22,6;91;75;75;117;0;0;
2021/04/28;1200 UTC;0;985,9;985,9;985,5;2194,4;28,2;20,6;28,8;26,4;22,6;20,4;76;63;63;130;0;0;
2021/04/28;1300 UTC;0;985,9;986;985,9;2772;28,6;20,6;29,7;27,6;21,6;19,7;66;59;62;178;1,2;0;
2021/04/28;1400 UTC;0;985,3;985,9;985,3;2113,4;29,1;20,7;29,5;28;21,2;19,7;64;57;61;159;4,5;0;
2021/04/28;1500 UTC;0;984,4;985,3;984,4;3164,2;30,5;20,1;30,6;28,7;21,6;18,8;61;50;54;139;6,7;,5;
2021/04/28;1600 UTC;0;983,5;984,4;983,5;2855,8;31,3;19,4;31,3;29,2;20,7;18,7;57;49;49;147;6,7;0;
2021/04/28;1700 UTC;0;982,6;983,5;982,6;2610,6;31,6;18,4;32,2;30;21,2;18;55;45;45;132;6,5;0;
2021/04/28;1800 UTC;0;982;982,6;982;2431,5;32;18,5;33,2;30,7;20,8;18,5;52;43;45;194;0;0;
2021/04/28;1900 UTC;0;981,7;982;981,7;1590,3;31,8;19;32,6;31,4;19,8;17,8;50;43;47;261;0;0;
2021/04/28;2000 UTC;0;981,7;981,8;981,6;645,3;31,7;20,3;32,4;31,3;21;18,7;52;47;51;284;0;0;
2021/04/28;2100 UTC;0;982,5;982,5;981,7;75,4;26,7;22,8;31,7;26,7;23,2;20,5;79;51;79;93;0;0;
2021/04/28;2200 UTC;0;983;983,1;982,5;;26,4;23,5;26,7;26,1;23,5;22,5;84;79;84;124;0;0;
2021/04/28;2300 UTC;0;983,6;983,6;983;;26,3;22,4;27;26,2;23,9;22,4;85;77;79;167;0;0;
2021/04/29;0000 UTC;0;984,4;984,4;983,6;;26,4;21,9;26,6;26,1;22,8;21,9;81;76;76;198;0;0;
2021/04/29;0100 UTC;0;984,1;984,4;984;;25,9;22;26,5;25,9;22,1;21,8;79;75;79;245;0;0;
2021/04/29;0200 UTC;0;985,6;985,8;984,1;;25;21,5;26,2;25;22,6;21,3;81;78;81;99;7,8;3,8;
2021/04/29;0300 UTC;0;985,7;985,8;985,6;;24,1;21,9;25;24,1;22;21,5;87;81;87;86;6,3;1;
2021/04/29;0400 UTC;4,6;985,1;985,7;985,1;;22,9;21,4;24,1;22,9;21,8;21,3;91;87;91;83;8,8;,9;
2021/04/29;0500 UTC;2,4;984,7;985,1;984,7;;22,7;21,3;23;22,7;21,5;21,2;92;91;91;108;3,4;0;
2021/04/29;0600 UTC;,2;984,9;985;984,6;;23,2;21,7;23,2;22,7;21,8;21,3;92;91;92;232;0;0;
2021/04/29;0700 UTC;4,6;984,7;984,9;984,7;;23,2;21,8;23,4;23,1;21,9;21,6;92;91;92;133;0;0;
2021/04/29;0800 UTC;4,6;985,4;985,4;984,7;;23;21,5;23,2;22,8;21,8;21,4;92;92;92;86;3,2;0;
2021/04/29;0900 UTC;0;986;986;985,4;6,8;23;21,6;23,1;22,8;21,8;21,4;92;91;92;312;0;0;
2021/04/29;1000 UTC;0;986,6;986,6;986;268,4;23,4;21,9;23,5;23;22;21,5;92;91;91;323;0;0;
2021/04/29;1100 UTC;0;987,1;987,1;986,6;1153,8;25,5;22,3;26,5;23,4;24;22;91;82;82;98;2;,1;
2021/04/29;1200 UTC;0;987,3;987,3;987,1;1131,1;26,3;21,1;26,4;25,5;22,8;21,1;84;73;73;96;3;0;
2021/04/29;1300 UTC;0;987,2;987,3;987,1;2132,7;27,9;21,3;28,2;26,3;22,1;20,8;74;66;67;43;5,1;,2;
2021/04/29;1400 UTC;0;986,6;987,2;986,6;2030,1;28,8;20,1;28,8;27,6;21,9;20,1;69;59;59;118;3,6;0;
2021/04/29;1500 UTC;0;985,9;986,6;985,9;3101,9;29,9;20,5;30;28,3;21,6;19,3;62;56;57;105;6,9;,5;
2021/04/29;1600 UTC;0;984,9;985,9;984,9;2151,3;29,9;19,8;30,3;28,5;21,1;19,5;62;54;55;101;6,9;,3;
2021/04/29;1700 UTC;0;984,1;984,9;984,1;2381,6;29,8;20,1;30,8;29,1;21,1;18,9;60;51;56;111;6,1;,2;
2021/04/29;1800 UTC;0;983,3;984,1;983,3;2346,1;30,4;19,6;30,6;29,7;20,9;19,2;58;51;53;99;6,1;0;
2021/04/29;1900 UTC;0;983,2;983,3;983,1;1569,6;30,3;19,9;30,7;29,9;20,9;19;57;51;54;93;4,1;0;
2021/04/29;2000 UTC;0;983,2;983,4;983,2;684,6;28,9;20,6;30,3;28,9;23,1;18,8;68;50;61;88;0;0;
2021/04/29;2100 UTC;0;983,7;983,7;983,2;46,2;25,9;22,8;28,9;25,9;23,5;20,6;83;61;83;184;0;0;
2021/04/29;2200 UTC;0;984,3;984,3;983,7;;24,7;22,6;25,9;24,7;22,9;22,5;88;83;88;236;0;0;
2021/04/29;2300 UTC;0;985;985;984,3;;24,8;22,7;25;24,5;23,1;22,4;89;88;88;196;0;0;
2021/04/30;0000 UTC;0;986,1;986,1;985;;25,5;22,5;25,7;24,8;23,4;22,5;89;84;84;235;0;0;
2021/04/30;0100 UTC;0;986,7;986,7;986,1;;24,8;21,6;25,7;24,7;22,4;21,3;84;78;83;342;0;0;
2021/04/30;0200 UTC;10;987;987,2;986,7;;23,6;21,6;24,8;23,1;22;20,8;89;83;89;63;5,8;0;
2021/04/30;0300 UTC;,6;987;987,1;986,9;;23,2;21,5;23,7;23,2;22;21,5;91;89;90;353;0;0;
2021/04/30;0400 UTC;3,6;986,8;987,1;986,8;;23,1;21,5;23,5;22,8;21,9;21,2;92;90;91;82;7,6;1,8;
2021/04/30;0500 UTC;3,4;986,7;986,9;986,6;;22,7;21,2;23,1;22,6;21,4;21;91;90;91;135;7,6;0;
2021/04/30;0600 UTC;1,2;986,6;986,7;986,5;;22,7;21,3;22,8;22,6;21,4;21,1;92;91;92;356;0;0;
2021/04/30;0700 UTC;0;986,4;986,6;986,4;;22,7;21,3;22,9;22,7;21,5;21,3;92;92;92;269;0;0;
2021/04/30;0800 UTC;0;986,2;986,4;986,1;;22,5;21,1;22,8;22,5;21,4;21,1;92;92;92;298;0;0;
2021/04/30;0900 UTC;0;986,6;986,6;986,2;9,5;22,3;22,1;22,5;22,1;22,3;20,9;100;92;99;359;0;0;
2021/04/30;1000 UTC;0;987;987;986,5;333,9;22,9;21,8;23,2;22,3;22,7;21,6;100;94;94;15;0;0;
2021/04/30;1100 UTC;0;987,7;987,7;987;1619,3;25,5;22,6;25,6;22,9;24,1;21,8;94;83;84;30;2;,4;
2021/04/30;1200 UTC;0;988,2;988,3;987,7;1517,9;26,4;20,4;26,5;25,3;23,6;19,7;87;67;70;129;2,5;0;
2021/04/30;1300 UTC;0;988;988,2;988;2299,6;27,3;19,4;27,4;26,2;20,6;19,2;70;62;62;175;5,7;,9;
2021/04/30;1400 UTC;0;987,2;988;987,2;2776,8;28,5;20,2;28,5;27,3;20,5;19;64;59;61;160;6;,1;
2021/04/30;1500 UTC;0;986,2;987,2;986,2;3479,7;29,2;19,4;29,3;28,3;20,6;18,7;62;54;56;170;5,6;1,4;
2021/04/30;1600 UTC;0;985,4;986,2;985,4;3331,2;30,2;19,2;30,2;29,1;20,2;18,2;58;49;52;164;5,9;1,3;
2021/04/30;1700 UTC;0;984,7;985,4;984,7;2588,4;30,3;18,5;30,8;29,6;19,7;17,8;54;47;49;196;6,1;,1;
2021/04/30;1800 UTC;0;984,2;984,7;984,2;1583,3;30;19,1;30,7;29,3;20,1;17,9;57;47;52;219;4,1;2,1;
2021/04/30;1900 UTC;0;983,9;984,2;983,9;1304,1;30,4;18,9;31,3;30;20,5;18,2;57;46;50;149;4,1;0;
2021/04/30;2000 UTC;0;983,9;983,9;983,7;741,6;29,8;19;31,4;29,8;19,8;17,8;54;46;52;216;2,6;1,5;
2021/04/30;2100 UTC;0;983,5;983,9;983,5;84,5;26,7;20,6;30,3;26,7;20,7;19;70;52;70;189;2,5;,6;
2021/04/30;2200 UTC;0;983,9;983,9;983,5;;25,9;20,9;26,7;25,9;21;20,3;74;69;74;193;1,9;0;
2021/04/30;2300 UTC;0;984,7;984,7;983,9;;25,6;22;25,9;24,7;22,1;20,9;83;74;81;202;0;0;
2021/05/01;0000 UTC;0;985,6;985,6;984,7;;24,6;21,1;25,6;24,6;21,9;20,7;81;78;81;73;4,8;0;
2021/05/01;0100 UTC;0;985,9;985,9;985,6;;25,2;21,8;25,3;24,6;21,8;21,1;84;80;82;122;0;0;
2021/05/01;0200 UTC;0;986;986,1;985,8;;24,7;21,9;25,2;24,3;22,1;21,7;87;82;85;142;0;0;
2021/05/01;0300 UTC;0;985,7;986;985,7;;24,8;19,3;25,4;24,7;21,8;19,3;85;71;71;133;3,5;0;
2021/05/01;0400 UTC;0;985,2;985,7;985,2;;23,6;19,3;25,3;23,6;19,4;18,9;77;68;77;127;4,2;0;
2021/05/01;0500 UTC;0;984,9;985,2;984,9;;23,5;19,3;23,6;23;19,7;19,3;80;77;77;138;0;0;
2021/05/01;0600 UTC;0;985;985;984,9;;22,2;19,1;23,8;22,2;19,2;18,8;82;75;82;142;0;0;
2021/05/01;0700 UTC;0;985,2;985,2;984,9;;23,1;18,5;23,4;21,7;19,4;18,5;85;75;75;150;0;0;
2021/05/01;0800 UTC;0;985,5;985,5;985,2;;22,2;18,5;24,1;22,1;18,5;18;80;70;80;117;5,4;0;
2021/05/01;0900 UTC;0;985,8;985,8;985,4;4,6;23,2;18,1;23,6;22,2;18,6;18;80;72;73;162;5,1;1,5;
2021/05/01;1000 UTC;0;986,4;986,4;985,7;437,7;24,9;18,3;24,9;23,2;18,6;18,2;73;67;67;130;5,1;0;
2021/05/01;1100 UTC;0;987,1;987,1;986,4;1250,3;26,2;18,8;26,2;24,9;19,4;18,3;69;63;64;138;0;0;
2021/05/01;1200 UTC;0;987,3;987,5;987,1;2160,2;27,5;18,8;27,5;26,1;19,3;18,2;65;59;59;148;7,2;2,8;
2021/05/01;1300 UTC;0;987,3;987,5;987,3;2285,3;27,6;19,1;28,1;27;19,7;18,1;62;56;60;171;8,2;3,6;
2021/05/01;1400 UTC;0;986,6;987,3;986,6;2552,8;28,7;19,1;28,8;27,4;19,6;18,2;61;54;56;167;8,2;3,7;
2021/05/01;1500 UTC;0;985,8;986,7;985,8;2833,7;29,9;18,9;30;28,7;19,7;18,1;57;51;52;167;6,6;2,6;
2021/05/01;1600 UTC;0;985,1;985,8;985,1;2250,7;29,7;19,2;30,3;29;20,2;18,1;57;50;53;160;5,8;2,4;
2021/05/01;1700 UTC;0;984,3;985,1;984,3;2422,1;30,3;19,8;31,4;29,6;20,8;18,4;56;47;54;111;4,7;3;
2021/05/01;1800 UTC;0;983,7;984,3;983,7;1856,5;30,2;19;31,9;29,8;20,4;17,7;55;44;51;141;5,2;1,8;
2021/05/01;1900 UTC;0;983,6;983,7;983,5;1348,5;30,8;18,7;31,2;29,3;20,3;18,2;55;47;49;118;4,8;1,9;
2021/05/01;2000 UTC;0;983,8;983,8;983,6;771,1;29,9;20,3;30,8;29,9;20,9;18,2;57;47;56;66;3,3;,8;
2021/05/01;2100 UTC;0;984,4;984,4;983,8;65,9;26,1;22,3;29,9;26,1;22,3;20,3;80;57;80;193;2,1;0;
2021/05/01;2200 UTC;0;985,3;985,3;984,4;;26,9;20,8;27,1;25,9;22,7;19,8;82;65;69;196;3,2;1,5;
2021/05/01;2300 UTC;0;986,5;986,5;985,3;;26,4;20,3;27;26,2;21;20,3;73;67;69;164;5,4;2,6;
2021/05/02;0000 UTC;0;986,6;986,7;986,5;;25,8;19,8;26,9;25,8;20,3;19,4;69;65;69;214;6,9;2,5;
2021/05/02;0100 UTC;0;987,3;987,3;986,6;;24,9;20,4;25,8;24,9;20,5;19,8;76;69;76;100;4,9;,5;
2021/05/02;0200 UTC;0;987,7;987,8;987,3;;24,9;20,1;25,5;24,7;20,5;19,6;77;70;75;98;4,8;2,3;
2021/05/02;0300 UTC;0;987,1;987,8;987,1;;23,3;19,7;24,9;23,3;20,6;19,7;81;75;80;61;4,8;,6;
2021/05/02;0400 UTC;0;986,3;987,1;986,3;;24,3;20,4;24,3;23,1;20,8;19,7;84;79;79;163;3,4;2;
2021/05/02;0500 UTC;0;985,9;986,3;985,9;;22,9;20,4;24,3;22,9;20,7;20,2;86;79;86;75;3,4;,7;
2021/05/02;0600 UTC;0;986;986;985,8;;22,3;20,4;22,9;22,3;20,5;20,4;89;86;89;64;1,8;0;
2021/05/02;0700 UTC;0;985,9;986;985,8;;21,9;20,2;22,3;21,9;20,5;20,1;90;89;90;302;1,4;,1;
2021/05/02;0800 UTC;0;986,3;986,3;985,8;;21,8;20,2;21,9;21,7;20,2;20;91;90;90;301;,8;0;
2021/05/02;0900 UTC;0;986,8;986,8;986,3;6;22,1;20,5;22,2;21,8;20,6;20,2;91;90;90;318;0;0;
2021/05/02;1000 UTC;0;987,3;987,3;986,8;205,8;23,2;21,5;23,2;22,1;21,5;20,5;91;90;90;327;0;0;
2021/05/02;1100 UTC;0;987,6;987,7;987,3;985,6;26,1;20,4;26,1;23,1;22;19,9;90;70;71;201;3,1;1,4;
2021/05/02;1200 UTC;0;987,8;987,8;987,6;2341;27,4;19,8;27,5;26,1;20,9;19,4;73;63;63;187;5,9;1,5;
2021/05/02;1300 UTC;0;987,7;987,9;987,7;2281;28,2;19,6;28,4;26,9;20,5;18,9;66;58;60;175;4,3;1,6;
2021/05/02;1400 UTC;0;987,1;987,7;987,1;3383,7;29,2;20,1;29,6;27,9;20,5;18,8;62;56;58;143;5;2,1;
2021/05/02;1500 UTC;0;986,1;987,1;986,1;2053,7;29,2;20,2;29,5;28,5;20,7;19,5;61;56;58;76;3,9;1,6;
2021/05/02;1600 UTC;0;985,1;986,1;985,1;2208,1;30,2;19,6;30,2;27,7;21,5;18,8;66;53;53;268;4,3;1;
2021/05/02;1700 UTC;0;984,4;985,1;984,4;2699,8;29,4;20,8;31,4;29;21,3;19,2;60;48;60;282;6;2,4;
2021/05/02;1800 UTC;,4;983,9;984,5;983,9;1941;29,7;20,5;31,4;27,4;22,3;19,2;68;54;58;240;4,1;1,1;
2021/05/02;1900 UTC;,2;984,3;984,3;983,9;1429,2;27,2;21,3;30,2;27;22,8;20;70;55;70;232;9,3;4,8;
2021/05/02;2000 UTC;,4;984,6;984,7;984,3;530;25,3;21,7;27,2;25,1;21,7;20,9;82;70;80;222;9,3;3,1;
2021/05/02;2100 UTC;0;985,2;985,3;984,6;56,1;25,2;21,6;25,4;25,2;21,8;21,5;81;80;80;209;5;2,4;
2021/05/02;2200 UTC;0;986;986;985,2;;25,3;21,1;25,4;25,1;21,6;21,1;81;78;78;205;5;2;
2021/05/02;2300 UTC;0;986,8;986,8;986;;25,4;20,7;25,6;25,2;21,1;20,5;78;73;75;200;4,7;1;
2021/05/03;0000 UTC;0;987,1;987,2;986,8;;24,6;21,6;25,4;24,6;21,7;20,6;84;75;84;110;3,1;0;
2021/05/03;0100 UTC;0;987;987,2;986,9;;25,1;20,7;25,1;24,2;21,9;20,7;86;77;77;208;4,1;1,3;
2021/05/03;0200 UTC;0;986,8;987,1;986,8;;25;20,6;25,2;24,7;20,7;20,4;78;75;77;206;5,1;1,4;
2021/05/03;0300 UTC;0;986,6;986,8;986,6;;25;20,4;25;24,5;20,8;20,4;79;76;76;205;3,7;,5;
2021/05/03;0400 UTC;0;985,9;986,6;985,9;;24,3;19,9;25;24,1;20,3;19,5;77;72;76;182;2,8;,3;
2021/05/03;0500 UTC;0;985,7;985,9;985,6;;24,4;19;24,7;24,3;20;18,9;77;71;72;203;4,6;2,5;
2021/05/03;0600 UTC;0;985,8;985,9;985,6;;23,7;18,9;24,4;23,7;19,1;18,9;75;72;74;245;4,3;1,2;
2021/05/03;0700 UTC;0;985,7;985,8;985,6;;23,6;18,5;23,8;23,2;18,9;18,5;76;73;73;155;3,9;1,4;
2021/05/03;0800 UTC;0;986;986;985,6;;22,5;18,6;23,6;22,5;18,7;18;79;71;79;351;3,6;0;
2021/05/03;0900 UTC;0;986,3;986,3;986;4,8;22,4;19,5;22,5;22;19,5;18,6;84;79;84;16;2,3;,9;
2021/05/03;1000 UTC;0;986,7;986,7;986,3;125,1;23,2;19,5;23,3;22,4;19,7;19,4;84;80;80;128;1,9;0;
2021/05/03;1100 UTC;0;987;987;986,7;502,7;24,8;18,1;24,8;23,1;20;18;81;66;66;122;1,9;,2;
2021/05/03;1200 UTC;0;987,5;987,6;987;1207;25,5;18,5;25,7;24,8;18,9;17,2;69;61;65;130;3,4;2,1;
2021/05/03;1300 UTC;0;987,4;987,6;987,4;2472,6;26,9;18,1;27,1;25,5;18,9;17,7;65;57;58;180;6,4;2,9;
2021/05/03;1400 UTC;0;986,8;987,4;986,8;3165,7;28,4;19;29;26,6;19,7;17,6;61;54;57;140;6,6;1,4;
2021/05/03;1500 UTC;0;985,5;986,8;985,5;3303,7;28,9;18,8;29,3;28;19,8;18;60;52;54;158;6,1;3,5;
2021/05/03;1600 UTC;0;984,4;985,5;984,4;2832,5;29,3;18,2;29,8;28,6;19,8;17,2;57;50;51;179;6,3;3,1;
2021/05/03;1700 UTC;0;983,8;984,4;983,8;2583,5;30,5;18,8;30,6;29,1;20;18;55;48;50;158;7,1;2,2;
2021/05/03;1800 UTC;0;983,3;983,8;983,3;2189,4;30,3;19,4;30,6;29,7;19,5;17,6;53;47;52;184;4,5;1,9;
2021/05/03;1900 UTC;0;983,3;983,4;983,3;1458,3;29,7;18,8;30,5;29,4;19,5;17,5;55;47;52;165;4,3;1,5;
2021/05/03;2000 UTC;0;983,2;983,3;983,1;726,5;28,8;18,7;29,9;28,8;19;17,6;55;48;55;219;4,2;2,1;
2021/05/03;2100 UTC;0;984,1;984,1;983,2;66,6;27;19,2;28,8;27;19,2;18,5;62;54;62;193;3,8;1,5;
2021/05/03;2200 UTC;0;984,7;984,7;984,1;;26;19;27;25,9;19,6;19;68;62;65;208;3,9;1,4;
2021/05/03;2300 UTC;0;985,6;985,6;984,7;;25,5;19,1;26;25,5;19,3;19;68;65;68;192;2,9;1,5;
2021/05/04;0000 UTC;0;986,1;986,1;985,6;;25,5;19,1;25,6;25,1;19,7;19;72;67;68;186;3,1;1,6;
2021/05/04;0100 UTC;0;986,2;986,3;986;;25,7;19,1;26,2;25,5;19,2;18,6;68;63;67;156;3,3;,9;
2021/05/04;0200 UTC;0;986,2;986,3;986;;25,9;17,9;26,3;24,6;20,2;17,8;76;60;61;146;5,1;2;
2021/05/04;0300 UTC;0;986;986,3;986;;24,7;19,8;26;24,3;20,3;17,8;78;61;74;100;4,2;1,5;
2021/05/04;0400 UTC;0;985,8;986;985,5;;24,1;19;25,5;24,1;19,8;18,5;74;66;73;102;4,3;1,3;
2021/05/04;0500 UTC;0;985,1;985,8;985,1;;23;19,9;24;23;19,9;19;83;73;83;128;2,6;1,4;
2021/05/04;0600 UTC;0;985,2;985,2;985;;23;20,1;23,1;22,7;20,2;19,9;85;83;84;80;1,8;0;
2021/05/04;0700 UTC;0;985,2;985,3;985,2;;22,6;20,3;23;22,6;20,4;20;87;84;87;98;1,5;1,1;
2021/05/04;0800 UTC;0;985,7;985,7;985,2;;22,4;20,4;22,8;22,4;20,5;20,3;89;87;89;259;1,3;0;
2021/05/04;0900 UTC;0;985,8;985,8;985,6;9,4;22,2;20,4;22,4;22,1;20,6;20,3;90;89;90;113;0;0;
2021/05/04;1000 UTC;0;986,6;986,7;985,8;473;24,3;21,8;24,3;22,2;21,9;20,4;90;86;86;318;1,6;0;
2021/05/04;1100 UTC;0;987,4;987,4;986,6;898,6;25,5;20,1;25,8;24,3;22,1;20,1;86;72;72;138;0;0;
2021/05/04;1200 UTC;0;987,9;987,9;987,3;1668,2;27,2;19,3;27,9;25,5;20,6;18,8;72;61;62;136;4,4;2,2;
2021/05/04;1300 UTC;0;987,7;988;987,6;1701,3;27,4;19,3;28,4;26,5;19,8;18,8;66;57;61;180;4,8;2;
2021/05/04;1400 UTC;0;987,2;987,7;987,2;2446,6;27,6;19,1;29,3;27,2;20,5;18,7;63;55;60;142;5,2;2,5;
2021/05/04;1500 UTC;0;986,3;987,2;986,3;2538,7;28,8;18,7;30;27,4;20,6;18,7;64;53;54;147;6,4;2,4;
2021/05/04;1600 UTC;0;985,3;986,3;985,3;3100,9;29,3;20;30,5;28,8;21,4;18,2;61;50;57;84;6,9;3,4;
2021/05/04;1700 UTC;0;984,4;985,3;984,4;1679,5;30;19,9;30;27,1;22,5;19,4;70;55;55;215;5,7;2;
2021/05/04;1800 UTC;0;984;984,4;984;1807,4;29,9;20;31,2;28,3;20,6;18,5;59;49;55;80;5,8;2,5;
2021/05/04;1900 UTC;0;984,1;984,1;983,8;1315,8;28,6;20,5;30,7;28,6;20,9;18,4;62;49;62;51;5,8;,9;
2021/05/04;2000 UTC;0;984,5;984,5;984,1;369,2;26,4;20,8;28,6;26,4;21,2;20,4;73;62;71;46;3,6;1,1;
2021/05/04;2100 UTC;0;985;985,1;984,5;41,9;25,9;21,5;26,6;25,8;21,5;20,7;77;71;77;95;1,9;0;
2021/05/04;2200 UTC;,2;985,6;985,6;985;;25;21,9;25,9;25;22;21,5;83;77;83;298;2,6;0;
2021/05/04;2300 UTC;0;986,5;986,5;985,6;;24,3;21,3;25,1;24,3;22,4;21,3;86;83;83;57;2,7;0;
2021/05/05;0000 UTC;0;987,7;987,7;986,5;;23,8;21,2;24,4;23,8;21,7;21,2;86;83;85;100;4,6;2,7;
2021/05/05;0100 UTC;0;988;988,1;987,6;;23,3;20,8;23,8;23,2;21,1;20,5;86;84;86;100;5,7;2,1;
2021/05/05;0200 UTC;0;988,2;988,2;988;1,6;23,4;21;23,5;23,3;21;20,8;86;86;86;100;3,7;1,4;
2021/05/05;0300 UTC;2,6;988;988,3;988;;22,6;20,7;23,4;22,6;21;20,6;89;86;89;117;5,3;2,7;
2021/05/05;0400 UTC;5,4;987,4;988;987,4;;22,2;20,6;22,6;22;20,7;20,2;91;89;90;71;5,3;,8;
2021/05/05;0500 UTC;,8;986,9;987,4;986,9;2,8;22,3;20,7;22,3;21,9;20,7;20,3;91;90;91;305;2,3;0;
2021/05/05;0600 UTC;,2;986,6;986,9;986,5;1,8;22,4;20,8;22,5;22,1;20,9;20,5;91;91;91;39;0;0;
2021/05/05;0700 UTC;,2;987;987;986,4;;22,5;21;22,6;22,3;21;20,7;91;91;91;52;0;0;
2021/05/05;0800 UTC;,8;987,5;987,5;987;;22,3;20,8;22,6;22,2;21;20,7;91;91;91;56;1,7;0;
2021/05/05;0900 UTC;1,8;987,8;987,8;987,5;0;22,2;20,8;22,4;22,2;20,9;20,8;91;91;91;37;0;0;
2021/05/05;1000 UTC;,4;988,5;988,5;987,8;121;22,1;20,6;22,2;21,9;20,8;20,4;92;91;91;36;0;0;
2021/05/05;1100 UTC;,2;989,1;989,1;988,4;244,7;22,5;20,9;22,5;22,1;21;20,6;91;91;91;129;0;0;
2021/05/05;1200 UTC;,8;989,4;989,4;989,1;565,5;23,6;21,7;23,6;22,4;21,8;20,9;91;89;89;259;0;0;
2021/05/05;1300 UTC;,2;989,5;989,5;989,4;1204,5;25,5;22,3;25,5;23,5;22,5;21,5;89;83;83;46;0;0;
2021/05/05;1400 UTC;0;988,9;989,5;988,9;1807,5;26;21,3;26,1;24,9;22,1;20,6;83;74;75;246;2,1;0;
2021/05/05;1500 UTC;0;987,6;989;987,6;1919;26,9;21,4;27,1;25,7;21,9;20,5;76;71;72;260;2,5;,7;
2021/05/05;1600 UTC;0;986,3;987,6;986,3;2403,2;28;21,2;28,2;26,8;22;20,7;73;66;67;298;3,6;1,4;
2021/05/05;1700 UTC;0;985,1;986,3;985,1;2260;28,9;21,4;28,9;27,9;22,5;20,8;69;63;64;261;2,9;0;
2021/05/05;1800 UTC;0;984,1;985,1;984,1;1834,7;29,1;20,9;30,1;28,4;21,9;20,5;66;60;61;184;2,4;,6;
2021/05/05;1900 UTC;0;984,3;984,4;984;1525,2;29,7;20,2;30,5;28,9;22,3;20,2;64;56;57;100;2,7;,3;
2021/05/05;2000 UTC;0;984,5;984,5;984,3;741,7;27,9;22,1;30,7;27,9;22,1;20,2;71;57;71;67;2,2;,3;
2021/05/05;2100 UTC;0;985,1;985,1;984,5;57,2;25,5;22,7;28,4;25,4;23,1;22,2;85;71;85;118;1,5;0;
2021/05/05;2200 UTC;0;985,6;985,6;985;;25;23;25,5;24,9;23;22,6;89;85;89;295;1;0;
2021/05/05;2300 UTC;0;986,3;986,3;985,6;;25,2;23;25,3;24,9;23,3;22,9;89;88;88;251;2,2;1,2;
2021/05/06;0000 UTC;,4;986,9;986,9;986,3;;24,9;22,5;25,7;24,9;23,1;22,4;88;84;86;59;4,3;1,1;
2021/05/06;0100 UTC;0;987;987,2;987;;24,1;22,1;24,8;24,1;22,6;22;89;87;88;74;2,7;1;
2021/05/06;0200 UTC;1;986,8;987,1;986,6;;23,8;22;24,1;23,7;22,1;21,8;90;88;90;187;3,4;,3;
2021/05/06;0300 UTC;1;986,9;987;986,5;;23,2;21,6;23,9;23,2;22,2;21,4;91;90;90;69;5,8;1,5;
2021/05/06;0400 UTC;2;986,4;986,9;986,4;;22,6;21,2;23,2;22,6;21,6;21,1;92;90;92;316;4,4;1,4;
2021/05/06;0500 UTC;3,2;986;986,4;986;;22,3;21;22,6;22,2;21,4;20,9;93;92;92;152;7;4,4;
2021/05/06;0600 UTC;10,4;985,7;986;985,6;;22,4;21,1;22,5;22;21,4;20,7;98;92;92;131;8,5;3,2;
2021/05/06;0700 UTC;11,2;985,5;985,7;985,3;0;22,2;20,3;22,6;22,2;21,2;20,3;92;89;89;160;6,8;2,5;
2021/05/06;0800 UTC;9;986;986;985,5;;22,5;20,8;22,6;22,1;20,9;20,3;90;89;90;151;4,4;,2;
2021/05/06;0900 UTC;7,6;986,4;986,4;986;12,8;22,5;20,9;22,5;22,4;20,9;20,7;91;90;91;141;1,4;0;
2021/05/06;1000 UTC;6,6;986,9;986,9;986,4;262,7;23,1;21,6;23,3;22,5;21,8;20,9;92;91;91;141;,5;0;
2021/05/06;1100 UTC;5,8;987,6;987,6;986,9;1474,7;26,2;21,5;26,3;23,1;23,5;21,4;92;75;75;96;1,8;0;
2021/05/06;1200 UTC;5,6;988,1;988,1;987,6;1023,2;25,8;20;26,2;25,2;21,9;20;81;70;70;181;2,6;1;
2021/05/06;1300 UTC;4,8;988,2;988,2;988,1;2142,7;27,5;19;27,8;25,8;20,6;19;72;60;60;148;5,3;2,4;
2021/05/06;1400 UTC;4;987,5;988,2;987,4;2814,2;28,1;19,6;28,6;27,1;21,1;18,8;66;58;60;96;5,4;2,9;
2021/05/06;1500 UTC;1;986,5;987,5;986,5;2582,9;28,4;20,1;28,9;27,9;20,6;18,6;62;55;61;138;5,6;2,4;
2021/05/06;1600 UTC;0;985,7;986,5;985,7;2508,5;29,1;20,2;29,6;28,3;21,4;18,8;62;55;59;114;5,2;2,6;
2021/05/06;1700 UTC;0;984,9;985,7;984,9;2905,3;30;19,2;31,4;29;20,6;18,6;60;50;52;172;4,9;,7;
2021/05/06;1800 UTC;0;984,6;984,9;984,6;2586,3;30,2;20,4;31,5;30,1;20,9;18,8;56;49;56;106;3,5;1,3;
2021/05/06;1900 UTC;0;984,5;984,6;984,5;1452,8;29,9;20,3;31,1;28,8;20,7;18,5;60;49;56;192;3,3;,9;
2021/05/06;2000 UTC;0;985;985;984,5;385,7;29,2;21,2;29,9;28;22,8;19,3;73;53;62;120;2;0;
2021/05/06;2100 UTC;0;985,6;985,6;985;50,1;26;22,7;29,2;26;22,8;20,5;82;61;82;137;1,9;,1;
2021/05/06;2200 UTC;0;986,3;986,3;985,6;;25,6;22,3;26,2;25,6;23;22,3;84;80;82;317;2,5;0;
2021/05/06;2300 UTC;0;987;987,1;986,3;;25,3;21,6;26,1;25,3;22,5;21,5;83;77;80;35;4,6;,6;
2021/05/07;0000 UTC;0;987,4;987,4;987;;25;22,1;25,3;25;22,1;21,6;84;80;84;266;1,7;0;
2021/05/07;0100 UTC;0;987,7;987,8;987,4;;25,3;22,3;25,3;24,9;22,3;22;85;83;84;206;2,4;1,3;
2021/05/07;0200 UTC;0;987,5;987,8;987,5;;24,8;22,3;25,3;24,8;22,3;22,1;86;84;86;297;3,1;0;
2021/05/07;0300 UTC;0;987,4;987,6;987,4;;24,9;22,5;24,9;24,6;22,6;22,3;87;86;87;214;2,4;1,4;
2021/05/07;0400 UTC;0;987;987,4;986,9;;24,2;22;24,9;24,2;22,5;22;87;86;87;324;2,6;0;
2021/05/07;0500 UTC;0;986,9;987;986,6;;23,9;22,1;24,2;23,7;22,1;21,7;89;87;89;83;3,2;1,8;
2021/05/07;0600 UTC;0;986,7;986,9;986,5;;23,7;22,1;24;23,6;22,2;21,9;91;89;91;138;3,2;,9;
2021/05/07;0700 UTC;0;986,7;986,7;986,5;;23,5;21,8;23,7;23,3;22,1;21,7;91;90;91;105;3,1;1,8;
2021/05/07;0800 UTC;0;987,5;987,5;986,6;;23,3;21,4;23,6;23,3;21,8;21,4;91;89;89;112;3,4;,5;
2021/05/07;0900 UTC;0;988;988;987,4;3,2;23,2;21,5;23,3;23,2;21,5;21,4;90;89;90;138;1,7;,8;
2021/05/07;1000 UTC;0;989;989;988;141,1;23,8;21,9;23,8;23,2;21,9;21,4;90;89;89;39;1,9;0;
2021/05/07;1100 UTC;0;989,8;989,8;989;889,1;26;21,2;26,3;23,8;22,7;21,2;89;75;75;86;1,4;,1;
2021/05/07;1200 UTC;0;989,9;990;989,8;2187,8;27,8;21;27,8;25,6;22,1;20,4;78;67;67;76;4,9;2,5;
2021/05/07;1300 UTC;0;989,6;989,9;989,6;3005,3;28,1;20,9;28,7;27,1;21,6;19,6;71;61;65;99;6,1;2,1;
2021/05/07;1400 UTC;0;988,8;989,6;988,8;3318,5;28,4;20;29,1;27,6;21,4;19,4;66;58;60;99;6,3;3,4;
2021/05/07;1500 UTC;0;987,8;988,8;987,8;2284,8;29,4;20,8;29,4;27,6;21,1;19,4;66;57;60;106;6,6;2,2;
2021/05/07;1600 UTC;0;986,6;987,8;986,6;3131;29,3;19,8;30;28,9;20,3;18,9;59;53;57;123;4,8;1,9;
2021/05/07;1700 UTC;0;985,8;986,6;985,8;1866,7;29,5;19,9;30,3;28,3;20,9;19,3;62;52;56;119;5,4;1,3;
2021/05/07;1800 UTC;0;985,4;985,8;985,4;2260,1;30,5;20,6;30,7;28,5;21,4;19,2;61;54;56;69;4,6;1,7;
2021/05/07;1900 UTC;0;985,3;985,4;985,2;1608,4;29,6;20,1;30,5;29,4;21,1;19,7;60;54;57;75;4;1,9;
2021/05/07;2000 UTC;0;985,8;985,8;985,3;713,3;28,6;20,7;30,1;28,6;21,2;19,8;63;55;63;93;3,4;1,1;
2021/05/07;2100 UTC;0;986;986;985,8;42,3;26;22,3;28,6;25,9;22,4;20,7;80;63;80;124;1,8;,2;
2021/05/07;2200 UTC;0;986,5;986,5;986;;24,6;22,1;26;24,5;22,4;21,8;86;80;86;316;,7;0;
2021/05/07;2300 UTC;0;987;987;986,5;;24,9;22,7;24,9;24,1;22,7;21,9;88;86;88;203;2,5;1,5;
2021/05/08;0000 UTC;0;987,6;987,6;987;;24,4;21,9;25;24,4;22,8;21,9;88;85;86;277;2,5;0;
2021/05/08;0100 UTC;0;987,9;987,9;987,6;;24,3;22,4;24,4;24;22,4;21,8;89;86;89;210;2,1;1,3;
2021/05/08;0200 UTC;0;988;988;987,9;;23,5;21,6;24,3;23,5;22,3;21,6;89;88;89;301;2,1;0;
2021/05/08;0300 UTC;0;988,1;988,1;988;;23,5;21,8;23,7;23,4;22;21,6;90;89;90;141;1,3;,5;
2021/05/08;0400 UTC;0;987,6;988,1;987,6;;24;22,2;24;23,5;22,3;21,8;90;90;90;53;2,1;,2;
2021/05/08;0500 UTC;0;987,3;987,6;987,2;;23,9;22,2;24,1;23,8;22,4;22;90;90;90;66;1,5;,5;
2021/05/08;0600 UTC;0;987,1;987,3;987;;24,2;22,4;24,2;23,9;22,4;22,1;90;89;90;237;1,5;0;
2021/05/08;0700 UTC;0;987,4;987,4;987,1;;24;22,2;24,2;23,8;22,4;22;90;89;90;160;1,3;,2;
2021/05/08;0800 UTC;,2;987,5;987,6;987,3;;23,6;21,9;24,1;23,6;22,4;21,9;90;90;90;119;1,3;0;
2021/05/08;0900 UTC;0;988,2;988,2;987,4;2,6;23,5;21,9;23,6;23,2;21,9;21,6;91;90;91;87;2,4;,6;
2021/05/08;1000 UTC;0;988,8;988,8;988,2;155,6;24,1;22,4;24,1;23,5;22,4;21,9;91;91;91;101;2;1,2;
2021/05/08;1100 UTC;0;989,5;989,5;988,8;1336,8;26,4;21,8;26,4;24;23,3;21,5;91;75;76;90;4,2;2,5;
2021/05/08;1200 UTC;0;989,5;989,6;989,5;1832,2;27,5;21;27,8;25,8;21,9;20,9;76;67;68;104;4,5;2,4;
2021/05/08;1300 UTC;0;989,4;989,6;989,4;2983;28,4;20,8;28,6;27,5;21,9;20,3;70;63;64;93;4,4;2,4;
2021/05/08;1400 UTC;0;988,7;989,4;988,7;3175,2;29,4;21,6;29,4;28,3;21,6;19,4;64;57;63;178;6,9;1,8;
2021/05/08;1500 UTC;0;987,9;988,7;987,9;3154,1;30,1;20,8;30,1;28,7;21,6;19,7;63;55;57;125;6,6;3,2;
2021/05/08;1600 UTC;0;986,9;987,9;986,9;2406,8;29,5;20,3;30,7;29,5;21,2;19,6;59;53;58;128;6,6;1,7;
2021/05/08;1700 UTC;0;986,2;986,9;986,2;2114,1;30,5;21,4;32,2;29,5;21,5;18,6;60;47;58;184;4,1;,7;
2021/05/08;1800 UTC;0;985,5;986,2;985,5;1781,9;31,4;20,8;31,6;29,6;21,5;19,7;61;51;54;79;2,7;,9;
2021/05/08;1900 UTC;0;985,2;985,5;985,2;1625,4;30,9;21;31,6;30,4;21,8;20,1;58;52;55;94;3,6;1,3;
2021/05/08;2000 UTC;0;985,5;985,5;985,2;633,7;29,3;20,4;31,6;29,3;21,9;19,6;61;51;59;169;4,5;1,3;
2021/05/08;2100 UTC;0;986;986;985,5;18,4;25,5;21,6;29,3;25,4;21,8;19,7;79;57;79;225;5,9;,3;
2021/05/08;2200 UTC;0;986,3;986,3;986;;26;21,6;26,5;25,5;22;21,6;80;75;77;217;3;1,8;
2021/05/08;2300 UTC;0;986,9;986,9;986,3;;25,3;21,7;26;25,3;21,9;21,5;81;77;81;203;3;1,2;
2021/05/09;0000 UTC;0;987,7;987,7;986,9;;24,1;21,7;25,3;24;21,9;21,1;86;81;86;282;2,2;0;
2021/05/09;0100 UTC;0;988,8;988,8;987,9;;26,3;18,5;26,7;24,2;22,3;18,5;87;62;62;162;5,7;1,9;
2021/05/09;0200 UTC;0;988,6;988,8;988,6;;26,5;18,3;26,5;26;18,5;18,3;63;61;61;167;6,5;4,2;
2021/05/09;0300 UTC;0;988,6;988,6;988,3;;26;18,2;26,5;26;18,5;18,1;63;60;62;144;7,2;3,5;
2021/05/09;0400 UTC;0;988,3;988,6;988,3;;25,3;17,9;26,1;25,3;18,4;17,9;65;62;64;126;6,9;2,4;
2021/05/09;0500 UTC;0;987,5;988,3;987,5;;25,2;17,8;25,4;24,6;18,1;17,8;67;63;64;142;6,2;3,3;
2021/05/09;0600 UTC;0;986,9;987,5;986,8;;24,8;17,8;25,2;24,6;18;17,7;67;63;65;140;6,2;2,6;
2021/05/09;0700 UTC;0;986,9;987;986,8;;24,2;17,6;25;24,2;17,8;17,6;67;64;67;162;5,6;2,6;
2021/05/09;0800 UTC;0;987,5;987,5;986,9;;23,8;17,8;24,3;23,7;17,9;17,7;70;67;69;143;5,4;2,3;
2021/05/09;0900 UTC;0;988,1;988,2;987,5;7,3;23,8;18;24,1;23,4;18;17,7;71;68;70;163;4,8;2,2;
2021/05/09;1000 UTC;0;988,4;988,4;988,1;453;25,1;18,3;25,1;23,7;19;17,9;72;66;66;116;4,5;1,7;
2021/05/09;1100 UTC;0;988,7;988,8;988,4;1297,8;26,1;18,4;26,2;25;19,1;18,1;70;61;62;160;7,1;3,4;
2021/05/09;1200 UTC;0;988,9;988,9;988,7;2134;27,1;18,5;27,2;26,1;19,1;18,1;64;58;60;149;7,2;4,1;
2021/05/09;1300 UTC;0;989,1;989,1;988,9;1704,6;27,8;19;27,9;26,5;19,5;17,8;61;57;59;160;7,8;2;
2021/05/09;1400 UTC;0;988,6;989,1;988,6;2582,8;27,9;19,3;28,4;27,5;19,5;18,2;60;55;59;135;9;4;
2021/05/09;1500 UTC;0;987,6;988,6;987,6;2782,8;29,2;18,9;29,3;27,8;19,7;18;60;52;54;134;7,6;3,9;
2021/05/09;1600 UTC;0;986,6;987,6;986,6;2410,2;28,9;18,8;29,4;28,6;19,8;18,2;57;52;54;146;7,1;3,1;
2021/05/09;1700 UTC;0;985,8;986,6;985,8;1762;28,7;19,1;29,9;28,6;20,4;18,3;58;52;56;146;7,2;2,9;
2021/05/09;1800 UTC;0;985,3;985,9;985,3;1259,8;28,8;19,7;29,3;28,5;20,4;18,9;60;55;58;121;4,6;1,8;
2021/05/09;1900 UTC;0;985,2;985,3;985;1083;30,1;20,1;30,1;28,8;20,9;19,1;60;54;55;64;2,8;0;
2021/05/09;2000 UTC;0;985,3;985,3;985;471,4;28,2;22,5;30,3;28,2;22,5;19,4;71;53;71;209;0;0;
2021/05/09;2100 UTC;0;985,7;985,7;985,3;37,5;25,2;21,9;28,2;25,2;22,6;21;82;67;82;46;0;0;
2021/05/09;2200 UTC;0;986,1;986,1;985,7;;24,4;22,1;25,2;24,3;22,2;21,7;87;82;87;129;0;0;
2021/05/09;2300 UTC;0;987,1;987,1;986,1;;25,2;21,1;25,3;24,4;22,7;21,1;88;78;78;134;4,1;2,1;
2021/05/10;0000 UTC;,2;987,9;987,9;987,1;;25,9;19,7;26;24,7;21,1;19,6;80;68;69;144;6,3;3,6;
2021/05/10;0100 UTC;0;988,1;988,1;987,9;;25,5;19,4;25,9;25,3;19,8;19,4;70;69;69;151;6,3;2,6;
2021/05/10;0200 UTC;0;988;988,1;988;;25,1;19,2;25,6;25;19,4;19,1;71;68;70;149;4,6;2;
2021/05/10;0300 UTC;0;987,9;988,2;987,9;;24,4;19,4;25,1;24,2;19,6;19,3;75;70;73;150;3,5;2,2;
2021/05/10;0400 UTC;0;987,3;987,9;987,3;;24,6;19;24,9;24,2;19,3;18,9;74;70;71;110;4,4;1,1;
2021/05/10;0500 UTC;0;986,6;987,3;986,6;;23,8;19;24,9;23,7;19,1;18,8;75;70;75;160;3,4;,2;
2021/05/10;0600 UTC;0;986,4;986,6;986,4;;22,8;18,7;24,2;22,8;19,1;18,6;78;72;78;168;3,5;0;
2021/05/10;0700 UTC;0;986,4;986,4;986,3;;23,7;18,3;23,9;22,2;19,3;18,3;83;72;72;141;4,3;2,2;
2021/05/10;0800 UTC;0;986,8;986,8;986,4;;22,9;18,4;23,7;22,7;18,5;18,2;76;72;76;140;4;1,5;
2021/05/10;0900 UTC;0;987,1;987,1;986,8;5,6;22,8;18,2;23,5;22,8;18,6;18,1;76;72;76;140;4,6;1,3;
2021/05/10;1000 UTC;0;987,7;987,7;987,1;455,4;25,1;18,5;25,1;22,8;18,5;17,9;76;65;67;155;5,7;1,2;
2021/05/10;1100 UTC;0;988,1;988,2;987,7;1304,5;26,3;18,5;26,3;25,1;19;18;68;61;62;174;4,5;2,4;
2021/05/10;1200 UTC;0;988,3;988,3;988,1;2361,1;27,3;19;27,7;26,2;19,5;18,3;65;58;61;155;6,9;3,6;
2021/05/10;1300 UTC;0;988,1;988,4;988,1;2642,1;27,9;19,1;28;26,7;19,5;18,3;63;57;59;147;8,6;4,3;
2021/05/10;1400 UTC;0;987,5;988,1;987,5;3052,5;28,6;18,9;28,6;27,6;19,6;17,9;61;54;56;174;9,5;2,7;
2021/05/10;1500 UTC;0;986,6;987,5;986,6;2617,3;28,4;18,6;29,4;28,1;19,9;18,2;58;52;56;173;7,9;3,6;
2021/05/10;1600 UTC;0;985,5;986,6;985,5;2286,5;28,5;19,5;30,2;28,1;20,2;18,5;60;51;58;165;6,2;2,9;
2021/05/10;1700 UTC;0;984,6;985,5;984,6;2519,8;29,7;18,5;30,6;28,5;20,1;18,2;58;49;51;190;6,7;2,3;
2021/05/10;1800 UTC;0;984,1;984,6;984,1;1793,3;29,9;18,6;30,4;29,2;19,6;18,1;54;49;51;183;5,6;2,1;
2021/05/10;1900 UTC;0;984,2;984,2;984;1079,3;29,4;18,6;30,3;29,4;19,3;17,9;53;49;52;196;4,9;1,6;
2021/05/10;2000 UTC;0;984,3;984,3;984,1;614,4;29,2;18,9;30,2;29,2;20,4;17,8;57;48;54;201;2,7;1,2;
2021/05/10;2100 UTC;0;984,8;984,8;984,3;55,8;26,4;19,7;29,3;26,4;19,7;18,6;67;53;67;186;3;,6;
2021/05/10;2200 UTC;0;985,1;985,1;984,8;;24;20,5;26,4;24;20,5;19,6;81;67;81;116;1,8;,1;
2021/05/10;2300 UTC;0;985,7;985,7;985,1;;25,4;19,7;25,5;23,9;21,1;19,7;82;71;71;184;2,4;1,7;
2021/05/11;0000 UTC;0;986,3;986,4;985,7;;25,6;19,4;25,6;24;20,3;19,4;78;69;69;213;3,9;2;
2021/05/11;0100 UTC;0;986,8;986,8;986,3;;24;19,5;26,1;24;19,5;19;76;66;76;145;3,9;1;
2021/05/11;0200 UTC;0;986,9;987;986,8;;25,3;19,1;25,7;23,5;19,8;18,8;79;66;68;147;5,7;2,1;
2021/05/11;0300 UTC;0;986,9;987;986,9;;25,1;19;25,8;24,8;19,1;18,8;70;67;69;146;6;3;
2021/05/11;0400 UTC;0;986,2;986,9;986,2;;24,7;18,8;25,1;24,4;19;18,8;72;69;70;160;5;2,5;
2021/05/11;0500 UTC;0;985,8;986,3;985,8;;24,6;18,8;25,1;24,3;19;18,7;72;69;70;156;4,6;2,3;
2021/05/11;0600 UTC;0;985,3;985,8;985,3;;24,3;18,8;24,6;24,1;18,9;18,6;72;70;72;159;5;2,7;
2021/05/11;0700 UTC;0;985,1;985,3;985,1;;23,4;19,8;24,3;22,2;19,8;18,5;83;72;81;203;4,7;1,2;
2021/05/11;0800 UTC;0;985,7;985,7;985,1;;22,9;18,3;23,7;22,9;19,8;18,3;80;74;75;147;6,3;1,2;
2021/05/11;0900 UTC;0;986,3;986,3;985,6;6,6;21,9;18,7;22,9;21,3;18,7;18;84;75;82;147;2,6;,4;
2021/05/11;1000 UTC;0;987,1;987,1;986,3;228,7;23,6;18,2;23,6;21,9;18,8;17,9;82;71;72;151;4,6;1,4;
2021/05/11;1100 UTC;0;987,7;987,8;987,1;858,1;25;18,6;25;23,6;18,8;17,9;72;67;68;153;5,9;2,8;
2021/05/11;1200 UTC;0;987,9;988;987,7;2193,8;26,4;18,8;26,5;24,8;19,2;18;68;62;63;177;8,8;3,2;
2021/05/11;1300 UTC;0;987,8;988;987,8;2500,2;26,9;19,3;27,3;26,3;19,7;18,3;64;60;63;177;8,8;2,5;
2021/05/11;1400 UTC;0;987,3;987,9;987,3;1601,7;27,6;19,1;27,6;26,1;19,5;18,3;64;60;60;166;7;3,8;
2021/05/11;1500 UTC;0;986,1;987,3;986,1;2364;28,2;18,5;28,3;27,2;19,5;18,1;61;56;56;182;7,9;3,2;
2021/05/11;1600 UTC;0;985,2;986,1;985,2;1449,7;27,8;19;28,4;26,7;19,6;18,2;64;55;59;155;5,8;2,7;
2021/05/11;1700 UTC;0;984,8;985,2;984,8;1314,6;27,5;19,5;28,2;27;19,6;18,6;63;57;62;157;6,5;2,7;
2021/05/11;1800 UTC;0;984,3;984,8;984,3;1227,2;27,8;19;27,9;27,3;19,9;18,6;63;57;59;149;7,4;2,3;
2021/05/11;1900 UTC;0;984,5;984,5;984,3;679,1;27,1;19,7;27,9;27,1;20,4;18,7;66;58;64;214;5,2;2,1;
2021/05/11;2000 UTC;0;985;985;984,5;302,7;26,7;18,9;27,1;26,7;20,2;18,9;67;62;62;197;3,8;2;
2021/05/11;2100 UTC;0;985,5;985,5;985;24,5;25,9;19,5;26,7;25,9;19,7;18,8;68;62;68;156;3,8;,8;
2021/05/11;2200 UTC;0;986,5;986,5;985,5;;25,1;19,4;26;25,1;19,6;18,9;71;65;71;197;5,1;1,9;
2021/05/11;2300 UTC;0;986,8;986,8;986,5;;23,5;20;25,1;23,3;20;19,3;81;71;80;180;3,8;,8;
2021/05/12;0000 UTC;0;987,5;987,5;986,8;;23,7;20,7;23,8;23,3;20,8;19,9;84;80;83;244;1,7;0;
2021/05/12;0100 UTC;0;987,7;987,7;987,5;;24,6;18,8;24,8;23,6;21;18,7;84;69;70;142;4,8;3,2;
2021/05/12;0200 UTC;0;987,8;987,9;987,7;;24,1;18,9;24,6;24,1;18,9;18,7;73;70;73;122;4,8;1,7;
2021/05/12;0300 UTC;0;987,5;987,9;987,5;;22,6;20;24,1;22,6;20;18,9;85;73;85;95;5,2;1,1;
2021/05/12;0400 UTC;0;986,6;987,5;986,6;;22,5;19,9;23,1;22,5;20,2;19,6;86;82;86;263;4,1;,9;
2021/05/12;0500 UTC;,2;986,3;986,6;986,3;;22,2;20,2;22,5;22,2;20,3;19,9;89;86;89;321;1,8;,2;
2021/05/12;0600 UTC;0;986;986,3;986;;22,2;20,4;22,2;21,8;20,5;19,9;90;89;90;167;1,1;,2;
2021/05/12;0700 UTC;0;985,9;986;985,8;;21,6;19,8;22,5;21,6;20,7;19,8;90;89;90;125;1,9;,1;
2021/05/12;0800 UTC;0;985,9;986;985,8;;22,8;18,9;23,1;21,4;20,4;18,9;90;78;79;138;4;2;
2021/05/12;0900 UTC;0;986,2;986,2;985,8;7,2;22,4;19,1;22,8;21,8;19,1;18,5;83;79;82;135;4;1,3;
2021/05/12;1000 UTC;0;986,6;986,7;986,2;305,9;23,1;20,6;23,4;22,4;20,6;19;86;78;86;296;2,8;1;
2021/05/12;1100 UTC;0;987,1;987,2;986,6;788,2;24,4;20;24,4;23,1;21;20;86;77;77;317;2,8;1,2;
2021/05/12;1200 UTC;0;987,3;987,4;987,1;910;25,9;20,2;25,9;24,4;20,5;19,4;77;68;71;18;2,6;,4;
2021/05/12;1300 UTC;0;987,5;987,5;987,3;1445,7;26,8;19,3;27,3;25,4;20,3;19,1;72;63;64;170;7;3,6;
2021/05/12;1400 UTC;0;986,9;987,6;986,9;1845,6;27,6;19,3;27,7;26,4;20,2;19,2;67;61;61;194;6,5;2,4;
2021/05/12;1500 UTC;0;986,2;986,9;986,2;2726,3;28;19,5;29,1;27,6;20,5;18,9;64;56;60;161;8,3;4,1;
2021/05/12;1600 UTC;0;985,7;986,3;985,7;2468,9;29,5;19,5;29,8;27,5;20,5;19;64;54;55;169;7,1;3,6;
2021/05/12;1700 UTC;0;984,9;985,7;984,9;2548,8;29,2;19,7;30,5;28,7;20,4;18,4;58;51;56;179;6,6;3;
2021/05/12;1800 UTC;0;984,3;984,9;984,3;2298,8;30;19,9;30,1;29,3;20,3;18,6;57;51;55;155;7,1;2,6;
2021/05/12;1900 UTC;0;984,4;984,4;984,3;1411,8;29,1;21;30,2;28,4;21;18,9;62;51;62;243;6,3;2,4;
2021/05/12;2000 UTC;0;984,4;984,5;984,3;688,1;28,2;20,3;29,2;28,2;20,8;20;63;59;62;238;4,8;2,3;
2021/05/12;2100 UTC;0;984,9;984,9;984,4;60,5;26,8;20,5;28,2;26,7;20,7;20,2;69;62;69;211;4;1,4;
2021/05/12;2200 UTC;0;985,3;985,3;984,9;;25,9;20,9;26,9;25,9;21;20,3;74;68;74;215;2,8;1,6;
2021/05/12;2300 UTC;0;985,9;986;985,3;;26;20,3;26,1;25,9;21,1;20,3;74;71;71;212;4,3;2,5;
2021/05/13;0000 UTC;0;986,5;986,5;985,9;;25,3;20,1;26;25,3;20,4;20,1;73;71;73;203;4,7;2,6;
2021/05/13;0100 UTC;0;986,7;986,8;986,5;;24,8;20,2;25,4;24,7;20,2;20;76;72;76;200;5,8;1,1;
2021/05/13;0200 UTC;0;986,7;986,8;986,6;;24,7;20,3;25,1;24,3;20,3;20;78;74;77;185;4,6;1,5;
2021/05/13;0300 UTC;0;986,8;986,9;986,7;;23,7;20,4;24,7;23,7;20,5;20,1;82;77;82;197;3;0;
2021/05/13;0400 UTC;0;986,1;986,7;986,1;;24,1;20,7;24,2;23,6;20,9;20,4;84;81;81;331;2,4;1,1;
2021/05/13;0500 UTC;0;985,5;986,1;985,5;;23,9;21,1;24,1;23,9;21,2;20,7;85;81;85;290;2,1;,5;
2021/05/13;0600 UTC;0;985,2;985,5;985,2;;24,4;20,3;24,4;23,9;21,2;20,3;85;78;78;204;2,8;,9;
2021/05/13;0700 UTC;0;985,1;985,2;985;;22,8;20,1;24,4;22,8;20,4;20,1;85;78;85;241;2,4;0;
2021/05/13;0800 UTC;0;985,5;985,5;985,1;;22,6;20,7;22,8;22,2;20,8;20;89;85;89;189;,8;0;
2021/05/13;0900 UTC;0;986,1;986,1;985,4;1;22,9;20,9;22,9;22,5;20,9;20,6;89;89;89;181;1,5;,2;
2021/05/13;1000 UTC;0;986,7;986,7;986;175,9;24,2;20,7;24,2;22,9;21,2;20,7;89;81;81;207;2,7;,8;
2021/05/13;1100 UTC;0;987,2;987,2;986,7;1132;26,3;20,5;26,4;24,2;21;20,3;81;70;70;162;2,7;1,2;
2021/05/13;1200 UTC;0;987,5;987,6;987,2;1495,9;27,2;19,7;27,9;25,9;21,1;19,7;72;63;64;139;6,2;3,8;
2021/05/13;1300 UTC;0;987,5;987,6;987,5;1877,3;27,8;20;28,2;26,8;20,7;19,4;67;60;62;141;6,8;2,5;
2021/05/13;1400 UTC;0;987;987,5;987;2030,2;28,5;20,5;28,7;27,6;21,1;19,6;65;61;62;126;5,8;2,6;
2021/05/13;1500 UTC;0;986,2;987;986,2;2380,7;29,1;19,9;29,4;28,3;20,9;19,5;63;55;58;144;6,8;2,2;
2021/05/13;1600 UTC;0;985,2;986,2;985,2;2591,4;29,4;20;30;28,8;21,3;19,4;62;55;57;128;6;2,2;
2021/05/13;1700 UTC;0;984,2;985,2;984,2;1957,6;29,9;20,2;30,1;29,1;21,1;19,5;59;55;56;145;5,7;2,8;
2021/05/13;1800 UTC;0;984;984,2;983,9;1769;30;20,8;30,5;29,7;21,4;19,4;59;54;58;136;5,3;2,1;
2021/05/13;1900 UTC;0;984,5;984,5;984;707,4;25,7;21,2;30,1;25,7;21,2;20;76;56;76;97;8,8;4,6;
2021/05/13;2000 UTC;0;985;985;984,5;409,9;25,6;21,3;25,7;25,5;21,8;21,3;80;77;77;119;7,8;2,1;
2021/05/13;2100 UTC;0;985,1;985,3;985;32,8;25,5;20,5;25,7;25,5;21,3;20,5;77;74;74;162;5,5;2,4;
2021/05/13;2200 UTC;0;985,8;985,8;985;;25,1;20,5;25,6;25,1;20,5;20;76;72;76;211;5,7;0;
2021/05/13;2300 UTC;0;986,8;986,8;985,8;;24,6;21,2;25,1;24,6;21,2;20,5;81;76;81;230;0;0;
2021/05/14;0000 UTC;0;987,3;987,3;986,7;;23,7;21,3;24,6;23,7;21,4;21,2;86;81;86;115;0;0;
2021/05/14;0100 UTC;0;987,2;987,3;987,1;;23,4;21,3;23,7;23,4;21,5;21,3;88;87;88;91;0;0;
2021/05/14;0200 UTC;0;987,1;987,2;987;;23,6;21,9;23,6;23,4;21,9;21,3;90;88;90;307;0;0;
2021/05/14;0300 UTC;0;986,9;987,2;986,9;;23,6;21,9;23,7;23,6;22,1;21,9;91;90;90;302;0;0;
2021/05/14;0400 UTC;0;986,1;986,9;986,1;;23,6;22;23,6;23,4;22;21,8;91;90;91;258;0;0;
2021/05/14;0500 UTC;0;985,5;986,1;985,4;;24,1;21,2;24,2;23,2;22;21,2;91;84;84;158;3,3;,8;
2021/05/14;0600 UTC;0;985,4;985,5;985,2;;24,3;20,5;24,3;24;21,2;20,5;84;79;79;157;4;2;
2021/05/14;0700 UTC;0;985,1;985,4;985,1;;22,9;20,6;24,3;22,9;20,6;20,3;87;79;87;86;3,3;0;
2021/05/14;0800 UTC;0;985,4;985,4;985,1;;22,6;20,7;23;22,6;20,8;20,6;90;87;90;98;0;0;
2021/05/14;0900 UTC;0;985,8;985,8;985,3;7,3;21,9;20,3;22,6;21,9;20,7;20,3;91;90;91;140;0;0;
2021/05/14;1000 UTC;0;986,6;986,6;985,7;404,7;23,9;21,8;24;22;22;20,4;92;88;88;89;0;0;
2021/05/14;1100 UTC;0;987,3;987,3;986,6;1038,8;25,8;20,3;26,4;23,8;22,5;20,3;88;72;72;132;4,5;1,9;
2021/05/14;1200 UTC;0;987,5;987,6;987,3;1708,6;26,7;20,2;27,1;25,7;20,8;19,5;73;65;68;158;5,9;3;
2021/05/14;1300 UTC;0;987,8;987,8;987,4;1765;27,1;20,7;27,4;26,5;20,7;19,8;69;65;68;138;7,3;2,9;
2021/05/14;1400 UTC;0;987,1;987,8;987,1;2047,1;28,6;20,6;28,7;27,1;21,1;19,8;69;62;62;183;6,4;2,3;
2021/05/14;1500 UTC;0;986,2;987,2;986,2;1862,4;28,7;20,5;29,1;27,7;21,2;19,9;65;59;61;161;5,6;3,1;
2021/05/14;1600 UTC;0;985,9;986,2;985,9;1286;27,2;20,6;28,7;27,2;20,8;19,7;67;59;67;134;8;3;
2021/05/14;1700 UTC;0;985,6;986,2;985,6;557,8;23,6;21,9;27,2;22,8;21,9;20,1;91;66;90;129;9,4;2,3;
2021/05/14;1800 UTC;0;984,7;985,6;984,7;583,9;24,7;21,9;24,8;23,6;22,3;21,7;90;85;85;12;4,3;0;
2021/05/14;1900 UTC;0;984,5;984,7;984,4;422,4;24,9;21,7;25,1;24,5;22,3;21,6;85;82;82;339;0;0;
2021/05/14;2000 UTC;,2;985,2;985,2;984,5;197,6;24,6;21,9;25;24,5;22,1;21,6;85;82;85;60;2,3;,5;
2021/05/14;2100 UTC;,2;985,5;985,5;985,2;14,2;24,3;22,2;24,7;24,3;22,4;21,9;88;85;88;123;2,2;0;
2021/05/14;2200 UTC;0;986,1;986,1;985,5;;24,3;22,5;24,3;24;22,5;22,2;90;88;90;167;0;0;
2021/05/14;2300 UTC;0;986,9;986,9;986,1;;24;21,5;24,3;23,9;22,6;21,5;90;86;86;162;7,5;3,5;
2021/05/15;0000 UTC;0;987,5;987,5;986,9;;23;21,1;24;22,8;21,4;20,7;89;85;89;256;7,5;0;
2021/05/15;0100 UTC;0;987,7;987,9;987,4;;22,9;21,2;23;22,8;21,2;21;90;89;90;197;0;0;
2021/05/15;0200 UTC;0;987,7;987,8;987,6;;23,1;21,4;23,2;22,9;21,5;21,2;90;90;90;185;1,7;0;
2021/05/15;0300 UTC;0;987,6;987,7;987,5;;22,4;20,7;23,1;22,4;21,4;20,7;90;90;90;51;1,4;0;
2021/05/15;0400 UTC;,2;987,2;987,6;987,2;;22,3;20,7;22,5;22,2;20,9;20,5;91;90;90;64;,8;0;
2021/05/15;0500 UTC;0;986,7;987,2;986,7;;22,1;20,6;22,3;22,1;20,6;20,4;91;90;91;141;0;0;
2021/05/15;0600 UTC;0;986,6;986,7;986,4;;21,9;20,3;22,2;21,9;20,7;20,3;91;91;91;146;1;0;
2021/05/15;0700 UTC;0;986,5;986,6;986,4;;22,2;20,3;22,2;21,7;20,4;20,2;91;89;89;177;0;0;
2021/05/15;0800 UTC;0;986,9;986,9;986,5;,2;21,6;19,5;22,2;21,6;20,3;19,5;89;88;88;157;0;0;
2021/05/15;0900 UTC;0;987,2;987,2;986,9;5,5;21,3;19,4;21,6;21,1;19,5;19,2;89;88;89;163;0;0;
2021/05/15;1000 UTC;0;987,8;987,8;987,2;241;22,8;20,1;22,8;21,3;20,1;19,4;89;85;85;188;0;0;
2021/05/15;1100 UTC;0;988,3;988,3;987,8;870,6;24,5;19,4;24,5;22,8;20,4;19,3;85;73;73;192;0;0;
2021/05/15;1200 UTC;0;988,6;988,6;988,2;1676,6;25,7;19,2;25,8;24,5;20,4;18,9;74;67;67;141;6,6;2,9;
2021/05/15;1300 UTC;0;988,4;988,6;988,4;2037;26,9;19,9;27;25,5;20,4;18,9;68;63;66;137;7,3;3,9;
2021/05/15;1400 UTC;0;987,9;988,4;987,9;2716,6;28,5;19,5;28,6;26,9;20,6;18,5;67;57;58;145;7,5;3,2;
2021/05/15;1500 UTC;0;986,7;987,9;986,7;2564;28,8;19,2;28,8;27,4;20,4;18,4;63;55;56;159;8;3,2;
2021/05/15;1600 UTC;0;985,9;986,7;985,9;2626,7;29,1;19,4;29,6;28,5;20,3;18;58;52;56;133;8;3;
2021/05/15;1700 UTC;0;985,1;985,9;985,1;1917,5;29,8;19,7;29,8;28,7;19,7;17,2;57;49;55;178;7,3;1,8;
2021/05/15;1800 UTC;0;984,5;985,1;984,4;2135,9;29,4;18,1;30,8;29,4;19,6;17,4;55;46;51;139;6,1;2,4;
2021/05/15;1900 UTC;0;984,6;984,6;984,4;665,5;28,7;19,5;29,4;28,7;19,5;17,4;58;49;58;157;4,6;,5;
2021/05/15;2000 UTC;0;985;985;984,6;274;27,6;22;28,8;27,4;22,4;19;72;56;72;187;3,1;0;
2021/05/15;2100 UTC;0;985,3;985,3;985;45,6;25,5;22,3;27,6;25,5;22,8;21,3;83;70;83;65;0;0;
2021/05/15;2200 UTC;0;985,6;985,6;985,2;;24,1;21,8;25,5;24,1;22,4;21,8;87;83;87;179;0;0;
2021/05/15;2300 UTC;0;986,2;986,2;985,6;;24,5;21,8;24,5;23,7;22;21,5;88;85;85;225;0;0;
2021/05/16;0000 UTC;0;986,9;986,9;986,2;;24,6;20,5;24,6;24,1;21,8;20,5;85;78;78;174;0;0;
2021/05/16;0100 UTC;0;987,3;987,3;986,9;;24,3;20,1;24,8;24,2;20,4;19,9;78;75;77;184;0;0;
2021/05/16;0200 UTC;0;987,5;987,5;987,3;;24,3;19,8;24,5;22,7;20,9;19,7;85;76;76;176;3,4;1,8;
2021/05/16;0300 UTC;,2;987,2;987,5;987,2;;24,5;19,3;24,8;24,1;19,8;19,2;76;72;73;167;4,6;2,5;
2021/05/16;0400 UTC;0;986,8;987,2;986,8;;23,9;19,1;24,5;23,9;19,3;19,1;75;73;75;164;5,4;0;
2021/05/16;0500 UTC;0;986,3;986,8;986,3;;23,5;18,8;24;23,4;19,2;18,8;76;74;75;152;3,8;2,1;
2021/05/16;0600 UTC;0;986,1;986,3;986,1;;23,5;18,6;23,8;23;18,9;18,6;77;74;74;145;4,1;2,3;
2021/05/16;0700 UTC;0;986,3;986,3;986;;21;18,4;23,6;21;18,7;18,3;85;74;85;50;3,9;0;
2021/05/16;0800 UTC;0;986,6;986,6;986,2;;20,1;18,3;21;20;18,8;18,2;90;85;89;287;0;0;
2021/05/16;0900 UTC;0;987,1;987,1;986,6;9,7;19,9;18,3;20,3;19,6;18,7;18;91;89;91;165;0;0;
2021/05/16;1000 UTC;0;987,5;987,5;987,1;445,6;23,9;19,6;23,9;19,9;20,5;18,4;91;77;77;159;0;0;
2021/05/16;1100 UTC;0;988,1;988,1;987,5;1168;25;18,2;25;23,8;19,5;18;77;66;66;140;5,4;2,4;
2021/05/16;1200 UTC;0;988,3;988,3;988;2148,7;26;17,8;26;24,8;18,7;17,4;68;60;61;171;7,1;2,8;
2021/05/16;1300 UTC;0;988,3;988,4;988,2;2627,9;26,7;17,4;27,4;25,9;18,7;17,1;62;55;57;154;6,3;3,7;
2021/05/16;1400 UTC;0;987,9;988,3;987,9;2986,8;28,3;19;28,4;26,7;19;17,8;59;54;57;142;6,9;3,6;
2021/05/16;1500 UTC;0;987;987,9;987;3260,7;28,9;18,8;29,2;27,8;19,6;17,7;59;51;54;145;8,3;3,4;
2021/05/16;1600 UTC;0;986,2;987;986,2;2340;28,9;18,9;29,4;28,1;19,6;17,9;57;51;55;153;7;3,4;
2021/05/16;1700 UTC;0;985,5;986,2;985,5;2871,1;29,7;19,6;29,7;28,8;19,8;18,1;57;51;55;137;6,7;2,8;
2021/05/16;1800 UTC;0;985,1;985,5;985,1;2281,9;29,4;19,3;30,2;28,9;19,6;18,4;55;51;54;129;6,5;3,8;
2021/05/16;1900 UTC;0;985,2;985,2;985,1;1450,6;29,2;17,7;29,8;28,3;19,1;17,5;56;49;50;171;6,9;2,3;
2021/05/16;2000 UTC;0;985,5;985,5;985,2;696,2;28,3;18,1;29,3;28,3;18,9;17,6;55;50;54;145;5,2;1,5;
2021/05/16;2100 UTC;0;985,7;985,7;985,4;59,1;24,1;20;28,3;24,1;20,3;17,7;78;53;78;189;2,8;0;
2021/05/16;2200 UTC;0;986,4;986,4;985,7;;24,6;20,6;24,9;23,2;21,3;20;84;78;78;203;2,1;1,4;
2021/05/16;2300 UTC;0;986,9;986,9;986,4;;24,1;19,9;24,6;24,1;20,6;19,9;80;77;77;216;2,3;1,6;
2021/05/17;0000 UTC;0;987,2;987,3;986,9;;23,9;19,3;24,2;23,8;19,9;19;77;74;75;196;2,5;1,5;
2021/05/17;0100 UTC;0;987,4;987,5;987,3;;23;19,3;23,8;23;19,7;19,2;80;76;80;178;2,8;1,1;
2021/05/17;0200 UTC;0;987,6;987,6;987,3;;21,5;19,3;23,5;21,5;19,8;19;87;79;87;257;2,1;0;
2021/05/17;0300 UTC;0;987,6;987,8;987,5;;21,4;19,5;21,7;21,3;19,7;19,3;89;87;89;125;2,4;1;
2021/05/17;0400 UTC;0;987;987,6;987;;21,5;19,7;21,6;21,2;19,8;19,2;90;89;90;292;1,6;,2;
2021/05/17;0500 UTC;0;986,8;987;986,8;;23;19,9;24,2;21,5;21,2;19,2;90;79;83;247;6;1,1;
2021/05/17;0600 UTC;0;986,5;986,8;986,5;;21,8;19,3;23,7;21,8;20;19,3;86;79;86;46;4,4;0;
2021/05/17;0700 UTC;0;986,6;986,6;986,5;;20,7;18,6;21,8;20,7;19,4;18,6;88;86;88;119;1,5;0;
2021/05/17;0800 UTC;0;987,1;987,1;986,6;;19,9;18,2;20,7;19,9;18,8;18,2;90;88;90;287;1,7;,1;
2021/05/17;0900 UTC;0;987,6;987,6;987,1;6,4;19,6;18,1;20,1;19,5;18,5;17,9;91;90;91;254;,8;0;
2021/05/17;1000 UTC;0;988,3;988,3;987,6;445;23,3;21,2;23,3;19,6;21,2;18,2;91;88;88;264;1;0;
2021/05/17;1100 UTC;0;988,8;988,9;988,2;1294,1;25;18,4;25,2;23,3;21,6;17,9;88;65;67;145;7,6;3,8;
2021/05/17;1200 UTC;0;989,1;989,1;988,8;1995,4;25,6;18;25,8;24,6;18,8;17,7;67;62;63;145;8,3;4,6;
2021/05/17;1300 UTC;0;988,7;989,1;988,7;2744,3;27,4;18,6;27,6;25,6;19,4;17,8;64;58;59;168;8;1,8;
2021/05/17;1400 UTC;0;988;988,7;988;2841;27,8;18,7;27,9;26,9;19,6;18,2;62;57;58;164;5,8;2,5;
2021/05/17;1500 UTC;0;986,8;988;986,8;3058,3;28,5;18,6;29;27,4;19,6;17,8;60;53;55;154;5,7;2,8;
2021/05/17;1600 UTC;0;985,9;986,8;985,9;2931;29,6;18,7;29,6;28,5;19,6;18,2;57;51;52;170;5,7;2,6;
2021/05/17;1700 UTC;0;985,1;985,9;985,1;2871;30,2;18,2;30,3;29,1;19,4;17,2;53;46;49;173;6,7;2,3;
2021/05/17;1800 UTC;0;984,6;985,1;984,5;2121,8;30,3;17,6;30,9;29,5;19,5;17,1;53;46;47;167;6,4;2,9;
2021/05/17;1900 UTC;0;984,5;984,6;984,4;1565,1;30,2;17,6;30,4;30;18,4;17,2;50;45;47;155;6,4;1,9;
2021/05/17;2000 UTC;0;984,8;984,8;984,5;694,8;29,1;17,8;30,3;29,1;18,5;17,1;52;45;50;165;4;1,7;
2021/05/17;2100 UTC;0;985,3;985,3;984,8;19,3;27,3;19,5;29,1;27,1;21,7;18,1;72;51;62;189;3;1,6;
2021/05/17;2200 UTC;0;985,8;985,8;985,3;;26;19,2;27,3;26;19,5;19;66;62;66;199;3,3;1,4;
2021/05/17;2300 UTC;0;986,4;986,4;985,8;;25,3;18,5;26;25,3;19,3;18,5;67;64;66;191;2,9;1,4;
2021/05/18;0000 UTC;0;986,9;986,9;986,4;;24,9;18,8;25,4;24,8;18,9;18,5;69;66;69;214;3,3;1,3;
2021/05/18;0100 UTC;0;987,2;987,2;986,9;;22,6;19,7;24,9;22,5;19,7;18,7;84;69;84;195;1,9;0;
2021/05/18;0200 UTC;0;987,3;987,3;987,2;;22,6;20,1;22,8;22,4;20,1;19,7;86;84;86;121;1,3;0;
2021/05/18;0300 UTC;0;987,1;987,3;987,1;;22;19,7;22,8;22;20,4;19,7;87;86;87;149;1;0;
2021/05/18;0400 UTC;0;986,9;987,2;986,9;;21,6;19,6;22,3;21,6;20,3;19,6;89;87;89;35;1,9;0;
2021/05/18;0500 UTC;0;986,5;986,9;986,5;;21,3;19,6;21,6;20,9;19,7;19,2;91;89;90;60;1,6;,5;
2021/05/18;0600 UTC;0;986,3;986,6;986,2;;20,7;19,2;21,5;20,6;19,9;18,9;91;90;91;331;1,5;0;
2021/05/18;0700 UTC;0;986,6;986,6;986,2;;20,2;18,7;20,8;20,2;19,3;18,7;91;91;91;285;1,8;0;
2021/05/18;0800 UTC;0;986,9;986,9;986,5;;19,7;18,3;20,2;19,5;18,8;18,1;92;91;92;310;,9;0;
2021/05/18;0900 UTC;0;987,6;987,6;986,9;5,3;19,3;17,9;19,7;19,2;18,3;17,8;92;91;92;337;0;0;
2021/05/18;1000 UTC;0;988,2;988,2;987,6;419,6;22,3;20,6;22,3;19,3;20,7;17,9;92;90;90;337;0;0;
2021/05/18;1100 UTC;0;988,8;988,9;988,1;1281,6;24,3;20,7;24,3;22,2;21,5;20,3;91;80;80;321;2,4;,9;
2021/05/18;1200 UTC;,2;989,1;989,1;988,8;1149,9;25,6;20,1;25,9;24,1;20,8;19,9;80;71;72;77;2,4;,3;
2021/05/18;1300 UTC;0;988,8;989,1;988,8;2282,1;26,9;19,5;27;25,6;20,7;19;73;64;64;258;2,8;,8;
2021/05/18;1400 UTC;0;988;988,8;988;2662;28,7;19,5;28,7;26,5;20,4;18,7;65;57;58;157;4;2,1;
2021/05/18;1500 UTC;0;986,9;988;986,9;2923,1;29,4;19,1;30,1;27,7;20,4;18,8;62;52;54;207;4;1,2;
2021/05/18;1600 UTC;0;985,8;986,9;985,8;2342,4;30,1;19,3;30,2;28,8;20,5;18,5;58;51;52;91;3,5;1,5;
2021/05/18;1700 UTC;0;985;985,8;985;2952;30,7;19,6;31;29,8;20,4;18,2;56;47;52;21;3,8;1,2;
2021/05/18;1800 UTC;0;984,5;985;984,5;2027,7;31,6;18,4;31,9;29,7;20,4;18,1;56;45;46;347;3,1;,4;
2021/05/18;1900 UTC;0;984,7;984,7;984,4;1137,7;30;20,9;31,8;29,6;21,1;18,4;59;46;58;136;2,6;,2;
2021/05/18;2000 UTC;0;985,2;985,2;984,7;648,1;30,8;20,9;32,1;29,9;21,1;18,4;59;46;56;234;2,2;0;
2021/05/18;2100 UTC;0;985,7;985,7;985,2;31,5;26,3;22,1;30,7;26,3;23;20,5;79;56;78;294;0;0;
2021/05/18;2200 UTC;0;986,3;986,3;985,7;;25,2;22,4;26,3;25,2;22,6;21,2;85;76;85;79;0;0;
2021/05/18;2300 UTC;0;986,9;986,9;986,3;;24,9;22,2;25,2;24,4;22,4;21,8;86;85;85;210;0;0;
2021/05/19;0000 UTC;0;987,3;987,3;986,9;;25,1;21,9;25,2;24,4;22,4;21,8;86;83;83;207;0;0;
2021/05/19;0100 UTC;0;987,4;987,5;987,3;;24,5;21,6;25,1;24,1;21,9;20,9;84;81;84;274;,1;0;
2021/05/19;0200 UTC;0;987,4;987,5;987,4;;25,7;19,7;25,9;24,2;22,2;19,7;86;69;69;198;3,8;1,8;
2021/05/19;0300 UTC;0;987,3;987,5;987,3;;23;19,6;25,8;23;19,7;19,3;81;69;81;66;3,4;,2;
2021/05/19;0400 UTC;0;986,9;987,4;986,9;;22,7;20,5;23;22,3;20,5;19,7;87;81;87;41;1,7;0;
2021/05/19;0500 UTC;0;986,4;986,9;986,4;;23,1;20,9;23,2;22,7;21;20,5;88;87;87;279;1,8;,1;
2021/05/19;0600 UTC;0;986,1;986,3;985,9;;24,2;19,4;25,1;22,5;21,2;19,2;88;71;74;100;4,3;1,1;
2021/05/19;0700 UTC;0;986,4;986,4;986,1;;21,9;19,8;24,2;21,9;20;19,4;88;74;88;3;2,5;0;
2021/05/19;0800 UTC;0;986,6;986,6;986,3;;21;19,4;22,1;20,8;20,1;19,1;90;88;90;55;,5;0;
2021/05/19;0900 UTC;0;987;987,1;986,5;7,9;20,8;19,4;21,3;20,5;19,8;19;91;90;91;174;0;0;
2021/05/19;1000 UTC;0;987,3;987,3;987;347,2;24,7;22,3;24,7;20,8;22,5;19,3;92;87;87;100;1,1;,1;
2021/05/19;1100 UTC;0;987,7;987,8;987,3;988,7;26;20,7;26;24,4;22,2;20,7;86;73;73;111;3,9;2,5;
2021/05/19;1200 UTC;0;987,9;987,9;987,7;2086,8;27,1;20,4;27,9;26;21,5;20,2;73;65;67;77;5;2,3;
2021/05/19;1300 UTC;0;987,4;987,9;987,4;2402;28,6;21,1;28,9;26,7;21,7;20,1;70;61;64;94;5;2,5;
2021/05/19;1400 UTC;0;987,2;987,4;987,2;2462,5;28,8;20,6;29,8;28,3;21,7;19,8;65;58;61;80;4,8;2,1;
2021/05/19;1500 UTC;0;986,3;987,2;986,3;2545,5;29,3;20,2;30,5;28,7;21,4;19,3;63;53;58;164;4,5;2,1;
2021/05/19;1600 UTC;0;985,3;986,3;985,3;2561,6;31,3;19,3;31,3;28,9;20,4;18,6;58;48;49;121;4,4;1,5;
2021/05/19;1700 UTC;0;984,5;985,3;984,5;2771,4;31,2;19,3;31,8;30,6;20,5;18,6;53;47;49;129;4,7;1,7;
2021/05/19;1800 UTC;0;984,1;984,5;984,1;1433,7;31,5;20,1;32,4;29,7;21,7;18,8;60;47;51;201;3,8;,9;
2021/05/19;1900 UTC;0;984,1;984,1;984,1;1579,6;30,9;20,3;32,7;30,9;20,6;18,9;54;45;53;94;3,5;2;
2021/05/19;2000 UTC;0;984,5;984,6;984,1;445,8;30;20,8;30,9;29,8;22,1;19,2;63;52;58;81;4,5;1,4;
2021/05/19;2100 UTC;0;985,1;985,1;984,5;51,3;26,2;22;30;26,2;22,4;20,9;78;58;78;132;2,7;0;
2021/05/19;2200 UTC;0;986;986;985,1;;25,2;21,4;28;25,2;22,5;20,5;80;67;80;151;7,2;4,1;
2021/05/19;2300 UTC;0;986,1;986,2;986;;24,9;21,1;25,5;24,8;21,5;20,8;80;77;79;214;6,6;1,7;
2021/05/20;0000 UTC;0;986,5;986,5;986,1;;24,8;20,5;25;24,5;21,2;20,4;80;77;77;181;3,1;,4;
2021/05/20;0100 UTC;0;986,9;986,9;986,6;;24,1;21,1;25,1;24,1;21,5;20,5;84;76;84;104;1,9;,1;
2021/05/20;0200 UTC;0;987,2;987,3;986,8;;24,3;21,5;24,3;23,5;21,7;20,9;88;84;85;91;4,9;2,5;
2021/05/20;0300 UTC;0;987,2;987,4;987,2;;23,5;21,3;24,3;23,5;21,5;21,3;88;85;88;104;4,3;1,9;
2021/05/20;0400 UTC;0;986,7;987,2;986,7;;23,5;21,4;23,5;23,4;21,4;21,3;88;88;88;118;3,4;1,1;
2021/05/20;0500 UTC;0;986,3;986,8;986,3;;23,3;21,4;23,6;23,2;21,4;21,2;89;87;89;104;2,7;1,2;
2021/05/20;0600 UTC;0;986,4;986,6;986,3;;23,2;21,4;23,4;23,2;21,5;21,4;89;89;89;141;2,7;,3;
2021/05/20;0700 UTC;0;986,5;986,5;986,3;;23;21,3;23,2;23;21,4;21,2;90;89;90;34;1,3;0;
2021/05/20;0800 UTC;0;986,6;986,6;986,3;;23,2;21,6;23,2;23;21,6;21,3;91;90;91;179;0;0;
2021/05/20;0900 UTC;0;986,9;986,9;986,6;4,5;23,3;21,4;23,5;23,2;21,7;21,4;91;90;90;80;1,1;0;
2021/05/20;1000 UTC;0;987,5;987,5;986,9;162,5;23,9;22;23,9;23,2;22,1;21,4;90;89;89;77;1,6;,3;
2021/05/20;1100 UTC;0;988,2;988,2;987,5;614,5;25,5;21,4;25,5;23,9;22,1;21,1;89;78;78;78;1,9;,5;
2021/05/20;1200 UTC;0;988,4;988,4;988,2;1340;26,5;21,2;26,5;25,5;21,6;20,3;78;70;72;123;4;1,8;
2021/05/20;1300 UTC;0;988,3;988,4;988,3;2139,3;27,5;19,8;27,7;26,5;21,5;19,8;72;63;63;150;6;3,1;
2021/05/20;1400 UTC;0;987,8;988,3;987,8;2475,2;29,1;21,3;29,1;27,4;21,3;19,3;66;58;63;107;5,9;1,7;
2021/05/20;1500 UTC;0;986,9;987,8;986,9;2715,1;29,1;19,9;29,7;28,8;21,2;19,4;63;55;58;165;5,1;2,7;
2021/05/20;1600 UTC;0;985,9;986,9;985,9;2853,5;30;19,1;30,6;29;20,8;18,6;58;50;52;98;5,2;1,6;
2021/05/20;1700 UTC;0;985;986;985;2859,6;31,1;19,3;31,2;30;20,6;18,7;55;49;50;133;4;1,1;
2021/05/20;1800 UTC;0;984,2;985;984,2;2247,8;31,3;19,9;32,2;30,9;20,7;18,5;53;46;51;99;3,1;1,4;
2021/05/20;1900 UTC;0;984;984,2;984;1493,7;31,5;20,6;32,7;31;20,7;18,6;53;46;53;23;2,6;,2;
2021/05/20;2000 UTC;0;984,1;984,1;984;658,1;30,6;21;32,7;30,6;21,7;19,3;57;47;57;90;1,7;0;
2021/05/20;2100 UTC;0;984,4;984,4;984,1;57,8;27,1;23,2;30,6;27;23,2;20,8;79;56;79;132;1;0;
2021/05/20;2200 UTC;0;985;985;984,3;;25,4;22;27,1;25,3;23;22;83;78;82;194;0;0;
2021/05/20;2300 UTC;0;985,3;985,3;985;;24,4;22;25,4;24,4;22,2;21,9;87;82;87;215;0;0;
2021/05/21;0000 UTC;0;985,9;985,9;985,3;;23,9;21,9;24,5;23,8;22,3;21,8;89;86;89;283;1,2;0;
2021/05/21;0100 UTC;0;986,2;986,2;985,9;;23,7;22;24;23,5;22,3;21,5;90;88;90;230;1,1;0;
2021/05/21;0200 UTC;0;986,3;986,4;986,2;;24,3;22,1;24,3;23,6;22,1;21,8;90;87;88;51;1,8;,4;
2021/05/21;0300 UTC;0;986,2;986,4;986,2;;24;22;24,3;24;22,2;22;89;88;89;187;1,9;0;
2021/05/21;0400 UTC;0;986,2;986,3;986,2;;24,4;22,2;24,4;23,9;22,3;21,9;89;88;88;109;3,7;2,2;
2021/05/21;0500 UTC;0;985,9;986,2;985,9;;24,3;21,7;24,5;24,3;22,3;21,6;88;84;86;105;3,7;1,3;
2021/05/21;0600 UTC;0;986;986;985,8;;23,7;21,4;24,3;23,7;21,8;21,4;87;85;87;83;1,9;,9;
2021/05/21;0700 UTC;0;986;986;985,9;;23,7;21,7;23,7;23,4;21,7;21,2;88;87;88;110;2,1;1,1;
2021/05/21;0800 UTC;0;986,3;986,3;985,9;;23,6;21,6;23,7;23,6;21,7;21,6;89;88;89;112;2,1;,7;
2021/05/21;0900 UTC;0;986,6;986,7;986,3;4,3;23,1;20,7;23,6;23,1;21,7;20,7;89;86;86;111;3,1;1,3;
2021/05/21;1000 UTC;0;987,4;987,4;986,6;418;24,7;19,7;24,7;23,1;20,7;19,5;86;73;74;113;5,4;3,1;
2021/05/21;1100 UTC;0;988,2;988,2;987,4;1243,6;26;19,6;26;24,7;20,1;19,3;74;67;68;106;6,5;3,9;
2021/05/21;1200 UTC;0;988,5;988,5;988,2;2056,9;27;19,4;27,5;25,7;20,3;19;68;62;63;106;6,4;3,3;
2021/05/21;1300 UTC;0;987,8;988,5;987,8;2412,5;27,5;19,8;29;26,5;20,8;18,9;65;59;63;139;5,8;2,4;
2021/05/21;1400 UTC;0;987,6;987,9;987,5;2419,2;29,1;19,8;29,3;27,4;20,5;19,3;64;57;57;138;7,2;3,9;
2021/05/21;1500 UTC;0;986,7;987,6;986,7;3244;30;20,1;30,1;28,1;20,9;19;61;54;55;124;7,2;2,8;
2021/05/21;1600 UTC;0;985,8;986,7;985,8;2105,2;29,5;19,8;30,5;29;20,8;19,1;58;53;56;150;6,9;3,1;
2021/05/21;1700 UTC;0;985,1;985,8;985,1;2491,5;30,4;19,3;31,3;29,5;20,8;19,1;57;51;52;168;6,6;3,2;
2021/05/21;1800 UTC;0;984,4;985,1;984,4;2184,6;30,3;18,4;31,1;30,1;20,4;18,4;55;48;49;150;6,1;2,4;
2021/05/21;1900 UTC;0;984,5;984,5;984,3;1373,8;30,3;19,1;31,4;30,1;20,4;18,7;54;48;51;110;4,8;2,4;
2021/05/21;2000 UTC;0;984,6;984,6;984,5;567,3;29,4;19,8;30,3;29,4;20;18,7;56;51;56;130;3,9;1,1;
2021/05/21;2100 UTC;0;985;985;984,6;37;25,8;21,2;29,4;25,8;22,1;19,7;77;56;76;136;1,6;0;
2021/05/21;2200 UTC;0;985,5;985,5;985;;24,5;21,6;25,8;24,3;21,7;21,1;84;76;84;87;1,8;,6;
2021/05/21;2300 UTC;0;986,5;986,5;985,5;;25,4;21,5;25,5;24,1;21,9;21,2;85;79;79;94;8,1;4,4;
2021/05/22;0000 UTC;0;987,3;987,3;986,4;;25,3;21,6;25,4;24,8;21,6;21,5;82;79;80;107;8,1;2,5;
2021/05/22;0100 UTC;0;987,6;987,6;987,3;;25;21,7;25,3;25;21,7;21,6;82;80;82;107;4;1;
2021/05/22;0200 UTC;0;987,6;987,7;987,6;;24,6;22;25;24,6;22;21,7;85;82;85;87;2,6;,6;
2021/05/22;0300 UTC;0;987,3;987,6;987,3;;24,3;22;24,6;24,3;22,1;21,9;87;85;87;94;2,1;,1;
2021/05/22;0400 UTC;0;986,8;987,4;986,8;;24,2;21,6;24,3;24,2;22;21,6;87;85;86;70;1,6;,3;
2021/05/22;0500 UTC;0;986,4;986,8;986,3;;23,6;21,5;24,2;23,5;21,6;21,3;88;86;88;84;2,2;,6;
2021/05/22;0600 UTC;0;986,1;986,4;986,1;;23,6;21,7;23,6;23,4;21,7;21,5;89;88;89;57;1,4;0;
2021/05/22;0700 UTC;0;986,2;986,2;986;;24;21,1;24;23,5;21,7;21,1;89;84;84;123;3,5;1,4;
2021/05/22;0800 UTC;0;986,4;986,4;986,2;;23,9;20,4;24;23,8;21,1;20,4;84;81;81;110;4,7;2,6;
2021/05/22;0900 UTC;0;986,8;986,8;986,4;3,3;23,5;20;23,9;23,5;20,4;20;81;80;81;120;4,7;2,6;
2021/05/22;1000 UTC;0;987,5;987,5;986,8;200,5;24,2;19,8;24,2;23,4;20,1;19,8;81;77;77;117;5,1;2,6;
2021/05/22;1100 UTC;0;988,1;988,2;987,5;1043,8;26,5;20;26,5;24,2;20,5;19,7;77;67;68;103;4,5;2,3;
2021/05/22;1200 UTC;0;988,4;988,5;988,1;2265,6;27,7;19;27,8;26,4;20,5;18,8;69;59;59;113;9,1;5,3;
2021/05/22;1300 UTC;0;988,3;988,6;988,3;2095,5;27,9;19,7;27,9;26,9;19,7;18,4;63;58;61;127;9,3;4,1;
2021/05/22;1400 UTC;0;988;988,5;988;2222,8;28,2;19,9;28,7;27,5;20,3;19;63;57;61;114;7,2;3,2;
2021/05/22;1500 UTC;0;987,2;988,1;987,2;1932,1;28,8;20,1;29,5;28,2;20,5;19;62;54;59;161;6,1;2,7;
2021/05/22;1600 UTC;0;985,9;987,1;985,9;2521,9;29,8;19,3;30,2;28,3;20,4;18,5;60;50;53;117;6,4;2,6;
2021/05/22;1700 UTC;0;985;985,9;985;2724,1;30,4;19,4;31;29,3;19,6;18,1;55;48;52;159;6,1;3,1;
2021/05/22;1800 UTC;0;984,5;985;984,4;2177,4;30,8;19;31,1;29,5;19,6;17,8;52;46;49;122;6,2;2;
2021/05/22;1900 UTC;0;984,5;984,5;984,3;1532,2;30,5;18,7;30,8;30,5;19,2;17,9;51;47;49;122;5,2;2,1;
2021/05/22;2000 UTC;0;984,7;984,7;984,5;695,2;30;19,8;30,6;30;19,8;18,1;54;47;54;156;3,8;,8;
2021/05/22;2100 UTC;0;984,8;984,8;984,7;47,3;25,7;20,5;30;25,7;20,5;19,3;73;52;73;104;2,4;,8;
2021/05/22;2200 UTC;0;985,1;985,2;984,8;;23,7;20,7;25,7;23,7;21;20,4;84;73;84;188;1,7;,2;
2021/05/22;2300 UTC;0;985,6;985,6;985,1;;23,7;21,2;23,8;23,3;21,2;20,5;86;84;86;214;2;1,2;
2021/05/23;0000 UTC;0;986,3;986,3;985,6;;23,7;20;24,7;23,7;21,8;20;86;80;80;212;2,9;1;
2021/05/23;0100 UTC;0;986,5;986,6;986,3;;22,2;20,2;23,9;22,2;20,8;20,1;88;80;88;105;2,3;,4;
2021/05/23;0200 UTC;0;986,5;986,5;986,3;;21,5;19,8;22,3;21,5;20,5;19,7;90;88;90;151;1,5;0;
2021/05/23;0300 UTC;0;986,5;986,6;986,5;;21,3;19,7;21,7;21,2;20,2;19,5;91;90;91;115;1,6;,5;
2021/05/23;0400 UTC;0;986,2;986,5;986,2;;21,1;19;22;21,1;20;19;91;87;88;333;2,6;0;
2021/05/23;0500 UTC;0;985,6;986,2;985,6;;21,2;18,8;21,2;20,4;19,2;18,5;89;86;86;106;2,4;1,3;
2021/05/23;0600 UTC;0;985,5;985,7;985,5;;20,6;17,9;21,7;20,5;18,8;17,4;86;79;84;268;2,9;0;
2021/05/23;0700 UTC;0;985,8;985,8;985,5;;20,3;17,7;21,1;20,1;18,5;17,4;87;82;85;37;2,7;,8;
2021/05/23;0800 UTC;0;986,4;986,4;985,7;;19,6;17,8;20,3;19,5;17,9;17,5;89;85;89;53;1,8;0;
2021/05/23;0900 UTC;0;986,9;986,9;986,4;7,6;19,3;17,7;19,7;19,2;17,8;17,5;90;89;90;326;1,6;,3;
2021/05/23;1000 UTC;0;987,6;987,6;986,9;426,7;22,1;19;22,2;19,2;19,7;17,6;91;82;83;49;1,9;,3;
2021/05/23;1100 UTC;0;988,4;988,4;987,6;889,2;23,9;19,9;23,9;22,1;19,9;19;83;78;78;87;1,9;,7;
2021/05/23;1200 UTC;0;988,5;988,6;988,4;2053,1;26,5;17,1;26,7;23,9;20,2;17;78;55;56;130;5,2;2,9;
2021/05/23;1300 UTC;0;988,5;988,5;988,4;2701;27,5;16,2;27,8;26,4;17,6;15,8;58;49;50;130;7,2;3,4;
2021/05/23;1400 UTC;0;987,9;988,5;987,9;3080,8;28,5;16,1;28,6;27,5;17;15;52;44;47;148;7,4;3,5;
2021/05/23;1500 UTC;0;986,9;987,9;986,9;3238,9;30,1;16,4;30,1;28,4;16,8;14,9;48;42;44;134;7,9;2,8;
2021/05/23;1600 UTC;0;986;986,9;986;3156,5;30,3;15,5;30,5;29,4;17;14,4;45;38;41;151;6,2;2,5;
2021/05/23;1700 UTC;0;984,8;986;984,8;2822,8;30,8;15,5;31,4;30,2;16,9;14,5;44;37;40;146;6,7;3;
2021/05/23;1800 UTC;0;984,3;984,8;984,3;2265,5;31,1;15,1;31,6;30,8;16,9;14,7;43;36;38;116;6,6;2,9;
2021/05/23;1900 UTC;0;984,3;984,3;984,1;1533,6;30,7;14,7;31,3;30,7;16,5;14,7;42;37;38;113;5,3;2,4;
2021/05/23;2000 UTC;0;984,5;984,5;984,2;669,3;29,5;17,1;30,7;29,5;17,1;14,7;48;38;47;123;4,4;1,1;
2021/05/23;2100 UTC;0;984,9;984,9;984,5;27,3;24,9;19,5;29,6;24,8;20,1;17,1;72;47;72;124;2,6;,2;
2021/05/23;2200 UTC;0;985,3;985,3;984,9;;23,3;19,8;24,9;23,3;20;19,3;80;72;80;193;2;0;
2021/05/23;2300 UTC;0;985,9;985,9;985,3;;24,4;20,1;24,4;22,8;20,9;19,7;84;77;77;212;2,8;2;
2021/05/24;0000 UTC;0;986,4;986,5;985,9;;23,4;19,9;24,4;23,2;20,2;19,3;82;75;81;209;2,5;1,1;
2021/05/24;0100 UTC;0;986,8;986,8;986,5;;23,2;19,6;23,8;23,2;19,9;19,4;81;78;80;208;3,4;1,3;
2021/05/24;0200 UTC;0;987;987;986,8;;21,4;19,2;23,2;21,3;19,5;18,8;87;80;87;98;2,7;1,2;
2021/05/24;0300 UTC;0;987;987,1;986,9;;20,6;18,8;21,4;20,6;19,2;18,6;90;87;89;19;1,7;0;
2021/05/24;0400 UTC;0;986,9;987,1;986,9;;20,1;18,5;20,8;20,1;19;18,4;91;89;90;296;0;0;
2021/05/24;0500 UTC;0;986,5;986,9;986,4;;20;18,5;20,4;19,8;18,8;18,3;92;90;91;339;0;0;
2021/05/24;0600 UTC;0;986,2;986,5;986,2;;19,7;18,3;20,2;19,4;18,8;17,9;92;91;92;228;0;0;
2021/05/24;0700 UTC;0;986,3;986,3;986,1;;19,3;17,9;19,7;19;18,2;17,6;92;91;92;68;,4;0;
2021/05/24;0800 UTC;0;986,8;986,9;986,2;;18,8;17,4;19,3;18,8;17,8;17,4;92;92;92;290;1,2;,2;
2021/05/24;0900 UTC;0;987,2;987,2;986,8;6,6;18,4;17,1;18,9;18;17,6;16,7;92;92;92;102;1,2;0;
2021/05/24;1000 UTC;0;987,8;987,8;987,2;394,6;23,8;21,9;23,8;18,4;21,9;17,1;93;89;89;92;1;0;
2021/05/24;1100 UTC;0;988,4;988,4;987,7;1243,5;24,9;20,5;24,9;23,4;22;19,8;89;76;76;87;2,9;1,4;
2021/05/24;1200 UTC;0;988,6;988,7;988,4;2052;27,1;19,6;27,1;24,9;20,7;19;77;62;64;118;5,7;3,2;
2021/05/24;1300 UTC;0;988,3;988,6;988,3;2676;28,2;19,7;28,2;26,9;19,8;18,6;63;58;60;121;6,1;3,2;
2021/05/24;1400 UTC;0;987,5;988,3;987,5;3124,9;28,9;19,5;29,1;27,9;20,3;18,7;61;55;57;94;6,2;2,9;
2021/05/24;1500 UTC;0;986,7;987,6;986,7;3271,1;29,7;19,4;30;28,7;20,5;18,8;59;52;54;126;6,1;2,5;
2021/05/24;1600 UTC;0;985,6;986,7;985,6;3037,4;30,2;19,1;31;29,7;20,1;18,7;56;49;52;175;5,9;2,7;
2021/05/24;1700 UTC;0;984,5;985,6;984,5;2672,8;31,3;17,3;31,5;29,8;20,2;17,3;54;43;43;160;5,9;2,7;
2021/05/24;1800 UTC;0;983,8;984,5;983,8;2306,8;31,6;17,4;31,7;31,1;18,5;16,9;47;42;43;112;5,9;2,7;
2021/05/24;1900 UTC;0;983,7;983,8;983,6;1543,8;31,2;17;31,6;31,2;17,6;16;45;39;43;91;5,9;1,9;
2021/05/24;2000 UTC;0;983,8;983,8;983,6;681,1;30,1;18,4;31,2;30,1;18,8;16,4;51;41;50;102;4,6;1;
2021/05/24;2100 UTC;0;984,1;984,1;983,8;52;24,8;20,2;30,2;24,7;21,6;18,7;76;50;76;7;1,7;0;
2021/05/24;2200 UTC;0;984,9;984,9;984,1;;24,2;20,7;25,5;24;20,8;20;81;75;81;230;1,6;,8;
2021/05/24;2300 UTC;0;985,5;985,5;984,9;;24;21,3;24,6;23,6;21,4;20,5;85;81;85;226;1,9;,3;
2021/05/25;0000 UTC;0;986,2;986,2;985,5;;23,6;20,4;24,1;23,3;21,3;20,2;85;81;82;282;1,8;1,1;
2021/05/25;0100 UTC;0;986,7;986,7;986,2;;24,4;20,5;24,4;23,1;21,3;20,2;86;79;79;202;2,7;1,9;
2021/05/25;0200 UTC;0;987,1;987,1;986,7;;22,9;19,6;24,5;22,9;20,4;19,6;83;77;82;180;2,7;,8;
2021/05/25;0300 UTC;0;987,2;987,2;987,1;;21,7;19,3;22,9;21,5;19,8;19;86;82;86;248;2,3;0;
2021/05/25;0400 UTC;0;987,3;987,3;987,2;;22,1;18,8;23,7;21,2;20,2;18,4;87;75;82;66;3,5;1,7;
2021/05/25;0500 UTC;0;987,4;987,5;987,2;;21,1;18,9;22,1;20,8;19;18,4;87;82;87;103;2,9;1,4;
2021/05/25;0600 UTC;0;987,3;987,4;987,2;;21,5;18,1;22,3;21,1;19,3;18,1;87;79;81;108;3,4;1,8;
2021/05/25;0700 UTC;0;987,6;987,6;987,3;;20,9;18;21,5;20,9;18,4;18;83;81;83;104;3,8;1,2;
2021/05/25;0800 UTC;0;987,7;987,8;987,6;;20,8;18,5;20,9;20,4;18,5;17,9;88;83;87;112;2,6;1,6;
2021/05/25;0900 UTC;0;988,1;988,1;987,7;4,6;19,7;17,6;20,8;19,7;18,5;17,6;88;86;88;122;2,3;0;
2021/05/25;1000 UTC;0;988,8;988,8;988,1;403,1;23,1;19;23,1;19,6;19,4;17,6;89;78;78;123;1,8;,4;
2021/05/25;1100 UTC;0;989,4;989,5;988,8;1237,5;24,5;17,8;24,7;23,1;19,2;17,8;78;66;66;167;4,5;2,5;
2021/05/25;1200 UTC;0;989,6;989,7;989,4;2060,1;25,9;17,3;26;24,5;18,5;17,3;67;59;59;122;6,3;3,6;
2021/05/25;1300 UTC;0;989,5;989,6;989,5;2694,4;27,3;17,1;27,6;25,8;17,9;16,3;61;51;54;112;6;2,8;
2021/05/25;1400 UTC;0;988,8;989,5;988,8;3085,3;28,7;15,5;28,9;27,3;18,2;15,3;56;44;45;166;7,1;2,9;
2021/05/25;1500 UTC;0;987,8;988,8;987,8;3249,8;29,7;15,6;30,2;28,6;17,1;14,8;47;41;42;118;6,2;2,7;
2021/05/25;1600 UTC;0;986,8;987,8;986,8;3160,5;30,4;15,7;30,9;29,5;17,1;14,2;47;37;41;133;7,4;2,8;
2021/05/25;1700 UTC;0;985,8;986,8;985,8;2825,8;30,9;14,3;31,8;30,4;17,1;14,1;44;35;37;128;5,7;2,6;
2021/05/25;1800 UTC;0;985,1;985,8;985,1;2286,4;31;13,7;31,9;30,9;16,9;13;42;32;35;112;4,9;2,5;
2021/05/25;1900 UTC;0;985,1;985,2;985;1550,4;31,1;12,3;31,8;31;14,5;11,6;37;30;32;129;4,4;2;
2021/05/25;2000 UTC;0;985,4;985,4;985,1;684;29,7;15,3;31,2;29,7;15,9;12,1;42;31;42;79;3,1;1,3;
2021/05/25;2100 UTC;0;986;986;985,4;51,3;23,5;18,3;29,7;23,5;20,2;15,5;73;42;73;137;2;0;
2021/05/25;2200 UTC;0;986,7;986,7;986;;22,6;19,2;23,5;22,6;19,4;18,4;81;73;81;200;1,6;,9;
2021/05/25;2300 UTC;0;987,2;987,2;986,7;;22;19,3;23,3;21,8;19,9;18,9;85;79;85;202;2;,7;
2021/05/26;0000 UTC;0;987,8;987,8;987,2;;22,6;18,9;23;22;19,5;18,8;85;78;80;213;2,7;1,7;
2021/05/26;0100 UTC;0;988,2;988,2;987,7;;22,5;18,6;22,8;22,4;18,9;18,3;80;76;79;202;3,4;2;
2021/05/26;0200 UTC;0;988,6;988,6;988,2;;20,4;17,7;22,8;20,2;18,6;17,2;85;72;84;64;3,5;,3;
2021/05/26;0300 UTC;0;988,6;988,7;988,5;;20,2;18;20,4;19,9;18,2;17,3;88;84;87;320;1,5;,5;
2021/05/26;0400 UTC;0;988,1;988,6;988,1;;19,6;17,6;20,5;19,6;18,3;17,5;88;86;88;260;2,6;0;
2021/05/26;0500 UTC;0;987,9;988,1;987,8;;19,4;17,7;19,7;19,2;18;17,3;90;88;90;327;1,1;0;
2021/05/26;0600 UTC;0;987,7;987,9;987,7;;19,3;17,5;20;19,3;18,2;17,5;91;89;89;303;1,5;,5;
2021/05/26;0700 UTC;0;987,7;987,8;987,6;;19,2;17,4;19,4;19,1;17,5;17,2;90;89;89;306;2,1;,5;
2021/05/26;0800 UTC;0;988;988;987,7;;18,4;16,8;19,2;18,4;17,4;16,7;90;89;90;288;1,7;0;
2021/05/26;0900 UTC;0;988,2;988,2;987,9;6;18,9;17,4;18,9;18,1;17,4;16,5;91;90;91;289;1,1;,1;
2021/05/26;1000 UTC;0;988,6;988,7;988,2;396,9;21,8;19,6;21,8;18,9;19,7;17,4;91;87;87;311;1,5;0;
2021/05/26;1100 UTC;0;989,4;989,5;988,6;1256,6;25,2;19,3;25,2;21,8;20,1;18,6;87;69;70;90;2,6;1,2;
2021/05/26;1200 UTC;0;989,9;990;989,4;2063,1;27,1;17,7;27,2;25,2;19,5;17,3;70;55;56;138;7,3;2,8;
2021/05/26;1300 UTC;0;989,5;989,9;989,5;2708,6;27,7;17,2;28,1;27;18,1;16,8;57;52;53;138;9,4;5,3;
2021/05/26;1400 UTC;0;988,8;989,6;988,8;3231,2;29,3;18,1;29,5;27,7;18,7;17;54;49;51;144;10,2;3,9;
2021/05/26;1500 UTC;0;987,6;988,8;987,6;3100,7;30,2;15,8;30,5;28,6;18,1;15,8;52;41;42;131;11,2;5,4;
2021/05/26;1600 UTC;0;986,2;987,6;986,2;3213,9;31,2;15,5;31,2;29,9;17,2;15,3;45;39;39;157;11,2;3,9;
2021/05/26;1700 UTC;0;985,1;986,2;985,1;2489,9;31,3;15,1;31,6;30,5;16,8;14,2;42;35;38;148;7,8;3,7;
2021/05/26;1800 UTC;0;984,3;985,1;984,3;2252,9;31,7;14,6;32,1;31,2;15,9;13,6;39;34;35;116;8;3,3;
2021/05/26;1900 UTC;0;984,1;984,3;984,1;1486,6;31,7;13,8;31,9;31,2;15,5;13,7;39;33;34;134;6,9;2,9;
2021/05/26;2000 UTC;0;984,3;984,3;984,1;683,8;30,5;14,2;31,7;30,5;15,1;13,7;38;34;37;134;5,9;2,1;
2021/05/26;2100 UTC;0;984,7;984,7;984,3;41;27,3;14,8;30,5;27;16,1;14,2;51;37;46;131;4,2;1,9;
2021/05/26;2200 UTC;0;985,6;985,6;984,7;;23,7;17,6;27,3;23,3;17,6;14,7;69;46;69;98;2,8;0;
2021/05/26;2300 UTC;0;986,2;986,2;985,6;;25,5;16,6;26,3;23,7;17,8;15,9;69;53;58;187;3,6;2,5;
2021/05/27;0000 UTC;0;987;987;986,2;;28,6;13,1;28,8;25,5;16,8;12,9;58;38;38;136;8,6;5,1;
2021/05/27;0100 UTC;0;987,8;987,8;987;;27,1;13,3;28,6;26,9;14,1;13,1;43;38;42;132;9,7;4,9;
2021/05/27;0200 UTC;0;988;988;987,8;;26;13,2;27,2;26;13,2;12,6;45;41;45;135;10,1;4,8;
2021/05/27;0300 UTC;0;988;988,2;988;;25;14,1;26,1;24,7;14,1;13,2;51;45;51;125;7,9;3,8;
2021/05/27;0400 UTC;0;987,3;988;987,3;;24,5;14,7;25;24,2;14,7;14;55;51;54;137;7,6;3,2;
2021/05/27;0500 UTC;0;986,6;987,3;986,6;;23,3;15,2;24,5;23,3;15,2;14,6;60;54;60;162;6;2,2;
2021/05/27;0600 UTC;0;986,3;986,6;986,3;;19,1;15,5;23,3;19;15,6;15;80;60;80;354;3,3;0;
2021/05/27;0700 UTC;0;986,2;986,3;986,1;;23;15,5;23;18,7;16,8;15,3;83;63;63;143;5,8;3,1;
2021/05/27;0800 UTC;0;986,4;986,4;986,2;;21,7;15,4;23,1;21,7;15,5;15,3;68;62;68;142;5,8;1,6;
2021/05/27;0900 UTC;0;986,6;986,7;986,4;2,7;18,2;15,5;21,7;18,1;15,7;15,2;85;68;85;306;3,1;,8;
2021/05/27;1000 UTC;0;987,1;987,1;986,7;408,7;23,3;17,2;23,3;18,1;17,7;15,5;85;69;69;117;3,2;1,7;
2021/05/27;1100 UTC;0;987,8;987,8;987,1;1254,7;25,6;17,1;25,6;23,3;17,3;16,2;68;58;59;133;5;2,1;
2021/05/27;1200 UTC;0;988;988;987,8;2017,2;26,1;17,2;26,3;25,4;17,4;16,4;60;56;58;150;7,9;4,8;
2021/05/27;1300 UTC;0;987,7;988;987,6;2424,6;27,6;17,6;27,8;25,7;18,1;16,8;60;54;55;149;9,6;4;
2021/05/27;1400 UTC;0;987,2;987,7;987,2;2062,3;27,7;17,8;28,5;26,9;18,5;17,1;57;52;55;138;9,6;4,3;
2021/05/27;1500 UTC;0;985,9;987,2;985,9;1970,1;28,6;17,5;28,9;27,6;18,9;17,2;56;50;51;153;10,5;5;
2021/05/27;1600 UTC;0;985,1;985,9;985,1;1915,9;29;17,8;29,5;28,2;18,5;17,1;54;49;51;142;8,8;4,5;
2021/05/27;1700 UTC;0;984,3;985,1;984,3;1501,2;28,8;17,7;29,7;28,6;18,5;17,1;53;49;51;142;7,8;4,1;
2021/05/27;1800 UTC;0;983,9;984,3;983,8;1091,2;28,7;17,5;29,4;28,7;18,2;16,8;52;47;51;137;6,9;3,7;
2021/05/27;1900 UTC;0;983,8;983,9;983,7;513,4;28,4;17,9;28,8;28,4;18,5;17,2;55;50;53;123;5,9;2,2;
2021/05/27;2000 UTC;0;984,1;984,1;983,8;249,4;27,6;18,4;28,4;27,6;18,7;17,8;58;53;58;114;3,8;1,4;
2021/05/27;2100 UTC;0;984,4;984,4;984,1;30,1;25,6;19,3;27,6;25,6;19,5;18,5;68;58;68;123;2,3;1,1;
2021/05/27;2200 UTC;0;985;985;984,3;;26,2;18,6;26,7;25,4;19,3;18,2;69;60;63;164;2,6;1,1;
2021/05/27;2300 UTC;0;985,7;985,7;985;;25,9;18;26,2;25,3;19,5;17,9;70;61;62;98;3,6;,7;
2021/05/28;0000 UTC;0;986,1;986,1;985,7;;25,3;18,9;27,5;25,3;18,9;16,8;67;52;67;76;5,5;1,2;
2021/05/28;0100 UTC;0;986,4;986,4;986,2;;24;18,9;25,2;24;19,2;18,9;73;68;73;105;2,2;1,4;
2021/05/28;0200 UTC;0;986,5;986,5;986,3;;23,8;19;24,3;23,8;19,1;18,9;75;72;75;105;3,6;2,2;
2021/05/28;0300 UTC;0;986,5;986,6;986,5;;24,6;19,4;24,7;23,3;19,5;19;77;72;72;112;3,8;2,5;
2021/05/28;0400 UTC;0;986;986,6;986;;23,8;19,5;24,6;23,8;19,5;19,3;77;72;77;108;3,8;,8;
2021/05/28;0500 UTC;0;985,5;986;985,5;;23,1;19,7;23,8;23;19,7;19,6;81;77;81;102;2,7;1,6;
2021/05/28;0600 UTC;0;985,3;985,5;985,3;;22,7;19,4;23,1;22,7;19,7;19,4;82;81;82;118;3,7;1,6;
2021/05/28;0700 UTC;0;985,4;985,4;985,2;;22,6;19,5;22,8;22,6;19,6;19,3;83;82;83;120;2,7;,3;
2021/05/28;0800 UTC;0;985,9;985,9;985,4;;23,4;19,4;23,7;22,6;19,8;19,3;83;77;78;131;3;,3;
2021/05/28;0900 UTC;0;986,3;986,3;985,8;3,3;23;18,6;23,7;22,8;19,4;18,4;78;74;76;136;3,5;1,6;
2021/05/28;1000 UTC;0;986,5;986,5;986,2;396,8;24,6;18,1;24,8;22,9;18,9;17,7;77;66;67;137;5,6;2,7;
2021/05/28;1100 UTC;0;987,1;987,1;986,5;1157,6;25,7;18;25,8;24,5;18,4;17,6;67;62;63;139;6,3;2,8;
2021/05/28;1200 UTC;0;987,3;987,4;987,1;1761,7;26,9;18,6;26,9;25,6;18,8;17,9;64;60;61;155;6,9;3,9;
2021/05/28;1300 UTC;0;987,4;987,5;987,2;1878,4;27;18,6;27,7;26,5;19,3;18,1;62;58;60;150;8,9;4,6;
2021/05/28;1400 UTC;0;987,1;987,4;987,1;2122,7;27,3;18,8;28,1;26,7;19,4;18,3;62;58;60;137;8,9;4,3;
2021/05/28;1500 UTC;0;986,3;987,1;986,3;2271,5;28,2;19,2;28,6;27,2;19,6;18,6;61;56;58;144;7,7;3,6;
2021/05/28;1600 UTC;0;985,2;986,3;985,2;2619,9;28,9;18,8;29,5;27,8;19,8;18,4;59;53;54;164;6,6;3,2;
2021/05/28;1700 UTC;0;984,5;985,2;984,5;2213,4;29,8;19,3;30;28,9;19,6;18,1;56;51;54;171;6,4;3,2;
2021/05/28;1800 UTC;0;983,8;984,5;983,8;2121,2;30,2;18,5;30,6;29,5;19,7;18,1;55;48;49;190;6,9;2,4;
2021/05/28;1900 UTC;0;983,6;983,8;983,6;1511,7;30,4;19,2;30,7;30,1;19,2;17,9;52;47;51;165;5;2,1;
2021/05/28;2000 UTC;0;984;984;983,6;540,6;28,8;19,3;30,4;28,8;19,3;18,5;56;49;56;211;4,6;2,3;
2021/05/28;2100 UTC;0;984,3;984,3;984;22,6;27;19,5;28,8;27;19,6;19,2;64;56;64;217;4,5;1,7;
2021/05/28;2200 UTC;0;984,7;984,7;984,3;;26,3;19,9;27;26,3;20,2;19,5;69;64;68;229;4;2,2;
2021/05/28;2300 UTC;0;985,2;985,2;984,7;;25,3;19,6;26,3;25,2;20;19,4;71;68;71;205;4;1,8;
2021/05/29;0000 UTC;0;985,6;985,6;985,2;;25,2;19,4;25,5;25,2;19,7;19,2;71;68;70;203;3,2;1,5;
2021/05/29;0100 UTC;0;986,2;986,2;985,6;;24,1;19,8;25,2;24;19,8;19,2;77;70;77;96;2,5;1,5;
2021/05/29;0200 UTC;0;986,2;986,3;986,2;;23;19,9;24,1;23;20;19,8;83;77;83;109;3;1,4;
2021/05/29;0300 UTC;0;986,1;986,2;986,1;;22,8;19,6;23,2;22,4;20;19,2;83;82;82;93;2,7;,9;
2021/05/29;0400 UTC;0;985,7;986,1;985,7;;21,9;19,1;22,9;21,9;19,6;18,9;84;81;84;90;2,6;,1;
2021/05/29;0500 UTC;0;985,4;985,7;985,4;;23,3;19,5;23,4;21,9;19,9;19,1;85;79;79;104;2,1;,7;
2021/05/29;0600 UTC;0;985,5;985,5;985,4;;23,3;19,9;23,3;23,2;19,9;19,5;81;79;81;91;2,2;,1;
2021/05/29;0700 UTC;0;985,5;985,5;985,4;;23,1;19,8;23,3;23,1;20,1;19,8;83;81;81;130;1,8;,5;
2021/05/29;0800 UTC;0;985,7;985,7;985,5;;22,7;18,9;23,6;22,7;19,8;18,8;81;75;79;125;3;0;
2021/05/29;0900 UTC;0;986;986;985,7;2,5;20,7;18,7;22,7;20,7;19,1;18,6;88;80;88;358;,7;0;
2021/05/29;1000 UTC;0;986,5;986,5;986;297,6;23,3;20,6;23,4;20,7;21;18,8;89;85;85;93;1,2;,2;
2021/05/29;1100 UTC;0;986,9;987;986,5;978,4;26,2;20;26,2;23,3;21,4;18,8;85;67;68;147;3,7;1,3;
2021/05/29;1200 UTC;0;987,2;987,2;986,9;2124;27,4;18;27,7;26,2;19,7;17,3;68;54;56;139;6,1;3,5;
2021/05/29;1300 UTC;0;987;987,4;987;2632;28,3;17,7;28,4;27,4;18,2;17;57;51;53;149;7,1;3,6;
2021/05/29;1400 UTC;0;986,4;987;986,4;3018,8;29;16,9;29,6;28,2;18,4;16,7;54;47;48;125;8,5;3,4;
2021/05/29;1500 UTC;0;985,4;986,4;985,4;3216,3;30,4;15,9;30,6;29;17,5;15,5;49;41;42;160;7,8;4,3;
2021/05/29;1600 UTC;0;984,7;985,4;984,7;3107,5;31,4;15,3;31,7;30,4;16,9;14,4;42;35;38;125;7,8;3,8;
2021/05/29;1700 UTC;0;984,1;984,7;984,1;2593,1;31,2;15,1;32,2;30,6;16,2;13,9;40;34;38;128;7,8;2,7;
2021/05/29;1800 UTC;0;983,9;984,1;983,9;1796,4;31,3;15;32,1;30,7;15,6;13,6;40;34;37;133;6;2,7;
2021/05/29;1900 UTC;0;984;984;983,8;1457,1;31,9;14,8;32,2;30,8;15,3;13,8;38;34;36;159;6,1;1,9;
2021/05/29;2000 UTC;0;984,3;984,3;984;506,4;28,8;18,9;31,9;28,8;18,9;14,4;55;35;55;164;4,1;1;
2021/05/29;2100 UTC;0;984,8;984,8;984,3;43,6;26;19,2;28,8;25,4;20,6;17,7;71;52;66;192;1,9;1,3;
2021/05/29;2200 UTC;0;985,4;985,4;984,8;;25,3;19,1;26,7;24,8;19,9;18,7;73;63;69;44;2;0;
2021/05/29;2300 UTC;0;986;986;985,4;;26,2;18,9;26,8;25,3;19,8;18;69;59;64;217;3,4;2,2;
2021/05/30;0000 UTC;0;986,7;986,7;986;;25,6;19,1;26,1;24,5;20;18,6;75;64;67;195;3,4;2,3;
2021/05/30;0100 UTC;0;987,1;987,1;986,7;;22,6;19;25,5;22,5;19,3;18,5;80;66;80;175;2,7;,2;
2021/05/30;0200 UTC;0;987,4;987,4;987,1;;22,5;17,4;23,3;22,4;19,4;17,4;82;72;73;138;3;,6;
2021/05/30;0300 UTC;0;987,4;987,5;987,4;;24,9;14,2;26,4;22,5;17,4;14,1;73;48;51;170;6,1;1,8;
2021/05/30;0400 UTC;0;987,3;987,4;987,2;;24,6;14,5;25,2;24,6;14,5;14,1;54;50;54;164;6,3;3,1;
2021/05/30;0500 UTC;0;987,2;987,3;987,1;;24;15,3;24,7;23,8;15,3;14,5;58;53;58;161;5,3;2,1;
2021/05/30;0600 UTC;0;987;987,2;986,9;;23,8;15,7;24,3;23,6;15,7;15,3;61;58;61;134;5,4;2,6;
2021/05/30;0700 UTC;0;987;987;986,9;;20,1;16,1;23,8;20,1;16,2;15,6;78;61;78;295;5,2;,3;
2021/05/30;0800 UTC;0;987,5;987,5;987;;18,5;16,3;20,1;18,5;16,5;15,8;87;78;87;311;1,5;,5;
2021/05/30;0900 UTC;0;987,7;987,7;987,5;4,5;18;16,2;18,5;17,8;16,4;15,8;89;87;89;357;1,5;0;
2021/05/30;1000 UTC;0;988,1;988,1;987,7;432,5;22,2;17,7;22,2;17,7;18,8;16;90;75;75;90;1,1;,2;
2021/05/30;1100 UTC;0;988,5;988,5;988,1;1186,5;25,2;17,1;25,2;22,2;18;16,8;76;60;61;160;2;,4;
2021/05/30;1200 UTC;0;988,6;988,7;988,5;1963,8;27;15,7;27,5;25,3;17,7;15,7;61;50;50;152;3,9;1,3;
2021/05/30;1300 UTC;0;988,5;988,6;988,5;2602,6;28,6;16;28,8;26,9;17,3;15,3;53;45;47;113;5,8;2,8;
2021/05/30;1400 UTC;0;988;988,5;988;3010,9;30,1;15,7;30,4;28,4;16,3;13,9;48;38;42;128;5,9;2,7;
2021/05/30;1500 UTC;0;987;988;987;3211;30,8;14,3;31,1;29,6;15;12,8;42;33;37;149;6,2;2,7;
2021/05/30;1600 UTC;0;986,2;987,1;986,2;3126,4;31,7;12,8;32;30,8;15,7;12,1;39;30;32;187;5,1;1,4;
2021/05/30;1700 UTC;0;985,3;986,2;985,3;2798,8;32,1;12,5;33,1;31,3;15,1;12,3;35;30;30;165;5,4;2,1;
2021/05/30;1800 UTC;0;984,9;985,3;984,9;2222,7;32,5;13,7;32,6;31,8;13,8;12;33;29;32;166;4,8;1,9;
2021/05/30;1900 UTC;0;984,7;984,9;984,6;1511,3;31,9;14,5;33,5;31,5;15,4;12,4;37;30;35;62;6,8;1,5;
2021/05/30;2000 UTC;0;984,6;984,7;984,6;660,4;31,2;20,5;32,4;31,1;20,5;14,3;53;34;53;30;3,1;,1;
2021/05/30;2100 UTC;0;985;985;984,6;50,6;25;19,4;31,7;25;21,1;16,4;71;44;71;276;1,9;0;
2021/05/30;2200 UTC;0;985,2;985,2;985;;23,2;19,4;25;23,1;19,7;19;79;71;79;166;0;0;
2021/05/30;2300 UTC;0;985,5;985,5;985,2;;23,5;19,2;24;22,7;20,4;19,1;81;76;77;228;1,8;,7;
2021/05/31;0000 UTC;0;986,1;986,1;985,5;;24;18,7;24,1;22,7;20,1;18,7;81;72;72;203;3,7;2,5;
2021/05/31;0100 UTC;0;986,3;986,3;986,1;;23,1;18,5;24,2;23,1;18,7;18,1;75;69;75;285;3,5;0;
2021/05/31;0200 UTC;0;986,8;986,8;986,2;;22,8;18,1;23,6;22,2;19,6;18;82;72;75;84;4;,5;
2021/05/31;0300 UTC;0;986,8;986,9;986,7;;21,1;18,1;23,1;21,1;18,2;17,6;83;73;83;298;3,8;,7;
2021/05/31;0400 UTC;0;986,3;986,8;986,3;;21,1;18,6;21,7;20,9;19;18;85;83;85;45;1,4;0;
2021/05/31;0500 UTC;0;986,2;986,4;986,2;;20,3;18,4;21,3;20,3;18,9;18,2;89;85;89;107;1;0;
2021/05/31;0600 UTC;0;986,1;986,2;986,1;;19,8;18,1;20,3;19,7;18,5;18;90;88;90;70;1,2;0;
2021/05/31;0700 UTC;0;986,4;986,4;986,1;;20,1;18,5;20,1;19,8;18,5;18,1;91;90;90;214;1,6;0;
2021/05/31;0800 UTC;0;986,8;986,8;986,3;;20,6;19,1;20,7;19,8;19,1;18,2;91;90;91;306;,1;0;
2021/05/31;0900 UTC;0;987,3;987,3;986,8;2,9;21,4;19,7;21,4;20,6;19,7;19,1;91;90;90;326;,1;0;
2021/05/31;1000 UTC;0;987,8;987,8;987,3;195,8;22,7;20,3;22,8;21,4;20,6;19,6;90;86;86;351;0;0;
2021/05/31;1100 UTC;0;988,5;988,5;987,8;646;24,8;20,5;24,8;22,7;20,7;19,9;86;77;77;305;1,6;,7;
2021/05/31;1200 UTC;0;988,3;988,5;988,2;1604,5;26,7;19,8;27,4;24,9;20,6;19,6;77;65;66;133;3,3;1,3;
2021/05/31;1300 UTC;0;988,4;988,4;988,2;1224,6;27,5;19,3;27,8;26,6;20,4;19;66;60;61;155;7,4;3,6;
2021/05/31;1400 UTC;0;987,8;988,4;987,8;2202,3;29,5;19,2;29,9;27,5;20,5;18,8;62;52;54;132;6,2;1,7;
2021/05/31;1500 UTC;0;986,8;987,8;986,8;2090,5;29,7;19,6;30,3;28,7;20,2;18,8;57;52;55;158;5,7;3,2;
2021/05/31;1600 UTC;0;985,9;986,8;985,9;3096,8;29,9;18,6;31,5;29,3;20,5;18,6;57;48;51;159;6,1;2,6;
2021/05/31;1700 UTC;0;985,1;985,9;985,1;2726;30,9;19;32;29,8;20,3;18,6;53;47;49;150;5,8;3,3;
2021/05/31;1800 UTC;0;984,7;985,1;984,7;1919,9;31;19;31,9;30;20,4;18,8;52;48;49;145;6,7;4,1;
2021/05/31;1900 UTC;0;984,7;984,8;984,6;1517,2;31,1;19,5;31,4;30,8;19,9;18,6;51;47;50;132;6,7;3,2;
2021/05/31;2000 UTC;0;984,9;984,9;984,7;717,7;30,2;19,3;31,1;30,2;19,5;18,7;52;48;52;144;5,9;2,3;
2021/05/31;2100 UTC;0;985;985;984,9;62,1;27,9;19,6;30,2;27,9;19,6;19;61;52;61;145;3,8;1,7;
2021/05/31;2200 UTC;0;985,4;985,4;985;;26,9;20,1;27,9;25,5;20,6;19,6;74;61;66;170;3,1;1,5;
2021/05/31;2300 UTC;0;985,5;985,5;985,4;;26,3;20;27,4;26,3;20;19,5;68;63;68;173;3,1;1,1;
2021/06/01;0000 UTC;0;985,8;985,8;985,4;;23,8;20,1;26,3;23,8;20,3;19,5;80;67;80;339;2,3;0;
2021/06/01;0100 UTC;0;986;986;985,8;;23,2;20,7;23,8;23,1;20,7;20,1;86;80;86;308;1,1;0;
2021/06/01;0200 UTC;0;986,5;986,5;985,9;;24,1;21,3;24,3;23,2;21,6;20,7;87;84;84;162;0;0;
2021/06/01;0300 UTC;0;986,6;986,7;986,4;;24,5;20,1;26,7;24,1;21,5;19,3;85;64;76;106;4,8;1,6;
2021/06/01;0400 UTC;0;986,5;986,7;986,5;;23,4;20,5;24,5;22,9;20,5;20;84;76;84;131;2,9;1,4;
2021/06/01;0500 UTC;0;986,2;986,5;986,1;;24,3;19,6;24,8;23,4;20,6;19,4;84;73;75;126;3,5;1,5;
2021/06/01;0600 UTC;0;985,7;986,2;985,7;;24,5;19,7;24,7;24,3;19,7;19,5;75;73;75;127;3;1,2;
2021/06/01;0700 UTC;0;985,7;985,8;985,6;;24,2;19,9;24,7;24,1;19,9;19,6;77;74;77;94;3,1;1,1;
2021/06/01;0800 UTC;0;986,1;986,2;985,7;;23,9;20,5;24,2;23,9;20,5;19,9;81;77;81;9;2,2;0;
2021/06/01;0900 UTC;0;986,4;986,4;986,1;1,7;23,3;19,9;24,1;23,3;20,7;19,7;82;78;81;164;1,8;,8;
2021/06/01;1000 UTC;0;986,8;986,8;986,3;291,6;25,1;20,4;25,2;23,2;21;19,8;83;74;75;116;2,4;1,4;
2021/06/01;1100 UTC;0;987,5;987,5;986,8;354,6;25;20,4;25,3;24,7;20,7;20,2;78;74;76;82;2,4;,7;
2021/06/01;1200 UTC;0;987,8;987,9;987,5;472,7;25,6;20,2;25,6;25;20,8;20;77;72;72;178;2,4;1,2;
2021/06/01;1300 UTC;0;987,5;987,8;987,5;1042,3;26,5;20,1;26,6;25,6;20,6;20;73;68;68;145;4,7;2,8;
2021/06/01;1400 UTC;0;986,7;987,5;986,7;3026,6;29,5;20;29,5;26,5;21,4;19,5;69;56;57;122;4,7;2;
2021/06/01;1500 UTC;0;985,7;986,7;985,7;2703,2;30,2;19,7;31,3;28,9;20,2;18,5;59;49;53;175;5,2;2,6;
2021/06/01;1600 UTC;0;984,9;985,7;984,9;2352,2;30,5;18,6;30,9;29,2;20;18,6;55;49;49;116;5;2,7;
2021/06/01;1700 UTC;0;984;984,9;983,9;2306,5;31,4;18,6;31,4;29,9;19,3;17,9;52;46;46;123;5,2;1,3;
2021/06/01;1800 UTC;0;983,5;984;983,5;1746,5;31;17,9;32,4;29,8;19,4;17,5;54;42;46;151;6,2;1,6;
2021/06/01;1900 UTC;0;983,3;983,5;983,3;1482,7;31,3;18;31,7;30,9;19,4;17,5;49;43;45;140;4,9;1,6;
2021/06/01;2000 UTC;0;983,5;983,5;983,3;605,7;29,8;19,5;31,3;29,7;19,6;17,6;55;44;54;73;3,3;1;
2021/06/01;2100 UTC;0;984,1;984,1;983,5;58,3;27,7;20,1;29,9;27,1;21;19,3;67;53;64;102;1,9;1,1;
2021/06/01;2200 UTC;0;984,9;984,9;984,1;;27,4;19,7;27,8;27;20,4;19,6;66;62;63;205;6;3,2;
2021/06/01;2300 UTC;0;985,6;985,6;984,8;;26,5;19,9;27,4;26,5;20,1;19,7;68;63;67;210;5,8;2,5;
2021/06/02;0000 UTC;0;986,2;986,2;985,6;;25,6;20;26,6;25,5;20;19,5;71;66;71;207;7;3,7;
2021/06/02;0100 UTC;0;986,6;986,6;986,2;;24,6;20,4;25,5;24,6;20,5;19,9;77;71;77;175;7,5;3;
2021/06/02;0200 UTC;,2;986,6;986,7;986,5;;23,1;21;24,6;23,1;21,1;20,3;88;77;88;203;8,8;1,6;
2021/06/02;0300 UTC;,2;986,4;986,6;986,4;;23,3;21,1;23,3;23,1;21,1;20,9;88;87;87;171;3,9;1,7;
2021/06/02;0400 UTC;0;986,3;986,6;986,3;;22,6;20,6;23,4;22,5;21,1;20,4;88;86;88;50;3,2;,3;
2021/06/02;0500 UTC;0;985,9;986,3;985,9;;22,4;20,6;22,6;22,4;20,7;20,5;90;88;90;112;1,1;,1;
2021/06/02;0600 UTC;0;985,5;986;985,5;;21,9;20,2;22,4;21,8;20,7;20,2;90;90;90;137;1,1;0;
2021/06/02;0700 UTC;0;985,5;985,6;985,4;;21,6;20,1;21,9;21,5;20,3;19,9;91;90;91;111;1,9;,6;
2021/06/02;0800 UTC;0;985,9;985,9;985,5;;20,8;19,3;21,6;20,7;20,1;19,2;92;91;91;161;1,4;0;
2021/06/02;0900 UTC;0;986,3;986,3;985,8;3,6;20,6;19,2;21,1;20,4;19,7;19;92;91;92;335;,8;0;
2021/06/02;1000 UTC;0;986,9;986,9;986,2;388,5;22,3;20,7;22,5;20,6;21,1;19,2;92;91;91;329;,8;0;
2021/06/02;1100 UTC;0;987,7;987,7;986,9;1197,1;25,3;20,3;25,5;22,3;23,2;19,9;91;73;74;140;3;,9;
2021/06/02;1200 UTC;0;987,7;987,7;987,7;2004,2;27;16,3;27;25,3;20,6;16,3;74;52;52;123;4,7;2,6;
2021/06/02;1300 UTC;0;987,4;987,8;987,4;2617;28,1;16,7;28,5;27;17,4;15,7;54;48;50;119;5,9;2,9;
2021/06/02;1400 UTC;0;986,7;987,4;986,7;3005,8;29,4;17;29,4;28;17,5;16,2;51;47;47;131;6,5;3,1;
2021/06/02;1500 UTC;0;985,8;986,8;985,8;3172,5;30;16,8;30,1;28,8;17,4;16,1;48;44;45;175;7;2,5;
2021/06/02;1600 UTC;0;984,9;985,8;984,9;3089,2;31,3;17,3;31,3;29,7;17,7;16;46;41;43;185;6,2;2,4;
2021/06/02;1700 UTC;0;983,8;984,9;983,8;2781;31,3;16,5;32,1;30,6;17,4;15,8;44;39;41;211;6,3;2,2;
2021/06/02;1800 UTC;0;983,2;983,9;983,1;2200,9;32,2;16,9;32,4;31,3;17,2;15,9;42;38;40;206;4,8;2;
2021/06/02;1900 UTC;0;983,2;983,3;983,1;1499,2;32;16,6;33,2;31,8;17,6;16;42;37;40;232;4,9;1,2;
2021/06/02;2000 UTC;0;983,5;983,5;983,2;655,3;30,9;17,7;32,5;30,9;18,2;16,7;46;39;45;201;2,8;1;
2021/06/02;2100 UTC;0;984,3;984,3;983,5;58,6;28,3;20;31;28,2;21,1;17,5;64;44;61;193;2,1;1;
2021/06/02;2200 UTC;0;985,3;985,3;984,2;;26,4;19,6;28,3;26,4;20,4;19,2;66;61;66;102;4;1,1;
2021/06/02;2300 UTC;0;986;986;985,3;;25,2;19,2;26,7;25;19,9;18,2;70;60;69;238;2,4;0;
2021/06/03;0000 UTC;0;986,7;986,7;986;;27,8;16,3;28;24,9;20,1;16,1;74;48;50;164;4,6;2,7;
2021/06/03;0100 UTC;0;987;987;986,7;;24,3;17,9;27,7;24,1;17,9;16,3;68;50;67;21;4,7;,6;
2021/06/03;0200 UTC;0;987,4;987,4;987;;22,9;18,6;24,8;22,7;18,6;17,5;77;64;77;124;1,8;,8;
2021/06/03;0300 UTC;0;987,7;987,7;987,4;;23,2;18,3;23,9;22,9;18,9;18,3;77;71;74;157;2,3;1;
2021/06/03;0400 UTC;0;987,5;987,7;987,5;;24,1;18,6;25,5;23,2;18,8;18,1;74;65;71;128;4,1;1,4;
2021/06/03;0500 UTC;0;987,3;987,5;987,3;;22,2;18,4;24,3;22,2;18,7;18,2;79;71;79;114;3,1;,8;
2021/06/03;0600 UTC;0;986,9;987,3;986,9;;22,3;18,8;22,6;22;19;18,4;82;79;80;129;1,6;1,1;
2021/06/03;0700 UTC;0;986,9;987;986,9;;20,9;18,6;22,3;20,7;18,8;18,2;87;80;87;77;1,6;,5;
2021/06/03;0800 UTC;0;987,6;987,6;986,9;;20,4;18,5;20,9;20,1;18,8;18,1;89;87;89;312;1,4;0;
2021/06/03;0900 UTC;0;987,9;987,9;987,6;2,6;20,1;18,4;20,4;19,6;18,6;17,8;90;88;90;310;1,1;,6;
2021/06/03;1000 UTC;0;988,8;988,8;987,9;396,9;24,4;18,6;24,5;19,9;20,6;18,2;91;70;70;130;4,6;1,5;
2021/06/03;1100 UTC;0;989,4;989,4;988,8;1211;25,8;17,4;25,9;24,4;18,8;17,4;70;60;60;136;5;3;
2021/06/03;1200 UTC;0;989,9;990;989,4;1998,8;27,4;16,7;27,5;25,8;17,5;16,4;60;52;52;149;7,5;3,3;
2021/06/03;1300 UTC;0;989,6;990;989,6;2625,7;28,1;16,9;28,1;27;16,9;15,8;53;48;51;147;7,5;4,2;
2021/06/03;1400 UTC;0;989;989,7;989;2991,5;29;15,9;29,2;27,8;16,7;15;51;43;45;155;8,6;3,7;
2021/06/03;1500 UTC;0;987,9;989;987,9;3187,9;30,4;15,1;31;29;16,8;14,8;46;38;40;167;7,7;3,2;
2021/06/03;1600 UTC;0;987,1;987,9;987,1;3051,9;31,1;13,6;31,7;29,9;15,9;13,6;42;35;35;161;7,7;3,1;
2021/06/03;1700 UTC;0;986,1;987,1;986,1;2727,3;31,9;14,5;31,9;30,7;15,3;13,6;38;34;35;156;8;2,8;
2021/06/03;1800 UTC;0;985,5;986,1;985,5;2313;31,9;13,8;32,2;31,3;14,9;13,6;36;33;33;176;7,6;3,1;
2021/06/03;1900 UTC;0;985,3;985,5;985,2;1365,3;31,7;13,9;32,4;30,9;14,8;13,3;37;32;34;182;7,1;0;
2021/06/03;2000 UTC;0;985,6;985,6;985,3;723,9;31,1;15,2;31,8;30,8;15,2;13,7;38;34;38;179;5,1;0;
2021/06/03;2100 UTC;0;985,9;985,9;985,6;59;28,4;20;31,1;28,4;20;15;61;38;61;168;0;0;
2021/06/03;2200 UTC;0;986,5;986,5;985,9;;28,3;17,7;28,3;27;20,7;17,7;68;53;53;196;0;0;
2021/06/03;2300 UTC;0;987,3;987,3;986,5;;28,5;16,4;29;27,4;19,5;16,3;62;46;48;138;5,3;,8;
2021/06/04;0000 UTC;0;987,7;987,7;987,3;;27,7;17;28,5;27,5;17;16,5;53;48;52;154;5,4;2,8;
2021/06/04;0100 UTC;0;987,8;987,8;987,6;;27,1;17,3;27,7;27,1;17,3;16,9;55;52;55;147;6,1;2,3;
2021/06/04;0200 UTC;0;987,9;987,9;987,7;;26,4;18;27,1;26,4;18,1;17,3;60;55;60;137;6,1;2,2;
2021/06/04;0300 UTC;0;987,8;987,9;987,7;;25,4;18,5;26,4;25,4;18,5;18;66;60;66;141;5,9;2,4;
2021/06/04;0400 UTC;0;987,6;987,7;987,5;;24,8;18,7;25,5;24,7;18,8;18,5;69;65;69;146;5;2,6;
2021/06/04;0500 UTC;0;987,3;987,6;987,2;;25,1;18,8;25,2;24,8;18,9;18,8;69;68;68;144;5,1;3;
2021/06/04;0600 UTC;0;986,8;987,3;986,8;;24,1;18,9;25,1;24,1;18,9;18,8;73;68;73;152;5,5;2,3;
2021/06/04;0700 UTC;0;986,9;986,9;986,7;;23,4;18,8;24,2;23,4;19;18,8;75;72;75;158;4,6;1,2;
2021/06/04;0800 UTC;0;987,3;987,3;986,9;;22,9;18,7;23,7;22,9;19;18,7;77;75;77;108;3,5;1,5;
2021/06/04;0900 UTC;0;987,7;987,7;987,3;1,2;20,6;18,3;22,9;20,5;18,7;18,1;87;77;87;38;2,8;0;
2021/06/04;1000 UTC;0;988,3;988,3;987,7;387;23,7;19,5;24;20,6;20,3;18,5;88;77;77;105;1,3;0;
2021/06/04;1100 UTC;0;989;989;988,3;1155,5;26,1;19,1;26,4;23,7;20,1;18,5;78;63;65;142;6,1;2,9;
2021/06/04;1200 UTC;0;989,4;989,4;989;1741,9;26,4;18,1;27,2;25,7;19,3;17,8;65;59;60;146;7,7;4;
2021/06/04;1300 UTC;0;989,2;989,4;989,2;1759,6;27,3;18;28,2;26,3;19;17,9;61;56;57;138;8,1;3,2;
2021/06/04;1400 UTC;0;988,3;989,3;988,3;1720,7;28,7;18,3;28,9;26,8;19,1;17,7;60;52;53;134;7,1;3,2;
2021/06/04;1500 UTC;0;987,4;988,3;987,4;1970;28,2;17,9;30,4;28;18,8;16,9;55;48;54;134;6,7;3,9;
2021/06/04;1600 UTC;0;986,6;987,4;986,6;1364,1;29,1;18;29,2;28,2;18,6;17,2;54;50;51;110;6,4;2,9;
2021/06/04;1700 UTC;0;985,7;986,6;985,7;2147,3;30;17,1;30,6;29,1;18,6;16,9;52;44;46;153;6,4;2,5;
2021/06/04;1800 UTC;0;985,6;985,7;985,6;1846,4;30,5;17,3;31;29,7;18,2;16,9;47;44;45;149;6,4;2,9;
2021/06/04;1900 UTC;0;985,6;985,7;985,5;1510,7;30,4;17,4;31,1;29,6;18,4;17;48;44;46;147;5,9;3,1;
2021/06/04;2000 UTC;0;986;986,1;985,6;522,8;29,2;18;30,6;29,2;18,1;17,2;51;45;51;169;5;0;
2021/06/04;2100 UTC;0;986,3;986,3;986;36,2;25,2;19,6;29,2;25,2;19,7;17,9;71;51;71;196;0;0;
2021/06/04;2200 UTC;0;986,7;986,7;986,3;;25,8;20,8;25,8;24;21,1;19,7;79;71;74;214;0;0;
2021/06/04;2300 UTC;0;987,2;987,2;986,7;;25,3;20;25,9;25,3;20,9;20;75;72;72;199;2,3;0;
2021/06/05;0000 UTC;0;987,9;987,9;987,2;;24,1;19,9;25,4;24,1;20,3;19,7;77;72;77;112;0;0;
2021/06/05;0100 UTC;0;988,3;988,3;987,9;;26,4;16,7;27;24,1;19,9;16,7;77;54;55;130;7,2;3,1;
2021/06/05;0200 UTC;0;988,3;988,3;988,2;;25,6;16,8;26,4;25,6;17;16,7;58;55;58;126;5,4;,2;
2021/06/05;0300 UTC;0;988,4;988,5;988,3;;22,5;16,9;25,8;22,5;17;16,5;70;57;70;81;4,1;0;
2021/06/05;0400 UTC;0;988,1;988,4;988,1;;20,9;17,9;22,5;20,7;18;16,9;83;71;83;107;0;0;
2021/06/05;0500 UTC;0;987,7;988,1;987,7;;20;17,6;20,9;19,9;17,9;17,4;86;83;86;70;0;0;
2021/06/05;0600 UTC;0;987,5;987,7;987,5;;19,1;17,1;20;19,1;17,7;17;88;86;88;155;0;0;
2021/06/05;0700 UTC;0;987,4;987,5;987,4;;18,6;16,8;19,4;18,4;17,6;16,7;90;88;90;279;0;0;
2021/06/05;0800 UTC;0;987,9;987,9;987,4;;18;16,5;18,6;17,7;16,9;16;91;89;91;271;0;0;
2021/06/05;0900 UTC;0;987,9;987,9;987,8;2;17,5;16;18,2;17,3;16,6;15,7;91;90;91;226;0;0;
2021/06/05;1000 UTC;0;988,4;988,4;987,9;362,2;23,5;17,1;23,5;17,3;19,6;15,8;92;67;67;165;2,7;,1;
2021/06/05;1100 UTC;0;989;989;988,4;1211,1;25,2;16,2;25,3;23,5;17,3;16,1;67;57;58;147;5,6;,9;
2021/06/05;1200 UTC;0;989,1;989,2;989;2001,7;26,2;16,7;26,2;25,2;16,7;15,9;58;54;56;138;7,8;3,9;
2021/06/05;1300 UTC;0;988,9;989,1;988,9;2628,6;27,9;16,9;27,9;25,9;17,2;16;56;51;51;139;7,9;2,4;
2021/06/05;1400 UTC;0;988,2;988,9;988,2;3034,6;28,5;16;28,9;27,3;17;15,3;52;45;47;140;6,8;4,1;
2021/06/05;1500 UTC;0;987,3;988,2;987,3;3161,5;29,8;15,7;30,1;28,3;16,4;15,2;47;42;42;156;7;3,2;
2021/06/05;1600 UTC;0;986;987,3;986;3105,9;31,6;15,5;31,7;29,8;16,2;14,2;43;35;38;181;7,8;3,1;
2021/06/05;1700 UTC;0;985;986;985;2798,8;31,7;14,9;32,5;31;15,5;14;38;34;36;166;7,7;3,4;
2021/06/05;1800 UTC;0;984,6;985,1;984,6;1947,9;31,3;15,5;32,6;31,1;16,1;14,2;39;34;38;177;7,5;3,1;
2021/06/05;1900 UTC;0;984,7;984,7;984,6;1446;31,6;14,4;32,4;31,3;16,2;14,4;39;35;35;169;6,2;3,3;
2021/06/05;2000 UTC;0;984,9;984,9;984,7;690,9;30,3;16,2;31,9;30,3;16,4;14,4;43;35;42;201;6,1;2,1;
2021/06/05;2100 UTC;0;985,1;985,1;984,9;58,8;28,3;16,9;30,3;28,3;16,9;16,3;50;42;50;188;3,9;1,7;
2021/06/05;2200 UTC;0;985,7;985,7;985,1;;26,7;17,6;28,3;26,7;17,8;16,9;58;50;57;206;3,5;1,4;
2021/06/05;2300 UTC;0;986,3;986,3;985,7;;25,8;17,7;26,7;25,5;18,4;17,5;64;57;61;185;3,2;1,8;
2021/06/06;0000 UTC;0;986,6;986,6;986,3;;25,2;17,6;25,8;25,1;18;17,6;64;61;63;196;3,2;1,9;
2021/06/06;0100 UTC;0;986,6;986,8;986,6;;25,3;17,9;25,5;24,9;18;17,4;65;62;64;197;3,8;1,8;
2021/06/06;0200 UTC;0;986,5;986,6;986,5;;26,1;18,6;26,3;25,3;18,7;17,9;66;63;63;173;6,9;3,7;
2021/06/06;0300 UTC;0;986,3;986,5;986,3;;25,4;19;26,1;25,4;19;18,6;68;63;68;169;7,8;3,8;
2021/06/06;0400 UTC;0;985,8;986,3;985,8;;24,7;18,9;25,6;24,7;19,1;18,9;70;67;70;169;9,2;2;
2021/06/06;0500 UTC;0;985,7;985,8;985,6;;23,8;18,8;24,8;23,8;19;18,7;74;70;74;107;4;1,1;
2021/06/06;0600 UTC;0;985,7;985,7;985,5;;22,2;18,7;24,2;22,2;19;18,2;81;73;81;13;4;,8;
2021/06/06;0700 UTC;0;985,7;985,7;985,6;;22,2;19,2;22,3;22,1;19,2;18,7;83;81;83;311;1,8;0;
2021/06/06;0800 UTC;0;986,1;986,1;985,6;;24,4;18,7;24,4;22,2;20;18,7;84;70;70;154;4,1;2,2;
2021/06/06;0900 UTC;0;986,2;986,2;986;,5;23,1;18,3;24,5;23,1;18,6;18,2;74;70;74;160;4,1;1,4;
2021/06/06;1000 UTC;0;986,9;986,9;986,2;372,4;25;18,2;25,1;23,1;18,7;18,1;74;65;66;147;3,5;1,6;
2021/06/06;1100 UTC;0;987,5;987,5;986,8;1192,3;26,1;17,7;26,3;25;18,5;17,5;66;59;60;159;6,1;2,7;
2021/06/06;1200 UTC;0;987,5;987,5;987,3;1978,7;27,3;17,2;27,8;26,1;18;17,2;60;54;54;135;6,9;4,5;
2021/06/06;1300 UTC;0;987,4;987,5;987,3;2523,6;28,5;17;29,1;27,3;17,9;16,8;55;49;50;146;7,9;3,3;
2021/06/06;1400 UTC;0;986,6;987,4;986,5;2919,5;29,7;16,7;29,8;28,3;17,4;16,3;51;46;46;150;8;3,8;
2021/06/06;1500 UTC;0;985,8;986,6;985,8;2878,7;30,4;16,1;31;29,3;17,5;16;47;42;42;149;7,4;3,2;
2021/06/06;1600 UTC;0;985;985,8;985;2415,2;31,3;16,8;31,9;29,8;17,5;15,9;45;40;42;171;7,5;3,5;
2021/06/06;1700 UTC;0;983,9;985;983,9;2871,2;31,8;16,4;32,3;30,8;17,1;15,8;43;38;40;201;7,5;2,4;
2021/06/06;1800 UTC;0;983,5;983,9;983,5;2259,2;32,3;16,6;32,7;31;17;15,8;41;37;39;174;8,3;2,7;
2021/06/06;1900 UTC;0;983;983,5;983;1541;31,9;16,4;32,4;31,4;16,7;15,2;41;37;39;152;5,2;2,3;
2021/06/06;2000 UTC;0;983,5;983,5;983;472,4;30;16,3;32;30;16,3;15,2;44;37;44;139;5,6;2;
2021/06/06;2100 UTC;0;984;984;983,5;46,2;29,1;17,2;30,2;29,1;17,2;16;49;42;49;169;3,5;1,3;
2021/06/06;2200 UTC;0;984,8;984,9;984;;27,2;17,5;29,1;27,2;17,5;17,1;55;48;55;97;6;3,7;
2021/06/06;2300 UTC;0;985,5;985,5;984,8;;26,7;17,7;27,2;26,5;18;17,4;60;55;58;112;6,8;2,5;
2021/06/07;0000 UTC;0;986;986;985,5;;25,7;18,3;26,8;25,7;18,5;17,6;64;57;64;30;4,6;0;
2021/06/07;0100 UTC;0;986,2;986,4;986;;25,4;18,8;25,7;25,1;19,2;18,4;70;64;67;254;2,6;1,7;
2021/06/07;0200 UTC;0;986,2;986,3;986,2;;25,5;18,3;25,7;25,3;18,8;18,3;67;64;64;163;3,6;1,3;
2021/06/07;0300 UTC;0;986;986,3;986;;25,4;18,1;25,5;25,2;18,6;18,1;67;64;64;173;2,6;,9;
2021/06/07;0400 UTC;0;985,4;986;985,4;;24,8;18,2;25,4;24,8;18,2;18;67;64;67;186;2,1;1,2;
2021/06/07;0500 UTC;0;985,1;985,4;985;;24,8;17,6;25,2;24,7;18,4;17,6;68;64;64;154;3,7;1,9;
2021/06/07;0600 UTC;0;984,5;985,1;984,5;;24,2;17,7;24,9;24,2;17,7;17,5;67;64;67;161;3,8;2;
2021/06/07;0700 UTC;0;984,5;984,5;984,4;;23,9;17,8;24,4;23,9;17,8;17,7;69;66;69;177;3,3;1,9;
2021/06/07;0800 UTC;0;984,7;984,7;984,4;;23,2;18,5;23,9;23,2;18,5;17,8;75;69;75;177;2,8;,8;
2021/06/07;0900 UTC;0;985,2;985,2;984,7;,2;21,9;18,8;23,2;21,9;18,8;18,4;83;75;83;307;1,8;0;
2021/06/07;1000 UTC;0;985,5;985,5;985,2;210,2;24,1;19,7;24,1;21,9;20;18,8;83;77;77;246;1,6;,4;
2021/06/07;1100 UTC;0;986,3;986,3;985,5;816,2;25,7;17,4;25,9;24,1;19,6;17,2;77;59;60;169;4,2;2,2;
2021/06/07;1200 UTC;0;986,7;986,7;986,3;1532;26,7;17,4;26,9;25,6;17,6;16,9;60;56;56;181;5,8;3,4;
2021/06/07;1300 UTC;0;986,5;986,7;986,5;2386,2;27,9;17,4;28,3;26,7;18,1;16,9;57;52;53;173;5,8;3,2;
2021/06/07;1400 UTC;0;986,1;986,5;986,1;3194,4;29,3;17,3;30;27,9;18,1;16,5;53;46;48;161;6,6;2,9;
2021/06/07;1500 UTC;0;985,3;986,1;985,3;2856,3;30,6;16,7;30,7;28,3;17,7;16,2;51;43;43;179;5,6;1,6;
2021/06/07;1600 UTC;0;984,1;985,3;984,1;3122;31,6;16,7;31,7;30;17,6;15,9;45;40;41;189;5,4;2;
2021/06/07;1700 UTC;0;983,2;984,1;983,2;2776,2;31,6;15,9;33,2;30,8;17,2;15,7;43;36;39;175;5,6;1,9;
2021/06/07;1800 UTC;0;982,6;983,2;982,6;2377,8;32,5;15,3;32,8;31,6;16,9;15,2;40;35;35;198;6,5;1,7;
2021/06/07;1900 UTC;0;982,6;982,6;982,5;1566,2;32;15,6;32,9;31,8;16,4;14,4;38;34;37;179;4,9;2,5;
2021/06/07;2000 UTC;0;982,9;982,9;982,6;294;30,4;16,6;32;30,4;16,7;15,5;44;37;44;207;4,6;2;
2021/06/07;2100 UTC;0;983,5;983,5;982,9;13,7;29,4;17,3;30,4;29,4;17,4;16,8;49;44;48;180;5;2,5;
2021/06/07;2200 UTC;0;984,2;984,2;983,5;;28,8;16,7;29,4;28,6;17,5;16,6;50;48;48;148;4,5;2,4;
2021/06/07;2300 UTC;0;984,9;984,9;984,2;;28,1;16,8;28,8;27,9;17,6;16,4;53;48;50;242;4,5;2,6;
2021/06/08;0000 UTC;0;985,8;985,8;984,9;;27,2;17,7;28,3;27,2;17,7;16,7;56;50;56;163;4,7;1,3;
2021/06/08;0100 UTC;0;986,1;986,1;985,8;;27,3;17,5;27,4;27,1;17,8;17,4;57;54;55;143;3,6;2,3;
2021/06/08;0200 UTC;0;986;986,1;986;;27,1;17,2;27,3;26,8;17,6;17,2;57;55;55;149;4,8;2,2;
2021/06/08;0300 UTC;0;985,7;986;985,7;;26,8;17,3;27,3;26,8;17,3;17,1;56;54;56;148;5,1;2,1;
2021/06/08;0400 UTC;0;985,2;985,7;985,2;;26,3;17,4;26,9;26,3;17,5;17,3;58;56;58;126;4,4;2,3;
2021/06/08;0500 UTC;0;985;985,2;985;;26,1;17,5;26,3;25,9;17,7;17,4;61;58;59;161;4,1;1,9;
2021/06/08;0600 UTC;0;984,6;985;984,6;;25,7;17,6;26,1;25,7;17,6;17,5;61;59;61;131;4,4;2,5;
2021/06/08;0700 UTC;0;984,6;984,7;984,6;;23,4;18,1;25,7;23,4;18,2;17,6;72;61;72;55;3,7;0;
2021/06/08;0800 UTC;0;985;985;984,6;;21,7;19;23,4;21,6;19;18,1;85;73;85;110;1,5;,8;
2021/06/08;0900 UTC;0;985,4;985,4;984,9;0;21,5;18,7;22;21,4;19,1;18,4;85;83;84;52;2;1;
2021/06/08;1000 UTC;0;986,1;986,1;985,4;335,9;24;18,9;24;21,3;19,5;18,5;85;74;74;295;1,7;0;
2021/06/08;1100 UTC;0;986,7;986,7;986,1;1068,2;26,8;18;27,3;24;19,4;17,7;74;57;59;170;3,4;1,2;
2021/06/08;1200 UTC;0;987,1;987,1;986,7;1966,1;28,5;18;28,5;26,8;18,5;17,6;59;52;53;134;6,3;2,3;
2021/06/08;1300 UTC;0;986,9;987,2;986,9;2562,6;29,4;18;29,6;28,1;18,3;17;54;49;50;190;4,9;2,3;
2021/06/08;1400 UTC;0;986,3;986,9;986,3;2948,4;30,2;16,8;30,9;29,2;18,6;16,6;51;44;44;206;5,3;2,4;
2021/06/08;1500 UTC;0;985,2;986,3;985,2;3085,8;31,4;16,9;32,3;30,2;18,1;16,5;46;40;42;144;4,9;2,2;
2021/06/08;1600 UTC;0;984;985,2;984;2750,3;33;16,7;33,1;31,1;18,4;16,4;45;37;38;296;4,1;,7;
2021/06/08;1700 UTC;0;983,2;984;983,2;2880,1;33,3;15,6;34,1;32;17,6;15,2;41;34;35;205;3,8;1,7;
2021/06/08;1800 UTC;0;982,7;983,2;982,7;2318,1;33,2;15,9;34,2;32,7;16,6;15,3;37;33;35;211;4,5;1,5;
2021/06/08;1900 UTC;0;982,5;982,7;982,5;1278,6;32,3;15;33,8;32,3;16,3;15;37;34;35;174;4,6;2,5;
2021/06/08;2000 UTC;0;982,7;982,7;982,5;666,4;31,8;16,5;32,8;31,8;16,5;15,2;40;35;40;188;4,2;2;
2021/06/08;2100 UTC;0;983,2;983,3;982,7;51,9;29,8;17,9;31,8;29,8;17,9;16,5;49;40;49;187;3,3;1,3;
2021/06/08;2200 UTC;0;983,9;983,9;983,2;;28;18,4;29,8;28;19,1;18;57;49;56;195;2,6;1,1;
2021/06/08;2300 UTC;0;984,4;984,4;983,9;;27,4;17,9;28;27,3;18,8;17,9;58;56;56;174;2,8;1,5;
2021/06/09;0000 UTC;0;985;985;984,4;;26,6;18,2;27,9;26,6;18,2;17,6;60;54;60;200;3,1;1,7;
2021/06/09;0100 UTC;0;985,5;985,5;985;;27,4;17,1;27,4;25,3;18,2;17,1;64;53;53;140;3,8;1,9;
2021/06/09;0200 UTC;0;986,2;986,3;985,5;;26,9;17,6;28;26,6;17,6;17;57;52;57;148;7,2;2,7;
2021/06/09;0300 UTC;0;986,3;986,4;986,2;;26,2;18,1;27;26,2;18,1;17,6;61;57;61;140;5,7;2,7;
2021/06/09;0400 UTC;0;985,9;986,3;985,9;;25,5;18,4;26,2;25,4;18,4;18,1;65;61;65;149;5,7;2,7;
2021/06/09;0500 UTC;0;985,4;985,9;985,4;;24,9;18,3;25,5;24,9;18,4;18,2;67;65;67;141;5,7;1,5;
2021/06/09;0600 UTC;0;985,2;985,5;985,2;;23,2;18,4;25;23,2;18,5;18,2;74;67;74;120;4,2;1;
2021/06/09;0700 UTC;0;985,3;985,3;985,2;;23;18,4;23,6;22,2;19;18,3;80;74;75;111;2,9;,9;
2021/06/09;0800 UTC;0;985,7;985,7;985,2;;24;17,9;24,2;22,8;18,7;17,9;77;68;68;128;4,7;2,1;
2021/06/09;0900 UTC;0;986,1;986,1;985,6;;24,1;17,2;24,5;24;17,8;17,1;68;64;65;133;5,4;2,4;
2021/06/09;1000 UTC;0;986,6;986,6;986;178,5;23,9;16,8;24,3;23,9;17,3;16,8;65;63;65;149;6,2;3,3;
2021/06/09;1100 UTC;0;987,4;987,4;986,6;1213,3;26,3;17,3;26,3;23,9;17,3;16,5;65;56;58;166;5,9;1,9;
2021/06/09;1200 UTC;0;987,6;987,7;987,4;1941,5;26,9;17,3;27;25,5;17,5;16,4;59;55;56;135;6,6;2,9;
2021/06/09;1300 UTC;0;987,3;987,6;987,3;2502,8;28,2;17,4;28,2;26,8;17,6;16,8;56;51;52;183;6,1;2,3;
2021/06/09;1400 UTC;0;986,4;987,3;986,4;2858,6;30,4;17;30,5;27,7;17,8;16,5;53;45;45;172;5,7;1,9;
2021/06/09;1500 UTC;0;985,4;986,5;985,4;2897,3;31,4;17;31,4;29,4;17,7;16,1;47;42;42;135;11,8;2,2;
2021/06/09;1600 UTC;0;984,2;985,4;984,2;3048,9;31,7;15,4;32,4;30,3;17,4;15,1;44;36;37;190;5,5;2,4;
2021/06/09;1700 UTC;0;983,2;984,2;983,2;2901,9;32,7;15,1;32,9;31,6;16,3;14,2;39;34;35;202;6,5;2,8;
2021/06/09;1800 UTC;0;982,9;983,2;982,9;2187;32,5;13,9;33,1;32,1;15;13,6;35;32;33;188;7,4;2,6;
2021/06/09;1900 UTC;0;982,7;982,9;982,7;1503,8;32,1;13,9;33;32,1;14,7;13,7;35;32;33;182;6,7;3,5;
2021/06/09;2000 UTC;0;983;983;982,7;662,5;31,2;14,7;32,3;31,1;14,7;13,4;37;33;37;186;6,7;1,4;
2021/06/09;2100 UTC;0;983,7;983,7;983;59,1;28,9;16,2;31,2;28,5;18,2;14,7;53;37;46;188;2,8;1,5;
2021/06/09;2200 UTC;0;984,4;984,5;983,7;;27,3;16,5;28,9;27,3;16,7;16,2;52;46;52;195;3;1,7;
2021/06/09;2300 UTC;0;984,9;984,9;984,4;;27;16,2;27,3;26,9;16,7;16,2;53;51;52;192;3,8;2,1;
2021/06/10;0000 UTC;0;985,6;985,6;984,9;;24,9;16,2;27,4;24,9;16,3;15,7;59;49;59;161;3,8;,2;
2021/06/10;0100 UTC;0;986;986;985,6;;24,4;16,7;26,4;24,2;17;16,1;64;54;62;158;2,8;1;
2021/06/10;0200 UTC;0;986,4;986,4;986;;24,5;16,3;26;23,5;17;16,1;66;56;60;112;4;1,8;
2021/06/10;0300 UTC;0;986,3;986,5;986,3;;25,9;16,3;26,6;24,6;16,5;16,1;60;53;56;124;6,6;1,9;
2021/06/10;0400 UTC;0;986,3;986,4;986,2;;25,2;17;26;24,7;17;16,4;62;56;60;141;4,4;1,5;
2021/06/10;0500 UTC;0;985,6;986,3;985,6;;25,3;16,8;25,6;25,2;17,1;16,7;61;58;59;145;5,5;1,3;
2021/06/10;0600 UTC;0;985,3;985,6;985,2;;25;16,7;25,4;24,7;17,1;16,7;63;59;60;135;4,3;2,1;
2021/06/10;0700 UTC;0;985,6;985,6;985,3;;23,9;17,1;25,1;23,9;17,1;16,7;66;60;66;131;5,1;,3;
2021/06/10;0800 UTC;0;986;986;985,6;;23,9;16,7;24,1;23,5;17,4;16,7;68;64;64;161;3,1;2;
2021/06/10;0900 UTC;0;986,8;986,8;985,9;2,8;23,5;16,5;24;23,1;16,7;16,4;67;63;65;150;4,4;2;
2021/06/10;1000 UTC;0;987,3;987,3;986,7;356,3;24,5;16,7;24,5;23,5;16,9;16,3;65;62;62;142;3,8;2;
2021/06/10;1100 UTC;0;988;988;987,3;1181;26,1;16,3;26,3;24,5;17,2;15,9;62;54;55;140;4,7;2,6;
2021/06/10;1200 UTC;0;988;988,1;987,9;1976,3;27,4;16,3;27,4;25,8;17,3;16,1;57;51;51;128;6,2;3,1;
2021/06/10;1300 UTC;0;987,7;988;987,6;2604,5;28,4;15,6;28,8;27,2;16,7;15,3;52;45;46;123;7,7;4;
2021/06/10;1400 UTC;0;987,1;987,8;987,1;2985,3;29,5;16,4;29,6;28,2;16,4;15;47;43;45;171;7,9;3,3;
2021/06/10;1500 UTC;0;986,2;987,1;986,1;2989,7;30,5;16,1;31,4;28,9;17,5;15,4;45;41;42;150;8,1;3,3;
2021/06/10;1600 UTC;0;985,1;986,1;985,1;2640,4;31,2;15,5;31,7;29,4;16,5;14,9;44;37;39;190;7,7;3,6;
2021/06/10;1700 UTC;0;984,1;985,1;984,1;2667,2;31,6;15,2;32,4;30,4;16;14;41;34;37;168;6,2;3,6;
2021/06/10;1800 UTC;0;983,7;984,1;983,7;2076,5;32,3;15,1;32,5;30,8;15,6;14,1;39;34;36;161;6,9;3,7;
2021/06/10;1900 UTC;0;983,4;983,7;983,4;1530;31,2;14,7;32,3;31,2;15,7;14,2;38;35;37;176;6,7;3,8;
2021/06/10;2000 UTC;0;983,7;983,7;983,4;688,4;30,4;14,9;31,4;30,4;15,3;14,1;39;35;39;169;6,9;3,1;
2021/06/10;2100 UTC;0;983,9;984;983,7;63,4;25,9;17,7;30,4;25,9;17,8;14,8;60;39;60;182;5,2;,5;
2021/06/10;2200 UTC;0;984,6;984,6;983,9;;26,2;19,2;26,2;24;19,7;17,4;70;60;65;215;2;1,6;
2021/06/10;2300 UTC;0;985,4;985,4;984,6;;26;17,3;26,3;25,6;19;17,3;66;59;59;191;3,3;2,1;
2021/06/11;0000 UTC;0;986,3;986,3;985,4;;26,5;17,8;27,5;25,9;17,8;16,9;59;53;59;163;6,5;2,3;
2021/06/11;0100 UTC;0;986,7;986,7;986,3;;26,2;17,7;26,6;26,1;17,8;17,6;60;58;59;164;5,3;2,8;
2021/06/11;0200 UTC;0;986,9;986,9;986,7;;25,9;17,5;26,5;25,9;17,7;17,4;60;58;60;162;6,6;2,2;
2021/06/11;0300 UTC;0;987;987,1;986,8;;24,9;17,6;26;24,9;17,7;17,5;64;60;64;125;5,2;1,8;
2021/06/11;0400 UTC;0;986,5;987;986,5;;22,9;17,9;24,9;22,9;18,1;17,6;73;64;73;92;3,6;1;
2021/06/11;0500 UTC;0;986,1;986,5;986,1;;21,4;18,2;22,9;21,4;18,2;17,8;82;73;82;102;2;1;
2021/06/11;0600 UTC;0;985,7;986,2;985,6;;20,7;18,1;21,4;20,7;18,3;18,1;85;82;85;83;1,9;,7;
2021/06/11;0700 UTC;0;985,7;985,9;985,6;;20;17,8;20,7;20;18,2;17,7;87;85;87;83;2,2;,3;
2021/06/11;0800 UTC;0;986;986;985,7;;19,2;17,3;20,1;19;18;17;89;87;89;322;2,1;0;
2021/06/11;0900 UTC;0;986,3;986,3;986;1,5;18,9;17,2;19,9;18,7;18,2;16,9;90;88;90;2;1,5;0;
2021/06/11;1000 UTC;0;986,7;986,7;986,3;306,7;22;19,5;22;18,6;19,6;16,8;91;86;86;356;1,6;0;
2021/06/11;1100 UTC;0;987,5;987,5;986,7;1101,9;25,6;18,2;25,6;22;19,6;18;86;63;63;60;1,6;,2;
2021/06/11;1200 UTC;0;987,5;987,6;987,5;1681,3;26,6;16,4;26,8;25,6;18,7;15,9;64;52;53;144;6,8;3,2;
2021/06/11;1300 UTC;0;987,5;987,6;987,5;2618,6;28,1;15,6;28,4;26,5;16,9;15,6;55;47;47;167;6,2;2,5;
2021/06/11;1400 UTC;0;987;987,5;987;3016,1;29,3;15,2;30,1;28;16,7;15;48;41;42;183;5,2;2,1;
2021/06/11;1500 UTC;0;985,9;987;985,9;3140,4;30,8;14,6;31,2;29,3;16,1;14,1;44;36;38;181;6,1;2,2;
2021/06/11;1600 UTC;0;985;985,9;985;3131,2;32;13,4;32,3;30,6;15,1;13,2;38;32;32;192;6,3;2;
2021/06/11;1700 UTC;0;984,2;985;984,1;2866,8;32,4;11,9;33;31,8;14,5;11,9;34;28;29;196;8,7;2,7;
2021/06/11;1800 UTC;0;983,5;984,2;983,5;2172,9;32,7;13,7;33,4;32,2;13,9;11,7;32;28;32;153;6,8;2,5;
2021/06/11;1900 UTC;0;983,2;983,5;983,2;1418,4;32,2;12,3;33,1;31,8;13,5;12,1;33;29;30;180;5,3;2;
2021/06/11;2000 UTC;0;983,5;983,5;983,2;412,4;30,3;18,3;32,2;30,2;18,3;12,4;49;30;49;155;4,4;,7;
2021/06/11;2100 UTC;0;983,8;983,8;983,5;65;27,5;15,5;30,4;27,5;18,1;15,2;49;44;48;177;2,2;1,3;
2021/06/11;2200 UTC;0;984,3;984,3;983,8;;26,7;15,3;27,8;26,3;16,5;14,9;55;46;50;182;2,4;1,8;
2021/06/11;2300 UTC;0;984,9;985;984,3;;24,7;17,1;26,7;24,7;17,1;15;63;49;63;219;2,7;1,8;
2021/06/12;0000 UTC;0;985,5;985,5;984,9;;24,7;16,7;25,4;24,4;17,2;15,9;63;56;61;217;2,7;2,2;
2021/06/12;0100 UTC;0;985,9;986;985,5;;21,1;17,3;24,9;21;17,4;16;79;58;79;118;2,7;1,3;
2021/06/12;0200 UTC;0;986,1;986,1;985,9;;20;16,5;21,2;20;17,3;16,2;80;77;80;38;2;,1;
2021/06/12;0300 UTC;0;986,5;986,5;986,1;;19,3;16,4;20,4;19,3;17;16,3;83;79;83;10;1,8;,2;
2021/06/12;0400 UTC;0;986,1;986,6;986,1;;18,6;16,3;19,6;18,5;16,8;16,1;87;83;87;259;1,8;0;
2021/06/12;0500 UTC;0;985,8;986,1;985,8;;18,3;16,5;18,6;18,1;16,6;16,1;89;87;89;290;,3;0;
2021/06/12;0600 UTC;0;986;986;985,8;;17,8;16;18,4;17,7;16,6;15,9;90;89;90;337;1,3;0;
2021/06/12;0700 UTC;0;986,2;986,2;985,9;;18,4;16,1;18,8;17,8;16,8;16;90;86;87;174;3,1;0;
2021/06/12;0800 UTC;0;986,6;986,6;986,2;;17,9;16;18,4;17,9;16,5;15,9;89;87;89;108;1,4;,2;
2021/06/12;0900 UTC;0;987,2;987,2;986,6;1,9;18,3;16,7;18,3;17,4;16,7;15,8;91;89;90;291;2,5;,6;
2021/06/12;1000 UTC;0;987,8;987,8;987,2;264;20,5;17,8;20,5;18,3;17,8;16,7;90;85;85;351;1,9;0;
2021/06/12;1100 UTC;0;988,3;988,3;987,8;1162,1;24,5;17,2;24,7;20,5;17,9;16,9;84;63;64;12;1,7;,2;
2021/06/12;1200 UTC;0;988,3;988,4;988,2;1917,2;26,2;16,4;27,2;24,4;17,4;16,1;64;53;55;30;2,6;,9;
2021/06/12;1300 UTC;0;987,8;988,3;987,8;2558;28,2;16,5;28,8;26,2;17,2;16,3;56;49;49;26;3,3;,9;
2021/06/12;1400 UTC;0;987,1;987,8;987,1;2949,3;30,2;15,4;30,4;28,2;17,1;14,9;50;41;41;280;3,5;1,4;
2021/06/12;1500 UTC;0;986,1;987,1;986,1;3109,9;31,9;15,3;32,1;30,2;16,1;14;42;35;37;28;3,9;1,1;
2021/06/12;1600 UTC;0;984,9;986,1;984,9;3037,4;33,1;13,9;33,2;31,1;15,1;13,5;37;31;31;322;3,4;,9;
2021/06/12;1700 UTC;0;983,7;984,9;983,7;2713,6;34,3;14,5;34,6;32,3;15;12,3;33;28;30;74;4,2;,9;
2021/06/12;1800 UTC;0;983;983,7;983;2113,6;34,4;12,3;34,9;33,1;14,5;11,3;32;25;26;190;5,2;2,5;
2021/06/12;1900 UTC;0;983,1;983,1;983;1174;33,6;11,8;34,4;32,9;13,3;11,1;29;25;27;168;5,2;2,5;
2021/06/12;2000 UTC;0;983,3;983,3;983,1;614,8;32,5;11,4;33,6;32,5;12,3;11,3;29;26;28;164;5,8;3,2;
2021/06/12;2100 UTC;0;983,9;983,9;983,3;50,8;28,5;13,1;32,5;28,5;13,2;11,4;39;28;39;152;4,9;,9;
2021/06/12;2200 UTC;0;984,3;984,3;983,9;;25,6;17,1;28,5;24,4;17,8;13,4;62;39;60;211;1,9;1,6;
2021/06/12;2300 UTC;0;985,2;985,2;984,3;;26,1;16,3;26,9;24,6;18,3;15;67;48;55;180;2,4;1,4;
2021/06/13;0000 UTC;0;986,1;986,1;985,2;;24,1;16,6;26,1;24,1;17;16;63;54;63;210;2,1;0;
2021/06/13;0100 UTC;0;986,5;986,6;986,1;;21,7;17,1;23,9;21,7;17,5;16,7;75;64;75;82;1,7;0;
2021/06/13;0200 UTC;0;986,5;986,6;986,5;;20,8;17;22,1;20,7;17,5;16,9;79;74;79;248;,6;0;
2021/06/13;0300 UTC;0;986,9;986,9;986,5;;21;16,7;22,4;20,5;17,9;16,5;81;71;77;70;1,9;0;
2021/06/13;0400 UTC;0;986,6;986,9;986,6;;19,6;16,7;21;19,6;17,1;16,5;83;77;83;357;1,1;0;
2021/06/13;0500 UTC;0;986,4;986,8;986,4;;24,4;16,2;24,4;19,6;17,1;15,6;84;60;60;160;3,7;2;
2021/06/13;0600 UTC;0;986,6;986,6;986,3;;21,1;15,6;24,7;21,1;16;15,3;71;57;71;21;3,7;1,3;
2021/06/13;0700 UTC;0;986,8;986,9;986,6;;19;15,9;21,1;19;16,2;15,5;82;71;82;305;3,1;0;
2021/06/13;0800 UTC;0;987,3;987,3;986,8;;18,4;16;19;18,4;16,4;15,7;86;82;86;357;1,6;0;
2021/06/13;0900 UTC;0;987,8;987,8;987,3;2;18;16,1;18,4;17,8;16,3;15,8;89;86;89;255;,4;0;
2021/06/13;1000 UTC;0;988,3;988,3;987,8;415;23,2;16,9;23,2;18;19;16,1;90;68;68;232;0;0;
2021/06/13;1100 UTC;0;989;989;988,2;1259,5;25,6;18;25,9;23,2;18,7;16,9;68;63;63;74;2,4;1;
2021/06/13;1200 UTC;0;989,1;989,1;988,9;1974,9;27,5;17,5;27,5;25,5;18,7;17,2;64;55;55;57;3,8;1;
2021/06/13;1300 UTC;0;988,7;989,1;988,7;2552,3;29,1;16,3;29,1;27,3;18;16,3;55;46;46;76;3,5;,6;
2021/06/13;1400 UTC;0;988;988,7;988;2952;30,6;14,5;30,6;29;16,8;14;47;37;38;270;4,2;,7;
2021/06/13;1500 UTC;0;986,8;988;986,8;3112,7;31,6;12,6;32,3;30,5;15,7;12,2;39;30;31;160;5,9;2,6;
2021/06/13;1600 UTC;0;985,6;986,8;985,6;3068;33,2;13,2;33,3;31,6;14;12;33;28;30;94;6,2;1,8;
2021/06/13;1700 UTC;0;984,6;985,6;984,6;2767,1;34,3;11,3;34,3;33,1;13,3;10,8;30;24;25;185;5,4;2,2;
2021/06/13;1800 UTC;0;983,9;984,6;983,9;2232,5;34,5;11,9;35,3;33,8;13;10,7;28;23;25;199;5,3;2,2;
2021/06/13;1900 UTC;0;984;984;983,9;1520,1;34,1;10,7;34,9;33,9;12,5;9,5;27;22;24;205;5,4;2,4;
2021/06/13;2000 UTC;0;984,3;984,3;984;685;32,7;12,5;34,1;32,7;13,4;10,7;31;24;29;165;5,4;,9;
2021/06/13;2100 UTC;0;984,9;984,9;984,3;58,7;25,9;17,1;32,8;25,8;17,9;12;61;29;58;182;3;1,1;
2021/06/13;2200 UTC;0;985,9;985,9;984,9;;27,6;14,7;29,1;25,6;17,3;12,5;60;37;45;190;2,6;1,5;
2021/06/13;2300 UTC;0;986,5;986,5;985,9;;26,6;13,5;27,6;25,5;15,1;12,8;50;41;45;189;3,1;1,7;
2021/06/14;0000 UTC;0;987,5;987,5;986,5;;25,4;13,6;28,1;25,4;13,8;13,1;48;40;48;34;5,3;1,7;
2021/06/14;0100 UTC;0;988,2;988,2;987,5;;22,7;15;25,4;22,1;15,3;13,7;64;48;62;297;2,6;,8;
2021/06/14;0200 UTC;0;988,5;988,5;988,2;;20,3;16,3;22,7;20,3;16,7;15;78;62;78;120;2,1;,6;
2021/06/14;0300 UTC;0;988,7;988,7;988,5;;21,4;16;22,3;19,9;16,7;15,7;79;67;72;100;2,6;,5;
2021/06/14;0400 UTC;0;988,4;988,7;988,3;;21,2;16,3;21,9;20,9;16,4;15,8;74;69;74;155;3,2;,9;
2021/06/14;0500 UTC;0;988,2;988,4;988,2;;20,3;16,5;22,1;20,3;16,6;15,9;79;70;79;167;3,2;,3;
2021/06/14;0600 UTC;0;988;988,2;987,9;;19,9;16,9;20,8;19,6;17;16,3;83;78;83;314;3;0;
2021/06/14;0700 UTC;0;988;988,1;987,9;;18,6;15,8;19,9;18,6;16,7;15,8;84;81;84;288;1,9;,5;
2021/06/14;0800 UTC;0;988,5;988,5;988;;18;16,1;18,6;17,9;16,1;15,6;88;84;88;16;1,4;0;
2021/06/14;0900 UTC;0;989;989;988,5;2,4;18,1;16,3;18,2;17,6;16,5;15,6;89;88;89;270;1,4;,2;
2021/06/14;1000 UTC;0;989,5;989,5;988,9;371,1;23;17,4;23,1;17,9;18,9;16;91;70;70;191;3,1;1,7;
2021/06/14;1100 UTC;0;990;990;989,5;1147,8;25,3;16,4;25,6;23,1;17,6;16,1;70;57;58;141;4,9;2,5;
2021/06/14;1200 UTC;0;990,1;990,1;990;1962,5;26,2;15,7;26,4;25,3;16,8;15,7;58;53;53;146;5,2;2,3;
2021/06/14;1300 UTC;0;990;990,2;990;2580,3;27,3;16;27,3;26,1;16,4;15,2;54;48;50;176;5,2;2,4;
2021/06/14;1400 UTC;0;989,4;990;989,4;2963,8;28,9;15,4;29,3;27,3;16,3;15,1;50;43;44;203;5,8;2,1;
2021/06/14;1500 UTC;0;988,4;989,4;988,4;3116,3;30,2;13,9;30,7;28,5;16,1;13,6;45;36;37;221;4,2;2,2;
2021/06/14;1600 UTC;0;987,4;988,4;987,4;3069,2;31,3;13,4;31,7;30;15;13,1;39;33;34;172;6,2;2;
2021/06/14;1700 UTC;0;986,2;987,4;986,2;2717,4;32;13,2;32,9;31,1;14,1;12,9;35;31;32;222;6,1;1,9;
2021/06/14;1800 UTC;0;985,5;986,2;985,5;2229;32,7;12,8;33;31,8;13,9;11,5;33;28;30;182;4,6;2,3;
2021/06/14;1900 UTC;0;985,4;985,5;985,3;1525,2;32,3;12,5;32,8;32;13,7;11,9;32;29;30;197;5,3;1,4;
2021/06/14;2000 UTC;0;985,6;985,6;985,4;598,3;30,7;11,1;32,5;30,7;12,7;10,6;30;28;30;165;4,6;1,6;
2021/06/14;2100 UTC;0;985,8;985,8;985,6;48,1;25,6;15,7;30,7;25,1;16,5;11,2;59;30;54;187;2,7;1,3;
2021/06/14;2200 UTC;0;986,2;986,2;985,8;;26,5;14,2;27,2;25,4;16;14,2;54;45;47;178;2,6;1,2;
2021/06/14;2300 UTC;0;986,9;986,9;986,2;;23,8;15,7;26,8;23,8;15,8;14;61;46;61;197;2,3;,7;
2021/06/15;0000 UTC;0;987,6;987,6;986,9;;21,7;16,7;23,8;21,7;17,1;15,6;74;61;73;285;1,6;0;
2021/06/15;0100 UTC;0;988,3;988,3;987,7;;21,4;16,2;22,3;21;16,7;16,1;75;69;72;61;2;,2;
2021/06/15;0200 UTC;0;988,4;988,5;988,2;;21;17;22,1;20,5;17;15,9;79;69;78;355;1,5;,6;
2021/06/15;0300 UTC;0;988,6;988,6;988,4;;24,6;16,9;24,9;20,1;18;16,3;80;62;62;142;5,5;2,6;
2021/06/15;0400 UTC;0;988,5;988,7;988,5;;22,8;16,5;24,7;22;17,8;16;72;62;68;210;4,5;,8;
2021/06/15;0500 UTC;0;988,2;988,5;988,1;;22,9;17,3;23,2;22,1;17,8;16,4;74;68;70;191;4,1;1,3;
2021/06/15;0600 UTC;0;988,2;988,2;988,1;;19,9;17,3;22,9;19,9;17,3;16,8;85;70;85;295;2,3;,4;
2021/06/15;0700 UTC;0;988,2;988,3;988,1;;20,6;18,2;20,6;19,7;18,2;17,2;86;85;86;94;1,3;,3;
2021/06/15;0800 UTC;0;988,5;988,5;988,2;;19,2;17,3;20,6;19,2;18,2;17,2;88;86;88;253;,9;0;
2021/06/15;0900 UTC;0;988,9;988,9;988,5;2,8;18,8;17,1;19,3;18,7;17,4;16,9;90;88;90;108;1,4;0;
2021/06/15;1000 UTC;0;989,5;989,5;988,9;246,7;21,1;19;21,1;18,8;19;17,1;90;88;88;312;1,4;0;
2021/06/15;1100 UTC;0;990,1;990,1;989,5;792,9;24,9;18;24,9;21,1;19,7;17,9;88;66;66;201;1,9;,6;
2021/06/15;1200 UTC;0;990,3;990,3;990,1;1789,3;26,7;16,8;27,5;24,7;18,2;16,7;65;53;55;152;5,5;2,1;
2021/06/15;1300 UTC;0;989,8;990,3;989,8;1819,1;28,1;17,3;28,4;26,2;17,6;16,3;57;50;52;155;4,9;2,8;
2021/06/15;1400 UTC;0;989,4;989,9;989,4;1913,8;28,6;17,2;28,6;27,1;17,4;16,4;53;50;50;131;5,7;2,5;
2021/06/15;1500 UTC;0;988,7;989,4;988,7;2281,4;29;16,4;29,6;27,7;17,5;15,9;51;45;47;185;6;2,3;
2021/06/15;1600 UTC;0;987,6;988,7;987,6;2290,4;29,2;16,6;30,3;28,6;17;15,9;49;43;47;172;5,5;3,4;
2021/06/15;1700 UTC;0;986,8;987,7;986,8;2073,5;29,9;16;30,4;28,8;16,9;15,6;47;42;43;198;6;1,9;
2021/06/15;1800 UTC;0;986;986,8;986;1685,2;30,5;16;30,7;29,8;16,9;14,9;45;40;42;221;4,1;,8;
2021/06/15;1900 UTC;0;985,9;986;985,9;930,9;31,4;16,5;31,9;29,6;17,3;15,3;45;39;41;255;2,4;0;
2021/06/15;2000 UTC;0;985,9;985,9;985,7;445,9;29,1;17,8;31,4;28,6;18,6;15,2;55;39;51;34;2,3;,5;
2021/06/15;2100 UTC;0;986;986,1;985,9;63,4;25;19,8;29,1;25;20,4;17,9;73;51;73;98;1,1;0;
2021/06/15;2200 UTC;0;986,4;986,4;986;;23,2;19,3;25;23,1;19,9;19,1;79;73;79;159;0;0;
2021/06/15;2300 UTC;0;986,8;986,8;986,4;;23,8;20,2;23,8;22,9;20,2;19,4;82;79;80;199;2;1,1;
2021/06/16;0000 UTC;0;987,4;987,4;986,8;;24,5;19;24,9;23,6;20,3;18,8;80;69;72;209;3,8;1,7;
2021/06/16;0100 UTC;0;987,5;987,5;987,4;;24;18,6;24,5;23,9;19;18,3;72;70;72;211;2,7;1,4;
2021/06/16;0200 UTC;0;987,7;987,7;987,5;;22,6;19,3;24;21,9;19,5;18,5;84;72;82;250;2,5;,1;
2021/06/16;0300 UTC;0;987,6;987,9;987,6;;20,9;18,1;22,5;20,9;19,3;18,1;84;81;84;95;2,5;0;
2021/06/16;0400 UTC;0;987,4;987,7;987,4;;21,3;18,7;21,3;20,7;18,7;18,1;86;84;85;172;1,6;,1;
2021/06/16;0500 UTC;0;987,3;987,5;987,3;;20,8;18,3;21,3;20,8;18,7;18,3;86;85;86;4;1,3;0;
2021/06/16;0600 UTC;0;987;987,4;987;;22,4;18,9;22,4;20,6;19,4;18,2;87;81;81;188;2,6;1,9;
2021/06/16;0700 UTC;0;987,1;987,1;986,9;;23,1;18;23,2;22,3;18,8;18;80;73;73;177;3,3;1,9;
2021/06/16;0800 UTC;0;987,6;987,6;987,1;;20,1;17,6;23,1;20,1;18,2;17,4;86;73;86;302;3,3;0;
2021/06/16;0900 UTC;0;987,7;987,7;987,5;,1;19,2;17,4;20,1;19;17,6;17;89;86;89;350;1,3;0;
2021/06/16;1000 UTC;0;987,9;987,9;987,6;343,3;23,1;19,4;23,1;19;19,7;17,2;90;80;80;5;0;0;
2021/06/16;1100 UTC;0;988,3;988,3;987,9;1127,4;26,3;18,1;26,3;23,1;19,5;18;80;61;61;183;2,9;1,1;
2021/06/16;1200 UTC;0;988,1;988,4;988,1;1920,7;28,1;18,1;28,1;26,3;19;17,6;63;54;55;174;3,9;1,5;
2021/06/16;1300 UTC;0;988,1;988,1;988;2542,9;28,5;17,9;29,3;27,8;18,5;17,4;55;50;53;113;6;2,3;
2021/06/16;1400 UTC;0;987,4;988,1;987,4;2933,9;30,2;17,1;30,3;28,5;18,7;16,9;53;45;45;85;4,7;1,9;
2021/06/16;1500 UTC;0;986,6;987,4;986,6;3145;32,5;16,7;32,5;30,1;18,2;16;47;38;39;74;4,6;1;
2021/06/16;1600 UTC;0;985,4;986,6;985,4;3060,8;32,4;15,1;33,3;31,1;16,6;14;41;33;35;194;4,8;1,2;
2021/06/16;1700 UTC;0;984,5;985,4;984,5;2859,2;33,6;14,9;33,7;32,3;15,4;14,3;36;32;33;181;4,9;2,1;
2021/06/16;1800 UTC;0;984;984,5;984;2275,2;33,1;13,7;34,3;32,7;15,3;13,6;34;30;31;129;4,9;1,6;
2021/06/16;1900 UTC;0;984,1;984,1;983,9;1552,3;33,9;14,4;34,4;33;15;13,5;33;29;31;98;4,3;,9;
2021/06/16;2000 UTC;0;984,2;984,2;984;684,3;32,1;15,1;34,3;32,1;17,8;12,7;40;28;36;37;2,5;0;
2021/06/16;2100 UTC;0;984,4;984,4;984,1;40,2;26,2;19,2;32,1;26,2;19,7;16,1;66;35;66;131;0;0;
2021/06/16;2200 UTC;0;984,9;984,9;984,4;;24,1;19,2;26,2;24;19,2;18,5;74;66;74;208;1,1;0;
2021/06/16;2300 UTC;0;985,6;985,6;984,9;;25;17,4;25,9;23,7;19,8;17,3;76;61;63;212;2,5;,6;
2021/06/17;0000 UTC;0;986,4;986,4;985,6;;25,8;17;26;24,4;19,3;17;68;58;58;211;3,1;2;
2021/06/17;0100 UTC;0;987;987;986,4;;23,7;17,3;26,6;23,7;17,5;15,8;67;52;67;160;3,1;,2;
2021/06/17;0200 UTC;0;987,4;987,4;987;;27,6;15,7;28;23,5;17,6;15,4;69;47;48;164;5,5;2,3;
2021/06/17;0300 UTC;0;987,7;987,8;987,4;;25,2;16,9;27,7;25,2;16,9;15,7;60;48;60;105;5;0;
2021/06/17;0400 UTC;0;987,6;987,8;987,6;;23,4;18,2;25,2;23,3;18,4;16,9;73;60;73;212;,7;0;
2021/06/17;0500 UTC;0;987,4;987,6;987,4;;23,3;18,4;23,9;23,1;18,9;18,3;76;72;74;66;1,4;,1;
2021/06/17;0600 UTC;0;987,4;987,4;987,2;;22,5;18;23,3;21,9;18,4;17,7;78;73;76;291;1,7;,3;
2021/06/17;0700 UTC;0;987,5;987,5;987,3;;21,1;17,9;22,5;21,1;18,1;17,6;82;75;82;302;1,7;,2;
2021/06/17;0800 UTC;0;987,8;987,8;987,4;;19,9;17,6;21,1;19,7;18;17,3;87;82;87;271;1,1;0;
2021/06/17;0900 UTC;0;988,3;988,3;987,8;,3;19,7;17,8;20;19,7;17,9;17,5;89;86;89;115;,4;0;
2021/06/17;1000 UTC;0;988,8;988,8;988,3;356,7;25;18;25;19,6;20,3;17,7;90;65;65;85;,5;0;
2021/06/17;1100 UTC;0;989,5;989,5;988,8;1092,7;26,6;17,6;26,7;24,9;18,7;17,6;68;58;58;124;4,2;2,5;
2021/06/17;1200 UTC;0;989,6;989,6;989,5;1927,8;27,7;18,3;27,8;26,5;18,3;17,3;59;55;57;100;4,9;2,6;
2021/06/17;1300 UTC;0;989,6;989,7;989,6;2381,1;29,1;18;29,5;27,6;18,6;17,5;57;49;51;147;5,6;2,2;
2021/06/17;1400 UTC;0;988,9;989,6;988,9;2380,1;29,8;17,5;30,6;28;18,3;17;54;45;48;83;5,7;1,3;
2021/06/17;1500 UTC;0;987,7;988,9;987,7;2919;31,4;17,2;31,4;29,3;18,5;16,6;50;42;43;132;6;1,6;
2021/06/17;1600 UTC;0;986,6;987,7;986,6;2572,9;32,6;17,5;32,6;30,7;17,5;15,9;43;39;41;159;6,9;2,4;
2021/06/17;1700 UTC;0;985,5;986,6;985,5;2849;33,2;14,7;33,5;32,4;16,7;14,6;40;33;33;168;6,8;2,1;
2021/06/17;1800 UTC;0;985;985,5;985;2325,9;33,2;15,3;34,3;33,1;15,9;14,6;35;31;34;136;5,6;3;
2021/06/17;1900 UTC;0;985;985;984,9;1620,5;33,8;15,5;33,9;33;15,8;14,6;35;32;33;162;6,4;,8;
2021/06/17;2000 UTC;0;985,1;985,1;984,9;733,7;32,5;15,3;33,9;32,5;15,9;14,6;36;32;36;144;6,1;,8;
2021/06/17;2100 UTC;0;985,2;985,2;985,1;66,1;29,9;16,3;32,5;29,5;18,9;15,4;47;36;44;184;3,1;0;
2021/06/17;2200 UTC;0;985,9;985,9;985,2;;26,9;19,5;29,9;26,7;19,5;16,4;64;44;64;199;0;0;
2021/06/17;2300 UTC;0;986,7;986,7;985,9;;29,9;15,6;30,1;26,7;20,2;15,6;67;42;42;142;5,6;2,8;
2021/06/18;0000 UTC;0;987,2;987,2;986,7;;29,6;15,4;30,2;29,5;15,7;14,9;43;40;42;147;6,6;1,7;
2021/06/18;0100 UTC;0;987,7;987,7;987,2;;29;15,9;30,2;29;15,9;15,3;45;41;45;136;8,4;3,7;
2021/06/18;0200 UTC;0;988;988;987,6;;27,9;15,8;29;27,8;16;15,7;48;45;48;149;7,7;2,7;
2021/06/18;0300 UTC;0;988,1;988,1;987,9;;26,9;15,9;28;26,9;15,9;15,7;51;47;51;143;5,8;2,5;
2021/06/18;0400 UTC;0;988;988,1;987,9;;25,2;16,2;27,1;25,2;16,2;15,9;57;51;57;119;5,6;,6;
2021/06/18;0500 UTC;0;988;988;987,9;;25,2;17,3;25,9;24,2;17,3;16,2;64;57;62;135;5,5;1,2;
2021/06/18;0600 UTC;0;987,7;988;987,6;;25;17,3;25,3;24,4;17,4;16,9;64;61;63;137;5,2;2,8;
2021/06/18;0700 UTC;0;988;988;987,7;;24,5;17,4;25,1;24,4;17,5;17,3;65;63;65;159;6,9;3,8;
2021/06/18;0800 UTC;0;988,6;988,6;988;;24,1;17,3;24,6;24;17,5;17,3;66;65;66;157;6,9;2,6;
2021/06/18;0900 UTC;0;989,1;989,2;988,6;;23,3;17,7;24,1;23,3;17,7;17,2;71;65;71;228;4,8;,2;
2021/06/18;1000 UTC;0;989,7;989,7;989,1;174,1;23,7;17,8;23,7;22,9;18,1;17,6;73;70;70;197;2,4;1;
2021/06/18;1100 UTC;0;990,4;990,4;989,7;1128,3;25,5;15,6;25,7;23,7;17,9;15,4;70;54;54;178;5,2;3;
2021/06/18;1200 UTC;0;990,5;990,5;990,4;1924,1;27,2;13,8;27,3;25,5;15,8;13,4;54;43;44;143;6,8;4,1;
2021/06/18;1300 UTC;0;990,6;990,7;990,5;2534,7;28,4;13,2;28,5;27,1;14;12,6;44;38;39;168;7,4;3,2;
2021/06/18;1400 UTC;0;990,2;990,6;990,2;2926,1;29,9;12,3;30,1;28,2;13,8;12;40;33;34;138;7;3,7;
2021/06/18;1500 UTC;0;989,2;990,2;989,2;2507,3;30,6;12;31;29,4;12,9;11,6;35;31;32;185;6,9;2,8;
2021/06/18;1600 UTC;0;988,6;989,3;988,6;2015;31,4;11,9;31,7;30,4;12,5;11;33;29;30;161;7,2;3,1;
2021/06/18;1700 UTC;0;987,8;988,6;987,8;1471,4;31,5;12;31,7;31;12,5;11,4;32;29;30;168;7,2;2,6;
2021/06/18;1800 UTC;0;987,5;987,8;987,4;1152,2;31,1;12;31,6;31;13,1;11,3;33;29;31;155;6,4;3,1;
2021/06/18;1900 UTC;0;987,6;987,7;987,5;925,7;30,9;11,6;31,8;30,7;12,8;10,6;33;28;31;147;6,2;2,3;
2021/06/18;2000 UTC;0;987,9;987,9;987,6;227,2;29,4;14,9;30,9;29,4;14,9;11,3;41;30;41;156;4;0;
2021/06/18;2100 UTC;0;988,1;988,1;987,9;36,5;26,5;16,6;29,4;26,5;17,7;13,9;57;39;55;141;1,8;0;
2021/06/18;2200 UTC;0;988,6;988,6;988,1;;28,4;12,5;28,5;26,5;16,3;12,5;55;37;37;140;3,5;2,2;
2021/06/18;2300 UTC;0;989,4;989,4;988,7;;27,5;13;28,7;27,4;13,2;12,3;42;36;41;120;4,3;2,6;
2021/06/19;0000 UTC;0;990;990;989,4;;27,4;13,3;27,5;27,2;13,4;13;43;41;42;137;4,3;1,9;
2021/06/19;0100 UTC;0;990,3;990,3;990;;27,2;13,9;27,8;27,1;13,9;13,2;44;41;44;145;6,2;2,6;
2021/06/19;0200 UTC;0;990,3;990,4;990,2;;26,6;13,5;27,3;26,6;14;13,4;45;43;44;161;6,6;2;
2021/06/19;0300 UTC;0;990,1;990,3;990,1;;26,1;12,9;26,7;26;13,5;12,8;45;43;44;154;6,6;3;
2021/06/19;0400 UTC;0;989,6;990,1;989,6;;25,5;11,2;26,2;25,5;12,8;11,1;44;40;41;148;8;2,2;
2021/06/19;0500 UTC;0;989,6;989,7;989,5;;24,9;11,5;25,6;24,8;11,5;10,9;43;40;43;168;7;2,6;
2021/06/19;0600 UTC;0;989,5;989,6;989,5;;24,2;12,5;24,9;23,9;12,5;11,5;49;43;48;155;6,3;1;
2021/06/19;0700 UTC;0;989,5;989,5;989,4;;23,4;13,6;24,3;22,6;13,7;12,4;56;48;54;158;3,8;1,4;
2021/06/19;0800 UTC;0;990;990,1;989,5;;22,4;14;23,6;21,7;14;13,4;61;53;59;162;4,4;2;
2021/06/19;0900 UTC;0;990,3;990,3;990;;19,1;14;22,4;19,1;14,2;13,7;72;59;72;191;3,5;,2;
2021/06/19;1000 UTC;0;990,9;990,9;990,3;323,2;22,6;15,5;22,6;18,9;16;14;77;64;64;329;2,4;,9;
2021/06/19;1100 UTC;0;991,6;991,6;990,9;1146,1;25,7;13,5;26,1;22,6;15,6;13,2;64;46;47;182;3,3;1;
2021/06/19;1200 UTC;0;991,8;991,9;991,6;1774,8;26,1;14,8;26,8;25,2;14,8;13,4;50;45;50;173;5,9;2,7;
2021/06/19;1300 UTC;0;991,6;992;991,6;2028,8;27,1;14,1;27,3;26,1;14,7;13,9;49;44;45;158;9,5;3,2;
2021/06/19;1400 UTC;0;991;991,6;991;3053,9;29,4;14,1;29,4;27,1;14,7;13;46;38;39;171;7,7;2,9;
2021/06/19;1500 UTC;0;990,2;991;990,2;2785,5;29,8;13,2;30,2;28,8;14;12,4;39;35;36;132;9;3,1;
2021/06/19;1600 UTC;0;989,5;990,2;989,5;2690,5;31,4;12,9;31,7;29,3;14,2;12,6;40;32;33;154;9;4,3;
2021/06/19;1700 UTC;0;988,6;989,5;988,6;1672,4;30,4;12,8;31,8;30,3;13,5;12,3;35;32;34;177;9;3,1;
2021/06/19;1800 UTC;0;987,9;988,6;987,9;1873,3;30,7;13,2;32,1;30,4;13,7;12,8;35;32;34;188;8,1;3,6;
2021/06/19;1900 UTC;0;988;988;987,8;981,2;30,4;13;31,6;30,4;13,5;12,7;35;32;35;170;7,2;2,8;
2021/06/19;2000 UTC;0;988,5;988,5;988;224,3;29,4;13,3;30,4;29,4;13,3;12,4;37;34;37;187;5,5;0;
2021/06/19;2100 UTC;0;988,7;988,7;988,4;24,3;27,8;15,4;29,5;27,4;16,7;13,1;52;37;47;112;0;0;
2021/06/19;2200 UTC;0;989,5;989,5;988,7;;29,3;13,3;29,4;27,4;17,1;13,2;53;37;37;164;7,6;3,2;
2021/06/19;2300 UTC;0;990;990;989,5;;28,7;13,7;29,3;28,6;13,8;13,3;40;37;40;144;6,2;3,3;
2021/06/20;0000 UTC;0;990,3;990,3;990;;27,9;14,2;28,7;27,9;14,2;13,7;43;40;43;145;5,6;2;
2021/06/20;0100 UTC;0;990,5;990,5;990,3;;27,5;14,7;28;27,5;14,7;14,1;46;43;46;153;4,5;1,7;
2021/06/20;0200 UTC;0;990,4;990,5;990,4;;27;14,9;27,6;27;14,9;14,6;48;45;48;160;5,2;1,8;
2021/06/20;0300 UTC;0;990,3;990,4;990,2;;26,1;14,8;27;26;14,9;14,6;50;47;50;154;6,1;3,1;
2021/06/20;0400 UTC;0;989,9;990,3;989,9;;25,1;15,2;26,1;25;15,2;14,8;54;50;54;146;7,2;2,5;
2021/06/20;0500 UTC;0;989,6;989,9;989,6;;24,9;15,4;25,2;24,3;15,8;15,2;59;54;56;142;5,7;,9;
2021/06/20;0600 UTC;0;989,3;989,6;989,3;;24,2;15,3;25,1;24,2;15,4;15;57;54;57;150;6,9;2,3;
2021/06/20;0700 UTC;0;989,3;989,4;989,3;;24,3;15,4;24,4;24,1;15,5;15,3;58;57;58;161;4,2;1,2;
2021/06/20;0800 UTC;0;989,6;989,7;989,3;;24,6;14,6;24,6;24;15,7;14,6;59;54;54;183;3,5;1,2;
2021/06/20;0900 UTC;0;990,2;990,2;989,6;;23;16,1;24,6;23;16,1;13,7;65;51;65;269;4,1;,8;
2021/06/20;1000 UTC;0;990,4;990,4;990;268,1;24,2;16,2;24,5;23;16,8;15,9;65;59;61;330;2,8;,8;
2021/06/20;1100 UTC;0;991,1;991,1;990,4;995,9;27,4;14,6;27,4;24,2;16,8;14,4;63;46;46;39;2,2;,5;
2021/06/20;1200 UTC;0;991;991,1;991;1954,4;27;14,1;27,4;26;15,1;13,6;49;45;45;211;3,8;1,8;
2021/06/20;1300 UTC;0;990,6;991;990,6;2517,1;29;13,6;29,2;27;14,7;13;46;38;39;150;4,5;1,5;
2021/06/20;1400 UTC;0;990,1;990,6;990,1;2419,3;29,9;13,9;30,7;28,4;14,8;12,4;39;34;38;112;4,2;1;
2021/06/20;1500 UTC;0;989,3;990,1;989,3;1783,5;29,5;15,1;30,7;29,2;15,3;13,4;43;37;42;133;8;4,2;
2021/06/20;1600 UTC;0;988,3;989,3;988,3;1703,5;29,9;14,4;30,9;29,4;15,7;13,7;43;37;39;106;8;2,1;
2021/06/20;1700 UTC;0;987,4;988,3;987,4;1497,4;31,3;14,8;31,3;29,6;16,2;14;42;37;37;122;6;,8;
2021/06/20;1800 UTC;0;986,7;987,4;986,7;1879,8;31,4;15,5;31,4;30,5;15,6;13,7;39;35;38;127;6,5;2,7;
2021/06/20;1900 UTC;0;986,5;986,7;986,5;1063,1;30,8;15,6;31,4;29,9;15,9;14,3;41;36;40;168;5,1;1,6;
2021/06/20;2000 UTC;0;986,5;986,6;986,5;665,6;29,9;15,8;31,1;29,8;16,2;15;44;38;42;181;4,5;2,1;
2021/06/20;2100 UTC;0;987;987;986,5;70;25,8;18,1;29,9;25,8;18,2;15,7;63;42;63;182;4,1;,3;
2021/06/20;2200 UTC;0;987,5;987,5;987;;26,3;18,1;26,3;24,1;19,1;18,1;71;61;61;209;2;1,5;
2021/06/20;2300 UTC;0;987,9;987,9;987,5;;25,8;17,7;26,3;25,6;18,2;17,7;63;61;61;206;2,4;1,6;
2021/06/21;0000 UTC;0;988,2;988,3;987,8;;26,3;17,7;26,3;25,7;18,1;17,4;62;59;59;212;2,7;1,4;
2021/06/21;0100 UTC;0;988,5;988,5;988,1;;26,8;17,8;26,8;26,3;17,9;17,6;59;58;58;193;3,9;2;
2021/06/21;0200 UTC;0;988,8;988,8;988,5;;26,4;17,8;27,1;26,3;18,1;17,5;61;56;59;143;7,2;4,2;
2021/06/21;0300 UTC;0;989;989,1;988,8;;24,8;19,1;26,4;24,7;19,1;17,8;71;59;71;142;7,7;2,4;
2021/06/21;0400 UTC;0;988,8;989,1;988,8;;24,5;19,3;25;24,5;19,3;19,1;73;70;73;74;6,2;1,5;
2021/06/21;0500 UTC;0;988,1;988,8;988,1;;24;19,5;24,5;24;19,7;19,3;76;73;76;347;2,4;0;
2021/06/21;0600 UTC;0;988,1;988,2;988,1;;23,2;19,8;24;23,2;19,9;19,4;81;76;81;354;0;0;
2021/06/21;0700 UTC;0;988;988,1;987,9;;22,4;19,6;23,2;22,4;19,9;19,6;84;81;84;79;1,8;,8;
2021/06/21;0800 UTC;0;988,5;988,5;988;;21,9;19,6;22,4;21,9;19,6;19,5;87;84;87;100;1,6;0;
2021/06/21;0900 UTC;0;988,7;988,7;988,5;;21,5;19,5;21,9;21,5;19,6;19,5;88;87;88;92;2,3;,9;
2021/06/21;1000 UTC;0;989,1;989,1;988,7;444,1;24,1;20,1;24,2;21,5;20,6;19,5;89;78;78;91;3;1,3;
2021/06/21;1100 UTC;0;989,7;989,7;989,1;1324,1;26,7;18,7;26,7;24,1;20,5;18,5;79;61;62;101;6,7;3,3;
2021/06/21;1200 UTC;0;990;990,1;989,7;2078;27,4;17,3;28;26,6;19,2;17,2;62;53;54;124;6,9;3,7;
2021/06/21;1300 UTC;0;989,8;990,1;989,7;2619,8;28,9;17,5;29,1;27,3;18,2;16,9;55;48;50;98;6,4;3,5;
2021/06/21;1400 UTC;0;989,3;989,8;989,3;2697,9;28,8;17;30;28,3;18;16,5;51;46;49;100;6,8;3,7;
2021/06/21;1500 UTC;0;988,4;989,3;988,4;1611,4;28,8;17;30,3;28,5;17,4;16;50;43;49;112;6,4;3,3;
2021/06/21;1600 UTC;0;987,6;988,4;987,6;2987,2;31,4;15,7;31,9;28,8;17,6;15,7;49;38;39;142;6,3;2,5;
2021/06/21;1700 UTC;0;986,8;987,6;986,8;1776,5;31,6;15,4;32,2;30;16,3;14,7;43;36;38;108;6,2;2,3;
2021/06/21;1800 UTC;0;986,1;986,8;986;2221,1;32,8;13,7;33,2;31,5;14,6;13,1;37;30;31;146;5,6;2;
2021/06/21;1900 UTC;0;985,7;986,1;985,7;1255,3;32,3;13,5;32,8;31,1;14,4;12,3;36;29;32;92;6,2;2;
2021/06/21;2000 UTC;0;985,8;985,8;985,7;740,5;31;14,6;32,9;31;14,6;12,5;37;30;37;92;3,5;1,6;
2021/06/21;2100 UTC;0;986,1;986,1;985,8;67,9;25,5;17,3;31;25,5;17,8;14,3;61;36;61;215;2,7;0;
2021/06/21;2200 UTC;0;986,6;986,6;986,1;;23,2;18;25,5;23,2;18,4;17;72;60;72;220;1,3;,6;
2021/06/21;2300 UTC;0;987,2;987,2;986,6;;22,8;18,4;24,9;22,8;19,5;18;76;70;76;199;2,2;,3;
2021/06/22;0000 UTC;0;987,8;987,8;987,2;;24,1;17,8;24,3;22,2;19,3;17,8;80;68;68;210;3,3;2,2;
2021/06/22;0100 UTC;0;988,4;988,4;987,8;;23;16,6;24,4;23;17,8;16,5;70;62;67;159;4,3;2,8;
2021/06/22;0200 UTC;0;988,5;988,6;988,3;;26,5;15,8;26,6;22,7;16,5;15,7;68;51;52;122;5,3;2,8;
2021/06/22;0300 UTC;0;988,4;988,5;988,4;;22,6;16,8;26,5;22,6;16,8;15,8;70;52;70;16;5,3;1,4;
2021/06/22;0400 UTC;0;988,1;988,4;988,1;;20,2;16,7;22,6;20,2;16,8;16,3;80;70;80;334;2,2;0;
2021/06/22;0500 UTC;0;987,8;988,1;987,8;;20;16,6;21;19,5;17,5;16,2;83;77;81;70;2,4;,1;
2021/06/22;0600 UTC;0;987,8;987,8;987,7;;19,1;16,7;20;18,9;16,9;16,3;86;81;86;30;1,5;,7;
2021/06/22;0700 UTC;0;987,9;987,9;987,7;;20,3;17,7;20,3;18,8;17,7;16,5;87;85;85;94;3;1,8;
2021/06/22;0800 UTC;0;988,3;988,3;987,9;;20,1;16,8;21,5;20,1;17,7;16,8;85;77;82;13;3,3;,3;
2021/06/22;0900 UTC;0;988,8;988,8;988,3;;18,9;16,4;20,1;18,8;17,2;16,2;86;82;85;322;2,2;1,3;
2021/06/22;1000 UTC;0;989,4;989,4;988,8;318,7;21,7;17,3;21,8;18,8;17,6;16,4;86;76;76;334;2,2;0;
2021/06/22;1100 UTC;0;989,9;989,9;989,4;1115,3;24,8;17,9;24,8;21,7;17,9;16,8;76;65;65;91;2,8;1,2;
2021/06/22;1200 UTC;0;990,1;990,1;989,9;1915,2;27;16,4;27;24,6;18;16,2;65;52;52;96;6,7;4,1;
2021/06/22;1300 UTC;0;990;990,2;990;2538,8;28,8;16,6;28,8;26,9;17,1;16,2;54;48;48;101;7,5;3,7;
2021/06/22;1400 UTC;0;989,4;990;989,4;2935,6;30,3;16,4;30,3;28,7;17,3;15,4;49;41;43;103;7,5;2,9;
2021/06/22;1500 UTC;0;988,1;989,4;988,1;3185,5;31,2;15,1;31,5;29,9;16,7;15;44;38;38;83;7,6;3,2;
2021/06/22;1600 UTC;0;987,2;988,1;987,2;3082,8;32,6;12,4;32,6;30,8;15,7;11,4;40;28;29;115;7,2;2,2;
2021/06/22;1700 UTC;0;986;987,2;986;2635,5;32,9;11,2;33,4;32,3;13,9;10,6;33;25;27;130;5,5;2,2;
2021/06/22;1800 UTC;0;985,4;986;985,4;2238,7;33;12,2;34,3;32,6;13,6;10,8;31;25;28;157;6,9;3,7;
2021/06/22;1900 UTC;0;985,1;985,4;985,1;1570,3;33,1;12,4;33,6;32,7;13,3;11,9;30;28;28;156;6,5;2,9;
2021/06/22;2000 UTC;0;985,1;985,1;985;705,9;32,7;14,2;33,3;32,4;15;12;34;28;33;150;6,5;,7;
2021/06/22;2100 UTC;0;985,2;985,2;985,1;70,6;25,7;16,8;32,7;25,7;16,8;12,4;58;30;58;179;2,4;0;
2021/06/22;2200 UTC;0;985,7;985,7;985,2;;25,2;18,1;25,7;24,7;18,4;16,3;67;57;65;148;,9;0;
2021/06/22;2300 UTC;0;986,3;986,3;985,7;;26;18,3;26,3;24,6;19,1;18;69;60;63;191;2,2;,2;
2021/06/23;0000 UTC;0;987;987;986,3;;24,4;18,7;26;24,3;18,8;18;71;61;71;204;1,4;,4;
2021/06/23;0100 UTC;0;987,7;987,7;987;;27,4;15,3;27,4;24,3;19,1;15,3;72;48;48;121;4,9;2,3;
2021/06/23;0200 UTC;0;988,1;988,1;987,7;;27,1;14;29;27,1;15,2;13,7;48;39;45;118;6,5;2,3;
2021/06/23;0300 UTC;0;988,3;988,4;988,1;;24,9;15,2;27,1;24,9;15,3;14;55;45;55;71;3,9;1,5;
2021/06/23;0400 UTC;0;988;988,4;988;;21,5;16,6;24,9;21,5;16,6;15,2;74;55;74;140;2,2;,1;
2021/06/23;0500 UTC;0;987,8;988;987,8;;21,4;16,3;21,9;21,2;16,8;16,3;75;72;73;72;2,1;1,2;
2021/06/23;0600 UTC;0;987,3;987,8;987,3;;20,4;16,3;21,4;20,1;16,9;16;80;73;78;92;2,1;,8;
2021/06/23;0700 UTC;0;987,5;987,5;987,2;;19,4;16,4;20,4;19,4;16,9;16,2;83;78;83;76;2,1;0;
2021/06/23;0800 UTC;0;987,8;987,8;987,5;;18,7;16,2;19,5;18,7;17;16,2;87;83;86;269;,4;0;
2021/06/23;0900 UTC;0;988,2;988,2;987,8;,3;18,6;16,6;18,8;18,3;16,7;16,2;89;86;89;238;1,1;,3;
2021/06/23;1000 UTC;0;988,9;988,9;988,2;326,7;23;17,7;23;18,6;18,5;16,7;89;72;72;210;1,8;0;
2021/06/23;1100 UTC;0;989,5;989,5;988,9;1116,3;26;17,7;26;23;18;16,9;72;59;60;86;3,1;1,4;
2021/06/23;1200 UTC;0;989,7;989,7;989,5;1921,9;27,7;16,4;27,9;26;17,6;16;60;49;50;76;3,5;1,2;
2021/06/23;1300 UTC;0;989,3;989,7;989,3;2514,3;28,8;15,6;29,1;27,3;17;14,9;51;43;45;134;7,1;3,5;
2021/06/23;1400 UTC;0;988,9;989,3;988,9;3051,6;29,8;14,8;30,4;28,7;16,4;14,8;46;40;40;143;9,4;3,9;
2021/06/23;1500 UTC;0;987,8;988,9;987,8;3251,8;31,5;15,1;31,9;29,8;16;14,1;42;35;37;124;9,4;3,6;
2021/06/23;1600 UTC;0;986,7;987,8;986,7;2960,9;31,9;13,5;32,9;31,1;15,2;13;38;32;33;146;8,7;4,8;
2021/06/23;1700 UTC;0;985,5;986,7;985,5;2520,3;32,9;12,3;33,1;30,8;14,4;11,6;35;28;29;129;9,8;3,6;
2021/06/23;1800 UTC;0;984,8;985,5;984,8;2083,7;33;12;33,8;31,3;13,4;11,8;31;27;28;149;8,5;2,6;
2021/06/23;1900 UTC;0;984,6;984,8;984,6;1357,9;33,1;12,1;33,3;31,8;12,8;11,4;30;27;28;145;8,1;2,8;
2021/06/23;2000 UTC;0;984,8;984,8;984,6;558,5;30,8;11,8;33,1;30,8;12,8;11,3;32;27;31;112;6,8;2,2;
2021/06/23;2100 UTC;0;985,3;985,3;984,8;63,9;26,1;17,7;30,9;26,1;17,7;11,8;60;31;60;121;3,6;0;
2021/06/23;2200 UTC;0;985,7;985,7;985,3;;26,8;15,4;27,1;24,5;17,9;15,1;64;48;50;179;2;,3;
2021/06/23;2300 UTC;0;986,5;986,5;985,7;;28,3;14;28,4;25,4;16,7;13,9;57;41;41;152;4,1;2;
2021/06/24;0000 UTC;0;987,2;987,2;986,4;;28,2;15,4;29;28,2;15,4;14;46;42;46;142;7,9;3,9;
2021/06/24;0100 UTC;0;987,9;987,9;987,2;;28;16,2;28,4;28;16,2;15,4;49;45;49;145;10;4,5;
2021/06/24;0200 UTC;0;988;988,1;987,9;;27,3;16,4;28;27,2;16,5;16,2;52;49;51;167;10;3,5;
2021/06/24;0300 UTC;0;988,1;988,2;988;;26,2;17,1;27,3;26,1;17,1;16,5;58;51;58;161;5,4;1,9;
2021/06/24;0400 UTC;0;987,7;988,1;987,7;;26;17,7;26,4;25,8;17,7;17,2;61;57;60;163;4;2,3;
2021/06/24;0500 UTC;0;987,4;987,7;987,4;;25,7;17,6;26,1;25,7;17,7;17,6;61;60;61;154;5,2;2,3;
2021/06/24;0600 UTC;0;987,1;987,5;987;;25,4;17,8;25,8;25,3;17,8;17,6;63;61;63;163;5,2;2,2;
2021/06/24;0700 UTC;0;987,3;987,3;987;;25;17,8;25,4;25;17,9;17,8;64;63;64;162;5,1;2,4;
2021/06/24;0800 UTC;0;987,6;987,6;987,2;;24,6;17,8;25,1;24,6;17,9;17,7;66;64;66;146;6,9;2,3;
2021/06/24;0900 UTC;0;988;988;987,6;;24,3;17,8;24,7;24,3;17,8;17,5;67;65;67;166;5,8;,9;
2021/06/24;1000 UTC;0;988,8;988,8;987,9;77,1;23,9;18,1;24,3;23,8;18,4;17,9;72;67;70;210;3,8;1,9;
2021/06/24;1100 UTC;1;989,9;989,9;988,8;195,5;22,4;19;23,9;22,4;19;18;81;70;81;162;4,8;1,3;
2021/06/24;1200 UTC;0;990,3;990,3;989,9;526,5;23,9;19,4;23,9;22,3;20;19;84;76;76;146;3,6;1,7;
2021/06/24;1300 UTC;0;990,5;990,5;990,3;629,1;24,7;18,7;24,7;23,9;19,7;18,6;77;69;69;168;4,5;1,2;
2021/06/24;1400 UTC;0;990;990,5;990;728,6;25,6;18;25,6;24,7;19,2;17,6;70;62;63;136;6,2;2,8;
2021/06/24;1500 UTC;0;989,1;990;989,1;1076,3;26,5;17,7;26,5;25,6;18,4;17,5;64;58;59;156;5,8;2,3;
2021/06/24;1600 UTC;0;987,8;989,1;987,8;1542,1;27,6;16,9;27,8;26,5;18,4;16,8;59;52;52;153;6,3;3,5;
2021/06/24;1700 UTC;0;986,4;987,8;986,4;1798,1;28,7;15,7;29,6;27,5;17,1;15,6;53;44;45;179;8,6;3,1;
2021/06/24;1800 UTC;0;985,9;986,4;985,9;1120,5;28,8;15,7;29,6;28,5;16,5;15,6;47;43;45;171;7,1;2,5;
2021/06/24;1900 UTC;0;985,9;986;985,8;656;28,7;16;29,1;28,5;16,4;15,7;48;45;46;149;5,8;3;
2021/06/24;2000 UTC;0;986,2;986,2;985,9;306,1;28,1;16,6;28,7;28,1;16,6;15,7;50;46;50;168;5,8;1,7;
2021/06/24;2100 UTC;0;986,4;986,5;986,2;33,4;27,4;16,7;28,1;27,4;16,7;16,3;52;49;52;161;4,1;2,2;
2021/06/24;2200 UTC;0;987,1;987,1;986,4;;26,3;17,7;27,4;26,2;18,2;16,6;61;52;60;182;3,9;,3;
2021/06/24;2300 UTC;0;987,9;987,9;987,1;;26,4;17,4;26,7;25,3;19,1;17,3;68;57;58;177;3,5;1,1;
2021/06/25;0000 UTC;0;988,7;988,7;987,9;;26,4;17,4;26,7;25,9;18;17,2;61;56;58;180;5,4;2,5;
2021/06/25;0100 UTC;0;988,9;988,9;988,7;;25,3;17,2;26,4;25,3;17,6;17,2;61;58;61;163;7,2;3,4;
2021/06/25;0200 UTC;0;989,1;989,1;988,9;;24,8;16,2;25,4;24,8;17,2;16,2;61;58;59;159;8,6;5;
2021/06/25;0300 UTC;0;989;989,1;988,9;;24,2;16,6;24,8;24,2;16,6;16,2;63;59;63;150;11,1;2,9;
2021/06/25;0400 UTC;0;988,4;989;988,4;;23,5;17,2;24,2;23,5;17,2;16,6;68;63;68;165;7,4;2,7;
2021/06/25;0500 UTC;0;988,2;988,4;988,2;;22,9;17,4;23,5;22,7;17,4;17,1;71;68;71;157;5,2;,9;
2021/06/25;0600 UTC;0;987,9;988,2;987,9;;23;17,2;23;22,5;17,4;17,2;72;70;70;158;3,6;1,2;
2021/06/25;0700 UTC;0;987,8;988;987,8;;22,7;16,6;23;22,5;17,2;16,6;70;68;68;140;4,7;2;
2021/06/25;0800 UTC;0;988,5;988,5;987,8;;22,6;16,2;23;22,4;16,6;16,2;69;66;67;172;4,4;,8;
2021/06/25;0900 UTC;0;988,7;988,7;988,4;;22,3;16;22,6;21,6;16,8;16;74;67;68;133;3,5;1,6;
2021/06/25;1000 UTC;0;989,2;989,2;988,7;329;23;17,1;23,2;22;17,4;16;73;65;69;311;3,2;,7;
2021/06/25;1100 UTC;0;989,7;989,7;989,2;1120;25;15,2;25,3;23;17,2;15;70;54;55;256;2,3;1,2;
2021/06/25;1200 UTC;0;989,9;990;989,7;1911,3;26,3;15,4;26,5;25;15,9;14,5;56;49;51;181;6,5;3,4;
2021/06/25;1300 UTC;0;989,9;990;989,8;1807,2;28,1;15,6;28,3;25,8;16,1;15,1;53;46;46;162;7,1;3,2;
2021/06/25;1400 UTC;0;989,2;989,9;989,2;3054,9;28,9;15,4;29,2;27,4;16;14,8;49;42;44;161;9,4;3,4;
2021/06/25;1500 UTC;0;988,1;989,3;988,1;3010,4;29,8;14,7;30,2;28,7;16,2;14,5;45;40;40;193;7,2;2;
2021/06/25;1600 UTC;0;986,8;988,1;986,8;3112;31,4;14,5;31,8;29,8;15,7;13,9;41;35;36;158;6;2,5;
2021/06/25;1700 UTC;0;985,6;986,8;985,6;2850,8;32;13,6;32,4;30,9;15,2;13,4;37;32;33;213;6,6;3,5;
2021/06/25;1800 UTC;0;985,1;985,6;985,1;1700,2;31,7;14,6;33,4;30,8;14,6;13,3;37;31;35;189;6,7;2,6;
2021/06/25;1900 UTC;0;985,1;985,2;985,1;992,6;31,3;14,2;32,4;30,4;14,6;13,6;38;33;35;170;7,6;4,1;
2021/06/25;2000 UTC;0;985,3;985,3;985,1;688,5;30,1;14,4;31,4;30;14,8;13,9;39;35;39;180;6,8;3,1;
2021/06/25;2100 UTC;0;985,9;985,9;985,3;77,5;28,4;14,8;30,1;28,4;14,9;14,2;44;38;44;164;5,5;2,8;
2021/06/25;2200 UTC;0;986,3;986,3;985,9;;26,7;15,3;28,4;26,5;15,5;14,8;50;44;50;144;4,9;2,3;
2021/06/25;2300 UTC;0;986,9;986,9;986,3;;26,5;15,1;27,4;25,9;15,2;14,9;51;47;49;141;4,6;2,2;
2021/06/26;0000 UTC;0;987,4;987,4;986,9;;23,9;15,3;26,6;23,9;15,4;14,9;59;49;59;166;3,8;,7;
2021/06/26;0100 UTC;0;987,7;987,7;987,4;;21,7;16,2;23,9;21,4;16,6;15,5;73;59;71;299;2,5;,6;
2021/06/26;0200 UTC;0;987,5;987,7;987,5;;20,6;16,2;21,7;20,6;16,6;15,9;76;71;76;280;1,6;,1;
2021/06/26;0300 UTC;0;987;987,5;987;;19,4;16,2;20,6;19,4;17,1;16,2;82;76;82;275;1,3;0;
2021/06/26;0400 UTC;0;986,9;987;986,9;;19,2;16,4;19,9;19,2;17;16,3;85;82;84;296;1,5;,4;
2021/06/26;0500 UTC;0;986,7;986,9;986,6;;19,4;16,4;19,4;18,8;16,7;16,1;85;83;83;275;1,9;,6;
2021/06/26;0600 UTC;0;986,2;986,7;986,2;;18,5;15,7;19,7;18,5;16,6;15,7;85;81;84;287;1,9;,4;
2021/06/26;0700 UTC;0;986,5;986,5;986,2;;17,7;15,6;18,5;17,6;16,4;15,4;88;84;88;42;1,6;0;
2021/06/26;0800 UTC;0;986,9;986,9;986,5;;17,5;15,9;17,8;17,1;15,9;15,2;90;88;90;175;1,4;,2;
2021/06/26;0900 UTC;0;987,3;987,4;986,9;;17,2;15,6;17,8;17;16,2;15,4;91;89;90;138;1,8;0;
2021/06/26;1000 UTC;0;987,9;987,9;987,3;306,5;21,7;18;21,7;17,2;19,1;15,7;92;80;80;57;1;0;
2021/06/26;1100 UTC;0;988,4;988,4;987,9;1122,5;24,2;15,2;24,5;21,7;18;15,2;80;57;57;328;1,7;,4;
2021/06/26;1200 UTC;0;988,7;988,7;988,4;1916,4;25,7;14,5;26,1;24;15,7;14,5;58;50;50;189;3,2;1,2;
2021/06/26;1300 UTC;0;988,4;988,8;988,4;2547,8;26,9;13,8;27,6;25,4;15,1;13,8;51;43;45;159;5,2;2,7;
2021/06/26;1400 UTC;0;987,8;988,4;987,8;2974,3;28,9;13,3;29;26,9;14,5;12,7;45;38;38;156;5,7;2;
2021/06/26;1500 UTC;0;986,8;987,8;986,8;3166,4;29,6;11,8;30;28,2;14,1;11,8;41;33;33;182;7,2;3,1;
2021/06/26;1600 UTC;0;985,8;986,8;985,8;3105,9;31,1;13;31,3;29,4;13,3;11,8;36;32;33;159;6,2;3;
2021/06/26;1700 UTC;0;984,7;985,8;984,7;2816,9;32,3;11,9;32,6;30,7;13,4;11,8;34;28;29;152;6,4;1,2;
2021/06/26;1800 UTC;0;984,5;984,7;984,5;1939,3;32,1;11,2;32,5;31,1;12,3;11;30;28;28;210;6,4;2,2;
2021/06/26;1900 UTC;0;984,5;984,5;984,4;1531,6;31,1;11,2;32,3;31;12,2;10,8;30;27;29;193;6,6;3;
2021/06/26;2000 UTC;0;984,5;984,5;984,4;676,2;30,6;11,6;31,5;30,6;11,8;11,1;32;29;31;190;5,4;2,3;
2021/06/26;2100 UTC;0;984,9;984,9;984,5;78,1;28,5;11,5;30,6;28,5;11,9;11,4;35;31;35;174;4,4;1,7;
2021/06/26;2200 UTC;0;985,6;985,6;984,9;;26,7;12,4;28,5;26,7;12,6;11,5;41;35;41;177;2,8;1,5;
2021/06/26;2300 UTC;0;986;986;985,6;;25,9;12,5;26,7;25,7;12,9;12,3;45;41;43;186;2,8;1,7;
2021/06/27;0000 UTC;0;986,6;986,6;986;;24,7;13,9;25,9;24,7;14,1;12,5;51;43;51;192;3;1,5;
2021/06/27;0100 UTC;0;987;987;986,6;;24,9;13,4;25,6;24,7;13,9;13;51;46;49;189;3,9;1,4;
2021/06/27;0200 UTC;0;987,1;987,1;987;;20,4;14,5;25;20,4;14,9;13,4;69;49;69;276;3,3;0;
2021/06/27;0300 UTC;0;987,1;987,2;986,9;;19,8;15;20,7;19,3;15,4;14,6;77;69;74;97;2,3;1,1;
2021/06/27;0400 UTC;0;986,9;987,1;986,9;;18,1;14,4;19,8;18;15,1;14;79;74;79;212;2,2;0;
2021/06/27;0500 UTC;0;986,8;986,9;986,7;;17,5;14,4;18,4;17,2;15;14,1;83;79;82;234;1,3;0;
2021/06/27;0600 UTC;0;986,4;986,8;986,4;;17;14,7;17,5;16,8;14,8;14,1;87;82;86;247;0;0;
2021/06/27;0700 UTC;0;986,5;986,5;986,4;,4;16,6;14,8;17,1;16,5;15;14,4;89;86;89;107;,7;0;
2021/06/27;0800 UTC;0;986,8;986,8;986,5;;15,8;14;16,6;15,7;14,8;14;90;89;89;238;0;0;
2021/06/27;0900 UTC;0;987,2;987,2;986,8;0;16;14,4;16,5;15,6;15;13,9;91;89;91;284;,6;0;
2021/06/27;1000 UTC;0;987,8;987,8;987,2;338,2;19,4;16;19,4;16;16,2;14,5;91;81;81;294;1,9;1;
2021/06/27;1100 UTC;0;988,1;988,1;987,8;1117,9;24,2;16,1;24,2;19,4;16,2;15,3;81;60;60;292;1,9;,6;
2021/06/27;1200 UTC;0;988,2;988,3;988;1925,6;26,5;14,5;26,6;24,2;15,9;14,2;60;48;48;242;3,4;1,1;
2021/06/27;1300 UTC;0;988,1;988,2;988,1;2550,5;27,9;14,1;28;25,9;14,7;13,2;49;42;43;249;4,4;1,7;
2021/06/27;1400 UTC;0;987,6;988,1;987,6;2987,2;28,8;13,2;29,6;27,4;14,1;12;43;35;38;96;5,8;1,4;
2021/06/27;1500 UTC;0;986,4;987,6;986,4;3177;30,1;11,3;30,6;28,7;13,1;11,1;38;31;31;231;4,9;2,1;
2021/06/27;1600 UTC;0;985,5;986,4;985,5;3125,2;31,9;11,2;32,1;29,9;12,3;10,5;33;27;28;193;6,3;2,4;
2021/06/27;1700 UTC;0;984,5;985,5;984,5;2831,8;32,3;10,7;32,8;31,6;11,2;9,7;28;25;27;187;5,7;3,1;
2021/06/27;1800 UTC;0;984;984,5;984;2291,6;32,8;9,7;33,9;32,2;11;9,6;27;24;24;196;5,8;1,8;
2021/06/27;1900 UTC;0;984;984;983,9;1205,7;31,6;10;33,3;31,4;11,7;9,4;28;24;27;157;5;2,2;
2021/06/27;2000 UTC;0;984,3;984,3;984;231;30,6;12,1;31,6;30,1;12,3;10,3;33;27;32;217;4,9;2;
2021/06/27;2100 UTC;0;984,8;984,8;984,3;102,1;29,2;11,4;30,8;29,1;12,2;11,3;33;31;33;166;5,3;1,9;
2021/06/27;2200 UTC;0;985,1;985,1;984,8;;27,2;12,7;29,2;27,2;12,8;11,4;41;33;41;186;3,7;1,7;
2021/06/27;2300 UTC;0;985,5;985,6;985,1;;27,1;13,2;27,3;26,8;13,2;12,7;42;41;42;173;4,2;2,2;
2021/06/28;0000 UTC;0;986,2;986,2;985,6;;26;14,9;27,2;25,6;14,9;13,2;50;42;50;182;5,5;2,4;
2021/06/28;0100 UTC;0;987;987;986,2;;24,6;15,1;26,2;24,6;15,1;14,6;55;50;55;132;5;1,5;
2021/06/28;0200 UTC;0;987,5;987,5;987;;23,4;15,6;24,6;23,4;15,6;15,1;61;55;61;139;4,3;2;
2021/06/28;0300 UTC;0;987,6;987,7;987,5;;23,1;15;23,5;23,1;15,6;15;62;59;60;138;5,8;2,2;
2021/06/28;0400 UTC;0;987,6;987,7;987,5;;22,3;14,4;23,3;22,3;15;14,3;61;59;61;150;4,5;1,4;
2021/06/28;0500 UTC;0;987,4;987,6;987,4;;19,5;14,8;22,6;19,5;15;14,1;74;60;74;234;3,3;,2;
2021/06/28;0600 UTC;0;987,2;987,4;987,2;;17,6;14,9;19,5;17,5;15,4;14,6;84;74;84;191;2,1;0;
2021/06/28;0700 UTC;0;987,6;987,6;987,2;;16,6;14,6;17,7;16,6;15,3;14,5;88;84;88;315;0;0;
2021/06/28;0800 UTC;0;988,1;988,1;987,6;;16,4;14,7;16,9;16,3;15,1;14,5;90;88;90;293;,6;0;
2021/06/28;0900 UTC;0;988,2;988,2;988,1;;16;14,4;16,5;15,8;14,8;14,2;91;90;90;262;0;0;
2021/06/28;1000 UTC;0;988,8;988,8;988,2;319,8;19,9;16,3;19,9;15,7;17,2;14;91;80;80;322;0;0;
2021/06/28;1100 UTC;0;989,2;989,2;988,8;1121,5;23,8;14,6;23,8;19,9;16,5;14,3;80;56;56;17;1,7;,3;
2021/06/28;1200 UTC;0;989,1;989,2;989,1;1924,7;26,1;15,1;26,1;23,8;15,1;14,1;57;50;51;292;3,1;,7;
2021/06/28;1300 UTC;0;988,8;989,1;988,8;2555;27,9;13,7;28,2;26;15,1;13,5;51;41;42;178;4;1,3;
2021/06/28;1400 UTC;0;988,4;988,8;988,4;2973,3;29,3;13;30;27,5;14,8;13;43;36;37;124;5,2;2,2;
2021/06/28;1500 UTC;0;987,7;988,4;987,6;3173,6;30,7;11,8;31,6;29,2;14,2;11,8;39;31;31;207;8,1;1,7;
2021/06/28;1600 UTC;0;986,5;987,7;986,5;3101,2;31,8;11,6;32,4;30,3;12,8;10,9;33;29;29;179;8,1;2,3;
2021/06/28;1700 UTC;0;985,5;986,5;985,5;2862,7;32,1;11,9;32,5;31,3;12,1;10,8;30;27;29;144;6,4;2,6;
2021/06/28;1800 UTC;0;985;985,5;985;2084,9;32,5;10,8;33,3;31,1;12,3;10,7;30;26;26;166;6,5;1,9;
2021/06/28;1900 UTC;0;985,1;985,1;985;1328,1;32,8;10,8;33,1;31,3;11,8;10,6;30;26;26;154;5,3;3,1;
2021/06/28;2000 UTC;0;985,4;985,4;985,1;754,9;31,4;10,6;32,7;31,4;11;9,7;28;25;28;195;5,2;1,7;
2021/06/28;2100 UTC;0;986;986;985,4;73,2;29,2;11,4;31,4;29,2;11,4;10,2;33;27;33;188;4;1,5;
2021/06/28;2200 UTC;0;986,5;986,5;986;;27,7;11,1;29,2;27,1;12;11;39;33;36;168;3,4;1,8;
2021/06/28;2300 UTC;0;987,1;987,1;986,5;;27;11,4;27,9;27;11,8;11,1;39;35;38;171;3,5;1,6;
2021/06/29;0000 UTC;0;987,6;987,6;987,1;;26,5;12;27,3;26,3;12,5;11,5;42;38;40;181;5,8;1,8;
2021/06/29;0100 UTC;0;987,9;987,9;987,6;;26,2;12,9;26,5;25,9;12,9;12,1;44;40;44;177;6,8;3,2;
2021/06/29;0200 UTC;0;988,6;988,6;987,9;;22,1;14,1;26,3;22,1;14,2;13;61;44;61;82;6,8;1,2;
2021/06/29;0300 UTC;0;988,5;988,6;988,5;;24,1;13,8;24,8;22,1;14,6;13,8;61;52;53;139;4,3;2,2;
2021/06/29;0400 UTC;0;988,4;988,6;988,4;;23,1;14,1;24,1;22,5;14,1;13,8;59;53;57;134;4,4;2,2;
2021/06/29;0500 UTC;0;988,2;988,4;988,2;;22,9;14,2;23,6;22,8;14,2;13,9;58;55;58;119;5,8;2,4;
2021/06/29;0600 UTC;0;988;988,3;988;;22,2;14,5;23;22;14,7;14,1;62;58;62;125;5,6;2,7;
2021/06/29;0700 UTC;0;988,5;988,5;987,9;;20,3;14,7;22,3;20,3;15;14,4;70;62;70;85;4,6;1,2;
2021/06/29;0800 UTC;0;989,1;989,1;988,5;;18,9;14,9;20,3;18,9;15,2;14,6;78;70;77;84;2,4;1,2;
2021/06/29;0900 UTC;0;989,2;989,2;989,1;;17,4;14,8;18,9;17,1;15;14,3;85;77;85;284;2,3;1,3;
2021/06/29;1000 UTC;0;989,7;989,7;989,2;314,4;21,4;16,2;21,4;17,4;16,3;14,8;85;72;72;286;1,7;0;
2021/06/29;1100 UTC;0;990;990,1;989,7;1102,8;24,1;14,9;24,2;21,4;16,3;14,6;72;56;56;202;4,4;1,7;
2021/06/29;1200 UTC;0;989,8;990,1;989,8;1925,8;25,6;13,5;25,9;24,1;15;13,2;56;46;47;155;8,9;4;
2021/06/29;1300 UTC;0;989,4;989,9;989,4;2556,3;27,1;12,8;28;25,6;13,9;12,6;48;39;41;167;7,2;3,9;
2021/06/29;1400 UTC;0;988,9;989,4;988,9;2940,5;28,8;11,3;29,3;27,1;13,6;11,3;42;34;34;169;6,7;2,5;
2021/06/29;1500 UTC;0;987,9;988,9;987,9;3114,6;30;10,8;30,8;28,7;12,3;10,7;35;30;31;179;7,8;2;
2021/06/29;1600 UTC;0;986,9;987,9;986,9;3084,1;32,6;11;32,7;30;12;10,2;32;27;27;220;6,1;1,1;
2021/06/29;1700 UTC;0;985,8;986,9;985,8;2535,3;32,6;9,9;33;31,4;11,5;9,6;28;25;25;154;5,3;,7;
2021/06/29;1800 UTC;0;985,4;985,8;985,4;1319,6;32,3;10,6;32,9;31,7;11,9;9,1;29;24;27;171;4,9;1,3;
2021/06/29;1900 UTC;0;985,5;985,5;985,4;826,9;32;12,9;32,6;31,3;13,6;9,1;33;24;31;19;3;,5;
2021/06/29;2000 UTC;0;985,7;985,7;985,5;415,8;29,7;15,5;32;29,7;15,5;11,7;42;30;42;117;3,1;1;
2021/06/29;2100 UTC;0;986,1;986,1;985,7;37,8;26,7;16;29,7;26,6;16,2;11,4;52;32;52;202;2,8;0;
2021/06/29;2200 UTC;0;986,4;986,4;986,1;;25,1;16,7;26,6;25,1;16,9;14,3;60;46;60;205;1,7;,8;
2021/06/29;2300 UTC;0;987,1;987,1;986,4;;26,9;13,6;27,2;25;18,4;13,6;62;44;44;204;2,8;1,2;
2021/06/30;0000 UTC;0;987,8;987,8;987,1;;23,5;17,2;26,9;23,5;17,4;13,6;68;44;68;243;2;0;
2021/06/30;0100 UTC;0;987,8;987,9;987,8;;24,1;16;24,3;23,3;17,5;16;70;60;61;303;1,5;,5;
2021/06/30;0200 UTC;0;987,9;987,9;987,8;;23,6;17;24,3;23,5;17,9;16,3;71;61;67;231;1,4;0;
2021/06/30;0300 UTC;0;988;988,1;987,9;;23,6;17,1;23,7;23;18,2;16,7;73;65;67;159;1,5;0;
2021/06/30;0400 UTC;0;987,6;988;987,6;;22,9;18,2;23,6;22,8;18,3;17;75;67;75;181;1,6;,4;
2021/06/30;0500 UTC;0;987,4;987,6;987,4;;26;15,5;26,4;22,9;18;15,3;75;51;52;169;7,3;3;
2021/06/30;0600 UTC;0;987,4;987,5;987,3;;23,4;15,7;26;23,4;15,8;15,4;62;52;62;281;5,1;,5;
2021/06/30;0700 UTC;0;987,7;987,7;987,4;;21,9;16,2;23,4;21,9;16,3;15,7;70;62;70;255;1,6;0;
2021/06/30;0800 UTC;0;988;988;987,6;;22,1;17;22,4;21,5;17,5;16,3;77;70;73;63;1,1;,1;
2021/06/30;0900 UTC;0;988,3;988,3;988;;21,3;17,8;22,2;21,2;17,9;16,8;81;72;81;350;1,1;0;
2021/06/30;1000 UTC;0;988,8;988,8;988,3;152,5;23,3;18,4;23,3;21,2;18,5;17,7;81;73;74;309;0;0;
2021/06/30;1100 UTC;0;989,1;989,1;988,8;630,3;26;17,2;26;23,3;18,3;17;74;58;58;124;2,7;1,1;
2021/06/30;1200 UTC;0;989,6;989,6;989,1;1220,5;26,7;16,8;26,7;25,9;17,2;16,4;58;54;55;141;6;3;
2021/06/30;1300 UTC;0;989,3;989,7;989,3;1928,6;28,6;16,1;28,8;26,6;17;16,1;55;47;47;176;5,1;2,8;
2021/06/30;1400 UTC;0;988,6;989,3;988,6;2845,3;29,6;15,7;30,6;28,2;16,8;15,4;48;42;43;196;6;2,9;
2021/06/30;1500 UTC;0;987,9;988,6;987,9;2477,1;30,8;15;31,3;29,2;16,7;14,6;45;38;38;153;6;1,4;
2021/06/30;1600 UTC;0;986,9;987,9;986,9;2621,5;31,7;13,5;32,5;30,1;16;13;41;32;33;144;6,7;1;
2021/06/30;1700 UTC;0;985,8;986,9;985,8;2910,2;33,1;12,9;33,5;31,7;14,4;12,5;34;29;29;315;4,4;1,7;
2021/06/30;1800 UTC;0;985,3;985,8;985,2;2361,6;33,2;13;34,1;32,6;14,1;12,1;32;27;29;80;4,5;1,8;
2021/06/30;1900 UTC;0;985,1;985,3;985,1;1591,9;33,8;13,2;34,8;32,9;13,6;11,6;30;26;29;37;4,5;0;
2021/06/30;2000 UTC;0;985,1;985,1;985;746,5;32,8;13,6;34;32,4;14,2;12,4;33;28;31;24;2,9;,6;
2021/06/30;2100 UTC;0;985,7;985,7;985,1;75,6;26,7;17,5;32,7;26,6;17,9;12,9;57;30;57;7;2,4;0;
2021/06/30;2200 UTC;0;986,3;986,3;985,7;;25,6;18,7;26,7;25,2;18,7;17;66;57;66;214;0;0;
2021/06/30;2300 UTC;0;987,1;987,1;986,3;;24,4;19,2;25,7;24,4;19,2;18,5;73;66;73;128;0;0;
2021/07/01;0000 UTC;0;988,4;988,4;987,1;;27,8;16,5;27,8;23,9;19,8;16,5;75;50;50;163;4,9;1,5;
2021/07/01;0100 UTC;,6;989,3;989,3;988,4;;25,1;19,4;28,7;25;19,4;15,8;71;46;71;117;10,1;2,4;
2021/07/01;0200 UTC;0;989,2;989,3;989,2;;25,4;19,6;25,5;24,6;19,9;19,2;74;69;71;162;4;1,6;
2021/07/01;0300 UTC;0;988,7;989,2;988,7;;24;20,6;25,4;24;20,6;19,6;81;70;81;121;2,5;,8;
2021/07/01;0400 UTC;0;988,4;988,7;988,4;;24,8;19,5;24,9;23,8;20,7;19,5;82;72;73;112;3,8;2;
2021/07/01;0500 UTC;0;988,1;988,4;988,1;;25,1;19,1;25,3;24,7;19,5;19,1;73;69;70;129;4,3;2,2;
2021/07/01;0600 UTC;0;987,8;988,1;987,8;;24,3;19,3;25,1;24,3;19,3;19,1;74;69;74;105;4,4;1,9;
2021/07/01;0700 UTC;0;988,2;988,2;987,7;;24,2;19;24,4;23,5;19,7;19;79;72;73;159;3,6;1,7;
2021/07/01;0800 UTC;0;988,8;988,8;988,2;;24;18,7;24,4;24;19;18,7;73;71;72;152;4,8;2,9;
2021/07/01;0900 UTC;0;988,9;988,9;988,7;;24;18,7;24,2;23,9;18,7;18,6;73;71;72;167;4,7;2,1;
2021/07/01;1000 UTC;0;989,5;989,5;988,9;131,4;24;19,3;24,2;23,4;19,3;18,7;77;72;75;76;3,6;,7;
2021/07/01;1100 UTC;0;989,9;989,9;989,5;793,8;26,3;19,3;26,3;24;19,6;18,9;76;65;65;125;4,6;2,1;
2021/07/01;1200 UTC;0;990,6;990,6;989,9;1239,8;26,9;19;27,2;26,1;19,6;18,5;66;62;62;104;6,1;3,4;
2021/07/01;1300 UTC;0;990,5;990,6;990,5;1576,1;28,1;19,3;28,2;26,9;19,4;18,5;63;57;59;123;8,1;3,4;
2021/07/01;1400 UTC;0;989,8;990,5;989,8;1678;28,8;18,5;29,2;27,8;19,3;18,2;59;53;54;107;7,4;3;
2021/07/01;1500 UTC;0;988,5;989,8;988,5;1951,6;29,8;18,2;30,3;28,7;19;17,6;55;48;50;152;6,2;2,9;
2021/07/01;1600 UTC;0;987,4;988,5;987,4;3103,8;31;17,3;32,6;29,8;18,7;17;50;42;44;102;6;2,6;
2021/07/01;1700 UTC;0;986,4;987,4;986,4;1602,6;31;17,6;31,2;30,5;18,5;17;48;43;45;114;6,1;2,3;
2021/07/01;1800 UTC;0;985,8;986,4;985,8;1539,2;32;17,3;32,1;30,7;18,1;16,8;47;40;41;139;5,1;1,8;
2021/07/01;1900 UTC;0;986,5;986,5;985,7;831,7;28,3;19,9;33,4;27,6;20,1;16,5;62;37;61;150;7,2;,3;
2021/07/01;2000 UTC;0;987,1;987,1;986,5;230;28,1;18,8;28,7;28,1;20,3;18,2;62;54;57;140;3,8;1,5;
2021/07/01;2100 UTC;1,2;988,3;988,3;987,1;30,8;23,2;19,3;28,1;23;19,4;18,6;79;57;79;149;11,5;5,9;
2021/07/01;2200 UTC;,6;989,7;989,7;988,2;;23,1;20,3;23,7;23,1;20,6;19,6;84;79;84;109;12,1;4,6;
2021/07/01;2300 UTC;0;990,2;990,2;989,7;;22,6;20,4;23,1;22,6;20,4;20,3;88;84;87;94;8;1,6;
2021/07/02;0000 UTC;,8;990,7;990,7;990,1;;22,5;20,5;22,6;22,4;20,5;20,3;88;87;88;239;3,4;0;
2021/07/02;0100 UTC;0;991,3;991,3;990,7;;22,7;20,9;22,8;22,5;20,9;20,5;90;88;90;330;2,2;,4;
2021/07/02;0200 UTC;,2;991,3;991,4;991,3;;22,6;20,9;22,8;22,5;21;20,8;90;90;90;1;2;0;
2021/07/02;0300 UTC;0;991,1;991,4;991;;22,7;21,1;22,7;22,6;21,1;20,9;91;90;91;58;0;0;
2021/07/02;0400 UTC;0;990,7;991,1;990,7;;22,7;21;22,8;22,6;21,2;21;91;90;90;89;0;0;
2021/07/02;0500 UTC;,2;990,4;990,8;990,4;2,8;22,9;21,1;22,9;22,5;21,3;20,9;91;89;90;145;2,5;,8;
2021/07/02;0600 UTC;,2;990,3;990,5;990,3;3,4;22,5;19,4;22,9;22,4;21;19,4;90;82;83;160;6,7;3;
2021/07/02;0700 UTC;0;990,7;990,7;990,3;;22,4;19,8;22,6;22,2;19,9;19,4;86;83;85;152;6,2;,6;
2021/07/02;0800 UTC;0;991;991;990,7;;22,3;19,4;22,8;22,3;19,8;19,3;85;81;83;174;2,7;0;
2021/07/02;0900 UTC;0;991,1;991,1;991;1,1;21,9;19,7;22,4;21,9;19,8;19,4;87;83;87;185;0;0;
2021/07/02;1000 UTC;0;991,8;991,8;991,1;168,3;22,8;20,6;22,8;21,8;20,7;19,7;89;87;88;267;0;0;
2021/07/02;1100 UTC;0;992,4;992,4;991,8;622,7;24,3;19,9;24,3;22,8;21,1;19,6;88;76;77;161;0;0;
2021/07/02;1200 UTC;0;992,6;992,8;992,4;1114,9;24,9;18,5;25,2;24,2;20;18,5;77;67;67;168;3,5;1,6;
2021/07/02;1300 UTC;0;992,3;992,6;992,3;2188;25,9;17,8;26,8;24,9;19,5;17,8;71;60;61;145;7,8;4,6;
2021/07/02;1400 UTC;0;991,6;992,4;991,6;1806,8;27,8;18,3;27,9;25,8;19;17,7;63;56;56;133;7,8;3,9;
2021/07/02;1500 UTC;0;990,4;991,6;990,4;2212,7;29,2;17,7;29,6;26,7;18,8;17,1;58;49;50;131;9,1;4,2;
2021/07/02;1600 UTC;0;989,5;990,5;989,4;1870,6;29,1;17,5;29,6;27,8;18,2;17,1;54;48;50;164;8,8;3;
2021/07/02;1700 UTC;0;988,4;989,5;988,4;1327,2;29,3;17,3;29,4;28;18;17;53;48;48;200;6,7;2,3;
2021/07/02;1800 UTC;0;987,9;988,4;987,9;1897,8;30,9;17,8;30,9;29,1;17,9;16,6;50;44;46;181;6,7;3;
2021/07/02;1900 UTC;0;987,7;987,9;987,7;1590,4;30,5;17,1;31;30,1;17,9;16,5;47;43;45;182;5,7;2,6;
2021/07/02;2000 UTC;0;987,8;987,8;987,6;698,8;29,4;16,6;30,6;29,4;17,3;16,6;47;43;46;177;5,3;2,9;
2021/07/02;2100 UTC;0;988,2;988,2;987,8;38,5;25,5;19,4;29,4;25,5;19,4;16,5;69;46;69;175;5,3;,3;
2021/07/02;2200 UTC;0;988,7;988,7;988,2;;24,9;18,3;25,7;24,5;20;17,9;75;64;66;178;2;1;
2021/07/02;2300 UTC;0;989,2;989,2;988,7;;25,1;18,1;25,4;24,4;18,7;18,1;70;65;65;200;2,5;1,4;
2021/07/03;0000 UTC;0;989,6;989,7;989,2;;25,6;17,6;25,8;24,8;18,2;17,6;66;61;61;189;5,7;2,4;
2021/07/03;0100 UTC;0;989,9;989,9;989,6;;24,9;17,6;25,6;23,1;18,3;17,5;74;61;64;147;4,5;1,7;
2021/07/03;0200 UTC;0;990,1;990,1;989,9;;24,9;17,2;25,3;24,3;17,6;17,1;65;61;62;155;6;3,1;
2021/07/03;0300 UTC;0;990,1;990,3;990,1;;24,4;17,3;25;24,2;17,5;17,1;66;62;65;153;6;3,2;
2021/07/03;0400 UTC;0;989,9;990,1;989,8;;24;17,4;24,5;23,9;17,4;17,3;67;65;67;164;6;1,7;
2021/07/03;0500 UTC;0;989,6;989,9;989,5;;23,8;17,4;24;23,5;17,5;17,3;68;66;68;152;7,5;2,5;
2021/07/03;0600 UTC;0;989,4;989,6;989,3;;23,4;17,3;23,9;23,2;17,6;17,3;70;67;69;147;4,6;2,7;
2021/07/03;0700 UTC;0;989,7;989,7;989,4;;23,2;17,3;23,7;23,2;17,4;17,2;70;68;70;157;6,6;1,5;
2021/07/03;0800 UTC;0;990;990;989,7;;22,7;17,7;23,2;22,4;17,7;17,2;74;70;73;217;3,3;1,4;
2021/07/03;0900 UTC;0;990,2;990,2;989,9;;21,6;17,1;22,8;21,6;17,6;17,1;76;72;76;187;3,5;1;
2021/07/03;1000 UTC;0;990,7;990,7;990,2;315,7;23,1;17,1;23,1;21,1;17,7;17;79;69;69;188;2,7;1;
2021/07/03;1100 UTC;0;991,4;991,4;990,6;1071,3;24,4;15,8;24,6;23,1;17,1;15,8;69;59;59;188;3,3;1,6;
2021/07/03;1200 UTC;0;991,3;991,5;991,3;1978,8;26,2;16,1;26,2;24,3;16,2;15,4;59;53;54;166;4;2,1;
2021/07/03;1300 UTC;0;991,1;991,4;991,1;2544,1;27,5;15,3;27,7;25,9;16,3;14,9;54;47;47;158;5,7;3;
2021/07/03;1400 UTC;0;990,1;991,1;990,1;2950;29,2;14,9;29,3;27,2;15,6;14,4;47;41;42;180;5,7;1,6;
2021/07/03;1500 UTC;0;989,1;990,1;989,1;2992,7;29,9;14,9;30;28,6;15,6;14,5;43;40;40;175;7,5;3,6;
2021/07/03;1600 UTC;0;988,2;989,1;988,2;2480,7;30;14,4;30,7;29,5;15,6;14,4;42;38;39;154;10;2,3;
2021/07/03;1700 UTC;0;987,4;988,2;987,4;1545,2;29,7;15,6;30,8;29,6;15,9;14,5;42;38;42;149;6,1;2,6;
2021/07/03;1800 UTC;0;987,3;987,4;987,3;1072;29,9;15,4;30,4;29,6;16;14,9;43;39;41;174;6,4;3,6;
2021/07/03;1900 UTC;0;987,2;987,3;987,1;888,7;29,8;15,8;30,1;28,9;16,3;15,2;46;41;43;144;6,5;2,3;
2021/07/03;2000 UTC;0;987,6;987,6;987,1;319,2;28,6;16;29,8;28,6;16,5;15,6;47;42;46;142;5,6;2,8;
2021/07/03;2100 UTC;0;988,3;988,3;987,6;28,9;27,5;16,4;28,7;27,5;16,6;16;51;46;51;174;5,9;3,2;
2021/07/03;2200 UTC;0;989;989;988,3;;25,8;17,8;27,5;25,8;17,8;16,5;61;51;61;181;7,9;3,2;
2021/07/03;2300 UTC;0;989,6;989,6;989;;24,8;18,3;25,8;24,8;18,3;17,8;68;61;68;192;6,9;3,9;
2021/07/04;0000 UTC;0;990,2;990,2;989,6;;23,2;19,3;24,7;23,2;19,6;18,4;80;68;79;155;6,9;1,7;
2021/07/04;0100 UTC;0;990,8;990,8;990,2;;22,2;19;23,2;22,2;19,8;19;85;79;82;127;9,2;4,3;
2021/07/04;0200 UTC;0;990,7;990,9;990,7;;20,4;18,6;22,2;20,4;19;18,3;89;82;89;92;9,2;1,5;
2021/07/04;0300 UTC;0;990,5;990,8;990,5;;20,6;18,9;20,7;20,4;19;18,6;90;89;90;146;3,1;0;
2021/07/04;0400 UTC;0;989,9;990,5;989,9;;20,7;19;20,9;20,7;19,2;18,9;90;90;90;24;,3;0;
2021/07/04;0500 UTC;0;989,5;989,9;989,5;;20,9;19,2;20,9;20,7;19,2;19;90;90;90;308;0;0;
2021/07/04;0600 UTC;0;989,3;989,5;989,3;;20,9;19,2;21;20,8;19,3;19,1;90;90;90;277;,7;0;
2021/07/04;0700 UTC;0;989,3;989,3;989,2;;20,7;19,2;20,9;20,5;19,3;18,9;91;90;91;293;0;0;
2021/07/04;0800 UTC;0;989,7;989,7;989,3;;19,7;18,2;20,8;19,7;19,2;18,1;91;90;91;141;0;0;
2021/07/04;0900 UTC;0;990;990;989,7;;19,3;17,9;19,8;19,1;18,3;17,6;92;91;91;174;0;0;
2021/07/04;1000 UTC;0;990,5;990,5;990;279,9;21,6;20,2;21,6;19,2;20,2;17,8;92;91;91;262;0;0;
2021/07/04;1100 UTC;0;990,9;990,9;990,5;865,5;24;20;24;21,5;20,9;19,2;91;76;79;42;2,6;,2;
2021/07/04;1200 UTC;0;991;991,1;990,9;1793,8;25;17,1;25,6;24;20,2;16,9;79;60;61;153;7,7;3,9;
2021/07/04;1300 UTC;,2;991;991,2;990,9;2200,3;26,3;17;27,1;25;18,1;16,5;62;54;56;143;7,5;4,4;
2021/07/04;1400 UTC;0;990,6;991;990,6;1817,2;27,3;16,4;28;25,9;17,2;16,2;57;50;52;131;8,9;4,1;
2021/07/04;1500 UTC;0;989,7;990,6;989,7;1950,9;29,1;15,7;29,7;27,1;17,2;15,7;52;44;44;149;8,6;3,7;
2021/07/04;1600 UTC;0;988,8;989,7;988,8;1755,9;29,6;16,6;29,7;28;16,7;15,7;49;44;46;138;7,9;2,9;
2021/07/04;1700 UTC;0;987,9;988,9;987,9;2435,6;30;15,4;30,6;28,4;16,4;15;46;41;41;153;9;4,7;
2021/07/04;1800 UTC;0;987,5;987,9;987,5;2065,3;30,9;15,1;31,5;29,4;16,1;14,2;42;37;39;131;8,6;2,7;
2021/07/04;1900 UTC;0;987,4;987,5;987,3;1279,6;30,9;14,4;31,3;29,6;15,6;14,4;42;37;37;145;6,7;3,2;
2021/07/04;2000 UTC;0;987,6;987,6;987,3;734,9;29,8;15,2;31;29,8;15,3;13,6;41;35;41;113;6,5;1,6;
2021/07/04;2100 UTC;0;987,9;987,9;987,6;126,4;26,4;17,9;30,1;26,4;17,9;14,5;60;39;60;193;3,8;,9;
2021/07/04;2200 UTC;0;988,2;988,2;987,9;;23,8;18,4;26,4;23,8;18,5;17,5;72;59;72;182;1,3;0;
2021/07/04;2300 UTC;0;988,6;988,6;988,2;;25,4;17,7;25,6;23,1;18,4;17,6;74;62;62;196;2,6;1,8;
2021/07/05;0000 UTC;0;989,2;989,3;988,6;;23,8;17,9;25,4;23,8;17,9;17,5;69;62;69;36;2,9;,4;
2021/07/05;0100 UTC;0;989,6;989,6;989,2;;21,5;18,4;23,8;21,4;18,4;17,8;82;70;82;247;2,1;0;
2021/07/05;0200 UTC;0;989,8;989,8;989,5;;21;18,5;21,5;20,9;18,8;18,1;86;82;86;122;,8;0;
2021/07/05;0300 UTC;0;989,8;989,9;989,7;;21,5;18,6;21,5;20,8;18,9;18,3;86;84;84;49;1,2;0;
2021/07/05;0400 UTC;0;989,5;989,9;989,5;;24,5;18,1;24,5;21,5;19,1;18,1;84;68;68;154;5,8;3,2;
2021/07/05;0500 UTC;0;989,1;989,5;989,1;;23,7;18,2;24,5;23,6;18,3;18,1;72;68;71;147;5,8;2,6;
2021/07/05;0600 UTC;0;988,9;989,1;988,9;;22,9;18;24;22,8;18,3;17,9;74;70;74;145;4,9;1,8;
2021/07/05;0700 UTC;0;989,5;989,5;988,9;;22;17,8;23,1;22;18,1;17,7;77;73;77;108;4,2;1,5;
2021/07/05;0800 UTC;0;989,8;989,8;989,5;;20,9;17,5;22;20,9;18,1;17,5;81;77;81;107;2,9;1;
2021/07/05;0900 UTC;0;990,4;990,4;989,8;;21,5;17,5;22,4;20,6;18,1;17,4;83;75;78;117;4,2;1,2;
2021/07/05;1000 UTC;0;991,1;991,1;990,4;301,1;22,3;18,5;22,3;21,3;18,6;17,5;81;77;79;51;3,9;1,1;
2021/07/05;1100 UTC;0;991,6;991,6;991,1;1105,1;25,6;17,6;25,7;22,3;18,8;17,2;79;60;61;152;5,9;2,8;
2021/07/05;1200 UTC;0;991,6;991,7;991,6;1890,5;27;16,5;27,3;25,6;17,7;16,1;61;52;53;122;6,5;3,2;
2021/07/05;1300 UTC;0;991,4;991,7;991,4;2606;28,1;15,6;28,9;26,7;16,9;15,2;54;45;47;130;7,8;3,9;
2021/07/05;1400 UTC;0;990,8;991,4;990,8;2969,7;29,1;14,8;29,3;27,8;16,1;14,1;49;41;42;159;7,1;3;
2021/07/05;1500 UTC;0;989,9;990,8;989,9;3122,1;30,6;14,8;30,8;28,9;15,2;13,3;43;36;38;90;6,6;1,9;
2021/07/05;1600 UTC;0;988,8;989,9;988,8;3094,7;31,8;15;31,8;30,5;15,1;12,8;39;33;36;91;7,9;2,4;
2021/07/05;1700 UTC;0;987,6;988,8;987,6;2813,9;31,7;13,6;33,1;31,3;14,7;13,1;36;31;33;189;5,4;2,5;
2021/07/05;1800 UTC;0;987,1;987,6;987,1;2292,7;33,6;12,4;33,7;31,7;13,8;12,3;33;28;28;216;5,6;,8;
2021/07/05;1900 UTC;0;987,1;987,1;987;1585,3;32,8;11,9;33,6;32,4;12,6;11,2;29;27;28;180;5;1,6;
2021/07/05;2000 UTC;0;987,3;987,3;987,1;755,3;32,5;11,9;33,2;32,2;13,1;11,4;31;27;29;162;3,5;,6;
2021/07/05;2100 UTC;0;987,5;987,5;987,3;82,6;25,5;16,9;32,7;25,5;17,8;13,2;59;29;59;3;1,8;0;
2021/07/05;2200 UTC;0;987,9;987,9;987,5;;24,1;17,7;25,5;24,1;18,2;17,1;68;59;67;325;1,8;,9;
2021/07/05;2300 UTC;0;988,7;988,7;987,9;;28,3;13,5;28,8;23,8;19,1;13,1;70;38;40;217;4,3;2,5;
2021/07/06;0000 UTC;0;988,9;988,9;988,7;;23,5;16,2;28,3;23,5;16,4;13,4;64;40;64;188;4,1;,2;
2021/07/06;0100 UTC;0;989,5;989,5;988,9;;26,1;14,9;26,1;22,8;17,4;14,9;68;50;50;169;5,5;2;
2021/07/06;0200 UTC;0;989,8;989,8;989,5;;26,8;14;27,9;26,2;14,4;13;50;40;45;176;6;1,9;
2021/07/06;0300 UTC;0;989,7;989,9;989,7;;26,2;14,8;27;25,9;14,8;13,9;50;45;50;176;5,4;2,9;
2021/07/06;0400 UTC;0;989,2;989,8;989,2;;25,4;15,8;26,2;25,2;15,8;14,7;56;50;55;163;6,5;3,8;
2021/07/06;0500 UTC;0;988,9;989,2;988,9;;24,6;16,3;25,4;24,6;16,3;15,7;60;55;60;163;7;2,7;
2021/07/06;0600 UTC;0;988,9;988,9;988,8;;22,6;16,3;24,7;22,6;16,6;16,3;68;60;68;160;4,6;,8;
2021/07/06;0700 UTC;0;989,1;989,1;988,8;;21,8;17,5;22,6;21;17,5;16,3;77;68;77;203;2,3;,8;
2021/07/06;0800 UTC;0;989,3;989,3;989;;19,3;16,5;22,1;19,3;17,7;16,4;84;74;84;217;1,9;,5;
2021/07/06;0900 UTC;0;989,5;989,6;989,3;;21,6;17,3;21,8;19,3;18,4;16,5;86;76;77;195;2,9;1,4;
2021/07/06;1000 UTC;0;990,2;990,2;989,5;297,8;22,9;17,4;23;21,6;17,8;17,2;77;71;71;192;3,6;1,4;
2021/07/06;1100 UTC;0;990,6;990,6;990,2;1098,3;24,9;16,9;25,2;22,9;17,8;16,9;71;61;61;168;3,4;2,2;
2021/07/06;1200 UTC;0;990,7;990,8;990,6;1878,1;26,3;16,1;26,5;24,9;17,3;16,1;62;53;53;180;4,4;2,4;
2021/07/06;1300 UTC;0;990,4;990,7;990,4;2541;28,4;15,8;28,4;26,1;16,6;15,5;54;47;47;192;6;2,9;
2021/07/06;1400 UTC;0;989,5;990,4;989,5;2944,8;29,9;15,5;29,9;27,8;16;14,8;47;41;42;209;6;1,5;
2021/07/06;1500 UTC;0;988,3;989,5;988,3;3127,5;30,8;14,1;30,9;29,4;15,6;13,7;42;35;36;186;6,1;2,1;
2021/07/06;1600 UTC;0;987,3;988,3;987,3;3099,8;31,8;12,7;32,2;30,6;14;12,4;36;30;31;169;6,2;2,5;
2021/07/06;1700 UTC;0;986,3;987,3;986,3;2846,5;32,5;12,2;32,9;31,4;13,5;11,9;32;28;29;203;5,7;2,3;
2021/07/06;1800 UTC;0;985,8;986,3;985,8;2332,7;33,1;12;33,8;32,3;12,8;11,5;30;26;28;215;6,2;2,3;
2021/07/06;1900 UTC;0;985,6;985,8;985,6;1596,5;32,8;11,9;33,6;32,4;12,6;11,3;29;27;28;178;5,4;1;
2021/07/06;2000 UTC;0;985,5;985,6;985,5;628,8;31,8;11,1;32,9;31,5;12,3;10,9;30;27;28;152;4,5;2,7;
2021/07/06;2100 UTC;0;986,1;986,1;985,5;91,5;29;12,1;31,9;28,4;12,8;11;38;28;35;156;4,5;1,8;
2021/07/06;2200 UTC;0;986,5;986,5;986,1;;27,5;14,1;29,1;25,9;14,5;12;49;35;44;184;2,8;1,9;
2021/07/06;2300 UTC;0;986,9;986,9;986,5;;26,8;14,2;27,7;26,8;14,7;13;46;41;46;192;3,6;1,6;
2021/07/07;0000 UTC;0;987,3;987,3;986,9;;26,4;14,9;27;26,2;15;14,3;50;46;49;195;3;1,6;
2021/07/07;0100 UTC;0;987,5;987,5;987,3;;26,9;14,4;27,3;26,4;14,9;14,4;49;46;46;174;4,8;2,4;
2021/07/07;0200 UTC;0;987,8;987,8;987,4;;22,7;15,6;27;22,5;15,7;14,3;65;46;64;317;4,6;,5;
2021/07/07;0300 UTC;0;988;988,1;987,8;;21,8;15,8;24,9;21,7;16,5;15;69;59;69;120;2,4;,1;
2021/07/07;0400 UTC;0;987,7;988;987,7;;20;16,6;21,8;20;16,8;15,5;81;69;81;16;1,8;,5;
2021/07/07;0500 UTC;0;987,4;987,7;987,3;;20;16,4;20,4;19,1;16,9;16;83;79;80;184;1,6;,2;
2021/07/07;0600 UTC;0;987,2;987,4;987,2;;20,3;16,7;20,7;19,7;17;16;81;77;80;165;3,1;,8;
2021/07/07;0700 UTC;0;987,7;987,7;987,2;;19,3;17;20,4;18,9;17;16;86;79;86;1;2,3;,8;
2021/07/07;0800 UTC;0;988;988;987,6;;18,1;16;19,3;18;16,9;15,7;87;85;87;277;1,6;0;
2021/07/07;0900 UTC;0;988,2;988,3;988;;18,3;16,3;18,9;18,1;16,9;16;89;87;88;271;1,5;,3;
2021/07/07;1000 UTC;0;988,9;988,9;988,2;306,4;23,4;18,5;23,4;18,3;19,1;16,2;89;74;74;74;1,8;0;
2021/07/07;1100 UTC;0;989,2;989,2;988,9;1100,3;26,5;17,5;26,5;23,4;18,7;17;74;58;58;100;2;,4;
2021/07/07;1200 UTC;0;989,5;989,5;989,2;1900,3;27;16,3;27,9;26,2;17,4;16,1;58;50;52;176;6,6;4,1;
2021/07/07;1300 UTC;0;989,3;989,5;989,3;2332,1;28;16,7;29,5;26,9;17,3;15,9;53;46;50;201;6,7;3;
2021/07/07;1400 UTC;0;988,8;989,3;988,8;1909,3;29,6;16,9;29,6;27,6;16,9;16;51;46;46;169;6,8;3,5;
2021/07/07;1500 UTC;0;987,9;988,8;987,9;2206,5;29,9;15,9;30,2;28,5;16,9;15,3;47;41;43;163;10,3;3,6;
2021/07/07;1600 UTC;0;986,8;987,9;986,8;2073,9;31;15,2;31,4;29,1;16,4;14,5;45;37;39;170;7,2;3,3;
2021/07/07;1700 UTC;0;985,5;986,8;985,5;2150,8;31,2;14,4;32,6;30,1;15,6;13,9;41;34;36;199;6,8;1,7;
2021/07/07;1800 UTC;0;985;985,5;985;1763;32;13,5;32,3;30,7;15;13,3;38;32;33;197;7,4;2,7;
2021/07/07;1900 UTC;0;985;985,1;984,8;1387,4;30,8;13,6;32,7;30,8;14,5;13,1;35;32;35;159;7,3;3;
2021/07/07;2000 UTC;0;985,3;985,4;985;697,8;30,8;14,6;31,7;30,3;14,9;13,5;37;34;37;139;6,6;1,7;
2021/07/07;2100 UTC;0;985,7;985,7;985,3;52,9;28;14,9;30,8;28;15;14;45;36;45;165;4,5;1,3;
2021/07/07;2200 UTC;0;986,1;986,1;985,7;;25,8;15,9;28,1;25,7;16,4;14,8;56;45;54;198;1,9;1;
2021/07/07;2300 UTC;0;986,7;986,7;986,1;;25,5;16,4;26,2;24,8;16,9;15,9;61;54;57;191;2,8;1,3;
2021/07/08;0000 UTC;0;987,3;987,4;986,7;;25,5;15,9;26,4;25,5;16,4;15,7;57;52;55;205;3,3;1,3;
2021/07/08;0100 UTC;0;987,8;987,8;987,3;;26,1;16,3;26,8;25,5;16,4;15,9;56;53;55;200;4,9;1,8;
2021/07/08;0200 UTC;0;988,1;988,2;987,8;;23,9;16,9;26,5;23,4;16,9;16,2;65;53;65;54;4,3;,7;
2021/07/08;0300 UTC;0;988,2;988,2;988,1;;24,2;16,6;24,4;22;17,5;16,6;73;63;63;155;3,4;1,3;
2021/07/08;0400 UTC;0;988;988,2;988;;24,7;16,8;25,5;24;16,9;16,5;63;58;62;134;4,7;2,4;
2021/07/08;0500 UTC;0;987,6;988;987,6;;24,7;17,1;24,9;24,5;17,2;16,8;63;61;63;167;6,4;3,5;
2021/07/08;0600 UTC;0;987,3;987,6;987,3;;23,3;17,2;24,7;23,3;17,4;17,1;69;63;69;203;7,2;2;
2021/07/08;0700 UTC;0;987,3;987,4;987,2;;20,7;17,4;23,3;20,7;17,9;17,1;81;69;81;160;3,4;,2;
2021/07/08;0800 UTC;0;987,2;987,3;987,2;;20,2;17,4;21,5;20;18,1;17;84;79;84;166;1,9;,4;
2021/07/08;0900 UTC;0;987,8;987,8;987,2;;20,8;17,7;21,2;19,7;18,5;17,2;88;82;82;194;3,1;,5;
2021/07/08;1000 UTC;0;988,7;988,7;987,8;165,7;21,5;18,5;21,5;20,2;18,5;17,1;86;82;83;259;2,1;0;
2021/07/08;1100 UTC;0;989,2;989,2;988,7;861,2;25,6;18,2;25,6;21,5;19,1;17,6;83;64;64;170;3,4;1,1;
2021/07/08;1200 UTC;0;989,5;989,6;989,2;1539,5;25,5;16,5;26,4;24,9;18,3;16,3;64;55;57;169;8;3,6;
2021/07/08;1300 UTC;0;989,7;989,8;989,5;2191,2;27,3;16,2;27,7;25,2;17,1;15,7;59;50;51;130;8,1;3,7;
2021/07/08;1400 UTC;0;989,2;989,8;989,1;2696,8;29,2;16,2;29,3;26,5;17,1;15,5;54;45;45;166;7,5;3,4;
2021/07/08;1500 UTC;0;988,6;989,2;988,6;2215,1;30,1;15;30,3;28;16,4;15;49;40;40;157;7,3;3,4;
2021/07/08;1600 UTC;0;987,6;988,6;987,5;2835,3;30,5;14,8;31,6;29,1;16,1;14,3;44;37;39;187;7;3;
2021/07/08;1700 UTC;0;986,6;987,6;986,6;2477,3;30,4;14,4;31,7;30;15,4;13,9;40;35;38;162;6,8;4,1;
2021/07/08;1800 UTC;0;986,2;986,6;986,2;1255,7;30;14,7;30,7;30;15,4;13,9;40;37;39;149;9,1;3,9;
2021/07/08;1900 UTC;0;986,1;986,2;986;1104,3;30,4;15;30,5;29,5;15,4;14,6;41;39;39;164;7,9;2,8;
2021/07/08;2000 UTC;0;986,2;986,2;986,1;952;29,5;14,1;30,5;29,5;15,1;14,1;40;38;39;164;6,3;2,7;
2021/07/08;2100 UTC;0;986,5;986,5;986,2;123,8;27,7;14,5;29,5;27,7;14,5;13,9;45;39;45;169;5,7;1,8;
2021/07/08;2200 UTC;0;986,9;986,9;986,5;;26,2;15;27,7;26;15,1;14,5;50;44;50;188;3,7;1,3;
2021/07/08;2300 UTC;0;987,4;987,4;986,9;;22,3;16,9;26,2;22,3;16,9;15;72;50;72;246;2,1;0;
2021/07/09;0000 UTC;0;987,7;987,7;987,4;;24,9;17;24,9;21,6;17,6;16,8;74;62;62;215;2,5;1,5;
2021/07/09;0100 UTC;0;988,2;988,2;987,8;;22,2;17,1;25;21,8;17,7;16,1;75;59;73;337;3,5;0;
2021/07/09;0200 UTC;0;988,7;988,7;988,2;;21,8;17,3;23,2;21;17,4;16,3;79;67;75;53;1,9;,7;
2021/07/09;0300 UTC;0;988,6;988,7;988,6;;25,4;16,5;25,7;21,1;17,8;16,5;77;57;58;158;5,2;3;
2021/07/09;0400 UTC;0;988,4;988,6;988,3;;24,9;16,7;25,5;24,7;16,7;16,4;60;57;60;154;7,8;2,8;
2021/07/09;0500 UTC;0;987,8;988,4;987,8;;24,1;16,8;24,9;24,1;16,8;16,5;63;60;63;168;6,7;4,2;
2021/07/09;0600 UTC;0;987,8;987,8;987,7;;23,5;16,8;24,1;23,5;16,9;16,7;66;63;66;158;7;4,1;
2021/07/09;0700 UTC;0;987,8;987,9;987,7;;23,1;16,9;23,5;23;16,9;16,8;68;66;68;160;7;2,8;
2021/07/09;0800 UTC;0;988,3;988,3;987,8;;22,6;16,9;23,1;22,5;17;16,8;70;68;70;156;4,2;1,8;
2021/07/09;0900 UTC;0;988,6;988,6;988,2;;21,2;16,4;22,6;21,2;16,9;16,4;74;70;74;158;3,1;,5;
2021/07/09;1000 UTC;0;989;989;988,6;294,2;23,5;16,5;23,7;20,2;17,9;16,3;81;64;65;161;3;1,1;
2021/07/09;1100 UTC;0;989,5;989,5;989;1011,1;24,9;16,3;24,9;23,4;16,8;16,2;66;59;59;146;6,4;3;
2021/07/09;1200 UTC;0;989,7;989,7;989,5;1866,1;26,3;15,3;26,5;24,8;16,7;15,1;59;50;51;139;8,2;4,2;
2021/07/09;1300 UTC;0;989,5;989,8;989,5;2538,2;27,9;15,8;27,9;26,3;16;15;51;47;48;145;8,2;4;
2021/07/09;1400 UTC;0;988,8;989,5;988,7;2947,9;29,6;15,1;29,8;27,5;16,1;14,8;48;41;41;156;7,9;3,3;
2021/07/09;1500 UTC;0;988,2;988,8;988,2;2882,2;30,9;15,6;31,5;29;16,1;14,1;43;36;40;132;7,2;3,8;
2021/07/09;1600 UTC;0;986,8;988,2;986,8;3085,6;32,1;14,2;32,5;30,5;15,6;13,9;39;33;34;88;8,9;3,6;
2021/07/09;1700 UTC;0;985,7;986,8;985,7;2480,1;32,6;13,8;33,2;31,4;14,8;12,9;35;30;32;85;7,8;1,8;
2021/07/09;1800 UTC;0;985,3;985,8;985,3;2351,5;33;14;33;30,9;14,4;13,2;36;31;32;70;7,6;2,3;
2021/07/09;1900 UTC;0;985;985,3;985;965,8;31,7;13,9;33,5;30,8;15,2;13,5;38;31;34;88;5;0;
2021/07/09;2000 UTC;0;985;985;984,9;833,2;31,9;13,5;32,4;31,7;14,5;13,2;35;32;33;116;6,1;1,5;
2021/07/09;2100 UTC;0;985,4;985,4;985;122,8;29,1;14,8;31,9;29,1;15,4;13;43;33;42;108;5,5;0;
2021/07/09;2200 UTC;0;985,8;985,8;985,4;;25,8;17,3;29,1;25,8;17,4;14,8;59;41;59;128;0;0;
2021/07/09;2300 UTC;0;986,5;986,5;985,8;;25,5;17,8;25,9;25;17,8;16,6;63;57;63;144;0;0;
2021/07/10;0000 UTC;0;987,3;987,3;986,5;;25,7;17,1;25,7;25,2;18,6;17,1;66;59;59;104;0;0;
2021/07/10;0100 UTC;0;987,9;987,9;987,3;;26,9;14,8;26,9;25,7;17,1;14,8;59;47;47;104;4,6;,5;
2021/07/10;0200 UTC;0;988,2;988,2;987,9;;27,5;14,3;27,9;26,9;14,7;14,2;47;43;45;114;7,3;3,6;
2021/07/10;0300 UTC;0;988,3;988,4;988,2;;26,4;15;27,5;26,4;15;14,3;49;45;49;115;7,7;2,8;
2021/07/10;0400 UTC;0;988,1;988,3;988,1;;22,4;15,8;26,4;22,4;15,8;15;66;49;66;97;4,4;,2;
2021/07/10;0500 UTC;0;987,9;988,1;987,9;;20,5;16,2;22,4;20,5;16,5;15,7;76;66;76;130;1,5;0;
2021/07/10;0600 UTC;0;987,7;987,9;987,7;;19,7;16,2;20,9;19,7;16,9;16;80;76;80;72;1;0;
2021/07/10;0700 UTC;0;987,4;987,7;987,3;;18,7;15,9;19,7;18,6;16,3;15,7;84;80;84;154;0;0;
2021/07/10;0800 UTC;0;987,6;987,6;987,4;;18,2;16;18,8;18,1;16,3;15,6;87;84;87;341;0;0;
2021/07/10;0900 UTC;0;987,8;987,8;987,5;;17,9;16,1;18,2;17,7;16,3;15,7;89;87;89;355;0;0;
2021/07/10;1000 UTC;0;988,5;988,5;987,8;285,8;22,5;17,3;22,5;18;18;16,1;89;73;73;96;0;0;
2021/07/10;1100 UTC;0;989,2;989,2;988,5;1072,5;25,5;16,5;25,6;22,5;17,4;16,5;73;58;58;80;3,9;1,1;
2021/07/10;1200 UTC;0;989,4;989,5;989,2;1942,1;26,9;16,4;27,3;25,5;17;16,1;58;51;53;124;6,6;3,2;
2021/07/10;1300 UTC;0;989,3;989,5;989,3;2537,7;28,2;15,9;28,2;26,9;16,8;15,9;53;47;47;134;8,7;3,6;
2021/07/10;1400 UTC;0;988,7;989,2;988,7;2936,6;29,6;15,5;30,1;28;16,7;14,7;48;42;43;128;6,8;2,5;
2021/07/10;1500 UTC;0;987,7;988,7;987,7;3112,1;31;15,1;31,7;29,1;15,9;14,2;43;35;38;92;6,8;1,8;
2021/07/10;1600 UTC;0;986,5;987,7;986,5;3107,7;32,1;13,8;32,9;30,6;15,6;13,7;39;33;33;139;7,4;3,1;
2021/07/10;1700 UTC;0;985,4;986,5;985,4;2637,3;32,8;14,2;33;31,9;14,3;12,6;34;30;33;143;6,6;1,9;
2021/07/10;1800 UTC;0;984,5;985,4;984,4;2218,2;33,4;13,3;34;31,7;14,5;12,4;33;28;30;174;5,4;2,1;
2021/07/10;1900 UTC;0;984,2;984,5;984,2;1410,1;32,6;12,6;33,6;31,9;13,6;12;32;27;30;154;7;2;
2021/07/10;2000 UTC;0;984,3;984,3;984,2;803,7;32;12,8;34;31,9;13,9;12,1;33;27;31;132;4,6;1,4;
2021/07/10;2100 UTC;0;984,6;984,6;984,3;90;27,9;15,9;32,3;27,9;15,9;12,3;48;30;48;187;4,1;,4;
2021/07/10;2200 UTC;0;985,2;985,2;984,7;;26,8;17,5;27,9;26,6;17,7;15,1;57;47;57;205;1,4;0;
2021/07/10;2300 UTC;0;986;986;985,2;;27,9;16,7;28,1;26,6;18,3;16,7;59;51;51;216;0;0;
2021/07/11;0000 UTC;0;986,6;986,6;986;;28,2;16,6;28,5;27,7;17,4;14,8;53;43;49;198;2,7;,7;
2021/07/11;0100 UTC;0;987,7;987,7;986,6;;28,1;16,6;28,7;28;17,7;14,3;54;42;50;151;6,1;3,4;
2021/07/11;0200 UTC;0;988,2;988,2;987,7;;27,1;17,6;28,1;27,1;17,6;16,7;56;50;56;149;6,8;3,7;
2021/07/11;0300 UTC;0;988,3;988,4;988,2;;26,4;17,2;27,1;26,4;17,6;17,2;58;56;57;142;8;3,4;
2021/07/11;0400 UTC;0;988,2;988,4;988,1;;25,1;17,3;26,4;25,1;17,3;17,2;62;57;62;135;6,9;0;
2021/07/11;0500 UTC;0;987,6;988,2;987,6;;24,1;17,3;25,1;24,1;17,4;17,2;66;62;66;145;3,9;1,6;
2021/07/11;0600 UTC;0;987,4;987,7;987,4;;22,9;17,1;24,1;22,9;17,4;17,1;70;66;70;119;3;0;
2021/07/11;0700 UTC;0;987,5;987,6;987,4;;21;17,3;22,9;20,7;17,5;16,9;80;70;79;218;0;0;
2021/07/11;0800 UTC;0;987,8;987,8;987,5;;19,9;17,3;21;19,8;17,5;17;85;79;85;175;0;0;
2021/07/11;0900 UTC;0;988,2;988,2;987,8;;22,9;17;23,1;19,8;18,4;17;86;69;70;161;3,9;2,1;
2021/07/11;1000 UTC;0;988,9;988,9;988,2;334,3;24,4;16,8;24,4;22,9;17,2;16,8;70;63;63;148;3,7;1,2;
2021/07/11;1100 UTC;0;989,9;989,9;988,9;827,3;25;16,6;25,6;24,4;17;16,2;63;57;60;147;6,9;4;
2021/07/11;1200 UTC;0;990;990,1;989,9;1563,5;27,3;17;27,3;25;17;16,1;60;53;53;131;7,3;3,5;
2021/07/11;1300 UTC;0;989,8;990,1;989,8;2414,6;27,7;16,6;28,3;27;17,2;16,3;53;50;51;156;8,1;4,3;
2021/07/11;1400 UTC;0;989,3;989,8;989,2;2598,5;29;16,8;29,6;27,4;17,3;15,9;51;45;48;172;8,1;2,4;
2021/07/11;1500 UTC;0;988,4;989,3;988,4;2103,2;30,2;16,4;30,6;28,4;17,3;15,9;49;42;43;116;8,6;2,7;
2021/07/11;1600 UTC;0;987,5;988,4;987,5;2158,1;30,9;15,6;31,6;29,9;16,8;14,9;44;38;40;130;6,2;1,4;
2021/07/11;1700 UTC;0;986,5;987,5;986,5;2088,2;32,7;15,4;32,7;30,4;16;14,5;40;35;35;137;8,2;1,3;
2021/07/11;1800 UTC;0;986,1;986,5;986;2130,6;31,3;14,5;32,9;31,2;15,6;14,1;38;34;36;152;7,5;4,1;
2021/07/11;1900 UTC;0;985,7;986,1;985,7;952,9;31,4;14,6;31,7;30,9;16;14,3;41;35;36;148;7,5;,9;
2021/07/11;2000 UTC;0;985,9;985,9;985,7;353,4;30,5;15,4;31,6;30,5;15,8;13,6;41;34;40;126;4,5;0;
2021/07/11;2100 UTC;0;986;986;985,9;39,5;27,3;18,6;30,5;27,3;18,7;15,5;59;40;59;129;0;0;
2021/07/11;2200 UTC;0;986,3;986,3;986;;27,4;17,1;28,7;27;18,5;16,1;59;46;53;109;6,1;,9;
2021/07/11;2300 UTC;0;986,9;986,9;986,3;;26,2;18,3;27,6;26,2;18,5;17,1;62;53;62;149;1,6;0;
2021/07/12;0000 UTC;0;987,5;987,5;986,9;;27,9;17;27,9;26;19,5;16,9;67;51;51;174;2,4;1;
2021/07/12;0100 UTC;0;988;988;987,5;;28;15,3;28,6;27,7;16,8;15,2;52;44;46;161;6,5;2,7;
2021/07/12;0200 UTC;0;988,2;988,3;988;;26,9;16,2;28;26,9;16,3;15,4;52;46;52;142;7,6;4,4;
2021/07/12;0300 UTC;0;988,4;988,4;988,2;;25,8;16,7;26,9;25,7;16,7;16,3;57;52;57;152;7,6;,7;
2021/07/12;0400 UTC;0;988,1;988,5;988,1;;25;16,7;25,8;25;16,8;16,6;60;57;60;161;6,6;2,4;
2021/07/12;0500 UTC;0;987,5;988,1;987,5;;24,3;16,8;25;24,3;16,9;16,7;63;60;63;157;6,3;2;
2021/07/12;0600 UTC;0;987,3;987,6;987,3;;23,9;16,5;24,6;23,9;16,8;16,5;64;62;63;158;5,4;1,8;
2021/07/12;0700 UTC;0;987,3;987,3;987,1;;23,3;16,6;24;23,3;16,8;16,5;66;63;66;147;5,5;,6;
2021/07/12;0800 UTC;0;987,6;987,6;987,3;;23,2;16,8;23,6;22,8;16,8;16,5;68;66;67;164;5,1;1,1;
2021/07/12;0900 UTC;0;987,9;988;987,5;;21,8;16,7;23,2;21,7;16,8;16,4;73;67;73;132;4,9;,9;
2021/07/12;1000 UTC;0;988,9;988,9;987,9;296,6;23,6;16,5;23,6;21,8;17,1;16,4;73;64;64;167;3,8;2,1;
2021/07/12;1100 UTC;0;989,3;989,3;988,9;1122,3;25,2;15,5;25,4;23,6;16,6;15,5;64;55;55;156;9,8;3,9;
2021/07/12;1200 UTC;0;989,5;989,6;989,3;2101,7;26,3;15,6;26,8;25,2;16,1;15,4;56;51;52;165;9,8;4,8;
2021/07/12;1300 UTC;0;989,4;989,6;989,4;2126;27,2;15,7;28,2;26,2;16,5;15,6;52;47;50;157;8,3;4,2;
2021/07/12;1400 UTC;0;989;989,5;989;1945,1;29,8;16;29,8;27,2;16,4;15,5;50;43;43;160;9,1;2,9;
2021/07/12;1500 UTC;0;988,1;989;988;2036;30,4;15,1;31;28,9;16,2;14,3;45;37;40;151;8,5;3,4;
2021/07/12;1600 UTC;0;987,1;988,1;987,1;2109,4;30,8;13,8;32,3;29,9;15,2;13,5;40;34;36;151;7,9;3;
2021/07/12;1700 UTC;0;986,2;987,1;986,1;1755,9;31,5;13,8;32,7;30,6;15,1;13,2;38;32;34;145;8,3;4,3;
2021/07/12;1800 UTC;0;985,9;986,2;985,9;1782,6;32,2;12,5;33,2;31,1;14;12,5;34;30;30;155;8,4;3,3;
2021/07/12;1900 UTC;0;985,9;985,9;985,8;1217,4;32,4;12,7;33,1;31,2;13,5;12,1;32;30;30;108;7,6;2,9;
2021/07/12;2000 UTC;0;986;986;985,8;847,6;31,9;11,5;32,5;31,8;13,5;11,4;32;28;29;140;7,1;3,1;
2021/07/12;2100 UTC;0;986,5;986,5;986;86,8;30,3;12,9;32;30,3;12,9;11,5;34;28;34;161;9,1;,5;
2021/07/12;2200 UTC;0;987,2;987,2;986,5;;29,4;13,1;30,3;29,2;13,2;12,7;38;34;37;156;4,2;2,4;
2021/07/12;2300 UTC;0;988,1;988,1;987,2;;28,6;13,3;29,4;28,6;13,4;13,1;39;37;39;146;5,1;1,7;
2021/07/13;0000 UTC;0;988,9;988,9;988,1;;28;13,8;28,8;28;13,8;13,3;42;39;42;150;5,8;1,8;
2021/07/13;0100 UTC;0;989,7;989,7;988,9;;27,3;14,7;28,1;27,3;14,7;13,8;46;42;46;154;6,8;3,6;
2021/07/13;0200 UTC;0;989,9;989,9;989,7;;26,5;14,7;27,3;26,5;14,8;14,6;48;46;48;147;9,6;4,2;
2021/07/13;0300 UTC;0;989,9;990;989,9;;25,7;15,2;26,6;25,4;15,2;14,7;53;48;52;150;6,6;2,7;
2021/07/13;0400 UTC;0;989,3;989,9;989,3;;25,1;15,3;25,7;24,9;15,6;15,2;56;52;55;136;4,8;0;
2021/07/13;0500 UTC;0;989,1;989,3;989,1;;24,3;14,7;25,1;24,3;15,3;14,7;55;53;55;123;6,3;0;
2021/07/13;0600 UTC;0;988,9;989,1;988,8;;24,2;14,7;24,5;24;14,9;14,7;56;55;56;133;7,2;2,7;
2021/07/13;0700 UTC;0;988,9;988,9;988,7;;23,5;14,8;24,3;23,1;14,8;14,6;59;55;58;156;5,5;2,2;
2021/07/13;0800 UTC;0;989,3;989,3;988,9;;22,7;14,8;23,6;22,6;15,1;14,6;62;58;61;158;5,4;1,4;
2021/07/13;0900 UTC;0;989,4;989,4;989,2;;22,4;14,9;23,1;22;15;14,6;63;60;63;162;4;1,5;
2021/07/13;1000 UTC;0;990;990;989,4;111,7;22,8;14,5;23;22,1;14,9;14,3;63;58;59;168;4;1,7;
2021/07/13;1100 UTC;0;990,6;990,6;989,9;587,2;24,2;14,4;24,4;22,7;14,9;14,3;61;54;54;147;5,6;2,1;
2021/07/13;1200 UTC;0;990,9;990,9;990,6;2173,6;26,5;14,8;26,7;24,2;15,1;14,2;55;48;49;142;8,5;4,1;
2021/07/13;1300 UTC;0;990,6;990,9;990,4;2905,7;27,2;14,7;28,2;26,2;15,2;14,1;49;44;46;190;8,5;4,1;
2021/07/13;1400 UTC;0;989,8;990,6;989,8;3007,3;29,3;14,1;29,6;27,3;15,2;13,5;46;38;39;162;7,1;3,3;
2021/07/13;1500 UTC;0;988,6;989,8;988,6;2926;30,8;13,7;30,8;29;14,8;13;40;34;35;162;9,8;2,8;
2021/07/13;1600 UTC;0;987,7;988,6;987,7;3038,2;32,6;11,8;32,7;30,7;13,8;11,2;36;27;28;152;9,1;3,3;
2021/07/13;1700 UTC;0;986,4;987,7;986,4;2841,4;32,5;11;33,4;32;12,1;10,1;29;25;27;129;9;4;
2021/07/13;1800 UTC;0;985,8;986,5;985,8;2332,3;33,3;10;33,5;32,5;11,5;9,6;27;24;24;147;9;3,7;
2021/07/13;1900 UTC;0;985,7;985,9;985,6;1610,4;33,1;10,5;33,6;32,7;10,9;9,6;26;24;25;156;7,8;3;
2021/07/13;2000 UTC;0;985,9;985,9;985,7;778,4;32,1;11;33,1;32,1;11;10,1;27;25;27;175;6,5;2,7;
2021/07/13;2100 UTC;0;986,3;986,3;985,9;102,6;30,1;10,7;32,1;30,1;10,8;10,5;30;27;30;164;6;1,9;
2021/07/13;2200 UTC;0;986,8;986,8;986,3;;28,7;11,2;30,4;28,2;11,3;10,5;35;29;34;165;4,4;1,3;
2021/07/13;2300 UTC;0;987,2;987,2;986,8;;25,1;14,7;28,7;25,1;14,7;11,2;52;34;52;184;3,1;1,2;
2021/07/14;0000 UTC;0;988,2;988,2;987,2;;27,6;13,4;27,6;24,4;15,8;13,4;59;42;42;154;5,6;2,5;
2021/07/14;0100 UTC;0;988,8;988,8;988,3;;27,7;11,2;28,4;27,7;13,3;11,2;40;34;36;151;9,3;3,4;
2021/07/14;0200 UTC;0;989,1;989,1;988,8;;26,9;12,8;28;26,9;12,8;10,6;42;34;42;145;9,3;4,3;
2021/07/14;0300 UTC;0;989,2;989,3;989,1;;25,6;14,3;26,9;25,3;14,4;12,8;50;42;50;135;7,2;3,1;
2021/07/14;0400 UTC;0;989;989,4;989;;25;14,7;25,6;24,9;14,9;14,3;53;50;53;133;6,6;3,3;
2021/07/14;0500 UTC;0;989;989,1;988,9;;24;14,9;25;23,8;14,9;14,7;57;53;57;140;5,8;1,8;
2021/07/14;0600 UTC;0;988,3;989,1;988,3;;23,5;14,2;24,2;23,5;14,9;14,2;57;55;56;154;6,3;2,4;
2021/07/14;0700 UTC;0;988,5;988,5;988,2;;22,2;13,8;23,6;22,2;14,3;13,8;59;55;59;132;4,2;1,9;
2021/07/14;0800 UTC;0;988,5;988,6;988,4;;22,5;13,3;23;21,7;14;13,3;61;55;56;137;5,7;2,5;
2021/07/14;0900 UTC;0;988,5;988,7;988,4;;21,8;14,1;22,5;21,4;14,1;13,3;62;56;62;142;5,6;1,8;
2021/07/14;1000 UTC;0;988,7;988,7;988,5;295,9;21,9;14,4;22,2;20,5;15,2;13,7;67;61;63;310;3,6;1;
2021/07/14;1100 UTC;0;989,1;989,1;988,6;1108,5;24,8;14,8;24,9;21,9;15,3;14,5;63;53;54;150;7,1;4,1;
2021/07/14;1200 UTC;0;989,3;989,4;989,1;1922,3;26,4;14,8;27;24,8;15,5;14,6;54;48;49;126;7,1;3,4;
2021/07/14;1300 UTC;0;989;989,3;989;2566;28,3;14,7;28,3;26,4;15,4;14,3;50;43;43;157;9,8;3,8;
2021/07/14;1400 UTC;0;988,3;989;988,3;2973,9;29,8;13,8;30,1;27,7;15;13,8;44;38;38;149;9,7;4,2;
2021/07/14;1500 UTC;0;987,2;988,3;987,2;3154,6;31,2;13,2;31,3;29,5;14,1;12,8;38;33;33;159;9,7;1,3;
2021/07/14;1600 UTC;0;986,2;987,2;986,2;3108,1;32,3;11,8;33,2;31;13,6;11,5;34;27;28;113;7,9;3,7;
2021/07/14;1700 UTC;0;985,2;986,2;985,1;2856,6;33,1;11,7;33,7;32,3;12,5;10,6;29;26;27;128;9,3;4;
2021/07/14;1800 UTC;0;984,7;985,3;984,7;2356,4;33,8;11,9;34,3;32,9;12,6;10,4;29;24;26;121;9,3;3,4;
2021/07/14;1900 UTC;0;984,5;984,7;984,4;1320,6;33,5;11,2;34,2;32,4;12,2;10,9;28;25;26;152;7,4;3,1;
2021/07/14;2000 UTC;0;984,6;984,6;984,4;787,3;32,5;11,3;33,9;32,5;11,6;10,6;28;25;27;149;7,2;1,9;
2021/07/14;2100 UTC;0;984,8;984,8;984,5;65,2;30,1;15,1;32,7;30,1;15,1;11;40;27;40;139;3,6;,2;
2021/07/14;2200 UTC;0;985,4;985,4;984,8;;29,9;13,7;30,1;28,5;16,4;12,7;48;35;37;124;2,6;1;
2021/07/14;2300 UTC;0;985,9;985,9;985,4;;27,9;15,7;29,9;27,8;16,9;13,1;51;36;48;113;2,6;,9;
2021/07/15;0000 UTC;0;986,5;986,5;985,9;;30,7;12,8;30,9;27,8;17,6;12,7;54;33;34;139;5,6;3,1;
2021/07/15;0100 UTC;0;987,1;987,1;986,5;;29,7;13,7;30,8;29,7;13,7;12,8;38;33;38;135;5,7;1,8;
2021/07/15;0200 UTC;0;987,4;987,4;987,1;;28,5;14,9;29,9;28,5;14,9;13,7;44;37;44;157;5,5;2,8;
2021/07/15;0300 UTC;0;987,6;987,6;987,4;;27;16,3;28,5;26,9;16,3;14,9;52;43;52;122;5,9;2,9;
2021/07/15;0400 UTC;0;987,3;987,7;987,3;;25,8;16,1;27;25,8;16,3;16,1;55;52;55;131;5,7;2,9;
2021/07/15;0500 UTC;0;987,4;987,4;987,2;;24,9;16,2;25,8;24,9;16,2;16,1;59;55;59;142;6,2;2;
2021/07/15;0600 UTC;0;987,1;987,4;987,1;;24,3;16,3;25,1;24,3;16,4;16,1;61;58;61;160;6,2;1,8;
2021/07/15;0700 UTC;0;987,2;987,2;987;;23,5;16,6;24,4;23,5;16,7;16,3;65;61;65;144;3,6;1,7;
2021/07/15;0800 UTC;0;987,7;987,7;987,2;;23,6;16,5;23,8;23,3;16,7;16,4;66;64;65;150;4,1;2,4;
2021/07/15;0900 UTC;0;988,1;988,1;987,6;;22,3;16,4;23,6;22,3;16,6;16,2;69;65;69;157;3,8;,7;
2021/07/15;1000 UTC;0;988,7;988,7;988,1;291,1;24,1;16,2;24,1;22,3;16,6;16,2;69;61;61;147;3,5;1,8;
2021/07/15;1100 UTC;0;989,5;989,5;988,7;1077,1;25,3;16,1;25,7;24,1;16,5;15,9;61;56;57;172;7,8;4,3;
2021/07/15;1200 UTC;0;989,8;990;989,5;1546;25,9;16,1;26,5;25,1;16,6;15,6;57;53;55;168;11,3;6,1;
2021/07/15;1300 UTC;0;989,7;989,9;989,7;1678,1;27,1;16,1;27,2;25,8;16,7;15,5;55;51;51;145;11,3;4,8;
2021/07/15;1400 UTC;0;988,9;989,7;988,9;2743,6;29,8;15,3;29,8;27,1;16,3;15,1;51;41;41;157;9,5;4,5;
2021/07/15;1500 UTC;0;988,1;988,9;988,1;2504,4;30;14,7;30,8;28,7;15,9;14,5;43;38;39;168;7,8;4;
2021/07/15;1600 UTC;0;987,2;988,1;987,2;2369,8;31,4;14,3;31,6;29,4;15,7;13,7;41;35;36;180;8,5;3,8;
2021/07/15;1700 UTC;0;986,2;987,2;986,2;2043,4;32;14,3;32,3;30,1;15;13,7;39;33;34;159;8;3,6;
2021/07/15;1800 UTC;0;985,9;986,3;985,8;1665,2;30,8;13,9;32,6;30,4;14,6;13,5;37;32;36;141;7,5;2,5;
2021/07/15;1900 UTC;0;985,6;985,9;985,6;1417,4;31,1;13,5;32,7;30,8;14,2;13,2;36;31;34;148;6,8;3,5;
2021/07/15;2000 UTC;0;985,8;985,8;985,6;373,1;30,6;14,3;31,1;30,6;14,3;13,4;37;34;37;171;6;2,5;
2021/07/15;2100 UTC;0;986,1;986,1;985,8;69,1;29,4;15,1;30,6;29,4;15,1;14,2;42;37;42;186;5,2;1,1;
2021/07/15;2200 UTC;0;986,4;986,4;986;;27,6;16,4;29,6;27,4;16,8;14,9;52;41;51;204;2,4;,7;
2021/07/15;2300 UTC;0;986,7;986,7;986,4;;26,4;16,3;28,7;26,4;16,3;15,1;54;43;54;210;2,9;,7;
2021/07/16;0000 UTC;0;986,9;987;986,7;;26,7;15,7;26,8;25,1;16,6;15,5;59;50;51;187;2,9;1,5;
2021/07/16;0100 UTC;0;987,3;987,3;987;;23;16,1;26,7;23;16,4;15,3;66;51;65;298;2,9;0;
2021/07/16;0200 UTC;0;987,4;987,4;987,3;;24,4;16,9;24,4;22,9;17,1;15,9;66;62;63;178;2,6;,8;
2021/07/16;0300 UTC;0;987,2;987,4;987,2;;26,2;16,7;26,2;24,1;17,1;16,1;63;56;56;163;4,7;2,7;
2021/07/16;0400 UTC;0;986,8;987,2;986,8;;25,4;17;26,2;25,3;17;16,5;60;56;60;165;6,5;3,2;
2021/07/16;0500 UTC;0;986,9;986,9;986,7;;24,5;17,2;25,4;24,5;17,3;17;64;60;64;162;6,8;2,3;
2021/07/16;0600 UTC;0;987,1;987,1;986,8;;24;17,5;24,6;23,7;17,6;17,2;68;64;67;149;7,4;3,7;
2021/07/16;0700 UTC;0;987,2;987,2;987;;23,4;17,3;24;23,3;17,5;17,3;69;67;69;152;7,4;3,2;
2021/07/16;0800 UTC;0;987,6;987,6;987,2;;22,8;17,3;23,5;22,7;17,4;17,2;71;68;71;166;5,9;1,7;
2021/07/16;0900 UTC;0;988,1;988,1;987,6;;20,5;17,3;22,8;20,4;17,4;16,7;82;71;82;313;3,1;,2;
2021/07/16;1000 UTC;0;988,5;988,5;988,1;302;22,8;17,9;22,8;20,3;17,9;17,1;83;74;74;305;1,7;0;
2021/07/16;1100 UTC;0;988,8;988,8;988,5;1043,8;25,7;16,7;26;22,8;18,2;16,7;74;57;58;191;2,6;,7;
2021/07/16;1200 UTC;0;989,1;989,1;988,8;1879;27,5;16,9;27,6;25,7;17,3;16,5;58;52;53;142;7,6;3,9;
2021/07/16;1300 UTC;0;988,9;989,1;988,9;1894,7;28;16,8;28,3;27,3;17,4;16,2;53;49;51;156;6,6;2,7;
2021/07/16;1400 UTC;0;988,3;988,9;988,3;2285,8;29,2;16,6;30,6;27,5;17,2;15,7;51;42;47;188;6,6;2,8;
2021/07/16;1500 UTC;0;987,4;988,3;987,4;1833,2;30,4;15,6;31,8;29;16,9;15,2;47;37;41;152;5,9;2,6;
2021/07/16;1600 UTC;0;986,5;987,4;986,5;2425,1;31,2;15,2;32,9;30,1;16,3;14,1;42;34;38;146;6,9;2,9;
2021/07/16;1700 UTC;0;985,8;986,5;985,8;1851,7;31,1;15,2;33,1;31;15,8;14,2;39;33;38;160;7,4;3,2;
2021/07/16;1800 UTC;0;985,3;985,8;985,2;1617,7;31,3;15;33,4;31;15,9;14,2;39;33;37;149;7,7;2,8;
2021/07/16;1900 UTC;0;985,1;985,3;985;1640,5;32,3;14,7;32,8;31,3;15,4;14,3;37;33;34;130;6,4;1,8;
2021/07/16;2000 UTC;0;985,4;985,4;985,1;808,3;31,7;14,4;33;31,7;15,1;13,8;35;33;35;163;5,8;2,4;
2021/07/16;2100 UTC;0;986;986;985,4;104;28,9;15,2;31,7;28,9;15,2;14,4;43;35;43;148;4;1,3;
2021/07/16;2200 UTC;0;986,3;986,3;986;;25,4;17;28,9;25,4;17;15,2;60;44;60;193;2,7;0;
2021/07/16;2300 UTC;0;986,8;986,8;986,3;;26,9;17,2;27,8;25,4;17,9;16;60;49;55;209;0;0;
2021/07/17;0000 UTC;0;987,3;987,3;986,8;;26,5;17,1;26,9;26,2;17,2;16,7;57;54;56;195;0;0;
2021/07/17;0100 UTC;0;987,8;987,8;987,3;;24;17,2;26,8;24;17,3;16,8;66;55;66;269;3,8;0;
2021/07/17;0200 UTC;0;988,3;988,3;987,8;;26,3;17,5;27;23,4;18;17;70;54;58;143;7,7;3,8;
2021/07/17;0300 UTC;0;988;988,3;988;;25,3;18,3;26,3;25,2;18,3;17,5;65;58;65;153;7,3;3;
2021/07/17;0400 UTC;0;988,3;988,3;988;;24,8;18,6;25,3;24,7;18,6;18,2;69;65;68;56;6,3;,4;
2021/07/17;0500 UTC;0;987,9;988,3;987,9;;24,9;18,4;24,9;24,6;18,8;18,4;70;67;67;130;4,1;1,9;
2021/07/17;0600 UTC;0;987,7;987,9;987,7;;24,7;18,3;24,9;24,7;18,4;18,3;68;67;67;161;4,7;,4;
2021/07/17;0700 UTC;0;987,9;987,9;987,7;;24,5;18,2;24,7;24,5;18,3;18,2;68;67;68;146;4,7;2,5;
2021/07/17;0800 UTC;0;988,1;988,1;987,8;;22,8;18,4;24,5;22,8;18,4;18,1;76;68;76;99;3,8;,1;
2021/07/17;0900 UTC;0;988,4;988,4;988,1;;22,2;18,7;22,8;22,2;18,8;18,4;81;76;81;149;1,8;,4;
2021/07/17;1000 UTC;0;989,2;989,2;988,4;184,1;24,4;19,1;24,4;22,2;19,3;18,7;81;72;72;71;1,2;0;
2021/07/17;1100 UTC;0;989,7;989,7;989,2;936,8;26,1;18,2;26,3;24,4;19,3;18,1;72;61;62;142;4,3;2,2;
2021/07/17;1200 UTC;0;989,7;989,8;989,6;1879;27,5;17,9;27,7;26;18,5;17,8;62;56;56;117;6,3;3,6;
2021/07/17;1300 UTC;0;989,6;989,7;989,5;2615,3;27,9;17,4;29;27,4;18,4;16,9;58;50;53;127;7,2;3;
2021/07/17;1400 UTC;0;989,2;989,6;989,2;2326,6;28,8;17,7;29,3;27,7;18,6;17,1;55;50;51;157;7,1;3,3;
2021/07/17;1500 UTC;0;988,5;989,2;988,5;2765,3;30;17,2;30,2;28,8;18,3;16,7;52;46;46;159;6,4;1,2;
2021/07/17;1600 UTC;0;987,4;988,5;987,4;2546,1;31;16,1;31,9;29,5;17,8;15,7;47;38;41;140;5,6;,1;
2021/07/17;1700 UTC;0;986,2;987,4;986,2;2634,9;32,2;14,8;32,8;30,3;16,5;14,8;43;35;35;202;6,7;,1;
2021/07/17;1800 UTC;0;985,2;986,2;985,2;2368,5;33,1;15,4;33,7;31,8;15,7;14,4;37;33;34;107;4,8;0;
2021/07/17;1900 UTC;0;985,2;985,2;985,1;1641,7;32,8;14,3;33,1;32,2;15,6;13,5;36;31;33;130;5,8;0;
2021/07/17;2000 UTC;0;985,4;985,4;985,2;803,4;31,9;14,3;33;31,7;14,7;13,1;35;30;34;119;3,3;0;
2021/07/17;2100 UTC;0;985,8;985,8;985,4;112,5;28;15,9;31,9;28;16,1;13,7;48;33;48;143;2,9;0;
2021/07/17;2200 UTC;0;986,4;986,4;985,8;;25;17,8;28;25;17,9;15,9;64;48;64;171;0;0;
2021/07/17;2300 UTC;0;987,3;987,3;986,4;;27,3;16,1;28,1;25;17,7;15,5;64;47;50;175;0;0;
2021/07/18;0000 UTC;0;988,1;988,1;987,3;;28,2;16,1;28,3;25,4;17,5;16;61;48;48;148;0;0;
2021/07/18;0100 UTC;0;988,4;988,5;988,1;;27,3;17;28,3;27,3;17;16,1;53;48;53;153;5,7;0;
2021/07/18;0200 UTC;0;988,8;988,8;988,4;;26,3;17,8;27,3;26;17,8;16,9;60;53;59;102;1,9;0;
2021/07/18;0300 UTC;0;988,6;988,9;988,6;;25,6;17,9;26,3;25,6;17,9;17,7;62;59;62;126;6,2;0;
2021/07/18;0400 UTC;0;988,4;988,7;988,4;;24,6;18,2;25,7;24,6;18,2;17,8;68;62;68;104;0;0;
2021/07/18;0500 UTC;0;988,2;988,5;988,2;;23,5;18,3;24,7;23,5;18,5;18,2;73;67;73;132;0;0;
2021/07/18;0600 UTC;0;988,1;988,2;988,1;;23;18,2;24,3;23;18,5;18,2;74;69;74;86;0;0;
2021/07/18;0700 UTC;0;988,2;988,2;988,1;;21;18,4;23;20,8;18,5;17,9;85;74;85;319;0;0;
2021/07/18;0800 UTC;0;988,6;988,6;988,2;;20;17,9;21;20;18,4;17,7;88;85;88;55;0;0;
2021/07/18;0900 UTC;0;988,8;988,8;988,5;;19,3;17,5;20,1;19,3;18;17,5;89;88;89;129;0;0;
2021/07/18;1000 UTC;0;989,3;989,3;988,8;314,6;23,8;19,7;24;19,3;20,6;17,4;91;78;78;16;0;0;
2021/07/18;1100 UTC;0;989,9;989,9;989,3;1083,6;26,5;17;26,5;23,7;19,6;17;78;56;56;108;0;0;
2021/07/18;1200 UTC;0;990,2;990,2;989,8;1915,7;28,4;16,2;28,5;26,3;17,2;16,1;56;47;47;122;6,6;3,4;
2021/07/18;1300 UTC;0;989,9;990,3;989,9;2561,8;29,1;15,8;29,2;27,9;16,8;15,5;49;45;45;156;8,6;3,2;
2021/07/18;1400 UTC;0;989,1;989,9;989,1;3067,5;30,6;15,1;31;28,6;16,7;14,5;46;38;39;148;8,3;3,4;
2021/07/18;1500 UTC;0;988;989,1;988;2988,9;31,7;14,5;31,8;29,8;16,2;14,4;41;35;35;140;8,2;3,4;
2021/07/18;1600 UTC;0;986,7;988;986,7;3024;32,9;13,6;33;31,4;15,2;13,3;35;31;31;166;8,2;3;
2021/07/18;1700 UTC;0;985,7;986,7;985,7;2443,5;32,4;13;34,1;31,9;14,5;12,8;32;29;31;146;7,8;3,2;
2021/07/18;1800 UTC;0;985,1;985,8;985,1;1778,5;33,4;13,2;34,5;32,1;13,5;12,4;32;27;29;202;7,4;1,2;
2021/07/18;1900 UTC;0;984,8;985,1;984,8;1245;32,3;13;34,3;31,9;13,3;12,3;32;27;31;129;6,1;0;
2021/07/18;2000 UTC;0;985,2;985,2;984,8;472;32,4;12,5;33,3;32,1;13,2;12,2;31;28;30;139;6,5;0;
2021/07/18;2100 UTC;0;985,7;985,7;985,2;85,5;31,2;12,7;32,5;31,2;12,7;12;32;29;32;126;,1;0;
2021/07/18;2200 UTC;0;986,2;986,2;985,7;;29,6;14;31,2;29,6;14,1;12,6;39;32;39;119;0;0;
2021/07/18;2300 UTC;0;987;987;986,2;;30,5;13,5;30,7;29,5;14,2;13,2;39;35;35;125;6,6;3,6;
2021/07/19;0000 UTC;0;987,6;987,6;987;;29,9;14,2;30,5;29,9;14,2;13,5;38;35;38;126;5,9;2,8;
2021/07/19;0100 UTC;0;987,9;987,9;987,7;;28,8;14,5;29,9;28,8;14,6;14,2;42;38;42;145;5,2;0;
2021/07/19;0200 UTC;0;987,8;987,9;987,7;;27,8;14,7;28,8;27,7;14,7;14,4;45;42;45;158;5,3;,9;
2021/07/19;0300 UTC;0;987,7;987,8;987,7;;27;15,6;27,9;27;15,6;14,7;50;45;50;153;7,4;0;
2021/07/19;0400 UTC;0;987,3;987,7;987,3;;26,6;16,3;27;26,5;16,3;15,6;53;50;53;150;5,9;3,1;
2021/07/19;0500 UTC;0;987;987,3;987;;25,2;16,6;26,6;25,2;16,6;16,2;59;53;59;122;6,2;0;
2021/07/19;0600 UTC;0;986,9;987;986,9;;24,2;17;25,2;23,9;17;16,5;65;59;64;147;0;0;
2021/07/19;0700 UTC;0;987,1;987,1;986,9;;22,2;16,9;24,6;22,2;17,2;16,7;72;62;72;121;0;0;
2021/07/19;0800 UTC;0;987,4;987,4;987,1;;21,3;17,6;22,2;20,7;17,6;17;81;72;79;116;0;0;
2021/07/19;0900 UTC;0;987,7;987,7;987,4;;19,7;16,8;21,5;19,7;17,6;16,8;84;78;84;17;0;0;
2021/07/19;1000 UTC;0;988,2;988,2;987,7;300,2;23,2;17,3;23,2;19,6;18,1;16,8;85;70;70;44;0;0;
2021/07/19;1100 UTC;0;988,7;988,8;988,2;1112,2;26,4;16,4;26,4;23,2;17,8;16,4;70;54;54;106;0;0;
2021/07/19;1200 UTC;0;988,8;988,9;988,7;1927,2;28,5;14,2;28,5;26,4;16,6;13,8;54;41;41;142;5,5;1,1;
2021/07/19;1300 UTC;0;988,7;988,8;988,6;2579,7;29,7;13,5;30,1;28,5;14,9;12,6;42;35;37;174;7,1;0;
2021/07/19;1400 UTC;0;988;988,7;988;2982;31,5;12,4;32,2;29,7;13,9;12,4;37;31;31;192;5,8;1,9;
2021/07/19;1500 UTC;0;986,9;987,9;986,9;3164,2;32,8;11,7;33,5;31,5;13,1;11,3;32;27;28;205;5,8;1,3;
2021/07/19;1600 UTC;0;985,5;986,9;985,5;3131,7;34,2;11,8;34,7;32,6;12,6;11;28;25;26;93;5,4;1,5;
2021/07/19;1700 UTC;0;984,6;985,5;984,6;2858,9;35,2;12,2;35,8;33,9;12,7;10,5;27;23;25;78;7,4;1;
2021/07/19;1800 UTC;0;983,9;984,6;983,8;2362,9;35,5;10,5;36,3;34,5;11,5;9,8;25;21;22;174;5,7;2,6;
2021/07/19;1900 UTC;0;983,7;983,9;983,7;1684,7;35,7;10,7;36,6;35,1;11,4;9,5;23;20;22;114;5,1;,6;
2021/07/19;2000 UTC;0;984;984;983,7;825,2;34,3;13,6;36,5;34,3;14,2;9;30;19;29;60;3,5;,2;
2021/07/19;2100 UTC;0;984,3;984,3;984;93,2;27,8;16,5;34,5;27,8;16,9;10,7;50;24;50;142;2,2;0;
2021/07/19;2200 UTC;0;984,8;984,8;984,3;;29,3;14;29,8;25,9;17,9;14;57;39;39;182;0;0;
2021/07/19;2300 UTC;0;985,4;985,4;984,8;;27,5;17,2;29,3;25,9;17,3;14;56;39;53;213;0;0;
2021/07/20;0000 UTC;0;986;986,1;985,4;;27,3;15;27,6;27;17,3;13,2;54;42;47;226;3,1;1,2;
2021/07/20;0100 UTC;0;987;987,1;986;;25,4;14;27,3;23,8;15,4;13,9;58;44;49;107;5,2;2,3;
2021/07/20;0200 UTC;0;987,5;987,5;987;;25,6;13,2;26,2;25,2;14;12,8;50;43;46;111;4,6;0;
2021/07/20;0300 UTC;0;987,5;987,6;987,4;;26,4;17,6;26,4;25,4;17,6;13,2;58;46;58;115;5,8;2,1;
2021/07/20;0400 UTC;0;987,4;987,6;987,4;;25,2;18,4;26,4;25,1;18,5;17,6;66;58;66;105;5,8;3,1;
2021/07/20;0500 UTC;0;987,3;987,4;987,3;;24,5;18,3;25,2;24,5;18,5;18,3;68;66;68;97;5,1;0;
2021/07/20;0600 UTC;0;987,2;987,3;987,1;;24,3;18,6;24,5;24,1;18,6;18,3;71;68;71;106;0;0;
2021/07/20;0700 UTC;0;987,4;987,4;987,1;;24,6;18,3;24,6;24,3;18,6;18,3;71;68;68;106;0;0;
2021/07/20;0800 UTC;0;987,8;987,8;987,4;;24,7;18,1;24,8;24,5;18,3;18;68;66;67;125;0;0;
2021/07/20;0900 UTC;0;988,2;988,3;987,8;;24,4;17,9;24,8;24,4;18,1;17,9;67;66;67;114;5,6;0;
2021/07/20;1000 UTC;0;989;989;988,2;118,4;24,7;17,8;24,7;24,4;18;17,8;67;65;65;117;4,3;0;
2021/07/20;1100 UTC;0;989,9;989,9;989;445,5;25,4;17,8;25,4;24,7;18,1;17,5;66;63;63;128;7;3,1;
2021/07/20;1200 UTC;0;990,3;990,4;989,9;1501,2;26,8;17,2;27,4;25,4;18,1;17;63;54;56;117;8,9;4,6;
2021/07/20;1300 UTC;0;990,3;990,4;990,3;2381,4;28,4;16,9;28,6;26,8;17,4;16,3;56;50;50;101;8,9;3,8;
2021/07/20;1400 UTC;0;989,5;990,3;989,5;2141,1;28,6;16,4;29,3;27,4;17;15,9;52;46;48;123;7,9;3,1;
2021/07/20;1500 UTC;0;988,6;989,5;988,6;2142,2;30,1;15,7;30,3;28,6;16,9;15,3;48;41;42;140;6,1;2;
2021/07/20;1600 UTC;0;987,5;988,6;987,5;1986;30,5;14,3;31,6;29,2;16,3;13,9;43;37;37;154;5,9;1,7;
2021/07/20;1700 UTC;0;986,5;987,5;986,5;1930,1;30,2;14,3;32,3;30,2;14,8;13;38;33;38;131;6,1;2,2;
2021/07/20;1800 UTC;0;985,7;986,5;985,7;2419,2;32,3;13,2;33;30,2;14,7;12,6;38;30;31;139;6,5;,9;
2021/07/20;1900 UTC;0;985,4;985,7;985,4;1557,8;32,4;13;33,4;32;13,6;12,7;32;29;31;143;5,9;,2;
2021/07/20;2000 UTC;0;985,6;985,6;985,4;816,3;31,6;13,2;33,1;31,5;14;12,6;33;30;33;114;4,3;0;
2021/07/20;2100 UTC;0;986,1;986,1;985,6;105,6;26,6;16,2;31,6;26,6;16,5;13,1;53;32;53;155;4,8;0;
2021/07/20;2200 UTC;0;986,5;986,5;986,1;;24,2;17;26,6;24,2;17,2;16,1;65;53;64;353;0;0;
2021/07/20;2300 UTC;0;987,1;987,1;986,5;;25,4;18,1;25,4;23,6;18,4;16,9;70;64;64;236;0;0;
2021/07/21;0000 UTC;0;988,4;988,4;987,1;;26,3;16,3;27,6;25,4;18,1;15,2;64;47;54;71;5,5;0;
2021/07/21;0100 UTC;0;989;989;988,3;;28,1;15,8;28,1;26,2;16,4;15,7;55;47;47;117;7,2;1,4;
2021/07/21;0200 UTC;0;989,3;989,4;989;;27,3;16,1;28,3;27,2;16,1;15,7;51;47;50;124;7,2;2,7;
2021/07/21;0300 UTC;0;989,4;989,4;989,3;;26,5;16,3;27,4;26,4;16,3;16;54;50;54;130;6,7;0;
2021/07/21;0400 UTC;0;989,3;989,5;989,3;;25,7;16,6;26,6;25,6;16,6;16,2;57;53;57;127;6,1;,6;
2021/07/21;0500 UTC;0;988,9;989,3;988,9;;24,6;16,7;25,7;24,6;16,8;16,5;61;57;61;130;4,6;0;
2021/07/21;0600 UTC;0;989,2;989,2;988,8;;24,4;16,8;24,7;23,9;17;16,7;65;61;63;142;0;0;
2021/07/21;0700 UTC;0;989,4;989,4;989,1;;24;14,9;24,5;23,7;16,8;14,8;63;56;57;140;6,9;2,6;
2021/07/21;0800 UTC;0;990,2;990,2;989,4;;23,1;14,8;24,1;23,1;15,1;14,8;59;57;59;138;6,1;0;
2021/07/21;0900 UTC;0;990,8;990,8;990,2;;22,4;14,2;23,4;22,2;14,8;14,2;61;58;60;116;3,4;,7;
2021/07/21;1000 UTC;0;991,5;991,5;990,8;311,1;23,9;13,5;24;22,3;14,2;13,5;60;52;52;138;4,2;,3;
2021/07/21;1100 UTC;0;992,3;992,3;991,5;1152,3;25,5;12,8;25,6;23,8;13,7;12,8;53;45;45;143;7;,3;
2021/07/21;1200 UTC;0;992,7;992,7;992,3;1975,1;27;13,4;27;25,4;13,4;12,4;46;43;43;141;9,4;4,6;
2021/07/21;1300 UTC;0;992,3;992,8;992,3;2622,8;28,4;13,8;28,4;26,6;14;12,9;44;40;41;155;9,7;4,5;
2021/07/21;1400 UTC;0;991,5;992,4;991,5;3036,3;29,4;13;30;28,1;14,2;13;41;36;37;136;9,7;4,3;
2021/07/21;1500 UTC;0;990,4;991,5;990,4;3011,4;31,2;13,9;32,1;29,3;14,2;12,5;37;32;35;134;9,5;3,5;
2021/07/21;1600 UTC;0;989,5;990,4;989,5;3000,4;31,7;12,9;32,1;31;14,2;12,9;35;32;32;116;11,2;5,2;
2021/07/21;1700 UTC;0;988,5;989,5;988,5;2617,2;31,8;13,2;32,8;30,3;13,8;12,3;34;30;32;187;10,2;4,9;
2021/07/21;1800 UTC;0;988,1;988,7;988;2385,3;31,9;12,8;32,5;31,2;13,5;12,5;33;30;31;143;10,1;4,9;
2021/07/21;1900 UTC;0;988;988,1;987,9;1546,8;31,1;12,4;32,9;31;13,5;12,3;33;30;32;142;9;4,3;
2021/07/21;2000 UTC;0;988,1;988,1;987,8;789;31,2;13,2;31,9;31,1;13,2;12,5;34;31;34;160;8,2;2,7;
2021/07/21;2100 UTC;0;988,7;988,7;988,1;117,7;30;13,6;31,2;29,9;13,6;13,2;37;34;37;141;8,2;3,6;
2021/07/21;2200 UTC;0;989,5;989,5;988,7;;28,7;14,5;30;28,7;14,5;13,6;42;37;42;148;7,6;4,2;
2021/07/21;2300 UTC;0;990,4;990,4;989,5;;27,5;15;28,7;27,5;15,1;14,5;47;42;47;146;8,5;4,4;
2021/07/22;0000 UTC;0;991,1;991,2;990,4;;26,6;15,5;27,5;26,6;15,5;15,1;51;47;51;144;10,4;3,4;
2021/07/22;0100 UTC;0;991,8;991,8;991,1;;25,8;15,9;26,6;25,8;15,9;15,5;54;51;54;140;10;3,6;
2021/07/22;0200 UTC;0;992,1;992,2;991,8;;25,3;16,3;25,9;25,1;16,3;15,9;58;54;58;140;8,9;2,7;
2021/07/22;0300 UTC;0;992,2;992,3;992,1;;24,1;16,6;25,3;24,1;16,6;16,3;63;57;63;145;7;3,3;
2021/07/22;0400 UTC;0;992;992,2;992;;24;16,7;24,3;23,6;16,8;16,6;65;63;64;152;6,1;2;
2021/07/22;0500 UTC;0;991,9;992;991,9;;23,4;16,6;24;23,2;16,7;16,5;66;63;66;129;5,6;1,6;
2021/07/22;0600 UTC;0;991,9;991,9;991,8;;23,3;16,4;23,6;22,9;16,7;16,4;67;64;65;148;5,9;2,7;
2021/07/22;0700 UTC;0;992,3;992,3;991,9;;23,5;16,2;23,5;23,1;16,5;16,2;66;64;64;153;6,6;3,7;
2021/07/22;0800 UTC;0;992,8;992,8;992,3;;23,5;15,8;23,6;23,3;16,2;15,8;64;62;62;152;6,5;3,8;
2021/07/22;0900 UTC;0;993;993;992,7;;23,4;15,9;23,7;23,2;15,9;15,7;63;62;62;153;6,5;2,8;
2021/07/22;1000 UTC;0;993,5;993,5;993;312,9;24,3;16,2;24,3;23,1;16,2;15,8;64;60;61;161;6,8;2,3;
2021/07/22;1100 UTC;0;994,1;994,1;993,5;1098,3;25,5;15,6;25,6;24,3;16,2;15,5;61;54;55;146;9,5;5,2;
2021/07/22;1200 UTC;0;994,2;994,2;994,1;1799,4;25,7;15,6;27,5;25,4;16,1;15;55;48;54;169;9,9;4,1;
2021/07/22;1300 UTC;0;993,5;994,2;993,5;2186,7;28,3;15,5;28,3;25,7;15,8;14,6;54;45;46;162;7,8;3,5;
2021/07/22;1400 UTC;0;992,6;993,6;992,6;2799,2;30;13,5;30,2;27,8;15,6;13,4;46;36;36;147;9,1;5,3;
2021/07/22;1500 UTC;0;991,4;992,6;991,4;2908,7;30,6;12,9;31,1;29,2;13,8;12,8;39;34;34;177;10,1;4,9;
2021/07/22;1600 UTC;0;990,3;991,4;990,3;3103,6;32,3;12,8;32,3;30,5;13,8;12,4;34;31;31;148;11,2;6;
2021/07/22;1700 UTC;0;989,3;990,3;989,3;2612,4;31,8;12,1;32,7;31,7;13;11,8;31;29;30;171;11,2;4,2;
2021/07/22;1800 UTC;0;988,3;989,3;988,3;2082,3;32,4;11,7;33,2;31,4;12,8;11,1;31;27;28;145;9,2;4,9;
2021/07/22;1900 UTC;0;988,3;988,4;988,2;1472,2;32,2;12;33,1;31,6;12,2;10,7;30;26;29;147;9,6;3,1;
2021/07/22;2000 UTC;0;988,6;988,6;988,3;806,6;31,4;11,7;32,6;31;12,5;11,1;31;27;30;126;8,4;4,7;
2021/07/22;2100 UTC;0;989,2;989,2;988,6;74,8;29,9;12,3;31,4;29,9;12,4;11,8;34;30;34;136;8,4;3,9;
2021/07/22;2200 UTC;0;989,8;989,8;989,2;;29,1;11;29,9;29,1;12,3;11;34;32;33;135;8,6;3,9;
2021/07/22;2300 UTC;0;990,4;990,4;989,8;;28,7;11,6;29,1;28,6;11,8;11;35;33;35;143;8,3;4,7;
2021/07/23;0000 UTC;0;991,3;991,3;990,4;;27,5;10,5;28,7;27,5;11,7;10,4;35;34;35;127;10,8;4,1;
2021/07/23;0100 UTC;0;991,9;992;991,3;;26,7;11,1;27,5;26,5;11,1;10,4;38;35;38;136;9,3;4,6;
2021/07/23;0200 UTC;0;992,3;992,4;991,9;;25,7;11,7;26,7;25,6;11,7;11,1;42;38;42;138;8,3;3,4;
2021/07/23;0300 UTC;0;992;992,3;992;;24,7;12,2;25,8;24,6;12,2;11,7;46;42;46;129;7,9;3;
2021/07/23;0400 UTC;0;991,6;992,1;991,6;;24;13;24,8;23,7;13,1;12,2;51;46;50;143;8,6;3,7;
2021/07/23;0500 UTC;0;991,1;991,6;991,1;;23,5;13,4;24,2;23,3;13,5;13;54;50;53;143;7,4;4,4;
2021/07/23;0600 UTC;0;990,3;991,1;990,3;;22,9;13,3;23,6;22,8;13,5;13,3;55;53;55;167;8,2;2;
2021/07/23;0700 UTC;0;990,5;990,5;990,3;;21,4;12,4;23,1;21,4;13,3;12,3;57;54;57;202;5,3;,3;
2021/07/23;0800 UTC;0;990,9;990,9;990,5;;22,3;13,3;22,3;19,4;14;12,2;68;56;57;153;5,4;2,9;
2021/07/23;0900 UTC;0;991;991;990,8;;22,1;13,6;22,7;22;13,6;13;58;55;58;160;6,5;2,7;
2021/07/23;1000 UTC;0;991,4;991,4;991;311;23,3;13,7;23,3;21,6;13,8;13,5;61;55;55;135;4,9;2,7;
2021/07/23;1100 UTC;0;992;992,1;991,4;1152,6;24,5;13,4;24,8;23,3;14;13,3;55;50;50;152;8,1;3,6;
2021/07/23;1200 UTC;0;991,8;992,1;991,8;1970,1;26,2;13,2;26,6;24,5;14,1;13,2;51;44;44;175;7,6;2,7;
2021/07/23;1300 UTC;0;992;992;991,8;2599,5;27,8;12,9;28;26,2;13,8;12,4;45;39;40;147;9,3;4,5;
2021/07/23;1400 UTC;0;991,4;992;991,4;2926;29,1;13,2;29,2;27,4;13,7;12,6;41;37;38;153;12,8;5,4;
2021/07/23;1500 UTC;0;990,3;991,5;990,3;2650,1;30,9;12,9;31,4;28,8;14;12,3;38;33;33;157;12,3;4,6;
2021/07/23;1600 UTC;0;989,5;990,3;989,5;1916,7;30,7;12,7;31,5;30,3;13,3;12,3;34;32;33;149;11,7;5,2;
2021/07/23;1700 UTC;0;988,3;989,5;988,3;2333,2;31,8;12,3;32,2;30,2;13,3;12;34;30;30;146;10,2;5,3;
2021/07/23;1800 UTC;0;987,7;988,4;987,7;1658,1;30,9;12,1;32,5;30,7;13,2;12;33;30;32;138;9,7;5,2;
2021/07/23;1900 UTC;0;987,5;987,7;987,4;1027,4;32,1;12,6;32,1;30,4;13,1;12;33;30;31;141;9,3;3,2;
2021/07/23;2000 UTC;0;987,6;987,6;987,5;526,6;30,8;12,1;32,1;30,3;13;12,1;34;31;32;123;7,9;3,3;
2021/07/23;2100 UTC;0;987,9;987,9;987,6;117;28,2;13;30,8;27,8;13;11,9;40;31;39;153;7,2;1,8;
2021/07/23;2200 UTC;0;988,2;988,2;987,9;;28,4;12,4;29,3;28,3;12,9;12;39;35;37;172;4,8;1,3;
2021/07/23;2300 UTC;0;989;989;988,2;;28,3;13,4;28,8;27,4;13,4;12,4;42;37;40;162;7,4;3,2;
2021/07/24;0000 UTC;0;989,7;989,7;989;;27,5;13,8;28,3;27,5;13,8;13,4;43;40;43;148;6,6;2,3;
2021/07/24;0100 UTC;0;990,2;990,2;989,7;;27;14,2;27,5;27;14,2;13,8;45;43;45;152;8,9;4;
2021/07/24;0200 UTC;0;990,5;990,5;990,2;;26,1;14,1;27;26,1;14,3;14,1;48;45;48;149;8,4;4,2;
2021/07/24;0300 UTC;0;990,2;990,5;990,2;;25,2;14;26,1;25,2;14,1;14;50;48;50;154;8,4;3,5;
2021/07/24;0400 UTC;0;989,9;990,2;989,9;;24,4;13,8;25,3;24,4;14;13,7;52;49;52;159;6,1;2,7;
2021/07/24;0500 UTC;0;989,4;989,9;989,4;;24;13,6;24,5;23,9;13,8;13,6;53;51;52;167;6,5;2,9;
2021/07/24;0600 UTC;0;989;989,4;989;;22,6;13,1;24;22,6;13,6;13;56;51;55;142;4,9;1,1;
2021/07/24;0700 UTC;0;988,8;989;988,8;;22,8;11,7;23,4;21,6;13,2;11,7;58;48;50;149;6;2,6;
2021/07/24;0800 UTC;0;989,3;989,3;988,7;;22,3;12,3;23,3;22,1;12,3;11,7;53;48;53;139;6;2,7;
2021/07/24;0900 UTC;0;989,2;989,4;989,2;;22,4;13,2;22,6;22;13,2;12,3;56;53;56;169;7,5;4,1;
2021/07/24;1000 UTC;0;989,9;989,9;989,2;316,9;23;14;23;22,2;14;13,2;57;56;57;159;8,3;3,1;
2021/07/24;1100 UTC;0;990,5;990,5;989,9;1153,2;24,7;14,2;25;23;14,5;13,8;57;51;52;145;7,7;4,8;
2021/07/24;1200 UTC;0;990,7;990,8;990,5;1978,5;26,2;13,9;26,3;24,5;14,6;13,8;53;47;47;146;10,5;5,3;
2021/07/24;1300 UTC;0;990,7;990,8;990,6;2602,4;27,5;13,8;27,7;26,1;14,4;13,5;47;43;43;138;10,4;4,3;
2021/07/24;1400 UTC;0;990,1;990,7;990,1;2623,9;28,3;13,6;29,2;26,8;14,6;13,2;44;39;41;188;8,6;3,5;
2021/07/24;1500 UTC;0;989,2;990,1;989,2;3363,7;30,7;12,3;31;28,3;13,8;12,1;41;32;32;145;9,6;5;
2021/07/24;1600 UTC;0;987,8;989,2;987,8;3339,6;31,8;12,2;32,1;30,4;13;11,7;34;29;30;157;11,2;4,5;
2021/07/24;1700 UTC;0;986,5;987,8;986,5;2775,6;32;11,3;32,6;30,9;12,9;10,8;31;27;28;185;9,4;4,3;
2021/07/24;1800 UTC;0;985,5;986,6;985,5;2216,2;32;11,2;33,6;31,9;11,6;10,7;28;25;28;175;7,6;3,8;
2021/07/24;1900 UTC;0;985,4;985,5;985,4;1182,4;32;10,3;33,3;31,7;11,7;10,3;28;26;26;151;8,3;3,2;
2021/07/24;2000 UTC;0;985,6;985,6;985,3;698,2;32;10,4;33;31,7;11;10,2;27;25;26;146;8,4;4,2;
2021/07/24;2100 UTC;0;986;986;985,6;120,6;30,3;11,1;32;30,2;11,1;10,2;31;26;30;144;8,4;4;
2021/07/24;2200 UTC;0;986,6;986,6;986;;29,2;11,3;30,4;29;11,3;11,1;33;30;33;138;6,9;2,5;
2021/07/24;2300 UTC;0;987,2;987,2;986,6;;28,8;12,7;29,4;28,5;12,7;11,2;37;33;37;140;6,5;3,2;
2021/07/25;0000 UTC;0;988,2;988,2;987,2;;27,7;12,6;28,8;27,7;12,8;12,4;39;37;39;136;7,3;3,6;
2021/07/25;0100 UTC;0;988,8;988,8;988,2;;26,4;13,3;27,6;26,3;13,5;12,7;45;40;45;130;6,1;2,8;
2021/07/25;0200 UTC;0;989,1;989,1;988,8;;25,8;11,5;26,4;25,3;13,3;11,4;47;41;41;126;7,2;4;
2021/07/25;0300 UTC;0;989,1;989,2;989;;24,4;11,9;25,7;24,4;11,9;11,2;45;41;45;102;9,1;2;
2021/07/25;0400 UTC;0;989;989,2;989;;24,2;11,8;24,9;23,5;12,2;11,8;49;44;46;151;6,4;3,2;
2021/07/25;0500 UTC;0;988,8;989;988,8;;23,1;12,7;24,2;23;12,7;11,7;52;46;52;129;7,8;2,9;
2021/07/25;0600 UTC;0;988,3;988,8;988,3;;22,3;13,3;23,2;22,2;13,3;12,7;57;52;57;154;6,7;3,1;
2021/07/25;0700 UTC;0;988,2;988,3;988,2;;21,8;13,9;22,4;21,5;14;13,4;61;57;61;168;5,6;2,2;
2021/07/25;0800 UTC;0;988,3;988,4;988,2;;20;14,6;22;19,8;14,6;13,9;71;60;71;344;3,8;0;
2021/07/25;0900 UTC;0;988,7;988,7;988,3;;19,1;14,2;20,8;19,1;14,9;14,1;74;68;73;99;3,1;,5;
2021/07/25;1000 UTC;0;989,2;989,3;988,7;316,1;22,7;14,9;22,7;18,8;15,5;14,2;77;61;61;136;3,8;2,1;
2021/07/25;1100 UTC;0;989,6;989,7;989,2;1158,7;24,1;14,3;24,2;22,7;15,1;14,3;61;54;54;152;7,4;4;
2021/07/25;1200 UTC;0;989,8;989,9;989,6;1989,1;26,3;13,9;26,6;24,1;14,8;13,6;55;46;46;143;8,3;4,1;
2021/07/25;1300 UTC;0;989,8;989,9;989,7;2654,5;27,8;13,8;27,8;26,2;14,5;13,5;47;42;42;149;9,9;5,6;
2021/07/25;1400 UTC;0;989,1;989,8;989,1;2832,1;29,3;13,6;29,8;27,7;14,5;13,2;43;38;38;145;9,9;4,9;
2021/07/25;1500 UTC;0;988,4;989,2;988,4;2544,3;30;13,6;31,5;29;15;13,5;41;35;37;149;10,8;4,9;
2021/07/25;1600 UTC;0;987,6;988,4;987,6;2524,5;30,7;13,3;31,5;29,8;14,5;13,3;39;34;35;139;10;4,7;
2021/07/25;1700 UTC;0;986,7;987,6;986,7;2233;30,2;13,2;31,6;29,8;14,4;12,9;38;34;35;133;9,9;5,6;
2021/07/25;1800 UTC;0;985,9;986,7;985,9;1774,4;31,4;13,8;31,7;30,2;13,8;12,9;36;33;34;144;10,2;3,5;
2021/07/25;1900 UTC;0;985,8;985,9;985,7;1404,7;31;13,2;31,7;30,4;14;12,6;37;32;34;138;8,8;4,5;
2021/07/25;2000 UTC;0;985,9;985,9;985,8;756,9;30,5;12,5;31,4;30,2;13,1;12,3;34;32;33;129;8,8;3,8;
2021/07/25;2100 UTC;0;985,9;985,9;985,8;122,5;26,6;14,2;30,5;26,6;14,5;12,3;47;33;47;115;6,2;,7;
2021/07/25;2200 UTC;0;986,4;986,4;985,9;;23,1;15,5;26,6;23,1;15,8;14,2;62;47;62;92;1,6;0;
2021/07/25;2300 UTC;0;987,1;987,1;986,4;;25,8;15,2;25,9;22,7;18,4;15,2;69;52;52;213;2,9;1,8;
2021/07/26;0000 UTC;0;988,1;988,1;987,1;;28,1;15,1;28,1;25,6;16;14,7;55;45;45;130;8;4;
2021/07/26;0100 UTC;0;988,6;988,6;988,1;;26,6;16,4;28,2;26,6;16,4;15,1;53;45;53;144;9,1;3,5;
2021/07/26;0200 UTC;0;988,8;988,8;988,6;;25,7;16,9;26,6;25,5;17;16,4;59;53;58;156;6,1;2,8;
2021/07/26;0300 UTC;0;988,7;988,9;988,7;;25;17;25,7;24,9;17,1;16,9;61;58;61;157;5,2;2,9;
2021/07/26;0400 UTC;0;988,4;988,7;988,4;;24,5;17,3;25;24,5;17,3;17;64;61;64;161;5,8;3;
2021/07/26;0500 UTC;0;988,2;988,4;988,1;;24,1;17,4;24,6;24;17,5;17,2;67;64;67;148;5,8;2,7;
2021/07/26;0600 UTC;0;988;988,2;988;;23,6;17,6;24,1;23,5;17,7;17,3;69;67;69;140;5,8;2,1;
2021/07/26;0700 UTC;0;987,8;988;987,8;;23,4;17,7;23,7;23,3;17,8;17,6;71;69;70;150;4,6;2,7;
2021/07/26;0800 UTC;0;988;988;987,8;;22,9;17,7;23,5;22,8;17,8;17,6;72;70;72;143;4,8;2,3;
2021/07/26;0900 UTC;0;988,4;988,4;988;;22,8;17,6;23,2;22,7;17,7;17,5;72;71;72;157;5,8;2,5;
2021/07/26;1000 UTC;0;988,7;988,7;988,3;176,5;23,5;17,6;23,5;22,8;17,6;17,4;72;69;69;160;4,8;1,8;
2021/07/26;1100 UTC;0;989,5;989,5;988,7;820,6;24,9;17,2;25,3;23,5;17,8;16,8;69;61;62;142;10;4,3;
2021/07/26;1200 UTC;0;989,7;989,9;989,5;1334,2;25,7;16,8;25,9;24,8;17,5;16,7;62;57;58;159;9,7;4,5;
2021/07/26;1300 UTC;0;989,8;989,8;989,6;1318,7;27,2;17,4;27,2;25,6;17,7;16,6;59;54;55;129;8,4;4;
2021/07/26;1400 UTC;0;989,1;989,8;989,1;1486,3;28,2;16,3;28,8;26,7;17,7;15,7;55;47;48;147;7,1;3,3;
2021/07/26;1500 UTC;0;988,5;989,1;988,5;1956,1;28,9;16;29,7;28,1;16,5;15,2;49;43;46;118;8,8;3,9;
2021/07/26;1600 UTC;0;987,8;988,5;987,8;1373,3;29,3;15,4;29,5;28,4;16,5;15,3;48;43;43;139;7,9;3;
2021/07/26;1700 UTC;0;986,8;987,8;986,8;1381,9;29,8;14,9;30;29,1;15,8;14,9;44;40;40;147;5,9;2;
2021/07/26;1800 UTC;0;986,2;986,8;986,2;1758,2;30,9;14,7;31,2;29,7;15,7;14,2;42;36;37;209;6,1;2,2;
2021/07/26;1900 UTC;0;985,8;986,2;985,8;1717;30,8;14,9;32,1;30;15;13,4;39;33;38;102;7,1;2,3;
2021/07/26;2000 UTC;0;985,7;985,8;985,7;667,7;30,4;14,4;31,3;30;15,2;13,5;39;35;38;144;5;1,2;
2021/07/26;2100 UTC;0;986;986;985,7;135,5;27,5;16;30,5;27,5;16,6;14,4;49;38;49;101;2,8;1,3;
2021/07/26;2200 UTC;0;986,4;986,4;986;;24,7;16,8;27,5;24,1;17,5;15,7;66;49;61;76;2,2;,4;
2021/07/26;2300 UTC;0;986,9;986,9;986,4;;26,8;16,6;26,8;24,7;18,2;16,6;66;54;54;196;2,8;1,3;
2021/07/27;0000 UTC;0;987,5;987,5;986,9;;26,7;16,8;26,9;25,2;18,6;16,4;66;53;54;163;2,8;1,4;
2021/07/27;0100 UTC;0;988;988;987,5;;26,8;15;28,2;26,7;16,5;14,2;54;42;48;95;5,1;2,1;
2021/07/27;0200 UTC;0;988,5;988,6;988;;26,8;14,2;26,8;24,6;16,1;14,2;59;46;46;119;5,1;2,9;
2021/07/27;0300 UTC;0;988,5;988,7;988,5;;26,2;14,8;27;26,2;14,8;13,9;49;45;49;134;7;2,9;
2021/07/27;0400 UTC;0;988,2;988,5;988,2;;24,9;15,5;26,2;24,9;15,6;14,7;56;49;56;127;5,6;2,2;
2021/07/27;0500 UTC;0;987,9;988,3;987,9;;22,9;15,9;24,9;22,9;16;15,5;65;56;65;144;4;1,3;
2021/07/27;0600 UTC;0;987,8;988;987,8;;21,4;16,4;22,9;20,9;16,5;15,9;74;65;73;133;3,2;1,6;
2021/07/27;0700 UTC;0;987,8;987,9;987,6;;19,3;16,4;21,9;19,2;16,5;15,9;83;70;83;109;2,6;0;
2021/07/27;0800 UTC;0;988;988;987,7;;18,6;16;19,3;18,6;16,6;15,9;85;83;85;100;1,8;,4;
2021/07/27;0900 UTC;0;988,2;988,3;988;;17,8;15,8;18,7;17,7;16,2;15,5;88;84;88;108;1,3;,1;
2021/07/27;1000 UTC;0;988,7;988,7;988,2;316,2;22,6;16,5;22,6;17,8;18;15,8;89;69;69;53;1,1;0;
2021/07/27;1100 UTC;0;989,4;989,5;988,7;1125,5;25,7;15,9;25,9;22,4;16,7;15,8;69;55;55;96;1,7;,4;
2021/07/27;1200 UTC;0;989,4;989,5;989,3;1956,7;26,8;15;27,4;25,6;16,3;15;56;48;49;154;5,4;,2;
2021/07/27;1300 UTC;0;989;989,4;989;2619,3;28,7;15,2;29,2;26,7;16,2;14,8;49;43;44;74;5,8;,5;
2021/07/27;1400 UTC;0;988,2;989;988,2;3027,7;30,3;14,9;30,5;28,7;16;14,6;45;39;39;108;6,5;0;
2021/07/27;1500 UTC;0;987,3;988,2;987,3;3254,2;31,4;14,8;31,6;30;15,6;14,1;40;35;37;114;5;0;
2021/07/27;1600 UTC;0;986,3;987,3;986,3;2509;31,5;13,8;32,5;30,9;15,2;13,6;38;33;34;169;5,5;0;
2021/07/27;1700 UTC;0;985,4;986,3;985,4;2291,1;32,1;13,8;33,2;31,5;14,9;13,3;37;31;33;141;5,5;0;
2021/07/27;1800 UTC;0;984,8;985,4;984,8;2392,4;33,4;13,4;34,1;31,4;14,7;12,8;36;28;30;117;5;,8;
2021/07/27;1900 UTC;0;984,7;984,8;984,6;1720,6;33,1;13,7;33,8;33;14,6;12,5;32;28;31;104;5,1;0;
2021/07/27;2000 UTC;0;984,9;984,9;984,6;837,9;32;13,3;33,7;32;14,1;13;33;30;32;92;1,9;0;
2021/07/27;2100 UTC;0;985,1;985,1;984,9;114,7;28,8;14,3;31,9;28,8;14,3;12,9;41;32;41;107;0;0;
2021/07/27;2200 UTC;0;985,7;985,7;985,1;;25,2;16,1;28,8;25,2;16,4;14,3;57;41;57;109;0;0;
2021/07/27;2300 UTC;0;986,2;986,2;985,7;;23,6;16,6;25,2;23,6;16,8;15,8;66;57;65;91;0;0;
2021/07/28;0000 UTC;0;986,6;986,6;986,2;;23;17;23,8;23;17;16,3;69;64;69;191;0;0;
2021/07/28;0100 UTC;0;986,8;986,8;986,6;;22,2;18;23;22,2;18;16,8;77;68;77;182;0;0;
2021/07/28;0200 UTC;0;987,5;987,6;986,8;;23,5;17,1;23,5;22,2;18,7;17,1;79;67;67;91;,7;0;
2021/07/28;0300 UTC;0;987,7;987,7;987,5;;23,9;15,6;25,6;23,5;16,8;15,1;67;52;60;97;3,9;0;
2021/07/28;0400 UTC;0;987,6;987,7;987,5;;26,1;16,8;26,3;23,9;16,9;15,6;60;56;57;127;4,5;0;
2021/07/28;0500 UTC;0;987,3;987,6;987,3;;25,4;17,3;26,1;25,3;17,3;16,6;61;56;61;118;3;,9;
2021/07/28;0600 UTC;0;987,1;987,3;987,1;;25;17,7;25,7;25;17,7;17,3;64;61;64;112;5;0;
2021/07/28;0700 UTC;0;987,2;987,2;987,1;;23,6;17,8;25;23,6;17,9;17,7;70;64;70;135;0;0;
2021/07/28;0800 UTC;0;987,4;987,4;987,1;;23,7;17,5;24,1;23,5;18;17,4;70;67;68;138;0;0;
2021/07/28;0900 UTC;0;987,4;987,5;987,3;;22,9;17,3;23,7;22,9;17,5;17,2;71;68;71;110;4;,1;
2021/07/28;1000 UTC;0;987,9;987,9;987,3;277,1;24;18,2;24;22,3;18,4;17,3;74;70;70;94;1,5;0;
2021/07/28;1100 UTC;0;988,5;988,5;987,9;1106,3;25,8;18,1;26;24;18,6;17,9;70;62;63;83;5;2,6;
2021/07/28;1200 UTC;0;988,9;988,9;988,5;1931;27,6;17,3;28;25,7;18,3;17,3;63;53;53;83;6,1;1,3;
2021/07/28;1300 UTC;0;988,6;989;988,5;2587,8;29,5;16,8;29,5;27,3;17,6;16,2;54;46;46;70;4,9;1,4;
2021/07/28;1400 UTC;0;988;988,6;988;3117,2;30,6;14,9;31,8;29,2;17;14,9;47;38;39;123;5,4;1,7;
2021/07/28;1500 UTC;0;987,1;988;987,1;2649,8;32,3;14,5;32,3;29,9;15,6;14,1;41;34;34;93;4,5;0;
2021/07/28;1600 UTC;0;986;987,1;986;2131,8;33,1;14,3;33,7;31,3;14,8;13,5;35;31;32;28;3,3;0;
2021/07/28;1700 UTC;0;985;986;985;2856,9;33,9;12,9;34,4;32,8;14,8;12,9;33;28;28;16;0;0;
2021/07/28;1800 UTC;0;984,4;985;984,4;2347,1;33,6;12,6;35;33;13,8;12,2;29;26;28;330;0;0;
2021/07/28;1900 UTC;0;984;984,4;984;1688,2;34,4;12;35,4;33,7;13,5;12;28;25;26;329;0;0;
2021/07/28;2000 UTC;0;983,9;984;983,9;818,7;33,2;13,6;35,1;33,2;15,5;11,5;33;25;31;34;0;0;
2021/07/28;2100 UTC;0;984,1;984,1;983,9;100,1;27,7;17,2;33,5;27,7;17,4;13,4;53;30;53;186;0;0;
2021/07/28;2200 UTC;0;984,7;984,7;984,1;;25,1;18,1;27,7;25,1;18,1;16,8;65;52;65;217;0;0;
2021/07/28;2300 UTC;0;985,5;985,5;984,7;;24,3;18,6;25,5;24,3;18,6;17,8;71;64;71;174;0;0;
2021/07/29;0000 UTC;0;986,1;986,1;985,5;;24,9;16,6;24,9;23,9;19;16,5;73;60;60;236;0;0;
2021/07/29;0100 UTC;0;986,2;986,2;986,1;;27,4;15;27,4;24,9;18,2;15;63;47;47;190;0;0;
2021/07/29;0200 UTC;0;986,5;986,5;986,2;;26,3;16,5;27,5;26,1;16,8;14,9;57;46;55;283;0;0;
2021/07/29;0300 UTC;0;987,4;987,4;986,5;;26,6;17,3;27;25,5;17,6;14,9;61;47;57;110;6;1,3;
2021/07/29;0400 UTC;0;987,3;987,4;987,2;;25,9;18,3;26,7;25,9;18,3;17,5;63;57;63;82;6;0;
2021/07/29;0500 UTC;0;987,3;987,4;987,2;;25,5;18,5;26;25,5;18,5;18,2;65;63;65;59;0;0;
2021/07/29;0600 UTC;0;987,4;987,4;987,3;;24,7;19,4;25,5;24,7;19,4;18,5;72;65;72;129;0;0;
2021/07/29;0700 UTC;0;987,5;987,5;987,3;;24,6;19,5;24,9;24,6;19,6;19,2;73;71;73;94;0;0;
2021/07/29;0800 UTC;0;987,8;987,8;987,5;;24;19,9;24,6;23,9;20;19,5;78;73;78;159;0;0;
2021/07/29;0900 UTC;0;988,4;988,4;987,8;;23,6;20,1;24;23,6;20,2;20;81;78;81;53;0;0;
2021/07/29;1000 UTC;0;988,6;988,6;988,3;290,1;25,5;19,4;25,5;23,5;20,5;19,4;82;69;69;107;0;0;
2021/07/29;1100 UTC;0;989,3;989,3;988,6;1063,4;26,8;18,4;26,8;25,4;19,3;18,1;69;60;60;111;0;0;
2021/07/29;1200 UTC;0;989,4;989,5;989,3;1917;28,5;17,5;28,7;26,6;18,3;17,5;60;51;51;97;2,5;0;
2021/07/29;1300 UTC;0;988,9;989,4;988,9;2580,5;30,5;17,3;30,5;28;18;16,2;53;43;45;54;5,3;0;
2021/07/29;1400 UTC;0;988;988,9;988;2996,2;31,3;16,2;31,8;29,7;17,2;15,7;46;39;40;56;4,9;0;
2021/07/29;1500 UTC;0;986,9;988;986,9;3186,5;33,6;14,3;33,9;31,3;16,5;14,3;41;31;31;264;3,7;,6;
2021/07/29;1600 UTC;0;985,7;986,9;985,7;3287,5;34,8;13,9;35,9;33,3;14,9;13,1;32;28;29;210;3,9;0;
2021/07/29;1700 UTC;0;984,6;985,7;984,6;2815;33,9;13,3;36,2;33,9;14,6;12,9;30;26;29;295;2,8;0;
2021/07/29;1800 UTC;0;983,8;984,6;983,8;2314,9;36,2;11,9;36,9;33,9;14;11,9;29;23;23;120;0;0;
2021/07/29;1900 UTC;0;983,6;983,8;983,6;944,7;33,3;15,8;36,7;33,1;15,8;11,5;35;22;35;1;0;0;
2021/07/29;2000 UTC;0;983,9;983,9;983,6;554;35,1;11,3;35,3;30,8;18,1;10,7;46;23;24;172;0;0;
2021/07/29;2100 UTC;0;984,3;984,3;983,9;63,2;28,9;16;35,1;28,9;16;10,5;46;23;46;188;0;0;
2021/07/29;2200 UTC;0;984,9;984,9;984,3;;27,2;14,5;29;27;16,5;13,6;52;39;46;196;0;0;
2021/07/29;2300 UTC;0;985,5;985,5;984,9;;26;15,8;27,2;26;16,6;14,7;55;46;53;188;0;0;
2021/07/30;0000 UTC;0;986,3;986,3;985,4;;31,6;9,9;31,6;25,9;16;9,9;55;26;26;174;0;0;
2021/07/30;0100 UTC;0;987;987;986,3;;31;8,9;32;31;9,8;8,6;26;24;25;135;7,7;3,9;
2021/07/30;0200 UTC;0;987,5;987,5;987;;29,7;9,5;31,2;29,7;9,5;8,8;28;25;28;100;7,1;0;
2021/07/30;0300 UTC;0;987,9;987,9;987,5;;28,3;9,9;29,7;28,3;10,1;9,6;32;29;32;98;5,2;0;
2021/07/30;0400 UTC;0;987,9;988;987,7;;25,6;17,1;28,3;25,1;17,1;10;60;32;60;45;5;0;
2021/07/30;0500 UTC;0;987,7;987,9;987,7;;23,4;18,2;25,6;23,4;18,2;17,1;73;60;72;103;0;0;
2021/07/30;0600 UTC;0;987,9;987,9;987,7;;21,5;17,6;23,4;21,5;18,3;17,6;79;72;79;93;0;0;
2021/07/30;0700 UTC;0;988,1;988,1;987,9;;20,9;17,5;22,3;20,9;18,8;17,5;82;79;81;21;0;0;
2021/07/30;0800 UTC;0;988,3;988,3;988;;20,2;17,9;20,9;20,2;18,2;17,4;87;81;87;132;0;0;
2021/07/30;0900 UTC;0;988,7;988,7;988,3;;20,1;18,2;20,2;19,5;18,2;17,4;89;87;89;266;0;0;
2021/07/30;1000 UTC;0;989,4;989,4;988,7;289,3;23,7;19,2;23,7;19,9;20,2;17,9;90;76;76;38;0;0;
2021/07/30;1100 UTC;0;989,9;989,9;989,4;1115,7;26;18,7;26,1;23,7;19,2;18,5;76;64;64;88;5,3;1,4;
2021/07/30;1200 UTC;0;990,1;990,2;989,9;1894,4;27,4;18;27,4;25,9;18,8;17,9;64;57;57;89;5,1;2,4;
2021/07/30;1300 UTC;0;990;990,1;989,9;2562;29,1;16;29,4;27,2;18,3;16;57;45;45;110;5,8;1,9;
2021/07/30;1400 UTC;0;989,1;990;989,1;3065,6;31,4;12,4;31,9;29,1;16,2;12,3;46;31;32;167;7;3,6;
2021/07/30;1500 UTC;0;987,8;989,1;987,8;3258,1;32,9;11,3;33,3;31;12,9;10,6;32;26;27;156;9;3,4;
2021/07/30;1600 UTC;0;986,7;987,8;986,7;3128;34,9;9;34,9;32,7;11,8;8,4;27;20;20;145;9;2,8;
2021/07/30;1700 UTC;0;985,9;986,7;985,9;2416,8;34,7;7,3;35,4;34,3;9,3;7,1;21;18;19;179;7,9;3,1;
2021/07/30;1800 UTC;0;985,1;985,8;985,1;2290,1;35,6;7,6;36,1;34,7;8,3;6,3;19;16;18;128;7,5;4;
2021/07/30;1900 UTC;0;985,1;985,2;985;1622,8;35,3;6,1;36,1;34,8;8,2;5;19;16;17;166;8,3;3,3;
2021/07/30;2000 UTC;0;985,3;985,4;985,1;873,1;34,5;5,8;35,3;34,5;6,4;4,8;18;15;17;155;7,2;2;
2021/07/30;2100 UTC;0;985,9;985,9;985,3;146,2;33,1;5,6;34,5;33,1;6,2;5,4;18;16;18;158;6,3;2,9;
2021/07/30;2200 UTC;0;986,6;986,6;985,9;;31,7;6,3;33,2;31,4;6,5;5,5;21;18;20;152;6,2;2,7;
2021/07/30;2300 UTC;0;987,6;987,6;986,6;;30,3;8,2;31,7;28,8;8,2;6,3;27;20;25;145;5,1;2,3;
2021/07/31;0000 UTC;0;988,7;988,7;987,6;;29,6;10,1;30,5;29,5;10,1;8,2;30;25;30;141;6,2;3,7;
2021/07/31;0100 UTC;0;989,4;989,4;988,7;;28,2;11;29,7;28;11;10;34;30;34;146;6,7;1,4;
2021/07/31;0200 UTC;0;989,9;990;989,4;;27,4;11,8;28,5;27,3;11,8;11;38;34;38;146;7,2;3,7;
2021/07/31;0300 UTC;0;990;990,1;989,9;;26,6;12,9;27,4;26,5;12,9;11,7;43;38;43;174;8;4,8;
2021/07/31;0400 UTC;0;990;990;989,8;;25;14,1;26,6;25;14,1;13;51;43;51;159;10,3;3;
2021/07/31;0500 UTC;0;990,1;990,1;989,9;;23,8;14,4;25,3;23,8;14,5;14,2;56;51;56;134;6,3;2,4;
2021/07/31;0600 UTC;0;990,2;990,2;990;;23,4;14,5;24;23,2;14,7;14,5;58;56;57;140;5,5;3,4;
2021/07/31;0700 UTC;0;990,5;990,5;990,2;;23,1;14,2;23,7;23,1;14,6;14,2;58;56;57;151;6,4;3,7;
2021/07/31;0800 UTC;0;991;991;990,5;;22,7;14,3;23,2;22,4;14,4;14,1;60;57;59;149;6,8;4,1;
2021/07/31;0900 UTC;0;991,3;991,3;991;;21,7;14,2;22,7;21,5;14,3;14,1;63;59;63;130;6;2,5;
2021/07/31;1000 UTC;0;991,7;991,7;991,2;330,2;23,2;14,1;23,2;21,5;14,4;14;63;57;57;140;5,3;3,2;
2021/07/31;1100 UTC;0;992,4;992,4;991,7;1191,8;24,9;14,2;25;23,2;14,5;14;57;51;52;143;7,7;4;
2021/07/31;1200 UTC;0;992,8;992,9;992,3;2019,3;26,7;13,5;27;24,9;14,4;13,1;52;43;44;157;9;4,5;
2021/07/31;1300 UTC;0;992,2;992,8;992,2;2688,9;28,7;13,7;29;26,7;13,8;12,8;44;38;40;140;8,7;4,4;
2021/07/31;1400 UTC;0;991,5;992,3;991,5;3109,5;30;13,1;30,6;28,3;13,9;12,9;40;35;35;149;9,6;4,7;
2021/07/31;1500 UTC;0;990,8;991,5;990,7;3335;31,5;13,3;31,6;29,8;14,2;12,9;37;33;33;146;13,5;5,8;
2021/07/31;1600 UTC;0;989,6;990,8;989,6;2996,2;31;13;32,2;30,8;13,8;12,7;34;31;33;168;11,1;4,1;
2021/07/31;1700 UTC;0;988,5;989,6;988,5;2868,2;32,3;12,9;32,8;31;13,8;12,6;34;30;31;134;12,4;5,2;
2021/07/31;1800 UTC;0;987,7;988,5;987,7;2545,1;32,7;12,6;34,2;32,2;14,1;12,3;32;29;30;148;12,2;6,1;
2021/07/31;1900 UTC;0;988,2;988,2;987,7;1206,9;31,3;12,9;32,9;31,2;13,2;12,4;33;30;32;137;13,8;4,6;
2021/07/31;2000 UTC;0;988,7;988,7;988,2;425;30,7;13,3;31,4;30,4;13,3;12,7;35;32;34;121;9,3;3,7;
2021/07/31;2100 UTC;0;988,8;988,8;988,7;104,3;29;13,3;30,7;29;13,3;13;38;34;38;119;7,2;1,8;
2021/07/31;2200 UTC;0;989,2;989,2;988,8;;25,3;15,5;29;25,3;15,6;13,3;55;38;55;133;3,2;1,1;
2021/07/31;2300 UTC;0;990,1;990,1;989,2;;28,7;13,1;29,1;24,9;16;12,8;57;37;38;133;5,2;2,3;
2021/08/01;0000 UTC;0;990,7;990,7;990;;29,2;11,7;29,2;28,2;13,1;11,7;39;34;34;141;8,6;5,2;
2021/08/01;0100 UTC;0;991,4;991,4;990,7;;28;12,7;29,2;28;12,7;11,7;39;34;39;139;8,6;3,7;
2021/08/01;0200 UTC;0;991,9;991,9;991,4;;26,8;13,5;28,1;26,8;13,5;12,8;44;39;44;145;11,9;3,6;
2021/08/01;0300 UTC;0;991,7;992;991,7;;25,8;15,5;26,9;25,7;15,5;13,6;53;44;53;165;6,5;2,6;
2021/08/01;0400 UTC;0;991,3;991,7;991,3;;25,1;15,9;25,8;25,1;15,9;15,4;57;53;57;148;9,4;5,4;
2021/08/01;0500 UTC;0;991,4;991,5;991,2;;24,4;15,9;25,1;24,4;16,2;15,7;59;57;59;135;9,4;3,7;
2021/08/01;0600 UTC;0;991,2;991,4;991,1;;23,8;16,5;24,4;23,4;16,5;15,9;64;59;64;134;6,8;1,7;
2021/08/01;0700 UTC;0;991,3;991,4;991,1;;23,4;16,2;24;23,2;16,4;16,2;65;62;64;143;4,9;2,3;
2021/08/01;0800 UTC;0;991,4;991,4;991,1;;23;16,6;23,4;22,4;16,6;15,9;68;64;67;128;4,9;0;
2021/08/01;0900 UTC;0;991,8;991,8;991,3;;23,2;16,4;23,4;22,8;16,5;16,2;67;65;65;141;5,2;2;
2021/08/01;1000 UTC;0;992,4;992,4;991,8;105,2;23,9;16,6;23,9;23,3;16,7;16,4;65;64;64;147;5,7;2,4;
2021/08/01;1100 UTC;0;993,3;993,3;992,4;412;24,2;17,3;24,2;23,2;17,5;16,6;70;63;65;130;9,2;2,8;
2021/08/01;1200 UTC;0;993,5;993,7;993,2;1384,9;25,3;18,1;25,8;22,7;18,8;16,5;76;58;64;165;9,1;3,7;
2021/08/01;1300 UTC;0;993,1;993,6;993;2641,3;27,8;15,6;28,1;25,2;17,9;15,5;64;47;47;155;10;5,4;
2021/08/01;1400 UTC;0;992,7;993,2;992,7;1870,3;27,8;14,9;28,6;26,8;15,7;14,7;49;44;46;176;12,4;5,7;
2021/08/01;1500 UTC;0;992;992,7;992;1599,3;28;14,7;28,6;27,3;15,1;14,5;46;43;44;183;11,9;5,9;
2021/08/01;1600 UTC;0;991;992,1;990,9;2497,5;29,1;14,5;30;27,7;15,6;14,1;45;39;41;161;10,9;5;
2021/08/01;1700 UTC;0;990,6;991;990,6;1283,2;28,2;14,3;29,5;27,8;15,3;14,2;44;41;43;169;10,6;5,1;
2021/08/01;1800 UTC;0;990,3;990,6;990,3;1274,7;28,2;14;29;27,7;15,1;13,9;45;41;42;192;9,7;4,8;
2021/08/01;1900 UTC;0;990,4;990,5;990,3;959,9;28,2;13,7;28,5;27,7;14,2;13,6;43;40;41;164;8,9;5,1;
2021/08/01;2000 UTC;0;990,9;990,9;990,4;406,5;27,4;14;28,2;27,4;14,2;13,5;44;41;44;189;8,3;3,2;
2021/08/01;2100 UTC;0;991,5;991,5;990,9;77,6;26,5;14,1;27,4;26,5;14,4;14;47;44;47;153;6,8;3,6;
2021/08/01;2200 UTC;0;991,8;991,8;991,5;;25,8;14,7;26,5;25,8;14,7;14,1;50;46;50;190;7,2;1,2;
2021/08/01;2300 UTC;0;992;992;991,8;;24,1;15;25,8;24,1;15;14,7;57;50;57;170;2,8;,4;
2021/08/02;0000 UTC;0;992,8;992,8;992;;22,9;15;24,7;22,8;15,3;14,6;61;54;61;158;3,6;0;
2021/08/02;0100 UTC;0;992,8;992,9;992,8;;24,7;14,5;25,2;22,7;15,4;14,5;61;52;53;149;6;3,4;
2021/08/02;0200 UTC;0;992,8;992,8;992,7;;23,7;14,8;24,8;23,7;14,9;14,5;57;53;57;149;7,3;1,6;
2021/08/02;0300 UTC;0;992,4;992,8;992,4;;23,4;13,7;23,8;22,8;15,2;13,7;61;54;54;147;6,9;3,7;
2021/08/02;0400 UTC;0;991,8;992,5;991,8;;22,6;13,6;23,4;22,5;13,7;13,6;57;54;57;144;6,9;2,7;
2021/08/02;0500 UTC;0;991,1;991,8;991,1;;21,3;13,6;22,7;21,3;13,8;13,4;62;57;62;137;4,4;1,1;
2021/08/02;0600 UTC;0;990,9;991,1;990,9;;18,1;14,7;21,3;17,9;14,7;13,3;81;62;81;317;2,8;0;
2021/08/02;0700 UTC;0;991,1;991,1;990,9;;17,2;14,3;18,1;17;14,8;13,9;84;80;83;346;0;0;
2021/08/02;0800 UTC;0;991,4;991,4;991,1;;16,6;14,1;17,8;16,6;15,3;13,9;86;82;85;117;0;0;
2021/08/02;0900 UTC;0;991,4;991,4;991,3;;16;14,1;16,8;15,8;14,5;13,8;89;85;89;155;0;0;
2021/08/02;1000 UTC;0;992;992;991,4;331;20,7;15,2;20,7;15,9;16,1;13,9;89;71;71;17;0;0;
2021/08/02;1100 UTC;0;992,2;992,3;992;1169,1;23,7;13,3;23,9;20,7;15,2;13,2;71;52;52;226;6,4;1,2;
2021/08/02;1200 UTC;0;992;992,3;992;2014,4;25,9;11,5;26;23,5;13,5;11,5;53;41;41;179;6,4;2,1;
2021/08/02;1300 UTC;0;991,5;992;991,5;2690,7;27,8;10,4;28,4;25,9;11,8;9,9;41;33;34;194;5,7;2,6;
2021/08/02;1400 UTC;0;990,5;991,5;990,5;3124,6;30;10;30,1;27,8;10,8;9,9;34;29;29;178;7;2,2;
2021/08/02;1500 UTC;0;989,4;990,5;989,4;3298,6;31,6;10;31,8;29,7;11;9,5;31;26;26;147;7;2,9;
2021/08/02;1600 UTC;0;988,2;989,4;988,2;3249,1;32,6;9,9;32,7;31,4;10,7;9;27;24;25;194;7,9;3,3;
2021/08/02;1700 UTC;0;987,1;988,2;987,1;2926,1;32,7;9,2;33,5;31,9;10,5;8,9;26;23;24;144;9,5;3,6;
2021/08/02;1800 UTC;0;986,6;987,1;986,6;2469,2;33,2;9,1;33,9;32,7;10;8,7;24;22;23;174;7,9;3,2;
2021/08/02;1900 UTC;0;986,5;986,6;986,4;1694,8;32,8;9,7;34,1;32,8;10,2;8,9;24;22;24;200;8,1;2,6;
2021/08/02;2000 UTC;0;986,8;986,8;986,5;987,7;32,4;10,3;33,5;32,4;10,6;9,3;26;23;26;136;8,7;3,8;
2021/08/02;2100 UTC;0;987,3;987,3;986,8;135,6;30,6;11,3;32,4;30,6;11,3;10,2;30;26;30;154;8,5;3,7;
2021/08/02;2200 UTC;0;988,2;988,2;987,3;;29,1;11,9;30,6;29;11,9;11,3;35;30;35;157;8,7;3,5;
2021/08/02;2300 UTC;0;988,9;988,9;988,2;;27,9;12,8;29,1;27,9;12,8;11,9;39;35;39;166;8,3;3,2;
2021/08/03;0000 UTC;0;989,8;989,8;988,9;;26,7;13,7;27,9;26,7;13,7;12,8;45;39;45;158;6,7;2;
2021/08/03;0100 UTC;0;990,1;990,1;989,8;;26,4;14,4;26,7;26,2;14,4;13,8;48;45;48;154;6;3;
2021/08/03;0200 UTC;0;990,4;990,5;990;;25,8;14,9;26,5;25,8;15;14,4;51;48;51;159;7,4;3,9;
2021/08/03;0300 UTC;0;990,1;990,4;990,1;;25;15,4;25,8;25;15,4;15;55;51;55;138;8;2,9;
2021/08/03;0400 UTC;0;989,5;990,1;989,5;;24,4;15,7;25,1;24,3;15,8;15,4;59;55;59;134;7,2;2,8;
2021/08/03;0500 UTC;0;989,1;989,5;989,1;;24;16;24,4;23,8;16;15,7;61;59;61;133;5,5;3;
2021/08/03;0600 UTC;0;988,7;989,1;988,6;;23,2;16,2;24;23,2;16,2;15,9;65;61;65;123;5,4;2;
2021/08/03;0700 UTC;0;988,9;988,9;988,7;;20,8;15,8;23,4;20,8;16,3;15,7;73;64;73;295;4,3;,9;
2021/08/03;0800 UTC;0;989,1;989,1;988,9;;20,1;16,1;20,8;19,6;16,1;15,2;78;73;78;327;2,3;,3;
2021/08/03;0900 UTC;0;989,6;989,6;989,1;;18;15,6;20,1;18;16,1;15,4;86;77;86;288;2,3;1,1;
2021/08/03;1000 UTC;0;990;990,1;989,5;280,9;22,7;17,2;22,7;18;17,7;15,8;86;71;71;72;2,3;,1;
2021/08/03;1100 UTC;0;990,4;990,4;990;1170,9;24,8;16,4;25;22,6;17,1;15,9;71;58;60;201;2,4;1;
2021/08/03;1200 UTC;0;990,5;990,6;990,4;1992,3;27,4;15,9;27,5;24,8;16,6;15,7;60;49;49;176;5,5;2,5;
2021/08/03;1300 UTC;0;990,5;990,6;990,5;2415,3;28;15,8;28,8;27;16,4;15,1;51;45;47;168;7,1;4,1;
2021/08/03;1400 UTC;0;989,5;990,5;989,5;2521,5;30,2;15;30,5;27,9;16,1;14,6;48;39;40;173;7;3,5;
2021/08/03;1500 UTC;0;988,7;989,5;988,6;3136,6;30,8;13,5;31,8;29,6;15,2;13,5;41;34;35;185;9,7;3,4;
2021/08/03;1600 UTC;0;987,8;988,7;987,7;3283,7;31,9;13,8;33,1;30,5;14,5;13,4;36;32;33;136;9,3;5,4;
2021/08/03;1700 UTC;0;986,9;987,8;986,9;3069,1;32,8;13,4;33,3;31,7;14,1;13,1;34;30;31;153;9,3;4,1;
2021/08/03;1800 UTC;0;986,4;986,9;986,4;2302,7;32,7;13,7;33,2;31,7;14,2;13,2;33;31;32;143;8,5;2,5;
2021/08/03;1900 UTC;0;986,4;986,5;986,3;1317,4;32,6;13,4;33;31,2;13,8;12,4;34;30;31;166;7,3;2,7;
2021/08/03;2000 UTC;0;986,8;986,8;986,4;708,7;31,4;12,5;32,6;31,4;13,3;12,3;32;30;32;167;6;2,9;
2021/08/03;2100 UTC;0;987,3;987,3;986,8;48,7;29,7;13,3;31,4;29,6;13,8;12,3;37;31;37;201;5,2;1,9;
2021/08/03;2200 UTC;0;988;988;987,3;;28,6;14,7;29,7;28,4;14,7;13,4;43;37;43;184;4,5;2;
2021/08/03;2300 UTC;0;988,8;988,8;988;;27,7;15,5;28,6;27,7;15,5;14,7;48;43;48;192;7,3;3,2;
2021/08/04;0000 UTC;0;989,5;989,5;988,8;;26,7;15,9;27,7;26,6;16;15,5;52;48;52;186;6,1;2,7;
2021/08/04;0100 UTC;0;990;990;989,5;;25,6;16,1;26,8;25,6;16,1;15,8;56;52;56;141;5,8;2,7;
2021/08/04;0200 UTC;0;990;990,1;989,9;;24,9;16,4;25,8;24,8;16,4;16,1;59;55;59;147;7,4;4,1;
2021/08/04;0300 UTC;0;990,1;990,2;990;;24;16,3;24,9;24;16,5;16,3;62;59;62;141;7,5;2,1;
2021/08/04;0400 UTC;0;989,7;990,1;989,7;;23,6;16,2;24,1;23,5;16,3;16,1;63;61;63;144;7,3;4,1;
2021/08/04;0500 UTC;0;989,1;989,7;989,1;;23,2;16;23,6;23,1;16,2;16;64;63;64;156;7,5;3,8;
2021/08/04;0600 UTC;0;989,1;989,2;989;;22;16;23,3;22;16,1;15,8;69;64;69;79;6,5;1,2;
2021/08/04;0700 UTC;0;989,3;989,3;989,1;;22,7;14,9;22,9;22;16,2;14,9;69;61;61;138;6,5;3,7;
2021/08/04;0800 UTC;0;989,9;989,9;989,3;;22,2;14;22,7;22,2;14,9;14;62;59;60;138;7,1;1,3;
2021/08/04;0900 UTC;0;990,5;990,5;989,9;;20,9;14,4;22,2;20,6;14,4;14;67;60;67;182;4,3;0;
2021/08/04;1000 UTC;0;991,3;991,3;990,5;350,1;22,7;14,8;23,1;19,8;15,6;14;71;60;61;228;1,2;0;
2021/08/04;1100 UTC;0;992,1;992,1;991,2;1180,6;24,9;14,9;25;22,7;15,5;14,1;62;54;54;118;4,3;1,4;
2021/08/04;1200 UTC;0;992,3;992,3;992,1;2030;25,7;14,5;26,2;24,6;15,2;14,3;55;50;50;181;6,8;2,3;
2021/08/04;1300 UTC;0;992,1;992,3;992,1;2689,5;27,9;14,3;27,9;25,7;15,1;14;50;43;43;177;5,5;2,4;
2021/08/04;1400 UTC;0;991,4;992,1;991,4;3107,2;29,2;13,7;29,9;27,4;15;13,6;45;38;39;147;6,8;2,7;
2021/08/04;1500 UTC;0;990,3;991,4;990,3;3316,2;31,2;14,3;31,2;29;14,8;13,1;40;34;36;109;6,1;1,9;
2021/08/04;1600 UTC;0;989,2;990,3;989,2;2766,7;30,8;12,8;31,9;30,2;14,2;12,8;36;32;33;185;7;2,8;
2021/08/04;1700 UTC;0;988,1;989,2;988,1;3089;32,8;12,5;33;30,7;13,6;12,1;34;29;29;136;7,1;2,5;
2021/08/04;1800 UTC;0;987,5;988,1;987,5;2356,3;32,5;11,9;33,2;31,4;13,3;11,6;31;28;28;168;6,9;2,9;
2021/08/04;1900 UTC;0;987,5;987,5;987,4;1592,5;31,7;12,3;33,3;31,4;12,3;10,9;31;27;31;130;7,5;3,4;
2021/08/04;2000 UTC;0;987,8;987,8;987,5;911,1;31,4;12;32,5;31,4;12,4;11,5;31;29;31;160;6,7;3,4;
2021/08/04;2100 UTC;0;988,4;988,4;987,8;130,5;29,6;12,1;31,4;29,6;12,4;11,7;34;30;34;147;9,6;3;
2021/08/04;2200 UTC;0;989,3;989,3;988,4;;28,7;12,4;29,6;28,6;12,5;12,1;37;34;37;155;6,4;2,9;
2021/08/04;2300 UTC;0;990;990;989,3;;27,9;12,6;28,7;27,8;12,8;12,5;39;37;39;153;5,2;2,8;
2021/08/05;0000 UTC;0;990,6;990,6;990;;27;13,4;28;26,8;13,5;12,6;44;39;43;128;5,3;2,4;
2021/08/05;0100 UTC;0;990,8;990,8;990,6;;26,7;13,4;27,2;26,4;13,5;13,3;45;43;44;123;5,9;2,3;
2021/08/05;0200 UTC;0;991,1;991,1;990,7;;26;13,9;26,8;25,5;13,9;13,4;48;44;47;153;6,2;2,5;
2021/08/05;0300 UTC;0;991;991,2;991;;25,3;14,5;26,1;25,3;14,5;13,8;51;47;51;154;9,3;4,3;
2021/08/05;0400 UTC;0;990,7;991;990,7;;24,8;14,6;25,3;24,8;14,7;14,5;53;51;53;144;8,4;4,4;
2021/08/05;0500 UTC;0;990,6;990,8;990,5;;24,1;14,9;24,8;24,1;15;14,6;57;53;57;148;7,6;3,9;
2021/08/05;0600 UTC;0;990,8;990,8;990,5;;23,5;14,9;24,1;23,5;15,1;14,9;59;57;59;156;6,5;2,9;
2021/08/05;0700 UTC;0;990,8;990,8;990,6;;22,4;14,6;23,5;22,4;14,9;14,5;62;59;62;192;5,8;0;
2021/08/05;0800 UTC;0;991,5;991,5;990,8;;19,9;15,8;22,4;19,5;15,8;14,3;77;62;77;307;,7;0;
2021/08/05;0900 UTC;0;991,9;991,9;991,5;;21,5;14,2;21,6;19,4;15,8;14,2;77;63;63;179;3;1,4;
2021/08/05;1000 UTC;0;992,6;992,6;991,9;325;23;13,4;23;21,4;14,2;13,4;63;55;55;192;2,8;1,2;
2021/08/05;1100 UTC;0;993,3;993,3;992,6;1190,7;25,7;12,8;25,8;23;13,5;12,4;55;45;45;157;2,6;0;
2021/08/05;1200 UTC;0;993,4;993,6;993,3;2014,9;26,4;12,7;26,7;25;13,1;12,3;46;42;43;194;4,4;1,8;
2021/08/05;1300 UTC;0;993,1;993,5;993;2666;28;12,2;28,5;26,5;12,9;11,9;43;37;38;178;5;1,9;
2021/08/05;1400 UTC;0;992,1;993,1;992,1;3091,5;30,3;11,7;30,9;28;12,8;11,7;39;32;32;182;7;3,4;
2021/08/05;1500 UTC;0;991,1;992,1;991,1;3129,8;31,3;12,5;31,3;29,8;12,9;11,6;34;32;32;154;10,8;4,4;
2021/08/05;1600 UTC;0;990;991,1;990;2099,3;30,7;12,8;32,2;30,4;13,2;12,1;34;31;33;138;9,7;3,6;
2021/08/05;1700 UTC;0;989,4;990;989,3;1967,4;30,5;12,5;32;30,4;13,3;12,1;33;30;33;137;10,7;5,1;
2021/08/05;1800 UTC;0;988,7;989,4;988,6;1417,5;31;13,1;31,4;30,3;13,5;12,3;34;32;34;137;9;1,8;
2021/08/05;1900 UTC;0;988,7;988,7;988,5;904,4;30,3;12,9;31;30,2;13,2;12,6;35;33;34;171;9,1;4,3;
2021/08/05;2000 UTC;0;989,3;989,3;988,7;294,6;29,5;13,2;30,4;29,5;13,4;12,7;37;34;37;172;8,3;4,3;
2021/08/05;2100 UTC;0;989,8;989,8;989,3;39,2;29,1;13,6;29,5;29,1;13,6;13,3;39;37;39;165;6,8;3,4;
2021/08/05;2200 UTC;0;990,3;990,3;989,8;;28,5;14,1;29,1;28,4;14,1;13,6;42;38;41;188;6,1;3,1;
2021/08/05;2300 UTC;0;991,4;991,4;990,3;;27,4;14,9;28,5;27,4;14,9;14,1;46;41;46;150;7,5;2,8;
2021/08/06;0000 UTC;0;992;992;991,3;;26,9;15;27,4;26,9;15,2;14,9;49;46;48;146;7;3,5;
2021/08/06;0100 UTC;0;992,7;992,7;992;;26;15,3;26,9;26;15,3;15;52;48;52;147;10,8;5,1;
2021/08/06;0200 UTC;0;992,7;992,9;992,7;;25,3;14,6;26;25,3;15,5;14,6;54;51;51;145;10;4,1;
2021/08/06;0300 UTC;0;992,3;992,7;992,3;;25;14,5;25,3;24,9;14,6;14,2;52;50;52;144;7,5;3,6;
2021/08/06;0400 UTC;0;991,5;992,3;991,5;;24,5;15;25;24,5;15;14,5;56;52;56;155;7,7;3;
2021/08/06;0500 UTC;0;991;991,5;991;;24,2;15;24,6;24,2;15,1;14,9;57;55;57;146;7,5;2,5;
2021/08/06;0600 UTC;0;990,8;991;990,7;;23,7;15;24,2;23,7;15;14,9;58;56;58;143;6;3,2;
2021/08/06;0700 UTC;0;990,9;990,9;990,7;;23,1;14,4;23,8;23;15;14,4;60;57;58;164;5;1,4;
2021/08/06;0800 UTC;0;991,6;991,6;990,9;;23,1;14;23,4;22,4;14,5;14;59;57;57;134;5,3;2,8;
2021/08/06;0900 UTC;0;992,1;992,1;991,6;;22,8;14,3;23,3;22,8;14,4;14;59;56;59;136;7,4;3,3;
2021/08/06;1000 UTC;0;992,6;992,6;992,1;370,3;23,9;14,3;24;22,8;14,6;14,2;59;54;55;143;6,1;2,9;
2021/08/06;1100 UTC;0;993,4;993,4;992,6;917,4;25,4;14,1;25,4;23,9;14,5;13,8;55;50;50;150;7,9;4,3;
2021/08/06;1200 UTC;0;993,6;993,6;993,3;1385,4;25,9;14,3;25,9;24,8;14,3;13,6;51;48;49;170;11;4;
2021/08/06;1300 UTC;0;993,3;993,8;993,3;2131,6;28,1;13,6;28,9;25,8;14,5;13,6;49;40;41;179;10,6;3,7;
2021/08/06;1400 UTC;0;992,6;993,3;992,4;3160,1;29,3;11,8;29,6;27,7;14,1;11,7;42;34;34;159;11,3;5,9;
2021/08/06;1500 UTC;0;991,2;992,6;991,2;3286,4;31,4;11,9;31,5;29,2;12,5;11,4;35;30;30;178;10,7;3,9;
2021/08/06;1600 UTC;0;989,9;991,2;989,9;3259,5;31,6;10,9;32,1;30,6;12,2;10,6;31;27;28;172;10,7;5,7;
2021/08/06;1700 UTC;0;988,9;989,8;988,9;3009,7;32,7;10,9;33;31,6;11,4;10,4;28;26;26;165;10,2;5,2;
2021/08/06;1800 UTC;0;988,2;988,9;988,1;2449,7;33;10,7;33,3;32;11,4;10,3;27;25;26;167;11,3;4,6;
2021/08/06;1900 UTC;0;988,1;988,4;988,1;1596,8;31,8;11;33,1;31,7;11,4;10,4;28;26;28;175;10,4;5,1;
2021/08/06;2000 UTC;0;988,5;988,5;988,1;869,8;31;11,7;32,2;31;11,8;11;31;28;31;170;9,4;5,6;
2021/08/06;2100 UTC;0;989,1;989,1;988,5;126,6;30,1;11,9;31;30,1;12,1;11,7;33;31;33;165;9,4;4,6;
2021/08/06;2200 UTC;0;989,6;989,6;989,1;;29,7;12;30,1;29,5;12;11,6;34;32;34;159;8;4;
2021/08/06;2300 UTC;0;990,3;990,3;989,6;;28,9;13;29,7;28,9;13;12;38;34;38;168;8,5;3,8;
2021/08/07;0000 UTC;0;991;991,1;990,3;;27,8;14;28,9;27,7;14;13;43;38;43;162;9,9;3,8;
2021/08/07;0100 UTC;0;991,5;991,5;991;;26,7;14;27,8;26,7;14,2;13,8;46;43;46;160;10,4;4,6;
2021/08/07;0200 UTC;0;991,6;991,7;991,5;;25,6;14,3;26,7;25,6;14,4;14;50;46;50;153;10,6;4,8;
2021/08/07;0300 UTC;0;991,7;991,8;991,6;;24,8;14,8;25,7;24,8;14,8;14,4;54;50;54;138;9,6;4,1;
2021/08/07;0400 UTC;0;991,1;991,7;991,1;;23,9;15,2;24,8;23,9;15,3;14,8;58;54;58;159;7,1;2;
2021/08/07;0500 UTC;0;990,5;991,1;990,5;;23,3;15,4;24;23,3;15,5;15,3;61;58;61;143;4,6;1,8;
2021/08/07;0600 UTC;0;990,2;990,5;990,2;;23,1;15,8;23,4;23;15,9;15,4;64;61;63;131;7,8;3;
2021/08/07;0700 UTC;0;990,2;990,2;990;;22,8;15,5;23,3;22,5;15,9;15,3;64;62;64;156;7,8;1,3;
2021/08/07;0800 UTC;0;990,2;990,2;990,1;;22,5;15,3;23;22,4;15,5;15,2;65;62;64;155;5,5;1,9;
2021/08/07;0900 UTC;0;990,6;990,6;990,2;;21,8;15,2;22,6;21,7;15,5;15,2;67;64;66;157;3,8;1,7;
2021/08/07;1000 UTC;0;991,2;991,2;990,6;339,8;23,5;15;23,5;21,8;15,4;15;66;59;59;144;4,5;1,7;
2021/08/07;1100 UTC;0;991,8;991,8;991,2;1198,3;24,9;14,2;24,9;23,4;15,2;14;60;51;52;151;10;4,4;
2021/08/07;1200 UTC;0;992,3;992,3;991,8;2160,4;26,4;13,8;26,5;24,7;14,6;13,4;52;46;46;145;12,1;6;
2021/08/07;1300 UTC;0;992,2;992,4;992;2482,7;27,5;13,7;27,5;26;14;13,1;46;43;43;172;11,8;5,5;
2021/08/07;1400 UTC;0;991,4;992,2;991,3;3152,4;29,8;13,4;29,8;26,8;13,8;12,4;43;36;37;144;11,9;5,1;
2021/08/07;1500 UTC;0;990,5;991,4;990,5;2395,4;29,2;12,5;30,1;28,4;13,3;12;39;34;36;169;9,1;3,7;
2021/08/07;1600 UTC;0;989,1;990,5;989,1;2309,2;29,6;12,5;30,6;29,1;13,3;12,4;37;34;35;188;9,3;4,5;
2021/08/07;1700 UTC;0;988,3;989,2;988,2;2418,2;29,9;12,5;30,8;29,6;13,3;12,5;36;34;34;161;11,4;5,1;
2021/08/07;1800 UTC;0;987,6;988,2;987,6;1449,8;30,2;13,1;30,8;29,5;13,6;12,4;37;34;35;150;10,3;5,3;
2021/08/07;1900 UTC;0;987,4;987,7;987,4;1035,7;29,9;13,9;31,3;29,7;14;12,9;38;35;38;168;9,5;4,2;
2021/08/07;2000 UTC;0;987,5;987,5;987,3;541,8;29,1;14,5;30,5;29,1;14,5;13,6;41;36;41;154;8,9;4,4;
2021/08/07;2100 UTC;0;988,2;988,2;987,5;90,1;27,5;15;29,1;27,4;15;14;46;41;46;170;10,6;3,5;
2021/08/07;2200 UTC;0;988,8;988,8;988,2;;27,2;14,3;27,5;27,1;15,1;14,2;47;45;45;144;6,3;1,6;
2021/08/07;2300 UTC;0;989,6;989,6;988,8;;27,3;13,7;27,5;27,1;14,2;13,5;45;42;43;154;7,6;3,1;
2021/08/08;0000 UTC;0;990,4;990,4;989,6;;26,7;13,7;27,3;26,7;14;13,7;45;43;45;157;6,9;3;
2021/08/08;0100 UTC;0;990,6;990,6;990,4;;25,9;13;26,7;25,9;13,8;13;45;44;45;137;8,6;4,9;
2021/08/08;0200 UTC;0;990,8;990,8;990,6;;25;13,2;25,9;24,9;13,3;13,1;48;45;48;140;8,4;2,7;
2021/08/08;0300 UTC;0;990,8;991;990,8;;24,4;13,3;25,1;24,4;13,3;13,1;50;48;50;142;7,9;4,3;
2021/08/08;0400 UTC;0;990,2;990,8;990,2;;23,3;13,4;24,5;23,3;13,4;13,2;54;50;54;150;7,1;2;
2021/08/08;0500 UTC;0;989,6;990,2;989,6;;22,9;13,6;23,3;22,7;13,7;13,4;56;54;56;151;5,7;3,3;
2021/08/08;0600 UTC;0;989,2;989,7;989,2;;22,2;13,9;23,1;22;13,9;13,6;60;55;59;146;6;2,8;
2021/08/08;0700 UTC;0;989,1;989,2;989;;21,9;14,1;22,5;21,8;14,2;13,8;61;58;61;147;6,9;3,7;
2021/08/08;0800 UTC;0;989,5;989,5;989,1;;21,5;14,1;22;21,4;14,2;14;63;61;63;143;7,3;4,1;
2021/08/08;0900 UTC;0;990;990;989,5;;21,1;14,3;21,6;21;14,3;14;65;63;65;157;6,9;2,8;
2021/08/08;1000 UTC;0;990,7;990,7;990;347,5;22,2;14,5;22,2;21;14,5;14,2;65;61;61;158;5,6;2,8;
2021/08/08;1100 UTC;0;991;991;990,7;1209;23,6;14;23,9;22,2;14,6;14;61;55;55;169;7,8;4,2;
2021/08/08;1200 UTC;0;991,1;991,1;991;2060,2;25,6;14,2;25,6;23,4;14,6;13,6;56;49;49;144;9,3;3,9;
2021/08/08;1300 UTC;0;990,8;991,1;990,7;2719,4;27,1;13,5;27,6;25,2;14,5;13,1;50;42;43;143;9;2,8;
2021/08/08;1400 UTC;0;990,1;990,8;990,1;3147,3;29;12,8;29,1;26,9;14,2;12,7;45;37;37;119;7,5;2,6;
2021/08/08;1500 UTC;0;989,2;990,1;989,2;3333;30,3;12,2;30,9;28,9;13,6;12;38;33;33;113;7,6;2,6;
2021/08/08;1600 UTC;0;987,7;989,2;987,7;3252,2;31,1;12;31,6;30,1;12,8;11,5;34;30;31;91;9,9;2,8;
2021/08/08;1700 UTC;0;986,8;987,7;986,8;2973,1;32,1;11,9;32,6;31;13;11,3;32;28;29;91;6,9;2,5;
2021/08/08;1800 UTC;0;986,3;986,8;986,3;2469,3;32,4;10,6;34;31,8;12,1;9,9;30;24;26;126;6,9;2,1;
2021/08/08;1900 UTC;0;986,1;986,4;986,1;1743,4;33,2;9,1;33,9;32,1;11,4;8,9;28;23;23;145;6;1,5;
2021/08/08;2000 UTC;0;986,4;986,4;986,1;894,3;32,2;10,9;33,4;32,1;11,1;9;27;23;27;126;7,2;0;
2021/08/08;2100 UTC;0;986,9;986,9;986,4;124,6;26,9;14,7;32,1;26,9;15,1;10,5;48;27;47;89;0;0;
2021/08/08;2200 UTC;0;987,3;987,3;986,9;;25,4;14,4;27,4;25,4;15,2;13,4;51;42;51;101;0;0;
2021/08/08;2300 UTC;0;987,7;987,7;987,3;;24;14,8;25,4;23,9;16;14,7;60;51;56;107;0;0;
2021/08/09;0000 UTC;0;988,5;988,5;987,7;;27,2;12,6;27,2;24,1;14,8;12,6;56;40;40;110;5,6;3,3;
2021/08/09;0100 UTC;0;989,4;989,4;988,5;;27,7;12,7;28,1;27,2;12,7;12,3;40;38;39;114;10,5;5;
2021/08/09;0200 UTC;0;990,2;990,2;989,4;;27,1;13,2;27,7;27;13,2;12,7;42;39;42;121;9;4,5;
2021/08/09;0300 UTC;0;990,1;990,2;990,1;;26,1;13,4;27,1;26,1;13,4;13,2;46;42;46;119;8,4;2,5;
2021/08/09;0400 UTC;0;989,6;990,1;989,6;;25,6;14,6;26,2;25,6;14,6;13,4;50;46;50;140;6,1;2,9;
2021/08/09;0500 UTC;0;989,2;989,6;989,2;;24,3;14,8;25,7;24,3;14,9;14,6;55;50;55;123;4,8;1,5;
2021/08/09;0600 UTC;0;989,1;989,2;989,1;;22,7;14,5;24,5;22,7;14,8;14,3;60;54;60;146;4,1;,7;
2021/08/09;0700 UTC;0;989;989,1;988,9;;24,1;14,6;24,2;21,9;15,2;14,6;64;55;55;161;4,7;2,3;
2021/08/09;0800 UTC;0;989,3;989,3;989;;22,3;15,4;24,2;22,3;15,4;14,6;65;55;65;68;4,5;0;
2021/08/09;0900 UTC;0;990,1;990,1;989,2;2,9;21,2;15,5;22,3;21,1;15,8;15,4;71;65;70;97;1,1;0;
2021/08/09;1000 UTC;0;990,6;990,6;990;137,9;23,7;15;23,7;20,8;16,5;14,9;73;58;58;161;4,8;2,4;
2021/08/09;1100 UTC;0;991,2;991,2;990,6;638,1;25,3;14,9;25,4;23,7;15,2;14,6;58;52;53;155;6,2;1,8;
2021/08/09;1200 UTC;0;991,4;991,4;991,2;1705,2;27,5;14,8;27,7;25,3;15,6;14,5;53;45;46;121;6;3,1;
2021/08/09;1300 UTC;0;991,5;991,6;991,4;2500,1;28,4;14,6;28,7;26,9;15,5;14,3;47;43;43;117;7;2,8;
2021/08/09;1400 UTC;0;990,9;991,5;990,9;2441,6;29,4;14,6;30,4;27,8;15,3;14,2;44;39;40;115;7,1;3,2;
2021/08/09;1500 UTC;0;989,6;991;989,6;3513,9;31,3;14;31,7;29,5;15,5;13,7;41;34;35;95;7,3;3,6;
2021/08/09;1600 UTC;0;988,4;989,6;988,4;2778,3;32,5;13,6;32,9;30,8;15,1;13,4;37;32;32;164;7,3;2,3;
2021/08/09;1700 UTC;0;987,4;988,4;987,4;2245,3;33,4;12,7;33,8;31,9;14,3;12,5;33;28;29;144;7,3;4,4;
2021/08/09;1800 UTC;0;986,7;987,4;986,7;2170,6;34,4;13;35;33;13,9;12,3;30;26;27;145;9,2;3,1;
2021/08/09;1900 UTC;0;986,8;986,8;986,6;1004,9;32,6;13,6;34,7;32,5;13,9;12;32;26;32;142;7,1;3,7;
2021/08/09;2000 UTC;0;986,8;986,8;986,7;379,6;31,6;13,7;32,7;31,6;14,5;13,3;34;31;34;108;6,1;2,6;
2021/08/09;2100 UTC;0;987,1;987,1;986,8;59,1;31,3;13,3;31,9;31,2;13,7;13,3;34;32;33;161;5,4;2,4;
2021/08/09;2200 UTC;0;987,2;987,2;987,1;;30,2;13,7;31,3;30;13,9;13,4;37;33;36;145;4,4;1,7;
2021/08/09;2300 UTC;0;988,1;988,1;987,2;;29,4;15,7;30,8;29,3;15,7;13,2;44;34;44;138;6,4;3,4;
2021/08/10;0000 UTC;0;989,6;989,6;988,1;;26,9;18,3;29,4;26,9;18,3;15,7;60;44;60;143;9,7;4,8;
2021/08/10;0100 UTC;0;990,3;990,3;989,6;;26,3;18,1;26,9;26,1;18,5;18,1;63;60;61;143;9,7;3,8;
2021/08/10;0200 UTC;0;990,3;990,4;990,2;;25,8;18;26,3;25,7;18,1;17,8;62;60;62;156;8,1;3,8;
2021/08/10;0300 UTC;0;990,1;990,3;990,1;;25,3;17,9;25,8;25,2;18;17,9;64;62;64;151;8;4,6;
2021/08/10;0400 UTC;0;990;990,1;989,9;;24,7;17,8;25,3;24,7;17,9;17,8;65;64;65;148;8,3;3,5;
2021/08/10;0500 UTC;0;989,7;990;989,6;;24,5;17,3;24,8;24,3;17,7;17,3;66;65;65;129;7,3;3,3;
2021/08/10;0600 UTC;0;989,4;989,7;989,4;;24,2;17,3;24,5;24,1;17,3;17,3;66;64;66;143;6,5;2,7;
2021/08/10;0700 UTC;0;989,3;989,4;989,1;;23,9;17,3;24,2;23,8;17,4;17,3;67;66;67;146;5,8;2,5;
2021/08/10;0800 UTC;0;989,7;989,7;989,3;;23,7;17,2;24;23,5;17,4;17,2;68;66;67;138;5,2;2,6;
2021/08/10;0900 UTC;0;989,9;989,9;989,7;;23,6;17,2;23,8;23,4;17,2;17,1;68;67;67;128;5,8;2,9;
2021/08/10;1000 UTC;0;990,4;990,4;989,9;353,7;24,5;16,8;24,6;23,5;17,2;16,7;68;62;62;165;6,2;2,9;
2021/08/10;1100 UTC;0;990,7;990,8;990,4;1213,3;26,3;16,6;26,3;24,5;17;16,3;62;55;55;154;6,6;3,4;
2021/08/10;1200 UTC;0;990,7;990,8;990,7;2044,4;27,8;16,1;27,9;26;16,6;15,9;55;49;49;158;9,1;4,1;
2021/08/10;1300 UTC;0;990,4;990,7;990,4;2669,4;29,7;15,8;29,8;27,6;16,4;15,6;49;43;43;182;8,7;4,3;
2021/08/10;1400 UTC;0;989,7;990,4;989,7;2982,7;31,1;15,5;31,7;29,4;16,2;15;44;38;39;172;8,9;5,3;
2021/08/10;1500 UTC;0;988,7;989,7;988,6;3281,9;33;15,1;33,1;30,7;16;14,4;40;34;34;154;11;4,5;
2021/08/10;1600 UTC;0;987,4;988,7;987,4;2451,1;33,2;15;33,2;31,4;15,4;14,3;38;34;34;148;9,2;4,5;
2021/08/10;1700 UTC;0;986,5;987,5;986,5;1702,5;32,7;15;33,4;31,4;15,5;13,8;37;32;34;146;9,1;5,7;
2021/08/10;1800 UTC;0;986,2;986,6;986,2;1683,5;31,9;14,7;33,2;31,6;15,4;14,5;37;34;36;168;10,5;4,6;
2021/08/10;1900 UTC;0;986,2;986,3;986,1;1183,3;31,9;14,5;32,4;31,5;15,3;14,5;37;34;35;159;8,1;4,1;
2021/08/10;2000 UTC;0;986,1;986,2;986;663,8;31,4;14,8;32,1;31,3;15;14,2;37;35;36;172;7,6;3,7;
2021/08/10;2100 UTC;0;986,3;986,3;986,1;120,4;30,1;14,8;31,5;30,1;14,8;14,3;39;36;39;165;8,4;2,4;
2021/08/10;2200 UTC;0;986,8;986,8;986,3;;29,3;15,3;30,2;29;15,4;14,8;44;39;43;157;5,5;2,2;
2021/08/10;2300 UTC;0;987,3;987,3;986,8;;28,4;15,7;29,4;28,1;15,9;15,3;48;42;46;148;5;2,9;
2021/08/11;0000 UTC;0;988,1;988,1;987,3;;28;16,2;28,6;27,9;16,2;15,8;49;46;49;155;6,6;3,3;
2021/08/11;0100 UTC;0;988,3;988,4;988,1;;27,2;16,7;28;27,1;16,7;16,2;53;49;53;169;7,5;4,7;
2021/08/11;0200 UTC;0;988,5;988,6;988,3;;26,2;17;27,2;26,1;17;16,6;57;53;57;167;8,3;3,9;
2021/08/11;0300 UTC;0;988,5;988,6;988,5;;25,5;17;26,2;25,5;17;16,9;59;57;59;136;9,4;1,9;
2021/08/11;0400 UTC;0;988,6;988,7;988,5;;24,7;17,1;25,5;24,7;17,2;17;63;59;63;147;6,6;,1;
2021/08/11;0500 UTC;0;988,4;988,6;988,3;;23,2;17,2;24,7;23,2;17,3;17,1;69;63;69;116;0;0;
2021/08/11;0600 UTC;0;988,3;988,5;988,2;;23;17,2;23,2;22,3;17,4;16,9;73;69;70;157;0;0;
2021/08/11;0700 UTC;0;988,2;988,3;988,1;;23,1;16,8;23,5;22,9;17,2;16,7;70;67;68;146;0;0;
2021/08/11;0800 UTC;0;988,3;988,3;988,1;;22,5;16,5;23,2;22,4;16,8;16,5;70;67;69;153;0;0;
2021/08/11;0900 UTC;0;988,7;988,7;988,3;;22,6;16,4;22,7;22,2;16,7;16,3;70;68;68;149;0;0;
2021/08/11;1000 UTC;0;989,3;989,3;988,7;359,6;24;16,2;24;22,5;16,5;16,2;69;62;62;161;0;0;
2021/08/11;1100 UTC;0;989,9;990;989,3;1221,3;26,1;16,1;26,1;24;16,3;15,9;62;54;54;153;6,6;,2;
2021/08/11;1200 UTC;0;990,1;990,1;989,9;2028,9;26,9;15,9;27,3;25,6;16,3;15,7;55;50;51;144;7,1;0;
2021/08/11;1300 UTC;0;989,8;990,1;989,8;2699,8;28,3;15,4;28,9;26,7;16,3;15,2;51;45;45;146;7,9;1,3;
2021/08/11;1400 UTC;0;989,1;989,9;989,1;3130,9;29,8;15,2;30,8;28,2;16,2;14,8;46;39;41;167;9,2;3,1;
2021/08/11;1500 UTC;0;987,8;989,1;987,8;3316;31,2;14,7;31,9;29,8;15,6;14,3;41;35;37;136;7,6;4,7;
2021/08/11;1600 UTC;0;986,7;987,8;986,7;3275,7;32,9;14,5;32,9;31,1;15,5;14;38;33;33;175;8;4,1;
2021/08/11;1700 UTC;0;985,7;986,7;985,7;2987,1;32,2;13,6;33,7;32,2;14,9;13,6;34;31;33;125;8,6;4,9;
2021/08/11;1800 UTC;0;985,2;985,8;985,2;2069,9;33,4;13,7;34,4;31,9;14,9;13,1;34;29;30;144;8;3,4;
2021/08/11;1900 UTC;0;984,8;985,2;984,7;1862,4;33,4;13;34,1;33,3;14,1;12,9;31;29;29;177;8,2;3,8;
2021/08/11;2000 UTC;0;984,8;984,9;984,7;904,7;32,9;13,3;33,7;32,8;13,7;12,9;31;29;30;171;6,6;2,8;
2021/08/11;2100 UTC;0;985,2;985,2;984,8;128,7;30,8;13,9;32,9;30,6;13,9;12,9;36;30;36;137;5,5;1,8;
2021/08/11;2200 UTC;0;985,3;985,3;985,1;;30,1;14,4;31;29,6;14,6;13,8;40;35;39;152;4,1;2;
2021/08/11;2300 UTC;0;985,9;985,9;985,3;;29,9;14,2;30,3;29,5;14,6;14,1;40;38;38;146;5,7;2,7;
2021/08/12;0000 UTC;0;986,7;986,7;985,9;;28,9;14,5;30,1;28,9;14,5;14,1;41;38;41;142;8,9;3,8;
2021/08/12;0100 UTC;0;987,1;987,1;986,7;;28,3;14,9;28,9;28,2;14,9;14,5;44;41;44;148;8,9;3,2;
2021/08/12;0200 UTC;0;987,6;987,6;987,1;;27,6;15,2;28,3;27,5;15,3;14,8;47;44;47;137;6,9;3,5;
2021/08/12;0300 UTC;0;987,6;987,6;987,5;;26,6;15,8;27,6;26,5;15,8;15,2;52;47;52;135;7,1;3,7;
2021/08/12;0400 UTC;0;987,3;987,6;987,3;;25,8;16,6;26,6;25,8;16,6;15,7;57;52;57;127;6,2;3;
2021/08/12;0500 UTC;0;987,1;987,3;987,1;;24,7;17;25,8;24,7;17,1;16,6;62;57;62;114;6,4;2;
2021/08/12;0600 UTC;0;987,1;987,2;986,9;;23,2;17,3;24,7;23,2;17,4;17;69;62;69;119;3,6;1,2;
2021/08/12;0700 UTC;0;987,2;987,2;987;;22;17,4;23,7;22;17,5;17,2;75;68;75;103;2,8;,4;
2021/08/12;0800 UTC;0;987,3;987,3;987,1;;23,5;18;23,5;21,9;18,1;17,3;76;71;71;121;3,4;1,7;
2021/08/12;0900 UTC;0;987,8;987,8;987,3;;24,2;18;24,2;23,5;18,1;18;71;68;68;145;4,1;1,8;
2021/08/12;1000 UTC;0;988,5;988,5;987,8;205,3;25,1;17,6;25,1;24,2;18,1;17,5;68;63;63;139;5,3;2,8;
2021/08/12;1100 UTC;0;989,3;989,3;988,5;780,3;26,9;17,9;26,9;25,1;18,2;17,1;63;58;58;126;6,4;2,3;
2021/08/12;1200 UTC;0;989,8;989,9;989,3;1381,6;26,2;17,8;27,7;26;18,3;17;60;54;60;137;6,9;3,5;
2021/08/12;1300 UTC;0;989,6;989,9;989,6;2323,6;29,4;17,2;29,4;26,2;18,2;16,3;60;47;48;118;6,4;1,9;
2021/08/12;1400 UTC;0;989;989,7;989;2063,8;29,9;16,3;29,9;28,4;16,8;15,5;48;43;44;131;6,7;2,9;
2021/08/12;1500 UTC;0;988;989;988;3408,9;32,3;14,3;32,3;29,7;16,4;13,7;44;34;34;117;10,5;3;
2021/08/12;1600 UTC;0;986,9;988;986,9;2650,7;32,7;13,7;33;30,9;14,5;12,9;37;31;32;141;8,2;2,6;
2021/08/12;1700 UTC;0;985,8;986,9;985,8;3002,3;33,6;12,2;33,8;31,7;14;11,7;34;27;27;193;8,2;,4;
2021/08/12;1800 UTC;0;985,2;985,8;985,2;2167,5;32,5;12;34,5;32,5;13,3;11,4;30;25;29;145;6;1,7;
2021/08/12;1900 UTC;0;984,7;985,2;984,7;1598,5;33,6;12,5;34,1;32,5;13,2;11,5;30;26;28;98;6;0;
2021/08/12;2000 UTC;0;984,7;984,8;984,7;793,9;33,4;9,8;34;32,6;12,9;9,8;29;23;24;172;6,6;0;
2021/08/12;2100 UTC;0;985;985;984,7;109,8;31,7;9,9;33,4;31,4;10,7;9,7;27;23;26;137;4,6;0;
2021/08/12;2200 UTC;0;985,5;985,5;985;;31,5;9,1;32,1;31,4;10,2;9;27;25;25;144;4,6;0;
2021/08/12;2300 UTC;0;986,2;986,2;985,5;;30,6;8,2;31,7;30,6;8,9;8;25;24;25;155;6;0;
2021/08/13;0000 UTC;0;987,6;987,6;986,2;;29,2;9,8;30,7;29,1;9,8;8,1;30;25;30;149;9,4;3,3;
2021/08/13;0100 UTC;0;988,4;988,4;987,6;;27,8;10,7;29,1;27,7;10,7;9,8;35;30;34;118;5,8;1;
2021/08/13;0200 UTC;0;988,7;988,8;988,3;;27,5;10,8;27,9;26,8;11,2;10,6;37;34;35;163;6;3,4;
2021/08/13;0300 UTC;0;988,5;988,8;988,5;;26;11,6;27,5;25,2;11,9;10,7;43;35;41;138;5,3;2,2;
2021/08/13;0400 UTC;0;988,5;988,6;988,5;;24,7;12,6;26,6;24,4;12,7;11,3;48;39;47;75;5,2;,6;
2021/08/13;0500 UTC;0;988,5;988,6;988,4;;23,2;13,4;24,7;23,2;13,4;12,6;54;47;54;109;3,3;0;
2021/08/13;0600 UTC;0;988,4;988,6;988,4;;22,2;13,8;24;22,2;14;13,4;59;53;59;144;0;0;
2021/08/13;0700 UTC;0;988,8;988,8;988,4;;22,9;14,3;23,4;22;14,6;13,7;61;56;59;139;0;0;
2021/08/13;0800 UTC;0;988,9;989;988,8;;22,4;14,6;22,9;22,4;14,7;14,3;61;59;61;137;0;0;
2021/08/13;0900 UTC;0;989,3;989,3;988,9;;21,3;15;22,5;20,3;15,4;14,4;72;61;68;149;0;0;
2021/08/13;1000 UTC;0;989,8;989,9;989,3;362,5;23,8;14,9;23,8;20,8;15,5;14,7;69;57;57;163;0;0;
2021/08/13;1100 UTC;0;990,3;990,3;989,8;1239,3;25,3;14,7;25,3;23,8;15;14,4;57;52;52;140;7,8;3,9;
2021/08/13;1200 UTC;0;990,4;990,4;990,3;2091;26,8;14;27,1;25,1;14,6;13,7;52;45;45;122;8,1;4,1;
2021/08/13;1300 UTC;0;990,2;990,4;990,2;2747,5;28,6;13,9;28,7;26,5;14,3;13,3;45;41;41;117;6,8;3,2;
2021/08/13;1400 UTC;0;989,4;990,2;989,4;3052,5;29,9;12,5;30,2;28,1;14,4;12,1;42;34;34;196;7,3;0;
2021/08/13;1500 UTC;0;988,3;989,4;988,3;2884,4;30,9;12,1;31,2;29,7;13;11,7;35;31;32;283;7,2;,9;
2021/08/13;1600 UTC;0;987,3;988,3;987,2;2880,8;32,1;11;32,7;30,6;12,9;10,6;33;27;28;44;7,7;1,8;
2021/08/13;1700 UTC;0;986,1;987,3;986,1;3026,3;33,2;10,7;33,7;32;11,6;9,5;28;23;25;132;8;,2;
2021/08/13;1800 UTC;0;985,4;986,1;985,4;2450,2;33,8;9,8;34,5;32,6;11,4;9,3;27;22;23;100;6,9;2,8;
2021/08/13;1900 UTC;0;985,2;985,4;985,1;1754,7;33,7;9,8;34,4;33,6;10,3;8,5;23;21;23;113;7,5;1,2;
2021/08/13;2000 UTC;0;985,5;985,5;985,2;586,7;32,6;10,8;34;32,3;10,8;9;26;22;26;175;6,5;3;
2021/08/13;2100 UTC;0;985,8;985,8;985,5;112,4;30,9;10,8;32,6;30,9;10,8;10,3;29;26;29;191;5,7;2,1;
2021/08/13;2200 UTC;0;986,5;986,5;985,8;;29,7;11,6;31;29,6;11,7;10,8;33;29;33;177;4,9;2,2;
2021/08/13;2300 UTC;0;987,2;987,2;986,5;;28,8;11,7;29,9;28,8;11,8;11,4;35;32;35;182;6,8;1,9;
2021/08/14;0000 UTC;0;987,9;987,9;987,2;;27,6;11,1;29,4;27,6;11,7;11;36;33;36;128;5,4;1,9;
2021/08/14;0100 UTC;0;988,2;988,2;987,9;;27,5;10,8;28;27,1;11,3;10,6;37;34;35;129;4,9;2,4;
2021/08/14;0200 UTC;0;988,5;988,5;988,2;;26,8;11,9;27,7;26,8;11,9;10,7;40;35;40;135;8,6;,6;
2021/08/14;0300 UTC;0;988,5;988,5;988,4;;25,7;13,2;26,8;25,6;13,2;11,9;46;40;46;153;8;2,8;
2021/08/14;0400 UTC;0;988,5;988,6;988,4;;24,7;13,6;25,6;24,7;13,6;13,2;50;46;50;162;6,9;,2;
2021/08/14;0500 UTC;0;988,2;988,5;988,2;;24;13,9;24,7;23,4;14;13,6;55;50;53;133;5,3;2,5;
2021/08/14;0600 UTC;0;988,4;988,4;988,2;;23,5;14,5;24,1;23,3;14,6;13,9;57;53;57;132;5,3;2,1;
2021/08/14;0700 UTC;0;988,6;988,6;988,4;;21,2;14,9;23,5;21,2;15,1;14,4;67;57;67;130;5,4;0;
2021/08/14;0800 UTC;0;988,9;988,9;988,6;;18,9;14,9;21,2;18,9;15,4;14,8;78;67;78;264;0;0;
2021/08/14;0900 UTC;0;989;989;988,9;0;18,4;15,3;18,9;18,1;15,4;14,8;83;78;82;161;2;,4;
2021/08/14;1000 UTC;0;989,4;989,4;989;369,8;23,8;14,2;24,1;18,3;16,7;14,2;82;55;55;71;2;0;
2021/08/14;1100 UTC;0;990,1;990,1;989,4;1240,9;24,7;14,4;25;23,5;14,6;13,7;56;51;53;193;3,4;,8;
2021/08/14;1200 UTC;0;990,3;990,4;990,1;2090,7;26,7;14,1;26,7;24,7;14,7;13,7;53;46;46;257;6,3;,9;
2021/08/14;1300 UTC;0;989,9;990,3;989,9;2752,6;28,3;12,7;28,4;26,2;14,3;12,3;46;38;38;186;5,4;2,6;
2021/08/14;1400 UTC;0;989,1;989,9;989,1;3191;30,2;12,2;30,5;28,2;12,9;11,5;38;32;33;161;7,3;1,1;
2021/08/14;1500 UTC;0;987,8;989,1;987,8;3363,3;31,5;11,5;31,8;29,6;12,6;11;33;29;29;154;11,1;1,4;
2021/08/14;1600 UTC;0;986,6;987,9;986,6;3300,6;32,7;10,5;33,3;31,5;11,9;10,4;30;25;26;169;7;1,4;
2021/08/14;1700 UTC;0;985,5;986,6;985,5;3004,3;33,4;10,9;34,2;32,4;12,2;10,3;28;24;25;186;6,4;2,8;
2021/08/14;1800 UTC;0;984,7;985,5;984,7;2491,3;34,2;9,6;35,4;33,4;11,2;9,4;25;21;22;192;6,4;1,6;
2021/08/14;1900 UTC;0;984,6;984,7;984,5;1769,1;34,1;9,4;34,8;34;10,9;9,1;24;22;22;214;6,9;2,9;
2021/08/14;2000 UTC;0;984,6;984,6;984,5;877,4;33,4;9,6;34,1;33,4;10;8,9;24;22;23;187;6,9;2;
2021/08/14;2100 UTC;0;984,9;984,9;984,6;128,2;31,1;10,2;33,4;31,1;10,4;9,5;27;23;27;181;5;1,2;
2021/08/14;2200 UTC;0;985,3;985,3;984,9;;27,3;11,9;31,1;26,6;13,5;10,1;43;27;38;179;2,7;1;
2021/08/14;2300 UTC;0;985,9;985,9;985,3;;28,2;11,4;28,4;25,8;12,6;10,8;44;34;35;194;3,4;1,9;
2021/08/15;0000 UTC;0;986,4;986,4;985,9;;28,3;10,6;28,7;27,6;11,8;10,5;38;33;33;192;4,1;2,2;
2021/08/15;0100 UTC;0;986,7;986,7;986,4;;28,1;11;28,7;27,9;11;10,6;35;33;34;196;5,8;2;
2021/08/15;0200 UTC;0;987;987,1;986,7;;24,2;13,2;28,2;24,2;13,3;10,9;50;34;50;84;6,1;0;
2021/08/15;0300 UTC;0;987;987,1;986,9;;26,5;13,1;26,9;23,4;13,6;12,9;54;42;44;132;6,1;3,1;
2021/08/15;0400 UTC;0;986,9;987;986,9;;25,3;14;26,6;24,7;14,1;13,1;51;44;49;130;5,9;,6;
2021/08/15;0500 UTC;0;986,7;986,9;986,7;;24,7;15,1;25,4;24,7;15,1;13,8;55;49;55;135;6,9;3,6;
2021/08/15;0600 UTC;0;987;987;986,7;;23,7;15,8;24,8;23,5;15,8;15,1;61;55;61;138;7,1;0;
2021/08/15;0700 UTC;0;987,2;987,2;987;;23,4;16,1;24,1;23,1;16,3;15,8;65;60;64;140;6;2,3;
2021/08/15;0800 UTC;0;987,6;987,6;987,1;;23,2;16,2;23,6;23,2;16,3;16,1;65;63;65;141;5,7;2,2;
2021/08/15;0900 UTC;0;987,9;987,9;987,6;;23,8;16,2;23,8;23,1;16,4;16,2;66;63;63;153;5,7;2,6;
2021/08/15;1000 UTC;0;988,5;988,5;987,9;172,7;24,4;16,4;24,4;23,8;16,5;16,2;63;61;61;160;5,7;1,9;
2021/08/15;1100 UTC;0;988,7;988,8;988,5;801,1;25,5;16,1;25,6;24,3;16,5;16;61;56;56;192;6,2;2,5;
2021/08/15;1200 UTC;0;988,7;988,8;988,7;1982,7;27;15,9;27,3;25,2;16,5;15,5;57;50;51;141;6,3;2,7;
2021/08/15;1300 UTC;0;988,5;988,7;988,5;2306,9;27,9;15,4;28,3;26,8;16,4;15;51;45;47;186;6,1;,4;
2021/08/15;1400 UTC;0;987,5;988,5;987,5;3055,8;29,7;15;30,3;27,9;15,6;14,1;47;39;41;134;6,6;3,8;
2021/08/15;1500 UTC;0;986,7;987,5;986,6;3206,6;31;14;32;28,9;15,3;13,2;41;33;35;173;7,4;2,7;
2021/08/15;1600 UTC;0;985,4;986,7;985,4;2956,7;32,6;13,2;32,7;30,1;14,5;12,6;38;30;31;124;9,6;2,3;
2021/08/15;1700 UTC;0;984,4;985,4;984,4;3272,1;32,6;11,4;33,4;32,1;13,4;10,9;31;26;27;206;9,6;1,3;
2021/08/15;1800 UTC;0;983,7;984,4;983,7;2078,4;33;11,3;34,4;31,7;12,9;11,3;31;26;27;197;5,6;1,9;
2021/08/15;1900 UTC;0;983,7;983,7;983,6;1405,7;33,5;11,6;33,6;32,1;12,6;11,4;30;26;26;181;5,6;1,4;
2021/08/15;2000 UTC;0;984;984;983,7;640,3;32;11,9;33,5;31,9;12,8;11,5;31;26;29;173;6,1;1,9;
2021/08/15;2100 UTC;0;984,3;984,3;984;76,7;29;15,2;32;29;15,3;11,9;43;29;43;213;3,4;0;
2021/08/15;2200 UTC;0;984,6;984,7;984,3;;27,5;16,5;29;27,4;16,8;14,9;52;43;51;193;0;0;
2021/08/15;2300 UTC;0;985,3;985,3;984,7;;28,7;12,8;28,9;27,3;16,8;12,7;53;37;38;190;2,5;1,2;
2021/08/16;0000 UTC;0;985,9;985,9;985,3;;27,2;13,6;28,7;27,2;13,9;12,7;44;38;43;183;2,6;,9;
2021/08/16;0100 UTC;0;986,2;986,3;985,9;;25,6;13,5;28;25,6;13,9;12,7;48;39;47;160;3,5;,9;
2021/08/16;0200 UTC;0;986,4;986,4;986,2;;27,3;13,3;27,7;25,3;13,8;13,1;48;41;42;154;5,5;2,5;
2021/08/16;0300 UTC;0;986,2;986,4;986,2;;25,8;15,2;27,3;25,8;15,2;13,3;52;42;52;133;6,1;3;
2021/08/16;0400 UTC;0;986;986,2;986;;24,6;15,7;25,9;24,6;15,7;15,3;58;52;58;146;7,7;4,2;
2021/08/16;0500 UTC;0;985,8;986;985,8;;23,4;15,2;24,6;23,4;15,7;15,2;60;58;60;143;7,1;3,3;
2021/08/16;0600 UTC;0;986;986;985,7;;22,1;15,5;23,5;22;15,5;15,2;66;60;66;125;5,8;1,8;
2021/08/16;0700 UTC;0;986,2;986,2;986;;22,1;15,1;22,3;21,1;15,6;15;70;64;65;147;3,5;1,4;
2021/08/16;0800 UTC;0;986,6;986,6;986,2;;20,5;15,5;22,1;19,5;15,6;14,7;76;64;73;147;3,1;1,4;
2021/08/16;0900 UTC;0;987,5;987,5;986,6;;18,4;14,9;21,5;18,4;15,5;14,4;80;66;80;283;2,8;0;
2021/08/16;1000 UTC;0;988,4;988,4;987,5;382,2;22;15,9;22;18,4;16,2;15;82;68;68;283;0;0;
2021/08/16;1100 UTC;0;989,3;989,4;988,4;1272,8;24,6;14;24,9;22;16,2;13,8;69;51;52;258;2,9;1,1;
2021/08/16;1200 UTC;0;989,4;989,5;989,3;2133,8;26,3;13;26,5;24,6;14,9;12,5;53;42;44;199;5,1;1,8;
2021/08/16;1300 UTC;0;989;989,4;988,9;2813;28,2;11,8;28,5;26,4;12,9;11,8;44;36;36;200;6,2;2,3;
2021/08/16;1400 UTC;0;988,3;989;988,3;3228,6;30,4;11,5;30,8;28,1;12,6;11,5;37;31;31;148;7,1;2,5;
2021/08/16;1500 UTC;0;987;988,3;987;3397,6;32,1;10,7;32,5;30,1;12,3;10,1;32;26;27;182;7,5;1,5;
2021/08/16;1600 UTC;0;985,8;987;985,8;3359,7;34;9,4;34;32,1;10,9;8,5;27;21;22;136;7,3;2,3;
2021/08/16;1700 UTC;0;984,8;985,8;984,8;3149,5;34,3;4,9;34,4;33,1;9,2;4,9;23;16;16;146;8,3;2,4;
2021/08/16;1800 UTC;0;984,2;984,8;984,2;2627;34,2;2,9;35,2;34;6,2;2,4;17;14;14;153;8,8;4,7;
2021/08/16;1900 UTC;0;984,2;984,2;984,1;1819,5;33,8;2,2;35,1;33,8;3,1;1,2;14;12;14;134;8,8;3,9;
2021/08/16;2000 UTC;0;984,6;984,6;984,2;909,7;33,1;4,8;34,1;33,1;4,8;2;17;13;17;162;6,9;2,1;
2021/08/16;2100 UTC;0;985;985;984,6;128,4;30,8;6,4;33,1;30,8;6,6;4,3;22;16;22;152;6,2;2,2;
2021/08/16;2200 UTC;0;985,6;985,6;985;;30,1;6,8;31,2;29,9;6,9;6,2;24;21;23;159;5,5;2,1;
2021/08/16;2300 UTC;0;986,3;986,3;985,6;;25;9,6;30,1;25;9,6;6,8;38;23;38;192;4,2;,1;
2021/08/17;0000 UTC;0;987;987;986,3;;28,5;8,3;28,9;24,3;9,8;8,3;40;28;28;164;7,7;3,6;
2021/08/17;0100 UTC;0;987,6;987,6;987;;27,9;9,2;28,7;27,8;9,2;8,3;31;28;31;134;9,5;3,9;
2021/08/17;0200 UTC;0;988,1;988,1;987,6;;27,1;10,2;27,9;26,9;10,2;9,2;35;31;35;133;8,8;4,6;
2021/08/17;0300 UTC;0;988;988,2;988;;25,9;11,7;27,1;25,6;11,8;10,2;42;35;41;133;8,8;2,3;
2021/08/17;0400 UTC;0;987,4;988;987,4;;25,1;12,7;25,9;25;12,7;11,7;46;41;46;170;6,7;3,2;
2021/08/17;0500 UTC;0;987,4;987,5;987,2;;23,9;13,1;25,1;23,9;13,3;12,7;51;46;51;56;7,5;,7;
2021/08/17;0600 UTC;0;987,6;987,6;987,4;;24,2;13,5;24,5;22,2;14;13,1;58;51;51;146;6,3;3;
2021/08/17;0700 UTC;0;987,8;987,8;987,5;;23,5;13,8;24,2;23,2;13,9;13,5;56;51;55;153;6,3;3,3;
2021/08/17;0800 UTC;0;988,4;988,4;987,8;;21;14;23,5;21;14,1;13,7;64;55;64;84;6,9;,1;
2021/08/17;0900 UTC;0;988,9;988,9;988,4;1,4;21,6;14,5;21,9;20,7;14,5;13,7;66;62;64;156;3;1,6;
2021/08/17;1000 UTC;0;989,7;989,7;988,9;373,9;24;13,6;24;21,6;14,5;13,6;64;52;52;151;3,8;1,9;
2021/08/17;1100 UTC;0;990,2;990,3;989,7;1151,5;25,1;13,5;25,4;24;14;13,4;53;48;48;172;5,7;3,1;
2021/08/17;1200 UTC;0;990,6;990,6;990,2;2137;27,1;13,6;27,2;25,1;14;13,1;49;43;43;154;8,1;4,5;
2021/08/17;1300 UTC;0;990,4;990,7;990,4;2743;28,5;13,2;28,6;26,4;13,6;12,8;44;38;39;182;8;3,8;
2021/08/17;1400 UTC;0;989,8;990,5;989,8;2690,5;30,6;13,5;30,6;28,5;13,6;12,5;39;34;35;121;8,1;3,7;
2021/08/17;1500 UTC;0;988,6;989,8;988,6;3274,2;31,7;12,7;31,9;29,7;14;11,8;35;30;31;165;8,7;3,9;
2021/08/17;1600 UTC;0;987,6;988,6;987,6;2946,9;32,7;11,3;33,1;30,9;12,8;10,9;31;27;27;160;8,2;2,6;
2021/08/17;1700 UTC;0;986,9;987,6;986,9;1938,7;31,5;11;33,9;31,5;12,1;10,2;29;25;28;154;9;3,7;
2021/08/17;1800 UTC;0;986,2;986,9;986,1;1955;31,8;9,1;34,2;31,5;11,3;8,9;29;22;25;150;9,9;3,6;
2021/08/17;1900 UTC;0;986,1;986,2;985,9;1420,3;32,7;9;33,6;31,8;10,3;8,9;25;23;23;141;7,8;3,3;
2021/08/17;2000 UTC;0;986,3;986,3;986;883,9;32,2;8,7;33,2;32,2;9,9;8,5;25;22;23;150;8;3,9;
2021/08/17;2100 UTC;0;986,6;986,6;986,2;99,5;30,4;8,5;32,2;30,4;9;7,9;26;23;26;152;8;2,1;
2021/08/17;2200 UTC;0;987,1;987,1;986,6;;29,6;8;30,9;28,2;8,9;7,6;30;24;26;152;4,7;2,2;
2021/08/17;2300 UTC;0;987,7;987,7;987,1;;28,4;7,9;29,6;26,8;8,9;7,6;33;25;27;157;5,2;2,1;
2021/08/18;0000 UTC;0;988,3;988,3;987,7;;28,4;9,1;29,2;28,2;9,1;7,6;30;26;30;160;6,6;2,5;
2021/08/18;0100 UTC;0;989;989;988,3;;27,5;9,6;28,5;27,1;9,6;8,8;33;30;33;143;8,5;2,9;
2021/08/18;0200 UTC;0;989,3;989,3;989;;26,9;10,2;27,8;26,9;10,2;9,6;35;32;35;133;8,5;4;
2021/08/18;0300 UTC;0;989,2;989,3;989,2;;25,8;12,2;27;25,8;12,2;10,2;43;35;43;151;8,7;3,3;
2021/08/18;0400 UTC;0;988,8;989,2;988,8;;23,8;12,8;26;23,8;12,9;12,2;50;42;50;115;7;1,4;
2021/08/18;0500 UTC;0;988,4;988,8;988,3;;24;13,8;24,4;23,2;13,9;12,8;55;50;53;153;6,5;3,7;
2021/08/18;0600 UTC;0;988,3;988,4;988,2;;23,5;14,2;24;23,4;14,2;13,8;56;53;56;142;7,8;3,1;
2021/08/18;0700 UTC;0;988,7;988,7;988,3;;22,8;14,3;23,6;22,7;14,3;14,1;59;56;59;134;8,4;2,8;
2021/08/18;0800 UTC;0;989,5;989,5;988,7;;22,2;14,1;22,9;22,1;14,3;13,9;60;58;60;130;6,8;1;
2021/08/18;0900 UTC;0;990,2;990,2;989,5;,8;22,4;14,3;22,5;22;14,3;14;61;59;60;163;7,6;4;
2021/08/18;1000 UTC;0;990,6;990,6;990,2;346,1;23,5;14,4;23,5;22,2;14,6;14,2;60;57;57;135;7,4;2,3;
2021/08/18;1100 UTC;0;991,1;991,1;990,6;1239,5;25,1;14,5;25,1;23,4;14,7;13,9;57;51;52;137;6,7;3,8;
2021/08/18;1200 UTC;0;991,4;991,4;991,1;2124,7;26,3;13,8;27,2;24,9;14,6;13,8;52;44;46;136;9,8;4,6;
2021/08/18;1300 UTC;0;990,7;991,4;990,7;2779,8;28,4;13,5;28,6;26,3;14,3;13;46;40;40;142;8,8;2,8;
2021/08/18;1400 UTC;0;989,7;990,7;989,7;3092,3;29,1;12,1;29,9;28,2;13,5;11,7;40;34;35;159;9,2;3,1;
2021/08/18;1500 UTC;0;988,5;989,7;988,5;3387,4;31,2;10,5;31,8;29,1;12,7;10,2;35;27;28;146;8,7;4,3;
2021/08/18;1600 UTC;0;987,2;988,5;987,2;3296,9;32,4;8,5;32,7;31,1;11,1;8,5;29;23;23;170;8,1;3;
2021/08/18;1700 UTC;0;986,1;987,2;986,1;3072,4;33,4;8,5;33,5;32,2;9,7;6,7;25;19;22;172;10;2,6;
2021/08/18;1800 UTC;0;985,6;986,1;985,6;2260,2;34,1;8;34,3;32,2;9,5;7;23;19;20;143;9,3;3,2;
2021/08/18;1900 UTC;0;985,2;985,6;985,2;1776,3;33,7;7,6;34;32,8;9,1;6,7;22;19;20;104;7,5;2,2;
2021/08/18;2000 UTC;0;985,5;985,5;985,2;936,2;32,6;7;33,7;32,6;8,3;6,7;21;19;20;135;6,9;3,7;
2021/08/18;2100 UTC;0;985,9;985,9;985,5;110,5;29,4;8,2;32,7;29,4;8,5;6,8;27;20;27;151;6,5;1,6;
2021/08/18;2200 UTC;0;986,1;986,1;985,9;;30;7,9;30,1;26,9;10;7,6;35;25;25;161;4,7;2;
2021/08/18;2300 UTC;0;986,5;986,5;986,1;;30,1;8,3;30,5;29,6;8,3;7,8;26;25;26;141;6,2;3,1;
2021/08/19;0000 UTC;0;987,5;987,5;986,5;;29,4;8,7;30,4;29,4;8,7;8,2;28;25;28;153;7,3;2,5;
2021/08/19;0100 UTC;0;988,1;988,1;987,5;;27,6;12,1;29,4;27,6;12,1;8,8;38;28;38;143;8,6;3,8;
2021/08/19;0200 UTC;0;988,4;988,5;988,1;;26,2;13,3;27,7;26,2;13,3;12,2;45;38;45;143;10,4;5,3;
2021/08/19;0300 UTC;0;988,4;988,6;988,3;;25,2;13,7;26,3;25,2;13,8;13,3;49;45;49;151;10,4;4,8;
2021/08/19;0400 UTC;0;987,8;988,4;987,8;;24,5;13,8;25,2;24,3;13,8;13,6;51;49;51;141;10,1;3,7;
2021/08/19;0500 UTC;0;987,3;987,8;987,3;;23,7;13,9;24,6;23,7;14;13,8;54;51;54;141;8,1;2,8;
2021/08/19;0600 UTC;0;987,3;987,4;987,2;;23,3;14,3;23,8;22,9;14,4;13,9;58;54;57;156;5,5;1;
2021/08/19;0700 UTC;0;987,5;987,5;987,3;;22,6;14,4;23,3;22,1;14,6;14,1;62;57;60;129;4;0;
2021/08/19;0800 UTC;0;987,5;987,5;987,4;;22,4;14,4;22,8;21,9;14,6;14,2;62;59;61;124;6,5;1,7;
2021/08/19;0900 UTC;0;988;988;987,5;,1;21,6;14,5;22,6;21,4;14,6;14,2;65;60;64;107;6,5;,4;
2021/08/19;1000 UTC;0;988,5;988,5;988;402,5;24;14,5;24;21,6;14,7;14,2;64;56;56;158;5;0;
2021/08/19;1100 UTC;0;989;989,1;988,5;1323,9;25,3;14,2;25,3;23,8;14,6;13,9;56;50;50;149;9;4,2;
2021/08/19;1200 UTC;0;989,3;989,4;989;2186,7;27;13,6;27,4;25,1;14,3;13,5;50;43;44;151;8,7;4,6;
2021/08/19;1300 UTC;0;988,8;989,4;988,8;2845,6;28,7;13,4;28,7;26,8;14,1;12,8;44;39;39;138;9,3;3,6;
2021/08/19;1400 UTC;0;987,6;988,8;987,6;3192,8;30,6;13,2;30,6;28,4;13,7;12,5;39;34;35;162;9,7;4,1;
2021/08/19;1500 UTC;0;986,3;987,6;986,3;3212,9;31,2;12,9;31,9;29,9;13,2;11,8;35;30;33;124;9,6;3,7;
2021/08/19;1600 UTC;0;985;986,3;985;3171,6;32,6;10,9;33,1;31,1;12,7;10,7;32;26;27;129;10,6;4,7;
2021/08/19;1700 UTC;0;983,8;985,1;983,8;3207,1;32,6;11,2;34,5;32,5;12;10,2;28;24;27;119;8,5;2;
2021/08/19;1800 UTC;0;983,1;983,8;983;2189,2;33,9;11;34,2;32,2;12,2;10,3;28;24;25;92;7,3;2,1;
2021/08/19;1900 UTC;0;982,7;983,1;982,7;1772,4;33,9;10,6;34,7;32,6;12,2;10,2;27;24;24;105;6;0;
2021/08/19;2000 UTC;0;983;983;982,6;922,2;32,8;11,9;34,2;32,6;12,3;10,4;28;24;28;101;7,2;0;
2021/08/19;2100 UTC;0;983,6;983,6;983;123,9;30,5;11,9;32,8;30,5;12,3;11,7;32;28;32;98;3,7;0;
2021/08/19;2200 UTC;0;984,2;984,2;983,6;;26,2;14,2;30,5;26,2;14,2;12;47;32;47;127;0;0;
2021/08/19;2300 UTC;0;985,4;985,4;984,2;;29;14,8;29,6;26,2;15,3;12,4;50;35;42;113;6,3;1,7;
2021/08/20;0000 UTC;0;986,6;986,6;985,4;;28,4;16,1;29,4;28,4;16,1;14,7;47;42;47;132;10;5,6;
2021/08/20;0100 UTC;0;987,3;987,3;986,6;;27;16,8;28,4;26,9;16,8;16,1;54;47;54;140;10;3,6;
2021/08/20;0200 UTC;0;987,7;987,7;987,2;;26,1;16,1;27,1;26;16,8;16,1;55;54;54;136;8,4;4,5;
2021/08/20;0300 UTC;0;987,3;987,8;987,3;;25,4;16,2;26,1;25,4;16,2;16;56;54;56;127;8,7;3,7;
2021/08/20;0400 UTC;0;987;987,3;986,9;;25;16,3;25,4;25;16,4;16,2;58;57;58;128;6,9;3,6;
2021/08/20;0500 UTC;0;986,6;987;986,5;;24,6;16,5;25;24,5;16,6;16,3;61;58;61;126;6,5;2,8;
2021/08/20;0600 UTC;0;986,6;986,6;986,4;;23,9;16,4;24,6;23,9;16,6;16,4;63;61;63;120;5,7;2,5;
2021/08/20;0700 UTC;0;986,6;986,6;986,4;;23,3;16,2;24;23,2;16,7;16,1;67;63;64;136;4,5;2,2;
2021/08/20;0800 UTC;0;986,7;986,8;986,5;;22,4;15,7;23,3;22,4;16,2;15,5;66;64;66;147;4;1,5;
2021/08/20;0900 UTC;0;987,4;987,4;986,7;1,2;22,4;16,1;22,7;22,1;16,2;15,7;67;66;67;152;3,7;1,1;
2021/08/20;1000 UTC;0;987,7;987,7;987,4;401,5;24,2;15,8;24,2;22,3;16,3;15,8;68;60;60;158;4,6;1,5;
2021/08/20;1100 UTC;0;988,4;988,4;987,7;1321,7;25,6;15,4;25,8;24;15,9;15,2;60;53;53;160;7,7;3,4;
2021/08/20;1200 UTC;0;988,7;988,8;988,4;2073,1;26,9;15,1;27,5;25,1;15,7;14,8;54;47;48;166;7,6;4,2;
2021/08/20;1300 UTC;0;988,4;988,7;988,4;2898,9;28,5;14,3;28,9;26,8;15,5;14,3;49;42;42;167;8,5;3;
2021/08/20;1400 UTC;0;987,9;988,4;987,9;3018,4;30;14;30,3;28,2;14,9;13,9;43;38;38;156;8,5;3,3;
2021/08/20;1500 UTC;0;986,7;987,9;986,7;2829,9;31,5;13,7;32,2;29,5;14,7;13,3;40;33;34;162;7,6;3,3;
2021/08/20;1600 UTC;0;985,4;986,7;985,4;2366,6;32,4;13,3;32,4;30,5;14;13,1;36;31;31;141;10,2;2;
2021/08/20;1700 UTC;0;984,1;985,4;984,1;2513,3;33,4;12,7;33,7;31,5;13,9;12,1;34;28;29;120;6,9;3,2;
2021/08/20;1800 UTC;0;983,2;984,1;983,2;2031,3;32;12,2;34,2;32;13,6;12;31;27;30;149;8,6;5,2;
2021/08/20;1900 UTC;0;983;983,2;983;1498;33,2;12,3;33,7;32;13,5;11,9;30;28;28;154;8,6;3,3;
2021/08/20;2000 UTC;0;983,1;983,1;982,9;904,6;32,6;12,1;33,4;32,6;13;11,7;30;27;29;141;7,5;3,7;
2021/08/20;2100 UTC;0;983,6;983,6;983,1;123,3;31,6;12,1;32,6;31,2;12,4;11,9;31;28;30;144;6,7;2,7;
2021/08/20;2200 UTC;0;984,3;984,3;983,6;;29,1;14,5;31,6;29,1;14,5;12;41;30;41;130;5,1;3;
2021/08/20;2300 UTC;0;985,3;985,3;984,3;;29,6;13,5;30,3;27,4;18,7;12,8;58;35;37;175;5,1;2,1;
2021/08/21;0000 UTC;0;986,5;986,5;985,3;;28,9;13,4;29,7;28,8;14;12,7;40;35;39;122;3,9;,1;
2021/08/21;0100 UTC;0;987,4;987,4;986,5;;27,6;17;29,7;27,5;17;13,2;53;37;52;107;6,6;3,6;
2021/08/21;0200 UTC;0;988,1;988,1;987,4;;26,7;16,9;27,6;26,7;17;16,9;55;52;55;119;8,3;4,6;
2021/08/21;0300 UTC;0;988,1;988,2;988,1;;25,2;16,8;26,7;25,2;17;16,8;60;55;59;127;8,9;3,9;
2021/08/21;0400 UTC;0;987,7;988,1;987,7;;24,5;16,6;25,2;24,4;16,8;16,5;62;59;61;124;6,9;2,7;
2021/08/21;0500 UTC;0;987,4;987,7;987,4;;23,7;16,1;24,5;23,7;16,5;16,1;63;61;63;130;5,1;2,8;
2021/08/21;0600 UTC;0;987,5;987,6;987,4;;22,8;14,7;23,8;22,8;16,1;14,7;63;60;61;131;5,3;1,7;
2021/08/21;0700 UTC;0;987,6;987,6;987,4;;22,8;14,6;23,1;22,6;14,8;14,5;61;59;60;150;4,7;2,4;
2021/08/21;0800 UTC;0;987,9;987,9;987,6;;21,7;14,7;22,8;21,7;14,9;14,6;65;60;65;132;4,8;,7;
2021/08/21;0900 UTC;0;988,7;988,7;987,9;,3;19,8;15,3;21,8;19,7;15,3;14,6;75;65;75;132;2,9;,1;
2021/08/21;1000 UTC;0;989,3;989,3;988,7;407,8;23,5;14,9;23,5;19,7;15,7;14,7;75;58;59;137;5;2,4;
2021/08/21;1100 UTC;0;989,9;989,9;989,3;1317,6;25;14,2;25;23,4;15;14,2;59;51;51;147;6,9;4;
2021/08/21;1200 UTC;0;990;990,1;989,9;2175,4;26,8;13,1;27;24,8;14,3;13;51;43;43;145;7,2;2,9;
2021/08/21;1300 UTC;0;989,7;990,1;989,7;2852,7;28,7;11,8;29,2;26,6;13,5;11,6;43;35;35;145;8,3;4;
2021/08/21;1400 UTC;0;988,8;989,8;988,8;3295,4;30,6;11,4;30,8;28,3;12,7;11,3;36;31;31;168;9;3,9;
2021/08/21;1500 UTC;0;987,6;988,8;987,6;3407,6;31,7;10;32,6;30,5;12;10;32;26;26;154;7,7;3,8;
2021/08/21;1600 UTC;0;986,2;987,6;986,2;3429;33,3;9,6;33,8;31,4;11,3;9,3;27;23;23;152;7,7;2,6;
2021/08/21;1700 UTC;0;984,7;986,2;984,7;2911,7;33,6;9,4;34,7;32,1;10,4;9;26;21;23;121;7,6;2,6;
2021/08/21;1800 UTC;0;983,8;984,7;983,8;2157,5;33,9;8,5;34,7;32,8;10,3;7,4;24;19;21;125;6,1;2,7;
2021/08/21;1900 UTC;0;983,5;983,8;983,5;1335,3;34,5;8,3;34,8;32,8;9,5;7,5;23;19;20;181;6,5;2,1;
2021/08/21;2000 UTC;0;983,5;983,6;983,5;955,1;33,2;8,5;34,5;33,2;9,1;7,4;22;19;22;139;6,3;2,3;
2021/08/21;2100 UTC;0;983,7;983,7;983,5;84;28,4;9,9;33,2;28,4;10,3;7,7;32;21;31;146;5,5;0;
2021/08/21;2200 UTC;0;984;984;983,7;;25,4;12,8;28,4;25,4;13,2;10,1;46;32;46;181;0;0;
2021/08/21;2300 UTC;0;984,9;984,9;984;;26,7;12,3;28,5;24,7;14,7;11,5;50;38;41;205;3,4;,7;
2021/08/22;0000 UTC;0;985,4;985,4;984,9;;29,2;9,3;29,2;26,7;13,4;9,3;43;29;29;151;3,5;2;
2021/08/22;0100 UTC;0;986,1;986,1;985,4;;30,1;8,5;30,5;29,1;9,5;7,7;29;24;26;138;6,7;3,8;
2021/08/22;0200 UTC;0;986,6;986,6;986;;28,2;11,5;30,1;28,2;11,5;8,6;35;26;35;130;7,9;2,8;
2021/08/22;0300 UTC;0;986,9;986,9;986,6;;27,2;15;28,2;27,2;15;11,6;47;35;47;134;9,9;4,9;
2021/08/22;0400 UTC;0;986,7;987;986,7;;26,2;15,4;27,2;26,2;15,4;14,8;51;47;51;138;9,9;3,1;
2021/08/22;0500 UTC;0;986,3;986,7;986,3;;25;15,7;26,2;24,9;15,7;15,4;56;51;56;132;6,4;2,9;
2021/08/22;0600 UTC;0;986,2;986,4;986,2;;24,1;15,7;25,1;24;15,7;15,6;60;56;59;146;6;2,7;
2021/08/22;0700 UTC;0;986,6;986,6;986,2;;23;15,8;24,1;22,7;15,9;15,6;65;59;64;134;5,1;,6;
2021/08/22;0800 UTC;0;986,9;986,9;986,5;;21,5;16,1;23,3;21;16,1;15,4;73;62;71;139;4,5;1,4;
2021/08/22;0900 UTC;0;987,4;987,4;986,9;1,7;23,3;15,8;23,3;21,6;16,1;15,8;71;63;63;126;3,7;1,8;
2021/08/22;1000 UTC;0;987,7;987,7;987,3;192,2;24,2;15,9;24,2;23;16;15,7;64;60;60;135;4,7;2,6;
2021/08/22;1100 UTC;0;988;988,1;987,7;973,7;25,8;15,7;26;24,2;16,1;15,2;60;54;54;132;5,5;2,9;
2021/08/22;1200 UTC;0;988,2;988,2;988;2379,2;27,5;15,3;27,6;25,8;16;15;54;47;47;129;6,9;3,1;
2021/08/22;1300 UTC;0;987,9;988,3;987,9;2865;28,5;14,9;28,8;27,4;15,6;14,7;48;43;44;137;8,9;4,5;
2021/08/22;1400 UTC;0;987,3;987,9;987,3;2761,9;29,7;14,5;31;28,3;15,5;13,9;45;36;40;124;8,6;4,3;
2021/08/22;1500 UTC;0;985,9;987,3;985,9;2841;30,9;13,5;31,8;29,7;14,9;13,4;40;34;35;128;10;3,9;
2021/08/22;1600 UTC;0;984,5;985,9;984,5;2615,9;32,4;13,3;32,6;30,6;14,3;12,8;35;31;31;148;10;3,9;
2021/08/22;1700 UTC;0;983,3;984,5;983,3;2441,9;32,7;12,7;33,6;31,8;13,9;12,4;33;29;30;142;10,9;3,9;
2021/08/22;1800 UTC;0;982,4;983,3;982,4;2446,6;34,2;11,5;34,2;32,4;13,7;10,9;30;25;25;116;8,2;3;
2021/08/22;1900 UTC;0;982,5;982,5;982,2;1833,2;34,1;11,1;34,5;33,6;11,4;9,8;26;23;25;143;7,7;2,3;
2021/08/22;2000 UTC;0;982,6;982,6;982,3;1004,4;33,6;10,8;34,3;33,4;11,4;10,3;26;23;25;138;6,6;3,6;
2021/08/22;2100 UTC;0;982,9;982,9;982,6;149,1;31,2;10,6;33,6;31,2;11;10,4;28;25;28;122;6,2;0;
2021/08/22;2200 UTC;0;983,3;983,3;982,8;;26,5;13,6;31,2;26,5;13,6;10,6;45;28;45;108;0;0;
2021/08/22;2300 UTC;0;983,9;983,9;983,3;;26,5;14;26,5;25,2;16,5;13,5;59;45;46;111;0;0;
2021/08/23;0000 UTC;0;984,7;984,7;983,9;;27,3;12,6;28,4;26,5;14;12,1;46;37;40;118;3;1,5;
2021/08/23;0100 UTC;0;985,8;985,8;984,7;;28,5;16,1;30,1;27,2;16,1;12,2;47;33;47;147;10,6;5,1;
2021/08/23;0200 UTC;0;986,2;986,2;985,7;;26,8;17;28,5;26,8;17;16,1;55;47;55;145;9,8;2,2;
2021/08/23;0300 UTC;0;986,2;986,3;986,2;;26;17;26,8;25,8;17,1;16,9;58;55;58;151;8,6;0;
2021/08/23;0400 UTC;0;986;986,3;985,9;;24,8;16,9;26;24,8;17;16,7;61;57;61;155;0;0;
2021/08/23;0500 UTC;0;985,5;986;985,5;;24,7;16;25;24,5;16,9;16;63;58;58;151;0;0;
2021/08/23;0600 UTC;0;985,5;985,6;985,4;;24;16,3;24,8;23,9;16,3;15,8;62;58;62;150;0;0;
2021/08/23;0700 UTC;0;985,7;985,7;985,5;;23,4;16,4;24;23,4;16,4;16,3;65;62;65;161;0;0;
2021/08/23;0800 UTC;0;985,6;985,7;985,5;;23;16,2;23,4;23;16,4;16,2;66;64;65;164;4,4;,9;
2021/08/23;0900 UTC;0;985,9;985,9;985,5;1,5;22,9;16,1;23,1;22,5;16,3;16,1;68;65;66;162;6;0;
2021/08/23;1000 UTC;0;986,3;986,3;985,9;382,7;24;16;24;22,8;16,2;15,9;66;61;61;171;6,8;0;
2021/08/23;1100 UTC;0;987;987;986,3;1299,9;25,9;15,4;26,3;24;16,1;15,3;61;51;52;147;6,8;0;
2021/08/23;1200 UTC;0;987,3;987,4;987;1968,7;27,5;15,5;27,6;25,7;16;15,1;53;48;48;125;6,8;,3;
2021/08/23;1300 UTC;0;986,8;987,3;986,8;2762,5;29,3;15,4;29,3;27,4;15,9;14,7;48;42;43;141;6,8;0;
2021/08/23;1400 UTC;0;986;986,9;986;2879,5;30,4;15,4;30,8;28,8;15,7;14,5;43;38;40;99;8;4;
2021/08/23;1500 UTC;0;984,9;986;984,9;2826,6;31,5;14,5;32;30,1;15,4;14;41;35;36;101;9,5;4,7;
2021/08/23;1600 UTC;0;983,6;984,9;983,5;2862,6;33,5;14,4;33,7;31,3;15,2;13,9;37;31;32;138;7,8;3,4;
2021/08/23;1700 UTC;0;982,4;983,6;982,4;2726,9;33,3;14,1;34;32,5;14,8;13,5;33;30;31;113;8,9;4,4;
2021/08/23;1800 UTC;0;981,6;982,4;981,6;1816,5;33,6;14;34,4;32,5;14,6;13,3;33;29;31;152;8;4,7;
2021/08/23;1900 UTC;0;981,4;981,6;981,3;1631,2;32,8;14,1;34,3;32,6;14,3;13,4;32;29;32;143;7,8;2,9;
2021/08/23;2000 UTC;0;981,6;981,6;981,4;532,1;32,3;13,5;33,4;32,2;14,4;13,5;33;31;32;145;7,7;4,2;
2021/08/23;2100 UTC;0;982;982;981,6;68,3;31,7;13,3;32,3;31,6;13,6;13,3;33;32;33;128;7,6;2,6;
2021/08/23;2200 UTC;0;982,7;982,7;981,9;;31,1;12,8;31,7;30,9;13,6;12,8;35;32;33;141;11,3;5,1;
2021/08/23;2300 UTC;0;983,7;983,7;982,7;;29,2;14,8;31,1;29,2;14,8;12,8;41;33;41;108;9,3;2,3;
2021/08/24;0000 UTC;,8;984,5;984,5;983,7;;28,3;16,3;29,2;24,6;20,5;14,9;76;42;48;127;7;3,1;
2021/08/24;0100 UTC;0;985,5;985,5;984,5;1,8;28,4;15;29,2;28,3;16,1;14,4;48;41;44;137;10,2;3,9;
2021/08/24;0200 UTC;0;986;986;985,5;;27,5;15,6;28,4;27,4;15,6;14,9;48;44;48;146;8,3;4,6;
2021/08/24;0300 UTC;0;986;986;985,9;;26,6;16;27,5;26,5;16;15,5;53;48;52;126;8,3;3,4;
2021/08/24;0400 UTC;0;985,4;986;985,4;;26;15,9;26,7;26;16,1;15,8;54;51;54;138;8,1;4,1;
2021/08/24;0500 UTC;0;984,9;985,4;984,9;;25,2;15,9;26,1;25,2;16;15,8;56;53;56;131;8,5;3,1;
2021/08/24;0600 UTC;0;984,7;984,9;984,7;;24,9;16;25,3;24,6;16,3;15,9;59;56;58;148;5,1;2,5;
2021/08/24;0700 UTC;0;984,8;984,8;984,6;,9;24,2;15,5;24,9;24,2;16;15,4;58;57;58;157;6,6;2;
2021/08/24;0800 UTC;0;985;985;984,8;;23,5;15,3;24,2;23,4;15,5;15,3;60;58;60;160;4,8;2,2;
2021/08/24;0900 UTC;0;985,5;985,5;985;2,8;23,1;15,2;23,6;23;15,4;15,2;62;60;61;170;4,6;2,6;
2021/08/24;1000 UTC;0;986,2;986,2;985,5;344,4;24;15,3;24;23,1;15,4;15;61;57;58;165;5,5;2,5;
2021/08/24;1100 UTC;0;986,7;986,7;986,2;1425,9;26,2;15,4;26,4;24;15,5;14,9;58;50;51;161;7,3;3,3;
2021/08/24;1200 UTC;0;987;987,1;986,7;2184,8;27,6;15,6;27,6;25,7;15,9;14,8;52;48;48;116;9,8;5,7;
2021/08/24;1300 UTC;0;987;987,2;987;2806,3;28,7;14,7;29,2;27;15,7;14,3;48;42;43;114;9,8;4,3;
2021/08/24;1400 UTC;0;986,2;987,1;986,2;3267,7;30,5;14,4;30,6;28,5;15,1;14,1;44;37;38;126;9,8;3,3;
2021/08/24;1500 UTC;0;984,9;986,2;984,9;3256,1;31,1;13,5;32,1;30,2;14,3;13;37;33;34;108;9,5;4,4;
2021/08/24;1600 UTC;0;983,6;984,9;983,6;2710;32,4;12,9;33;30,8;14,2;12,6;35;30;31;160;9,3;3,8;
2021/08/24;1700 UTC;0;982,7;983,6;982,7;1858;32,4;12,9;33,3;31,8;13,8;12,9;33;30;31;139;8,3;3,9;
2021/08/24;1800 UTC;0;982;982,7;982;1337,5;32,3;13,3;33,1;31,9;14;12,7;33;30;32;131;7,8;3,9;
2021/08/24;1900 UTC;0;981,8;982;981,8;717,6;31,8;13,6;32,7;31,8;13,8;13;33;31;33;111;7;2,8;
2021/08/24;2000 UTC;0;981,8;981,8;981,8;379,7;31,6;13,5;32,1;31,6;13,7;13,1;34;32;33;128;4,9;1,8;
2021/08/24;2100 UTC;0;982,2;982,2;981,8;69,2;30,8;13,3;31,9;30,6;13,5;12,7;35;31;35;119;3,8;1,5;
2021/08/24;2200 UTC;0;982,7;982,7;982,2;;29,8;14,3;30,7;29,8;14,3;13,3;39;35;39;119;3,8;1,3;
2021/08/24;2300 UTC;,2;983,6;983,6;982,7;;27,8;17,5;30,5;26,9;18;13,7;58;36;53;183;5,5;1,4;
2021/08/25;0000 UTC;0;984,2;984,2;983,6;;29;15;29,2;27,4;18;14,9;56;42;43;147;7,3;4;
2021/08/25;0100 UTC;0;985;985;984,2;;28,3;15,5;29,1;28,1;15,5;14,9;46;42;46;135;7,8;4,1;
2021/08/25;0200 UTC;0;985,2;985,2;985;;27,4;16,2;28,3;27;16,2;15,4;51;46;50;123;7,8;3,9;
2021/08/25;0300 UTC;0;985,4;985,5;985,2;;25;16,6;27,4;25;16,7;16,1;60;50;60;104;7,8;2,7;
2021/08/25;0400 UTC;0;985,3;985,5;985,3;;24;16,8;25;24;16,8;16,6;64;60;64;106;5,6;2;
2021/08/25;0500 UTC;0;984,9;985,3;984,8;;22,7;17;24;22,6;17;16,8;71;64;71;106;2,9;1,7;
2021/08/25;0600 UTC;0;984,8;984,8;984,7;;21,7;17,3;22,7;21,6;17,3;16,9;76;70;76;100;2,6;1,9;
2021/08/25;0700 UTC;0;984,7;984,8;984,7;;21;17,2;21,8;20,9;17,3;17;79;75;79;120;3;,6;
2021/08/25;0800 UTC;0;984,7;984,7;984,6;;20,1;17,1;21,1;20;17,3;16,8;83;78;83;145;3;,7;
2021/08/25;0900 UTC;0;985,5;985,5;984,7;3,5;22,3;16,7;22,7;20;17,8;16,6;83;69;71;139;3,9;1,6;
2021/08/25;1000 UTC;0;986,1;986,2;985,5;416,1;24,4;16,3;24,4;22,3;16,9;16,3;71;61;61;144;6,3;3,6;
2021/08/25;1100 UTC;0;986,6;986,6;986,1;1288,8;26;15,4;26,2;24,4;16,5;15,1;61;51;52;149;8,6;3,8;
2021/08/25;1200 UTC;0;986,8;986,8;986,5;2163,6;27,6;14,9;28;26;15,6;14,8;52;46;46;143;9,2;3,7;
2021/08/25;1300 UTC;0;986,6;986,9;986,6;2862;29,1;15,4;29,3;27,4;15,7;14,7;47;42;43;110;9,9;4,5;
2021/08/25;1400 UTC;0;985,9;986,7;985,9;3277,5;30,9;13,9;31;28,9;15,2;13,5;43;35;36;102;9;3,9;
2021/08/25;1500 UTC;0;984,6;985,9;984,6;3461,2;32,6;13,8;32,8;30,5;13,8;12,4;35;30;32;115;11,6;3,4;
2021/08/25;1600 UTC;0;983,2;984,6;983,2;3470,9;33,8;13,1;34,7;32;13,8;11,5;32;26;29;156;10,2;1,4;
2021/08/25;1700 UTC;0;981,9;983,2;981,9;2456,6;34,2;11,7;34,8;32,7;13,5;11;29;25;25;157;8,9;2,4;
2021/08/25;1800 UTC;0;981,2;982;981,2;1754,6;33,5;11,7;34,8;33,1;12,7;10,8;28;24;27;119;8,9;0;
2021/08/25;1900 UTC;0;981;981,2;980,9;1588,1;34,5;11,3;35,2;33,1;13;10,5;29;23;24;135;8,1;2,9;
2021/08/25;2000 UTC;0;981,2;981,2;980,9;924,7;32,9;12,3;34,6;32,9;13;11;30;24;29;74;8,1;0;
2021/08/25;2100 UTC;0;981,7;981,7;981,1;137,3;30,7;12,6;33,1;30,7;12,7;10,9;33;26;33;112;3,9;0;
2021/08/25;2200 UTC;0;982,3;982,3;981,7;;28,6;14,3;30,6;28,5;14,5;12,7;42;33;42;102;0;0;
2021/08/25;2300 UTC;0;982,8;982,8;982,3;;26,6;15,8;28,6;26,6;15,8;14;51;41;51;96;0;0;
2021/08/26;0000 UTC;0;983,9;983,9;982,8;;30,1;14,5;30,6;26,5;16,4;13,6;54;36;39;109;9,5;1,7;
2021/08/26;0100 UTC;0;984,9;984,9;983,9;;28,7;15,2;30,1;28,7;15,2;14,5;44;39;44;115;9,3;3,4;
2021/08/26;0200 UTC;0;985,6;985,6;984,9;;27,4;15,5;28,8;27,4;15,7;15,2;48;44;48;103;7,2;3,7;
2021/08/26;0300 UTC;0;985,3;985,6;985,3;;25,4;15,8;27,4;25,4;15,8;15,5;55;48;55;104;7,4;4,1;
2021/08/26;0400 UTC;0;985,3;985,4;985,3;;24,1;15,6;25,4;24,1;15,8;15,6;59;55;59;102;7,4;0;
2021/08/26;0500 UTC;0;985,1;985,4;985,1;;23;15,7;24,1;23;15,8;15,6;64;59;64;94;,9;0;
2021/08/26;0600 UTC;0;985,1;985,1;985;;22;15,7;23;22;15,8;15,6;68;64;68;96;0;0;
2021/08/26;0700 UTC;0;985,4;985,4;985,1;;21,1;15,7;22;21,1;15,8;15,7;71;68;71;90;0;0;
2021/08/26;0800 UTC;0;985,9;985,9;985,4;;19,7;16;21,1;19,7;16,2;15,6;79;71;79;108;0;0;
2021/08/26;0900 UTC;0;986,3;986,3;985,8;3,6;19,2;15,8;19,8;19,2;16,3;15,8;81;79;81;92;0;0;
2021/08/26;1000 UTC;0;987,2;987,2;986,3;418;23,9;16,1;23,9;19,1;16,6;15,7;81;62;62;93;0;0;
2021/08/26;1100 UTC;0;987,7;987,7;987,2;1302,3;25,4;15,3;25,5;23,8;16,3;15,1;62;53;54;150;6,8;4;
2021/08/26;1200 UTC;0;988,2;988,2;987,7;2209,3;26,9;15,4;27,1;25,4;15,8;15,2;54;48;49;116;9,1;5,3;
2021/08/26;1300 UTC;0;987,9;988,3;987,9;2873,7;29,2;15;29,6;26,7;15,5;14,5;49;41;42;133;11,4;4,2;
2021/08/26;1400 UTC;0;987,2;987,9;987,2;3186,4;30,6;13,6;31,3;28,7;15,6;13,2;43;34;35;131;9,2;4;
2021/08/26;1500 UTC;0;986,3;987,2;986,3;3446,8;31,9;13;32,7;30,5;14,6;12,4;37;30;32;158;8,9;4,6;
2021/08/26;1600 UTC;0;984,6;986,3;984,6;3415;33,1;12,2;34;31,9;13,2;11,5;32;26;28;132;10,9;2,9;
2021/08/26;1700 UTC;0;983,5;984,6;983,4;3103,3;34,7;11,3;35,1;33,1;12,6;10,7;29;24;24;173;9,7;2,9;
2021/08/26;1800 UTC;0;982,6;983,5;982,6;2646,8;35;10,7;35,5;34,4;11,5;10,1;24;22;23;152;7,9;3,3;
2021/08/26;1900 UTC;0;982,1;982,6;981,6;1778;34,2;11,2;35,4;34,2;11,7;10,3;25;22;25;137;9,2;3,4;
2021/08/26;2000 UTC;0;982;982,1;982;694,3;34,1;11,4;34,4;33,8;12,1;10,7;27;24;25;128;9,2;2;
2021/08/26;2100 UTC;0;982,1;982,1;981,9;114,9;30,8;12,5;34,1;30,4;13,4;11,1;34;25;33;143;4;1,4;
2021/08/26;2200 UTC;0;982,7;982,7;982,1;;29,5;12,6;30,8;27,8;14,9;12,2;44;33;35;111;2,7;1,7;
2021/08/26;2300 UTC;0;983,6;983,6;982,8;;31,1;12,4;31,1;29,3;12,9;11,6;37;31;32;111;6,6;3,4;
2021/08/27;0000 UTC;0;984,3;984,3;983,6;;30,8;12,6;31,1;29,9;12,8;12,4;35;32;33;122;8,1;4,4;
2021/08/27;0100 UTC;0;984,9;984,9;984,3;;29,4;13,3;30,8;29,4;13,3;12,6;37;33;37;118;8,4;3,6;
2021/08/27;0200 UTC;0;984,9;985,1;984,9;;28,4;14,6;29,4;28,3;14,6;13,3;43;37;43;128;7,4;3,6;
2021/08/27;0300 UTC;0;985,3;985,3;984,9;;27,4;15,7;28,5;27,4;15,7;14,6;49;43;49;132;7,2;4,3;
2021/08/27;0400 UTC;0;985,3;985,3;985,2;;26;16,4;27,4;26;16,4;15,7;55;49;55;126;7,9;3,3;
2021/08/27;0500 UTC;0;985,3;985,4;985,2;;24,9;16,8;26,2;24,9;16,8;16,4;61;55;61;121;6,4;2,8;
2021/08/27;0600 UTC;0;985,6;985,7;985,3;;23,1;16,9;24,9;23,1;16,9;16,6;68;61;68;103;4,3;1,9;
2021/08/27;0700 UTC;0;985,8;985,8;985,6;;22,4;16,9;23,1;22,4;17;16,8;71;68;71;101;3,6;1,8;
2021/08/27;0800 UTC;0;986,2;986,2;985,8;;21,1;17,1;22,4;21,1;17,1;16,9;78;71;78;83;3,4;0;
2021/08/27;0900 UTC;0;986,7;986,7;986,1;3;20;16,8;21,1;19,9;17,2;16,7;82;78;82;89;1,9;0;
2021/08/27;1000 UTC;0;987,3;987,3;986,7;418,9;24,5;17,3;24,5;19,9;17,9;16,9;84;64;64;106;2,2;1,1;
2021/08/27;1100 UTC;0;987,8;987,9;987,3;1331,7;26,1;16,3;26,3;24,5;17,4;16,3;64;55;55;95;5;2,9;
2021/08/27;1200 UTC;0;988,5;988,5;987,8;2112,5;28,3;15,7;28,4;26,1;16,7;15,5;56;46;46;122;6,5;2,9;
2021/08/27;1300 UTC;0;988,4;988,6;988,3;2864,4;30;15,1;30,2;27,9;16,1;14,8;48;41;41;125;7,7;4,1;
2021/08/27;1400 UTC;0;987,7;988,4;987,7;3272,4;31,5;13,9;31,8;29,3;15,7;13,9;42;34;34;111;7,9;2,7;
2021/08/27;1500 UTC;0;986,6;987,7;986,6;3451,8;32,5;13,2;32,5;30,7;14,2;13;35;31;31;173;6,8;1,1;
2021/08/27;1600 UTC;0;985,2;986,6;985,2;3344,4;33,5;13,1;33,5;32;13,6;12,4;32;29;29;115;8,2;2,3;
2021/08/27;1700 UTC;0;984,1;985,2;984,1;2907;34,8;13,1;34,8;33,1;13,4;11,3;30;26;27;116;7,3;1,7;
2021/08/27;1800 UTC;0;983,5;984,1;983,5;2339,6;34,7;10,9;35,2;33,9;12,5;9,5;27;21;24;145;7,6;4,2;
2021/08/27;1900 UTC;0;983,5;983,5;983,4;1687,3;35,1;10,8;35,4;34,3;11,9;9,6;25;22;23;101;6,8;1,2;
2021/08/27;2000 UTC;0;983,4;983,5;983,4;810,8;33,4;11,8;35,1;33,3;12,4;11;27;23;27;75;4,4;2,2;
2021/08/27;2100 UTC;0;983,9;983,9;983,4;126,5;31;11,6;33,4;30,9;12,7;11,6;31;27;31;89;3,9;2,1;
2021/08/27;2200 UTC;0;984,2;984,2;983,9;;27,9;12,8;31;27,9;12,8;10,6;39;29;39;116;3,9;1,5;
2021/08/27;2300 UTC;0;985,1;985,1;984,2;;28,4;10,8;28,4;27;13,9;10,8;44;33;33;108;4,9;2,8;
2021/08/28;0000 UTC;0;985,8;985,8;985,1;;27,1;12;28,5;27,1;12;10,8;39;33;39;117;4,6;1,7;
2021/08/28;0100 UTC;0;986,1;986,1;985,8;;28,8;12,3;28,8;26;13,1;12,1;45;36;36;118;7,5;3,9;
2021/08/28;0200 UTC;0;986,4;986,5;986,1;;28,1;14;29;28,1;14;12,4;42;36;42;126;9,9;4,5;
2021/08/28;0300 UTC;0;986,6;986,7;986,4;;26,8;14,5;28,3;26,8;14,5;14;47;42;47;114;9,6;4,9;
2021/08/28;0400 UTC;0;986,8;986,8;986,6;;25,6;15;26,8;25,6;15;14,5;52;47;52;109;9,5;3,9;
2021/08/28;0500 UTC;0;986,9;986,9;986,7;;24,5;15,2;25,6;24,5;15,2;15;56;52;56;109;8,9;3,9;
2021/08/28;0600 UTC;0;987,3;987,3;986,9;;23,7;15;24,5;23,7;15,2;14,9;58;56;58;116;8,2;3,2;
2021/08/28;0700 UTC;0;987,5;987,5;987,2;;23;15,7;23,7;23;15,7;15;63;58;63;108;7;3,4;
2021/08/28;0800 UTC;0;987,8;987,8;987,4;;22,2;16;23;22,1;16;15,7;68;63;68;110;5,9;1,6;
2021/08/28;0900 UTC;0;988,4;988,4;987,7;5,2;21,6;16,3;22,2;20,3;16,3;15,7;76;68;72;124;3,2;1,5;
2021/08/28;1000 UTC;0;989;989;988,4;342,2;23,7;16,4;23,7;21,6;16,5;16,1;72;64;64;120;4,3;1,5;
2021/08/28;1100 UTC;0;989,5;989,5;989;1155,7;25;16,4;25,1;23,7;16,8;16,2;64;58;59;93;5,9;3,3;
2021/08/28;1200 UTC;0;989,8;989,8;989,5;2058,9;27,1;15,5;27,6;25;16,7;15,2;60;48;49;110;5,9;3;
2021/08/28;1300 UTC;0;989,7;989,8;989,6;2412,5;29;14,6;29,2;27;15,8;14,4;49;41;41;85;7,3;3,6;
2021/08/28;1400 UTC;0;988,8;989,7;988,8;3184,9;31,2;13,8;31,3;28,7;15,2;12,9;43;34;35;120;7,2;3,4;
2021/08/28;1500 UTC;0;987,8;988,8;987,8;3467,4;32,7;12,7;33;30,2;13,9;11,8;35;29;30;142;9;3,2;
2021/08/28;1600 UTC;0;986,7;987,9;986,7;3284,8;33,8;12,2;34,1;32,3;13,5;11,8;31;27;27;119;8,3;2,5;
2021/08/28;1700 UTC;0;985,5;986,6;985,5;2661,9;34,1;12,4;34,8;32,4;12,8;11,5;30;25;27;145;7,6;2,5;
2021/08/28;1800 UTC;0;984,8;985,5;984,8;2666,4;34,2;11,5;35;34;13;10,5;27;23;25;108;7,6;4,3;
2021/08/28;1900 UTC;0;984,7;984,8;984,7;1355,6;34,5;11,3;34,8;33,1;12;10;28;23;25;148;8,6;2,4;
2021/08/28;2000 UTC;0;985;985;984,6;897;33,6;9,4;34,7;33,5;12,1;9,4;26;22;23;119;8;3,8;
2021/08/28;2100 UTC;0;985,7;985,7;985;69,4;32,5;9;33,9;32,4;9,5;8,5;24;21;23;137;8,3;2,4;
2021/08/28;2200 UTC;0;986,4;986,4;985,7;;31,8;10,3;32,7;31,2;10,3;9;27;23;27;144;4,8;2,9;
2021/08/28;2300 UTC;0;987;987;986,4;;31,5;11,3;32;31,3;11,4;10,4;29;27;29;139;6,7;4;
2021/08/29;0000 UTC;0;987,7;987,7;987;;30,9;10,8;31,6;30,8;11,3;10,8;30;29;29;139;8,1;4,1;
2021/08/29;0100 UTC;0;988,5;988,5;987,7;;29,8;10,7;30,9;29,8;10,8;10,6;31;29;31;119;7,5;4,2;
2021/08/29;0200 UTC;0;988,8;988,8;988,5;;27,9;13,1;29,8;27,8;13,1;10,7;40;31;40;119;7,5;3,6;
2021/08/29;0300 UTC;0;988,5;988,9;988,5;;27;13,7;27,9;27;13,7;13,1;44;40;44;124;8,6;3,9;
2021/08/29;0400 UTC;0;988,2;988,5;988,2;;26,1;14,4;27;26;14,4;13,7;49;44;49;128;7,6;3,6;
2021/08/29;0500 UTC;0;987,8;988,2;987,8;;25,5;14,3;26,2;25,5;14,6;14,2;50;49;50;138;8,7;4,2;
2021/08/29;0600 UTC;0;987,5;987,8;987,5;;25;13,8;25,5;24,9;14,3;13,7;51;49;50;153;8,4;4,9;
2021/08/29;0700 UTC;0;988;988;987,5;;24,4;15;25,1;24,3;15;13,8;56;50;56;138;8,4;4;
2021/08/29;0800 UTC;0;988,2;988,2;988;;23,7;15,1;24,5;22,7;15,5;14,9;63;55;59;139;7,5;3,2;
2021/08/29;0900 UTC;0;988,6;988,6;988,2;3,6;23,8;15;24;23,7;15,2;15;59;58;58;144;7,9;2,5;
2021/08/29;1000 UTC;0;989,3;989,3;988,6;436,2;25,3;15,4;25,4;23,8;15,8;15;59;53;54;113;5,7;1,2;
2021/08/29;1100 UTC;0;989,6;989,7;989,3;1356,6;26,4;15;26,7;25,2;15,5;15;54;49;50;137;8,7;3,3;
2021/08/29;1200 UTC;0;989,8;990;989,6;2198;27,8;15,2;27,8;26,4;15,7;15;50;46;46;128;8,9;4,6;
2021/08/29;1300 UTC;0;989,6;989,8;989,4;2845,8;30;15,1;30;27,8;15,6;14,4;46;40;40;144;8,1;3,3;
2021/08/29;1400 UTC;0;988,5;989,6;988,5;3298,7;30,9;13,6;31;29,4;15;13,6;41;35;35;130;9,1;4,2;
2021/08/29;1500 UTC;0;987,1;988,5;987,1;3370,2;32,8;13,6;32,8;31;14,3;12,7;35;30;31;134;9,1;4,4;
2021/08/29;1600 UTC;0;985,6;987,1;985,6;3347,2;34,3;11,7;34,6;32,4;14;11,7;31;25;26;130;9,1;3,8;
2021/08/29;1700 UTC;0;984,2;985,6;984,1;3002,3;35,2;12,1;35,6;33,4;13,1;11;28;23;25;90;8,1;3,7;
2021/08/29;1800 UTC;0;983,3;984,2;983,3;2080;35,1;10,6;35,8;33,9;12;10,4;26;22;23;110;12,2;2,5;
2021/08/29;1900 UTC;0;983,2;983,3;983,1;1261,2;33,3;12,9;35,8;33,3;12,9;10,2;29;22;29;94;8,9;3,4;
2021/08/29;2000 UTC;0;983,6;983,6;983,2;593,8;33,2;12,1;34,3;33,2;12,9;10,9;29;24;28;103;7,5;2,7;
2021/08/29;2100 UTC;0;984;984;983,6;108,1;32,1;11,5;33,4;32,1;12,4;11,1;29;26;28;110;6;2,7;
2021/08/29;2200 UTC;0;984,7;984,7;984;;31;14;32,1;29,8;14;11,4;35;28;35;94;6,8;3,6;
2021/08/29;2300 UTC;0;985,3;985,3;984,7;;30,1;14,9;31;29,8;15,1;14,1;41;35;40;106;6,5;3,2;
2021/08/30;0000 UTC;0;985,9;986;985,3;;28,9;15,2;30;28,9;15,3;14,9;44;40;43;111;5,6;2,1;
2021/08/30;0100 UTC;0;986,5;986,5;985,9;;28,7;15,1;29;28,3;15,4;15;45;43;44;117;8,2;3,3;
2021/08/30;0200 UTC;0;986,8;986,8;986,5;;27,2;15,9;28,7;27,2;15,9;15,1;50;44;50;104;6,2;1,9;
2021/08/30;0300 UTC;0;986,6;986,8;986,6;;27;16,2;27,2;26,7;16,3;15,9;53;50;52;119;5,4;3;
2021/08/30;0400 UTC;0;986,3;986,6;986,3;;26;16,5;27;26;16,5;16,2;56;52;56;118;6,8;1,8;
2021/08/30;0500 UTC;0;985,9;986,3;985,9;;26,3;16,8;26,3;25,5;17,1;16,5;60;56;56;119;4,4;0;
2021/08/30;0600 UTC;0;986;986;985,8;;25,9;16,8;26,3;25,9;16,8;16,8;57;56;57;139;7,3;4,1;
2021/08/30;0700 UTC;0;986,2;986,2;986;;25,1;16,8;25,9;25,1;16,9;16,8;60;57;60;132;7,3;2,2;
2021/08/30;0800 UTC;0;986,7;986,7;986,2;;23,8;17,6;25,1;23,3;17,6;16,8;69;60;68;98;4,1;2,4;
2021/08/30;0900 UTC;0;987,3;987,3;986,7;3,9;21,5;17,4;23,8;21,5;17,5;17,3;78;68;78;125;3,9;0;
2021/08/30;1000 UTC;0;988;988;987,3;419,3;24,7;18;24,8;21,4;18,4;17,3;79;66;66;88;3,3;1,9;
2021/08/30;1100 UTC;0;988,7;988,7;987,9;832,4;25,5;16,1;26;24,6;17,9;16,1;66;56;56;131;7,8;4,3;
2021/08/30;1200 UTC;0;989;989,1;988,6;1395;27,2;15,9;27,8;25,5;16,8;15,7;57;49;50;128;8,3;4,1;
2021/08/30;1300 UTC;0;988,7;989,1;988,7;2882,4;28,5;15,5;29,1;26,7;16,5;15,3;51;45;45;130;9;4,6;
2021/08/30;1400 UTC;0;987,7;988,7;987,7;2785,1;30,1;14,5;30,4;28,1;16,2;14,5;46;39;39;148;9,5;3,7;
2021/08/30;1500 UTC;0;986,2;987,7;986,2;3282;31,4;14,1;32;29,4;15,2;13,5;40;34;35;170;9;2,6;
2021/08/30;1600 UTC;0;985;986,3;985;3269;32,5;13;33,5;30,8;14,2;12,6;37;29;31;145;8,1;3,7;
2021/08/30;1700 UTC;0;983,9;985;983,9;2926,9;32,7;12,1;34;31,7;13,5;11,8;32;27;29;145;7,4;3,7;
2021/08/30;1800 UTC;0;983,1;983,9;983,1;2669,6;33,2;11,3;34,4;32,8;12,8;11;29;25;26;133;7,5;3,2;
2021/08/30;1900 UTC;0;982,8;983,1;982,7;1838,1;33,6;12,9;34,3;32,7;12,9;10,7;29;24;29;118;9,4;3,2;
2021/08/30;2000 UTC;0;983;983,1;982,8;790,6;32,5;12,8;33,6;32,4;13,4;12,2;31;28;30;114;7;1,3;
2021/08/30;2100 UTC;0;983,6;983,6;983;120;31,2;12;32,5;31;13;12;32;30;31;149;5,8;2;
2021/08/30;2200 UTC;0;984;984;983,6;;26,8;14,4;31,2;26,8;14,6;12;47;31;47;168;3,3;0;
2021/08/30;2300 UTC;0;984,3;984,3;983,9;;24,7;16;26,8;24,7;16,1;14,4;59;47;58;214;0;0;
2021/08/31;0000 UTC;0;984,6;984,7;984,3;;28,5;14,8;28,5;24,7;18,5;14,8;63;43;43;201;4;1,9;
2021/08/31;0100 UTC;0;985;985;984,6;;28,5;14;28,5;25,1;16,5;14;59;41;41;142;3,8;1,4;
2021/08/31;0200 UTC;0;985,6;985,7;985;;29;13,7;29,9;28,5;13,7;12,7;41;35;39;141;9,2;4,7;
2021/08/31;0300 UTC;0;985,6;985,7;985,6;;28;14,3;29,1;28;14,3;13,7;43;39;43;147;8,4;4;
2021/08/31;0400 UTC;0;985,4;985,6;985,4;;27,1;14,8;28;27;14,8;14,3;47;43;47;136;7,2;3,4;
2021/08/31;0500 UTC;0;984,9;985,4;984,8;;26,1;15,6;27,1;26,1;15,6;14,8;53;47;53;139;7,2;3,4;
2021/08/31;0600 UTC;0;985,2;985,3;984,9;;23,6;16,1;26,1;23,6;16,1;15,6;63;53;63;73;6,5;1,7;
2021/08/31;0700 UTC;0;985,8;985,8;985,2;;22,8;16,9;23,6;22,4;16,9;16,1;71;63;69;71;3,5;2,2;
2021/08/31;0800 UTC;0;986,3;986,3;985,8;;21,9;17;22,8;21,9;17,1;16,8;74;69;74;100;3,5;1,8;
2021/08/31;0900 UTC;0;987,3;987,3;986,2;5,4;21,4;17;22,1;21,3;17,1;16,9;77;73;76;90;2,8;1,5;
2021/08/31;1000 UTC;0;988,2;988,2;987,3;427,4;23,7;16,9;23,8;21,4;17,4;16,6;76;65;66;91;4;2,2;
2021/08/31;1100 UTC;0;989;989;988,2;892,2;25;16,6;25,4;23,2;17;16,3;67;58;59;93;4,6;2,1;
2021/08/31;1200 UTC;0;988,8;989,1;988,8;1828,7;27,3;15,8;27,4;25;16,7;15,3;60;48;49;147;6,4;3;
2021/08/31;1300 UTC;0;988;988,8;988;2560,2;28,9;15,4;29,2;27,2;16,1;14,6;51;41;44;148;8,2;3,2;
2021/08/31;1400 UTC;0;987,1;988,1;987,1;3301;30,8;14;31,1;28,9;15,5;13,5;44;35;36;176;8,5;2,8;
2021/08/31;1500 UTC;0;986;987,1;986;3470,2;32,6;12,9;33;30,6;14,5;12,7;37;30;30;187;7,8;2,3;
2021/08/31;1600 UTC;0;984,6;986;984,6;3576,1;34;12,6;34,2;32,4;13,6;12,1;31;27;27;28;7,1;1,3;
2021/08/31;1700 UTC;0;983,4;984,6;983,4;3137,6;34,8;11,6;35,5;33,2;13,5;11,5;30;24;25;209;9,1;1,9;
2021/08/31;1800 UTC;0;982,5;983,4;982,5;2328,4;35,2;11,3;35,8;34;12,1;10,8;26;23;23;360;6,2;2,2;
2021/08/31;1900 UTC;0;982,5;982,5;982,4;1481,7;33,8;11,9;36,1;33,7;12,5;10,3;28;22;26;119;5,6;1,8;
2021/08/31;2000 UTC;0;982,4;982,5;982,3;684,4;34,7;9,8;35,5;32,9;14,2;9,6;32;21;22;141;4,9;1,9;
2021/08/31;2100 UTC;0;982,7;982,7;982,4;100,6;30,8;11,8;34,7;30,8;12,4;9,9;31;22;31;130;4,9;1,6;
2021/08/31;2200 UTC;0;983,3;983,3;982,7;;32,1;10,3;32,3;29,2;13;10,1;37;26;26;159;3,4;1,7;
2021/08/31;2300 UTC;0;983,9;983,9;983,3;;30,5;10,9;32,8;30,4;10,9;9,8;30;25;30;188;4,7;1,4;
2021/09/01;0000 UTC;0;985;985;983,9;;31,4;10,8;31,8;29,8;11,1;10,4;31;27;28;148;7,7;3,2;
2021/09/01;0100 UTC;0;986,3;986,3;985;;30,8;11,3;31,6;30,8;11,3;10,7;30;28;30;141;8,3;4,5;
2021/09/01;0200 UTC;0;986,8;986,9;986,3;;27,7;14,3;30,8;27,7;14,3;11,3;44;30;44;104;9,3;4,6;
2021/09/01;0300 UTC;0;986,8;987,1;986,8;;26;14,3;27,7;26;14,3;14,2;48;44;48;103;8,8;3,1;
2021/09/01;0400 UTC;0;986,5;986,8;986,5;;24,7;14,6;26;24,7;14,6;14,3;53;48;53;98;5,5;2,6;
2021/09/01;0500 UTC;0;986,8;986,8;986,5;;23,6;15;24,7;23,6;15,1;14,6;59;53;59;103;4,9;2;
2021/09/01;0600 UTC;0;987;987;986,7;;22,4;15,3;23,6;22,4;15,3;15,1;64;59;64;108;2,9;1,3;
2021/09/01;0700 UTC;0;986,8;987;986,8;;21,2;15,7;22,4;21,2;15,7;15,3;71;64;71;96;1,8;0;
2021/09/01;0800 UTC;0;987,2;987,3;986,8;;20,3;16;21,2;19,9;16;15,4;78;71;76;114;0;0;
2021/09/01;0900 UTC;0;987,8;987,8;987,2;6,9;21,3;14,9;21,4;20,3;15,9;14,8;76;67;67;119;2,7;1,6;
2021/09/01;1000 UTC;0;988,1;988,1;987,8;434,1;24,1;15;24,1;21,1;15,6;14,9;68;57;57;104;3,8;1,3;
2021/09/01;1100 UTC;0;988,3;988,3;988,1;1321,1;25,5;14,4;25,6;24,1;15;14,2;57;50;50;143;7,7;4,4;
2021/09/01;1200 UTC;0;989;989,1;988,3;2229,6;27,1;14,4;27,3;25,4;14,9;14;51;45;46;131;7,7;3,8;
2021/09/01;1300 UTC;0;988,8;989;988,8;2911,6;29,1;14,4;29,1;26,3;14,7;13,1;48;40;41;120;9,1;4,2;
2021/09/01;1400 UTC;0;988,1;988,8;988;3421,1;29,6;12;30,2;28,2;14,5;12;41;34;34;135;9,1;3,8;
2021/09/01;1500 UTC;0;986,9;988;986,9;3180,8;30,7;11,9;31;29,1;12,9;11,6;36;31;32;153;9,2;4,1;
2021/09/01;1600 UTC;0;985,4;986,9;985,4;3307,9;31,8;11,3;32,7;30,7;12,4;10,8;32;27;29;164;9,2;2,7;
2021/09/01;1700 UTC;0;984,2;985,4;984,2;3014;32,9;10,5;33,4;31,8;11,6;10,1;29;25;25;141;8,8;3,2;
2021/09/01;1800 UTC;0;983,5;984,2;983,5;2509,5;33,1;9,8;33,9;32,8;11,4;9,6;27;23;24;138;7,7;3,4;
2021/09/01;1900 UTC;0;983,2;983,5;983,2;1915,4;33,6;10,3;34;32,9;11,2;9,4;26;23;24;136;9;2,1;
2021/09/01;2000 UTC;0;983,5;983,5;983,2;833,6;32,4;10,4;33,6;32,4;11,1;9,8;26;24;26;110;6;3,1;
2021/09/01;2100 UTC;0;983,9;983,9;983,5;63,9;27,7;13,3;32,4;27,7;13,3;10,1;41;26;41;131;5,3;,2;
2021/09/01;2200 UTC;0;984,4;984,4;983,9;;27;13,6;27,7;25,6;14,9;13,5;51;41;44;77;2,4;,8;
2021/09/01;2300 UTC;0;985,6;985,6;984,4;;30,7;10,2;30,7;26,5;14,8;10,2;49;28;28;143;3,6;2,3;
2021/09/02;0000 UTC;0;986,4;986,4;985,6;;30,1;11,1;31,1;30,1;11,2;9,9;31;27;31;140;6,7;4,2;
2021/09/02;0100 UTC;0;987,2;987,2;986,4;;28,7;11,1;30,2;28,7;11,1;10,8;34;30;34;163;9,3;3,1;
2021/09/02;0200 UTC;0;987,9;987,9;987,1;;27,9;11,1;28,7;27,8;11,2;11;35;34;35;160;7,4;3,6;
2021/09/02;0300 UTC;0;987,8;988;987,8;;26,8;13,2;27,9;26,8;13,3;11,1;43;35;43;142;9,2;3,9;
2021/09/02;0400 UTC;0;987,8;987,8;987,7;;26;13,9;26,8;26;14;13,3;47;43;47;134;6,5;3,2;
2021/09/02;0500 UTC;0;987,3;987,8;987,3;;23,8;15,5;26;23,8;15,5;13,9;60;47;60;102;5,5;2,1;
2021/09/02;0600 UTC;0;987,4;987,4;987,3;;22,3;15,7;23,8;22,3;15,7;15,5;66;60;66;101;3,7;1,4;
2021/09/02;0700 UTC;0;987,5;987,5;987,3;;22,1;15,6;22,4;21,8;15,8;15,4;68;65;67;102;4,1;1,6;
2021/09/02;0800 UTC;0;987,7;987,7;987,4;;22,3;15,3;22,9;22;15,7;15,1;67;62;64;106;4,7;1,8;
2021/09/02;0900 UTC;0;988;988;987,6;5,9;23,1;14,9;23,4;22,1;15,4;14,8;66;59;60;132;5,1;2,4;
2021/09/02;1000 UTC;0;988,5;988,5;987,9;277,6;24;15,1;24;23,1;15,1;14,9;61;57;57;140;4,3;1,7;
2021/09/02;1100 UTC;0;988,8;988,8;988,4;969,6;25,1;14,5;25,3;24;15;14,4;57;51;52;114;7,4;3,7;
2021/09/02;1200 UTC;0;989,2;989,2;988,8;1292,3;26,4;14,2;26,4;25,1;14,7;14,1;52;47;47;120;7,1;3,8;
2021/09/02;1300 UTC;0;988,7;989,2;988,7;2854,5;29,2;12,4;29,8;26,4;14,5;11,9;47;34;35;151;9;4,2;
2021/09/02;1400 UTC;0;987,8;988,7;987,8;3347;31;10,9;31,4;29,3;12,9;10,4;36;28;29;157;10,1;4,7;
2021/09/02;1500 UTC;0;986,5;987,8;986,5;3225;33;10,2;33,4;30,8;11,8;10,2;30;25;25;157;8,7;2,4;
2021/09/02;1600 UTC;0;985;986,5;985;3474,4;34,3;9,9;34,6;32,8;11,3;8,8;26;21;23;201;11;2,8;
2021/09/02;1700 UTC;0;983,9;985;983,9;3134,3;34,8;9,1;35,4;33,8;9,9;8,6;22;20;21;151;7,9;3,8;
2021/09/02;1800 UTC;0;982,9;983,8;982,9;2563,9;35,2;9,2;35,8;34,5;9,9;8,3;22;19;20;147;7,1;3,3;
2021/09/02;1900 UTC;0;982,6;982,9;982,6;1778,7;36;8,2;36,5;35;10,2;8;22;18;18;100;8,2;,3;
2021/09/02;2000 UTC;0;982,8;982,8;982,5;825,7;34,7;7,8;36,1;34,1;10,1;7,7;23;18;19;132;7,4;3,3;
2021/09/02;2100 UTC;0;983,4;983,4;982,8;105,5;29,2;11;34,7;29,2;11,7;7,7;33;19;33;172;5,1;,6;
2021/09/02;2200 UTC;0;984,1;984,1;983,4;;27,6;13,6;29,2;27;13,6;10,2;42;31;42;207;2;1,6;
2021/09/02;2300 UTC;0;985,3;985,3;984,1;;30,4;9,6;30,6;27,4;14;9,4;43;27;27;143;4,4;2,7;
2021/09/03;0000 UTC;0;986,1;986,1;985,3;;31,5;9,3;31,9;29,9;10;7,9;29;23;25;147;8,1;3,7;
2021/09/03;0100 UTC;0;987,1;987,1;986,1;;30;10,1;31,6;30;10,1;9,4;29;25;29;153;8,6;3,1;
2021/09/03;0200 UTC;0;987,5;987,6;987,1;;29;10,8;30;28,9;10,8;10,1;32;29;32;159;7,8;3,4;
2021/09/03;0300 UTC;0;987,4;987,6;987,2;;28;11,7;29;27,9;11,7;10,7;37;32;36;149;7,9;3,8;
2021/09/03;0400 UTC;0;987,4;987,7;987,4;;27;13,6;28,1;27;13,6;11,7;44;36;44;149;7,6;4,5;
2021/09/03;0500 UTC;0;987,5;987,5;987,3;;25,7;14,2;27;25,7;14,2;13,6;49;44;49;158;7,8;2,4;
2021/09/03;0600 UTC;0;987,5;987,5;987,3;;25,2;14,6;25,8;25,1;14,6;14,3;52;49;52;153;5,8;3,1;
2021/09/03;0700 UTC;0;987,5;987,6;987,4;;24,5;14,7;25,3;24,4;14,7;14,6;55;52;54;149;6,7;1,8;
2021/09/03;0800 UTC;0;987,8;987,8;987,5;;22,2;14,9;24,5;22,2;14,9;14,6;63;54;63;59;4,9;,5;
2021/09/03;0900 UTC;0;988,1;988,1;987,7;7,8;22,8;15,2;23,2;21,3;15,7;14,9;68;61;62;119;3,6;1,3;
2021/09/03;1000 UTC;0;988,4;988,4;988,1;485,7;25,3;14,6;25,3;22,8;15,3;14,5;62;52;52;170;4;2;
2021/09/03;1100 UTC;0;988,7;988,7;988,4;1411,6;27,9;13,8;27,9;25,3;14,6;13,5;52;42;42;129;4,1;1,1;
2021/09/03;1200 UTC;0;989,2;989,2;988,7;2267;28,9;12,4;29,3;27,8;14,2;12,4;43;36;36;100;5,8;3,1;
2021/09/03;1300 UTC;0;989,1;989,3;989,1;2909,3;30,6;13,3;30,7;28,9;14,2;12,6;38;34;35;118;9,1;3;
2021/09/03;1400 UTC;0;988,3;989,1;988,3;3333,1;31,5;14;31,5;30,2;14,1;12,7;36;34;35;98;8,5;3,9;
2021/09/03;1500 UTC;0;986,9;988,3;986,9;3527,9;32,8;14,2;33,2;31,3;14,6;13,4;35;31;32;98;8,3;3,5;
2021/09/03;1600 UTC;0;985,4;986,8;985,4;3531,4;34,5;14,1;34,5;32,8;14,7;13,2;33;29;29;82;8,2;3,1;
2021/09/03;1700 UTC;0;984,1;985,4;984,1;3240,8;35,2;13,4;35,2;34,1;14,3;12,6;30;27;27;86;8,3;4;
2021/09/03;1800 UTC;0;983,2;984,1;983,2;2617,1;35,1;12,1;35,4;34,4;13,3;11,6;27;24;25;59;7,9;2,7;
2021/09/03;1900 UTC;0;983;983,2;983;1828,6;35,2;11;35,5;34,8;13;10,8;26;23;23;91;8,3;2,9;
2021/09/03;2000 UTC;0;983,3;983,3;983;881,9;34,1;12,3;35,2;34,1;12,6;11;27;23;27;95;6;2,8;
2021/09/03;2100 UTC;0;983,5;983,6;983,3;112,2;29,8;14,1;34,2;29,8;14,1;11,8;38;26;38;120;6;,8;
2021/09/03;2200 UTC;0;984,4;984,4;983,5;;30,9;13,2;31;27,6;16,4;13,2;51;34;34;105;3,8;2,4;
2021/09/03;2300 UTC;0;985,2;985,2;984,4;;30,9;13,9;31,1;30,8;13,9;13,2;36;34;36;106;5,8;2,9;
2021/09/04;0000 UTC;0;986,1;986,1;985,2;;30;14;30,9;29,7;14,2;13,9;39;36;38;105;4,9;2,7;
2021/09/04;0100 UTC;0;986,6;986,6;986,1;;29,1;13,9;30;29,1;14;13,5;39;37;39;107;5;2,4;
2021/09/04;0200 UTC;0;987;987;986,6;;28,3;14,6;29,1;28,3;14,6;13,9;43;39;43;87;6,4;2,9;
2021/09/04;0300 UTC;0;987,3;987,3;987;;27,5;16,3;28,3;27,5;16,3;14,5;51;43;51;91;7,8;3,3;
2021/09/04;0400 UTC;0;987;987,4;987;;26,8;16,2;27,5;26,8;16,5;16,2;52;51;52;99;7,8;4,4;
2021/09/04;0500 UTC;0;986,6;987;986,6;;25,3;16,5;26,8;25,3;16,5;16,1;58;52;58;98;7,8;2,2;
2021/09/04;0600 UTC;0;986,6;986,6;986,5;;23,4;16;25,3;23,4;16,5;16;63;58;63;100;3,8;1,5;
2021/09/04;0700 UTC;0;986,8;986,8;986,6;;22,1;16,3;23,4;22,1;16,3;16;69;63;69;104;2,7;1,7;
2021/09/04;0800 UTC;0;987,1;987,1;986,7;;20,3;16,2;22,1;20,3;16,3;15,8;78;69;78;111;2,7;,5;
2021/09/04;0900 UTC;0;987,8;987,8;987,1;8,7;19,6;16,8;20,3;19,4;16,9;16;84;77;84;123;1,6;,7;
2021/09/04;1000 UTC;0;988,6;988,6;987,8;465,1;24,5;16,6;24,5;19,6;17,4;16,5;84;61;61;96;5,6;1,9;
2021/09/04;1100 UTC;0;989;989;988,6;1391,2;26,6;17;26,6;24,5;17;16,2;61;56;56;100;7,4;4,1;
2021/09/04;1200 UTC;0;989,6;989,6;989;2264,7;27,9;16,8;28;26,4;17,2;16,5;56;51;51;91;8,7;4,3;
2021/09/04;1300 UTC;0;989,5;989,7;989,4;2797,9;28,9;15,7;30;27,8;17;15,7;51;44;45;93;11,3;4,3;
2021/09/04;1400 UTC;0;988,8;989,5;988,8;2780,6;29,9;15,3;30,7;28,5;16,5;14,8;46;39;41;99;9,4;5,1;
2021/09/04;1500 UTC;0;987,9;988,9;987,9;2265,3;30,3;15,9;30,9;29,3;16,4;14,8;43;40;42;95;9,6;4,2;
2021/09/04;1600 UTC;0;986,6;987,9;986,6;3222,6;31,6;15,2;32,9;29,8;16,3;15,1;43;36;37;98;8,5;4;
2021/09/04;1700 UTC;0;985,3;986,6;985,3;3189,6;32,1;15,3;32,9;31,6;15,6;14,2;38;33;36;94;9,4;4,7;
2021/09/04;1800 UTC;0;984,6;985,3;984,6;2682,5;32,9;14,3;33;32;15,4;14,2;36;33;33;109;9,4;3,8;
2021/09/04;1900 UTC;0;984,2;984,6;984,1;1696,5;32,9;13,8;33,4;32,2;14,7;13,4;34;31;32;72;8;2,9;
2021/09/04;2000 UTC;0;984,1;984,2;984,1;870,5;32,1;13,7;32,9;32,1;14,1;13,3;33;30;33;70;7,4;2,3;
2021/09/04;2100 UTC;0;984,4;984,4;984,1;130,9;30,3;15,8;32,1;30,3;15,8;13,5;41;33;41;127;5,7;3,3;
2021/09/04;2200 UTC;0;984,9;984,9;984,4;;28,8;16;30,3;28,8;16;15,3;46;41;46;111;5,7;1,3;
2021/09/04;2300 UTC;0;985,7;985,7;984,9;;25,9;17,6;28,7;25,9;17,9;15,7;61;46;60;130;2,1;1;
2021/09/05;0000 UTC;0;986,5;986,5;985,7;;24,7;18;25,9;24,7;18,3;17,5;67;60;67;108;1,4;,4;
2021/09/05;0100 UTC;0;987,2;987,2;986,5;;27,6;16,2;27,8;24,7;18,4;16,2;68;49;50;99;2,8;1,7;
2021/09/05;0200 UTC;0;987,8;987,8;987,2;;27,6;13,6;28;27,4;16,3;13,6;51;42;42;107;5,2;3;
2021/09/05;0300 UTC;0;987,8;987,9;987,8;;26,2;14,1;27,6;26,2;14,1;13,6;47;42;47;106;4,8;2,5;
2021/09/05;0400 UTC;0;987,5;987,8;987,5;;25,3;15,1;26,2;25,3;15,1;14,1;53;47;53;105;4,6;2,2;
2021/09/05;0500 UTC;0;987,1;987,5;987,1;;23,5;15,8;25,3;23,5;15,8;15,1;62;53;62;99;3,8;1,6;
2021/09/05;0600 UTC;0;987,1;987,2;987;;23;16,3;24;23;16,3;15,8;66;62;66;112;3,7;1,5;
2021/09/05;0700 UTC;0;987;987,1;986,8;;21,5;16,2;23;21,5;16,4;16,2;72;66;72;108;2,5;1,5;
2021/09/05;0800 UTC;0;987,4;987,4;986,9;;22,3;17;22,3;20,3;17;15,7;77;72;72;106;4,4;2,3;
2021/09/05;0900 UTC;0;987,8;987,8;987,3;7,9;21,1;17,2;22,5;21;17,2;16,9;79;71;78;94;4,4;,8;
2021/09/05;1000 UTC;0;988,5;988,5;987,8;498,3;24,5;17,7;24,5;21,1;17,8;17,1;79;66;66;110;4,5;2,6;
2021/09/05;1100 UTC;0;989;989;988,5;1430,7;26,3;17;26,4;24,5;17,8;17;66;57;57;101;7,5;4,3;
2021/09/05;1200 UTC;0;989,1;989,2;989;2288,3;28,2;16,5;28,2;26,3;17,1;16,3;57;49;49;111;8,3;4,6;
2021/09/05;1300 UTC;0;989;989,2;989;2940,1;30,1;15,6;30,1;28,2;17;15,2;50;41;42;90;8,2;4,2;
2021/09/05;1400 UTC;0;988,1;989,1;988,1;3326,5;31,4;14;31,6;30;15,7;13,5;42;34;35;63;9;2,5;
2021/09/05;1500 UTC;0;986,7;988,1;986,6;3521,7;32,9;13,9;33,3;31,2;14,8;12,6;35;30;32;71;7,3;3,2;
2021/09/05;1600 UTC;0;985,3;986,7;985,3;3488,7;34,1;11,8;34,3;32,7;14,1;10,4;32;24;26;109;6,8;2,5;
2021/09/05;1700 UTC;0;983,9;985,3;983,9;3157,1;34,5;12,6;35,1;33,9;13,1;11,8;28;25;27;79;7;3,9;
2021/09/05;1800 UTC;0;983,4;983,9;983,4;2568,3;35,6;13,2;35,6;34,4;13,2;11,6;27;24;26;89;8,6;3,3;
2021/09/05;1900 UTC;0;983,2;983,4;983,1;1808,8;35;12,2;35,7;34,6;12,9;11,2;26;24;25;91;8,6;3,1;
2021/09/05;2000 UTC;0;983,4;983,4;983,1;870;34;11,5;35,1;34;12,3;11,3;26;24;26;99;6,3;3;
2021/09/05;2100 UTC;0;983,6;983,6;983,4;113,1;31,9;12,2;34;31,4;12,5;11,6;31;26;30;97;5,4;2,3;
2021/09/05;2200 UTC;0;984,3;984,3;983,6;;30,9;13,7;32,1;30,9;13,7;12,2;35;30;35;102;6,4;2,3;
2021/09/05;2300 UTC;0;985;985;984,3;;29,3;14,6;30,9;29,1;14,7;13,7;41;35;41;104;3,9;2;
2021/09/06;0000 UTC;0;985,5;985,5;985;;27;16,2;29,3;26,7;16,6;14,5;54;41;52;107;2,9;1,5;
2021/09/06;0100 UTC;0;986,1;986,1;985,5;;28,1;14,4;28,1;27;16,3;14,4;52;43;43;114;3,2;2,2;
2021/09/06;0200 UTC;0;986,7;986,7;986,1;;27,9;15,2;28,5;27,3;15,2;13,9;47;41;46;104;5,1;2,5;
2021/09/06;0300 UTC;0;986,6;986,7;986,6;;27,6;16,9;28,1;27,4;16,9;15,2;52;46;52;107;4,2;2,6;
2021/09/06;0400 UTC;0;986,2;986,6;986,2;;27,4;17,3;27,7;27,3;17,3;16,8;54;52;54;123;4,6;2,6;
2021/09/06;0500 UTC;0;986,4;986,5;986,2;;26,2;17,5;27,4;26,2;17,5;17,3;59;54;59;110;5,8;2;
2021/09/06;0600 UTC;0;986,3;986,5;986,3;;24,7;17,8;26,2;24,7;17,8;17,5;65;59;65;95;3,6;1,7;
2021/09/06;0700 UTC;0;986,4;986,4;986,2;;24,9;18,2;24,9;24,3;18,3;17,8;68;65;66;115;4;2,4;
2021/09/06;0800 UTC;0;986,5;986,6;986,4;;24;18,1;24,9;24;18,3;18,1;70;66;70;101;5,1;2,5;
2021/09/06;0900 UTC;0;987;987;986,5;9,5;23,5;17,6;24;23;18,1;17,6;73;69;69;115;4,4;2,3;
2021/09/06;1000 UTC;0;987,6;987,6;987;514,6;25,3;17;25,3;23,5;17,8;16,8;69;59;60;105;6,8;4,1;
2021/09/06;1100 UTC;0;988;988;987,6;1404,3;27,3;17,1;27,3;25,3;17,3;16,5;60;53;54;111;7,3;2,7;
2021/09/06;1200 UTC;0;988,2;988,3;988;2276,2;29;16,3;29,3;27,2;17,5;15,9;54;45;46;113;5,7;2,2;
2021/09/06;1300 UTC;0;987,8;988,3;987,8;2923,7;30,9;15,2;30,9;28,7;16,5;15,1;46;39;39;87;6,3;2;
2021/09/06;1400 UTC;0;986,6;987,8;986,6;3313,7;32,2;13,7;32,9;30,7;16;13,7;40;33;33;135;6,2;2,9;
2021/09/06;1500 UTC;0;985,3;986,5;985,3;3514,3;34,5;12;34,7;32,2;14,6;11,5;33;25;26;108;6,7;3,6;
2021/09/06;1600 UTC;0;984,3;985,3;984,3;3487,4;35,8;11;35,8;34;12,3;10,1;26;22;22;137;6,7;3,2;
2021/09/06;1700 UTC;0;982,7;984,3;982,7;3149,8;36,1;10;36,5;35,3;12,1;9,6;24;20;20;108;7,1;3,3;
2021/09/06;1800 UTC;0;981,9;982,8;981,7;2567,1;37,3;8,5;37,6;36,1;11,6;8,5;23;17;17;263;12,6;1,8;
2021/09/06;1900 UTC;0;981,7;981,9;981,6;1773,7;36,5;8,9;37,6;36,5;11,6;7,5;21;16;19;112;6,6;3,2;
2021/09/06;2000 UTC;0;981,8;981,8;981,6;848,6;35;10,9;36,8;35;11,3;7,4;24;17;23;77;5,9;0;
2021/09/06;2100 UTC;0;982,1;982,1;981,8;83,2;30,1;11,5;35;30,1;12,2;9,2;32;21;32;97;3,3;1,1;
2021/09/06;2200 UTC;0;982,6;982,6;982,1;;28;11,9;30,1;27,7;14,1;10,5;41;31;37;110;2,4;1,5;
2021/09/06;2300 UTC;0;983,2;983,2;982,6;;28,8;11,5;29,5;27,7;13,4;10,7;41;31;34;110;2,6;1,9;
2021/09/07;0000 UTC;0;984,3;984,3;983,2;;32,2;9;32,2;28,8;11,6;9;35;24;24;120;5,5;3,4;
2021/09/07;0100 UTC;0;985,2;985,2;984,3;;31;12;32,2;30,9;12;8,7;31;24;31;114;7,5;1,8;
2021/09/07;0200 UTC;0;985,3;985,4;985,2;;29,7;13,2;31,2;29,7;13,2;12,2;37;31;37;106;10;0;
2021/09/07;0300 UTC;0;985,4;985,6;985,3;;28;14,2;29,7;27,9;14,2;13,3;43;37;43;108;5,3;0;
2021/09/07;0400 UTC;0;985,2;985,5;985,2;;26,8;14,6;28;26,7;14,6;14,2;47;43;47;119;2,7;0;
2021/09/07;0500 UTC;0;985,4;985,4;985,2;;25,8;15,1;27,6;25,8;15,1;14,5;52;45;52;97;3,2;0;
2021/09/07;0600 UTC;0;985,5;985,5;985,4;;23,9;15,7;25,8;23,9;15,7;15;60;52;60;85;0;0;
2021/09/07;0700 UTC;0;985,9;985,9;985,5;;24,5;16,1;25,1;23,7;16,1;15,6;61;56;60;108;3,4;0;
2021/09/07;0800 UTC;0;986,3;986,3;985,9;;23,5;16,9;24,6;23,5;16,9;16,2;66;60;66;113;0;0;
2021/09/07;0900 UTC;0;986,8;986,8;986,3;11,8;23;16,7;23,5;23;17;16,7;68;66;68;112;5,7;,1;
2021/09/07;1000 UTC;0;987,4;987,4;986,8;516,6;24,7;16,6;24,7;23;17,1;16,6;68;61;61;106;5,9;,3;
2021/09/07;1100 UTC;0;987,8;987,8;987,4;1449,3;26,4;15,9;26,7;24,6;16,6;15,8;61;52;52;104;7,6;,2;
2021/09/07;1200 UTC;0;988;988,1;987,8;2341,9;28,1;13,9;28,3;26,3;16;13,8;52;42;42;129;7,4;2,6;
2021/09/07;1300 UTC;0;987,8;988;987,8;2991,3;29,5;13,8;30;27,9;14,7;12,9;44;37;38;119;7,8;3,3;
2021/09/07;1400 UTC;0;986,8;987,8;986,8;3370,9;31,4;13,4;31,4;29,2;14,6;12,5;39;32;33;71;6,5;1,7;
2021/09/07;1500 UTC;0;985,5;986,8;985,5;3561,9;32,6;11,5;33,4;31,1;13,8;11,5;33;27;28;70;6,6;,5;
2021/09/07;1600 UTC;0;984,1;985,5;984,1;3540;34,6;10,5;34,6;32,6;12,1;9,9;28;23;23;104;7,5;,3;
2021/09/07;1700 UTC;0;983;984,1;983;3246,6;35,1;6,6;35,8;34,3;10,9;5,4;24;16;17;153;13,4;3,6;
2021/09/07;1800 UTC;0;982,3;983,1;982,3;2618,7;35,5;9,3;35,9;35;9,9;5,4;21;15;20;139;8,9;,3;
2021/09/07;1900 UTC;0;981,7;982,3;981,6;1804;35,8;8,9;36,3;35,2;10,4;8,2;22;18;19;137;7,6;2,9;
2021/09/07;2000 UTC;0;981,8;981,8;981,6;874,7;34,7;8,1;36;34,6;10,7;7,9;23;18;19;111;5,8;2,2;
2021/09/07;2100 UTC;0;982,1;982,1;981,7;105,1;29,9;11;35,2;29,7;11,9;6,5;33;17;31;104;4,6;,6;
2021/09/07;2200 UTC;0;982,6;982,6;982,1;;28,6;12,2;29,9;28,3;13,2;10,2;39;30;36;100;2,6;1,7;
2021/09/07;2300 UTC;0;983,1;983,1;982,6;;26,4;13,1;28,6;25,7;15,4;12,3;53;36;44;104;2,9;1,7;
2021/09/08;0000 UTC;0;984,1;984,1;983,2;;29,5;11;29,5;26,4;13,1;10,9;44;32;32;106;5,5;2,8;
2021/09/08;0100 UTC;0;985,2;985,2;984,1;;30,1;11,2;30,3;29,5;11,2;10,9;32;30;31;119;5,5;3,3;
2021/09/08;0200 UTC;0;985,7;985,7;985,2;;29,7;11,9;30,3;29,7;11,9;11,2;33;31;33;125;8,7;5,1;
2021/09/08;0300 UTC;0;985,8;985,9;985,7;;26,5;13,3;29,7;26,5;13,3;11,9;44;33;44;75;8,7;1,7;
2021/09/08;0400 UTC;0;985,8;985,8;985,6;;24,7;14,4;26,5;24,7;14,4;13,4;53;44;53;109;2,8;0;
2021/09/08;0500 UTC;0;985,5;985,8;985,5;;25;14,8;25;24,7;14,8;14,4;53;53;53;109;0;0;
2021/09/08;0600 UTC;0;985,8;985,8;985,5;;24,5;15;25;24,1;15,1;14,8;57;53;55;116;0;0;
2021/09/08;0700 UTC;0;986;986;985,8;;24;15,1;24,7;24;15,2;15;58;55;58;112;0;0;
2021/09/08;0800 UTC;0;986,7;986,7;986;;23,5;15,2;24;23,1;15,4;15,1;61;58;60;119;0;0;
2021/09/08;0900 UTC;0;987,4;987,4;986,7;13,8;20,8;16,2;23,5;20,6;16,2;15,2;75;60;75;90;0;0;
2021/09/08;1000 UTC;0;987,7;987,7;987,4;541,9;25,6;15,4;25,9;20,8;16,8;15,4;75;53;53;134;5,5;,3;
2021/09/08;1100 UTC;0;988,2;988,2;987,7;1522,3;27,2;15;27,7;25,6;15,7;14,9;54;47;47;120;9,4;4,4;
2021/09/08;1200 UTC;0;988,5;988,5;988,1;2430,4;28,4;14,4;29,1;27,1;15,8;14,2;48;41;42;126;9,4;4,9;
2021/09/08;1300 UTC;0;988,2;988,5;988,1;2846,2;29,8;13,9;30,6;28,4;14,9;13,8;42;37;38;125;8,6;3,3;
2021/09/08;1400 UTC;0;987,5;988,2;987,5;3584,6;31,8;13,6;32,2;29,8;14,7;12,9;38;32;33;106;9,2;3;
2021/09/08;1500 UTC;0;986,4;987,5;986,4;3575,5;33,4;12,2;33,6;31,3;14,3;12,2;35;28;28;129;8,3;3,6;
2021/09/08;1600 UTC;0;985,2;986,4;985,2;3245,9;34,3;13,2;34,3;32,1;13,3;11,2;31;25;28;81;8,8;2,5;
2021/09/08;1700 UTC;0;984,1;985,2;984,1;2880,7;34,2;12,9;34,5;32,4;13,5;11;31;25;28;85;8,5;3;
2021/09/08;1800 UTC;0;983,6;984,1;983,6;1780,7;33,6;13,6;35;32,8;14,4;11,8;32;25;30;79;8;2,2;
2021/09/08;1900 UTC;0;983,4;983,6;983,3;1405,5;32,6;12,7;35,1;32,5;14;11,2;30;24;30;90;7,7;3;
2021/09/08;2000 UTC;0;983,5;983,5;983,4;909,5;33,3;11,6;34,2;32,6;13,3;10,9;30;25;27;96;5,9;2,7;
2021/09/08;2100 UTC;0;983,7;983,7;983,5;124,4;29;14,2;33,3;29;14,8;11,6;41;27;41;71;4,9;,3;
2021/09/08;2200 UTC;0;984,1;984,1;983,7;;25,9;15,5;29;25,9;15,6;14,1;53;41;53;148;1,4;0;
2021/09/08;2300 UTC;0;984,8;984,8;984,1;;24,7;16,1;25,9;24,6;17,3;15,8;61;53;59;121;2;,5;
2021/09/09;0000 UTC;0;985,6;985,6;984,8;;28,2;11,2;28,6;24,7;17,3;10,9;62;34;35;112;2;0;
2021/09/09;0100 UTC;0;986,4;986,4;985,6;;27,2;13,1;28,8;27,1;13,1;11,1;42;34;42;109;0;0;
2021/09/09;0200 UTC;0;986,8;986,8;986,4;;28,5;14,8;28,9;27,2;14,8;13,2;43;40;43;119;6;3;
2021/09/09;0300 UTC;0;986,8;986,9;986,8;;27,6;15,1;28,6;27,3;15,3;14,9;48;43;46;105;5,9;3,2;
2021/09/09;0400 UTC;0;986,2;986,8;986,2;;26,5;15,2;27,6;26,5;15,2;15;50;46;50;108;7,6;2,6;
2021/09/09;0500 UTC;0;985,6;986,2;985,6;;25,5;15,7;26,5;25,5;15,7;15,3;55;50;55;119;4,8;2,5;
2021/09/09;0600 UTC;0;985,7;985,8;985,6;;24,4;16,4;25,5;24,4;16,4;15,7;61;55;61;95;3,8;1,8;
2021/09/09;0700 UTC;0;986,3;986,3;985,7;;24,2;16,3;24,4;23,5;16,5;16,3;64;61;61;121;3,3;2;
2021/09/09;0800 UTC;0;986,8;986,8;986,3;;23,3;16,6;24,3;23,2;16,7;16,2;67;61;66;109;3,4;1,7;
2021/09/09;0900 UTC;0;987,7;987,7;986,8;20,3;22,6;17,4;23,3;22,3;17,4;16,6;73;66;72;92;2,6;1,2;
2021/09/09;1000 UTC;0;988,5;988,5;987,7;592,8;24,9;16,9;25;22,6;17,4;16,9;72;61;61;88;3,7;1,9;
2021/09/09;1100 UTC;0;988,7;988,7;988,5;1575,4;26,8;16,4;27;24,8;17,3;16,2;62;53;53;103;4,9;2,7;
2021/09/09;1200 UTC;0;989;989,1;988,7;2568,6;28,1;14,9;28,6;26,8;16,5;14,5;53;44;45;132;5,6;2,1;
2021/09/09;1300 UTC;0;988,9;989,1;988,8;2980,1;29,4;13,7;30,1;27,7;15,3;13,6;45;37;38;78;6,1;2,8;
2021/09/09;1400 UTC;0;988,2;988,9;988,2;3366,1;31,2;12,6;31,8;29,3;14,3;12,3;39;31;32;142;7,4;2,9;
2021/09/09;1500 UTC;0;987,1;988,2;987,1;3529,6;32,8;12,5;33,1;31,2;13,2;12;33;28;29;130;6,9;1,6;
2021/09/09;1600 UTC;0;985,8;987,1;985,8;3541;33,9;12,2;34,1;32,8;13,5;11,8;30;27;27;157;6,9;2,8;
2021/09/09;1700 UTC;0;984,8;985,8;984,8;3189,5;34,5;10,6;35,9;33,9;12,9;10,5;28;23;23;155;9,9;1,8;
2021/09/09;1800 UTC;0;984;984,8;984;2580,6;35,5;10,1;36;34,4;12,2;10,1;26;21;21;122;8,3;2,5;
2021/09/09;1900 UTC;0;983,5;984;983,5;1758,9;35,4;9,6;36;34,6;11,9;8,9;25;20;21;153;5,5;2,3;
2021/09/09;2000 UTC;0;983,4;983,6;983,4;847,2;34;10,6;35,6;34;11,5;8,9;25;20;24;96;5,4;1,4;
2021/09/09;2100 UTC;0;983,6;983,6;983,3;105,9;31,4;11,6;34,5;31,4;11,7;9,3;30;21;30;51;4,7;0;
2021/09/09;2200 UTC;0;983,9;983,9;983,6;;26,8;16,1;31,4;26,8;16,4;11,8;52;30;52;114;0;0;
2021/09/09;2300 UTC;0;984,6;984,6;983,9;;25,8;16;26,8;25,7;17;15;58;51;55;104;0;0;
2021/09/10;0000 UTC;0;985,4;985,4;984,6;;24,8;15,6;26,5;24,8;16,1;13,9;57;46;57;141;,7;0;
2021/09/10;0100 UTC;0;985,9;986;985,4;;28;12,9;28;24,2;16,4;12,9;61;39;39;159;6,3;1,6;
2021/09/10;0200 UTC;0;986,5;986,5;985,9;;29,4;10,4;30,8;28;12,3;10,1;39;28;31;115;7,4;3,3;
2021/09/10;0300 UTC;0;986,5;986,6;986,5;;28,2;13;29,4;27,7;13;10,4;39;31;39;116;6,6;4;
2021/09/10;0400 UTC;0;986,1;986,5;986;;27;14,6;28,3;27;14,6;13,2;46;39;46;117;7,1;0;
2021/09/10;0500 UTC;0;986;986,1;986;;25,5;15,6;27;25,5;15,6;14,6;54;46;54;108;4,5;1,6;
2021/09/10;0600 UTC;0;986;986,1;985,9;;23,8;15,9;25,5;23,8;15,9;15,6;61;54;61;120;4,6;0;
2021/09/10;0700 UTC;0;986,3;986,3;986;;22,2;16,4;23,8;22,2;16,4;15,8;69;61;69;83;0;0;
2021/09/10;0800 UTC;0;986,8;986,8;986,3;;20,9;16,9;22,2;20,6;16,9;15,7;78;69;78;99;0;0;
2021/09/10;0900 UTC;0;987,5;987,5;986,8;13,6;21,1;16,6;21,4;20,9;16,9;16,3;78;73;75;113;0;0;
2021/09/10;1000 UTC;0;988,1;988,1;987,5;510,5;24,6;16,5;24,6;21,1;16,9;16,3;75;61;61;91;0;0;
2021/09/10;1100 UTC;0;988,4;988,4;988;1431,7;26,5;15,6;26,7;24,6;16,7;15,6;61;51;51;76;4,5;2,4;
2021/09/10;1200 UTC;0;988,8;988,9;988,4;2281,5;29,1;14,7;29,1;26,5;16,4;14,3;52;42;42;111;5;2,3;
2021/09/10;1300 UTC;0;988,7;988,9;988,7;2924,6;30,4;15,1;30,4;28,8;15,6;14,2;43;39;39;76;4,9;2,4;
2021/09/10;1400 UTC;0;988;988,7;988;3314,5;32,1;14,5;32,2;30,4;15,4;13,8;39;34;35;70;4,8;1,9;
2021/09/10;1500 UTC;0;987,1;988;987,1;3526,7;33,3;13,6;33,8;31,7;14,8;13,2;35;30;30;66;5,9;2,6;
2021/09/10;1600 UTC;0;985,9;987,1;985,9;3480,6;34,7;12,9;34,9;33,3;14,1;12;31;26;27;78;6,6;2,2;
2021/09/10;1700 UTC;0;984,9;985,9;984,9;3129,7;35,2;11,9;35,8;34,4;13,1;11,1;27;23;24;48;7,9;3,4;
2021/09/10;1800 UTC;0;984,2;984,9;984,2;2527,1;36,2;10,7;36,5;35,1;12,7;9,9;26;20;21;50;6,9;1,9;
2021/09/10;1900 UTC;0;984;984,2;984;1669,1;35,3;9,9;36,4;35,2;10,9;8,8;23;19;21;53;5,2;2,3;
2021/09/10;2000 UTC;0;984,2;984,2;984;762;34;8,5;35,6;33,9;11,3;8,3;23;20;21;67;4,2;2,1;
2021/09/10;2100 UTC;0;984,7;984,7;984,2;105,3;29,2;11,8;34;29,2;12;8,5;34;21;34;86;4,2;1;
2021/09/10;2200 UTC;0;985,1;985,1;984,7;;26;15,5;29,2;26;15,5;11,8;52;34;52;118;1,4;,5;
2021/09/10;2300 UTC;0;985,8;985,8;985,1;;24,6;13,7;27;24,6;16;11,4;55;38;50;88;2,3;0;
2021/09/11;0000 UTC;0;986,4;986,4;985,8;;23,7;12,5;24,8;23,5;14,4;11,1;56;46;49;213;0;0;
2021/09/11;0100 UTC;0;987,3;987,3;986,4;;29,8;8,3;29,8;23,2;14,3;8,3;57;26;26;143;5,2;3,3;
2021/09/11;0200 UTC;0;988,1;988,1;987,3;;26,3;9,2;31;26,3;9,2;8;34;24;34;52;6,4;1,4;
2021/09/11;0300 UTC;0;987,9;988,2;987,9;;24,9;10,8;26,3;24,8;11,1;9,4;42;34;41;87;3;1,9;
2021/09/11;0400 UTC;0;987,7;987,9;987,6;;22,2;12,9;24,9;21,9;13,4;10,9;58;41;56;63;2,7;1,4;
2021/09/11;0500 UTC;0;987,4;987,7;987,4;;25,6;15,7;25,7;22,2;15,8;12,9;56;53;54;112;4,6;2,7;
2021/09/11;0600 UTC;0;987,7;987,7;987,4;;24,4;16,5;25,6;24,2;16,5;15,6;62;54;61;105;4,6;2,5;
2021/09/11;0700 UTC;0;987,9;988;987,6;;23,1;16,8;24,4;23,1;16,8;16,4;68;61;68;97;4,5;1,9;
2021/09/11;0800 UTC;0;988,2;988,2;987,9;;22,5;16,8;23,1;22,5;16,9;16,7;70;68;70;106;3,7;1,5;
2021/09/11;0900 UTC;0;988,8;988,8;988,1;12,8;21,7;16,7;22,5;21,7;16,9;16,7;73;70;73;134;3,3;,8;
2021/09/11;1000 UTC;0;989,4;989,4;988,8;466,5;24,4;17;24,4;21,7;17,3;16,8;74;63;63;83;2,9;1,5;
2021/09/11;1100 UTC;0;989,8;989,8;989,3;1385,1;26,3;15,9;26,3;24,4;17,1;15,5;64;52;53;150;5,1;2,7;
2021/09/11;1200 UTC;0;990;990;989,8;2276,6;28;15,3;28,1;26,3;16;14,8;53;45;46;108;7;3,8;
2021/09/11;1300 UTC;0;989,5;990;989,5;2923,5;29,6;14,3;30;28;15,7;13,4;46;37;39;147;8,5;2,9;
2021/09/11;1400 UTC;0;988,6;989,5;988,6;3332,6;31,3;12,9;32,1;29,4;14,9;12,9;40;32;32;138;7,9;2,8;
2021/09/11;1500 UTC;0;987,4;988,6;987,4;3524,3;32,8;12,3;33,3;31,1;14,1;12,3;34;29;29;129;7,9;2,7;
2021/09/11;1600 UTC;0;986,2;987,4;986,2;3479;34,6;10,8;34,8;32,7;13,5;10,8;30;24;24;139;7;3,5;
2021/09/11;1700 UTC;0;985;986,2;984,9;3111,6;35,4;9,1;36,7;34,5;11,8;9;24;19;20;129;7,8;2,7;
2021/09/11;1800 UTC;0;984,2;985;984,2;2437,1;36,7;7,6;36,7;35,3;9,9;7,2;21;17;17;125;7,4;2;
2021/09/11;1900 UTC;0;983,8;984,2;983,7;1695,9;36,5;5,7;36,8;35,7;8,6;5,4;19;15;15;141;8,6;3,6;
2021/09/11;2000 UTC;0;984,1;984,1;983,7;815,9;34,8;9,6;36,6;34,8;9,6;5;21;14;21;93;8,6;2,1;
2021/09/11;2100 UTC;0;984,7;984,7;984,1;104,3;31,6;9,3;34,8;31,6;10,1;9,2;25;21;25;99;6;0;
2021/09/11;2200 UTC;0;985,3;985,3;984,7;;26,8;12,3;31,6;26,8;12,3;9,2;41;25;41;125;0;0;
2021/09/11;2300 UTC;0;986,3;986,3;985,3;;28,9;9,5;29,2;26;14,1;9,3;47;29;30;105;0;0;
2021/09/12;0000 UTC;0;987,1;987,2;986,3;;27,9;11,1;28,9;27,6;11,1;9,5;35;30;35;107;0;0;
2021/09/12;0100 UTC;0;987,9;987,9;987,1;;28,9;11,9;29,5;27,8;11,9;11,1;36;33;35;103;4,3;2,5;
2021/09/12;0200 UTC;0;988,5;988,5;987,9;;28,2;12,3;29;28,2;12,4;11,9;37;35;37;105;6,9;3,7;
2021/09/12;0300 UTC;0;988,9;988,9;988,4;;26,5;13;28,2;26,5;13;12,3;43;37;43;101;6,9;2,7;
2021/09/12;0400 UTC;0;988,6;988,9;988,6;;25;14,4;26,5;25;14,4;13;52;43;52;102;7,1;3,1;
2021/09/12;0500 UTC;0;988,5;988,6;988,5;;24,4;14,5;25;24,2;14,6;14,4;55;52;54;110;5,9;3,3;
2021/09/12;0600 UTC;0;988,7;988,7;988,4;;23,7;14,4;24,5;23,7;14,6;14,4;56;54;56;116;6,1;2,7;
2021/09/12;0700 UTC;0;988,9;988,9;988,6;;21,8;14,9;23,7;21,8;15,1;14,4;65;56;65;106;4,5;,9;
2021/09/12;0800 UTC;0;989,1;989,1;988,8;;19,7;15,7;21,8;19,5;15,7;14,6;78;65;78;70;2;0;
2021/09/12;0900 UTC;0;989,8;989,8;989,1;17,4;19,2;15,8;19,7;18,9;15,8;14,7;81;77;81;132;2,1;,5;
2021/09/12;1000 UTC;0;990,1;990,2;989,8;521,6;25,1;15,5;25,1;19,2;16,7;15,3;81;55;55;112;3,4;1,8;
2021/09/12;1100 UTC;0;990,6;990,6;990;1439,5;26,9;15;27;25,1;15,6;14,8;55;48;48;116;7,7;3,7;
2021/09/12;1200 UTC;0;990,7;990,8;990,6;2331,5;28,4;15,4;28,7;26,6;15,4;14,4;49;43;45;116;11,1;5,2;
2021/09/12;1300 UTC;0;990,6;990,8;990,5;2946,6;29,1;14,6;29,8;28,1;15,6;14,1;45;40;41;142;10;5;
2021/09/12;1400 UTC;0;990;990,6;990;2472,2;30,2;14,7;30,3;28,6;15,6;13,8;44;39;39;142;10;3,9;
2021/09/12;1500 UTC;0;988,7;990;988,7;3526,8;31,6;13,9;32,3;29,9;14,8;13,4;40;33;34;119;10,1;3,7;
2021/09/12;1600 UTC;0;987,3;988,7;987,3;3436,7;32,9;13,5;33,4;31,2;14,3;12,8;35;30;31;110;8,8;4;
2021/09/12;1700 UTC;0;986;987,3;985,9;2987,2;34,9;11,6;35;32,5;13,8;11,6;32;24;24;139;8,6;3,1;
2021/09/12;1800 UTC;0;984,9;985,9;984,9;2538,1;35,2;11,3;35,2;34,1;12,2;10,7;26;23;24;153;11,5;4,1;
2021/09/12;1900 UTC;0;984,3;985;984,3;1375,3;35,3;10,4;35,6;34,1;11,5;9,8;25;21;22;126;10,3;,1;
2021/09/12;2000 UTC;0;984,6;984,6;984,3;832,1;34,2;11,1;35,5;33,9;11,8;9,2;26;20;25;99;10,1;,7;
2021/09/12;2100 UTC;0;985,1;985,1;984,6;104,4;32,3;11,3;34,4;32,3;12,4;9,3;28;22;28;97;3,1;0;
2021/09/12;2200 UTC;0;985,8;985,8;985,1;;30,6;11,4;32,3;30,6;11,4;11,3;31;28;31;116;0;0;
2021/09/12;2300 UTC;0;986,7;986,7;985,8;;29,8;11,7;30,6;29,3;11,8;11,4;34;31;33;110;4,5;,4;
2021/09/13;0000 UTC;0;987,4;987,4;986,7;;29,7;11,8;29,8;28,9;12;11,6;35;33;33;121;4,2;1;
2021/09/13;0100 UTC;0;988,1;988,1;987,4;;29,3;12,4;30;29,3;12,4;11,7;35;33;35;119;9,7;3,7;
2021/09/13;0200 UTC;0;988,3;988,3;988,1;;28;13,4;29,3;28;13,4;12,4;41;35;41;112;7,9;2,9;
2021/09/13;0300 UTC;0;988,1;988,3;988,1;;27,6;13;28;27,6;13,8;13;43;40;40;130;7,9;3,5;
2021/09/13;0400 UTC;0;987,8;988,1;987,8;;26,7;13;27,8;26,5;13,3;13;43;40;43;126;6,2;2,7;
2021/09/13;0500 UTC;0;987,2;987,8;987,2;;26;14,3;26,8;26;14,3;12,9;48;42;48;117;6,8;2,7;
2021/09/13;0600 UTC;0;987;987,2;987;;23,9;14,6;26;23,9;14,7;14,3;56;48;56;97;5,5;0;
2021/09/13;0700 UTC;0;987,3;987,3;987;;21,4;15,4;23,9;21,4;15,4;14,6;69;56;69;103;0;0;
2021/09/13;0800 UTC;0;987,5;987,5;987,3;;22,7;16;22,7;21,2;16,1;15,3;72;66;66;145;0;0;
2021/09/13;0900 UTC;0;988;988;987,5;6,1;25;16,4;25;22,7;16,7;15,9;67;59;59;115;0;0;
2021/09/13;1000 UTC;0;988,7;988,7;988;135,8;26,1;16,3;26,1;25;16,4;16;59;54;55;141;4,2;,7;
2021/09/13;1100 UTC;0;989,2;989,2;988,7;775,2;27;15,9;27,2;26;16,4;15,7;55;50;51;155;5,5;0;
2021/09/13;1200 UTC;0;989,3;989,3;989,1;1260,1;28;15,1;28,4;27;16,3;15;51;45;46;128;8,4;4,5;
2021/09/13;1300 UTC;0;989;989,4;989;2597,2;30,1;15,1;30,9;28;15,5;14,3;46;38;40;131;9,8;4;
2021/09/13;1400 UTC;0;988,5;989;988,5;2018,8;31,1;14,5;31,3;29,3;15,7;13,8;40;36;36;143;7,4;3,2;
2021/09/13;1500 UTC;0;987,4;988,5;987,3;2864,8;32,1;13,4;32,6;30,4;14,5;13;37;32;32;127;6,9;1,9;
2021/09/13;1600 UTC;0;985,9;987,4;985,9;2604;33,6;13,3;34;31,4;14,1;12,9;34;29;29;160;8;3,1;
2021/09/13;1700 UTC;0;984,6;985,9;984,6;2701,6;33,7;12,4;34,8;32,7;13,9;12,1;31;26;28;102;8;2;
2021/09/13;1800 UTC;0;983,8;984,6;983,7;2267,1;34,9;11,8;35,8;33,2;13,1;11,6;29;24;25;161;7,3;2,5;
2021/09/13;1900 UTC;0;983,3;983,8;983,2;1488,8;35,1;11,6;35,3;34,1;12,9;11,6;27;24;24;148;6,5;2,5;
2021/09/13;2000 UTC;0;983,2;983,3;983,2;827,2;33,8;13,6;35,3;33,8;14;11,5;30;24;30;89;6,6;0;
2021/09/13;2100 UTC;0;983,5;983,5;983,2;106;31,8;12,8;33,8;31,8;13,8;12,7;31;29;31;90;4,1;0;
2021/09/13;2200 UTC;0;984;984;983,5;;28,8;15,2;31,8;28,8;15,2;12,8;44;31;44;120;0;0;
2021/09/13;2300 UTC;0;984,6;984,6;984;;26,9;16;28,8;26,9;16;14;51;41;51;105;0;0;
2021/09/14;0000 UTC;0;985,2;985,2;984,6;;29,8;13;29,8;25,8;16,3;13;55;36;36;107;6,3;2;
2021/09/14;0100 UTC;0;985,9;985,9;985,2;;28,7;13,9;30,2;28,7;13,9;13;40;35;40;103;6,8;0;
2021/09/14;0200 UTC;0;986,4;986,4;985,9;;28,8;14,3;29,5;28,5;14,3;13,9;41;39;41;116;6,8;2,4;
2021/09/14;0300 UTC;0;986,1;986,4;986,1;;27,4;15,2;28,9;27,4;15,2;14,4;47;41;47;117;6,4;0;
2021/09/14;0400 UTC;0;985,5;986,1;985,5;;26,6;16,6;27,5;26,4;16,6;15,2;54;47;54;112;4,4;1,6;
2021/09/14;0500 UTC;0;985,7;985,7;985,5;;25,4;17,2;26,8;25,3;17,2;16,6;61;54;61;110;4,8;0;
2021/09/14;0600 UTC;0;985,9;985,9;985,6;;24,4;17,5;25,4;24,4;17,6;17,2;66;61;66;102;0;0;
2021/09/14;0700 UTC;0;986,4;986,4;985,9;;23,1;17,7;24,4;23,1;17,7;17,5;72;66;72;101;0;0;
2021/09/14;0800 UTC;0;986,6;986,6;986,4;;22,7;17,6;23,1;22,5;17,7;17,5;74;72;73;112;0;0;
2021/09/14;0900 UTC;0;987,7;987,7;986,6;16,8;22,3;17,4;22,8;22,3;17,6;17,3;74;72;74;75;0;0;
2021/09/14;1000 UTC;0;988,4;988,4;987,7;490,1;25,1;17,5;25,1;22,3;18,1;17,4;75;63;63;345;0;0;
2021/09/14;1100 UTC;0;988,6;988,6;988,4;1279,1;27,6;17,7;27,7;25,1;18,3;17,4;63;55;55;171;3,7;0;
2021/09/14;1200 UTC;0;988,5;988,7;988,5;2136,2;28,7;16,6;29,6;27,4;17,7;16,5;55;46;48;116;6,9;2,5;
2021/09/14;1300 UTC;0;988;988,5;988;2797;30,6;15,6;30,9;28,5;17,2;15,4;49;40;40;123;7,7;3,4;
2021/09/14;1400 UTC;0;987;988;987;3319;32,2;14;32,8;30,4;16,2;14;41;33;33;130;7,2;2,9;
2021/09/14;1500 UTC;0;985,7;987;985,7;3495,3;33;13,6;33,5;32;14,8;13,2;35;30;31;160;9,5;0;
2021/09/14;1600 UTC;0;984,5;985,8;984,5;3396,2;34,7;12,6;35,4;33;14,6;12;32;25;26;144;7,3;2,2;
2021/09/14;1700 UTC;0;983,3;984,5;983,3;2601,1;35,6;13,2;35,8;33,6;13,6;11,5;29;24;26;156;8,3;1,3;
2021/09/14;1800 UTC;0;982,8;983,4;982,8;2491,1;35,7;11,4;36,4;34,8;13,1;11,1;27;22;23;120;7,3;1,1;
2021/09/14;1900 UTC;0;982,8;982,9;982,6;1479;35,2;12,7;35,9;34,8;13,6;11,4;27;23;26;85;10,3;1,3;
2021/09/14;2000 UTC;0;983,2;983,2;982,7;595,3;33,8;13,4;35,6;33,7;13,6;12,5;30;25;29;87;3,9;0;
2021/09/14;2100 UTC;0;983,7;983,7;983,2;73;32,4;12,3;33,8;32,4;13,4;12,1;30;28;29;94;4,6;0;
2021/09/14;2200 UTC;0;984,6;984,6;983,7;;30,4;14,5;32,9;30,4;14,5;12,3;38;29;38;188;6,3;3,2;
2021/09/14;2300 UTC;0;985,6;985,6;984,6;;29,2;15,8;30,4;29,2;15,8;14,5;44;38;44;185;8,3;2,2;
2021/09/15;0000 UTC;0;987,2;987,2;985,6;;29,5;15,8;29,6;29;16;15,8;45;43;44;216;6;0;
2021/09/15;0100 UTC;0;988,5;988,5;987,2;;28,1;17,3;29,7;28,1;17,3;15,8;52;44;52;144;9,2;6;
2021/09/15;0200 UTC;0;988,2;988,5;988,1;;25,7;19,8;28,1;25,4;19,9;17,4;70;52;70;53;9,2;0;
2021/09/15;0300 UTC;0;987,6;988,2;987,5;;25,6;19,8;26,2;25,4;19,9;19,4;71;66;70;161;1,2;0;
2021/09/15;0400 UTC;0;987,2;987,6;987,2;;24,2;20,1;25,6;24,2;20,1;19,7;78;70;78;110;2;0;
2021/09/15;0500 UTC;0;986,7;987,2;986,7;;22,9;19,4;24,2;22,9;20,1;19,4;81;78;81;178;0;0;
2021/09/15;0600 UTC;0;986,5;986,7;986,5;;22,6;19,9;22,9;22,3;19,9;19,3;85;81;84;173;3,1;,2;
2021/09/15;0700 UTC;0;986,8;986,8;986,4;;24,7;17,5;25,2;22,6;20,2;17,5;84;64;64;136;3,3;,4;
2021/09/15;0800 UTC;0;987,3;987,3;986,7;;21,8;17,6;24,7;21,8;17,8;17,2;77;64;77;114;2,4;0;
2021/09/15;0900 UTC;0;988,3;988,3;987,3;18,8;22,5;18,3;22,5;21,6;18,4;17,6;79;77;78;122;0;0;
2021/09/15;1000 UTC;0;989;989;988,3;506,7;25,9;16,8;25,9;22,5;18,7;16,8;78;57;57;142;5,5;2,2;
2021/09/15;1100 UTC;0;989,5;989,5;988,9;1409,7;27,2;16,1;27,5;25,8;16,8;16,1;58;50;50;136;6,5;3,3;
2021/09/15;1200 UTC;0;989,8;989,9;989,5;2271,4;29,3;16,2;29,5;27,2;16,6;15,5;51;44;45;111;6,6;2,9;
2021/09/15;1300 UTC;0;989,4;989,9;989,4;2925,7;30;15,7;30,8;28,8;16,3;15,2;46;41;42;96;8,5;3,8;
2021/09/15;1400 UTC;0;988,6;989,4;988,6;3326;31,5;15,4;31,9;30;16,5;15;43;37;38;117;8,5;2,2;
2021/09/15;1500 UTC;0;987,4;988,6;987,4;3531,4;32,6;15,2;33,2;31,5;16,3;14,5;39;34;35;87;7,8;,9;
2021/09/15;1600 UTC;0;986,3;987,4;986,3;3410,4;34,3;13,8;34,8;32,4;15,7;13,8;35;29;29;146;5,8;0;
2021/09/15;1700 UTC;0;985,1;986,3;985,1;2923,6;35,3;13,1;35,7;33;15,1;12,7;33;26;26;87;7,2;3,3;
2021/09/15;1800 UTC;0;984,5;985,1;984,4;2423,1;35,7;12,7;36,8;34,9;13,6;11,3;28;22;25;106;9,1;2,6;
2021/09/15;1900 UTC;0;984,3;984,5;984,2;1706,9;35,4;13,1;36,3;34,7;13,9;11;27;22;26;78;6,8;,1;
2021/09/15;2000 UTC;,2;985,5;985,6;984,3;438,6;28,6;16,3;35,5;28,2;16,8;12,1;49;25;47;100;14,2;3,2;
2021/09/15;2100 UTC;0;985,3;985,6;985,2;29,1;27,8;19,5;29;27,8;19,5;15,3;61;44;61;184;7,6;,4;
2021/09/15;2200 UTC;0;985,8;985,8;985,3;;26,6;20,8;27,8;26,4;21,2;19;73;59;71;131;1,2;0;
2021/09/15;2300 UTC;0;986,6;986,6;985,8;;26,8;20,7;26,9;26,5;21,6;20,6;74;69;69;210;0;0;
2021/09/16;0000 UTC;0;987,4;987,4;986,6;;25,4;19,9;26,9;25;21,2;19,8;76;69;72;177;0;0;
2021/09/16;0100 UTC;0;988,3;988,3;987,4;;29,5;14,7;29,5;24,9;20,3;14,7;75;40;40;114;5,7;2,8;
2021/09/16;0200 UTC;0;988,6;988,6;988,3;;28,5;15,3;30,2;28,5;15,3;13,8;45;37;45;108;7,9;2,2;
2021/09/16;0300 UTC;0;988,3;988,6;988,3;;27,6;16,2;28,6;27,5;16,2;15,3;50;44;50;115;6,5;2,4;
2021/09/16;0400 UTC;0;988,1;988,3;988,1;;27,1;17;27,8;27,1;17;16,2;54;50;54;110;7,4;0;
2021/09/16;0500 UTC;0;987,7;988,1;987,7;;26,2;17,3;27,1;26,1;17,3;17;58;54;58;117;7;2,1;
2021/09/16;0600 UTC;0;987,9;987,9;987,6;;25,4;17,3;26,2;25,4;17,4;17,2;61;58;61;109;6,5;0;
2021/09/16;0700 UTC;0;988,5;988,5;987,9;;22,7;17,5;25,4;22,7;17,5;17,2;72;61;72;112;0;0;
2021/09/16;0800 UTC;0;989,2;989,2;988,5;;21,2;17,8;22,7;21,2;18,3;17,3;82;72;81;86;0;0;
2021/09/16;0900 UTC;0;989,8;989,8;989,2;18,3;20,8;18;21,3;20,7;18,2;17,6;84;81;84;38;0;0;
2021/09/16;1000 UTC;0;990,4;990,4;989,8;468,6;25,9;17,8;26;20,8;19;17,8;84;61;61;141;0;0;
2021/09/16;1100 UTC;0;990,7;990,8;990,4;1354;27,6;16,8;27,6;25,9;17,8;16,2;61;52;52;159;6;0;
2021/09/16;1200 UTC;0;990,8;991;990,7;2237,2;29,1;15,5;29,3;27,2;16,5;15,2;52;43;44;127;6,6;,3;
2021/09/16;1300 UTC;0;990,3;990,8;990,3;2902;31,4;15,2;31,4;29,1;15,6;14;44;37;38;162;6,7;0;
2021/09/16;1400 UTC;0;989,4;990,3;989,4;3332;32;14,6;32,5;30,7;15,3;13,8;39;34;35;93;7,9;3,8;
2021/09/16;1500 UTC;0;988,1;989,4;988,1;3528,2;33,6;14,6;33,7;31,9;14,9;13,1;35;30;32;134;7,6;1,9;
2021/09/16;1600 UTC;0;986,8;988,1;986,8;3275,2;34,6;12,8;35,1;32,7;14,4;12,1;33;25;27;105;12,2;1,8;
2021/09/16;1700 UTC;0;985,8;986,8;985,8;2788,5;35,9;11,1;36,2;34,3;13,4;10,2;28;22;22;87;7,9;1,3;
2021/09/16;1800 UTC;0;985,1;985,8;985,1;1558;36,1;11,7;36,1;34;13,2;10,4;28;22;23;104;5;1,9;
2021/09/16;1900 UTC;0;984,9;985,1;984,7;1562,1;36,3;8,7;36,8;35,2;12,1;8,4;25;18;19;128;7,2;2,8;
2021/09/16;2000 UTC;0;985,3;985,3;984,8;704,5;34,2;12,3;36,7;34,2;12,4;7,4;27;17;27;96;6,7;,5;
2021/09/16;2100 UTC;0;985,7;985,7;985,3;56,6;31,7;12,9;34,2;31,6;13,5;11;33;26;32;131;4,6;,7;
2021/09/16;2200 UTC;0;986,4;986,4;985,7;;32,5;11,5;32,8;31,7;12,8;11,5;32;27;28;132;3,8;1,8;
2021/09/16;2300 UTC;,6;987,3;987,3;986,4;;27,3;20,4;33,2;26,2;20,4;11,2;67;26;66;171;10,2;1,3;
2021/09/17;0000 UTC;0;988,3;988,4;987,3;;27,1;16,8;31;27;20,7;13,5;68;35;53;163;9;4,5;
2021/09/17;0100 UTC;0;988,9;988,9;988,3;;28,4;15,6;28,6;26,1;18,4;15,6;62;45;46;162;7,2;2,7;
2021/09/17;0200 UTC;0;989;989;988,8;;28,4;14,7;28,8;28,1;15,9;14,6;47;42;43;148;7,7;3,8;
2021/09/17;0300 UTC;0;989,2;989,2;989;;27,5;14,6;28,4;27,5;15;14,4;45;43;45;141;9,3;4,6;
2021/09/17;0400 UTC;0;988,9;989,2;988,9;;26,4;15,3;27,5;26,2;15,4;14,5;51;45;51;145;7,8;3,9;
2021/09/17;0500 UTC;0;988,6;988,9;988,6;;25,5;15,4;26,4;25,4;15,5;15,3;54;51;54;128;6,3;2,5;
2021/09/17;0600 UTC;0;988,9;988,9;988,6;;24,5;15,3;25,6;24,2;15,4;15,1;58;53;57;139;6,5;1,9;
2021/09/17;0700 UTC;0;989,1;989,1;988,8;;23,6;15,1;24,8;23,5;15,3;15;59;55;59;148;6;2,3;
2021/09/17;0800 UTC;0;989,5;989,5;989;;22,9;15,1;23,8;22,9;15,2;15;61;58;61;153;5,8;2;
2021/09/17;0900 UTC;0;990,3;990,3;989,5;22,5;23,1;15,2;23,5;22,9;15,2;15;62;59;61;156;5,5;1,7;
2021/09/17;1000 UTC;0;990,8;990,8;990,3;522,2;25;15,3;25;23,1;15,6;15,2;61;55;55;156;4;1,7;
2021/09/17;1100 UTC;0;990,8;990,9;990,7;1437,1;26,1;14,6;26,2;24,8;15,7;14,6;56;49;49;153;7,7;4,3;
2021/09/17;1200 UTC;0;990,9;991;990,8;2377,3;28;14,2;28;26,1;15,1;13,8;50;42;43;144;7,8;4,2;
2021/09/17;1300 UTC;0;990,3;991;990,3;2998;29,2;13,1;29,8;27,7;14,4;12,8;43;36;37;140;9;4,7;
2021/09/17;1400 UTC;0;989;990,3;989;3426;31,5;11,8;31,9;29,2;13,6;11,8;38;29;30;139;9,3;3,8;
2021/09/17;1500 UTC;0;987,5;989,1;987,5;3604;33;10,7;33,2;31;12,3;10,2;31;25;26;107;8,9;4,6;
2021/09/17;1600 UTC;0;985,9;987,5;985,9;3496,7;34,4;9;34,9;33;11,6;8,2;26;20;21;108;9,7;4,4;
2021/09/17;1700 UTC;0;984,4;985,9;984,4;3123;35,7;5,5;36,3;34,2;10,2;5,4;23;15;16;151;9,5;4,4;
2021/09/17;1800 UTC;0;983,5;984,5;983,5;2542,7;36;5,7;36,7;35,5;8,3;4,7;19;14;15;117;9,7;4,7;
2021/09/17;1900 UTC;0;983,2;983,6;983,1;1778,2;36;5,5;36,6;35,7;7,7;5,2;17;15;15;111;9,6;3,7;
2021/09/17;2000 UTC;0;983,4;983,4;983,2;804,6;33,8;8,6;36,6;33,8;9;5,3;21;14;21;84;8;2,2;
2021/09/17;2100 UTC;0;983,8;983,8;983,4;66,7;30,1;10,6;33,8;29,9;11,1;8,4;31;21;30;104;3,8;1,5;
2021/09/17;2200 UTC;0;984,4;984,4;983,8;;28,7;10,1;30,1;27,2;13,3;10,1;43;30;31;117;2,4;1,8;
2021/09/17;2300 UTC;0;984,7;984,7;984,4;;28,4;10,1;28,7;26,6;15,1;9,8;49;31;32;119;2,8;1,9;
2021/09/18;0000 UTC;0;985,7;985,7;984,7;;31,3;12,9;32,1;28,4;12,9;9,2;33;25;33;141;10,3;5,1;
2021/09/18;0100 UTC;0;986,8;986,8;985,7;;29,3;14,6;31,3;29,3;14,6;13;41;33;41;143;12,1;6,7;
2021/09/18;0200 UTC;0;987,3;987,3;986,8;;28,1;15,1;29,3;28,1;15,1;14,5;45;41;45;145;12,1;6,2;
2021/09/18;0300 UTC;0;987,4;987,6;987,3;;27;15,4;28,1;27;15,4;15;49;45;49;153;11,1;4,1;
2021/09/18;0400 UTC;0;986,9;987,4;986,9;;26,3;16;27,1;26,3;16;15,4;53;49;53;150;8,7;4,8;
2021/09/18;0500 UTC;0;986,6;986,9;986,6;;25,7;16,2;26,3;25,7;16,2;16;56;53;56;155;8,7;3,3;
2021/09/18;0600 UTC;0;986,4;986,6;986,4;;25,2;16,2;25,8;25,2;16,3;16,2;57;56;57;148;7,9;4,1;
2021/09/18;0700 UTC;0;986,7;986,8;986,4;;24,7;16,2;25,3;24,5;16,3;16,1;60;57;59;149;8,6;4,8;
2021/09/18;0800 UTC;0;987;987;986,7;;24,2;16,2;24,7;24;16,2;16,1;62;59;61;164;7,3;1,7;
2021/09/18;0900 UTC;0;987,5;987,5;986,9;28,5;24;16,1;24,2;23,5;16,3;16,1;63;61;61;161;4,1;1,6;
2021/09/18;1000 UTC;0;987,9;988;987,5;610,9;25,5;16,1;25,6;24;16,5;15,9;61;55;56;142;6,4;3,3;
2021/09/18;1100 UTC;0;988,4;988,4;987,9;1184,5;26,7;16,4;26,9;25,5;16,6;15,8;56;52;53;142;7,1;3,3;
2021/09/18;1200 UTC;0;988,6;988,7;988,4;1115,1;27;16;27,2;26,4;16,7;15,9;54;51;51;145;8,9;5,1;
2021/09/18;1300 UTC;0;988,6;988,7;988,6;1653,7;28,7;15,6;29,4;26,9;16,5;15,3;51;44;45;143;8,9;3,5;
2021/09/18;1400 UTC;0;987,6;988,6;987,6;2985,7;30,7;13,9;31,7;28,7;15,7;13,4;45;34;36;122;10,4;4,9;
2021/09/18;1500 UTC;0;985,9;987,6;985,9;3187,3;31,7;13,4;32,8;30,3;14,6;12,9;37;31;33;156;10,4;3,7;
2021/09/18;1600 UTC;0;984,4;985,9;984,4;3002,9;33,4;13;34,1;31,6;14;12,1;34;28;29;143;9,1;3,4;
2021/09/18;1700 UTC;0;983;984,4;983;2891,2;34,3;12,6;34,7;33,1;13,7;10,6;30;24;27;177;7,4;2,5;
2021/09/18;1800 UTC;0;982,3;983;982,3;2486;33,4;12,5;35,3;33,1;12,5;11;28;24;28;121;7,3;3,2;
2021/09/18;1900 UTC;0;982,2;982,3;982,1;1373,8;34,1;11,3;34,9;33;12,5;10,6;28;24;25;147;7,1;2,9;
2021/09/18;2000 UTC;0;982,4;982,4;982,1;569,6;33;12,1;34,1;33;13,6;10,5;30;25;28;102;6,4;2,8;
2021/09/18;2100 UTC;0;982,9;982,9;982,4;60,5;30,8;11,8;33;30,8;12,3;11,1;31;27;31;123;6;1,6;
2021/09/18;2200 UTC;0;983,5;983,5;982,9;;26,7;15;30,8;26,7;15,1;11,8;49;31;49;135;2,6;1,1;
2021/09/18;2300 UTC;0;984,2;984,2;983,5;;31,4;11,6;31,5;26,6;15,3;11,2;50;29;30;148;4,9;2,3;
2021/09/19;0000 UTC;0;985,1;985,1;984,2;;30,7;12;31,4;30,5;12;11,5;32;30;32;160;5,7;2,4;
2021/09/19;0100 UTC;0;986,1;986,1;985,1;;28,6;13,3;30,7;27,3;13,5;12;42;32;39;165;5,7;1,6;
2021/09/19;0200 UTC;0;986,8;986,8;986,1;;28,9;12,9;29,3;27,8;13,6;12,5;42;36;37;146;6;3,2;
2021/09/19;0300 UTC;0;986,5;986,9;986,5;;28;13,4;29;27,9;13,4;12,8;41;37;41;155;7,8;2,8;
2021/09/19;0400 UTC;0;986,3;986,5;986,3;;26,6;14,2;28;26,5;14,2;13,4;47;41;46;117;5,5;2,3;
2021/09/19;0500 UTC;0;985,9;986,3;985,9;;26,4;14,6;26,7;26,4;14,6;14,2;48;46;48;137;4,7;2,1;
2021/09/19;0600 UTC;0;985,8;986;985,8;;24,9;15,8;26,4;24,8;15,8;14,6;57;48;57;121;5,9;3,2;
2021/09/19;0700 UTC;0;985,9;986;985,8;;23,5;16,2;24,9;23,5;16,3;15,8;64;57;64;108;5,2;2,1;
2021/09/19;0800 UTC;0;986;986;985,9;;22;16,4;23,5;22;16,4;16,2;70;64;70;121;3,5;1,5;
2021/09/19;0900 UTC;0;986,6;986,6;986;26,7;23,2;16,6;23,2;21,6;16,7;16,4;72;67;67;130;3,8;2,4;
2021/09/19;1000 UTC;0;987,4;987,4;986,6;585,3;25,3;16,5;25,3;23,2;16,8;16,4;67;58;58;105;5,4;3;
2021/09/19;1100 UTC;0;988;988,1;987,3;1525,3;26,7;15,8;27,1;25,3;16,9;15,7;59;51;51;118;6,4;3;
2021/09/19;1200 UTC;0;988,2;988,3;988;2397,9;28,4;15,3;29,2;26,7;16,5;15,1;51;44;45;130;6,5;3,6;
2021/09/19;1300 UTC;0;987,9;988,3;987,8;3053,4;30,7;14,4;31,1;28,4;15,8;13,5;45;36;37;137;7;2,5;
2021/09/19;1400 UTC;0;986,9;987,9;986,9;3480,2;31,9;13,5;32,4;30,4;14,5;13;38;32;33;108;6,7;2,9;
2021/09/19;1500 UTC;0;985,5;986,9;985,5;3655,8;33,6;13,1;34,2;31,9;14,3;12,5;34;28;29;79;5,8;3,1;
2021/09/19;1600 UTC;0;983,9;985,5;983,9;3541,6;34,6;12,1;35,1;33,3;13,6;11,9;30;25;26;62;6,4;2,1;
2021/09/19;1700 UTC;0;982,7;983,9;982,7;3176,8;35,3;11,2;35,8;34,6;12,5;10,7;26;23;23;21;5,8;1,9;
2021/09/19;1800 UTC;0;981,8;982,7;981,8;2621,1;36,2;9,3;37;35,3;11,7;9,3;23;20;20;219;5,8;1,3;
2021/09/19;1900 UTC;0;981,7;981,8;981,5;1399,2;34,3;10,9;36,5;34,3;12,1;9,6;25;20;24;55;4,7;1,3;
2021/09/19;2000 UTC;0;981,9;981,9;981,7;727;34,3;12,4;35,6;34,2;13;10,7;27;23;27;38;3,7;1,2;
2021/09/19;2100 UTC;0;982,1;982,1;981,9;76,6;29,3;15,7;34,2;29,3;15,7;11,8;44;26;44;129;2,8;,6;
2021/09/19;2200 UTC;0;982,8;982,8;982,1;;26,9;16,6;29,9;26,9;16,7;12,8;53;35;53;130;1,9;,1;
2021/09/19;2300 UTC;0;983,5;983,5;982,8;;27,2;14,3;27,7;26,6;17,3;13,3;56;41;45;127;2,6;1,6;
2021/09/20;0000 UTC;0;984,5;984,5;983,5;;29,4;11,3;30,9;27,2;14,6;11;46;30;33;152;4,4;,7;
2021/09/20;0100 UTC;0;985,1;985,1;984,5;;25,9;15,2;29,4;25,9;15,2;11,3;52;33;52;267;2,2;0;
2021/09/20;0200 UTC;0;986,1;986,1;985,1;;28,8;15,3;30;25,9;17,7;12,5;55;34;44;43;7,5;3,2;
2021/09/20;0300 UTC;0;986,2;986,3;985,9;;27,3;16,6;28,8;27;16,6;15;52;44;52;56;6,1;2,7;
2021/09/20;0400 UTC;0;985,7;986,2;985,7;;26,5;16;27,3;25,7;17,1;16;59;52;53;101;6,4;3,3;
2021/09/20;0500 UTC;0;985,3;985,7;985,3;;24,4;15,1;26,5;24,4;15,9;14,9;56;50;56;92;6,4;1,4;
2021/09/20;0600 UTC;0;985,1;985,3;985,1;;23;15,6;24,4;22,8;15,7;15,1;64;56;63;97;2,6;2;
2021/09/20;0700 UTC;0;985,6;985,6;985,1;;21,6;15,1;23,2;21,6;15,6;15;66;61;66;91;4;0;
2021/09/20;0800 UTC;0;986,1;986,1;985,6;;20,2;15,4;21,6;20,2;16,1;15,1;75;66;74;148;1,4;1;
2021/09/20;0900 UTC;0;986,9;986,9;986,1;23,8;21,2;16,5;21,2;20;16,5;15,4;77;74;74;131;1,9;1,3;
2021/09/20;1000 UTC;0;987,6;987,6;986,9;583,3;25,2;16,6;25,2;21,3;16,7;16,2;74;58;59;109;5;2,8;
2021/09/20;1100 UTC;0;988,3;988,3;987,6;1524,7;26,7;16,1;26,9;25,1;16,9;16,1;59;52;52;133;6,8;4;
2021/09/20;1200 UTC;0;988,4;988,5;988,2;2389,4;28,7;16,2;28,7;26,5;16,7;15,9;54;47;47;102;7;3,6;
2021/09/20;1300 UTC;0;988,1;988,5;988,1;3043,2;30,2;15,5;30,5;28,1;16,4;15,5;48;41;41;87;11,6;3,3;
2021/09/20;1400 UTC;0;987,1;988,1;987,1;3458,7;31;14,9;32,1;29,8;16,2;14,4;42;35;38;105;6,9;3,9;
2021/09/20;1500 UTC;0;985,6;987,1;985,6;3645,3;33,4;14,2;33,6;30,9;15,4;14;38;31;31;104;7,9;3,2;
2021/09/20;1600 UTC;0;984,2;985,6;984,2;3572;34;13,6;34,7;33,2;14,9;13,1;32;28;29;99;6,8;2,6;
2021/09/20;1700 UTC;0;983,2;984,3;983,2;3143,2;35,6;13,1;35,6;33,7;14,2;12,7;30;26;26;64;6,8;1,8;
2021/09/20;1800 UTC;0;982,5;983,2;982,5;2614;35,7;11,9;36,2;34,8;14;11,9;28;24;24;125;7,1;2,1;
2021/09/20;1900 UTC;0;982,2;982,5;982,2;1785,1;36,1;11;37;35,1;13,3;10,9;26;22;22;311;5,1;1,4;
2021/09/20;2000 UTC;0;982,3;982,4;982,2;805,3;34,3;11,9;36,1;34,3;13,3;10,6;28;22;26;51;5,3;,8;
2021/09/20;2100 UTC;0;982,5;982,5;982,3;88;29,2;15;34,3;29,2;15;11,5;42;26;42;72;3,4;1;
2021/09/20;2200 UTC;0;983,1;983,1;982,5;;27;15,7;29,2;27;16,5;15,1;52;42;50;113;1,6;1,2;
2021/09/20;2300 UTC;0;983,7;983,7;983,1;;26;16;27;25,7;16,8;14,5;55;49;54;75;2;1,2;
2021/09/21;0000 UTC;0;984,5;984,5;983,7;;25,6;15,6;26,1;25,5;16,2;15;56;52;54;131;1,6;,3;
2021/09/21;0100 UTC;0;985,5;985,5;984,5;;29,9;13;30;25,6;15,9;13;55;35;35;167;3,6;1,5;
2021/09/21;0200 UTC;0;986,5;986,5;985,5;;28,4;15,7;30,1;28,4;15,7;12,4;46;35;46;55;7,9;2,7;
2021/09/21;0300 UTC;0;986,6;986,6;986,5;;26,9;16,1;28,4;26,9;16,1;15,6;52;46;52;47;8,5;,6;
2021/09/21;0400 UTC;0;986,3;986,6;986,3;;26,1;16,3;27;26,1;16,3;16,1;55;51;55;67;3,6;1;
2021/09/21;0500 UTC;0;986,1;986,3;986,1;;25,3;16,7;26,1;25,3;16,7;16,3;59;55;59;86;4,1;2;
2021/09/21;0600 UTC;0;986,2;986,3;986,1;;25,1;17;25,3;24,8;17,1;16,7;61;59;61;111;4,8;2,9;
2021/09/21;0700 UTC;0;986,6;986,7;986,2;;24,3;17,1;25,1;24,2;17,2;17;65;61;64;110;4,8;2,4;
2021/09/21;0800 UTC;0;987;987;986,6;;23,9;16,8;24,3;23,7;17,1;16,8;66;64;65;113;4,9;2,7;
2021/09/21;0900 UTC;0;987,9;987,9;987;27,4;23,6;16,4;23,9;23,5;16,8;16,3;65;64;64;96;5,1;2,4;
2021/09/21;1000 UTC;0;988,9;988,9;987,9;711,1;25,4;15,9;25,7;23,6;16,7;15,9;65;56;56;111;6,3;3,5;
2021/09/21;1100 UTC;0;989,2;989,2;988,9;1594,6;26,9;16,2;26,9;25,4;16,5;15,8;56;51;52;85;6,3;3,6;
2021/09/21;1200 UTC;0;989;989,2;989;2370,3;28,7;15,8;29;26,9;16,5;15,4;52;45;46;117;7,2;3,1;
2021/09/21;1300 UTC;0;988,4;989;988,4;3032,3;30;15,2;30,5;28,6;16,4;15,2;46;40;41;101;7,2;2,9;
2021/09/21;1400 UTC;0;987,4;988,4;987,4;3433,7;31,8;14,1;32,5;30;16;14,1;42;34;34;53;6,9;2,3;
2021/09/21;1500 UTC;0;986;987,4;986;3649,3;33,4;14,7;33,4;31,6;15;13,7;36;31;32;53;6,7;2,6;
2021/09/21;1600 UTC;0;984,4;986;984,4;3545,8;33,6;13,1;34,6;33;14,5;12,9;32;29;29;38;6;2,3;
2021/09/21;1700 UTC;0;983,2;984,4;983,2;3175,9;35,3;13,3;35,6;33,6;14,8;12,7;30;26;27;79;6;1,7;
2021/09/21;1800 UTC;0;982,5;983,2;982,5;2567,4;35,6;12,4;36,4;35;14,2;11,8;27;24;25;84;5,7;1,5;
2021/09/21;1900 UTC;0;982,3;982,5;982,2;1742,8;35,5;12,5;36,1;35;13,2;11,3;26;23;25;72;5,5;2;
2021/09/21;2000 UTC;0;982,4;982,4;982,2;820,6;34,3;11,1;35,5;34,3;12,7;10,8;25;24;24;53;4,1;1,9;
2021/09/21;2100 UTC;0;982,6;982,6;982,4;85,3;29;15;34,3;29;15;11;43;24;43;88;3,5;,9;
2021/09/21;2200 UTC;0;983,2;983,2;982,6;;27,1;16,3;29;26,9;16,3;14,5;52;43;52;101;1,7;1,3;
2021/09/21;2300 UTC;0;983,9;983,9;983,2;;25,9;15,5;27,1;25,9;16,6;14,9;53;49;53;91;2;1;
2021/09/22;0000 UTC;0;984,3;984,3;983,9;;25,4;16;25,9;25,2;16;14,4;56;50;56;114;2,4;,4;
2021/09/22;0100 UTC;0;985;985;984,3;;27,9;13,2;28;24,6;15,9;13,2;58;40;40;74;5,3;1,6;
2021/09/22;0200 UTC;0;985,5;985,5;985;;27,6;17,1;28,6;27,6;17,1;13,1;53;40;53;65;7,9;2,4;
2021/09/22;0300 UTC;0;985,4;985,6;985,4;;26,9;17,1;27,6;26,9;17,2;17;55;53;55;25;6,5;2,3;
2021/09/22;0400 UTC;0;985,2;985,4;985,1;;24,7;17,1;26,9;24,7;17,2;16,9;63;55;63;158;5;0;
2021/09/22;0500 UTC;0;984,9;985,2;984,9;;22,9;17,7;24,8;22,9;17,7;17;72;63;72;88;1,4;0;
2021/09/22;0600 UTC;0;984,8;985;984,8;;21,9;17,6;23,2;21,9;18,1;17,5;77;71;76;122;1,4;0;
2021/09/22;0700 UTC;0;985,1;985,1;984,7;;21,2;17,9;21,9;21,2;18,1;17,6;82;76;81;109;,9;,1;
2021/09/22;0800 UTC;0;985,5;985,5;985;;20,6;17,7;21,3;20,4;18;17,4;84;81;84;84;,7;0;
2021/09/22;0900 UTC;0;986,1;986,1;985,5;30,1;20,9;18,2;20,9;20,3;18,2;17,5;85;83;84;73;0;0;
2021/09/22;1000 UTC;0;986,5;986,5;986,1;582;25,7;18,8;25,9;20,9;19,3;18,2;85;65;66;118;2;,8;
2021/09/22;1100 UTC;0;986,8;986,8;986,5;1519,7;27,1;17,2;27,4;25,7;18,9;17,1;66;55;55;113;4,8;2,7;
2021/09/22;1200 UTC;0;986,7;986,9;986,7;2378,6;29,3;17;29,3;27;17,8;16,4;55;48;48;103;5,4;2,6;
2021/09/22;1300 UTC;0;986,1;986,7;986,1;3026,7;31;16,3;31;29;17,4;15,8;48;41;41;110;5,8;2,9;
2021/09/22;1400 UTC;0;985,2;986,1;985,2;3436,3;32,7;14,8;33,1;30,9;16,6;14,4;41;34;34;68;5,2;2;
2021/09/22;1500 UTC;0;984;985,2;984;3602,6;34,2;13,9;35,2;32,6;15,4;13,9;34;29;30;99;6,6;2,7;
2021/09/22;1600 UTC;0;982,9;984;982,9;3520,8;35,4;13,1;35,7;33,9;15,1;13;32;26;26;125;7,6;2,3;
2021/09/22;1700 UTC;0;982;982,9;982;3197,6;36,2;13,6;36,8;35,2;13,9;12,5;28;24;26;25;5,5;1,5;
2021/09/22;1800 UTC;0;981,4;982;981,4;2542,4;36,5;12,7;37,6;35,8;14;11,4;27;21;24;70;5,2;1,9;
2021/09/22;1900 UTC;0;981,4;981,4;981,3;1721,7;36,2;13,4;36,6;35,8;13,4;11,5;26;22;26;1;5,2;1,5;
2021/09/22;2000 UTC;0;981,7;981,7;981,4;746,6;34,4;14,3;36,2;34,4;14,9;12,9;31;25;30;78;4,5;1,3;
2021/09/22;2100 UTC;0;982;982;981,7;79,1;30,9;15,3;34,4;30,9;15,6;13,4;39;30;39;105;2,9;,8;
2021/09/22;2200 UTC;0;982,7;982,7;982;;29,4;15,1;30,9;28,7;17,1;14,7;50;39;42;71;2,6;1,2;
2021/09/22;2300 UTC;0;983,3;983,3;982,7;;26,7;16,8;29,6;26,7;17,2;14,3;55;40;55;123;1,9;1,2;
2021/09/23;0000 UTC;0;984,6;984,6;983,3;;30,3;15;30,4;26,3;17,7;14,5;58;39;39;45;5,7;2,9;
2021/09/23;0100 UTC;0;985,8;985,8;984,5;;29,1;16,1;30,4;29;16,2;15;46;39;46;62;7,6;2,9;
2021/09/23;0200 UTC;0;986,5;986,5;985,8;;27,8;15,3;29,1;27,8;16,2;15,2;48;45;46;76;8,9;2,7;
2021/09/23;0300 UTC;0;985,9;986,5;985,9;;26,9;15,8;27,8;26,9;15,8;14,6;51;45;51;58;8,1;3,2;
2021/09/23;0400 UTC;0;985,5;986;985,5;;25,9;16,8;26,9;25,9;16,8;15,9;57;51;57;44;6,7;2,5;
2021/09/23;0500 UTC;0;985,6;985,6;985,4;;24,3;17,5;25,9;24,3;17,5;16,9;66;57;66;104;5,1;,8;
2021/09/23;0600 UTC;0;985,5;985,6;985,5;;23,6;18,2;24,3;22,9;18,4;17,2;74;66;72;62;2,2;1,1;
2021/09/23;0700 UTC;0;985,9;985,9;985,5;;22,6;18,5;23,7;22,6;19;18,2;78;72;78;104;2,1;,3;
2021/09/23;0800 UTC;0;986,2;986,2;985,8;;21,9;19,2;22,5;21,4;19,2;18,3;84;78;84;125;1,1;,2;
2021/09/23;0900 UTC;0;986,9;986,9;986,2;27;22;19,3;22;21,2;19,3;18,6;86;84;85;115;1,1;0;
2021/09/23;1000 UTC;0;987,9;987,9;986,9;586,7;25,8;19,2;26;22;19,9;18,6;85;65;67;107;2,7;1,7;
2021/09/23;1100 UTC;0;988,7;988,7;987,9;999,6;26,6;18,9;26,8;25,7;19,3;18,6;67;63;63;84;4,5;2,3;
2021/09/23;1200 UTC;0;988,9;988,9;988,7;2019,2;28,3;18,3;29,1;26,5;19,6;18,3;64;53;55;103;6,4;3,2;
2021/09/23;1300 UTC;0;988,3;988,9;988,3;1807,2;29,9;18;30,2;27,7;19,2;17,8;59;48;49;78;8,4;2,9;
2021/09/23;1400 UTC;0;987,3;988,3;987,3;2136,4;31,2;17;31,7;29,3;18,1;17;50;42;43;103;7;3,1;
2021/09/23;1500 UTC;0;986,2;987,3;986,2;3243,4;32,5;15,8;33;31,1;17,5;15,5;44;35;37;98;7,2;1,6;
2021/09/23;1600 UTC;0;984,9;986,2;984,9;3451,2;34,1;14,6;34,6;32;16,2;14,1;37;30;31;3;4,8;1,8;
2021/09/23;1700 UTC;0;983,8;984,9;983,8;3161;34,8;13,4;36,1;33,9;15,4;13,4;33;28;28;51;7,2;1,7;
2021/09/23;1800 UTC;0;982,9;983,8;982,9;2384,6;35,7;13,1;36,1;34,7;14,6;12,8;29;25;26;65;5,9;3;
2021/09/23;1900 UTC;0;982,4;982,9;982,3;1689,4;35,9;13,3;36,5;35,4;13,8;12;27;24;26;95;6,2;2,6;
2021/09/23;2000 UTC;0;982,4;982,5;982,3;741,1;34,3;12,5;35,9;34,3;13,6;11,5;27;24;27;84;6,3;1,3;
2021/09/23;2100 UTC;0;982,9;982,9;982,4;79;31,3;12,6;34,3;31,3;12,7;11,4;32;25;32;69;4,4;,8;
2021/09/23;2200 UTC;0;983,7;983,7;982,9;;28,5;15,9;31,3;28,5;16,2;12,9;47;32;47;81;1,8;,6;
2021/09/23;2300 UTC;0;984,8;984,8;983,7;;30,2;14,6;33;28,3;16,3;12,2;48;29;39;201;9;3,1;
2021/09/24;0000 UTC;0;986,5;986,5;984,8;;29,2;15,4;30,5;29,2;15,5;14,5;43;38;43;146;10,2;5,5;
2021/09/24;0100 UTC;,6;987,2;987,2;986,4;;25,5;20,4;29,3;24,3;20,7;15;79;42;74;290;11,5;1,2;
2021/09/24;0200 UTC;0;987,2;987,6;987,2;1,3;26,2;18,6;27,1;25,5;20,9;17,4;73;56;63;333;4,6;,3;
2021/09/24;0300 UTC;0;987,5;987,5;987,1;;25,6;20,4;26,3;25,4;20,5;18,9;74;63;73;100;1,5;0;
2021/09/24;0400 UTC;0;987,1;987,5;987;;25,9;20,5;26;25,6;20,7;20,1;74;71;72;82;1,6;,7;
2021/09/24;0500 UTC;0;986,4;987,1;986,4;;25,2;21;25,9;25,2;21;20,4;77;72;77;121;2;1;
2021/09/24;0600 UTC;0;986,3;986,4;986,3;;25,4;21,3;25,5;25,1;21,4;20,9;78;77;78;99;1,8;1;
2021/09/24;0700 UTC;0;986,7;986,7;986,3;;25,7;18,9;26,2;25,4;21,3;18,7;78;64;66;105;5,9;3,1;
2021/09/24;0800 UTC;0;987,2;987,2;986,7;;25,3;18,6;25,7;25,2;18,9;18,6;67;65;66;107;5,4;2,3;
2021/09/24;0900 UTC;0;987,8;987,8;987,2;28,4;25,7;18,4;25,7;25;18,6;18,3;67;64;64;127;5;2,7;
2021/09/24;1000 UTC;0;988,5;988,5;987,8;311,4;26;19;26;25,6;19;18,3;66;63;65;104;5;2,1;
2021/09/24;1100 UTC;0;989;989,1;988,4;1013,6;27,6;17,9;27,7;26;19;17,4;65;54;56;152;6,1;2,9;
2021/09/24;1200 UTC;0;989,7;989,7;989;1130,4;28,2;15,8;28,3;27,3;18;15,8;56;47;47;144;7;3,9;
2021/09/24;1300 UTC;0;989,5;989,7;989,4;1859,8;30,2;15;30,4;28,2;16,3;14,8;48;39;40;141;9,7;4,3;
2021/09/24;1400 UTC;0;988,6;989,6;988,6;2183,7;31,9;13,8;32,1;29,6;15,5;13,8;41;33;33;118;7,8;3,7;
2021/09/24;1500 UTC;0;987,2;988,6;987,2;3599,8;33,8;12,6;34,2;31,8;14,8;12,6;35;27;28;122;9,9;4,4;
2021/09/24;1600 UTC;0;986,1;987,3;986,1;3236;33,8;11,7;34,7;33,4;13,5;11,7;29;26;26;133;9;3,3;
2021/09/24;1700 UTC;0;984,8;986,1;984,7;3275,6;34,3;11,1;35,9;33,8;12,5;10,1;27;21;24;96;10,3;4,7;
2021/09/24;1800 UTC;0;984;984,8;984;2299;36;9,1;36,8;34,3;11,5;9,1;24;19;19;151;10,3;2;
2021/09/24;1900 UTC;0;983,8;984;983,7;1441;35,9;10,3;36,8;35,1;11,1;9;22;19;21;147;7,6;2,7;
2021/09/24;2000 UTC;0;983,9;983,9;983,7;822,9;33,9;10,9;36,1;33,9;11,3;9,1;25;20;25;83;6,3;1,9;
2021/09/24;2100 UTC;0;984,3;984,3;983,9;53,3;29,2;12;33,9;29,2;12,9;10,6;37;25;35;129;4,2;0;
2021/09/24;2200 UTC;0;985;985;984,3;;30,9;11,7;31,1;27,9;15,9;11,6;48;30;31;104;5;2,4;
2021/09/24;2300 UTC;0;985,7;985,7;985;;30,6;13,3;31,3;30,6;13,3;11,7;35;31;35;108;3,7;1,4;
2021/09/25;0000 UTC;0;986,9;986,9;985,7;;31,6;13,6;32,1;30,4;13,6;12,9;35;31;34;122;8,9;4,3;
2021/09/25;0100 UTC;7,6;988,5;988,7;986,9;;24,9;21,1;31,6;23,5;21,1;13,6;81;34;80;171;11,5;2,3;
2021/09/25;0200 UTC;0;988,4;988,5;988,4;6,8;27,3;18,5;27,4;24,9;21,3;18,5;80;58;59;144;8;3,6;
2021/09/25;0300 UTC;0;988,1;988,5;988,1;1,5;25,8;18,9;27,3;25,8;19;18,5;66;59;66;105;6,3;1,8;
2021/09/25;0400 UTC;0;987,9;988,1;987,9;;26;18,7;26;25,4;19,2;18,6;68;64;64;103;4,4;2,5;
2021/09/25;0500 UTC;0;987,7;987,9;987,7;;25,7;19,1;26;25,6;19,3;18,6;68;64;67;116;4,4;1,7;
2021/09/25;0600 UTC;0;987,8;987,8;987,7;;26,1;18,3;26,3;25,7;19,2;18,2;67;61;62;133;6,1;2,6;
2021/09/25;0700 UTC;0;987,8;987,8;987,7;;25,5;18,1;26,1;25,5;18,3;17,9;64;61;64;145;7,9;2,8;
2021/09/25;0800 UTC;0;988,3;988,3;987,8;;25,5;17,8;25,7;25,4;18,2;17,7;64;62;62;122;6,3;2,1;
2021/09/25;0900 UTC;0;989;989;988,3;25,4;24,9;17,3;25,6;24,7;17,9;17,1;64;61;63;146;7,5;3,6;
2021/09/25;1000 UTC;0;989,6;989,6;989;503,5;25,8;16,5;25,9;24,8;17,3;16,5;63;56;56;141;8,3;4,6;
2021/09/25;1100 UTC;0;989,9;989,9;989,6;1454,9;26,8;16,4;26,9;25,7;17;16,3;58;52;53;147;9,1;3,7;
2021/09/25;1200 UTC;0;990,4;990,4;989,9;1859,3;27,8;16,7;28;26,7;17,1;15,9;54;49;51;146;9,1;4,1;
2021/09/25;1300 UTC;0;990,1;990,4;990,1;2481,6;29,6;16,9;29,6;27,6;17,1;15,6;52;45;46;113;8,4;4,3;
2021/09/25;1400 UTC;0;989,1;990,1;989,1;3234,6;30;15,3;31,4;29,2;16,9;14,6;47;38;41;133;8,9;4,2;
2021/09/25;1500 UTC;0;988;989,1;988;3472,7;32,7;14,2;32,9;30;16,1;13,7;42;33;33;121;8,4;3,3;
2021/09/25;1600 UTC;0;986,7;988;986,7;3449,1;33,4;14,4;33,7;32;14,8;13,3;34;30;32;156;8,7;3,3;
2021/09/25;1700 UTC;0;985,4;986,7;985,4;2950,2;35,1;14;35,1;33;15,5;13;33;27;28;118;9,4;2,6;
2021/09/25;1800 UTC;0;984,7;985,4;984,7;2532,3;34,8;12,3;36,3;33,9;14,2;11,9;30;25;26;113;7,3;3;
2021/09/25;1900 UTC;0;984,2;984,7;984,2;1591,4;34,8;12,6;35,1;33,9;13,9;11,5;29;24;26;27;5,7;1,5;
2021/09/25;2000 UTC;0;984,5;984,5;984,1;933,6;33,4;12,2;34,9;33,4;13,7;11,8;28;25;28;92;6,2;3;
2021/09/25;2100 UTC;0;985;985;984,5;28,2;29,1;18,5;33,4;29,1;18,5;12,1;53;28;53;138;4,8;0;
2021/09/25;2200 UTC;0;985,5;985,5;985;;26,8;19,8;29,1;26,8;20,4;18,2;67;52;65;205;,9;0;
2021/09/25;2300 UTC;0;986,2;986,2;985,4;;31,6;13;31,8;26,6;21,8;13;73;32;32;159;6,7;2,9;
2021/09/26;0000 UTC;0;987;987;986,1;;31,2;13,2;31,8;30,5;14;12,4;36;31;33;140;12,3;6,8;
2021/09/26;0100 UTC;0;987,9;987,9;987;;29,7;16,5;31,2;29,4;16,5;13,4;45;34;45;142;12,3;5;
2021/09/26;0200 UTC;0;988,4;988,4;987,9;;28,7;16,9;29,7;28,7;16,9;16,5;49;45;49;148;10,4;4,9;
2021/09/26;0300 UTC;0;988,4;988,5;988,4;;27,7;17,2;28,7;27,7;17,2;16,9;53;49;53;141;8,3;4;
2021/09/26;0400 UTC;0;988;988,4;988;;27;17,1;27,8;27;17,3;17,1;55;53;55;110;7,9;3,2;
2021/09/26;0500 UTC;0;988;988;987,8;;25,5;17,2;27;25,4;17,2;17;60;55;60;102;6;2,9;
2021/09/26;0600 UTC;0;988;988,1;988;;24,3;17,4;25,5;24,3;17,4;17,1;65;60;65;105;6,1;1,9;
2021/09/26;0700 UTC;0;988,1;988,2;988;;23,6;17,5;24,4;23,6;17,7;17,4;69;65;69;99;3;1,3;
2021/09/26;0800 UTC;0;988,8;988,8;988,1;;22,8;17,3;23,6;22,8;17,5;17,2;71;69;71;103;3;1,9;
2021/09/26;0900 UTC;0;989,5;989,5;988,8;34,5;23;17,3;23;22,6;17,3;17,2;71;71;71;129;3,1;1,4;
2021/09/26;1000 UTC;0;989,8;989,8;989,5;625,7;26;16,5;26;23;17,6;16,1;71;55;56;140;6,4;3;
2021/09/26;1100 UTC;0;990,1;990,1;989,8;1572;27,8;16,3;27,8;26;16,7;15,8;56;50;50;118;8,1;2,9;
2021/09/26;1200 UTC;0;990,1;990,2;990,1;2431,6;28,9;15,7;29;27,4;16,6;15,1;51;44;45;114;8,1;3,6;
2021/09/26;1300 UTC;0;989,6;990,2;989,6;3074,1;30,5;15,4;30,6;28,5;15,8;14,3;45;40;40;98;8;3,4;
2021/09/26;1400 UTC;0;988,7;989,6;988,7;3352,4;32;14,3;32;30,3;15,8;14;40;34;34;81;8,1;2,5;
2021/09/26;1500 UTC;0;987,6;988,7;987,5;3642,9;33;13,1;33,4;32;14,9;12,9;35;29;30;127;7,6;2,4;
2021/09/26;1600 UTC;0;986,2;987,6;986,2;2850,5;34,1;12,3;34,9;32,2;14,8;12,1;33;25;27;115;6,1;2,2;
2021/09/26;1700 UTC;0;985,2;986,2;985,1;3120,1;35,3;12;35,6;34,1;13,7;11,3;29;24;25;163;7,4;3,3;
2021/09/26;1800 UTC;0;984,5;985,2;984,5;2501,3;35,4;12,7;36,1;33,9;12,9;10,5;26;22;26;59;7,5;2,8;
2021/09/26;1900 UTC;0;984,2;984,5;984,2;1600,6;35,3;12,1;36,3;34,7;13,2;10,6;26;22;25;107;7;1,9;
2021/09/26;2000 UTC;0;984,5;984,5;984,2;417,4;34,3;10,9;35,3;33,6;13,3;10,9;28;24;24;120;6,2;2,6;
2021/09/26;2100 UTC;0;984,8;984,8;984,5;44,8;31,7;11,8;34,3;31,7;12,3;11,1;30;24;30;103;6,2;1,5;
2021/09/26;2200 UTC;0;985,2;985,2;984,8;;27,8;18,7;31,7;27,8;18,7;11,8;58;30;58;129;2,4;1,2;
2021/09/26;2300 UTC;0;985,7;985,7;985,2;;30,5;10,9;30,6;27,6;18,9;10,8;59;30;30;117;3,5;2,1;
2021/09/27;0000 UTC;0;986,5;986,5;985,7;;31,4;10,9;32;30,5;10,9;10;30;26;28;119;6,8;3,3;
2021/09/27;0100 UTC;0;987;987;986,5;;30,4;12,6;31,4;30,4;12,6;10,9;34;28;34;110;7,8;5;
2021/09/27;0200 UTC;0;987,8;987,8;987;;29,2;14,6;30,5;29,2;14,6;12,7;41;34;41;110;9,8;4;
2021/09/27;0300 UTC;0;987,8;987,9;987,7;;27,9;15,3;29,2;27,9;15,3;14,6;46;41;46;106;8,4;3,1;
2021/09/27;0400 UTC;0;987,4;987,8;987,4;;25,5;16,1;27,9;25,5;16,1;15,3;56;46;56;103;5,3;1,7;
2021/09/27;0500 UTC;0;987,5;987,5;987,3;;26,5;15,1;26,7;25,1;16,2;15,1;58;49;50;135;5,5;3,2;
2021/09/27;0600 UTC;0;987,6;987,6;987,4;;25,5;15,3;26,6;25,5;15,3;15;53;49;53;147;5,2;1,8;
2021/09/27;0700 UTC;0;987,7;987,7;987,6;;25,3;15,4;25,7;25,2;15,5;15,2;55;53;54;159;4;2,2;
2021/09/27;0800 UTC;0;988,4;988,4;987,7;;24,8;15,6;25,3;24,6;15,7;15,4;57;54;57;157;4,7;2,8;
2021/09/27;0900 UTC;0;989;989,1;988,4;35;24,3;15,7;24,8;24,1;15,8;15,6;60;57;58;157;4,7;2,2;
2021/09/27;1000 UTC;0;989,6;989,6;989;591,3;26;15,4;26;24,3;15,7;15,2;59;52;52;147;5,5;3,1;
2021/09/27;1100 UTC;0;989,8;989,9;989,6;1506,9;28;14,9;28,2;26;15,7;14,7;52;44;45;142;8,3;3,8;
2021/09/27;1200 UTC;0;989,7;989,8;989,6;2368,5;30;14,2;30;27,7;14,9;13,8;45;38;38;150;10,3;4,5;
2021/09/27;1300 UTC;0;989,2;989,7;989,1;3021,9;31,2;13,2;32,1;29,8;14,6;13,1;39;33;33;137;9,8;4,9;
2021/09/27;1400 UTC;0;988;989,2;988;3440,4;32,6;13,1;32,9;30,9;14,2;12,8;34;30;31;123;11;5,6;
2021/09/27;1500 UTC;0;986,5;988;986,5;3600,9;33,9;13,7;34,3;32,6;13,9;12,4;31;28;30;124;11;5,6;
2021/09/27;1600 UTC;0;985,3;986,6;985,2;3500,8;34,5;13,1;34,9;33,7;13,8;12,3;30;27;27;113;9,8;4,9;
2021/09/27;1700 UTC;0;984,4;985,3;984,3;3155,2;34,7;12,6;35,8;34,2;13,7;11,7;28;25;26;133;10,3;3,4;
2021/09/27;1800 UTC;0;983,9;984,4;983,8;1846,1;34,7;13,3;35,6;33,7;14;12,3;29;26;28;142;9,2;3,7;
2021/09/27;1900 UTC;0;983,3;983,9;983,3;1303,7;35,1;12,5;35,5;34,6;13,9;12,5;29;25;26;143;7,7;3,8;
2021/09/27;2000 UTC;0;983,3;983,3;983,2;656,5;33,8;14;35,3;33,8;14,1;12,5;31;25;30;84;6,4;2,1;
2021/09/27;2100 UTC;0;983,9;983,9;983,3;97,1;32,7;13,4;33,8;32,6;14,9;12,6;34;28;31;160;8,3;,9;
2021/09/27;2200 UTC;0;984,3;984,3;983,9;;31,2;13,6;32,9;30,6;14,9;13,3;38;31;34;114;3,5;1,9;
2021/09/27;2300 UTC;0;985;985;984,3;;30,5;13,2;31,2;30;14,1;13,2;38;34;35;114;3,9;2,4;
2021/09/28;0000 UTC;0;985,9;985,9;985;;30,2;12,7;30,5;29,3;14,3;12,7;40;34;34;117;3,9;2,5;
2021/09/28;0100 UTC;0;986,6;986,6;986;;30,5;13,2;30,8;30,2;13,2;12,5;35;33;35;118;5,7;3,3;
2021/09/28;0200 UTC;0;987;987;986,6;;29,5;13,8;30,5;29,5;13,9;13,2;38;35;38;134;5,8;3,3;
2021/09/28;0300 UTC;0;986,7;987,1;986,7;;28,6;14,7;29,8;28,6;14,7;13,9;43;38;43;138;9,8;3,5;
2021/09/28;0400 UTC;0;986,7;986,9;986,7;;27,6;15,2;28,7;27,6;15,3;14,7;47;43;47;149;6,6;4;
2021/09/28;0500 UTC;0;986,4;986,7;986,4;;26,4;15,6;27,6;26,4;15,6;15,2;51;47;51;148;8,1;3,2;
2021/09/28;0600 UTC;0;986,6;986,6;986,3;;25,8;15,7;26,5;25,8;15,7;15,5;54;51;53;164;8;3,4;
2021/09/28;0700 UTC;0;986,9;986,9;986,6;;25,4;15,5;25,9;25,1;15,7;15,5;56;53;54;164;6,8;2,8;
2021/09/28;0800 UTC;0;987,1;987,1;986,9;;24,2;15,5;25,4;23,5;15,9;15,3;61;54;58;138;5,6;1;
2021/09/28;0900 UTC;0;987,8;987,8;987,1;34,1;22,4;17,1;24,2;21,9;17,2;15,4;73;59;72;289;3,2;,3;
2021/09/28;1000 UTC;0;988,1;988,1;987,8;579,4;26,2;15,1;26,3;22,4;17,3;15,1;72;50;50;162;4,7;2,4;
2021/09/28;1100 UTC;0;988,1;988,3;988,1;1500;28;14,8;28,1;26,2;15,6;14,7;51;44;45;161;7;3,9;
2021/09/28;1200 UTC;0;988,2;988,3;988;2378;29,5;13,9;29,9;27,8;15,1;13,9;45;38;39;169;8,3;3,9;
2021/09/28;1300 UTC;0;987,6;988,2;987,5;3046;31,6;13,3;32,1;29,3;14,5;12,9;40;32;33;135;8,6;3,9;
2021/09/28;1400 UTC;0;986,5;987,6;986,5;3217,9;32,6;13,6;32,9;31,1;13,8;12,4;34;30;32;193;8,1;3,6;
2021/09/28;1500 UTC;0;985,2;986,5;985,2;3595,1;34,4;13,4;34,4;32,4;13,9;12;32;27;28;175;8,3;2,5;
2021/09/28;1600 UTC;0;983,8;985,2;983,8;3431;35,6;12,4;35,6;33,9;13,3;11;29;24;25;219;7,7;2;
2021/09/28;1700 UTC;0;983;983,9;982,9;2996;35,5;11;35,9;34,1;12,6;10,6;26;22;23;173;8;4,3;
2021/09/28;1800 UTC;0;982,3;983;982,2;2303,9;34,5;12,1;36,5;34,4;12,5;10,5;26;21;26;110;8;2,3;
2021/09/28;1900 UTC;0;981,9;982,3;981,9;1473,8;35,3;11,2;36,2;34,2;12,4;10,2;27;21;23;120;6,5;2,5;
2021/09/28;2000 UTC;0;981,9;981,9;981,7;694,7;34,9;10,5;36;34,6;12,7;10;27;21;23;153;6;3,2;
2021/09/28;2100 UTC;0;982,4;982,4;981,9;72;32,8;11,7;34,9;31,6;13,9;10,6;33;23;28;152;5,3;1,6;
2021/09/28;2200 UTC;0;982,7;982,7;982,4;;30,6;12,3;33;30,2;14,9;11,1;39;26;33;178;3,4;1,1;
2021/09/28;2300 UTC;0;983,4;983,4;982,7;;32,3;11,2;32,3;30,3;15;11,2;39;27;28;136;3,4;1,8;
2021/09/29;0000 UTC;0;984,6;984,6;983,4;;32,3;10,6;32,7;31,3;11,9;10,5;30;26;27;142;8,1;4,3;
2021/09/29;0100 UTC;0;985,2;985,2;984,6;;31,1;11;32,3;31,1;11;10,6;29;26;29;143;10;5,3;
2021/09/29;0200 UTC;0;985,3;985,5;985,2;;29,7;11,8;31,1;29,7;11,8;11;33;29;33;137;9,9;5,1;
2021/09/29;0300 UTC;0;985,2;985,4;985,2;;28,6;12,9;29,8;28,6;12,9;11,8;38;33;38;143;8,9;4,7;
2021/09/29;0400 UTC;0;984,8;985,2;984,6;;27,6;13,5;28,7;27,6;13,5;12,9;42;38;42;150;8;3,7;
2021/09/29;0500 UTC;0;984,6;984,8;984,6;;26,6;14;27,7;26,5;14;13,5;46;42;46;151;6,3;3;
2021/09/29;0600 UTC;0;984,8;984,8;984,6;;25,8;14,4;26,7;25,8;14,4;14;49;46;49;151;5,3;3,1;
2021/09/29;0700 UTC;0;985,2;985,3;984,7;;25,1;14,9;26,1;25,1;15;14,3;53;48;53;150;6,8;2,5;
2021/09/29;0800 UTC;0;985,6;985,6;985,2;;24,7;15;25,1;24,7;15,1;14,9;55;53;55;149;4,5;2,4;
2021/09/29;0900 UTC;0;986;986;985,6;35,4;22,8;16,3;24,7;22,7;16,3;15;67;55;67;320;4,5;0;
2021/09/29;1000 UTC;0;986,7;986,7;986;581,5;26;15,4;26,1;22,8;16,8;14,9;67;51;52;195;1,5;,1;
2021/09/29;1100 UTC;0;987,2;987,2;986,6;1493,3;28,1;15,1;28,1;26,1;15,5;14,3;52;44;45;111;4,3;2,4;
2021/09/29;1200 UTC;0;987,3;987,4;987,2;2355;29,3;15,4;29,5;27,8;15,5;14,3;45;41;43;104;6,3;3;
2021/09/29;1300 UTC;0;986,9;987,4;986,9;3032,7;30,3;14,6;31;28,8;15,8;14;43;37;38;92;7,7;3,7;
2021/09/29;1400 UTC;0;986;986,9;986;3402,4;31,9;14;32,2;30;15,8;13,7;41;34;34;137;9;3,4;
2021/09/29;1500 UTC;0;984,9;986;984,9;3374,5;32,4;14,7;33,4;31,3;15,1;13,3;36;31;34;101;7,5;2,2;
2021/09/29;1600 UTC;0;983,2;984,9;983,2;3485,1;34,3;13,3;35,3;32,4;14,9;13,1;34;28;28;126;7,6;2,9;
2021/09/29;1700 UTC;0;981,9;983,2;981,9;2655;35,1;14;35,6;33,9;14,7;12,9;30;26;28;81;8,4;2,4;
2021/09/29;1800 UTC;0;981,2;981,9;981,2;2389,1;34,7;14,1;36,2;34,4;14,4;12,3;30;24;29;59;6,2;2,5;
2021/09/29;1900 UTC;0;981;981,2;980,9;997,7;34,9;14,1;35,1;33,5;15,2;13,4;33;27;29;65;5,5;1,5;
2021/09/29;2000 UTC;0;981,5;981,5;981;600,6;33,7;14,3;34,9;33,7;14,9;13,3;32;28;31;97;4,3;1,8;
2021/09/29;2100 UTC;0;982,2;982,2;981,5;47,2;31,9;14,1;33,7;31,9;14,5;13,5;34;30;34;109;5,2;2,6;
2021/09/29;2200 UTC;0;982,7;982,7;982,2;;28,8;16,9;32,5;28,8;16,9;14,1;49;33;49;114;9,9;3,7;
2021/09/29;2300 UTC;0;983,3;983,3;982,7;;29,8;16,8;30,5;28,6;17;16,1;49;42;46;103;6,4;2,4;
2021/09/30;0000 UTC;0;984,1;984,1;983,3;;29,4;16,7;30,6;29,3;16,7;15,8;46;41;46;116;5,2;2,6;
2021/09/30;0100 UTC;0;984,5;984,5;984;;28,5;17,2;29,4;28,2;17,3;16,7;51;46;50;117;4,6;2;
2021/09/30;0200 UTC;0;984,4;984,7;984,4;;28,5;17,1;28,8;28,3;17,2;17;51;49;50;121;4,5;2,9;
2021/09/30;0300 UTC;0;984,6;984,6;984,4;;28,2;16,8;28,6;28,1;17,1;16,7;50;49;50;128;5,7;3,1;
2021/09/30;0400 UTC;0;984,1;984,6;984,1;;26,7;17,2;28,2;26,7;17,2;16,7;56;50;56;116;5,9;2,6;
2021/09/30;0500 UTC;0;983,6;984,1;983,6;;25,9;17,8;26,7;25,9;17,8;17,2;61;56;61;108;5,6;1,9;
2021/09/30;0600 UTC;0;984,1;984,1;983,6;;23,9;18,1;25,9;23,9;18,1;17,8;70;61;70;79;3,7;0;
2021/09/30;0700 UTC;0;984,4;984,5;984,1;;24,9;18,2;25,2;23,8;18,5;18,1;72;65;66;123;4,8;1,9;
2021/09/30;0800 UTC;0;985,1;985,1;984,4;;22,7;18,3;24,9;22,7;18,3;17,9;76;66;76;76;3,6;0;
2021/09/30;0900 UTC;0;985,7;985,7;985;36,7;22,7;19,2;22,7;22;19,2;18,2;81;76;81;104;0;0;
2021/09/30;1000 UTC;0;986,4;986,4;985,7;580;26,7;18,8;26,7;22,7;20,1;18,7;81;62;62;105;3,7;1,8;
2021/09/30;1100 UTC;0;986,5;986,5;986,2;1506,9;27,8;18,4;28,1;26,5;19,2;18,2;63;55;57;67;4,3;2;
2021/09/30;1200 UTC;0;986,6;986,7;986,5;2290,4;29,2;18,5;29,4;27,7;19;17,5;57;50;53;103;4,4;2,3;
2021/09/30;1300 UTC;0;986,4;986,8;986,4;2402;29,3;17,9;30,9;29,1;18,5;17,2;53;46;50;77;7,2;3,2;
2021/09/30;1400 UTC;0;985,3;986,4;985,3;2831,9;31,8;16,8;32,1;29,3;18,1;16,6;50;41;41;83;6,4;3,3;
2021/09/30;1500 UTC;0;984,3;985,3;984,3;3632,8;33;16,7;33,4;31,3;17,4;15,7;42;35;38;83;7,7;2,3;
2021/09/30;1600 UTC;0;982,8;984,3;982,8;3485;34;15,4;34,5;33;17,4;15,2;39;32;33;68;6,2;2,4;
2021/09/30;1700 UTC;0;981,7;982,8;981,7;2753,8;35;14,3;35,3;33,5;16,2;14,3;34;29;29;100;5,8;2,5;
2021/09/30;1800 UTC;0;981;981,7;981;2451,1;35,1;14;35,7;34,4;15,1;13,4;31;27;28;69;7,1;3;
2021/09/30;1900 UTC;0;980,8;981;980,7;1463,2;35,1;13,2;35,8;34,5;14,8;13,2;30;26;27;109;5,2;2,8;
2021/09/30;2000 UTC;0;981;981;980,7;773,8;33,9;13,3;35,9;33,9;13,9;12,8;30;25;29;87;7,7;3,1;
2021/09/30;2100 UTC;0;981,5;981,5;981;39,1;31,6;14,5;33,9;31,6;14,5;13,2;35;29;35;103;6,7;1,8;
2021/09/30;2200 UTC;0;982,3;982,3;981,5;;30;15,5;31,6;30;16;14,7;43;36;42;110;2,6;1,4;
2021/09/30;2300 UTC;0;983,3;983,3;982,3;;29,6;17,2;30,3;28,7;17,5;15,2;50;40;47;112;3,2;,5;
2021/10/01;0000 UTC;0;984;984;983,3;;29,1;17,7;29,7;28,6;18,4;15,1;53;42;50;334;1,8;0;
2021/10/01;0100 UTC;0;984,8;984,8;984;;29,8;15;29,8;28,6;18,2;15;52;41;41;89;4,4;1,7;
2021/10/01;0200 UTC;0;985,1;985,1;984,8;;30,4;14,4;31,2;29,8;15;13,3;41;34;38;115;8,8;4,3;
2021/10/01;0300 UTC;0;984,9;985,2;984,9;;28,9;15,6;30,4;28,9;15,6;14,4;44;38;44;93;8,8;2,2;
2021/10/01;0400 UTC;0;985;985;984,9;;28,5;16,4;29,1;28,5;16,7;15,6;48;45;48;92;5,8;2,3;
2021/10/01;0500 UTC;0;984,8;985;984,8;;27,7;17,1;28,5;27,6;17,1;16,4;53;48;53;104;5,5;2,5;
2021/10/01;0600 UTC;0;985;985;984,8;;27;17,5;27,7;27;17,5;17,1;56;53;56;110;6,7;4,1;
2021/10/01;0700 UTC;0;985,3;985,4;985;;26,5;17,8;27;26,5;17,8;17,6;59;56;59;112;6,9;3;
2021/10/01;0800 UTC;0;985,4;985,4;985,1;;25,9;17,7;26,5;25,9;17,9;17,7;61;59;61;113;6,5;3,2;
2021/10/01;0900 UTC;0;986,2;986,2;985,4;47,3;25,7;18,2;25,9;25,3;18,3;17,7;64;61;63;105;5;1,4;
2021/10/01;1000 UTC;0;986,9;986,9;986,2;536,1;26,6;17,6;26,9;25,5;18,4;17,5;64;57;58;106;5,9;3;
2021/10/01;1100 UTC;0;987,3;987,3;986,9;1567,7;28,3;17,6;28,5;26,6;18,2;17;59;50;52;102;6,5;3,1;
2021/10/01;1200 UTC;0;987,3;987,4;987,2;2400,5;30,1;17,2;30,1;28;17,7;16,5;52;46;46;72;7;3,3;
2021/10/01;1300 UTC;0;986,8;987,4;986,8;2925,7;30,6;16,4;31,2;29,5;17,5;16;47;41;42;100;8,8;3,9;
2021/10/01;1400 UTC;0;985,7;986,8;985,7;3507;31,5;15,4;32,3;30,3;17,1;15,2;44;37;38;80;9,2;3,8;
2021/10/01;1500 UTC;0;984,1;985,7;984,1;3460,8;33,1;15,1;33,7;31,5;16,5;14,1;40;32;34;101;8,5;3,6;
2021/10/01;1600 UTC;0;982,6;984,1;982,6;3581;34,9;14,5;34,9;33,1;15,1;13,4;34;29;30;80;8,3;2,1;
2021/10/01;1700 UTC;0;981,4;982,5;981,4;3184,8;35,4;13,2;35,6;34,2;15,1;12,6;31;26;26;51;6,6;2,1;
2021/10/01;1800 UTC;0;980,6;981,4;980,6;2518,4;34,9;12,1;35,8;34,7;13,7;11,8;28;24;25;58;7,4;3,6;
2021/10/01;1900 UTC;0;980,5;980,6;980,5;1638,7;34,9;12,6;35,8;34,9;13,1;11,5;26;23;26;80;7,2;2,4;
2021/10/01;2000 UTC;0;980,8;980,8;980,4;752,2;33,9;12,3;35;33,9;12,9;11,8;27;25;27;81;5,4;2,2;
2021/10/01;2100 UTC;0;981;981;980,7;72,2;31,2;12,8;33,9;31,2;12,9;11,7;33;26;33;94;4,7;1,4;
2021/10/01;2200 UTC;0;981,8;981,8;981;;27,4;16,1;31,2;27,4;16,4;12,8;50;33;50;103;2,7;1;
2021/10/01;2300 UTC;0;982,4;982,4;981,8;;29,5;13,4;29,5;27,4;17,3;13,4;54;37;37;130;3,1;2,1;
2021/10/02;0000 UTC;0;983,3;983,3;982,4;;31,8;11;31,8;29,5;13;11;37;28;28;112;8,9;4,6;
2021/10/02;0100 UTC;0;984,4;984,4;983,3;;30,9;11,2;31,9;30,9;11,2;10,7;30;27;30;113;9,5;5;
2021/10/02;0200 UTC;0;985;985;984,4;;29,6;13,1;31;29,6;13,1;11,2;36;30;36;112;9,9;5;
2021/10/02;0300 UTC;0;984,8;985;984,8;;28;14,5;29,6;28;14,5;13,1;44;36;44;105;9,2;3,4;
2021/10/02;0400 UTC;0;984,6;984,8;984,6;;26,3;15,2;28;26,3;15,2;14,5;50;44;50;104;6,7;2,1;
2021/10/02;0500 UTC;0;984;984,6;984;;26;16,3;26,5;26;16,3;15,2;55;50;55;105;6,1;2,9;
2021/10/02;0600 UTC;0;984,1;984,1;983,9;;24,4;16,7;26;24,4;16,7;16,3;62;55;62;91;5,9;1,1;
2021/10/02;0700 UTC;0;984,6;984,7;984,1;;22,2;17,3;24,3;22,2;17,3;16,3;74;62;74;340;2,5;0;
2021/10/02;0800 UTC;0;985,6;985,6;984,6;;22,5;17,8;23;22,2;18;17,3;75;72;75;61;1,6;0;
2021/10/02;0900 UTC;0;986,2;986,2;985,6;17,5;24,3;18;24,3;22,5;18,7;17,8;76;68;68;61;1,6;1,1;
2021/10/02;1000 UTC;0;987;987;986,2;611,3;26,8;18,7;26,8;24,3;18,7;18;68;60;61;84;4;2;
2021/10/02;1100 UTC;0;987,2;987,4;987;1571,4;28,4;18;28,5;26,6;18,5;17,9;61;53;53;87;5,8;3;
2021/10/02;1200 UTC;0;987,6;987,6;987,2;1471,1;29;17,5;29,7;27,7;18,4;17,5;56;49;50;107;7,6;3,9;
2021/10/02;1300 UTC;0;987,3;987,7;987,2;1931,2;30,2;17,4;30,5;28,9;18;16,8;51;45;46;88;9,4;4,2;
2021/10/02;1400 UTC;0;986,4;987,3;986,4;2228,1;31,3;15,9;32,4;29,9;17,7;15,4;47;37;40;101;10,5;4,3;
2021/10/02;1500 UTC;0;984,8;986,4;984,8;3067,1;33;14,7;33,9;31,1;16,6;14,5;41;32;33;97;9,6;3,7;
2021/10/02;1600 UTC;0;983,4;984,8;983,4;3363,2;34,5;14;34,9;32,7;15,5;13,2;35;28;29;103;9,1;2,7;
2021/10/02;1700 UTC;0;982,2;983,4;982,2;2629,1;34,3;13,4;36,3;33,9;14,2;12,4;29;26;28;118;9,1;3,6;
2021/10/02;1800 UTC;0;981,4;982,2;981,4;2356,6;35,2;11,9;36,4;34,3;13,8;11,3;29;22;24;109;8,8;4,7;
2021/10/02;1900 UTC;0;981;981,4;980,8;859,9;34,7;10,8;35,5;34;14;10,5;29;23;23;115;8,4;4,3;
2021/10/02;2000 UTC;0;980,9;981;980,8;635,9;33,7;10,6;35,7;33,7;12,1;9,9;25;22;24;112;8,7;2,9;
2021/10/02;2100 UTC;0;981,3;981,3;980,9;70,8;32,6;9,5;34,1;32,6;11,3;9,4;27;22;24;112;7;1,1;
2021/10/02;2200 UTC;0;982;982;981,3;;28,6;11,1;32,6;27,7;13,1;9,6;41;24;34;113;3,9;0;
2021/10/02;2300 UTC;0;982,6;982,6;982;;27,9;11,5;30;27,9;11,5;10,3;36;29;36;65;0;0;
2021/10/03;0000 UTC;0;983;983;982,6;;31,1;9,7;31,5;27,7;12;9,6;38;26;27;123;6,6;3,6;
2021/10/03;0100 UTC;0;983,4;983,4;983;;30,1;10,6;31,3;30,1;10,6;9,7;30;26;30;108;7,6;3,9;
2021/10/03;0200 UTC;0;983,6;983,6;983,4;;28,1;11,5;30,3;28,1;11,5;10,6;36;30;36;104;8,7;2,2;
2021/10/03;0300 UTC;0;983,8;983,9;983,6;;27;13,6;28,3;27;13,6;11,6;44;36;44;103;4;2,2;
2021/10/03;0400 UTC;0;983,8;983,9;983,7;;26,3;16,4;27,3;26,2;16,4;13,7;54;44;54;98;5,7;2,4;
2021/10/03;0500 UTC;0;983,8;983,8;983,7;;25,8;16,2;26,3;25,1;16,8;16;59;54;55;105;7,6;3,8;
2021/10/03;0600 UTC;0;983,9;983,9;983,7;;24,8;16,2;25,8;24,8;16,3;16,1;59;55;59;106;6,8;3,2;
2021/10/03;0700 UTC;0;984,4;984,4;983,9;;23,9;16,6;24,9;23,9;16,7;16,3;64;59;64;109;5,6;1,8;
2021/10/03;0800 UTC;0;985,1;985,1;984,3;;22,5;16,8;23,9;22,5;16,9;16,6;70;64;70;104;3,5;1,6;
2021/10/03;0900 UTC;0;986;986;985,1;46,8;22,7;17,5;22,7;22;17,5;16,9;74;70;72;104;3,6;1,8;
2021/10/03;1000 UTC;0;986,6;986,7;985,9;662;25,4;17,6;25,4;22,8;17,6;17,3;72;62;62;103;7,5;4,4;
2021/10/03;1100 UTC;0;987,4;987,5;986,7;1454,1;27;16,8;27,2;25,4;17,6;16,5;62;53;54;116;7,9;4,7;
2021/10/03;1200 UTC;0;987,5;987,6;987,4;2443,5;28,9;15,6;29,4;27;17,2;15,6;54;44;44;101;9,1;4,6;
2021/10/03;1300 UTC;0;987,3;987,6;987,3;2987,3;30;15,8;30,6;28,7;16,3;15;46;40;42;80;9,2;3,8;
2021/10/03;1400 UTC;0;986,5;987,3;986,5;3579,5;31,8;14;32,4;29,9;16,2;13,9;43;33;34;92;8,6;2,8;
2021/10/03;1500 UTC;0;985,3;986,5;985,3;3685,1;33,5;13;33,6;31,7;14,7;12,7;35;28;29;76;10,5;4;
2021/10/03;1600 UTC;0;983,7;985,3;983,7;3542,9;35;12,5;35;33,1;13;11,2;29;25;26;88;10,5;2,9;
2021/10/03;1700 UTC;0;982,6;983,7;982,6;3162,3;35,1;11,4;35,9;34,3;12,8;10,6;27;23;24;96;10,2;5,2;
2021/10/03;1800 UTC;0;981,7;982,6;981,7;2532,1;35;10,1;36;34,8;12,4;10,1;25;22;22;69;9;3,9;
2021/10/03;1900 UTC;0;981,6;981,7;981,5;1694,5;35,1;10,3;35,4;34,9;11,3;9,5;24;21;22;96;8,7;3,2;
2021/10/03;2000 UTC;0;981,8;981,8;981,5;745;33,8;10,8;35,5;33,8;10,9;9,4;25;21;25;91;6,8;2,1;
2021/10/03;2100 UTC;0;982,3;982,3;981,8;76,8;31,4;11;33,8;31,4;11,3;10,5;28;25;28;110;4,9;1,7;
2021/10/03;2200 UTC;0;982,9;982,9;982,3;;30,6;11,2;31,5;29,2;13,2;10,8;37;28;30;109;5;2,1;
2021/10/03;2300 UTC;0;983,6;983,6;982,9;;31,8;10,4;32,2;30,6;11,3;10,1;30;26;27;107;6,9;4;
2021/10/04;0000 UTC;0;984,5;984,5;983,6;;30,9;10,1;31,8;30,8;10,6;10;28;27;28;114;11,5;4,8;
2021/10/04;0100 UTC;0;984,8;984,9;984,5;;29,6;11;30,9;29,6;11;10,1;32;28;32;115;9,2;3,9;
2021/10/04;0200 UTC;0;984,9;984,9;984,7;;27,8;12;29,8;27,8;12;11;38;32;38;107;9,7;1,9;
2021/10/04;0300 UTC;0;984,6;984,9;984,6;;27,3;13,7;28;27,3;13,7;12;43;38;43;105;6,6;3,1;
2021/10/04;0400 UTC;0;984,4;984,6;984,4;;25,5;14,6;27,3;25,4;14,6;13,7;51;43;51;98;5,6;,4;
2021/10/04;0500 UTC;0;984,1;984,5;984,1;;24,9;15,9;25,8;24,9;15,9;14,6;57;51;57;102;5,3;2;
2021/10/04;0600 UTC;0;984,3;984,3;984;;23,9;16,2;24,9;23,9;16,3;15,9;62;57;62;105;4;2,1;
2021/10/04;0700 UTC;0;984,7;984,7;984,3;;22,7;16,4;24;22,7;16,5;16,2;68;62;68;110;3,8;0;
2021/10/04;0800 UTC;0;985,3;985,3;984,7;;21,6;16,6;22,7;21,5;16,6;16;73;68;73;113;0;0;
2021/10/04;0900 UTC;0;986,3;986,3;985,3;47,3;21,2;17,3;21,6;20,2;17,3;16;80;73;79;92;0;0;
2021/10/04;1000 UTC;0;986,9;986,9;986,3;585,1;25,3;16,8;25,6;21,2;17,9;16,7;79;59;59;118;5,9;,3;
2021/10/04;1100 UTC;0;987,5;987,6;986,9;802,6;26,4;16,3;26,5;25,2;16,9;16,1;60;53;54;128;8,3;5,2;
2021/10/04;1200 UTC;0;987,6;987,6;987,5;2327;28,8;15,5;28,9;26,4;16,6;15,2;54;44;45;106;8,3;,7;
2021/10/04;1300 UTC;0;987;987,6;987;3060;30;14,7;30,8;28,7;15,9;14,3;45;38;39;105;8,6;3,5;
2021/10/04;1400 UTC;0;986,2;987;986,2;3525,5;32,9;13,5;32,9;30;15,2;12,9;40;31;31;127;7,2;3,7;
2021/10/04;1500 UTC;0;984,9;986,2;984,9;3661,7;33,5;13,2;33,5;31,7;13,9;11,9;32;28;29;111;8,9;4,8;
2021/10/04;1600 UTC;0;983,4;984,9;983,4;3508,2;34,8;11,2;34,8;33,2;13,4;11,2;30;24;24;127;8,9;3,5;
2021/10/04;1700 UTC;0;982,3;983,4;982,3;3180,9;35,2;9,9;35,7;34,6;12,5;9,8;26;21;21;157;8,2;3,9;
2021/10/04;1800 UTC;0;981,4;982,3;981,4;2549,8;36;11,2;36,4;35,2;11,8;9,7;23;20;22;120;7,7;3;
2021/10/04;1900 UTC;0;981,1;981,4;981;1707,8;35;12,3;36,6;34,8;12,3;9,4;26;19;26;79;8,5;3,2;
2021/10/04;2000 UTC;0;981,3;981,3;981,1;690,7;34;11,8;35,2;34;12,7;10,5;27;22;26;75;6,3;2,5;
2021/10/04;2100 UTC;0;981,9;981,9;981,3;70,1;29,6;15,2;34;29,6;15,2;12;42;26;42;86;3,9;1;
2021/10/04;2200 UTC;0;982,4;982,4;981,9;;27,6;15,7;29,6;27,6;16,9;14,5;49;41;48;122;2,1;1,1;
2021/10/04;2300 UTC;0;983,1;983,1;982,4;;26,6;16,5;27,6;26,5;16,5;14,7;54;46;54;116;2,3;1,4;
2021/10/05;0000 UTC;0;984;984;983,1;;28,4;12,7;28,4;26,6;16,9;12,7;55;38;38;108;2,9;2,1;
2021/10/05;0100 UTC;0;984,7;984,7;984;;28,8;12,1;29,9;28,4;12,6;11,4;38;32;36;98;5;2;
2021/10/05;0200 UTC;0;985,1;985,2;984,7;;28,1;12,5;30,3;28,1;12,7;12;38;33;38;53;6,4;2;
2021/10/05;0300 UTC;0;985;985,2;984,9;;26,8;16,7;28,4;26,8;16,7;12,5;54;38;54;64;4,8;1,6;
2021/10/05;0400 UTC;0;984,7;985;984,7;;26,6;15,9;26,8;26,2;17,3;15,5;57;50;52;96;5,1;2,5;
2021/10/05;0500 UTC;0;984,8;984,8;984,7;;25,2;16,3;26,7;25,2;16,3;15,9;58;52;58;93;5,1;1,6;
2021/10/05;0600 UTC;0;984,7;984,8;984,5;;24,5;16,4;25,2;24,2;16,5;16,3;62;58;61;106;3,5;2;
2021/10/05;0700 UTC;0;984,8;984,9;984,7;;24;16,4;24,6;23,8;16,4;16,3;63;60;62;107;4,6;2,4;
2021/10/05;0800 UTC;0;985,4;985,4;984,8;;23;16,4;24;23;16,4;16,3;67;62;66;108;4,6;1,9;
2021/10/05;0900 UTC;0;986;986;985,4;55,4;23,2;17;23,2;22,1;17;16,3;72;66;68;116;3,7;1,2;
2021/10/05;1000 UTC;0;986,4;986,4;985,9;690,1;25,5;16,7;25,6;23,2;17,1;16,6;68;57;58;114;7,6;4,2;
2021/10/05;1100 UTC;0;986,8;986,8;986,4;1606;27,2;16,4;27,4;25,5;17,1;16,2;58;51;52;108;7,6;3,5;
2021/10/05;1200 UTC;0;987,2;987,2;986,8;2412,1;28,8;16,3;29;27;16,8;15,9;52;47;47;88;8,6;3,5;
2021/10/05;1300 UTC;0;986,7;987,2;986,7;3124,8;30,6;15,5;30,6;28,4;16,4;14,9;48;40;40;108;7,3;3;
2021/10/05;1400 UTC;0;985,6;986,7;985,6;3486,3;31,9;13,7;32,2;29,9;15,8;13,7;42;33;33;145;6,8;1,7;
2021/10/05;1500 UTC;0;984,2;985,6;984,2;3485,1;34,1;12,7;34,3;31,6;14,9;12,5;35;27;27;122;6,2;1,4;
2021/10/05;1600 UTC;0;983;984,2;983;2827,2;33,9;11,9;34,8;32,7;13,6;11,9;30;26;26;125;7,6;3,5;
2021/10/05;1700 UTC;0;982,1;983;982,1;3057,2;35,4;11,4;35,6;33,1;13,1;11,1;29;23;23;158;7,6;2;
2021/10/05;1800 UTC;0;981,2;982,1;981,2;2177,8;35,3;11,4;36,5;34,7;12,9;10,8;26;22;24;176;5,5;1,4;
2021/10/05;1900 UTC;0;980,9;981,2;980,9;1728,4;35,3;12,6;36,1;34,7;12,6;10,8;26;22;26;74;4,8;1,7;
2021/10/05;2000 UTC;0;980,9;981;980,9;737,6;33,9;12,7;35,5;33,9;15,3;10,9;33;23;28;30;3,7;,8;
2021/10/05;2100 UTC;0;981,3;981,3;980,9;69,9;30,9;13,8;34;30;16,5;11,9;43;26;35;79;2,8;1,3;
2021/10/05;2200 UTC;0;981,9;981,9;981,3;;27,5;15,9;30,8;27,5;16;13,7;49;35;49;119;2,8;,8;
2021/10/05;2300 UTC;0;982,7;982,7;981,9;;25,9;16,6;27,5;25,9;17,3;16;57;49;57;117;1,6;,5;
2021/10/06;0000 UTC;0;983,5;983,5;982,7;;25,7;16,3;25,9;25,3;16,8;15,2;58;53;56;200;1,8;,7;
2021/10/06;0100 UTC;0;983,8;983,8;983,5;;27,6;15,3;28,6;25,4;17,1;15,1;58;45;47;233;2,7;,7;
2021/10/06;0200 UTC;0;984,7;984,7;983,8;;28,3;15,6;28,9;26,7;16,3;13,5;53;39;46;65;7,7;2,6;
2021/10/06;0300 UTC;0;984,5;984,7;984,5;;26,1;16,2;28,3;26,1;16,2;15,6;54;46;54;97;5,8;,9;
2021/10/06;0400 UTC;0;984;984,5;984;;23,4;16,5;26,1;23,4;16,5;16,1;65;54;65;115;1,7;0;
2021/10/06;0500 UTC;0;984;984,1;983,9;;22,3;17,1;23,4;22,3;17,5;16,4;73;65;73;114;0;0;
2021/10/06;0600 UTC;0;984,2;984,2;984;;24,5;17,1;24,6;22,2;17,6;17;75;63;64;105;3,4;2,1;
2021/10/06;0700 UTC;0;984,5;984,5;984,2;;23,7;17,6;24,5;23,7;17,6;17,2;69;64;69;111;3,4;,7;
2021/10/06;0800 UTC;0;984,7;984,7;984,4;;24,1;17,3;24,1;23,5;17,6;17,3;69;66;66;116;4,4;2,6;
2021/10/06;0900 UTC;0;985,4;985,4;984,7;38,6;24;17,5;24,1;23,5;17,5;17,2;69;66;67;100;4,7;1,6;
2021/10/06;1000 UTC;0;986,4;986,4;985,4;272,9;24,8;17,5;24,8;24;17,5;17,1;67;63;64;103;4,5;2,5;
2021/10/06;1100 UTC;0;987,4;987,4;986,4;509,2;25,9;17,7;25,9;24,8;17,7;17,3;64;60;60;132;4,4;2,3;
2021/10/06;1200 UTC;0;987,2;987,4;987,2;1903,5;27,5;16,6;28,7;25,9;17,8;16,2;61;49;52;123;5,9;2,8;
2021/10/06;1300 UTC;0;986,8;987,2;986,8;2609,9;29,7;16;31,1;27,5;17,3;15,4;53;40;44;133;7,8;3,1;
2021/10/06;1400 UTC;0;985,7;986,8;985,7;2945,4;31,5;15,1;31,7;29,2;16,6;14,9;45;36;37;98;6,9;3,6;
2021/10/06;1500 UTC;0;984,3;985,7;984,3;3711,9;34,3;15,2;34,3;31,5;15,6;13,2;38;29;32;78;10,4;2,4;
2021/10/06;1600 UTC;0;982,7;984,3;982,7;3592,8;35,1;12,4;35,7;33,6;14,7;11,2;32;24;25;122;7,8;3,1;
2021/10/06;1700 UTC;0;981,7;982,7;981,7;3223,8;36,1;11,2;36,3;34,9;12,7;9,2;26;19;22;120;7,7;3,3;
2021/10/06;1800 UTC;0;980,9;981,7;980,9;2451,1;35,9;8,2;37,3;35,4;11,4;7,8;22;17;18;145;7,3;3,2;
2021/10/06;1900 UTC;0;980,5;980,9;980,4;1772,3;36,1;8,7;36,7;35,9;9,8;6,7;20;16;19;88;8;2,5;
2021/10/06;2000 UTC;0;980,5;980,6;980,4;790,1;35,7;6,7;36,7;35,6;9;6,7;19;16;17;151;5,2;2,5;
2021/10/06;2100 UTC;0;981,1;981,1;980,5;70,3;29,5;12,3;36;29,5;12,3;6,1;35;16;35;107;5,2;1,3;
2021/10/06;2200 UTC;0;981,7;981,7;981,1;;27,8;15,1;29,5;27,7;15,6;12,1;47;35;46;118;2,3;1,4;
2021/10/06;2300 UTC;0;982,3;982,3;981,7;;29;10,8;29;27,3;16;10,8;50;32;32;120;2,6;1,7;
2021/10/07;0000 UTC;0;983;983;982,3;;32,4;8,1;32,4;27,3;13,8;8,1;43;22;22;138;5,6;2,9;
2021/10/07;0100 UTC;0;983,3;983,3;983,1;;32,3;9,9;33,2;32,2;9,9;8;25;22;25;162;7,2;2,6;
2021/10/07;0200 UTC;0;984;984;983,3;;29,8;11,8;32,3;29,8;11,8;9,4;33;25;33;84;10,2;2,8;
2021/10/07;0300 UTC;0;983,8;984,1;983,8;;27,7;16,2;29,8;27,7;16,6;11,9;50;33;50;110;5,7;,6;
2021/10/07;0400 UTC;0;983,4;983,8;983,4;;27,9;16,9;28,6;27,6;17;16,2;51;49;51;110;8,6;4,2;
2021/10/07;0500 UTC;0;983,3;983,4;983,1;;26,8;17,1;27,9;26,7;17,2;16,9;56;51;56;113;8,4;4,3;
2021/10/07;0600 UTC;0;983,5;983,5;983,3;;25,9;17;26,8;25,9;17,1;16,9;58;55;58;105;7,4;2,8;
2021/10/07;0700 UTC;0;983,2;983,5;983,1;;24,4;17,1;25,9;24,4;17,1;16,9;64;58;64;100;5,3;1,4;
2021/10/07;0800 UTC;0;983,6;983,6;983,2;;23,4;17,3;24,4;23,4;17,3;17,1;69;64;69;103;2,6;1;
2021/10/07;0900 UTC;0;984,4;984,4;983,6;58;23,7;17,3;23,7;23;17,3;17,2;70;68;68;77;2,8;,9;
2021/10/07;1000 UTC;0;985;985;984,4;694,8;26,3;17,2;26,3;23,7;17,8;17;68;57;57;89;5,1;2,4;
2021/10/07;1100 UTC;0;985,4;985,4;985;1528,9;27,7;16,5;28,1;25,9;17,2;15,8;57;48;50;145;6,8;3,3;
2021/10/07;1200 UTC;0;985,4;985,5;985,4;2540,3;29,4;15,9;29,7;27,7;16,6;15,2;50;42;44;135;6,7;2,8;
2021/10/07;1300 UTC;0;984,9;985,4;984,9;2867,6;29,7;14,8;31,3;29,2;16,6;14,4;45;37;40;78;5;1,9;
2021/10/07;1400 UTC;0;984;984,9;984;2650,2;32;14,3;32;29,7;15,8;13,6;40;34;34;280;5,7;2,1;
2021/10/07;1500 UTC;0;982,6;984;982,6;3669,5;33,6;13,6;34,3;31,6;14,7;12,8;35;28;30;69;7,7;1,8;
2021/10/07;1600 UTC;0;981,2;982,6;981,2;3638;34,9;13,1;35,1;33,6;14,6;12,4;31;26;27;1;5;1,7;
2021/10/07;1700 UTC;0;980,3;981,2;980,3;3252,6;35,3;11,8;36;34,4;14;11,8;28;24;24;304;5,5;2,7;
2021/10/07;1800 UTC;0;979,8;980,3;979,8;2612,8;35,7;10,6;36,6;35,3;12,8;9,9;25;21;22;48;5,4;2,2;
2021/10/07;1900 UTC;0;979,7;979,8;979,7;1749,6;36,2;9,1;36,5;35,5;11,7;8,9;24;19;19;19;4,5;1,3;
2021/10/07;2000 UTC;0;979,8;979,8;979,7;787,9;34,1;11,8;36,4;34,1;12,4;8,1;27;18;26;89;3;1,4;
2021/10/07;2100 UTC;0;980,3;980,3;979,8;68,6;29,1;15,5;34,1;29,1;15,9;10,6;44;24;44;43;2,6;,3;
2021/10/07;2200 UTC;0;980,9;980,9;980,3;;26,8;16,4;29,1;26,6;17,5;15,1;54;43;53;91;1,1;0;
2021/10/07;2300 UTC;0;981,7;981,7;980,9;;25,6;17,2;26,8;25,6;17,4;16,2;60;53;60;100;2,6;1,1;
2021/10/08;0000 UTC;0;982,5;982,5;981,7;;25;16,5;26;25;17,2;15,6;61;53;59;84;2;,3;
2021/10/08;0100 UTC;0;983,3;983,3;982,5;;29,1;17,7;29,3;24,8;17,7;13,4;61;40;50;46;5,9;2,5;
2021/10/08;0200 UTC;0;983,9;984;983,3;;27,5;18,4;29,2;27,5;18,6;17,8;58;50;58;67;6,5;3,1;
2021/10/08;0300 UTC;0;984,1;984,2;983,8;;26,8;18,2;27,5;26,8;18,5;18,1;59;57;59;109;8,6;1,1;
2021/10/08;0400 UTC;0;983,5;984,1;983,5;;26,2;18,3;26,8;26,2;18,4;18,2;62;59;62;44;4,3;1,6;
2021/10/08;0500 UTC;0;983,3;983,6;983,3;;25,2;18,7;26,2;25,2;18,7;18,4;67;62;67;58;3,2;,2;
2021/10/08;0600 UTC;0;983,2;983,3;983,1;;23,6;19;25,2;23,5;19;18,5;76;67;76;128;1,8;0;
2021/10/08;0700 UTC;0;983,5;983,5;983,2;;22,5;18,9;23,7;22,4;19,3;18,5;80;76;80;97;1,5;0;
2021/10/08;0800 UTC;0;984;984;983,5;;24,6;18,4;24,6;22,5;19,7;18,4;81;68;68;104;2,8;1;
2021/10/08;0900 UTC;0;984,5;984,5;984;39,2;24,3;17,7;24,8;24,3;18,3;17,6;68;65;66;110;3,6;1,8;
2021/10/08;1000 UTC;0;984,6;984,7;984,4;658,8;26,7;17,7;26,7;24,3;18,3;17,6;67;58;58;92;7,5;4,4;
2021/10/08;1100 UTC;0;985,2;985,3;984,6;1657,9;28,3;17,3;28,4;26,7;17,9;17;58;51;51;99;8;4;
2021/10/08;1200 UTC;0;985,7;985,7;985,2;2523,4;30;16,7;30,5;28,3;17,7;16,4;52;44;45;106;7,1;3,1;
2021/10/08;1300 UTC;0;985,5;985,7;985,5;3015,8;31,9;16,1;31,9;29,9;17,2;15,9;46;39;39;128;6,9;2,1;
2021/10/08;1400 UTC;0;984,8;985,5;984,8;2427;32,9;15,9;33,1;30,9;16,7;15,2;41;35;36;79;5,1;1,7;
2021/10/08;1500 UTC;0;983,6;984,8;983,6;2658,8;33,2;14,8;33,5;32;15,9;14,6;38;33;33;38;4,8;1,6;
2021/10/08;1600 UTC;0;982,3;983,6;982,3;2980,2;35;14,4;35,4;33;15,5;13,9;34;28;29;354;4,7;2,4;
2021/10/08;1700 UTC;0;980,9;982,3;980,9;2743,9;34,9;13,5;36,3;33,6;15,4;13,5;31;27;28;46;5,6;1,5;
2021/10/08;1800 UTC;0;980,1;980,9;980,1;2671,6;36,7;13,6;36,7;34,8;14,6;12,8;28;25;25;352;4,9;,6;
2021/10/08;1900 UTC;0;980;980,2;980;1732,8;35,8;13,5;37,1;35,6;14,1;12,5;27;24;26;77;5,4;1,8;
2021/10/08;2000 UTC;0;980,3;980,3;980;757,3;34,6;13,6;36,1;34,6;14,3;12,5;29;25;28;73;3,9;1,9;
2021/10/08;2100 UTC;0;980,6;980,6;980,3;68,9;30,3;17,2;34,6;30,3;17,2;13,6;45;28;45;115;3,5;,7;
2021/10/08;2200 UTC;0;981,2;981,2;980,6;;27,7;18,1;30,3;27,7;18,1;16,9;56;45;56;87;1,3;,8;
2021/10/08;2300 UTC;0;981,8;981,8;981,2;;26,7;17,8;28,4;26,7;18,6;16,1;59;47;58;131;2,5;,9;
2021/10/09;0000 UTC;0;982,5;982,5;981,8;;26,5;17,6;26,9;26,4;18,5;17,4;60;57;58;145;1,5;,8;
2021/10/09;0100 UTC;0;983,3;983,4;982,5;,8;29,8;17;30,4;26,2;17,9;13,9;60;37;46;44;6,3;2;
2021/10/09;0200 UTC;0;984,2;984,6;983,3;;29;19,4;29,8;29;19,4;17,1;56;46;56;64;8,6;3,5;
2021/10/09;0300 UTC;0;984,5;984,7;984,2;;27,9;19,8;29;27,9;19,8;19,4;61;56;61;51;6,5;2,6;
2021/10/09;0400 UTC;0;984,4;984,6;984,2;;26,5;19,7;27,9;26,3;20,2;19,7;68;61;66;103;6,9;1,4;
2021/10/09;0500 UTC;0;984,4;984,4;984,2;;25,3;20,4;26,5;25,3;20,5;19,7;75;66;74;22;3,7;,6;
2021/10/09;0600 UTC;0;984,2;984,4;984,2;;24,4;19,8;25,5;24,4;20,4;19,7;76;71;76;81;2,1;,1;
2021/10/09;0700 UTC;0;984,5;984,5;984,2;;25,6;20,1;25,9;24,2;20,4;19,8;77;71;72;109;4,1;2;
2021/10/09;0800 UTC;0;984,9;984,9;984,5;;25,3;18,8;25,7;25,3;20,1;18,8;72;66;67;116;4,8;2,1;
2021/10/09;0900 UTC;0;985,6;985,6;984,9;54,8;25,9;18;25,9;25,3;18,8;17,9;67;62;62;121;6;3,1;
2021/10/09;1000 UTC;0;986,1;986,1;985,6;703,7;27,1;17,7;27,1;25,9;18,2;17,4;62;56;57;100;8,4;4,1;
2021/10/09;1100 UTC;0;986,8;986,8;986,1;1143,4;28,3;17,6;28,3;26,5;17,8;17,3;58;52;52;94;8,3;3,6;
2021/10/09;1200 UTC;0;986,9;986,9;986,8;1917,1;29,4;16;29,6;27,5;17,7;15,7;53;43;44;92;8,1;2,3;
2021/10/09;1300 UTC;0;986,5;986,9;986,5;3130,6;31;13,3;31,8;29,3;16,4;13,3;45;33;34;111;7,9;3,8;
2021/10/09;1400 UTC;0;985,4;986,5;985,4;3561,1;32,3;13,5;32,9;30,9;14,6;12,7;35;30;32;79;9;4;
2021/10/09;1500 UTC;0;984,3;985,4;984,3;3713,8;34,5;11,9;34,7;32,3;13,3;11,1;32;24;25;100;8,1;2,8;
2021/10/09;1600 UTC;0;982,9;984,3;982,9;3592,9;36,2;11,8;36,2;34,3;12,6;10,7;26;23;23;141;8,1;2,4;
2021/10/09;1700 UTC;0;981,8;982,9;981,8;3188;36,7;10,9;36,8;35,2;12,5;10,4;25;20;21;146;8,3;2,9;
2021/10/09;1800 UTC;0;981;981,8;981;2573,3;37,1;11,1;37,4;36,3;12,2;9,4;23;19;21;78;8,8;3,3;
2021/10/09;1900 UTC;0;980,6;981;980,5;1737,8;37;9;37,8;36,7;11,5;8,9;22;17;18;94;8,2;3,1;
2021/10/09;2000 UTC;0;980,5;980,6;980,5;792,7;36;10,2;37,6;36;11,1;8,5;22;18;21;111;6,7;1,5;
2021/10/09;2100 UTC;0;980,8;980,8;980,5;73,4;32,5;11,1;36;32,4;11,4;9,9;27;21;27;104;4,1;1,4;
2021/10/09;2200 UTC;0;981,3;981,3;980,8;;30,9;11,5;32,5;29,9;13;10,7;35;27;30;109;2,4;1,4;
2021/10/09;2300 UTC;0;982,1;982,1;981,3;;27,8;14,4;30,9;27,8;14,5;11,5;44;30;44;111;3;1,4;
2021/10/10;0000 UTC;0;983,1;983,1;982,1;;28,8;12,8;28,8;27,1;16,7;12,8;51;37;37;97;6,5;2,4;
2021/10/10;0100 UTC;0;984,3;984,3;983,1;;29,2;18,5;31,1;29,2;18,5;12,2;53;31;53;58;8,2;2,5;
2021/10/10;0200 UTC;0;984,4;984,5;984,3;;28,1;19,1;29,2;28,1;19,1;18,5;58;53;58;52;6,7;3,2;
2021/10/10;0300 UTC;0;984,2;984,5;984,2;;27;19,4;28,1;27;19,4;19,1;63;58;63;43;5,8;1,9;
2021/10/10;0400 UTC;0;984,4;984,4;984,2;;26;19,7;27;26;19,7;19,4;68;63;68;100;3,8;,3;
2021/10/10;0500 UTC;0;984,5;984,5;984,3;;26,5;17,4;26,6;25,8;19,9;17,4;69;57;57;110;4,7;2,6;
2021/10/10;0600 UTC;0;985,1;985,1;984,5;;25,8;17,1;26,6;25,7;17,3;17,1;59;57;59;112;5,3;2,8;
2021/10/10;0700 UTC;0;985,6;985,6;985,1;;25,5;16,3;25,9;25,4;17,1;16,3;59;56;57;113;6,1;3;
2021/10/10;0800 UTC;0;986,4;986,4;985,6;;25,4;15,8;25,5;25,3;16,4;15,7;57;55;55;124;7,5;2,3;
2021/10/10;0900 UTC;0;987,1;987,1;986,4;14,2;25;15,9;25,4;25;15,9;15,6;57;55;57;111;6,6;2,9;
2021/10/10;1000 UTC;0;987,7;987,7;987,1;223,8;25,5;16,1;25,5;24,8;16,3;15,8;58;56;56;131;5,6;2,5;
2021/10/10;1100 UTC;0;988,3;988,3;987,7;818,4;26,4;15;26,6;25,4;15,9;15;56;49;50;112;6,3;3,5;
2021/10/10;1200 UTC;0;988,2;988,3;988,2;2505,2;29,3;13,6;29,5;26,4;15,7;13,5;50;38;38;113;8,6;3,5;
2021/10/10;1300 UTC;0;987,6;988,2;987,6;3229,7;30,9;13,6;30,9;28,8;14,9;12,7;41;33;35;97;7,4;2,7;
2021/10/10;1400 UTC;0;986,6;987,7;986,6;3592,5;33;13,2;33,1;30,5;13,9;12;35;29;30;98;8,1;1,8;
2021/10/10;1500 UTC;0;985,3;986,6;985,3;3866,4;34,1;12,5;34,2;31,7;13,2;11,6;30;27;27;79;6,2;2,7;
2021/10/10;1600 UTC;0;983,9;985,3;983,9;3285,2;35;12,6;35,3;33,3;13,1;11,2;29;24;26;41;6;1,7;
2021/10/10;1700 UTC;0;982,9;983,9;982,9;3275,9;35,5;12,6;35,6;34,1;13,4;11,4;28;25;25;40;7,3;2,4;
2021/10/10;1800 UTC;0;982,4;982,9;982,4;2241,2;34,9;12,2;35,6;34,2;13;11,4;27;24;25;76;5,7;2,7;
2021/10/10;1900 UTC;0;982,2;982,4;982,1;1705,5;34,5;10,3;35,4;34,5;12,9;10,3;26;23;23;72;6,7;3,1;
2021/10/10;2000 UTC;0;982,4;982,4;982,2;796,6;33,7;11,3;34,7;33,7;12,3;9,4;27;21;26;90;6,6;1,9;
2021/10/10;2100 UTC;0;982,8;982,8;982,4;86,9;32,1;11,8;33,7;32,1;11,9;10,8;29;25;29;50;5,1;1,8;
2021/10/10;2200 UTC;0;983,1;983,1;982,8;;28;15,1;32,1;28;15,2;11,6;45;29;45;102;3,2;1,1;
2021/10/10;2300 UTC;0;983,5;983,5;983,1;;25,9;15,8;28;25,9;15,9;14,4;54;43;54;128;1,6;,2;
2021/10/11;0000 UTC;0;984,2;984,2;983,4;;29,4;15,6;29,4;25,2;16,3;14,6;57;43;43;42;9,1;4;
2021/10/11;0100 UTC;0;985,1;985,1;984,2;;28,3;16,9;29,5;28,3;17;15,7;50;43;50;29;9,1;2,5;
2021/10/11;0200 UTC;0;985,5;985,6;985,1;;27,2;16,6;28,3;27,2;17;16,5;53;50;52;62;7,7;3,5;
2021/10/11;0300 UTC;0;985,2;985,6;985,1;;26,4;17,8;27,2;26,4;17,8;16,6;59;52;59;47;8,5;3,8;
2021/10/11;0400 UTC;0;985;985,2;984,8;;25,7;18,4;26,4;25,7;18,4;17,8;64;59;64;50;7,3;3,1;
2021/10/11;0500 UTC;0;984,9;985,1;984,8;;25,8;18,8;25,9;25,7;18,8;18,4;65;64;65;56;6,9;2,2;
2021/10/11;0600 UTC;0;985,4;985,4;984,9;;26;18,8;26;25,8;18,9;18,8;65;65;65;63;5;,9;
2021/10/11;0700 UTC;0;985,9;985,9;985,4;;25,9;17,3;26,2;25,9;18,9;17,2;65;58;59;99;8,2;4,1;
2021/10/11;0800 UTC;0;986,5;986,5;985,9;;25,2;17,5;25,9;25,2;17,5;17,3;62;59;62;100;8,2;4;
2021/10/11;0900 UTC;0;987,3;987,3;986,5;33,1;25,1;17,6;25,2;25;17,7;17,5;64;62;63;110;8,1;3,6;
2021/10/11;1000 UTC;0;987,8;987,8;987,3;387;25,9;17;26,2;25,1;17,6;16,9;63;57;58;127;6,9;3,8;
2021/10/11;1100 UTC;0;988,2;988,2;987,8;668,4;26,5;17,2;26,6;25,6;17,5;16,7;59;57;57;104;6,9;2,7;
2021/10/11;1200 UTC;0;988,6;988,6;988,2;961,7;26,9;17,1;27,1;26,2;17,6;16,8;58;54;55;91;5,6;2,9;
2021/10/11;1300 UTC;0;988,7;988,9;988,6;1289,3;27,8;16,5;27,9;26,9;17,3;16,5;55;50;50;108;5,5;3;
2021/10/11;1400 UTC;0;987,6;988,7;987,6;3788,6;30,2;14,9;31,1;27,8;17,1;14,9;51;39;39;59;6,2;1,5;
2021/10/11;1500 UTC;0;986,4;987,6;986,4;3710,2;32;14,9;32,1;30,1;16,3;14,6;41;36;36;21;5,8;2,8;
2021/10/11;1600 UTC;0;984,9;986,4;984,9;3607,7;33,5;14;33,7;31,8;15,4;13,3;36;30;31;90;6,7;2,5;
2021/10/11;1700 UTC;0;983,8;984,9;983,8;3242,2;34,5;13,5;34,7;33,2;14,3;12,4;32;27;28;60;6,1;1,8;
2021/10/11;1800 UTC;0;983,2;983,8;983,2;2567,3;34,8;12,5;35,4;34,5;13,7;11,8;28;25;26;98;6,1;2,1;
2021/10/11;1900 UTC;0;983;983,2;982,9;1758,1;34,8;11,3;36,2;34,6;13,2;10,9;26;22;24;115;5,3;2,3;
2021/10/11;2000 UTC;0;982,9;983;982,9;748,2;34;14,4;35,4;34;14,4;10,4;31;22;31;86;4,3;,6;
2021/10/11;2100 UTC;0;983,3;983,3;982,9;62,3;29,2;17;34;29,2;17;12,4;48;28;48;84;1,8;1,3;
2021/10/11;2200 UTC;0;983,7;983,7;983,3;;27,5;16,3;29,8;27,5;16,9;13,8;52;38;50;101;2,6;,8;
2021/10/11;2300 UTC;0;984,3;984,3;983,7;;25,8;16,5;27,5;25,8;17,4;16,2;58;50;57;121;1,3;,5;
2021/10/12;0000 UTC;0;984,7;984,7;984,3;;24,7;16,3;25,8;24,7;16,7;15,4;60;55;60;150;,9;,3;
2021/10/12;0100 UTC;0;985,5;985,6;984,7;;28,3;16,7;28,9;24,6;16,7;13,5;62;41;49;51;6,3;2,2;
2021/10/12;0200 UTC;0;986;986;985,5;;27,2;17,1;28,3;27,2;17,3;16,8;55;49;54;61;8,3;3,5;
2021/10/12;0300 UTC;0;985,6;986,1;985,6;;26,3;17,4;27,3;26,3;17,4;16,7;58;54;58;43;7,6;3,5;
2021/10/12;0400 UTC;0;985,6;985,6;985,4;;25,4;18,3;26,3;25,4;18,3;17,4;65;58;65;44;7,6;1,5;
2021/10/12;0500 UTC;0;985,1;985,6;985,1;;24,7;18,9;25,4;24,7;18,9;18,3;70;65;70;69;4,1;1,5;
2021/10/12;0600 UTC;0;984,9;985,1;984,9;;23,1;18,9;24,7;23,1;19;18,6;77;70;77;124;3;0;
2021/10/12;0700 UTC;0;985,3;985,3;984,9;;23,2;19,2;23,3;22,9;19,2;18,9;79;77;78;117;1,3;0;
2021/10/12;0800 UTC;0;985,8;985,8;985,2;;23,5;19,1;23,7;23,2;19,5;19,1;79;76;76;106;0;0;
2021/10/12;0900 UTC;0;986,4;986,4;985,8;120;24,3;18,6;24,3;23,1;19,1;18,4;77;71;71;111;4,1;1,9;
2021/10/12;1000 UTC;0;986,9;986,9;986,4;676,5;25,8;17,3;25,9;24,3;18,5;17,2;71;59;60;102;7,2;3,7;
2021/10/12;1100 UTC;0;987,5;987,5;986,9;1553;27;17;27,2;25,5;17,8;16,8;61;54;54;111;7,1;4;
2021/10/12;1200 UTC;0;987,7;987,7;987,5;2372,5;28,7;16,1;29,1;27;17,5;15,9;55;46;46;108;6,7;2,9;
2021/10/12;1300 UTC;0;987,4;987,8;987,4;2933,9;29,4;16;30,7;28,7;16,8;15;48;40;44;81;6,8;3,4;
2021/10/12;1400 UTC;0;986,5;987,4;986,5;3183,9;31,8;14,5;32,1;29;16,4;14,1;46;34;35;81;6,5;3,3;
2021/10/12;1500 UTC;0;985;986,5;985;3732,4;33,3;13,1;33,9;31,7;14,6;12,8;35;29;30;86;6,8;3;
2021/10/12;1600 UTC;0;983,5;985;983,5;3638,6;34,2;12,9;34,6;33;14,1;12,3;32;27;28;90;7;1,8;
2021/10/12;1700 UTC;0;982,4;983,5;982,4;3224,9;35,6;12,8;35,9;34,2;13,7;12;28;25;25;57;7,3;,5;
2021/10/12;1800 UTC;0;981,7;982,5;981,7;2592,6;35,5;12,3;36,3;35;13,8;12,2;27;24;25;50;8,6;1,6;
2021/10/12;1900 UTC;0;981,6;981,8;981,5;1758,8;35,3;11,7;36,3;35,3;12,9;11,1;25;23;24;86;8;3,2;
2021/10/12;2000 UTC;0;981,6;981,6;981,5;797,9;34,3;11,6;35,7;34,3;12,3;11,2;26;23;25;81;6,7;2,3;
2021/10/12;2100 UTC;0;982,3;982,3;981,6;73,4;30,1;15,5;34,3;30,1;15,5;11,5;41;25;41;57;4,4;1;
2021/10/12;2200 UTC;0;982,8;982,8;982,3;;27,4;16,8;30,1;27,4;17,4;14,6;53;40;52;121;1,9;0;
2021/10/12;2300 UTC;0;983,1;983,1;982,8;;25,7;16,9;27,4;25,7;17,5;16,2;59;53;58;102;1,5;1,1;
2021/10/13;0000 UTC;0;984,1;984,1;983,1;;29,5;15;29,5;25,5;17,4;12,7;61;37;41;54;6,4;2,6;
2021/10/13;0100 UTC;0;984,9;984,9;984,1;;28,6;16,9;29,5;28,6;16,9;15,1;49;41;49;47;7;2,8;
2021/10/13;0200 UTC;0;984,9;985;984,9;;27,3;17,1;28,6;27,3;17,1;16,9;54;49;54;50;7,4;2,2;
2021/10/13;0300 UTC;0;984,7;984,9;984,6;;26,4;17,2;27,4;26,4;17,3;17,1;57;54;57;65;5;2;
2021/10/13;0400 UTC;0;984,8;984,9;984,6;;24,3;17,8;26,4;24,3;17,9;17,1;67;57;67;81;5;0;
2021/10/13;0500 UTC;0;984,5;984,9;984,5;;22,9;18,4;24,4;22,4;18,4;17,2;76;67;75;94;0;0;
2021/10/13;0600 UTC;0;984,4;984,5;984,4;;21,9;17,8;23,1;21,6;18,4;17,4;80;73;78;78;0;0;
2021/10/13;0700 UTC;0;984,9;984,9;984,4;;20,8;17,9;21,9;20,8;18,1;17,3;84;78;83;41;0;0;
2021/10/13;0800 UTC;0;985,7;985,7;984,9;;21,9;17,1;22;20,8;18,5;17,1;85;74;74;103;3,1;2;
2021/10/13;0900 UTC;0;986,3;986,3;985,7;80,6;23,1;16,5;23,1;21,9;17;16,3;74;66;67;104;5;1,7;
2021/10/13;1000 UTC;0;986,8;986,8;986,3;785,4;25;17;25,2;23,1;17,5;16,6;67;61;61;95;5,7;,4;
2021/10/13;1100 UTC;0;987;987,1;986,8;1719,4;26,3;16,5;26,8;25;17,2;16,2;61;54;55;108;9,1;4,5;
2021/10/13;1200 UTC;0;986,7;987;986,7;2600;28,6;16,3;28,6;26,3;17,1;15,6;55;46;47;115;8,2;4;
2021/10/13;1300 UTC;0;986,2;986,7;986,2;3244,6;30,4;14,7;30,5;28,1;16,3;14,3;47;37;39;96;7;0;
2021/10/13;1400 UTC;0;985,3;986,2;985,3;3609,4;32,5;13,9;32,9;29,9;15,7;13;40;32;33;77;7,6;,3;
2021/10/13;1500 UTC;0;983,8;985,3;983,8;3747,1;33,3;12;34;31,7;13,7;11,7;32;27;27;79;7,6;3,1;
2021/10/13;1600 UTC;0;982,1;983,8;982,1;3634,1;35,5;11,9;35,5;33,3;12,7;10,6;28;23;24;98;8,4;3;
2021/10/13;1700 UTC;0;980,7;982,1;980,7;3248,9;36,2;10,6;36,4;35,2;12,1;9,5;25;20;21;100;8,3;3,4;
2021/10/13;1800 UTC;0;980,2;980,7;980,2;2614,3;36,7;9,3;37;36;11;8,5;22;18;19;91;7,6;2,6;
2021/10/13;1900 UTC;0;980,3;980,3;980,2;1753,5;36,4;8,4;37,1;36,3;10,1;7,5;20;17;18;98;6,6;2,1;
2021/10/13;2000 UTC;0;980,6;980,6;980,3;801;35,1;10,4;36,4;35,1;11,1;8,2;23;18;22;90;5,2;1,4;
2021/10/13;2100 UTC;0;981,1;981,1;980,6;64,2;29;13,9;35;29;13,9;10;40;22;40;92;2,9;0;
2021/10/13;2200 UTC;0;981,8;981,8;981,1;;26,5;16,5;29,1;26,5;17,8;13,6;58;39;55;117;0;0;
2021/10/13;2300 UTC;0;982,7;982,7;981,8;;25,8;15,7;26,4;25,8;16,4;15,6;55;53;54;137;1,4;,3;
2021/10/14;0000 UTC;0;984,2;984,3;982,7;;29,8;15,9;30,1;24,9;17,6;12,2;62;34;43;75;7,4;2,6;
2021/10/14;0100 UTC;0;984,7;984,7;984,2;;28,8;17,9;30,4;28,8;18,1;16,7;52;45;52;45;8,6;4,2;
2021/10/14;0200 UTC;0;985;985,1;984,7;;27,6;18;28,8;27,6;18;17,8;56;52;56;48;9;3,3;
2021/10/14;0300 UTC;0;985,3;985,3;985;;26,6;18,3;27,6;26,6;18,3;18;60;56;60;44;6,8;2,3;
2021/10/14;0400 UTC;0;985;985,3;984,9;;24,7;18,3;26,6;24,7;18,4;18,2;68;60;68;135;4,4;0;
2021/10/14;0500 UTC;0;985;985;984,8;;25,6;16,9;25,6;23,8;18,6;16,9;71;59;59;103;5,8;2,8;
2021/10/14;0600 UTC;0;984,9;985,1;984,9;;25;16,2;26;25;16,8;16,2;59;55;58;107;6,6;2,5;
2021/10/14;0700 UTC;0;985,2;985,2;984,8;;23,3;16,5;25;23,3;16,5;16,2;66;58;66;111;4,2;,8;
2021/10/14;0800 UTC;0;985,5;985,5;985,2;;22,2;16,8;23,3;22,2;17,1;16,5;72;66;72;113;1,3;0;
2021/10/14;0900 UTC;0;986;986;985,5;78,9;22,8;17,8;22,8;21,2;18;16,7;78;72;73;125;0;0;
2021/10/14;1000 UTC;0;986,4;986,5;986;715,2;26,5;17,6;26,5;22,8;18,3;17,2;73;57;58;93;4,1;1,4;
2021/10/14;1100 UTC;0;987;987;986,4;1717,2;27,6;16,8;27,8;26,5;17,6;16,6;58;51;52;106;8,5;5;
2021/10/14;1200 UTC;0;986,8;987;986,8;2478,9;28,7;17,4;28,9;27,6;17,6;16,5;52;49;50;89;9,4;4,7;
2021/10/14;1300 UTC;0;986,1;986,9;986,1;3233,4;30,5;16,8;31;28,7;17,9;16,6;51;44;44;96;9,4;3,9;
2021/10/14;1400 UTC;0;985,1;986,1;985,1;3599,8;32,3;14,7;32,7;30,5;17,4;14,7;44;34;35;99;9,1;4,5;
2021/10/14;1500 UTC;0;983,7;985,1;983,7;3724;33,9;15,4;34,2;32;16,2;14,7;38;33;33;92;8,6;4,2;
2021/10/14;1600 UTC;0;982,4;983,7;982,4;3599,1;34,8;16,1;35,2;33,2;16,3;14,3;34;30;33;73;9,3;4,5;
2021/10/14;1700 UTC;0;981,3;982,4;981,3;3220,5;35,3;15,2;36,1;34,4;16,2;15;33;29;30;94;9,6;3,9;
2021/10/14;1800 UTC;0;980,7;981,3;980,7;2047,3;35,4;14,9;35,9;34,8;15,7;14;31;27;29;91;8,1;3,6;
2021/10/14;1900 UTC;0;980,4;980,7;980,3;1630,4;35,5;13,9;36,6;35,4;15,6;13,9;30;26;27;90;6,5;3,2;
2021/10/14;2000 UTC;0;980,5;980,5;980,2;746,7;35;15;35,8;34,9;15;14,1;30;28;30;95;6,5;2,4;
2021/10/14;2100 UTC;0;981,1;981,1;980,5;116,4;33,2;14,8;35;33,2;15,2;14,5;33;30;33;101;5,3;0;
2021/10/14;2200 UTC;0;981,8;981,8;981,1;;31,4;15,9;33,1;30,8;16,1;14,8;41;33;39;114;2,7;0;
2021/10/14;2300 UTC;0;982,5;982,5;981,8;;32,7;15,7;32,8;30,3;17,3;15,6;46;36;36;92;7,2;4;
2021/10/15;0000 UTC;0;983,2;983,2;982,5;;31,6;16,7;32,8;31,6;16,7;15,8;41;36;41;90;9,7;4,8;
2021/10/15;0100 UTC;0;983,6;983,6;983,2;;30,1;17,8;31,6;30,1;17,8;16,7;48;41;48;94;9,7;4,1;
2021/10/15;0200 UTC;0;983,9;984;983,6;;28,8;18,3;30,2;28,8;18,3;17,8;53;48;53;82;8,1;2,2;
2021/10/15;0300 UTC;0;984,2;984,3;983,9;;28,2;17,9;28,8;28,2;18,4;17,9;55;53;54;116;6,2;3,1;
2021/10/15;0400 UTC;0;984,1;984,3;984,1;;27,4;18,2;28,4;27,4;18,2;17,8;57;53;57;124;8,1;4,8;
2021/10/15;0500 UTC;0;984,5;984,5;984,1;;26,7;18,3;27,4;26,6;18,5;18,2;61;57;60;114;8,2;3,6;
2021/10/15;0600 UTC;0;985,1;985,1;984,5;;26,6;18,4;26,7;26,5;18,4;18,3;61;60;61;113;8,4;2,7;
2021/10/15;0700 UTC;0;985,4;985,5;985,1;;26,4;18,5;26,6;26,3;18,5;18,4;62;61;62;111;5,7;2,5;
2021/10/15;0800 UTC;0;986,2;986,2;985,4;;25,5;18,6;26,4;25,4;18,6;18,4;66;62;65;128;4,6;1,2;
2021/10/15;0900 UTC;0;986,7;986,7;986,1;80,7;25,3;19,1;25,6;24,6;19,2;18,5;71;65;69;89;3,1;0;
2021/10/15;1000 UTC;0;987,5;987,5;986,7;813,7;27,5;18,3;27,6;25,3;19,3;18,3;69;57;57;93;5,2;2,9;
2021/10/15;1100 UTC;0;987,9;987,9;987,5;1666,4;29,3;17,2;30,1;27,5;18,7;17,2;58;48;48;128;5,8;2,9;
2021/10/15;1200 UTC;0;987,9;988;987,8;2313,3;30;17,5;30,3;29,2;18;16,9;49;46;47;90;7,3;2,9;
2021/10/15;1300 UTC;0;987,3;987,9;987,3;2572;32;16,4;32,4;30;17,6;16,4;47;38;39;118;8,3;3,8;
2021/10/15;1400 UTC;0;986,6;987,3;986,6;2783,5;33;15,5;33,3;31,1;17,1;15,4;43;35;35;100;7,4;2,7;
2021/10/15;1500 UTC;0;985,3;986,6;985,3;3353,4;33,5;14,2;34,5;32,5;15,8;14,1;36;30;31;107;9,4;3,3;
2021/10/15;1600 UTC;0;983,7;985,3;983,7;2861,7;34,4;13,3;35,1;33,4;14,8;12,9;32;27;28;94;8,5;4,4;
2021/10/15;1700 UTC;0;982,7;983,7;982,7;2107,7;34,9;12,2;35,4;34,2;13,7;11,6;28;24;25;79;8,5;1,2;
2021/10/15;1800 UTC;0;981,9;982,7;981,9;1871,8;35,5;11,7;35,7;34,7;12,9;10,8;26;22;24;67;7,6;,4;
2021/10/15;1900 UTC;0;981,6;981,9;981,6;1660,4;35,1;10,4;35,7;35;12,1;10,1;25;22;22;87;9,8;3,6;
2021/10/15;2000 UTC;0;981,8;981,8;981,5;739,4;34,1;11;35,1;34,1;11,1;9,8;25;22;24;86;7,2;2,3;
2021/10/15;2100 UTC;0;982,3;982,3;981,8;78,4;30;13,2;34,1;30;13,2;10,9;36;24;36;103;4,7;0;
2021/10/15;2200 UTC;0;982,9;982,9;982,3;;28,4;15,2;30;28,3;16,1;13,1;48;36;45;130;3,3;0;
2021/10/15;2300 UTC;0;983,2;983,2;982,9;;29,1;13,4;30,1;27,8;15,8;13,2;48;36;38;118;2,8;1,1;
2021/10/16;0000 UTC;0;984,1;984,1;983,2;;31,7;11,1;31,9;29,1;13,5;11,1;38;28;28;119;6,2;3,6;
2021/10/16;0100 UTC;0;984,8;984,8;984,2;;31;11,4;31,8;30,8;11,4;11,1;30;28;30;107;7,3;3,4;
2021/10/16;0200 UTC;0;984,7;984,9;984,6;;29,9;12,6;31,1;29,9;12,6;11,4;35;30;35;110;8,8;4;
2021/10/16;0300 UTC;0;985;985,1;984,7;;28,1;16;29,9;28,1;16;12,6;48;35;48;113;10,5;5,6;
2021/10/16;0400 UTC;0;985,3;985,3;985;;26,6;16,3;28,1;26,6;16,3;16;53;48;53;110;10,5;3,3;
2021/10/16;0500 UTC;0;985,6;985,7;985,3;;25,7;15,2;26,6;25,7;16,4;15,2;55;52;52;110;9;4,8;
2021/10/16;0600 UTC;0;985,9;985,9;985,6;;24,9;15,8;25,7;24,9;15,8;15,1;57;52;57;111;9,6;4,1;
2021/10/16;0700 UTC;0;986,8;986,8;985,9;;24,3;16,3;24,9;24,3;16,3;15,8;61;57;61;107;8,3;2,8;
2021/10/16;0800 UTC;0;987,4;987,4;986,8;;22,7;16,7;24,3;22,7;16,7;16,3;69;61;69;95;5,1;1;
2021/10/16;0900 UTC;0;988;988,1;987,4;59,5;22,7;17,6;22,7;21,3;17,6;16,5;77;69;73;119;2,2;1,1;
2021/10/16;1000 UTC;0;988,3;988,3;988;771,8;26,3;16,9;26,3;22,7;17,6;16,5;73;55;56;118;4,6;2,5;
2021/10/16;1100 UTC;0;988,3;988,5;988,2;1720,2;27,4;15,8;27,6;26,3;16,9;15,8;56;49;49;118;8,9;5,3;
2021/10/16;1200 UTC;0;988;988,3;988;2509,1;30,3;16,2;30,3;27,4;16,6;15,7;50;43;43;132;9,2;4,3;
2021/10/16;1300 UTC;0;987,2;988;987,2;3091,8;31,5;14,8;31,8;29,4;16,5;14,8;45;36;36;127;10,7;4,6;
2021/10/16;1400 UTC;0;986,6;987,2;986,6;3478,2;33,2;14,1;33,5;31,2;15,5;13,5;38;31;31;89;10,7;3,8;
2021/10/16;1500 UTC;0;985,5;986,6;985,5;3669,3;34;12,7;34,4;32,9;14,5;12,2;32;26;28;92;9,7;4,6;
2021/10/16;1600 UTC;0;984,1;985,5;984,1;3560,5;34,9;12,8;35,1;34;13,5;11,4;28;25;26;86;10,3;4,3;
2021/10/16;1700 UTC;0;983;984,1;983;3092,5;36,7;12,2;36,7;34,8;13,8;11,3;27;23;23;116;9,1;3,6;
2021/10/16;1800 UTC;0;982,1;983;982,1;2488,6;36,6;12,1;37;35,8;12,5;10,3;24;21;23;91;9,1;1,5;
2021/10/16;1900 UTC;0;982;982,2;981,9;1667,3;36,5;9,9;37;36;11,8;9,5;23;19;20;98;7,3;2,8;
2021/10/16;2000 UTC;0;981,9;982;981,9;756,5;35,4;8,4;36,9;35,4;10;6,4;20;16;19;87;7,6;2,3;
2021/10/16;2100 UTC;0;982,3;982,3;981,8;59,4;33,7;9,6;35,4;33,7;9,6;8,6;23;19;23;104;6,5;2,5;
2021/10/16;2200 UTC;0;982,8;982,8;982,3;;32,7;10,8;33,7;32,4;10,9;9,7;27;23;26;119;4,2;1,1;
2021/10/16;2300 UTC;0;983,6;983,6;982,8;;31,3;12;33;31,3;12;10,8;31;26;31;106;4,2;0;
2021/10/17;0000 UTC;0;984,3;984,3;983,5;;30,6;12,2;31,3;30,4;12,3;11,9;33;31;33;93;3,6;0;
2021/10/17;0100 UTC;0;984,8;984,8;984,3;;29,3;13,2;30,6;29,2;13,2;12,3;37;33;37;111;2,2;0;
2021/10/17;0200 UTC;0;985;985,1;984,8;;30,8;13,1;31,3;28,9;13,4;12,8;39;33;34;122;7,8;3,2;
2021/10/17;0300 UTC;0;984,6;985;984,6;;29,5;16,7;30,8;29,4;16,7;13,2;46;34;46;111;7;4,1;
2021/10/17;0400 UTC;0;984,6;984,7;984,5;;28,1;18,6;29,5;28,1;18,6;16,7;56;46;56;112;8,2;4,2;
2021/10/17;0500 UTC;0;984,5;984,6;984,4;;27,1;18,8;28,1;27,1;18,9;18,6;61;56;61;117;8,4;2;
2021/10/17;0600 UTC;0;984,8;984,8;984,4;;26,2;18,9;27,1;26,2;18,9;18,8;64;61;64;112;9;2,6;
2021/10/17;0700 UTC;0;985,1;985,1;984,8;;25,7;18,8;26,2;25,6;18,9;18,7;66;64;66;97;7,3;0;
2021/10/17;0800 UTC;0;985,6;985,6;985,1;;24,8;18,6;25,7;24,8;18,9;18,6;68;66;68;85;1;0;
2021/10/17;0900 UTC;0;986,1;986,2;985,6;85,5;24,7;19,1;24,8;23,8;19,1;18,5;73;68;71;98;0;0;
2021/10/17;1000 UTC;0;986,7;986,7;986,1;826,5;26,9;18,8;26,9;24,7;19,2;18,4;71;60;61;89;4,5;0;
2021/10/17;1100 UTC;0;987,2;987,2;986,7;1719,1;28,9;17,2;29;26,8;18,9;17,2;61;49;49;121;7,8;1,2;
2021/10/17;1200 UTC;0;987,1;987,2;987,1;2490,9;30,4;16,7;30,6;28,8;17,6;15,6;50;42;44;127;7,6;,9;
2021/10/17;1300 UTC;0;986,5;987,1;986,5;2965,9;31,1;15,8;31,5;30,1;16,5;15,4;44;38;40;93;8,4;3;
2021/10/17;1400 UTC;0;985,7;986,5;985,7;3563,3;32,6;15,1;33,7;31,1;16,2;14,2;40;33;35;96;7,2;2,2;
2021/10/17;1500 UTC;0;984,5;985,7;984,5;3479,9;35;14,8;35,1;32,6;15,4;13,9;35;29;30;110;7;1,8;
2021/10/17;1600 UTC;0;982,9;984,5;982,9;2586,4;35,6;14,1;36;33,7;14,7;12,8;31;26;28;92;7,1;2,3;
2021/10/17;1700 UTC;0;981,7;982,9;981,7;3079,8;36,5;11,6;37,4;34,1;14,1;10,3;28;21;22;67;7,7;3;
2021/10/17;1800 UTC;0;981,1;981,7;981,1;2173,7;36,4;12;37,1;35,3;12,7;10,8;25;20;23;67;6,1;2,7;
2021/10/17;1900 UTC;0;980,9;981,1;980,9;1094,3;35,2;11,9;36,9;35,2;12,8;10,1;24;21;24;118;5,8;1,2;
2021/10/17;2000 UTC;0;981,1;981,1;980,9;365,3;34,3;11,4;35,2;34,3;13,2;11,2;28;24;25;92;5,4;2,9;
2021/10/17;2100 UTC;0;981,6;981,6;981;48,9;31,6;12,5;34,3;31,6;12,8;11;32;24;31;107;5,4;1,1;
2021/10/17;2200 UTC;0;982,3;982,3;981,6;;30,7;11,7;31,7;29,8;14,1;11,7;38;30;31;113;2,7;1,7;
2021/10/17;2300 UTC;0;983,1;983,1;982,3;;28;15;30,7;28;15;11,4;45;31;45;92;2,3;1;
2021/10/18;0000 UTC;0;983,9;983,9;983,1;;30,3;11,5;30,3;27,5;16,2;11,5;49;31;31;127;3;2;
2021/10/18;0100 UTC;0;984,9;984,9;983,9;;32,2;11,3;32,4;30,3;11,4;10,8;31;27;28;131;9,1;3,9;
2021/10/18;0200 UTC;0;985,1;985,2;984,9;;30,9;11,9;32,2;30,9;11,9;11,3;31;28;31;120;8,5;4,1;
2021/10/18;0300 UTC;0;985;985,2;985;;29,2;14;30,9;29,2;14;12;40;31;40;107;8,5;4,1;
2021/10/18;0400 UTC;0;984,9;985,1;984,9;;27,6;16;29,2;27,6;16;14;49;40;49;111;9;4,6;
2021/10/18;0500 UTC;0;984,7;985;984,7;;26,2;16,7;27,6;26,2;16,8;16;56;49;56;113;9;4,6;
2021/10/18;0600 UTC;0;984,9;984,9;984,7;;24,9;16,5;26,2;24,9;16,8;16,5;60;56;60;110;8,5;4,1;
2021/10/18;0700 UTC;0;985,2;985,2;984,8;;24,1;16,2;24,9;24,1;16,5;16,1;61;59;61;103;8,5;1,8;
2021/10/18;0800 UTC;0;985,5;985,6;985,2;;21,3;16,5;24,1;21,3;16,5;16;74;61;74;64;4,3;0;
2021/10/18;0900 UTC;0;986;986;985,5;84,4;22,6;17,9;22,6;20,2;17,9;16,1;79;73;75;95;1,2;0;
2021/10/18;1000 UTC;0;986,7;986,7;986;560,7;25,3;16,7;25,3;22,6;17,9;16,7;75;59;59;119;8;2,1;
2021/10/18;1100 UTC;0;987,4;987,4;986,7;1314,9;26,8;16,3;27,3;25,3;17,1;16,3;59;52;53;108;8,7;4,4;
2021/10/18;1200 UTC;0;987,5;987,6;987,3;2687;28,6;15,9;29,3;26,8;17,1;15,9;54;45;46;106;9,4;4,1;
2021/10/18;1300 UTC;0;986,9;987,5;986,9;2613,9;30,7;15;30,8;28,2;17;15;48;39;39;117;8,9;1,7;
2021/10/18;1400 UTC;0;986,3;986,9;986,3;3601,3;31,6;14;31,8;30,3;15,8;13,9;41;34;34;90;9,9;4,3;
2021/10/18;1500 UTC;0;985,2;986,4;985,2;3736,5;33,1;14,1;33,2;31,6;14,9;13,3;36;30;32;76;8,4;3,8;
2021/10/18;1600 UTC;0;983,9;985,2;983,9;3608,1;33,8;12,2;34,4;32,8;14,5;12;32;26;27;74;8,9;3,6;
2021/10/18;1700 UTC;0;982,9;983,9;982,9;3175,8;34,7;12;35;33,8;13,3;11,7;28;25;25;134;7,1;2,3;
2021/10/18;1800 UTC;0;981,9;982,9;981,9;2568,9;35;12,1;35,3;34,6;12,9;11,4;27;24;25;41;6,5;2,4;
2021/10/18;1900 UTC;0;981,4;981,9;981,4;1687,4;34,8;12;35,4;34,8;12,7;11,4;26;24;25;63;6,6;2,9;
2021/10/18;2000 UTC;0;981,5;981,5;981,3;772,6;33,7;12,1;34,9;33,7;12,4;11,2;27;24;27;64;6,4;1,9;
2021/10/18;2100 UTC;0;981,9;981,9;981,5;67,7;29,2;15,4;33,7;29,2;15,4;12,2;43;27;43;122;3,4;0;
2021/10/18;2200 UTC;0;982,4;982,4;981,9;;27,2;16,7;29,2;27,2;17,1;15;53;43;53;53;1,8;,2;
2021/10/18;2300 UTC;0;983,1;983,1;982,4;;26,7;17,7;27,2;26,7;17,7;16,3;58;52;58;122;1,2;,4;
2021/10/19;0000 UTC;0;984,2;984,2;983,1;;30,6;13,4;30,6;26,6;17,9;13,4;59;35;35;178;3;1,8;
2021/10/19;0100 UTC;0;985,2;985,2;984,2;;29,6;17,6;30,6;29,6;17,6;12,9;48;34;48;31;9,9;3,3;
2021/10/19;0200 UTC;0;985,1;985,4;985,1;;28,2;17,5;29,6;28,2;17,6;17,4;52;48;52;47;7,2;3;
2021/10/19;0300 UTC;0;984,9;985,1;984,9;;27,1;17,5;28,2;27,1;17,6;17,3;56;52;56;51;5,8;2,2;
2021/10/19;0400 UTC;0;984,9;984,9;984,8;;26,6;17,9;27,1;26,6;17,9;17,5;59;56;59;62;5,1;1;
2021/10/19;0500 UTC;0;984,8;984,9;984,6;;24,9;18,2;26,6;24,6;18,3;17,9;67;59;66;121;2,6;0;
2021/10/19;0600 UTC;0;985,1;985,1;984,8;;25,7;17;25,7;24,3;18,5;17;70;59;59;111;4,9;3;
2021/10/19;0700 UTC;0;985,5;985,5;985;;24;17,2;25,7;24;17,2;16,9;66;59;66;102;4,9;1,4;
2021/10/19;0800 UTC;0;986,2;986,2;985,5;;23,6;16,8;24,1;23,6;17,2;16,7;66;64;66;106;3,8;1,1;
2021/10/19;0900 UTC;0;987,1;987,1;986,1;81,6;24,3;17,3;24,3;23,3;17,3;16,8;67;65;65;93;2,9;,4;
2021/10/19;1000 UTC;0;988;988;987,1;747;26,3;17,1;26,3;24,3;17,5;16,9;65;57;57;93;7,3;3;
2021/10/19;1100 UTC;0;988,4;988,5;988;1701,1;27,7;16,7;27,9;26,1;17,3;16,7;57;51;51;92;7;3,7;
2021/10/19;1200 UTC;0;988,4;988,5;988,3;2544,8;29,5;16,8;29,6;27,6;17,2;16,3;53;45;46;91;7,1;3,9;
2021/10/19;1300 UTC;0;987,7;988,4;987,7;3190,2;31,3;16,7;31,4;29,5;17;15,7;46;40;41;74;7,1;2,9;
2021/10/19;1400 UTC;0;986,8;987,7;986,8;3633,7;32,6;15,1;32,9;30,9;16,4;14,4;41;34;35;59;8;2,8;
2021/10/19;1500 UTC;0;985,7;986,8;985,7;3856,1;33,7;14,3;34,4;32,5;15,6;13,9;36;30;31;75;5,6;2,1;
2021/10/19;1600 UTC;0;984,5;985,7;984,5;3088,3;34;13,7;35,8;32,8;14,6;13,3;33;27;30;23;5,3;2,2;
2021/10/19;1700 UTC;0;983;984,5;983;3288,8;35,4;13,2;35,6;34;14,2;12,7;30;26;26;28;5,8;2;
2021/10/19;1800 UTC;0;982,2;983;982,2;2558,1;35,6;13,1;36,6;35,3;13,8;12,2;27;24;26;76;5,8;3;
2021/10/19;1900 UTC;0;981,8;982,2;981,8;1674,2;35,8;11,7;36,3;35,3;13,3;11,4;26;23;23;358;5,4;1,4;
2021/10/19;2000 UTC;0;981,8;981,9;981,7;720,5;34,6;11,4;35,9;34,6;12,9;11,4;26;23;25;57;4,3;2;
2021/10/19;2100 UTC;0;982,3;982,3;981,8;60,8;30,8;14,8;34,6;30,8;15;11,3;38;24;38;110;3,9;1;
2021/10/19;2200 UTC;0;982,9;982,9;982,3;;28;15,8;30,8;28;17,1;14,9;49;38;48;111;1,4;0;
2021/10/19;2300 UTC;0;983,5;983,5;982,9;;27;17,2;28;27;17,2;15;55;47;55;100;1,8;1,2;
2021/10/20;0000 UTC;0;984,2;984,2;983,5;;26,9;15,2;27;26,7;17,3;14,9;55;48;49;64;1,8;,1;
2021/10/20;0100 UTC;0;985,6;985,6;984,2;;29,3;16,7;30,4;26,8;16,7;13,6;51;37;47;70;8,6;3,9;
2021/10/20;0200 UTC;0;986,1;986,1;985,6;;28;17,2;29,3;28;17,2;16,8;52;47;52;62;11,5;3,3;
2021/10/20;0300 UTC;0;986,5;986,5;986,1;;27,6;17,6;28;27,6;17,6;17,2;54;52;54;43;7,2;1,6;
2021/10/20;0400 UTC;0;986;986,5;986;;25,2;20;27,7;25,2;20;17,6;73;54;73;347;4,5;1,6;
2021/10/20;0500 UTC;0;985,6;986;985,6;;25,7;20,1;25,7;25,1;20,5;19,9;75;70;71;91;3,2;0;
2021/10/20;0600 UTC;0;985,8;985,8;985,6;;25,3;19,4;25,7;25,3;20;19,4;71;69;70;35;2;,2;
2021/10/20;0700 UTC;0;986,4;986,4;985,7;;25,4;18,9;25,6;25,2;19,4;18,9;70;67;67;75;2,4;0;
2021/10/20;0800 UTC;0;986,9;986,9;986,4;;24,7;19,2;25,4;24,6;19,2;18,8;72;67;72;124;,9;0;
2021/10/20;0900 UTC;0;987,7;987,7;986,9;64,8;25,3;16,7;25,5;24,6;19,3;16,4;72;57;59;87;5,9;2,4;
2021/10/20;1000 UTC;0;988,1;988,3;987,7;769,4;26,9;16,9;27;25,3;17,4;16,7;59;54;54;80;5,4;2,9;
2021/10/20;1100 UTC;0;988,1;988,4;988,1;1930,2;28,7;16,2;29,1;26,8;17,5;16,2;55;47;47;84;6,8;3;
2021/10/20;1200 UTC;0;987,9;988,1;987,8;2549,9;30,2;15,8;30,4;28,5;16,8;15,2;48;41;42;78;7,7;3,9;
2021/10/20;1300 UTC;0;987,5;988;987,5;3168,1;31,6;15,9;31,9;30,2;16,5;15,5;42;38;39;100;7,7;4,4;
2021/10/20;1400 UTC;0;986,7;987,5;986,7;3486,3;33,1;15;33,3;31,3;16,4;14,8;40;33;34;84;8,8;1,5;
2021/10/20;1500 UTC;0;985,3;986,7;985,3;3701,6;33,9;15,1;34,4;32,6;15,4;14,4;35;31;32;42;6,5;2,5;
2021/10/20;1600 UTC;0;983,9;985,3;983,9;3602,6;35,4;14,5;35,7;33,9;15,6;14,1;33;29;29;119;6,5;1,6;
2021/10/20;1700 UTC;0;982,6;983,9;982,6;3281,2;36,3;13,3;36,6;35,3;15,1;13,2;29;25;25;203;5,3;1,9;
2021/10/20;1800 UTC;0;981,7;982,6;981,7;2589;36,2;13,1;36,7;35,4;14;12,2;27;24;25;107;4,9;2,4;
2021/10/20;1900 UTC;0;981,4;981,8;981,4;1684,9;37,1;13,1;37,3;36,1;13,9;11,8;25;22;24;101;4,9;,3;
2021/10/20;2000 UTC;0;981,6;981,6;981,3;690,2;35,2;13;37,1;35,1;14;12;28;23;26;90;3,9;1,2;
2021/10/20;2100 UTC;0;982;982;981,6;59,7;30,7;16,8;35,2;30,7;17,9;13,5;44;26;43;93;2;0;
2021/10/20;2200 UTC;0;982,7;982,7;982;;29,8;18,5;30,9;29,8;18,9;16,8;52;43;51;78;0;0;
2021/10/20;2300 UTC;0;983,1;983,1;982,7;;29,6;16,4;30,1;29,2;18,9;16;53;43;45;82;2;1;
2021/10/21;0000 UTC;0;984,5;984,5;983,1;;29,7;17,6;31,3;29,2;17,6;15,7;48;41;48;44;11,2;2,9;
2021/10/21;0100 UTC;0;985,7;985,7;984,5;;28,2;17,4;29,7;28,2;17,9;17,4;53;48;52;56;10,2;4,6;
2021/10/21;0200 UTC;0;986;986,1;985,7;;27,1;17;28,2;27,1;17,5;16,4;54;51;54;43;10,1;3,8;
2021/10/21;0300 UTC;0;985,9;986,1;985,9;;26,5;17,9;27,1;26,5;17,9;17;59;54;59;43;7,8;2,8;
2021/10/21;0400 UTC;0;985,4;985,9;985,4;;26;18,8;26,5;26;18,8;18;64;59;64;43;7;2,8;
2021/10/21;0500 UTC;0;985;985,4;985;;25,6;19;26;25,6;19;18,8;67;64;67;48;6,1;1,9;
2021/10/21;0600 UTC;0;984,6;985,2;984,6;;25,5;19,1;25,7;25,5;19,2;19;68;67;67;35;4,1;2;
2021/10/21;0700 UTC;0;985;985,1;984,4;;25,5;19,1;25,5;25,2;19,2;19;69;67;68;24;5,4;,9;
2021/10/21;0800 UTC;0;985,8;985,8;985;;25,6;19,2;25,6;25,5;19,2;19,1;68;67;68;15;3,8;1,1;
2021/10/21;0900 UTC;0;986;986;985,7;30,6;25,3;19,3;25,7;25,3;19,3;19,1;70;67;70;49;3,9;1,5;
2021/10/21;1000 UTC;0;986,8;986,8;986;362,3;26,4;19,6;26,4;25,3;19,8;19,3;70;66;66;78;3,3;,9;
2021/10/21;1100 UTC;0;987,1;987,2;986,9;1236,4;27,7;18,5;27,9;26,4;19,7;18,4;66;57;57;77;6;3,3;
2021/10/21;1200 UTC;0;987,1;987,2;987;1145;28,5;18,2;28,6;27,4;19,1;17,9;59;53;54;82;6;2,1;
2021/10/21;1300 UTC;0;986,8;987,1;986,8;1295,6;29,3;17,8;30,7;28,5;18,6;17,6;54;47;50;87;6,7;2,5;
2021/10/21;1400 UTC;0;986,4;986,8;986,4;1177,9;30,3;17,7;30,3;29,3;18,2;17,4;50;47;47;75;4,8;1,9;
2021/10/21;1500 UTC;0;985,3;986,4;985,3;1761,5;31,8;16,8;31,8;30;18;16,5;48;41;41;101;5,9;2;
2021/10/21;1600 UTC;0;984,1;985,3;984,1;2122,3;32,8;16,3;32,8;31,2;17,4;16;43;37;37;141;5,6;,8;
2021/10/21;1700 UTC;0;983;984,1;983;3025;34,1;15,7;34,7;32,2;16,9;15;39;32;33;90;5,1;1,9;
2021/10/21;1800 UTC;0;982,3;983;982,3;2409;34;15,1;34,8;33,5;15,8;14,9;34;31;32;97;4,7;1,1;
2021/10/21;1900 UTC;0;981,7;982,3;981,7;1059,4;34,5;15,7;34,6;33,4;16;14,7;34;31;32;44;3,7;0;
2021/10/21;2000 UTC;0;981,3;981,7;981,3;561,3;32,8;16,3;34,5;32,8;16,4;15;37;32;37;84;3,1;,8;
2021/10/21;2100 UTC;0;981,7;981,7;981,3;62,9;29,4;18;32,8;29,4;18;15,4;50;35;50;90;2,9;0;
2021/10/21;2200 UTC;0;982,2;982,2;981,6;;27,4;18,6;29,4;27,4;19,2;17,9;59;50;59;112;,8;0;
2021/10/21;2300 UTC;0;983,2;983,2;982,2;;30,3;17,3;30,3;26,4;19,9;17,1;66;45;46;11;5,8;2,9;
2021/10/22;0000 UTC;0;984,5;984,5;983,2;;29;18,4;30,5;29;18,4;17,4;53;46;53;40;9,8;3,6;
2021/10/22;0100 UTC;0;985,2;985,2;984,4;;28,2;18,3;29;28,1;18,4;18,2;56;53;55;77;7,3;3,5;
2021/10/22;0200 UTC;0;985,2;985,2;985;;27,5;17,4;28,2;27,5;18,3;17,4;55;54;54;72;6,7;2,8;
2021/10/22;0300 UTC;0;984,7;985,3;984,7;;27,2;17;27,6;27,2;17,3;16,9;54;52;54;42;7;3,7;
2021/10/22;0400 UTC;0;984,5;984,8;984,4;;26,6;17,3;27,2;26,6;17,3;17;57;54;57;69;6,6;1,9;
2021/10/22;0500 UTC;0;984,2;984,5;984,1;;25,8;17,2;26,6;25,8;17,3;17,1;59;57;59;96;3,8;,5;
2021/10/22;0600 UTC;0;984;984,2;983,9;;25;17,6;25,8;25;17,6;17,2;63;59;63;55;3,4;,1;
2021/10/22;0700 UTC;0;984,3;984,4;984;;24,4;18,5;25;24,2;18,6;17,6;71;63;70;85;1,5;0;
2021/10/22;0800 UTC;0;985,1;985,1;984,3;;24,4;18,6;24,6;24;18,7;18,3;71;68;70;196;,9;0;
2021/10/22;0900 UTC;0;985,7;985,7;985;39;24,9;19,5;24,9;24,3;19,5;18,5;73;69;72;101;1,1;,3;
2021/10/22;1000 UTC;0;986,4;986,4;985,7;367,4;26,2;19,5;26,2;24,9;19,6;19,2;72;66;67;84;2,7;1,1;
2021/10/22;1100 UTC;0;986,9;986,9;986,4;707,6;27,1;19;27,1;26,2;19,7;18,9;67;61;61;94;5;2,7;
2021/10/22;1200 UTC;0;986,5;987,1;986,5;1621,6;29,4;18,5;29,4;27,1;19,3;18,4;62;52;52;63;5,5;2,7;
2021/10/22;1300 UTC;0;985,8;986,5;985,8;2898,9;31,4;17,4;31,9;29,1;18,7;16,6;52;42;43;114;7,3;3,9;
2021/10/22;1400 UTC;0;984,8;985,9;984,8;2754,6;31,8;16,8;32,1;30,2;17,7;16,3;46;40;41;113;7,3;3,3;
2021/10/22;1500 UTC;0;983,8;984,8;983,8;3124,8;33,5;16,2;33,9;31,6;17,5;15,9;41;35;36;96;6,1;2,3;
2021/10/22;1600 UTC;0;982,9;983,8;982,9;3719;34;15,5;34,6;32,7;16,8;15,4;37;33;33;141;6,3;1,7;
2021/10/22;1700 UTC;0;981,8;982,9;981,8;2471,5;34,9;15,4;35,2;33,1;16,8;15,1;37;31;31;165;6,2;1,6;
2021/10/22;1800 UTC;0;980,8;981,8;980,8;1389,3;34,1;15,7;35,6;34;16,1;15;34;31;33;83;4;1,4;
2021/10/22;1900 UTC;0;980,7;980,9;980,6;831;34;16,3;34,9;34;16,3;14,7;35;30;35;116;2,9;1,1;
2021/10/22;2000 UTC;0;980,7;980,7;980,5;786,4;34,4;15,5;35,2;34;17;14,4;37;29;32;99;2,3;,3;
2021/10/22;2100 UTC;0;980,9;980,9;980,7;82,3;30,3;18,9;34,4;30,3;18,9;15,1;51;32;51;94;1,4;0;
2021/10/22;2200 UTC;0;981,4;981,4;980,9;;28,3;19,7;30,3;28,3;19,7;18,1;60;50;60;127;1,2;0;
2021/10/22;2300 UTC;0;982;982;981,3;;29;16,7;29,1;27,5;19,6;16,7;61;47;47;297;3;1,7;
2021/10/23;0000 UTC;0;983,2;983,2;982;;29,9;17,9;29,9;26,8;19,3;16,4;63;47;49;46;7,1;3,3;
2021/10/23;0100 UTC;0;984,2;984,2;983,2;;28,5;18,5;30;28,5;18,5;17,5;54;47;54;56;8,7;3,8;
2021/10/23;0200 UTC;0;984,6;984,7;984,2;;27,8;19;28,5;27,8;19;18,5;59;55;59;58;8,6;3,3;
2021/10/23;0300 UTC;0;984,5;984,6;984,4;;27,3;19,1;27,8;27,3;19,2;19;61;59;61;37;6,5;3,1;
2021/10/23;0400 UTC;0;984,5;984,6;984,4;;26,9;18,9;27,3;26,9;19,1;18,9;62;61;62;44;6,5;2,8;
2021/10/23;0500 UTC;0;984;984,4;984;;26,6;19,1;26,9;26,6;19,1;18,8;64;61;64;42;6,2;2,4;
2021/10/23;0600 UTC;0;983,8;984;983,8;;26,4;19,6;26,6;26,4;19,6;19,1;66;64;66;57;5,7;2;
2021/10/23;0700 UTC;0;984,1;984,2;983,8;;26,5;19,7;26,5;26,4;19,8;19,6;67;66;66;63;4,3;1,5;
2021/10/23;0800 UTC;0;984,8;984,8;984,1;;25,7;20,3;26,5;25,4;20,4;19,7;73;66;72;59;5,7;,6;
2021/10/23;0900 UTC;0;985,7;985,7;984,8;40,7;25,8;20,2;25,8;25,5;20,4;20,2;73;71;71;11;2,5;,2;
2021/10/23;1000 UTC;0;986,3;986,3;985,7;630;27,9;19,6;28,1;25,8;20,3;19,6;71;61;61;50;2,4;,8;
2021/10/23;1100 UTC;0;986,8;986,8;986,3;971,1;28,5;17,9;28,5;27,3;19,8;17,6;61;52;53;103;7;3,9;
2021/10/23;1200 UTC;0;986,6;986,8;986,6;1661,3;29,5;17,9;29,7;28,4;18,4;17,5;53;49;50;99;6,5;3,4;
2021/10/23;1300 UTC;0;986,1;986,6;986,1;2653,4;32,1;17,2;32,2;29,5;18,2;16,9;51;41;41;90;8,4;3,9;
2021/10/23;1400 UTC;0;985,2;986,1;985,2;3336,3;33;15,2;33,5;31;17,3;15,2;44;34;34;97;8,4;2,7;
2021/10/23;1500 UTC;0;984,1;985,2;984,1;3684,5;34,7;15,5;34,9;32;16,5;14,6;39;31;32;102;8,2;2,8;
2021/10/23;1600 UTC;0;983,1;984,1;983,1;3197,7;34,7;15,2;35,2;34;15,7;14,4;33;29;31;88;7,4;2,3;
2021/10/23;1700 UTC;0;982,1;983,1;982,1;3247,2;35,7;14,5;35,9;34,7;15,9;14,2;32;28;28;76;6,2;2,2;
2021/10/23;1800 UTC;0;981,4;982,1;981,4;2496;36,1;15,3;36,6;34,9;15,5;13,7;30;27;29;17;6;1,8;
2021/10/23;1900 UTC;0;981;981,4;981;1719,5;35,7;14,3;36,3;35,4;15,5;13,9;29;27;28;123;5,8;2;
2021/10/23;2000 UTC;0;981;981,1;981;766,8;34,6;14,2;36,1;34,6;15;13,8;30;27;29;71;3,9;2;
2021/10/23;2100 UTC;0;981,3;981,3;981;63,5;31,4;16,4;34,6;31,4;16,4;14,1;41;29;41;77;3,2;,3;
2021/10/23;2200 UTC;0;981,9;981,9;981,3;;28,7;17,8;31,4;28,7;18,2;16,4;52;41;52;124;1,4;,9;
2021/10/23;2300 UTC;0;982,8;982,8;981,9;;27,5;17,8;28,7;27,5;18,1;17,3;56;51;55;102;1,3;,2;
2021/10/24;0000 UTC;0;984,3;984,3;982,8;;30,1;18;30,1;26,8;18,4;16,5;60;46;48;40;9,3;4;
2021/10/24;0100 UTC;0;985,5;985,5;984,3;;28,8;18,9;30,2;28,8;18,9;18,1;55;48;55;68;10;2,7;
2021/10/24;0200 UTC;0;985,5;985,6;985,4;;27,7;19;28,8;27,7;19,2;18,9;59;55;59;56;8,1;3,6;
2021/10/24;0300 UTC;0;985,7;985,7;985,5;;26,8;19,3;27,7;26,8;19,3;19;64;59;64;41;8;3,2;
2021/10/24;0400 UTC;0;985,5;985,7;985,4;;26,3;19,5;26,8;26,3;19,5;19,3;66;64;66;45;7,1;2,6;
2021/10/24;0500 UTC;0;985,4;985,5;985,3;;26,1;19,6;26,4;26,1;19,6;19,5;67;66;67;46;5,5;1,4;
2021/10/24;0600 UTC;0;985,1;985,5;985,1;;25,5;19,7;26,1;25,5;19,7;19,6;70;67;70;46;3,3;,1;
2021/10/24;0700 UTC;0;985,2;985,2;985,1;;25,2;20,6;25,8;25,2;20,6;19,7;76;70;76;93;4,6;2,4;
2021/10/24;0800 UTC;0;985,5;985,5;985,2;;24,5;20,3;25,4;24,5;20,7;20,3;78;74;78;138;3,8;0;
2021/10/24;0900 UTC;0;985,8;985,9;985,5;28,8;25,4;20,8;25,4;24,3;20,9;20,3;80;76;76;96;1,9;,5;
2021/10/24;1000 UTC;0;986,3;986,3;985,9;589,2;27,7;19;28;25,4;20,8;18,8;76;58;59;76;3,5;2,1;
2021/10/24;1100 UTC;0;986,9;987;986,3;866,2;28;18,5;28,2;27,5;19;18,3;59;56;57;87;4,7;2;
2021/10/24;1200 UTC;0;987,1;987,1;986,9;1139,3;28,9;18,6;29,3;27,9;18,9;18,2;57;52;54;89;7;2,6;
2021/10/24;1300 UTC;0;986,9;987,1;986,9;2082,5;31,7;18,9;31,7;28,8;19,1;17,8;54;46;47;113;7,1;1,5;
2021/10/24;1400 UTC;0;986,3;986,9;986,3;3375,1;32,3;17,1;33,1;30,8;18,5;16,9;47;39;40;89;7,3;2,3;
2021/10/24;1500 UTC;0;985,3;986,3;985,3;3570,7;33,7;15,7;34,8;32,3;18,1;15,4;42;33;34;95;8;3,1;
2021/10/24;1600 UTC;0;984,3;985,3;984,3;3522,1;34,8;15,7;35,6;33,7;16,7;15,1;35;31;32;77;8;3,3;
2021/10/24;1700 UTC;0;983,4;984,3;983,4;3165,4;34,9;14,7;36,2;34,6;16,5;14,6;33;29;30;89;7,2;4,1;
2021/10/24;1800 UTC;0;982,9;983,5;982,9;2655,7;36,5;14,7;36,5;34,9;15;13,7;30;26;27;77;7,2;2,8;
2021/10/24;1900 UTC;0;982,5;982,9;982,5;1779,6;36;13,2;36,7;36;14,5;12,8;27;24;26;85;6,7;3;
2021/10/24;2000 UTC;0;982,8;982,8;982,5;850;34,6;13,6;36,3;34,6;13,7;13;28;25;28;118;8,3;5;
2021/10/24;2100 UTC;0;983,3;983,3;982,8;67,9;32,4;14,2;34,6;32,4;14,2;13,6;33;28;33;99;8,2;1,6;
2021/10/24;2200 UTC;0;984;984,1;983,3;;29,1;16,5;32,4;29,1;16,7;14,3;47;33;47;90;2,3;0;
2021/10/24;2300 UTC;0;984,7;984,7;984;;27,6;17;29,1;27,6;17,4;16,5;53;46;53;107;0;0;
2021/10/25;0000 UTC;0;985,7;985,7;984,7;;29,7;16,6;29,8;26,5;18,2;15,7;60;43;45;52;6,4;2,4;
2021/10/25;0100 UTC;0;986,5;986,6;985,7;;28,8;18,4;30;28,8;18,4;16,7;53;45;53;73;7,3;1,1;
2021/10/25;0200 UTC;0;986,7;986,9;986,5;;27,5;18,6;28,8;27,5;18,6;18,4;59;53;59;50;6,6;0;
2021/10/25;0300 UTC;0;986,4;986,7;986,4;;26,1;18,9;27,5;26,1;18,9;18,6;65;59;65;79;0;0;
2021/10/25;0400 UTC;0;986,4;986,5;986,3;;25,1;18,9;26,1;25,1;19,1;18,8;69;65;69;59;0;0;
2021/10/25;0500 UTC;0;986,2;986,4;986,2;;24,4;19,2;25,1;24,4;19,2;18,7;73;69;73;66;0;0;
2021/10/25;0600 UTC;0;986,4;986,4;986,2;;22,9;19;24,4;22,8;19,3;18,7;79;73;79;83;0;0;
2021/10/25;0700 UTC;0;986,8;986,8;986,4;;24,9;19,7;24,9;22,9;19,8;19,1;79;73;73;107;0;0;
2021/10/25;0800 UTC;0;987,7;987,7;986,8;;25,3;18,2;25,4;24,9;19,6;18,2;73;65;65;115;6,4;2,1;
2021/10/25;0900 UTC;0;988,3;988,3;987,7;90,9;24,7;17,5;25,3;24,6;18,2;17,4;65;64;64;124;6,9;1,9;
2021/10/25;1000 UTC;0;988,4;988,5;988,3;819,3;26,1;17,5;26,2;24,7;17,8;17,4;64;59;59;98;7,2;3,8;
2021/10/25;1100 UTC;0;988,8;988,9;988,4;1424,3;27,7;17;27,9;26,1;17,9;17;59;52;52;113;8,1;4,1;
2021/10/25;1200 UTC;0;989;989,2;988,8;2618,6;29,9;16,9;30,1;27,7;17,4;16,4;53;45;46;88;6,6;,4;
2021/10/25;1300 UTC;0;988,5;989;988,4;3230;31,5;15,9;31,7;29,8;17,2;15,4;46;38;39;137;9,2;1,4;
2021/10/25;1400 UTC;0;987,6;988,5;987,6;3604,6;33,2;15,9;34,2;31,5;16,8;14,7;39;32;35;141;9,2;3,6;
2021/10/25;1500 UTC;0;986,3;987,6;986,3;3640,5;35,2;13,7;35,4;33,2;16,1;13,7;35;27;28;138;8,4;2,9;
2021/10/25;1600 UTC;0;984,7;986,3;984,7;3723,6;36,3;12,8;37,1;35;14,3;11,9;29;24;24;128;10,3;4,8;
2021/10/25;1700 UTC;0;983,4;984,6;983,3;3133,7;37,1;12;38,1;35,8;13,9;11,7;26;21;22;112;8,3;3,6;
2021/10/25;1800 UTC;0;982,4;983,4;982,4;1816,4;37,7;12,9;37,8;35,6;13,4;11,5;26;21;23;66;8;1,9;
2021/10/25;1900 UTC;0;982,1;982,4;982,1;1354,6;35,4;12,6;38,3;35,3;13,5;11,9;26;21;25;53;9,5;3,1;
2021/10/25;2000 UTC;0;982,3;982,4;982,1;763,7;35,5;11,5;36,9;35,4;12,8;10,6;26;21;24;88;6,7;1,5;
2021/10/25;2100 UTC;0;982,5;982,5;982,2;52,2;31,3;11,5;35,5;31,1;13,2;10,4;33;22;30;109;3,4;1,6;
2021/10/25;2200 UTC;0;983;983;982,5;;27,5;13,3;31,3;27,5;14,9;11,9;43;30;42;109;2,7;1,4;
2021/10/25;2300 UTC;0;983,5;983,5;983;;26,5;14,1;27,5;26,3;15,1;13;50;42;47;103;3,1;1,5;
2021/10/26;0000 UTC;0;984,5;984,5;983,5;;30,7;6,7;30,8;26,5;13,9;6,7;46;22;22;118;4;2,7;
2021/10/26;0100 UTC;0;985,7;985,7;984,5;;30,3;11,1;32,7;30,2;11,4;6,7;31;21;31;83;9,4;0;
2021/10/26;0200 UTC;0;986;986,1;985,7;;29,5;13,6;30,4;29,2;13,6;9,9;38;29;38;105;6,2;3,6;
2021/10/26;0300 UTC;0;986,1;986,1;985,9;;27,6;15,3;29,5;27,6;15,3;13,7;47;38;47;103;7,9;2,4;
2021/10/26;0400 UTC;0;986,4;986,5;986;;27;16,1;27,9;27;16,1;15,4;52;47;52;107;7,7;3,9;
2021/10/26;0500 UTC;0;986,4;986,5;986,4;;26,2;15,6;27;26,2;16,4;15,6;54;52;52;112;9,3;5,2;
2021/10/26;0600 UTC;0;986,5;986,6;986,3;;25,4;15,8;26,2;25,4;15,8;15,6;55;52;55;121;9,3;2,7;
2021/10/26;0700 UTC;0;986,8;986,8;986,4;;24,6;15,7;25,5;24,6;15,9;15,7;58;55;58;120;6,1;2,5;
2021/10/26;0800 UTC;0;987,5;987,6;986,8;;22,4;15,8;24,6;22,4;16;15,7;66;58;66;105;4,7;0;
2021/10/26;0900 UTC;0;987,9;987,9;987,5;99,8;23,3;16,4;23,3;22;16,4;15,9;70;64;65;91;2,5;0;
2021/10/26;1000 UTC;0;988,4;988,4;987,9;837;26,8;15,8;26,9;23,3;16,7;15,7;65;51;51;103;4,8;,8;
2021/10/26;1100 UTC;0;988,8;988,8;988,4;1841,1;28,6;15,6;28,7;26,3;16;14,8;52;45;45;136;6,3;1,8;
2021/10/26;1200 UTC;0;988,9;989;988,8;2147,3;28,6;15,5;29;27,5;15,8;14,5;47;42;45;94;5,8;2,5;
2021/10/26;1300 UTC;0;988,6;989;988,6;2941,2;29,6;14;30,8;27,9;15,9;13,9;45;37;39;97;6,4;3,1;
2021/10/26;1400 UTC;0;987,6;988,6;987,6;3310,4;32,2;13,5;32,5;29,5;15,3;12,9;41;32;32;124;7,5;3,5;
2021/10/26;1500 UTC;0;986,5;987,6;986,5;3358,7;33,1;11,8;33,4;31,8;14,2;11,7;33;27;27;120;8;2,8;
2021/10/26;1600 UTC;0;984,9;986,5;984,9;3496,4;36;12,4;36,1;33,1;13,1;10,8;28;24;24;145;11;1,5;
2021/10/26;1700 UTC;0;983,6;984,9;983,6;3202,8;35,8;10,8;36;34,2;12,3;9,9;26;21;22;136;9,4;2,8;
2021/10/26;1800 UTC;0;982,7;983,6;982,7;2106,1;34,8;10,5;36,9;34,8;11,4;9,5;24;20;23;91;8;3;
2021/10/26;1900 UTC;0;982,3;982,7;982,3;1168,9;34,4;9,1;35,9;34,4;11,3;8,9;24;20;21;115;7,8;4,4;
2021/10/26;2000 UTC;0;982,4;982,4;982,1;613,5;33,8;11,3;35,6;33,8;11,6;8,5;26;20;25;54;7,8;1,8;
2021/10/26;2100 UTC;0;982,6;982,6;982,4;60,5;28,5;14;33,8;28,5;14,2;11,6;41;25;41;76;3,9;,2;
2021/10/26;2200 UTC;0;983,2;983,2;982,6;;26,2;15,5;28,5;26,2;16,5;14,2;54;41;52;132;1,6;0;
2021/10/26;2300 UTC;0;983,9;983,9;983,2;;25,5;15,4;26,2;25,4;17;15,4;58;52;54;124;1,9;,6;
2021/10/27;0000 UTC;0;984,8;984,8;983,9;;31,9;12,4;32,5;25,5;15,4;9,5;53;25;30;128;8,7;4,8;
2021/10/27;0100 UTC;0;985,4;985,4;984,8;;29,7;15,6;31,9;29,7;15,6;12,4;42;30;42;106;8,2;4,1;
2021/10/27;0200 UTC;0;985,5;985,7;985,4;;28,6;15,7;29,7;28,6;15,8;15,6;46;42;46;110;8,2;3,8;
2021/10/27;0300 UTC;0;985,5;985,6;985,5;;27,5;16;28,7;27,4;16;15,6;50;45;50;108;7,6;2,6;
2021/10/27;0400 UTC;0;985,8;985,9;985,5;;26;17,3;27,5;26;17,3;16;59;50;59;98;6,3;3,3;
2021/10/27;0500 UTC;0;985,5;985,8;985,5;;25,1;17;26;25,1;17,4;17;61;59;61;105;6,5;2,4;
2021/10/27;0600 UTC;0;985,7;985,7;985,5;;25;16,3;25,1;24,8;17;16,3;61;59;59;102;5;1,8;
2021/10/27;0700 UTC;0;986,3;986,4;985,7;;24,7;16,3;25;24,6;16,4;16,1;60;58;60;101;3,8;1,4;
2021/10/27;0800 UTC;0;987;987;986,3;;23;16,3;24,8;23;16,6;16,2;66;59;66;114;3,3;,1;
2021/10/27;0900 UTC;0;987,6;987,6;987;107,4;25;16,4;25;22,4;16,9;16,2;71;59;59;168;1,6;0;
2021/10/27;1000 UTC;0;988;988;987,5;877,7;26,9;15,8;27;25;16,7;15,8;59;51;51;153;7,5;2,4;
2021/10/27;1100 UTC;0;988,2;988,2;987,9;1852,3;28,3;14,6;28,4;26,7;15,9;14,4;51;43;43;122;8,4;4,2;
2021/10/27;1200 UTC;0;988,3;988,4;988,1;2592,5;29,4;14,3;29,7;28;14,9;13,9;44;39;40;146;10,9;4,9;
2021/10/27;1300 UTC;0;987,9;988,3;987,8;3194;31;13,3;31,7;29,1;14,8;13,3;40;33;34;142;10,9;4,3;
2021/10/27;1400 UTC;0;987,1;987,9;987;3528,5;31,9;13;33;30,9;14,2;12,5;35;30;32;132;9,9;2,7;
2021/10/27;1500 UTC;0;985,8;987,1;985,8;3812,7;34;11,9;34,6;31,8;14;11,7;32;26;26;146;9,3;2,7;
2021/10/27;1600 UTC;0;984,3;985,8;984,3;3175,8;35,4;10,2;36;33,8;12,8;10;27;21;22;137;9,1;3;
2021/10/27;1700 UTC;0;983,4;984,3;983,3;3287,7;36,5;8,4;36,8;34,8;10,9;7,4;23;17;18;109;8;2,4;
2021/10/27;1800 UTC;0;982,8;983,4;982,7;2230,9;35,3;11;37;35,3;11;8,4;23;18;23;121;8;3,1;
2021/10/27;1900 UTC;0;982,7;982,9;982,6;1365,5;35,3;10,7;36,1;34,6;12;10,1;24;21;22;90;8,7;3,6;
2021/10/27;2000 UTC;0;983,2;983,2;982,7;553,5;34,3;10;35,4;34,1;11,8;9,6;25;21;23;121;6,8;2,3;
2021/10/27;2100 UTC;0;983,8;983,8;983,2;46,1;31,8;11,3;34,3;31,8;11,4;8,9;29;22;29;107;5,6;1,9;
2021/10/27;2200 UTC;0;984,4;984,4;983,8;;29;13;31,7;29;13,6;11,4;38;29;38;124;2,8;0;
2021/10/27;2300 UTC;0;985,3;985,3;984,4;;28,1;16;29;27,8;16,1;13,3;49;38;48;117;0;0;
2021/10/28;0000 UTC;0;986,2;986,2;985,3;;32,5;11,9;32,6;28,1;17,2;11,6;52;28;29;128;8;4,6;
2021/10/28;0100 UTC;0;986,6;986,6;986,2;;31,6;12,8;32,5;31,5;12,8;12;32;29;32;134;7,7;1,1;
2021/10/28;0200 UTC;0;986,9;986,9;986,6;;30;15,5;31,6;30;15,5;12,8;42;32;42;147;10,9;2,4;
2021/10/28;0300 UTC;0;986,9;986,9;986,7;;28,7;15,8;30;28,7;15,9;15,5;45;42;45;136;8,5;4;
2021/10/28;0400 UTC;0;986,6;986,9;986,6;;27,7;16;28,8;27,6;16;15,8;49;45;49;131;8,6;3,2;
2021/10/28;0500 UTC;0;986,7;986,7;986,6;;27,2;15,4;27,7;27,1;16,1;15,4;50;48;48;121;9;5;
2021/10/28;0600 UTC;0;986,6;986,8;986,6;;26,3;15,6;27,2;26,3;15,8;15,4;52;48;52;136;9;3,4;
2021/10/28;0700 UTC;0;987;987,1;986,6;;25,5;15,4;26,3;25,4;15,6;15,4;55;52;54;132;6;3,2;
2021/10/28;0800 UTC;0;987,4;987,4;987;;24,8;15,7;25,6;24,7;15,7;15,4;57;54;57;132;6,1;0;
2021/10/28;0900 UTC;0;988,2;988,2;987,4;108,7;25,4;16;25,4;24,4;16,1;15,6;59;56;56;143;3,4;1,2;
2021/10/28;1000 UTC;0;988,7;988,7;988,2;869,1;27,1;16,1;27,1;25,4;16,1;15,6;56;51;51;130;6,7;3,4;
2021/10/28;1100 UTC;0;988,8;988,9;988,6;1802,2;28,8;15,7;28,8;26,8;16,1;14,9;51;45;45;127;7;2;
2021/10/28;1200 UTC;0;988,8;988,8;988,7;2651,9;30;14,6;30;28,3;16,1;14,2;46;39;39;133;6,7;3,6;
2021/10/28;1300 UTC;0;988,1;988,8;988,1;3285,1;31,5;13,3;32,3;29,9;14,8;13,3;39;33;33;138;7,3;3,9;
2021/10/28;1400 UTC;0;987,2;988,1;987,2;3668;33,4;12,6;33,9;31,5;14,1;11,9;34;28;28;167;7,6;2,8;
2021/10/28;1500 UTC;0;985,9;987,3;985,9;3902,2;35,7;10,5;35,9;33,5;13,4;9,3;29;21;22;141;10,5;2,3;
2021/10/28;1600 UTC;0;984,6;985,9;984,6;3754,6;36,6;7,5;36,7;34,9;9,9;5,9;22;16;17;236;7,5;2,1;
2021/10/28;1700 UTC;0;983,4;984,6;983,4;3275,9;36,7;4,8;37,3;36,1;6,8;4,6;17;14;14;167;8,9;0;
2021/10/28;1800 UTC;0;982,6;983,4;982,6;2621,8;37,1;6,2;37,7;36,2;6,2;4,4;15;14;15;163;8,2;2;
2021/10/28;1900 UTC;0;982,2;982,7;982,2;1784,5;36,9;6,3;37,9;36,3;6,4;4,8;15;14;15;141;7,4;1;
2021/10/28;2000 UTC;0;982,4;982,4;982,1;864,3;35;8,8;37,3;34,9;9,4;6,4;21;15;20;103;7,4;3,5;
2021/10/28;2100 UTC;0;983,1;983,1;982,4;67,1;33,3;9,6;35,1;33,3;9,7;8,3;23;20;23;102;7,4;2,2;
2021/10/28;2200 UTC;0;983,7;983,7;983,1;;33;10,6;33,3;33;10,6;9,7;25;23;25;104;4,6;2,4;
2021/10/28;2300 UTC;0;984,2;984,2;983,7;;32,4;10,6;33;32,4;10,6;10,3;26;25;26;108;4,5;,8;
2021/10/29;0000 UTC;0;985;985;984,2;;32,8;10,9;33;32,4;10,9;10,4;26;25;26;128;8,1;1,2;
2021/10/29;0100 UTC;0;985,6;985,6;985;;31,6;13,9;32,8;31,6;13,9;10,8;34;26;34;162;8,1;5;
2021/10/29;0200 UTC;0;985,9;985,9;985,6;;30,4;14,7;31,6;30,3;14,7;14;39;34;39;152;8,1;0;
2021/10/29;0300 UTC;0;985,6;985,9;985,6;;29,7;14,2;30,4;29,5;15;14,2;41;39;39;140;7,6;3,9;
2021/10/29;0400 UTC;0;985,6;985,7;985,6;;28,4;14,5;29,8;28,4;14,5;14,1;43;39;43;131;9,8;0;
2021/10/29;0500 UTC;0;985,8;985,8;985,6;;27,5;14,9;28,4;27,5;15,1;14,5;47;43;46;127;6,2;3,7;
2021/10/29;0600 UTC;0;985,8;985,8;985,7;;26,6;14,1;27,5;26,4;14,9;14,1;47;46;46;129;6,4;3;
2021/10/29;0700 UTC;0;986,2;986,2;985,8;;25,9;13,4;26,6;25,9;14,1;13,4;48;46;46;138;6,3;3,3;
2021/10/29;0800 UTC;0;986,8;986,8;986,2;;25,2;14,3;25,9;25,1;14,3;13,5;51;46;51;143;5,2;2,4;
2021/10/29;0900 UTC;0;987,3;987,3;986,8;109,5;25,4;14,8;25,4;24,8;14,8;14,3;53;51;52;153;5,5;1,2;
2021/10/29;1000 UTC;0;987,7;987,7;987,3;877,9;26,9;14,5;27;25,4;15;14,5;52;47;47;147;6,4;3,5;
2021/10/29;1100 UTC;0;987,9;987,9;987,6;1839,4;28,4;14,1;28,6;26,7;14,8;13,6;47;41;42;159;7,1;2,9;
2021/10/29;1200 UTC;0;987,8;988;987,8;2660,3;30,5;13,8;30,5;28;14,4;12,9;42;35;36;123;7,5;2,5;
2021/10/29;1300 UTC;0;987,4;987,8;987,4;3279,2;31,7;11,5;32,1;29,7;13,9;11,5;37;29;29;179;8,3;3,1;
2021/10/29;1400 UTC;0;986,3;987,4;986,3;3649,2;33,5;11,7;33,8;31,5;12,6;10,7;30;26;26;139;7,1;2,2;
2021/10/29;1500 UTC;0;984,8;986,3;984,7;3752,1;35,1;11,1;35,4;32,8;12,3;10,4;28;23;23;186;8;3,2;
2021/10/29;1600 UTC;0;983,3;984,8;983,3;3584,2;35,8;10,1;36,7;34,3;11,8;9,8;25;20;21;121;7,3;2,3;
2021/10/29;1700 UTC;0;982;983,3;982;2519,2;36,5;8,4;37,1;34,6;10,6;7,8;22;17;18;207;6,3;2,6;
2021/10/29;1800 UTC;0;981,5;982;981,5;2982,6;37,3;8,5;38;36,3;9,8;8,1;20;17;17;226;5,7;2,9;
2021/10/29;1900 UTC;0;981,3;981,6;981,3;1818,6;36,6;9,5;38;36,1;10,3;8,2;20;17;19;202;5,8;3,1;
2021/10/29;2000 UTC;0;981,6;981,6;981,3;560,5;35,3;10,5;36,8;35,3;10,5;9;22;19;22;172;6,5;2,8;
2021/10/29;2100 UTC;0;982,2;982,2;981,6;41,4;33,9;11,1;35,3;33,9;11,2;10,5;25;22;25;172;6,9;3;
2021/10/29;2200 UTC;0;983;983;982,2;;32,8;12,2;33,9;32,7;12,3;11,2;29;25;29;189;5,1;2;
2021/10/29;2300 UTC;0;983,4;983,4;983;;32,2;12,1;32,8;32,2;12,2;11,8;29;28;29;182;5,2;2,7;
2021/10/30;0000 UTC;0;984,3;984,3;983,4;;31,4;14,2;32,4;31,3;14,3;12,2;36;29;35;190;8,2;4,1;
2021/10/30;0100 UTC;0;984,8;984,8;984,4;;30,2;15,6;31,4;30,2;15,6;14,2;41;35;41;200;7;4;
2021/10/30;0200 UTC;0;985,3;985,3;984,8;;29,5;16,2;30,2;29,3;16,2;15,6;45;41;45;109;8,5;2,3;
2021/10/30;0300 UTC;0;985;985,4;985;;28,5;16,8;29,7;28,5;16,8;16,2;49;44;49;140;7,1;3,6;
2021/10/30;0400 UTC;0;985,3;985,3;985;;26,8;18,7;28,5;26,8;18,7;16,6;61;49;61;110;7,2;3,9;
2021/10/30;0500 UTC;0;985,2;985,3;985;;25,4;19,5;26,8;25,4;19,5;18,8;70;61;70;98;7,4;1,8;
2021/10/30;0600 UTC;0;984,9;985,2;984,8;;24,7;19,5;25,4;24,7;19,5;19,4;73;70;73;102;4,7;0;
2021/10/30;0700 UTC;0;985,3;985,3;984,9;;24,7;19,4;24,7;24,4;19,5;19,3;74;73;73;89;0;0;
2021/10/30;0800 UTC;0;985,4;985,4;985,2;;24,2;19,4;24,8;24,2;19,6;19,4;75;73;75;84;0;0;
2021/10/30;0900 UTC;0;985,9;985,9;985,3;26,1;24,8;19,4;24,9;24,2;19,5;19,4;75;72;72;70;0;0;
2021/10/30;1000 UTC;0;986,6;986,6;985,9;129;24,9;19,6;25,1;24,8;19,7;19,3;73;71;72;29;0;0;
2021/10/30;1100 UTC;0;986,9;986,9;986,6;789,6;27,6;16,1;27,6;24,9;19,8;16,1;72;50;50;140;0;0;
2021/10/30;1200 UTC;0;986,8;986,9;986,8;2552,5;30,4;15,2;30,4;27,6;16,1;14,2;50;39;40;99;5,8;3;
2021/10/30;1300 UTC;0;986,4;986,9;986,4;3293,1;31,5;13,6;31,8;30,1;15;13,2;40;34;34;223;5,8;,2;
2021/10/30;1400 UTC;0;985,4;986,4;985,4;3589;32,6;13,8;33;31,1;14,4;13,2;35;31;32;359;5,9;0;
2021/10/30;1500 UTC;0;984,1;985,4;984,1;3595,6;34,5;13,9;34,8;32,1;14,6;13;32;29;29;100;0;0;
2021/10/30;1600 UTC;0;982,7;984,1;982,7;3162,5;35,1;13;35,2;33,3;14;12,7;31;26;26;49;0;0;
2021/10/30;1700 UTC;0;981,8;982,7;981,8;3583,3;36,3;11,2;36,8;34,9;13,2;11,2;27;22;22;259;0;0;
2021/10/30;1800 UTC;0;981,4;981,8;981,4;2635;36,2;12;37,3;35,6;12,7;11,1;24;22;23;154;3,6;0;
2021/10/30;1900 UTC;0;981,3;981,4;981,2;1487,3;35,5;11,9;36,9;35,2;13;11,5;25;23;24;356;0;0;
2021/10/30;2000 UTC;0;981,7;981,7;981,2;343,3;33,8;13,4;35,6;33,4;15,2;11,7;33;24;29;64;0;0;
2021/10/30;2100 UTC;0;982;982;981,7;47,5;30,7;17,6;33,8;30,7;18;13,4;46;29;45;93;0;0;
2021/10/30;2200 UTC;0;982,5;982,5;982;;29,1;18,1;30,7;29,1;18,4;16,5;52;45;52;128;0;0;
2021/10/30;2300 UTC;0;983,3;983,3;982,5;;27;17,4;29,1;27;18,1;16,3;56;47;55;212;0;0;
2021/10/31;0000 UTC;0;984,2;984,2;983,3;;29,1;14,1;30,3;26,9;18,7;13,3;60;36;40;198;0;0;
2021/10/31;0100 UTC;0;984,9;984,9;984,2;;26,5;17,2;29,7;26,5;17,2;13,3;57;37;57;188;0;0;
2021/10/31;0200 UTC;0;985,5;985,7;984,9;;29;17,3;29,1;25,6;17,5;15,2;60;44;49;62;7,9;3,2;
2021/10/31;0300 UTC;0;985,3;985,7;985,2;;27,7;18,3;29;27,7;18,3;17,3;57;49;57;53;7,9;2,8;
2021/10/31;0400 UTC;0;985,3;985,4;985,3;;26,8;18,7;27,7;26,8;18,7;18,3;61;57;61;44;5,8;1,4;
2021/10/31;0500 UTC;0;984,9;985,3;984,9;;26,2;18,9;26,8;25,8;19;18,7;66;61;64;76;4,4;0;
2021/10/31;0600 UTC;0;985,1;985,2;984,9;;26,4;17,7;26,4;25,8;19,1;17,7;67;59;59;92;5,5;1,1;
2021/10/31;0700 UTC;0;985,5;985,5;985,1;;26,2;16,3;26,5;26,2;17,7;16,2;59;54;54;94;7,3;3,4;
2021/10/31;0800 UTC;0;986,3;986,3;985,4;;25,2;15,8;26,2;25,2;16,3;15,5;56;53;56;100;7,3;0;
2021/10/31;0900 UTC;0;986,9;986,9;986,3;107,4;25,3;16,6;25,3;24,5;16,6;15,8;60;56;59;111;0;0;
2021/10/31;1000 UTC;0;987,3;987,3;986,9;807,2;27;16,4;27;25,3;16,9;16,2;59;52;53;103;5,9;,4;
2021/10/31;1100 UTC;0;987,6;987,6;987,3;1738,8;28,8;16,1;28,9;27;16,7;15,6;53;46;46;101;6,6;,4;
2021/10/31;1200 UTC;0;987,6;987,9;987,6;2560,6;30,6;15,3;31;28,5;16,3;14,8;47;38;40;119;6,9;,6;
2021/10/31;1300 UTC;0;987,2;987,6;987,2;3173;32;14,8;32,2;29,9;15,7;14,1;41;35;35;116;6,4;0;
2021/10/31;1400 UTC;0;986,2;987,2;986,2;3596,1;33;13,7;33,7;31,5;15,1;13,7;37;31;31;74;6,2;0;
2021/10/31;1500 UTC;0;985,2;986,2;985,2;3360;33,8;13,1;34,7;32,3;14,7;13,1;34;29;29;33;5,1;,6;
2021/10/31;1600 UTC;0;983,8;985,1;983,8;2188;34,7;13,8;35,2;33,2;14,5;12,8;30;27;28;65;4,5;0;
2021/10/31;1700 UTC;0;983;983,8;983;2660,2;35,5;12,9;36,3;34;14,5;12,5;31;25;26;33;0;0;
2021/10/31;1800 UTC;0;982,4;983;982,4;2750,2;36,6;13,3;36,8;35,5;13,6;12,2;27;24;25;100;5,1;0;
2021/10/31;1900 UTC;0;982;982,4;982;1687,7;36,1;12,4;36,6;35,6;13,4;11,9;26;24;24;37;0;0;
2021/10/31;2000 UTC;0;981,9;982,1;981,8;746,4;35,1;13,3;36,3;35,1;13,6;11,7;27;23;27;60;0;0;
2021/10/31;2100 UTC;0;982,4;982,4;981,9;67,6;30,7;17,2;35,1;30,7;18;12,2;46;25;44;94;0;0;
2021/10/31;2200 UTC;0;982,9;982,9;982,4;;28,9;18,4;30,7;28,9;19;16,7;54;44;53;114;0;0;
2021/10/31;2300 UTC;0;983,6;983,6;982,9;;27,8;17;28,9;27,8;18,6;16,6;54;50;52;112;0;0;
2021/11/01;0000 UTC;0;985,2;985,2;983,6;;30,2;18,5;30,6;27,2;18,5;15,5;54;43;50;31;9,6;4,4;
2021/11/01;0100 UTC;0;986,3;986,3;985,2;;28,6;19,5;30,2;28,6;19,5;18,6;58;50;58;54;9,6;2,7;
2021/11/01;0200 UTC;0;986,4;986,5;986,2;;27,8;19,7;28,6;27,8;19,8;19,5;61;58;61;42;11,2;1,9;
2021/11/01;0300 UTC;0;985,7;986,3;985,7;;27,2;19,7;27,9;27,2;19,7;19,6;64;61;64;51;7,5;1,1;
2021/11/01;0400 UTC;0;985,6;985,8;985,6;;26,9;19,9;27,2;26,9;19,9;19,7;66;64;66;79;7,4;0;
2021/11/01;0500 UTC;0;985,5;985,8;985,4;;27;17,3;27,1;26,4;20,3;17,3;69;56;56;99;9,3;3;
2021/11/01;0600 UTC;0;985,6;985,7;985,4;;26,5;17,2;27;26,5;17,3;17,2;57;55;57;108;9,8;3,7;
2021/11/01;0700 UTC;0;985,7;985,7;985,6;;25,8;16,9;26,5;25,8;17,2;16,9;58;57;58;101;8,5;3,7;
2021/11/01;0800 UTC;0;986,1;986,1;985,7;;24,4;17,2;25,8;24,4;17,2;16,9;64;58;64;99;6,7;1,3;
2021/11/01;0900 UTC;0;986,6;986,6;986,1;102,8;25,3;17,7;25,3;23,7;17,7;17,2;68;63;63;109;2,6;0;
2021/11/01;1000 UTC;0;987,3;987,3;986,6;838,9;26,8;17;26,9;25,3;17,6;16,8;63;55;55;109;6,4;4,1;
2021/11/01;1100 UTC;0;987,5;987,5;987,3;1775,9;28,1;16,6;28,4;26,6;17,4;16,5;55;49;50;89;8,4;5,3;
2021/11/01;1200 UTC;0;987,1;987,5;987,1;2594,8;30;16,4;30;28,2;17,1;16;50;44;44;108;8,5;4,3;
2021/11/01;1300 UTC;0;986,7;987,1;986,7;3216,5;31,6;15,9;31,9;29,8;16,7;15,7;45;38;39;84;9,3;3,7;
2021/11/01;1400 UTC;0;985,8;986,7;985,8;3632,8;33,5;15,6;33,5;31,2;16,4;14,9;40;34;34;91;8,7;3,2;
2021/11/01;1500 UTC;0;984,7;985,8;984,7;3759,4;35;15,3;35;33;15,9;14,6;34;31;31;94;8,2;3,3;
2021/11/01;1600 UTC;0;983,3;984,7;983,3;3855,3;35,7;14,9;36,1;34,2;15,5;13,8;32;28;29;91;7,5;2,8;
2021/11/01;1700 UTC;0;982,3;983,3;982,3;2722,4;35,8;13,7;36,3;34,4;15,2;13,6;31;27;27;106;6,3;3;
2021/11/01;1800 UTC;0;981,6;982,3;981,6;2742,6;35,7;14,3;36,5;35,4;14,6;13,3;28;26;28;43;8,1;2,7;
2021/11/01;1900 UTC;0;981,4;981,6;981,4;1719,6;35,8;13,7;35,9;35,4;14,5;13,2;29;26;27;81;8;2,4;
2021/11/01;2000 UTC;0;981,3;981,4;981,2;699,2;34,2;14,3;35,8;34,2;15;13,6;31;27;30;82;5,5;2,1;
2021/11/01;2100 UTC;0;981,8;981,8;981,2;71,9;31,8;14,3;34,2;31,8;14,4;13,8;35;30;35;78;4,4;1,2;
2021/11/01;2200 UTC;0;982,4;982,4;981,7;;30,8;15,1;31,8;30,8;15,3;14,3;39;35;39;97;3,5;,9;
2021/11/01;2300 UTC;0;983,4;983,4;982,4;;29;16,3;30,7;28,3;17,2;15,1;51;39;46;69;5,3;,7;
2021/11/02;0000 UTC;0;984,8;984,8;983,4;;29,7;18,8;30,9;29;18,8;16,3;52;43;52;69;9,8;3,9;
2021/11/02;0100 UTC;0;985,7;985,7;984,8;;28,9;18,3;29,7;28,9;18,8;18,2;53;52;53;44;9,6;4,7;
2021/11/02;0200 UTC;0;985,6;985,9;985,6;;28;17,4;28,9;28;18,1;17,4;53;52;52;50;9,6;3,8;
2021/11/02;0300 UTC;0;985,5;985,6;985,5;;27,6;17,5;28;27,6;17,5;17,3;54;52;54;54;7,4;2,9;
2021/11/02;0400 UTC;0;985,2;985,5;985;;27,3;17,6;27,6;27,3;17,6;17,4;56;54;56;76;6,5;1,5;
2021/11/02;0500 UTC;0;985,1;985,2;985,1;;27,3;16,5;27,6;27,3;17,8;16,5;56;52;52;100;8,2;4,9;
2021/11/02;0600 UTC;0;985,2;985,4;985,1;;26,2;16,7;27,3;26,2;16,7;16,2;56;51;56;103;9,1;4,2;
2021/11/02;0700 UTC;0;985,3;985,3;985,1;;25,5;17;26,1;25,5;17;16,7;59;56;59;90;9,1;3,3;
2021/11/02;0800 UTC;0;985,5;985,7;985,3;;24,9;17,3;25,5;24,9;17,3;17;63;59;63;94;6,4;,7;
2021/11/02;0900 UTC;0;986;986,1;985,5;125,3;25,6;17,4;25,6;24,8;17,5;17,3;63;60;60;92;2,9;0;
2021/11/02;1000 UTC;0;986,8;986,8;986;684,1;27,1;16,2;27,2;25,5;17,5;16,2;60;51;51;101;7,6;4;
2021/11/02;1100 UTC;0;987,4;987,4;986,7;1791,5;28,6;16;28,6;27;16,3;15,3;51;45;46;97;9,2;4,3;
2021/11/02;1200 UTC;0;987,6;987,6;987,3;2584,9;30;15,5;30;28,2;16,1;14,9;47;41;41;101;8,7;4,4;
2021/11/02;1300 UTC;0;987,3;987,7;987,3;3219,8;31,9;14,1;32,3;29,8;15,2;13,5;41;33;34;92;8,9;4,2;
2021/11/02;1400 UTC;0;986,3;987,3;986,3;3598,4;32,8;12,8;33,5;31,5;14,1;12,6;34;29;30;103;8;3,2;
2021/11/02;1500 UTC;0;984,9;986,3;984,9;3704,8;34,3;12,7;34,7;32,7;13,3;11,8;30;26;27;91;7,4;,4;
2021/11/02;1600 UTC;0;983,3;984,9;983,3;3588,7;35,9;12,7;35,9;34;13,6;11,4;28;25;25;90;6,6;1,6;
2021/11/02;1700 UTC;0;982;983,3;982;3306,7;36;12,8;36,5;34,8;13,6;11,4;26;23;25;80;7;,6;
2021/11/02;1800 UTC;0;981,5;982;981,5;2616,6;36;12,4;36,4;35,2;12,8;11,4;25;23;24;98;7,6;1,2;
2021/11/02;1900 UTC;0;981,2;981,5;981,1;1633,4;35,5;12,4;36,3;34,7;13;11,1;26;23;25;114;6;0;
2021/11/02;2000 UTC;0;981,1;981,2;981;794,3;34,5;13;35,6;34,5;13,2;12,1;28;24;27;70;5,4;0;
2021/11/02;2100 UTC;0;981,3;981,3;981,1;81,2;31,8;12,6;34,5;31,8;13,6;12,3;31;27;31;94;4,1;0;
2021/11/02;2200 UTC;0;981,8;981,8;981,3;;28;14,9;31,8;28;15;12,5;45;31;45;106;0;0;
2021/11/02;2300 UTC;0;982,6;982,6;981,8;;26,5;15,5;28;26,5;16,1;15;51;45;51;101;0;0;
2021/11/03;0000 UTC;0;984;984;982,6;;30;17,8;30,5;26;17,8;14,6;55;43;48;52;9,3;3,1;
2021/11/03;0100 UTC;0;984,9;984,9;984;;28,6;18,1;30;28,6;18,1;17,8;53;48;53;89;7,3;2,7;
2021/11/03;0200 UTC;0;985,1;985,2;984,9;;27,7;17,4;28,6;27,6;18,1;17,4;54;53;54;66;8,7;4,5;
2021/11/03;0300 UTC;0;984,9;985,1;984,9;;26,9;17;27,7;26,9;17,5;17;55;53;55;60;8,7;2,8;
2021/11/03;0400 UTC;0;984,6;984,9;984,6;;26,1;18,1;27;26,1;18,1;17;61;55;61;59;5,6;1,8;
2021/11/03;0500 UTC;0;984,1;984,6;984,1;;25,5;18,8;26,1;25,4;18,8;18,1;67;61;67;58;5;1,9;
2021/11/03;0600 UTC;0;983,7;984,1;983,7;;24,9;18,9;25,5;24,9;18,9;18,7;69;67;69;38;4,5;1,7;
2021/11/03;0700 UTC;0;984,2;984,2;983,7;;24,5;18,9;24,9;24,5;18,9;18,8;71;69;71;63;4,2;1;
2021/11/03;0800 UTC;0;984,9;984,9;984,2;;25,1;18,8;25,2;24,5;18,9;18,7;71;67;68;43;5,1;2,3;
2021/11/03;0900 UTC;0;985,3;985,3;984,9;33,4;25;18,8;25,1;24,9;18,8;18,7;69;68;68;35;5,1;2,3;
2021/11/03;1000 UTC;0;986,3;986,3;985,3;329,5;25,8;18,7;25,8;25;19;18,6;68;65;65;34;4,8;1,6;
2021/11/03;1100 UTC;0;987;987;986,3;907,7;27,1;18,4;27,1;25,6;19;18,3;66;59;59;112;3,9;,8;
2021/11/03;1200 UTC;0;987,2;987,3;987;1070,3;27,7;18,4;27,8;27;18,5;17,9;59;56;57;87;3,1;0;
2021/11/03;1300 UTC;0;987,1;987,2;987;1418,7;28,5;17,8;28,8;27,6;18,6;17,6;57;52;52;118;0;0;
2021/11/03;1400 UTC;0;986,3;987,1;986,3;1757,7;29,8;17,7;29,8;28,4;18,5;17,1;53;48;48;87;0;0;
2021/11/03;1500 UTC;0;985,1;986,3;985,1;2606,4;32,1;16,3;32,7;29,7;18;16,1;49;39;39;55;0;0;
2021/11/03;1600 UTC;0;983,3;985,1;983,3;3625,9;33;14,6;34,4;32,1;16,6;14,6;39;32;33;354;6,4;0;
2021/11/03;1700 UTC;0;982;983,3;982;3307,3;35,6;15;35,7;33;15,6;14,2;34;29;29;81;4,8;1,4;
2021/11/03;1800 UTC;0;981,2;982;981,2;2714,3;34,9;13,7;35,8;34,1;14,9;13,5;30;27;28;122;4,9;1,6;
2021/11/03;1900 UTC;0;980,7;981,2;980,7;1819,2;34,8;13,2;35,8;34,7;14,2;12;28;24;27;9;4,5;1,5;
2021/11/03;2000 UTC;0;980,6;980,7;980,6;334,2;32;16,6;35;31,8;17;12,2;41;26;40;18;3,2;0;
2021/11/03;2100 UTC;0;980,8;980,9;980,6;99,1;29,7;18,2;33,1;29,7;19;14,9;50;33;50;298;,9;0;
2021/11/03;2200 UTC;0;981,3;981,3;980,8;;27,1;18,3;29,6;27,1;19,1;18,1;59;50;59;221;0;0;
2021/11/03;2300 UTC;0;981,8;981,8;981,3;;26,5;18;27,1;26,3;18,9;18;64;59;60;219;1,7;,2;
2021/11/04;0000 UTC;0;982,4;982,4;981,8;;27;16;28,8;26,4;19,5;15,2;62;44;51;209;2,9;0;
2021/11/04;0100 UTC;0;983,7;983,7;982,4;;29,4;18,2;29,8;26,6;18,2;14,6;54;40;51;29;9,3;3;
2021/11/04;0200 UTC;0;984,3;984,4;983,7;;28,1;18,6;29,4;28,1;18,7;18,2;57;51;56;65;7,8;,9;
2021/11/04;0300 UTC;0;983,8;984,3;983,8;;27,1;18,1;28,1;27,1;18,6;18;58;56;58;46;6;2,4;
2021/11/04;0400 UTC;0;983,5;983,8;983,4;;26,3;18,1;27,1;26,3;18,1;18;60;58;60;51;5,4;2;
2021/11/04;0500 UTC;0;983,2;983,5;983,2;;25,7;18;26,3;25,7;18,1;18;62;60;62;50;4,5;1,5;
2021/11/04;0600 UTC;0;983,5;983,5;983,1;;24,4;18,1;25,8;24,4;18,1;17,9;68;62;68;86;3,9;0;
2021/11/04;0700 UTC;0;984,1;984,1;983,5;;23;18,5;24,4;22,9;18,5;17,8;76;68;76;149;1,3;,2;
2021/11/04;0800 UTC;0;984,7;984,7;984;;22,3;18,4;23,4;22,2;18,7;18,1;78;74;78;120;1,1;0;
2021/11/04;0900 UTC;0;985,1;985,1;984,7;96,9;24,3;19,4;24,3;21,9;19,5;18,3;81;74;74;135;0;0;
2021/11/04;1000 UTC;0;985,7;985,7;985,1;664;26;18,4;26,7;24,3;19,3;18;74;61;63;119;2,5;0;
2021/11/04;1100 UTC;0;986,1;986,2;985,7;1389,7;28,3;18;28,3;25,9;18,7;17,6;63;53;54;83;1,7;0;
2021/11/04;1200 UTC;0;986,3;986,3;986;2442,8;29,7;16,7;30,1;27,6;18,4;16,7;55;46;46;56;0;0;
2021/11/04;1300 UTC;0;985,7;986,3;985,7;3117,1;31,2;16,4;31,5;29,4;17,8;16,2;47;41;41;66;5,6;,9;
2021/11/04;1400 UTC;0;985,1;985,7;985,1;3542,6;32,6;15,2;33,3;30,8;16,9;15,2;43;35;35;114;5;,1;
2021/11/04;1500 UTC;0;983,6;985,1;983,6;3768,7;35;15,4;35,1;32,1;16,1;14,8;37;31;31;121;4,6;0;
2021/11/04;1600 UTC;0;982;983,6;982;3717,5;35,4;13,2;36,4;34,4;15,5;13,2;31;26;26;208;5,5;1;
2021/11/04;1700 UTC;0;980,4;982;980,4;3287,2;36;12,8;37,5;35,4;14,5;11,5;27;21;25;102;7,1;3,5;
2021/11/04;1800 UTC;0;979,8;980,4;979,8;2306,7;35,9;12;37,3;35,2;13,3;11,1;26;22;24;91;7,1;2;
2021/11/04;1900 UTC;0;979,6;979,8;979,5;1827,1;36,1;12,1;37,2;35,9;12,8;11,2;25;21;24;111;6,3;3;
2021/11/04;2000 UTC;0;979,9;979,9;979,6;798;34,8;11,2;36,1;34,8;12,3;10,5;25;22;24;98;4,9;2;
2021/11/04;2100 UTC;0;980,5;980,5;979,9;51,4;30,8;12,1;34,8;30,8;12,3;10,9;32;24;32;74;4,5;,3;
2021/11/04;2200 UTC;0;980,8;980,9;980,4;;28,2;15,2;30,8;28,1;15,9;12,2;49;32;45;108;1,7;1;
2021/11/04;2300 UTC;0;981,9;981,9;980,8;;29,6;15,3;29,6;26,9;16,8;15,1;53;42;42;56;6,6;2;
2021/11/05;0000 UTC;0;983,7;983,7;981,9;;30;17,9;31,4;29,6;17,9;15,3;48;38;48;66;10,5;1,5;
2021/11/05;0100 UTC;0;984,6;984,6;983,7;;28,8;17,8;30;28,7;18,2;17,8;52;48;52;54;8,6;3,1;
2021/11/05;0200 UTC;0;984,3;984,6;984,3;;27,9;18,1;28,9;27,9;18,1;17,7;55;51;55;46;8,8;3,8;
2021/11/05;0300 UTC;0;984,2;984,4;984,2;;27,1;18,1;27,9;27;18,2;18,1;58;55;58;49;7,2;2,8;
2021/11/05;0400 UTC;0;983,8;984,3;983,8;;26,4;18,4;27,1;26,4;18,4;18,1;61;58;61;51;6,7;2,8;
2021/11/05;0500 UTC;0;983,4;983,9;983,4;;25,6;18,9;26,4;25,6;18,9;18,4;66;61;66;45;6,9;1,8;
2021/11/05;0600 UTC;0;983,3;983,4;983,2;;25,3;18,9;25,7;25,3;18,9;18,9;68;66;68;43;6,4;3,2;
2021/11/05;0700 UTC;0;983,5;983,5;983,1;;24,9;18,8;25,3;24,8;18,9;18,7;69;68;69;46;6,5;2,4;
2021/11/05;0800 UTC;0;984,5;984,5;983,5;;24,5;18,8;24,9;24,4;18,8;18,7;70;69;70;37;5;,9;
2021/11/05;0900 UTC;0;985,5;985,5;984,5;54,6;24,6;19;24,6;24,3;19;18,7;71;70;71;358;2,2;0;
2021/11/05;1000 UTC;0;986,1;986,1;985,5;362;25,4;18,7;25,4;24,6;19;18,7;71;66;67;36;3,6;1;
2021/11/05;1100 UTC;0;986,8;986,8;986,1;1127;27,4;18,3;27,4;25,4;18,9;18;67;58;58;8;3,6;1,1;
2021/11/05;1200 UTC;0;986,7;986,8;986,7;2556,5;29,9;16,8;30,4;27,2;18,5;16,6;58;45;45;95;3,9;1,8;
2021/11/05;1300 UTC;0;986;986,7;986;3034,4;30,6;16;31;29;17,6;15,8;49;41;41;87;5,1;2,4;
2021/11/05;1400 UTC;0;985,2;986;985,2;3139,9;31,7;15,7;32,3;30,2;16,8;15,1;44;37;38;74;5,7;1,9;
2021/11/05;1500 UTC;0;983,7;985,2;983,7;3293;32,9;15;33,4;31,7;16,3;14,7;39;33;34;128;5,5;1,7;
2021/11/05;1600 UTC;0;982,3;983,7;982,3;3226,8;34;14,3;35,7;32,7;15,1;13,9;34;28;31;95;5,3;2,1;
2021/11/05;1700 UTC;0;981,1;982,3;981,1;3256,2;35,6;14,2;36;34;15,3;13,6;31;27;28;102;5,8;2;
2021/11/05;1800 UTC;0;980,4;981,1;980,4;1856,4;35,5;13,3;36,3;34,7;14,7;13,3;30;26;26;131;5,5;1,9;
2021/11/05;1900 UTC;0;979,9;980,4;979,9;1587,6;36,4;13,9;37,5;35;14;12,8;28;24;26;11;4,1;,2;
2021/11/05;2000 UTC;0;979,9;979,9;979,8;718,9;34,6;13,9;36,4;34,6;14,4;12,8;29;25;29;106;2,7;1;
2021/11/05;2100 UTC;0;980,5;980,5;979,9;58,3;32,6;13,3;34,6;32,5;14,8;13,3;32;28;31;103;2,8;1,8;
2021/11/05;2200 UTC;0;981,2;981,2;980,5;;30,5;13,3;32,6;30,5;14;13,1;35;31;35;108;3;1,5;
2021/11/05;2300 UTC;0;982,1;982,1;981,2;;28,6;15,5;30,5;28,6;16,4;13,1;48;35;45;99;2,2;,7;
2021/11/06;0000 UTC;0;983,5;983,5;982,1;;30,9;17,7;31,1;28,6;17,7;13,9;47;37;45;44;8,4;4,6;
2021/11/06;0100 UTC;0;984,3;984,3;983,6;;29,1;18,8;30,9;29,1;18,9;17,9;54;46;54;44;8,4;4,3;
2021/11/06;0200 UTC;0;984,9;985;984,3;;27,9;18,6;29,1;27,9;18,9;18,6;57;54;57;49;8,2;1,9;
2021/11/06;0300 UTC;0;984,7;985;984,7;;26,9;18,7;27,9;26,9;18,7;18,6;61;57;61;41;6,7;1,8;
2021/11/06;0400 UTC;0;984,3;984,7;984,3;;26,3;18,7;27;26,3;18,8;18,7;63;61;63;50;6,6;1,8;
2021/11/06;0500 UTC;0;983,7;984,3;983,7;;25,6;19,3;26,3;25,5;19,3;18,7;68;63;68;58;5;,4;
2021/11/06;0600 UTC;0;983,3;983,7;983,3;;25,1;19;25,8;25,1;19,3;18,9;69;66;69;53;2,8;1,1;
2021/11/06;0700 UTC;0;983,9;983,9;983,3;;24,9;19,2;25,1;24,7;19,2;19;71;69;71;61;2,7;,3;
2021/11/06;0800 UTC;0;984,5;984,5;983,9;;25,3;19,4;25,4;24,9;19,4;19,2;71;70;70;33;3,8;1,2;
2021/11/06;0900 UTC;0;985,1;985,1;984,5;72,4;25,2;19,8;25,3;24,7;19,8;19,4;73;70;72;38;4,2;1,1;
2021/11/06;1000 UTC;0;985,9;985,9;985,1;867,2;27,5;19,6;27,5;25,2;20,1;19,3;72;62;62;64;4,6;2,4;
2021/11/06;1100 UTC;0;986,1;986,2;985,9;1097,7;27,6;19,1;28,4;27,1;19,6;18,6;62;57;60;110;4,6;,5;
2021/11/06;1200 UTC;0;986,1;986,1;986;2622,6;30;18,1;30,2;27,6;19,6;17,4;60;47;49;88;5,2;1,8;
2021/11/06;1300 UTC;0;985,7;986,1;985,7;1394;29,8;17,9;30,2;29;18,4;17,4;51;48;49;106;4,6;2,3;
2021/11/06;1400 UTC;0;984,7;985,7;984,7;3760,4;32,6;16,3;33,1;29,8;18,4;16,3;49;38;38;79;6,2;0;
2021/11/06;1500 UTC;0;983,4;984,7;983,4;3362,9;32,5;16,5;34,3;31,7;17,2;15,3;40;34;38;101;5,8;2,8;
2021/11/06;1600 UTC;0;982;983,4;982;3572,3;34,8;14,6;35,1;32,5;16,5;14,5;38;30;30;24;6,8;2,1;
2021/11/06;1700 UTC;0;981,2;982;981,1;2965,9;34,8;13,5;35,8;33,4;15;13,4;32;27;28;14;6,4;1,8;
2021/11/06;1800 UTC;0;980,3;981,2;980,3;2596,2;35,5;13;36,3;34,7;14,4;12,9;28;25;26;37;5,2;1,4;
2021/11/06;1900 UTC;0;979,9;980,3;979,9;1735,8;36,1;12,1;36,7;35,2;13,7;11,6;27;23;24;136;4,5;,2;
2021/11/06;2000 UTC;0;979,9;980;979,8;701;33,7;12;36,1;33,7;13,2;11,6;27;24;27;103;4,1;2,3;
2021/11/06;2100 UTC;0;980,3;980,3;979,9;36;29,8;14,2;33,7;29,8;14,6;11,8;39;26;39;124;3,5;,3;
2021/11/06;2200 UTC;0;981;981;980,3;;27,5;16,6;29,8;27,5;16,7;14,2;51;39;51;124;1,7;0;
2021/11/06;2300 UTC;0;981,7;981,7;981;;26,4;16,7;27,5;26,4;18,1;16,3;59;51;55;133;1,4;0;
2021/11/07;0000 UTC;0;983,2;983,2;981,7;;29,5;14,8;29,7;25,9;16,8;13,9;56;38;41;45;7,1;1,9;
2021/11/07;0100 UTC;0;984;984;983,2;;28,8;17,9;29,9;28,8;17,9;14,8;52;41;52;54;8,9;3;
2021/11/07;0200 UTC;0;984,1;984,2;984;;28,1;17,7;28,9;28,1;18,2;17,7;54;52;53;59;8,9;2,8;
2021/11/07;0300 UTC;0;983,9;984,1;983,8;;27,2;17,6;28,1;27,2;17,7;17,6;56;53;56;57;8;3;
2021/11/07;0400 UTC;0;983,3;983,9;983,2;;26,4;18,2;27,2;26,4;18,2;17,6;61;56;61;60;5,7;1,6;
2021/11/07;0500 UTC;0;983,2;983,3;983,1;;26;19;26,4;25,9;19;18,2;65;61;65;45;4,3;1,5;
2021/11/07;0600 UTC;0;983,1;983,2;983;;25,5;19,5;26;25,5;19,5;19;69;65;69;57;4,1;,5;
2021/11/07;0700 UTC;0;983,6;983,6;983,1;;26;19,7;26;25,5;19,7;19,5;70;68;68;51;3,9;0;
2021/11/07;0800 UTC;0;984,1;984,2;983,6;;25,9;19,8;26;25,9;19,8;19,7;69;68;69;98;3;0;
2021/11/07;0900 UTC;0;984,6;984,6;984,1;31,8;24,9;21,1;25,9;24,7;21,2;19,8;80;69;80;40;3,6;0;
2021/11/07;1000 UTC;0;985,3;985,4;984,6;407,8;26,5;19;26,5;24,9;21,5;18,8;80;63;64;105;5,1;2,8;
2021/11/07;1100 UTC;0;985,9;985,9;985,3;1043,1;27,7;18,1;28,3;26,5;19,1;17,8;64;54;56;106;7,4;3,9;
2021/11/07;1200 UTC;0;985,7;985,9;985,7;2205;29,4;17,6;30,2;27,6;18,2;16,9;56;45;49;75;7,6;3,5;
2021/11/07;1300 UTC;0;985,7;985,8;985,6;2019,4;29,8;17,7;30,3;28,8;18,3;16,6;50;44;48;61;8,4;2,6;
2021/11/07;1400 UTC;0;985,2;985,7;985,2;2520,8;31,4;16,6;31,9;29,6;17,7;16,5;48;40;41;54;6,6;1,8;
2021/11/07;1500 UTC;0;984,2;985,2;984,2;3958,1;32,7;16,3;32,8;31;17,1;15,4;42;36;37;106;6;1,8;
2021/11/07;1600 UTC;0;983;984,2;983;3408,7;33,6;15,9;34,3;32,6;16,4;15,1;37;33;35;46;5,4;1,5;
2021/11/07;1700 UTC;0;981,8;983;981,7;3109,3;34,1;15;35;33,1;15,7;14,1;35;30;32;328;9,2;2,3;
2021/11/07;1800 UTC;0;980,7;981,9;980,7;2468;34,7;14,2;35,3;33,7;15,5;14;33;28;29;40;9,2;1,4;
2021/11/07;1900 UTC;0;980,3;980,7;980,3;1514,6;34,5;13,7;35,6;34,3;15;13,4;31;27;29;37;4,8;1,7;
2021/11/07;2000 UTC;0;980,4;980,4;980,3;696,9;33,6;14;35,2;33,6;14,6;13,3;31;27;31;316;3,9;,3;
2021/11/07;2100 UTC;0;981,1;981,1;980,4;27,6;30,5;16,6;33,8;30,4;16,7;13,6;43;30;43;330;2,2;1,1;
2021/11/07;2200 UTC;0;981,9;981,9;981,1;;28,9;17,1;30,5;28,9;17,4;15,5;49;41;49;270;1,9;,9;
2021/11/07;2300 UTC;0;982,2;982,2;981,8;;28,4;18,7;29;28,3;18,9;16,9;56;48;56;267;1,9;,3;
2021/11/08;0000 UTC;0;983,7;983,7;982,2;;30,7;15,5;30,8;28,4;18,6;15,3;56;40;40;59;6,1;3,1;
2021/11/08;0100 UTC;0;984,3;984,3;983,7;;29,4;19;30,8;29,4;19,1;15,6;54;40;54;43;7,7;3,5;
2021/11/08;0200 UTC;0;984,4;984,4;984,2;;28,5;19;29,4;28,5;19,2;18,9;57;54;56;43;7,7;3,1;
2021/11/08;0300 UTC;0;983,9;984,4;983,9;;27,7;19,1;28,5;27,7;19,1;18,9;60;56;60;35;7,1;3,5;
2021/11/08;0400 UTC;2,6;983,9;984,1;983,8;;25,6;20,7;27,7;25,3;20,8;19,1;75;60;75;50;7,7;,9;
2021/11/08;0500 UTC;0;983,6;983,9;983,6;,9;24,6;21,4;25,9;24,2;21,6;20,5;84;72;82;164;5,6;2,5;
2021/11/08;0600 UTC;,6;983,8;983,9;983,6;;23,4;20,8;24,6;23,2;21,4;20,5;85;82;85;173;7,3;,6;
2021/11/08;0700 UTC;,2;983,9;983,9;983,7;;23,4;20,8;23,5;23,2;20,9;20,4;86;84;85;221;3,2;1,4;
2021/11/08;0800 UTC;0;984,5;984,5;983,8;;23,9;21,6;23,9;23,3;21,6;20,7;87;85;87;103;4;2,4;
2021/11/08;0900 UTC;0;984,9;985;984,5;122,1;24;21,9;24;23,8;21,9;21,5;88;87;88;81;4;1,6;
2021/11/08;1000 UTC;0;985,8;985,8;984,9;321,7;25,1;21,8;25,3;24;22,2;21,8;88;82;82;46;2,7;0;
2021/11/08;1100 UTC;0;986,2;986,2;985,7;371,9;25,8;20,8;25,8;25,1;21,9;20,4;82;74;74;112;3,2;1,4;
2021/11/08;1200 UTC;0;986,5;986,5;986,2;1512,8;27,5;19,4;27,8;25,8;20,8;19,2;74;61;62;114;5;2,7;
2021/11/08;1300 UTC;0;986,1;986,5;986;3379,6;29,9;18;30,8;27,5;20;17,5;62;46;49;76;5,9;2,8;
2021/11/08;1400 UTC;0;985;986,1;985;3663,7;31,3;16,6;32,5;29,9;18,4;16,2;50;40;41;227;5,5;1,7;
2021/11/08;1500 UTC;0;983,8;985;983,8;3596;34,2;15,1;34,2;31,3;17,4;14,7;42;32;32;357;5,2;1,4;
2021/11/08;1600 UTC;0;982,8;983,8;982,8;1600,1;33,6;14,9;34,2;32,8;15,4;14,2;35;31;33;360;3,6;,6;
2021/11/08;1700 UTC;0;981,7;982,8;981,7;3019,1;34,4;14,1;35,5;33,6;16;14;35;29;30;50;4,9;1,9;
2021/11/08;1800 UTC;0;980,8;981,7;980,8;2587,4;34,8;13;35,3;34,2;15,7;13;32;27;27;47;4,6;1,7;
2021/11/08;1900 UTC;0;980,4;980,9;980,4;1656,9;36,1;13,8;36,5;34,8;14,7;12,9;29;26;26;13;5,3;0;
2021/11/08;2000 UTC;0;980,4;980,4;980,3;733,5;33,2;13,3;36,1;33,2;15;12,4;30;25;30;111;3,9;2;
2021/11/08;2100 UTC;0;980,8;980,8;980,4;17,4;29,5;19,8;33,2;29,5;19,8;13,3;56;30;56;151;3,4;,5;
2021/11/08;2200 UTC;0;981,3;981,3;980,8;;27,5;19,8;29,5;27,3;21,2;19,4;66;56;63;296;1,6;,9;
2021/11/08;2300 UTC;0;982;982;981,3;;29,1;18,8;29,2;27;21,3;18,4;71;53;54;265;5,2;1,9;
2021/11/09;0000 UTC;0;982,9;982,9;982;;28,5;19;29,1;28,4;19,3;18,8;57;54;57;254;4,7;1,3;
2021/11/09;0100 UTC;0;983,8;984,3;982,9;;29,2;18,7;29,5;28;19,6;18,4;59;52;53;12;12,1;,6;
2021/11/09;0200 UTC;0;983,9;984;983,8;;28,9;19;29,4;28,9;19,1;18,8;55;53;55;30;6;2,6;
2021/11/09;0300 UTC;1,6;984,1;984,3;983,9;;24,8;21,4;28,9;24,8;21,4;19;82;55;82;355;6,6;1,4;
2021/11/09;0400 UTC;1,4;983,7;984,1;983,7;;25;22,2;25,2;24,5;22,3;21,4;85;82;84;44;4,8;0;
2021/11/09;0500 UTC;0;983,7;983,8;983,7;,1;25,2;22,3;25,3;24,8;22,7;22,1;86;84;84;108;3,4;1,1;
2021/11/09;0600 UTC;0;983,6;983,7;983,4;;24,8;20,8;25,2;24,8;22,4;20,8;85;78;78;112;5,4;2,9;
2021/11/09;0700 UTC;0;984,1;984,1;983,6;2,7;24;18,2;24,9;23,9;20,7;18,2;78;68;70;112;6,6;3,1;
2021/11/09;0800 UTC;0;984,5;984,5;984;;23;18;24;23;18,2;17,9;74;70;74;101;5,2;2;
2021/11/09;0900 UTC;0;984,8;984,8;984,5;118,4;24,1;19,1;24,1;22,2;19,2;18;80;74;74;102;3,3;,6;
2021/11/09;1000 UTC;,2;985,4;985,4;984,8;780,3;25,7;18,5;25,7;24,1;19,2;18,2;74;64;64;98;4,4;2,6;
2021/11/09;1100 UTC;0;986;986;985,4;1719,8;27,2;17,7;27,3;25,7;18,6;17,5;65;56;56;103;7;3,6;
2021/11/09;1200 UTC;0;985,9;986;985,9;2598,7;28,9;17,2;28,9;27,2;18,1;16,8;57;48;49;95;8,8;3,8;
2021/11/09;1300 UTC;0;985,4;985,9;985,4;3186,4;30,1;15,5;30,4;28,8;17,7;15,5;50;41;41;101;7,2;3,8;
2021/11/09;1400 UTC;0;984,7;985,4;984,7;3633,4;31,9;14,7;32,1;30,1;16,4;14,3;42;35;36;91;7,3;4,2;
2021/11/09;1500 UTC;0;983,5;984,7;983,5;3769,8;34;14;34,5;31,9;15,3;13,6;36;29;30;98;7,6;2,6;
2021/11/09;1600 UTC;0;982,2;983,5;982,2;3693;34,6;12,2;35,4;33,4;14,8;12,2;32;26;26;99;6,5;2,5;
2021/11/09;1700 UTC;0;980,9;982,2;980,9;3189,7;36;12,6;36;34;14;11,3;28;23;25;115;6,4;1;
2021/11/09;1800 UTC;0;980;980,9;980;2586,9;35,7;11,7;36,2;35;13,2;11,1;27;22;24;104;6,7;3,5;
2021/11/09;1900 UTC;0;979,5;980,1;979,5;1847;35,6;10,7;36,4;35,5;12,7;10,1;25;20;22;95;7,7;,5;
2021/11/09;2000 UTC;0;979,7;979,7;979,4;812;34,3;12,1;35,6;34,3;12,2;10,8;26;22;26;93;6,5;3,2;
2021/11/09;2100 UTC;0;980,1;980,1;979,7;83,8;32,1;12,3;34,3;32,1;12,9;12,1;30;26;30;86;6,5;0;
2021/11/09;2200 UTC;0;980,5;980,5;980,1;;28,5;18,5;32,1;28,5;18,5;12,2;55;30;55;118;0;0;
2021/11/09;2300 UTC;0;981,6;981,6;980,5;;29,4;15,6;29,6;27,8;19,4;15,3;60;42;43;129;0;0;
2021/11/10;0000 UTC;0;982,8;982,8;981,6;;28,8;16,9;29,4;28,1;19;15,5;58;43;49;70;0;0;
2021/11/10;0100 UTC;0;983,6;983,6;982,8;;29,7;18,2;30,3;28,8;18,2;16,3;50;45;50;48;8,3;3,7;
2021/11/10;0200 UTC;0;984;984,2;983,6;;28,2;18,8;29,7;28,2;18,8;18,2;57;50;57;49;7,6;2,6;
2021/11/10;0300 UTC;0;983,7;984;983,7;;27,1;19;28,2;27,1;19,1;18,8;62;57;62;69;5,8;1,8;
2021/11/10;0400 UTC;0;983,8;983,8;983,6;;25,8;19,6;27,1;25,6;19,7;19,1;70;62;69;71;3,1;1,4;
2021/11/10;0500 UTC;0;983,7;983,8;983,6;;25,1;18,3;25,8;24,7;20,1;18,3;75;66;66;100;3,1;1,1;
2021/11/10;0600 UTC;0;983,8;983,8;983,7;;24,8;17,6;25,2;24,8;18,3;17,6;66;63;64;117;3,4;2,2;
2021/11/10;0700 UTC;0;984,1;984,1;983,8;;23,8;17,8;24,8;23,8;17,8;17,6;69;64;69;118;3,1;1,9;
2021/11/10;0800 UTC;0;984,8;984,8;984,1;;23,3;17,7;24;23,3;17,8;17,7;71;68;71;122;3;1,8;
2021/11/10;0900 UTC;0;985,2;985,2;984,8;157,2;25;17,7;25;23,3;17,8;17,7;71;64;64;122;3,8;2,1;
2021/11/10;1000 UTC;0;986,1;986,1;985,2;806,4;26,4;17,7;26,5;25;18;17,4;64;58;59;94;4,3;2;
2021/11/10;1100 UTC;0;986,5;986,5;986,1;1721,6;28,4;16,9;28,6;26,4;18;16,6;59;49;50;76;4;0;
2021/11/10;1200 UTC;0;986,7;986,7;986,5;2577,8;30,1;16,3;30,1;28,1;17,3;15,7;51;43;43;84;6,5;,8;
2021/11/10;1300 UTC;0;986,1;986,7;986,1;3180,2;31,1;15,7;31,6;30;16,5;15,3;44;38;39;88;8;1;
2021/11/10;1400 UTC;0;985,3;986,1;985,3;3682,9;32,5;14,8;33;31,1;16,3;14,1;39;33;34;62;8,6;2,3;
2021/11/10;1500 UTC;0;984,2;985,3;984,2;3776;34;14,2;34,2;32,4;15,3;13,3;35;29;31;110;7,7;2,6;
2021/11/10;1600 UTC;0;982,9;984,2;982,9;3668,1;36,1;13;36,1;34;14,1;12,5;31;25;25;116;11,7;,5;
2021/11/10;1700 UTC;0;981,9;982,9;981,9;3377,9;36,3;12,2;36,5;35,3;13,4;10,2;26;21;24;50;6,4;0;
2021/11/10;1800 UTC;0;981,4;981,9;981,4;1997,2;34,6;12,5;36,9;34,6;13,8;11,5;27;22;26;109;6,4;0;
2021/11/10;1900 UTC;0;981,4;981,4;981,3;938,4;34,1;13;36,2;34,1;14,4;12,3;28;25;28;110;6,1;1,7;
2021/11/10;2000 UTC;0;981,4;981,4;981,3;349,8;34,1;15,6;34,2;33,6;15,6;12,9;34;28;33;64;6,1;0;
2021/11/10;2100 UTC;0;981,4;981,5;981,3;51,7;29,6;17,9;34,1;29,6;17,9;14,4;49;31;49;101;0;0;
2021/11/10;2200 UTC;0;982;982;981,4;;27,5;18,8;29,6;27,4;18,9;16,7;60;49;59;135;0;0;
2021/11/10;2300 UTC;0;982,5;982,5;981,9;;26,4;19,2;27,5;26,4;19,4;18,7;65;59;65;142;0;0;
2021/11/11;0000 UTC;0;983,6;983,6;982,5;;27,9;17,5;27,9;25,7;20,6;17,5;73;53;53;360;0;0;
2021/11/11;0100 UTC;0;984,3;984,3;983,6;;29,4;17,8;29,5;27,7;17,8;15,6;53;44;50;53;6,5;2;
2021/11/11;0200 UTC;0;984,9;984,9;984,3;;28,2;18,6;29,4;28,2;18,6;17,7;56;50;56;42;7,5;3,1;
2021/11/11;0300 UTC;0;984,7;984,9;984,7;;27,2;18,7;28,2;27,2;18,7;18,6;60;56;60;57;6,1;0;
2021/11/11;0400 UTC;0;984,6;984,8;984,6;;26,7;18,9;27,2;26,7;18,9;18,7;62;60;62;51;6,5;0;
2021/11/11;0500 UTC;0;984,6;984,6;984,5;;26,5;19,2;26,8;26,5;19,2;18,9;64;62;64;51;0;0;
2021/11/11;0600 UTC;0;984,6;984,6;984,5;;26;19,5;26,5;25,8;19,5;19,2;68;64;67;90;0;0;
2021/11/11;0700 UTC;0;985,1;985,1;984,6;;26,1;18,1;26,7;26;19,5;18,1;67;61;61;88;7,5;1,3;
2021/11/11;0800 UTC;0;986;986;985,1;;25,2;18,1;26,1;25,2;18,2;18,1;65;61;65;107;6,9;0;
2021/11/11;0900 UTC;0;986,6;986,6;986;96,8;25,2;18,6;25,2;24,5;18,7;18,1;69;65;67;103;0;0;
2021/11/11;1000 UTC;0;987,4;987,4;986,6;783,7;27,2;17,9;27,3;25,2;18,8;17,9;67;57;57;97;0;0;
2021/11/11;1100 UTC;0;987,6;987,6;987,4;1744,7;29;17,5;29,2;26,8;18,1;17,3;58;49;50;100;6,6;,2;
2021/11/11;1200 UTC;0;987,5;987,6;987,5;2553,9;30,3;16,9;30,5;28,7;17,8;16,5;51;44;44;79;7,1;3,3;
2021/11/11;1300 UTC;0;986,9;987,5;986,9;3122,5;31,9;16;32;30,2;17,1;15,2;44;37;38;74;7,3;2,3;
2021/11/11;1400 UTC;0;986,3;986,9;986,3;3571;33,4;14,2;34,1;31,6;16,3;14,2;39;31;32;107;7;2,2;
2021/11/11;1500 UTC;0;985;986,3;985;2984;33,4;15;34,4;32,6;15,9;14,1;34;31;33;70;6,6;2;
2021/11/11;1600 UTC;0;983,8;985;983,8;3190,3;34,5;14,3;35,6;33,4;15,6;13,9;34;28;30;118;7;0;
2021/11/11;1700 UTC;0;982,5;983,8;982,5;2315,3;35,7;12,5;36,2;33,6;15;12,2;32;24;25;158;3,3;0;
2021/11/11;1800 UTC;0;981,9;982,5;981,8;2640;36,3;12,6;37;35,3;14,3;12,2;27;24;24;90;5,2;0;
2021/11/11;1900 UTC;0;981,3;981,9;981,3;1768,3;36,7;13;37;35,7;13,3;11,6;25;22;24;53;,2;0;
2021/11/11;2000 UTC;0;981,4;981,4;981,3;801,7;35,6;13,3;36,9;35,4;14,3;11,8;27;22;26;79;0;0;
2021/11/11;2100 UTC;0;981,7;981,7;981,4;85,1;30,7;17,2;35,8;30,7;17,9;12,9;46;26;44;179;0;0;
2021/11/11;2200 UTC;0;982;982;981,7;;28,5;18,4;30,7;28,5;18,9;16,3;55;42;54;299;0;0;
2021/11/11;2300 UTC;;;;;;;;;;;;;;;;;;
2021/11/12;0000 UTC;0;983,5;983,5;982,8;;30,9;16,3;32,8;30,1;16,6;14,2;43;33;42;109;8,5;3,1;
2021/11/12;0100 UTC;0;984;984;983,5;;30,6;15,8;31,1;30,6;16,3;15,8;42;40;41;105;6,4;3,7;
2021/11/12;0200 UTC;0;984,2;984,2;983,9;;30,6;16,8;30,7;29,6;16,8;15,8;45;41;44;108;7,7;3,9;
2021/11/12;0300 UTC;0;983,8;984,2;983,8;;29,4;17,6;30,7;29,4;17,6;16,8;49;43;49;109;8,6;4,6;
2021/11/12;0400 UTC;0;983,7;983,8;983,6;;28,5;17,5;29,4;28,4;17,8;17,5;52;49;51;113;7,9;3,8;
2021/11/12;0500 UTC;0;983,8;983,8;983,7;;27,2;17,8;28,5;27,1;17,8;17,4;57;51;57;105;6,5;2,7;
2021/11/12;0600 UTC;0;983,7;983,8;983,6;;26,8;17,9;27,4;26,8;17,9;17,8;58;56;58;107;6,9;4,1;
2021/11/12;0700 UTC;0;984,3;984,3;983,7;;26,4;18,3;26,8;26,3;18,3;17,9;61;58;61;103;6,8;2,5;
2021/11/12;0800 UTC;0;984,8;984,8;984,3;;25,2;18,6;26,4;25,2;18,6;18,3;67;61;67;122;4,7;1;
2021/11/12;0900 UTC;0;985,5;985,5;984,8;70,6;25,5;19,2;25,5;24,7;19,5;18,6;71;67;68;104;2,2;,2;
2021/11/12;1000 UTC;0;985,9;985,9;985,5;569;27,1;19;27,2;25,5;19,5;18,4;68;60;61;94;3,1;1,5;
2021/11/12;1100 UTC;0;986;986;985,9;1682,3;29,6;16,4;29,8;27,1;19,1;16,4;61;45;45;131;5,4;3,1;
2021/11/12;1200 UTC;0;985,6;986;985,6;2547;31,5;16,2;31,6;29,3;17,1;15,9;47;40;40;89;6,3;2,2;
2021/11/12;1300 UTC;0;985,3;985,6;985,3;3156,1;32,8;14,5;33;31,1;16,3;14,4;40;33;33;84;7;3,6;
2021/11/12;1400 UTC;0;984,6;985,3;984,6;3607,3;34,1;14,7;34,4;32,4;15,2;13,9;34;30;31;87;6,7;3,1;
2021/11/12;1500 UTC;0;983,4;984,6;983,4;3743,3;35,6;12,3;35,9;33,8;15,1;11,9;31;24;25;80;7,9;2,9;
2021/11/12;1600 UTC;0;982,3;983,4;982,3;3646,2;36,1;9,6;36,9;35,5;13;8,9;25;19;20;52;7,9;3;
2021/11/12;1700 UTC;0;981,3;982,3;981,3;3307,3;37,1;9;37,8;36,1;10,6;6,2;20;15;18;81;7,2;1,8;
2021/11/12;1800 UTC;0;980,7;981,3;980,7;2647,8;37,2;6;38,1;36,9;9,5;5,5;19;14;15;109;6,6;2,8;
2021/11/12;1900 UTC;0;980,4;980,7;980,4;1775,7;37,5;9,6;38,8;37,1;9,6;5,5;19;14;19;74;6,6;1,2;
2021/11/12;2000 UTC;0;980,6;980,6;980,3;827,2;35,7;11;37,8;35,7;11,3;6,8;23;15;23;83;3,2;1,3;
2021/11/12;2100 UTC;0;980,8;980,9;980,5;85,5;29,9;17,5;35,7;29,9;17,8;10,3;48;21;47;142;1,9;0;
2021/11/12;2200 UTC;0;981,4;981,4;980,8;;27,9;16,2;29,9;27,8;18,6;15,2;55;44;49;180;1;0;
2021/11/12;2300 UTC;0;981,9;981,9;981,4;;26,7;17,5;27,9;26,7;18,1;15,8;58;48;57;158;0;0;
2021/11/13;0000 UTC;0;982,3;982,4;981,9;;26;18;26,7;26;18,1;17,4;61;57;61;179;0;0;
2021/11/13;0100 UTC;0;983,2;983,2;982,3;;29;17,3;29;25,4;18,9;13,4;67;39;49;85;5,2;2,3;
2021/11/13;0200 UTC;0;983,6;983,8;983,2;;28,8;18,9;29,5;28,8;19;15,8;55;44;55;61;9;2,8;
2021/11/13;0300 UTC;0;983,8;983,9;983,6;;27,7;19,3;28,8;27,6;19,3;19;60;55;60;64;6,1;2;
2021/11/13;0400 UTC;0;983,4;983,8;983,4;;27,2;20,2;27,7;27,1;20,2;19,3;66;60;66;41;5,6;1,8;
2021/11/13;0500 UTC;0;983,2;983,5;983,2;;27;20,4;27,2;27;20,4;20,2;67;66;67;29;5,6;2,3;
2021/11/13;0600 UTC;0;983,5;983,5;983,2;;24,9;20;27;24,9;20,6;19,3;74;66;74;179;5,8;3;
2021/11/13;0700 UTC;0;983,5;983,6;983,4;;25;20,6;25;24,2;20,6;19,7;77;74;77;86;6,1;0;
2021/11/13;0800 UTC;0;984;984;983,5;;25,1;20,9;25,5;25;21,1;20,6;78;76;77;190;1,3;0;
2021/11/13;0900 UTC;0;984,4;984,5;984;117,8;26,8;19;26,9;25,1;20,9;18,9;77;62;62;89;4,2;2,1;
2021/11/13;1000 UTC;0;985,1;985,1;984,4;965,3;27,8;17,6;28,4;26,8;19;17,6;62;53;54;101;7,5;4,4;
2021/11/13;1100 UTC;0;985,7;985,7;985,1;1608,4;29;17,1;29,7;27,7;18;16,5;55;46;49;89;8,2;3,7;
2021/11/13;1200 UTC;0;985,2;985,7;985,2;2533,6;31;16,2;31,5;29;17,3;15,7;49;40;41;96;8,1;3;
2021/11/13;1300 UTC;0;984,5;985,2;984,5;3109,2;33;15,6;33;30,7;16,6;15,1;42;35;35;83;6,8;2,4;
2021/11/13;1400 UTC;0;983,4;984,5;983,4;3560,9;33,5;14,1;34,4;32,4;16,1;14;36;31;31;84;6,6;1,2;
2021/11/13;1500 UTC;0;982,2;983,4;982,2;3462,7;35,2;12,9;35,4;33,5;14,9;12,4;31;26;26;102;6,4;2,8;
2021/11/13;1600 UTC;0;981;982,2;981;2670,2;36,1;11,6;36,5;34,5;13,3;11,6;27;23;23;320;5,5;1,2;
2021/11/13;1700 UTC;0;979,8;981;979,8;2915,7;36,9;12,3;37,3;34,8;13,4;11,4;26;22;23;99;5;1,6;
2021/11/13;1800 UTC;0;978,9;979,8;978,9;2591,1;36,8;11,9;37,7;36,1;12,7;11;24;21;22;75;5,1;2,4;
2021/11/13;1900 UTC;0;978,5;978,9;978,5;1721,2;36,5;10,8;37,4;36,4;12,5;10,4;23;20;21;66;4,6;1,9;
2021/11/13;2000 UTC;0;978,7;978,7;978,5;744,7;36,2;10,9;37,8;36,1;12,7;9,9;25;19;22;116;4,3;1,3;
2021/11/13;2100 UTC;0;979,3;979,3;978,7;48;32,4;15;36,3;32,2;16,2;10,7;38;21;35;78;3;,1;
2021/11/13;2200 UTC;0;979,8;979,8;979,2;;32;16,5;32,6;31,3;18,8;13,9;46;34;39;107;1,3;0;
2021/11/13;2300 UTC;0;980,7;980,7;979,8;;32,7;14,8;33,5;31,6;17;13,6;42;31;34;218;3,5;2,2;
2021/11/14;0000 UTC;0;981,4;981,4;980,7;;32,4;15,5;32,9;32,4;15,7;14,6;37;33;36;226;3,6;1,4;
2021/11/14;0100 UTC;0;982,7;982,8;981,4;;30,4;19,4;32,5;30,4;19,4;15,2;52;35;52;38;11,6;4,8;
2021/11/14;0200 UTC;1,4;983,6;983,7;982,3;;25,3;21,1;30,4;25,3;21,1;19,1;78;52;78;131;10,1;5;
2021/11/14;0300 UTC;5,4;983,4;983,8;983,4;;24;21,5;25,3;23,7;21,8;21;86;78;86;199;10,1;1,3;
2021/11/14;0400 UTC;,2;983,2;983,4;983,1;;23,6;21,5;24,1;23,5;21,8;21,1;88;86;88;204;4,7;2,2;
2021/11/14;0500 UTC;1,6;982,6;983,2;982,4;;23,9;21,5;24,4;23,5;21,8;21,2;88;84;87;158;7,1;,7;
2021/11/14;0600 UTC;,4;982,8;983;982,6;;23,8;21,6;24,2;23,8;21,8;21,4;88;85;87;126;6,3;,1;
2021/11/14;0700 UTC;,6;983,4;983,5;982,8;;24,2;21,2;24,3;23,8;21,6;21,1;87;83;84;119;5,4;0;
2021/11/14;0800 UTC;,2;984;984;983,4;1,1;24,3;18,9;24,4;24,1;21,3;18,9;84;71;72;122;4,8;1;
2021/11/14;0900 UTC;,4;985;985;984;119,8;24,9;18,5;24,9;24;19;18,5;73;67;68;120;5;2,9;
2021/11/14;1000 UTC;,2;985,3;985,4;985;814;26,9;18,5;26,9;24,9;18,9;17,6;68;58;60;119;6,8;3,1;
2021/11/14;1100 UTC;,2;986;986;985,3;1681,5;27,6;17,3;28,2;26,9;18,4;16,8;60;51;54;101;8,7;5,4;
2021/11/14;1200 UTC;0;985,9;986,1;985,9;2085,1;28,5;17;29,1;27,4;17,8;16,5;54;47;50;105;9,2;3,6;
2021/11/14;1300 UTC;,2;985,3;985,9;985,3;2858,9;30,3;16,3;30,3;28,3;17,5;15,8;50;43;43;100;8,4;3,5;
2021/11/14;1400 UTC;0;984,7;985,3;984,7;3163,1;32,3;16,5;32,3;29,9;17,3;15;45;37;39;98;8,1;3,2;
2021/11/14;1500 UTC;0;983,5;984,7;983,5;3320,4;33,3;15,1;33,3;31,4;16,7;13,5;40;32;33;109;7,5;3,1;
2021/11/14;1600 UTC;0;982,4;983,5;982,4;2903,2;33,4;13,9;33,8;32,7;14,9;13,1;33;29;31;82;8,3;2,8;
2021/11/14;1700 UTC;0;981,3;982,4;981,3;2724,6;34,3;13;35,5;32,7;14,4;12,1;32;25;28;62;5,9;1,6;
2021/11/14;1800 UTC;0;980,8;981,3;980,8;2229,3;34,8;12,2;36,2;33,7;13,4;11,4;29;23;26;59;5,8;2,8;
2021/11/14;1900 UTC;0;980,6;980,8;980,6;1909,5;35,7;12;36,6;34,8;13,3;11;26;22;24;90;5,3;1,8;
2021/11/14;2000 UTC;0;980,5;980,6;980,4;753,4;35,3;12,7;35,7;34,8;15,1;11,5;30;24;26;348;3,6;0;
2021/11/14;2100 UTC;0;980,9;980,9;980,5;126,1;31,3;17,1;35,5;30,8;20,3;12,5;54;25;43;37;0;0;
2021/11/14;2200 UTC;0;981,4;981,4;980,9;;29,2;21,2;31,7;29,2;21,8;16;63;39;62;195;0;0;
2021/11/14;2300 UTC;0;981,9;981,9;981,4;;27,9;20,4;30;27,9;20,9;16,7;64;45;64;160;0;0;
2021/11/15;0000 UTC;0;983,7;983,7;981,9;;30,9;18,3;31,1;26,5;21,5;17,4;71;44;47;56;9,4;4,3;
2021/11/15;0100 UTC;0;984,3;984,3;983,7;;29,5;19,2;30,9;29,5;19,2;18,3;54;47;54;57;9,4;4,4;
2021/11/15;0200 UTC;0;984,3;984,5;984,3;;28,3;19,5;29,5;28,3;19,5;19,2;59;54;59;47;9,4;3,4;
2021/11/15;0300 UTC;0;984,6;984,7;984,3;;27,5;19,6;28,3;27,5;19,7;18,5;62;55;62;57;6,3;1,6;
2021/11/15;0400 UTC;0;984,3;984,6;984,3;;27;19,8;27,5;26,8;20,2;19,6;67;62;65;202;3,8;0;
2021/11/15;0500 UTC;0;983,9;984,3;983,8;;26,8;18,1;27,3;26,8;20,4;18;68;57;59;96;5;2,1;
2021/11/15;0600 UTC;0;983,9;983,9;983,7;;26,2;18,2;26,8;26,2;18,3;18,1;61;59;61;115;4,2;1,5;
2021/11/15;0700 UTC;0;984,4;984,4;983,9;;25,9;18,1;26,2;25,9;18,2;18,1;63;61;62;85;3,1;,8;
2021/11/15;0800 UTC;0;984,8;984,8;984,4;;25,6;18,4;26,1;25,6;18,4;18,1;65;61;65;106;4,1;,9;
2021/11/15;0900 UTC;0;985,3;985,4;984,8;72;25,5;18,6;25,6;25,1;18,6;18,3;67;65;66;121;3,3;,3;
2021/11/15;1000 UTC;0;986,4;986,4;985,3;933,7;27,3;18,4;28;25,5;19;18;66;56;58;95;6,7;3,7;
2021/11/15;1100 UTC;0;986,8;986,9;986,4;1492,8;28,2;17,6;28,7;27,1;18,6;17,6;58;52;52;92;7,4;3;
2021/11/15;1200 UTC;0;986,6;987;986,5;2119,9;30,2;16,8;30,3;27,9;18,3;16,4;55;45;45;94;8,9;4,7;
2021/11/15;1300 UTC;0;986,4;986,7;986,4;2760;31,2;15,9;31,7;29,3;17,6;15,7;47;39;40;81;9,6;3,4;
2021/11/15;1400 UTC;0;985,5;986,4;985,5;3202,2;32,9;14,9;33,1;30,5;16,5;14,3;42;33;34;71;9;3,7;
2021/11/15;1500 UTC;0;984,3;985,6;984,3;3230,2;32,9;14;34;31,7;15,5;14;37;31;32;89;8,1;4,2;
2021/11/15;1600 UTC;0;983,1;984,3;983,1;3386,8;33,2;14;34,8;32,7;15,3;13,1;34;28;31;56;7,6;3;
2021/11/15;1700 UTC;0;982,1;983,1;982,1;3349,2;35,2;12,5;35,9;33,2;14,3;12,1;32;24;26;87;7,6;2,5;
2021/11/15;1800 UTC;0;981,4;982,1;981,4;2209,7;35,2;12,5;35,5;34,6;13,3;11,6;27;24;25;78;7,2;2,2;
2021/11/15;1900 UTC;0;980,9;981,4;980,9;1378,5;34,8;12,3;35,7;34,7;13,9;11,5;28;24;26;47;5;1,7;
2021/11/15;2000 UTC;0;980,8;980,9;980,8;863,8;35,1;11,4;35,4;34,7;13,4;11,4;28;24;24;134;4;,3;
2021/11/15;2100 UTC;0;981;981;980,7;97,6;29,5;19,8;35,1;29,5;19,8;11,8;56;24;56;138;3,1;0;
2021/11/15;2200 UTC;0;981,7;981,7;981;;28,9;17,6;29,5;28,2;20,3;17,6;61;50;51;126;2,2;,2;
2021/11/15;2300 UTC;0;983,1;983,1;981,7;;30,1;15,8;31,3;28,7;19,9;14,6;58;37;42;95;10,3;5,5;
2021/11/16;0000 UTC;0;984,5;984,5;983,1;;28;17,7;30,1;28;17,7;15,8;54;42;54;89;10,3;6,1;
2021/11/16;0100 UTC;0;985,2;985,2;984,5;;27;18,7;28;27;18,7;17,8;60;54;60;69;9,6;1,9;
2021/11/16;0200 UTC;0;985,3;985,3;985,2;;26,4;19,4;27;26,4;19,4;18,7;65;60;65;136;9,6;1,3;
2021/11/16;0300 UTC;0;985,1;985,3;985,1;;26,2;19,5;26,5;26,2;19,5;19,3;67;65;67;103;2,6;1,2;
2021/11/16;0400 UTC;0;984,4;985,1;984,4;;25;19,8;26,2;25;20;19,4;73;67;73;107;2,3;0;
2021/11/16;0500 UTC;0;984,2;984,4;984,2;;25,9;17,8;26,1;24,8;19,9;17,8;74;60;61;95;5,8;2,9;
2021/11/16;0600 UTC;0;984,3;984,3;984,2;;25,7;17;25,9;25,5;18,2;17;64;59;59;107;6,7;4,1;
2021/11/16;0700 UTC;0;984,6;984,6;984,2;;24,4;17,2;25,7;24,4;17,2;17;64;59;64;106;6,7;2,5;
2021/11/16;0800 UTC;0;985,1;985,1;984,6;;23,5;17,7;24,4;23,4;17,8;17,2;70;64;70;125;4,9;,9;
2021/11/16;0900 UTC;0;985,6;985,6;985,1;146,7;25,2;18,5;25,2;23,3;18,6;17,7;74;66;66;109;2,3;,9;
2021/11/16;1000 UTC;0;985,9;985,9;985,5;758,5;25,9;17,7;26,5;25,2;18,5;17,7;66;59;61;88;4;2,6;
2021/11/16;1100 UTC;0;986,4;986,4;985,9;1109,7;27,4;17,3;27,9;25,8;18,2;17,3;61;54;54;108;9;4,2;
2021/11/16;1200 UTC;0;986,6;986,7;986,4;1638,5;28,3;17,4;28,6;27;18;17,2;56;51;52;95;8,5;4,5;
2021/11/16;1300 UTC;0;986,1;986,6;986,1;2199,2;30,3;16,9;30,8;28,2;18,1;15,8;53;42;44;91;9,4;5,3;
2021/11/16;1400 UTC;0;985,4;986,1;985,4;3208,7;31,4;14,9;32,4;30,4;16,7;14,5;44;35;37;110;9,7;5;
2021/11/16;1500 UTC;0;984,5;985,4;984,5;3287,6;32,6;14,3;33,2;31,4;15,8;14,2;37;33;33;88;9,1;4,3;
2021/11/16;1600 UTC;0;983,3;984,4;983,3;3417,4;34,2;13,9;34,6;32,5;15,3;12,2;34;28;29;109;8,5;3,1;
2021/11/16;1700 UTC;0;982,3;983,3;982,3;2720,8;34,2;11,2;35,7;33,2;13,8;11,2;30;23;25;93;8;3,6;
2021/11/16;1800 UTC;0;981,4;982,3;981,4;2200,2;35,8;12,6;35,8;33,8;12,9;10,7;28;23;25;79;6,8;2,9;
2021/11/16;1900 UTC;0;981;981,4;981;1797,3;35,7;11,1;35,9;35,2;12,1;10,4;25;22;23;101;6,3;2,1;
2021/11/16;2000 UTC;0;980,9;981;980,9;832,7;34,7;11,5;35,7;34,4;12,1;10,4;26;22;25;104;6,1;1,2;
2021/11/16;2100 UTC;0;980,9;981;980,9;105,2;29,2;17,1;34,8;29,2;17,1;10,7;48;23;48;104;3,2;,1;
2021/11/16;2200 UTC;0;981,3;981,3;980,9;;27;18,5;29,2;27;19;16,3;61;47;60;103;1,5;,7;
2021/11/16;2300 UTC;0;982;982;981,3;;26,1;19,5;27;26,1;19,9;18,4;67;59;67;201;1,2;,2;
2021/11/17;0000 UTC;0;982,5;982,5;982;;26;19,8;26,2;25,9;20,2;18,6;71;64;69;152;2,1;,9;
2021/11/17;0100 UTC;0;983,1;983,1;982,5;;30,4;15,1;31;26;19,4;12,8;69;34;40;95;8,2;4;
2021/11/17;0200 UTC;0;983,4;983,5;983,1;;28,9;16,3;30,4;28,8;16,3;15,1;47;40;47;81;8,5;2,7;
2021/11/17;0300 UTC;0;983,1;983,4;983,1;;27,8;16,5;28,9;27,8;16,8;16,3;50;47;50;100;6,3;3,6;
2021/11/17;0400 UTC;0;982,7;983,1;982,7;;26,9;16,8;27,8;26,9;16,8;16,5;54;50;54;117;7,6;3,5;
2021/11/17;0500 UTC;0;982,6;982,7;982,5;;26,1;17,1;26,9;26,1;17,1;16,8;58;54;58;123;7,3;3,2;
2021/11/17;0600 UTC;0;982,6;982,6;982,4;;25,2;17,4;26,1;25,1;17,4;17,1;62;58;62;122;5,5;1,8;
2021/11/17;0700 UTC;0;982,7;982,7;982,6;;24,7;17,3;25,2;24,6;17,6;17,3;65;62;63;109;4,4;2,4;
2021/11/17;0800 UTC;0;983,3;983,3;982,7;;23,1;17,4;24,7;23,1;17,5;17,1;70;63;70;108;4;,9;
2021/11/17;0900 UTC;0;983,9;983,9;983,3;114;24,7;18;24,7;22,6;18,4;17,5;73;66;66;117;2,8;,9;
2021/11/17;1000 UTC;0;984,7;984,7;983,9;844,1;27;17,4;27;24,7;17,9;16,9;66;56;56;111;6,7;2,9;
2021/11/17;1100 UTC;0;985,3;985,3;984,7;1746,9;27,9;16,4;28,1;26,5;17,3;16,2;56;49;50;146;7,3;4;
2021/11/17;1200 UTC;0;985,5;985,6;985,3;2498;29,5;15,9;29,5;27,7;16,9;15,4;50;43;44;128;7,2;2,4;
2021/11/17;1300 UTC;0;985;985,5;985;3171,3;31,3;14,9;31,9;29,1;16,1;14,7;44;36;37;96;6,7;1,6;
2021/11/17;1400 UTC;0;984;985;984;3579,5;32,5;13,7;32,9;31;15,4;13,7;38;32;32;311;5,5;1;
2021/11/17;1500 UTC;0;982,8;984;982,8;3684,3;33,3;13,4;34,1;32,5;14,4;13,1;33;29;30;313;5,3;2,7;
2021/11/17;1600 UTC;0;981,6;982,8;981,6;3445,8;35,5;12,6;35,5;33;14;12;31;25;25;201;7,1;2,5;
2021/11/17;1700 UTC;0;980,6;981,6;980,6;3251,8;35,6;11,7;36,5;34,7;13,7;11,7;27;24;24;77;6,5;1;
2021/11/17;1800 UTC;0;979,8;980,6;979,8;2481,3;35,7;11,5;36,8;35,6;13,1;11,2;25;22;23;72;5,1;2,3;
2021/11/17;1900 UTC;0;979,5;979,8;979,5;1622,2;36,9;10,9;37,3;35,7;12,6;10,7;24;20;21;112;3,8;,9;
2021/11/17;2000 UTC;0;979,5;979,5;979,4;983,9;35,7;11,8;36,9;35,4;12,4;10,5;25;20;24;81;4,8;1;
2021/11/17;2100 UTC;0;979,8;979,8;979,5;171;32,6;12,1;35,8;32,6;12,5;11,1;29;23;29;77;3,9;1,1;
2021/11/17;2200 UTC;0;980,2;980,2;979,8;;28,4;17,5;32,6;28,4;17,6;12,3;52;28;52;126;1,9;,4;
2021/11/17;2300 UTC;0;980,9;980,9;980,2;;27,1;18,1;28,4;27,1;18,7;17,1;60;51;58;147;1,2;0;
2021/11/18;0000 UTC;0;981,9;981,9;980,9;;30,5;13,6;30,5;26,1;18,8;13,5;64;36;36;98;8,8;4,2;
2021/11/18;0100 UTC;0;982,8;982,8;982;;30,2;14,8;30,8;30,2;15,6;14,1;41;36;39;115;10,4;5,1;
2021/11/18;0200 UTC;0;982,7;982,9;982,7;;29,1;14,5;30,2;29,1;14,8;14,4;41;39;41;108;9,7;5,1;
2021/11/18;0300 UTC;0;982,6;982,7;982,6;;27,2;15,5;29,1;27,2;15,6;14,4;49;41;49;100;9,2;2,3;
2021/11/18;0400 UTC;0;982,3;982,6;982,3;;27;16,2;27,6;27;16,2;15,4;52;48;52;113;8,2;3,9;
2021/11/18;0500 UTC;0;982,1;982,3;982;;26,5;16,6;27,2;26,5;16,6;16,2;55;51;55;105;6,8;3,7;
2021/11/18;0600 UTC;0;982,4;982,4;982;;26,3;16,9;26,5;26,2;17;16,6;57;55;56;129;6,6;3,8;
2021/11/18;0700 UTC;0;982,8;982,8;982,4;;25,6;17,2;26,3;25,6;17,2;16,9;60;56;60;120;6,8;3,2;
2021/11/18;0800 UTC;0;983,6;983,7;982,8;;24,6;17,4;25,6;24,6;17,4;17,2;64;60;64;124;5;0;
2021/11/18;0900 UTC;0;984,4;984,4;983,7;111,6;25,3;17,8;25,3;24,1;17,8;17,4;67;63;63;111;2,6;,4;
2021/11/18;1000 UTC;0;985,3;985,3;984,4;810,2;27,2;16,6;27,2;25,3;17,8;16,4;63;52;52;123;7,8;3,6;
2021/11/18;1100 UTC;0;985,7;985,7;985,3;1697,4;28,6;16,3;28,7;27;16,7;15,8;53;46;47;127;7,5;3,2;
2021/11/18;1200 UTC;0;985,8;985,9;985,7;2549,8;29,9;15;30,5;28,1;16,3;14,8;47;40;40;138;7;2,9;
2021/11/18;1300 UTC;0;985,3;985,8;985,3;3159,2;31,7;14,6;31,8;29,9;15,7;14,5;40;35;36;114;6,7;3,3;
2021/11/18;1400 UTC;0;984,4;985,3;984,4;3565,3;32,7;14,1;33,1;31;15,1;13,4;37;31;32;178;7,1;3,3;
2021/11/18;1500 UTC;0;983,3;984,5;983,3;3682,9;34,3;13,6;34,5;32,7;14,7;12,4;33;27;29;147;7,9;2,8;
2021/11/18;1600 UTC;0;982,1;983,3;982,1;3584,7;35;12,2;35,5;34,1;14,5;11,6;30;25;25;127;7,9;3,3;
2021/11/18;1700 UTC;0;980,8;982,1;980,8;3213,9;36,1;9,4;36,5;34,8;12,7;8,9;26;19;20;157;7,9;1,6;
2021/11/18;1800 UTC;0;979,9;980,8;979,9;2659,4;36,8;10,3;37,2;35,8;11,6;9,5;22;20;20;92;7,3;1;
2021/11/18;1900 UTC;0;979,7;979,9;979,4;1875,8;36;11,4;37,8;35,9;11,9;9,7;23;19;23;86;10,1;2,1;
2021/11/18;2000 UTC;0;979,8;979,8;979,6;389,7;34,4;13,2;36,3;34,4;13,2;10,4;28;21;28;76;4,4;1,1;
2021/11/18;2100 UTC;0;980;980;979,8;35,1;33,1;13,9;34,4;33,1;15,4;13;33;28;31;104;2,5;,7;
2021/11/18;2200 UTC;0;980,3;980,3;980;;30,8;16,5;33,1;30,8;17,7;13,5;45;31;42;131;1,6;0;
2021/11/18;2300 UTC;0;981;981;980,3;;30;17,9;30,8;29,9;19,1;16,6;51;42;48;132;0;0;
2021/11/19;0000 UTC;0;981,8;981,8;981;;29,8;13,3;30;28,2;19,1;13,3;56;36;36;114;5;2,2;
2021/11/19;0100 UTC;0;982,3;982,3;981,8;;30,3;14,3;31;29,8;14,3;12,6;38;33;38;109;5;2,1;
2021/11/19;0200 UTC;0;982,9;982,9;982,3;;29,7;15,2;30,7;29,7;15,2;14,3;42;38;42;98;6,5;2,1;
2021/11/19;0300 UTC;0;982,9;983;982,9;;29,9;15,1;30,1;29,5;15,4;15;42;41;41;113;7,2;3,8;
2021/11/19;0400 UTC;0;982,9;982,9;982,8;;28,4;15,5;29,9;28,4;15,8;15,1;46;41;45;99;7,2;3,5;
2021/11/19;0500 UTC;0;982,9;982,9;982,7;;27,4;16,7;28,4;27,4;16,7;15,5;52;45;52;107;5,4;2,4;
2021/11/19;0600 UTC;0;983,1;983,1;982,8;;26,4;17,2;27,4;26,3;17,2;16,7;57;52;57;109;5,1;2,6;
2021/11/19;0700 UTC;0;983,6;983,7;983,1;;25,4;17,7;26,4;25,4;17,7;17,2;62;57;62;104;4,8;1,4;
2021/11/19;0800 UTC;0;984,4;984,4;983,6;;23,5;18,2;25,4;23,5;18,2;17,6;72;62;72;147;2,5;0;
2021/11/19;0900 UTC;0;985;985;984,4;59,7;25,2;19,5;25,2;23,4;19,9;18,3;75;71;71;112;0;0;
2021/11/19;1000 UTC;0;985,7;985,7;985;449;27,7;18,5;27,7;25,2;19,5;18,3;71;57;57;126;6,8;3;
2021/11/19;1100 UTC;0;986,2;986,2;985,7;869,4;28,1;18,1;28,3;27,7;18,7;17,6;58;53;55;100;8,3;4,6;
2021/11/19;1200 UTC;0;986,1;986,3;986,1;1732,1;30,5;18,1;30,5;28,1;18,7;17,2;55;47;47;98;7,9;3,2;
2021/11/19;1300 UTC;0;985,6;986,1;985,5;3170,8;32;15,7;32;30,1;17,9;15,2;47;37;38;106;8,6;5;
2021/11/19;1400 UTC;0;984,6;985,6;984,6;3574,4;33,4;14,8;33,5;31,6;16;14;39;32;33;88;9,6;4;
2021/11/19;1500 UTC;0;983,4;984,6;983,4;3668,7;34,7;13,1;34,8;33,2;15,1;13;33;27;27;62;9,6;2,9;
2021/11/19;1600 UTC;0;982,1;983,4;982,1;3152,9;35,3;13,3;36,2;34;14,3;12,7;30;26;27;96;8,6;4,6;
2021/11/19;1700 UTC;0;981;982,1;981;2902,6;35,9;12,8;36,4;34,6;14,1;12,2;28;24;25;95;9;3;
2021/11/19;1800 UTC;0;980,2;981;980,1;2638,6;37;12,6;37,2;35,6;13,1;11,4;26;22;23;129;7,6;2,6;
2021/11/19;1900 UTC;0;979,8;980,2;979,8;1721,5;37,2;12,8;37,5;36,5;12,8;11,4;24;22;23;128;5,8;1,2;
2021/11/19;2000 UTC;0;979,9;979,9;979,7;797,1;35,5;12,5;37,2;35,5;13,5;11,8;26;23;25;109;6;2;
2021/11/19;2100 UTC;0;980,1;980,1;979,8;92,9;32,3;14,2;35,5;32,1;16,6;12,6;39;25;34;90;4;1,2;
2021/11/19;2200 UTC;0;980,5;980,5;980,1;;28,5;18;32,3;28,5;18,3;14,8;53;34;53;100;2,2;0;
2021/11/19;2300 UTC;0;981,4;981,4;980,5;;28,1;18,3;28,6;27,8;19,6;17,4;60;51;55;122;1,7;1,1;
2021/11/20;0000 UTC;0;982,1;982,1;981,4;;32,1;11,7;32,2;28,1;19,2;11,7;58;29;29;112;4,7;,1;
2021/11/20;0100 UTC;0;983,4;983,4;982,1;;31;14,1;32,2;31;14,1;11,4;36;28;36;103;10;5,3;
2021/11/20;0200 UTC;0;984;984,1;983,4;;29,4;15,8;31;29,4;15,8;14,2;44;36;44;114;10,8;5,2;
2021/11/20;0300 UTC;0;984;984,2;984;;28,2;15,9;29,5;28,2;16,1;15,8;47;43;47;112;10,1;4,5;
2021/11/20;0400 UTC;0;983,6;984;983,6;;27,4;16,2;28,3;27,4;16,2;15,9;51;47;51;110;9,2;4,5;
2021/11/20;0500 UTC;0;983,8;983,8;983,6;;26,3;16,4;27,4;26,3;16,5;16,2;55;51;55;107;7,5;2,5;
2021/11/20;0600 UTC;0;983,8;983,8;983,7;;25,4;16,7;26,4;25,2;16,7;16,4;59;54;59;100;5,3;2,3;
2021/11/20;0700 UTC;0;984,1;984,2;983,8;;24,4;16,6;25,5;24,4;16,6;16,3;62;57;62;101;5,3;,7;
2021/11/20;0800 UTC;0;984,3;984,3;984;;24,7;16,9;24,7;23,6;17,3;16,6;67;62;62;117;3,4;,2;
2021/11/20;0900 UTC;0;984,7;984,7;984,3;110,1;25,4;17,2;25,4;24,5;17,2;16,9;63;60;61;123;4,9;1,9;
2021/11/20;1000 UTC;0;985,2;985,2;984,7;850,3;27,2;17,2;27,2;25,4;17,3;16,8;61;54;54;112;7,7;3,8;
2021/11/20;1100 UTC;0;985,7;985,7;985,2;1638,4;27,6;16,5;28,4;26,7;17;16,2;54;49;51;100;8,6;4,1;
2021/11/20;1200 UTC;0;985,8;986;985,7;2575,9;29,3;15,6;29,7;27,6;17,3;15,6;51;43;44;111;8,2;4,3;
2021/11/20;1300 UTC;0;985,2;985,8;985,1;3159,5;31;14,7;31,4;29,2;16,3;14,5;45;37;37;76;7,7;1,2;
2021/11/20;1400 UTC;0;984,4;985,2;984,4;3568;33,5;13,6;33,5;31;15;12,5;38;29;30;97;8,5;1,4;
2021/11/20;1500 UTC;0;983,1;984,4;983,1;3698,4;34,2;12,3;34,9;33;14,1;11,8;32;26;27;79;8;3;
2021/11/20;1600 UTC;0;981,8;983,1;981,8;3581,2;35,3;12,1;35,9;34,2;13,1;11,4;27;24;25;117;7,4;2,4;
2021/11/20;1700 UTC;0;981;981,8;981;3198,9;36,7;12,1;37,1;34,7;12,4;10,8;25;21;23;82;7,7;1,2;
2021/11/20;1800 UTC;0;980,3;981;980,3;2720,6;37,1;10,9;37,1;35,8;12,7;10,3;24;21;21;118;6,4;0;
2021/11/20;1900 UTC;0;980;980,3;980;1855,5;36,1;10,3;37,9;36,1;12,1;10,2;23;19;21;19;4,2;0;
2021/11/20;2000 UTC;0;980;980;979,9;845,9;35,1;10,7;37,1;35,1;11,5;9,8;23;19;23;63;0;0;
2021/11/20;2100 UTC;0;980,3;980,3;980;91,8;30,4;15,5;35,1;30,4;15,5;10,3;41;22;41;79;0;0;
2021/11/20;2200 UTC;0;980,8;980,8;980,3;;27,8;17,4;30,4;27,8;17,8;14,7;54;39;53;104;0;0;
2021/11/20;2300 UTC;0;981,4;981,4;980,8;;26,5;17,6;27,8;26,5;17,9;17,2;58;53;58;99;0;0;
2021/11/21;0000 UTC;0;982,5;982,5;981,4;;29,9;15,5;30;25,9;17,7;13,6;58;37;42;53;10,3;3,5;
2021/11/21;0100 UTC;0;983,7;983,7;982,5;;29;15,9;30;28,9;15,9;15,6;46;42;45;55;7,6;3,7;
2021/11/21;0200 UTC;0;984,1;984,2;983,7;;27,7;16,6;29;27,7;16,6;15,9;51;45;51;57;7,8;2,9;
2021/11/21;0300 UTC;0;984,1;984,2;983,8;;27;17,5;27,7;26,9;17,5;16,6;56;51;56;50;6,8;2,8;
2021/11/21;0400 UTC;0;984,5;984,6;984,1;;26;17,8;27;26;17,9;17,5;61;56;61;42;5,5;1;
2021/11/21;0500 UTC;0;984,2;984,5;984,2;;25;17,3;26;23,7;18,6;17,3;73;61;62;106;4,3;2,1;
2021/11/21;0600 UTC;0;984,4;984,4;984,1;;24,5;16;25,4;24,5;17,2;15,8;62;55;59;106;4,8;1,7;
2021/11/21;0700 UTC;0;984,9;984,9;984,4;;21,9;16,7;24,5;21,9;16,7;15,9;72;59;72;93;2,7;0;
2021/11/21;0800 UTC;0;985,1;985,1;984,8;;21,8;16,5;22,2;21,6;17,2;16,5;74;72;72;124;1,6;0;
2021/11/21;0900 UTC;0;985,8;985,8;985,1;112,1;23,7;17,6;23,7;21,4;18,3;16,3;76;69;69;78;2,2;0;
2021/11/21;1000 UTC;0;986,3;986,3;985,8;823,2;26,5;15,5;26,8;23,7;17,3;15,3;69;50;51;98;5,8;3,4;
2021/11/21;1100 UTC;0;986,6;986,6;986,3;1765,4;27,8;16,1;28,2;26,5;16,6;15,7;52;48;49;102;7,2;4,7;
2021/11/21;1200 UTC;0;986,6;986,7;986,5;2572,7;29,2;15,7;29,3;27,6;16,6;15,4;49;43;44;92;7,2;3,8;
2021/11/21;1300 UTC;0;986,2;986,6;986,2;3167,3;30,5;14,6;30,9;29;16,1;14,6;45;38;38;94;6,5;2,9;
2021/11/21;1400 UTC;0;985,4;986,2;985,4;3558;31,9;13,7;32,7;30,3;14,9;13,3;38;32;33;110;8;3;
2021/11/21;1500 UTC;0;984,2;985,4;984,2;3689;32,9;12,6;33,9;31,9;14,5;12,5;34;29;29;31;5,7;2,3;
2021/11/21;1600 UTC;0;983,1;984,2;983,1;3569,2;34,7;12,6;35,1;32,9;13,3;12;30;26;26;49;5,8;2,3;
2021/11/21;1700 UTC;0;981,8;983,1;981,8;3231;35,7;11,5;36,1;34,2;13,2;10,9;27;23;23;17;7,6;1,6;
2021/11/21;1800 UTC;0;980,7;981,8;980,7;2058,9;35,6;10,8;36,6;35;12;10,4;24;21;22;144;6;1,1;
2021/11/21;1900 UTC;0;980,3;980,7;980,3;1490,2;35,5;11,6;36,7;34,5;12;10,5;26;21;24;108;5,4;2,5;
2021/11/21;2000 UTC;0;980,3;980,3;980,2;860,2;35,1;12,4;36,4;35,1;12,4;10,1;25;21;25;92;3,9;,5;
2021/11/21;2100 UTC;0;980,6;980,6;980,2;98,8;29,7;17;35,4;29,7;17;11,9;46;25;46;80;1,9;0;
2021/11/21;2200 UTC;0;981,1;981,1;980,6;;27,7;17,1;29,7;27,7;17,9;16,1;55;46;53;123;1,1;,1;
2021/11/21;2300 UTC;0;981,7;981,7;981,1;;26,7;17,9;27,7;26,7;18,7;17,3;60;53;59;123;,9;0;
2021/11/22;0000 UTC;0;982,7;982,7;981,7;;30,7;14,7;30,8;26,7;18,1;13,9;59;36;38;37;8,5;4,3;
2021/11/22;0100 UTC;0;983,5;983,5;982,7;;29,5;16,3;30,8;29,5;16,3;14,9;45;38;45;72;10,4;3,4;
2021/11/22;0200 UTC;0;983,9;984;983,5;;28,4;15,9;29,5;28,3;16,3;15,9;47;45;47;65;8,3;3,2;
2021/11/22;0300 UTC;0;983,8;984;983,7;;27,3;17,3;28,4;27,2;17,3;15,9;54;47;54;34;6,5;1,5;
2021/11/22;0400 UTC;0;983,4;983,8;983,4;;25,6;17,8;27,3;25,6;18;17,3;62;54;62;120;4,8;,4;
2021/11/22;0500 UTC;0;983;983,4;982,9;;24,2;18,8;25,6;23,8;18,8;17,8;73;62;72;89;1,6;,2;
2021/11/22;0600 UTC;0;983,1;983,2;983;;23,2;18,9;24,4;23,2;18,9;18,3;77;71;77;106;1,2;0;
2021/11/22;0700 UTC;0;983;983,2;983;;22,9;19,3;23,2;22,7;19,4;18,8;81;77;80;108;1,5;,3;
2021/11/22;0800 UTC;0;983,6;983,6;983;;25;18,1;25;22,9;19,3;18,1;80;65;65;107;3,5;2,2;
2021/11/22;0900 UTC;0;984,2;984,2;983,6;124;25,9;18,1;25,9;25;18,2;18;65;62;62;108;6,7;3,4;
2021/11/22;1000 UTC;0;984,3;984,3;984,1;828;27,1;18;27,1;25,9;18,3;17,9;62;57;58;107;6,1;3,4;
2021/11/22;1100 UTC;0;984,3;984,4;984,3;1781,7;29,2;17,6;29,2;27,1;18;17,4;57;49;50;100;7,2;3,7;
2021/11/22;1200 UTC;0;984,2;984,4;984,2;2337,2;30,1;16,9;30,6;29,1;17,7;16,6;50;44;45;92;8,5;3,1;
2021/11/22;1300 UTC;0;983,9;984,3;983,9;3029,3;32,1;16,8;32,2;30,1;17,2;16,1;45;39;40;68;7,2;3;
2021/11/22;1400 UTC;0;983,4;983,9;983,4;3511,9;33,7;16,1;33,7;31,7;16,9;15,1;40;34;35;77;6,8;2;
2021/11/22;1500 UTC;0;982,5;983,4;982,5;3566,2;34,7;14,9;34,9;33,3;16,3;14,9;35;31;31;118;6,1;2,8;
2021/11/22;1600 UTC;0;981,4;982,5;981,4;3501,2;36,2;14,4;36,2;34,3;15,6;14,2;31;27;27;95;9,7;0;
2021/11/22;1700 UTC;0;980,3;981,4;980,3;2952,3;36,6;12,7;37,3;35,4;14,6;12,7;27;24;24;75;5,7;,9;
2021/11/22;1800 UTC;0;979,7;980,3;979,7;2345,2;36,9;11,7;37,8;35,2;13,7;11,2;27;21;22;88;6,2;0;
2021/11/22;1900 UTC;0;979,3;979,7;979,3;1763,8;36,5;10,6;38,1;36,5;12,3;10;23;19;21;72;5,9;,5;
2021/11/22;2000 UTC;0;979,5;979,5;979,3;527,4;34,5;13,3;37;34;15,1;10,3;32;20;28;76;5,9;0;
2021/11/22;2100 UTC;0;979,9;979,9;979,5;76,9;32,5;13,6;34,5;32,5;13,7;12,3;32;27;32;57;2,6;0;
2021/11/22;2200 UTC;0;980,9;980,9;979,9;;29,7;14,9;32,5;29,7;17,1;13,4;46;31;41;82;0;0;
2021/11/22;2300 UTC;0;981,7;981,7;980,9;;29;15,8;29,7;28,9;17,8;15,1;50;41;45;100;0;0;
2021/11/23;0000 UTC;0;982,2;982,2;981,7;;28,6;17,9;30,4;28,5;18,1;13,9;53;37;52;108;0;0;
2021/11/23;0100 UTC;0;983,6;983,6;982,2;;30;18,6;31,1;28,5;18,6;14,9;53;38;51;39;8,9;4,4;
2021/11/23;0200 UTC;0;984,2;984,2;983,6;;28,8;18,9;30;28,8;18,9;18,6;55;51;55;42;8,9;2,2;
2021/11/23;0300 UTC;0;983,7;984,2;983,7;;27,7;19,2;28,8;27,7;19,2;18,9;60;55;60;79;4,8;0;
2021/11/23;0400 UTC;0;983,8;983,8;983,7;;26,7;19,5;27,7;26,1;19,9;19,2;68;60;65;86;0;0;
2021/11/23;0500 UTC;0;983,6;983,9;983,6;;26,9;18,1;27,2;26,5;19,4;18,1;65;58;59;108;6,1;3,3;
2021/11/23;0600 UTC;0;984,1;984,1;983,6;;25,8;18,3;27;25,8;18,3;18,1;63;59;63;106;5,4;0;
2021/11/23;0700 UTC;0;984,4;984,4;984,1;;24,9;18,4;25,9;24,9;18,4;18,3;67;63;67;89;0;0;
2021/11/23;0800 UTC;0;985;985;984,4;;24,3;18,4;25;24,3;18,5;18,3;70;67;69;108;2,2;,4;
2021/11/23;0900 UTC;0;985,6;985,6;985;89,5;24,7;18,6;24,7;24;18,6;18,4;71;69;69;122;2,5;0;
2021/11/23;1000 UTC;0;985,9;985,9;985,6;675,5;26,8;17,9;26,8;24,7;18,8;17,7;69;58;58;101;4,9;0;
2021/11/23;1100 UTC;0;986,3;986,3;985,9;1472,1;28,1;17;28,4;26,6;17,8;17;58;51;51;103;9;3,2;
2021/11/23;1200 UTC;0;986,3;986,5;986,2;2334,1;29;16,7;29,1;27,9;17,5;16,5;52;47;48;95;8,4;4,4;
2021/11/23;1300 UTC;0;986,4;986,4;986,3;2896,2;31,7;16;31,7;29;17,3;14,9;48;37;39;91;8,4;3;
2021/11/23;1400 UTC;0;985,6;986,4;985,6;3565,8;32,5;14,1;33,1;30,9;15,8;14,1;39;32;33;87;6,7;0;
2021/11/23;1500 UTC;0;984,5;985,6;984,5;3492,8;34,1;13,3;34,4;32,3;15,1;12,8;34;28;29;109;6,5;0;
2021/11/23;1600 UTC;0;983,4;984,5;983,4;2590;34,5;12,7;35,1;33,5;14,2;12,7;30;27;27;136;5,7;0;
2021/11/23;1700 UTC;0;982,2;983,4;982,2;3037,2;36;11,9;36,7;34,5;13,6;11,1;27;22;23;51;7,6;,5;
2021/11/23;1800 UTC;0;981,3;982,2;981,3;2332,2;35,6;10,2;37;35,4;11,9;9,8;23;21;21;72;8,6;0;
2021/11/23;1900 UTC;0;981,1;981,3;981,1;1615,9;36,5;11,1;36,5;35;11,7;9,8;24;20;22;93;7,5;2,2;
2021/11/23;2000 UTC;0;981;981,1;980,9;883,7;35,4;12,1;36,5;35,4;12,1;9,9;25;20;25;84;4,4;,9;
2021/11/23;2100 UTC;0;981,1;981,1;981;116,6;31,3;12,7;35,3;30,3;15,1;11,5;39;24;32;47;2,9;,5;
2021/11/23;2200 UTC;0;981,7;981,7;981,1;;28,3;16,5;31,8;28,3;16,5;12,4;49;31;49;116;2,1;0;
2021/11/23;2300 UTC;0;982,2;982,2;981,7;;26,8;17,1;28,3;26,8;17,1;16,3;55;48;55;143;1;,2;
2021/11/24;0000 UTC;0;983,3;983,3;982,2;;29,1;15,3;29,1;26;17,5;15,3;59;43;43;92;7,5;2,1;
2021/11/24;0100 UTC;0;984,3;984,3;983,3;;29;19,5;30,3;29;19,5;14,8;56;40;56;52;10,5;4,4;
2021/11/24;0200 UTC;0;984,7;984,8;984,3;;27,9;19,5;29;27,9;19,6;19,4;61;56;61;47;10,5;4,1;
2021/11/24;0300 UTC;0;985;985,1;984,7;;27,5;19,8;27,9;27,5;19,9;19,5;63;61;63;55;7,7;2,3;
2021/11/24;0400 UTC;0;984,7;985;984,7;;27;20;27,5;26,9;20,1;19,8;66;63;66;57;4,1;0;
2021/11/24;0500 UTC;0;984,2;984,7;984,2;;26,8;20,1;27,1;26,8;20,1;20;67;65;67;43;5,3;2,6;
2021/11/24;0600 UTC;0;984,4;984,4;984,1;;26,5;20,3;26,8;26,5;20,3;20,1;69;67;69;50;6;,6;
2021/11/24;0700 UTC;0;984,3;984,4;984,3;;26,5;20,3;26,6;26,5;20,3;20,3;69;68;69;52;3,6;0;
2021/11/24;0800 UTC;0;984,7;984,7;984,3;;25,2;19,6;26,6;25,1;20,5;19,5;72;68;71;100;6,4;0;
2021/11/24;0900 UTC;0;985,4;985,4;984,7;105,8;25,8;19,2;25,8;25,1;19,6;19;71;66;67;101;4,7;0;
2021/11/24;1000 UTC;0;986;986;985,4;777,6;27,1;18,8;27,1;25,8;19,4;18,4;67;60;61;97;6,8;,2;
2021/11/24;1100 UTC;,2;986,2;986,2;986;1690,4;28,5;17,5;28,6;27,1;19;17,5;61;51;52;100;6,6;1,9;
2021/11/24;1200 UTC;0;986,4;986,4;986,2;2526,8;30,2;17;30,7;28,4;18;16,9;52;44;45;96;6,6;3,3;
2021/11/24;1300 UTC;0;985,8;986,4;985,8;3171,7;31,8;16,8;32,1;30;17,2;15,6;46;38;41;104;6,9;2,8;
2021/11/24;1400 UTC;0;985,2;985,8;985,2;3554,5;33,1;15,2;33,5;31,5;16,6;15;40;34;34;99;6,1;2;
2021/11/24;1500 UTC;0;984,2;985,2;984,2;3614,3;34,4;14,9;35;32,4;15,9;14,5;35;31;31;123;7,1;1,5;
2021/11/24;1600 UTC;0;982,9;984,2;982,9;3092,4;35,4;14,4;35,8;33,7;15,6;14;33;28;29;115;6,4;3,3;
2021/11/24;1700 UTC;0;982;982,9;982;2446;35,9;13,3;36,6;34,6;14,9;13,3;30;26;26;118;7,2;,8;
2021/11/24;1800 UTC;0;981,2;982;981,2;2167,5;36,3;12,5;37,1;35;14,4;12,4;27;24;24;22;5;,4;
2021/11/24;1900 UTC;0;981;981,2;980,9;1808;36,2;11,8;37,6;36,2;13,3;11,8;25;22;23;56;5,6;1,3;
2021/11/24;2000 UTC;0;981;981,2;981;843,3;35,5;12;36,4;35,5;13,2;11,5;25;23;24;114;4,7;1,6;
2021/11/24;2100 UTC;0;981,1;981,1;981;115,7;31,5;15;35,6;31,5;15;12,2;37;24;37;84;3;1;
2021/11/24;2200 UTC;0;981,5;981,5;981;;28;16,7;31,5;28;17;15,1;50;37;50;105;1,9;0;
2021/11/24;2300 UTC;0;982,1;982,1;981,5;;26,9;17,1;28;26,9;18,1;16,5;57;50;55;138;1,2;0;
2021/11/25;0000 UTC;0;983,2;983,2;982,1;;30,3;18,4;30,3;26,1;18,4;15,5;58;42;49;46;8,4;4,9;
2021/11/25;0100 UTC;0;984,3;984,3;983,2;;28,8;18,9;30,3;28,8;19,3;18,4;55;49;55;52;10,9;5,1;
2021/11/25;0200 UTC;0;984,6;984,6;984,2;;28,1;18,7;28,8;28,1;18,9;18,7;57;55;57;51;10,7;3,6;
2021/11/25;0300 UTC;0;984,5;984,7;984,5;;27,4;18,8;28,1;27,4;18,8;18,6;59;56;59;61;9,3;2,8;
2021/11/25;0400 UTC;0;984,2;984,5;984,1;;26,8;19;27,4;26,8;19;18,7;62;59;62;60;5,3;,6;
2021/11/25;0500 UTC;0;984,2;984,3;984,2;;27,2;18,6;27,3;26,8;19,1;18,5;63;59;60;75;5;0;
2021/11/25;0600 UTC;0;984;984,2;984;;26,3;17,4;27,2;26,3;18,6;17,4;61;57;58;90;6,6;,9;
2021/11/25;0700 UTC;0;984,1;984,2;984;;25,3;17,6;26,4;25,3;17,6;17,3;62;58;62;92;5,4;0;
2021/11/25;0800 UTC;0;984,2;984,2;983,9;;23,2;17,8;25,3;23,2;17,9;17,6;72;62;72;82;0;0;
2021/11/25;0900 UTC;0;984,6;984,6;984,2;92,6;24,4;18,5;24,4;22,5;19;17,7;77;70;70;87;0;0;
2021/11/25;1000 UTC;0;985;985,1;984,6;776,6;26,9;17,9;27;24,4;18,8;17,7;70;58;58;107;7;3,8;
2021/11/25;1100 UTC;0;985,5;985,6;985;1691,6;28,2;17,5;28,2;26,9;18;17,1;58;52;52;86;8,2;4,3;
2021/11/25;1200 UTC;0;985,3;985,7;985,3;2503,3;29,9;16,3;30,2;28,1;17,8;16,3;53;44;44;83;9;3,9;
2021/11/25;1300 UTC;0;984,9;985,4;984,9;3145,5;31,6;15,2;32,1;29,8;17;14,8;45;36;37;84;10,3;1,6;
2021/11/25;1400 UTC;0;984,3;984,9;984,3;3559,7;33,2;13,9;33,4;31,6;15,6;13,5;37;31;31;88;7,9;3,2;
2021/11/25;1500 UTC;0;983,2;984,3;983,2;3747,5;33,6;13,1;34,3;32,9;14,3;12,8;31;28;29;94;7,5;2,1;
2021/11/25;1600 UTC;0;981,7;983,2;981,7;3655,9;35;13,1;35,4;33,6;14,1;12,5;29;26;27;106;7,5;1,1;
2021/11/25;1700 UTC;0;980,8;981,7;980,8;3067,6;35,1;12,5;36,1;34,6;13,9;12,3;28;25;26;99;6,6;1,9;
2021/11/25;1800 UTC;0;980,1;980,8;980,1;2632,7;36,4;12,9;36,9;35;13,7;12,2;26;23;24;109;7;1,6;
2021/11/25;1900 UTC;0;979,9;980,2;979,8;1766,1;36,2;12,4;36,7;35,7;13,1;11,4;25;22;24;78;4,7;1,9;
2021/11/25;2000 UTC;0;980,1;980,1;979,9;805,6;35,2;13,7;36,4;35,2;14,1;11,2;28;22;28;89;4,7;,9;
2021/11/25;2100 UTC;0;980,4;980,4;980,1;103,6;30,3;16,8;35,2;30,3;17,4;13,4;46;27;44;161;1,7;0;
2021/11/25;2200 UTC;0;981;981;980,4;;28,4;18,1;30,3;28,4;18,1;16,3;54;43;54;204;1,9;,1;
2021/11/25;2300 UTC;0;981,9;981,9;981;;27,5;18,7;28,4;27,4;19,4;17,9;61;53;59;207;1,9;1,1;
2021/11/26;0000 UTC;0;982,9;982,9;981,9;;26,8;17,6;28,9;26,7;19,5;17;60;49;57;133;5,8;,6;
2021/11/26;0100 UTC;0;983,8;983,8;982,9;;29,5;16;30,3;26,9;17,2;14,5;56;39;44;71;5,8;1,6;
2021/11/26;0200 UTC;0;984;984;983,7;;28,9;15,7;29,6;28,8;16,1;15,7;45;44;45;58;7,1;2,1;
2021/11/26;0300 UTC;0;984,1;984,1;984;;28;16,2;28,9;28;16,2;15,3;49;44;49;55;6,9;2,8;
2021/11/26;0400 UTC;0;983,8;984,1;983,8;;27,1;17,9;28;27,1;18;16,2;57;49;57;63;6;1,8;
2021/11/26;0500 UTC;0;983,9;983,9;983,6;;26,7;18,5;27,1;26,4;18,5;17,7;61;57;61;68;4,8;,5;
2021/11/26;0600 UTC;0;983,6;983,9;983,6;;25,7;19,4;26,8;25,7;19,4;18,5;68;61;68;82;3,7;,1;
2021/11/26;0700 UTC;0;983,9;983,9;983,6;;25,6;20,1;25,9;25,2;20,1;19,2;72;68;72;99;1,7;,3;
2021/11/26;0800 UTC;0;984,4;984,4;983,9;;25,9;20,2;25,9;25,6;20,2;20,1;72;71;71;89;2,9;1,9;
2021/11/26;0900 UTC;0;985,4;985,4;984,4;107,4;26,1;19,2;26,1;25,8;20,2;19,2;71;66;66;110;4,4;2;
2021/11/26;1000 UTC;0;985,5;985,7;985,4;805,2;27,7;17,8;27,7;26,1;19,2;17,6;66;55;55;98;5,8;3,7;
2021/11/26;1100 UTC;0;986;986;985,5;1673,3;28,8;16,8;29;27,6;18;16,8;55;48;48;96;7,9;3,9;
2021/11/26;1200 UTC;0;986;986,2;986;1854,8;30,2;17;30,6;28,6;17,4;15,9;49;42;45;93;6,7;3,1;
2021/11/26;1300 UTC;0;985,6;986;985,6;2188,2;30,9;16,2;31,7;29,7;16,9;15,6;45;40;41;113;6,7;1,9;
2021/11/26;1400 UTC;0;984,8;985,6;984,8;2613,9;33,2;14,9;33,3;30,3;16,7;14;42;33;33;96;7,1;2;
2021/11/26;1500 UTC;0;983,6;984,8;983,6;2781,7;34,3;14,1;34,7;31,8;15,1;13,7;36;29;30;99;6;2,6;
2021/11/26;1600 UTC;0;982,2;983,6;982,2;2757,5;35,3;13,5;35,6;33,1;14,9;13,3;32;27;27;330;6,1;,9;
2021/11/26;1700 UTC;0;981;982,2;980,9;2833,2;36;13,5;36,8;34;14,4;12,9;30;26;26;175;8,7;2;
2021/11/26;1800 UTC;0;980,2;981;980,2;2309,1;36;13,3;36,7;35;13,8;12,7;28;25;26;74;8,7;,6;
2021/11/26;1900 UTC;0;979,9;980,2;979,9;1661,6;36;12,2;36,7;35,3;13,7;12,2;27;24;24;292;3,3;1,4;
2021/11/26;2000 UTC;0;979,9;980;979,9;634,2;34,6;13,7;36,6;34,5;14;12,1;29;24;29;253;3,1;,2;
2021/11/26;2100 UTC;0;980,2;980,2;979,9;69,7;30;17;34,6;30;17,5;13,5;47;29;46;247;1,9;0;
2021/11/26;2200 UTC;0;980,8;980,8;980,2;;27,9;19,3;30;27,9;19,5;17,1;60;46;59;178;1,3;0;
2021/11/26;2300 UTC;0;981,5;981,5;980,8;;27,7;18,7;28,7;27,6;19,5;18,3;61;56;58;207;2;,9;
2021/11/27;0000 UTC;0;982,8;982,8;981,5;;30,2;17,5;30,4;27,7;18,2;17;58;45;47;41;8,5;3,9;
2021/11/27;0100 UTC;0;984,4;984,4;982,8;;29,4;18,5;30,3;29,4;18,5;17,6;52;47;52;64;8,8;3,3;
2021/11/27;0200 UTC;0;983,9;984,5;983,9;;28,5;18,6;29,4;28,5;18,6;18,5;55;52;55;38;7,8;3,7;
2021/11/27;0300 UTC;0;983,6;984;983,6;;27,4;18,8;28,5;27,4;18,8;18,5;60;55;60;55;7,1;2,1;
2021/11/27;0400 UTC;0;983,7;984,1;983,6;;23,6;21,1;27,5;23,4;21,1;18,8;86;59;86;70;8,6;1,8;
2021/11/27;0500 UTC;0;983,7;983,9;983,7;;24,3;21,7;24,4;23,6;21,9;21,1;87;85;85;199;6,6;2;
2021/11/27;0600 UTC;0;983,8;983,8;983,5;2,5;24,7;20,6;25;24,2;21,8;20,1;86;75;78;180;4;1,4;
2021/11/27;0700 UTC;0;983,6;983,8;983,6;;24,6;20,7;24,8;24,3;21,5;20,6;83;78;79;103;2,6;1;
2021/11/27;0800 UTC;,2;983,9;983,9;983,6;;24,6;20,9;24,7;24,4;20,9;20,3;80;77;80;117;2,1;,1;
2021/11/27;0900 UTC;,2;984,7;984,7;983,9;74,1;24,5;22;24,6;24;22;20,4;86;80;86;89;1;0;
2021/11/27;1000 UTC;0;985,3;985,4;984,6;560,9;26,3;20,3;26,7;24,4;22,3;20,2;86;68;70;145;2,3;,7;
2021/11/27;1100 UTC;0;985,7;985,7;985,3;1615,8;28,6;19,6;28,6;26,3;21;18,9;71;57;58;106;5,6;2,7;
2021/11/27;1200 UTC;,2;985,5;985,7;985,4;2563,1;29,6;19;30;28;19,9;18,5;59;51;53;103;7,1;4,3;
2021/11/27;1300 UTC;0;985,3;985,5;985,3;2639,8;30,3;18,1;31,4;29,2;19,7;17,7;54;45;48;92;6,9;3,9;
2021/11/27;1400 UTC;0;984,7;985,3;984,7;3459,4;31,4;16,8;32,7;30,1;18,7;16,8;49;40;41;90;7,6;2,8;
2021/11/27;1500 UTC;0;983,9;984,7;983,9;2928,9;33,1;17;33,6;31,3;18,2;16,4;46;38;38;52;5,5;2;
2021/11/27;1600 UTC;0;982,8;983,9;982,8;3267;34;16,2;34,9;32,5;17,9;15,5;42;32;35;63;4,7;1,7;
2021/11/27;1700 UTC;0;981,4;982,8;981,4;3110,9;35;16,2;35,6;33,9;17;14,8;35;30;33;83;4,9;1,6;
2021/11/27;1800 UTC;0;980,4;981,4;980,4;2626,9;35,3;14,6;36,2;34,8;16,2;14,1;33;28;29;106;4,3;1,6;
2021/11/27;1900 UTC;0;980;980,4;980;1736,2;35,5;14,5;36,1;35,2;15,9;14;31;27;29;140;4,4;1,3;
2021/11/27;2000 UTC;0;979,5;980;979,5;872,1;34,1;15,6;36,7;34,1;15,9;13,8;34;26;33;104;3,3;1,5;
2021/11/27;2100 UTC;0;979,8;979,8;979,5;70,4;30,2;21,6;34,1;30,2;21,6;15,8;60;33;60;42;2,1;,3;
2021/11/27;2200 UTC;0;980,4;980,5;979,7;;28,2;22,8;30,6;28,2;22,9;18,8;73;50;73;150;1,9;0;
2021/11/27;2300 UTC;0;981,7;981,7;980,3;;27,2;22,2;28,2;27,1;22,9;21,8;75;71;74;188;0;0;
2021/11/28;0000 UTC;0;982,8;982,9;981,7;;30,7;18;31;27,1;23,2;16,9;77;43;47;36;8,6;3,4;
2021/11/28;0100 UTC;0;983,6;983,6;982,9;;29;18,8;30,7;29;18,9;18;54;47;54;49;8,6;3,7;
2021/11/28;0200 UTC;0;984,3;984,4;983,6;;28;18,3;29;28;18,7;18,3;56;54;55;45;8,6;4;
2021/11/28;0300 UTC;0;984,1;984,3;984,1;;27,3;18,2;28,1;27,3;18,3;18,2;58;55;58;55;9;3,6;
2021/11/28;0400 UTC;0;984;984,1;984;;26,5;18,6;27,3;26,5;18,6;18,2;62;58;62;45;6,8;2,5;
2021/11/28;0500 UTC;0;984,1;984,1;983,9;;26,4;18,9;26,6;26,4;18,9;18,5;64;62;64;42;6,7;3,2;
2021/11/28;0600 UTC;0;984;984,1;983,9;;25,8;19,4;26,4;25,8;19,4;18,9;68;64;68;45;6,7;1,8;
2021/11/28;0700 UTC;0;984,5;984,5;984;;25,7;19,6;25,8;25,6;19,6;19,4;70;68;69;39;5,1;2,2;
2021/11/28;0800 UTC;0;984,8;984,8;984,5;;25,3;19,8;25,7;25,3;19,9;19,5;72;69;72;89;4,4;,9;
2021/11/28;0900 UTC;0;985,4;985,4;984,8;77,5;25,2;19,1;25,5;24,7;19,8;18,5;72;67;69;95;3,3;,8;
2021/11/28;1000 UTC;0;986;986;985,4;766,1;27;18,3;27,2;25,2;19,4;18,3;69;59;59;83;3,6;2;
2021/11/28;1100 UTC;0;986,2;986,3;985,9;1028,7;27,3;18,4;27,5;26,7;19;18,1;61;57;58;83;5,3;2,2;
2021/11/28;1200 UTC;0;986,2;986,3;986,2;2261,4;29,1;17,7;29,8;27,3;18,9;17,5;59;49;50;87;5,2;3,1;
2021/11/28;1300 UTC;0;985,6;986,2;985,6;2821,1;30,5;16,1;31,2;28,8;18;16,1;52;42;42;62;6,2;3,2;
2021/11/28;1400 UTC;0;984,7;985,6;984,7;3515,6;32,6;14,8;32,9;30,5;17,3;14,2;43;33;34;57;7,2;2,6;
2021/11/28;1500 UTC;0;983,8;984,7;983,8;3934,9;34;14,4;34,7;32,3;16,1;14;35;31;31;154;7,5;2,8;
2021/11/28;1600 UTC;0;982,8;983,8;982,8;2842,3;34,6;13,9;35,2;33,3;15,1;13,6;33;28;29;104;6;2,8;
2021/11/28;1700 UTC;0;981,9;982,8;981,9;3321,7;35,6;13,8;35,7;34,4;14,5;12,2;29;25;27;99;10,4;3;
2021/11/28;1800 UTC;0;981,2;981,9;981,2;2617,4;35,6;13;36,2;35,3;13,5;11,8;27;23;26;80;4,8;2,1;
2021/11/28;1900 UTC;0;980,9;981,2;980,9;1807,8;36,1;10,8;36,4;35,2;13,9;10,3;27;21;22;105;4,7;,9;
2021/11/28;2000 UTC;0;980,7;980,9;980,6;856,9;34,2;12,8;36,1;34,2;13;10,2;28;21;27;160;4,2;2;
2021/11/28;2100 UTC;0;981;981;980,5;113,1;31,7;14,6;34,2;31,7;14,8;12,8;36;27;36;168;4,2;,8;
2021/11/28;2200 UTC;0;981,5;981,6;981;;29,7;18;32;29,7;18;13,4;49;33;49;225;2,6;,1;
2021/11/28;2300 UTC;0;982,3;982,3;981,5;;27,7;19,2;30,5;27,5;19,2;15,3;60;40;60;190;2,6;,1;
2021/11/29;0000 UTC;0;983,6;983,6;982,3;;30,7;18,4;31,6;27,6;19,6;16,6;61;43;48;38;8,9;3,7;
2021/11/29;0100 UTC;0;984,4;984,4;983,6;;29,5;18,4;30,7;29,5;19;18,4;52;48;51;67;9,1;3,9;
2021/11/29;0200 UTC;0;984,3;984,6;984,3;;28,6;18,2;29,5;28,5;18,4;18,2;54;51;54;49;9,7;3,8;
2021/11/29;0300 UTC;0;984;984,3;984;;27,6;18,8;28,6;27,6;18,8;18,2;59;53;59;51;8,8;3,2;
2021/11/29;0400 UTC;0;983,3;984;983,3;;27,2;19,3;27,6;27,1;19,3;18,8;62;59;62;56;7,1;2,2;
2021/11/29;0500 UTC;0;983,3;983,4;983,2;;26,9;19,5;27,2;26,9;19,5;19,3;64;62;64;42;4,5;1,3;
2021/11/29;0600 UTC;0;983;983,3;983;;26,7;19,6;26,9;26,7;19,6;19,5;65;64;65;40;5,1;1,9;
2021/11/29;0700 UTC;0;983,8;983,8;983;;26,2;19,4;26,7;26,1;20;19,3;69;65;66;99;3,9;1,9;
2021/11/29;0800 UTC;0;984,4;984,4;983,7;;25,5;18,8;26,2;25,5;19,4;18,6;67;64;67;105;4;1,6;
2021/11/29;0900 UTC;0;984,9;984,9;984,4;47;25,6;19,1;25,6;25,4;19,1;18,8;68;67;67;98;3,8;2,1;
2021/11/29;1000 UTC;0;985,5;985,5;984,9;332,5;26,2;19,4;26,3;25,6;19,5;19;67;66;66;107;3,8;1,8;
2021/11/29;1100 UTC;0;985,8;986;985,5;1206,5;27,7;18,5;28,4;26,2;19,6;18,5;66;57;57;88;5,7;3,3;
2021/11/29;1200 UTC;0;985,6;985,9;985,6;2336,5;30,3;17,9;30,3;27,3;19,5;17,8;59;48;48;118;6,3;3,1;
2021/11/29;1300 UTC;0;985,2;985,6;985,1;2107,6;30,3;17,5;30,8;29,3;18,5;16,7;50;44;46;57;5,6;2,2;
2021/11/29;1400 UTC;0;984,2;985,2;984,2;3211,6;32,6;16,3;32,8;30;17,6;15,7;48;36;38;125;6;2,7;
2021/11/29;1500 UTC;0;983,1;984,2;983,1;2826,3;33,8;15,6;34;31,7;16,7;15,2;40;33;34;102;7;1,7;
2021/11/29;1600 UTC;0;981,7;983,1;981,7;3476,3;34,6;14,6;35,5;32,5;16,1;14,5;37;30;30;152;6;1,1;
2021/11/29;1700 UTC;0;980,5;981,7;980,5;3375,5;35,1;11,9;36,1;34,2;15,3;11,9;31;25;25;86;4,8;1,9;
2021/11/29;1800 UTC;0;979,4;980,5;979,4;2231,5;34,6;12,1;36,1;34,4;14,1;11,7;28;23;26;99;5,6;2,3;
2021/11/29;1900 UTC;0;979;979,4;979;1501,5;35,4;10,8;35,9;34;13,2;10,6;28;22;23;108;5,4;3,1;
2021/11/29;2000 UTC;0;979,2;979,3;979;615,2;33,7;12,1;35,9;33,7;12,1;10,8;27;22;27;58;5;,8;
2021/11/29;2100 UTC;0;979,6;979,6;979,2;80,7;29,3;18,6;33,8;29,3;18,8;11,7;52;26;52;157;2;0;
2021/11/29;2200 UTC;0;980,5;980,6;979,6;;29;18,9;29,6;28,6;19,5;16,6;58;46;54;201;2,2;,4;
2021/11/29;2300 UTC;0;981,5;981,5;980,4;;27,9;19,9;29;27,2;20,3;18,2;66;53;62;227;1,8;,1;
2021/11/30;0000 UTC;0;983;983;981,5;;30,7;17,4;31,4;27,9;20,4;16,4;64;41;45;50;9,1;3,5;
2021/11/30;0100 UTC;0;983,7;983,7;983;;29,4;17,8;30,7;29,4;17,8;17,4;50;45;50;43;9,1;4;
2021/11/30;0200 UTC;0;984,3;984,3;983,7;;28,5;18,3;29,4;28,5;18,3;17,7;54;50;54;51;9,7;3;
2021/11/30;0300 UTC;0;984,1;984,4;984,1;;27,9;18,8;28,6;27,9;18,8;18,3;58;54;58;47;8,9;3,6;
2021/11/30;0400 UTC;0;983,4;984,1;983,4;;27,3;18,9;27,9;27,3;18,9;18,8;60;58;60;56;7,7;3,2;
2021/11/30;0500 UTC;0;983,1;983,5;983,1;;26,9;19,1;27,3;26,9;19,1;18,9;63;60;63;56;6,6;1,7;
2021/11/30;0600 UTC;0;983,1;983,2;982,7;;26,8;19;26,9;26,8;19,1;19;63;62;62;68;5,1;1,7;
2021/11/30;0700 UTC;0;983,3;983,3;983,1;;26,1;17,8;26,8;26,1;19,3;17,6;64;57;60;92;6,7;3;
2021/11/30;0800 UTC;0;983,8;983,8;983,3;;25,2;18,3;26,1;25,2;18,3;17,8;66;60;65;103;5,1;2,3;
2021/11/30;0900 UTC;0;984,6;984,6;983,8;46,1;25,3;18,3;25,5;25,2;18,3;17,9;66;63;65;102;6,1;2,2;
2021/11/30;1000 UTC;0;985,5;985,5;984,6;533;26,4;18,5;26,4;25,3;18,8;18,3;65;62;62;108;5,1;2,9;
2021/11/30;1100 UTC;0;985,9;985,9;985,4;1004,1;27,8;18,3;27,9;26,4;18,8;18,1;63;56;56;98;6,2;3;
2021/11/30;1200 UTC;0;985,9;986,1;985,9;2122,4;30;17,9;30;27,8;18,6;17,2;57;48;48;103;6,4;2,9;
2021/11/30;1300 UTC;0;985,5;985,9;985,5;3059,9;31,6;15,1;31,7;29,1;18;15,1;48;37;37;102;6,7;2,2;
2021/11/30;1400 UTC;0;984,6;985,5;984,6;3582,4;32,9;14,7;33,1;31,5;16;13,8;39;33;34;125;7,2;2,7;
2021/11/30;1500 UTC;0;983,4;984,6;983,4;3687,3;34,2;13,7;34,3;32,6;15,7;13,6;35;29;29;119;7,2;3;
2021/11/30;1600 UTC;0;982,4;983,4;982,4;3631,6;35,8;12,1;36,3;34,1;14,4;10,1;30;21;24;85;7,1;2,6;
2021/11/30;1700 UTC;0;981,1;982,4;981,1;3287,8;37,1;11;37,1;35,2;12,6;9,6;25;20;21;116;6,7;1;
2021/11/30;1800 UTC;0;980,4;981,1;980,4;2631,3;37;9,8;37,1;35,9;12;9,5;23;19;19;128;6,6;1;
2021/11/30;1900 UTC;0;980;980,4;980;1815,9;36,5;8,9;37,6;36,2;10,7;7,9;21;17;19;131;5,3;1,9;
2021/11/30;2000 UTC;0;980,1;980,1;979,9;875,4;35,5;11,5;36,6;35,5;11,6;8,3;24;18;23;175;5,1;1,7;
2021/11/30;2100 UTC;0;980,6;980,6;980,1;125,9;31,2;14,1;35,5;31,2;14,3;10,9;36;23;35;152;3,6;,3;
2021/11/30;2200 UTC;0;981,1;981,1;980,6;;28,7;15,6;32,1;28,4;16,5;12;49;29;45;65;2,2;0;
2021/11/30;2300 UTC;0;982,1;982,1;981,1;;27,2;17,8;28,7;26,7;18,1;15,2;58;44;57;235;1,5;,5;
2021/12/01;0000 UTC;0;982,9;982,9;982,1;;30,1;12,8;30,1;26,3;19,4;12,8;64;35;35;27;4,4;1,8;
2021/12/01;0100 UTC;0;983,4;983,4;982,9;;29,6;18,6;30,4;29,6;18,6;12,7;52;34;52;82;7,7;3,4;
2021/12/01;0200 UTC;0;983,6;983,7;983,4;;28,7;18,1;29,7;28,7;18,6;18;53;51;53;63;8;3,5;
2021/12/01;0300 UTC;0;983,1;983,6;983,1;;27,8;17,6;28,6;27,8;18,1;17,6;54;53;54;56;7,4;3,1;
2021/12/01;0400 UTC;0;982,7;983,1;982,7;;27;18,2;27,8;26,9;18,2;17,6;59;54;59;45;7,6;2,5;
2021/12/01;0500 UTC;0;982,6;982,7;982,6;;26,1;18,8;27;26,1;18,8;18,2;64;59;64;51;5,3;1,4;
2021/12/01;0600 UTC;0;983,1;983,1;982,6;;25,1;19,4;26,1;25;19,4;18,8;71;64;71;158;3,5;,1;
2021/12/01;0700 UTC;0;983,4;983,5;983,1;;25,5;19,6;25,5;24,9;19,8;19,2;72;70;70;95;1;0;
2021/12/01;0800 UTC;0;983,6;983,7;983,4;;25,4;19,7;25,5;25,2;19,9;19,6;72;70;71;73;1,7;,1;
2021/12/01;0900 UTC;0;984,2;984,3;983,6;43,3;26,1;18,8;26,2;25,4;19,8;18,7;71;64;64;119;5,7;3,1;
2021/12/01;1000 UTC;0;984,7;984,7;984,2;761,3;27,3;18,5;27,4;26,1;18,9;18,3;64;58;59;95;6,9;4,2;
2021/12/01;1100 UTC;0;985,1;985,1;984,7;1723,6;28,3;17,8;28,7;27,3;18,7;17,6;59;52;53;96;6,5;3,8;
2021/12/01;1200 UTC;0;985;985,2;985;2472,9;30;17,6;30,1;28,3;18,3;17;54;46;47;73;7,4;3,3;
2021/12/01;1300 UTC;0;984,6;985;984,6;3068;31,4;16,7;31,6;29,9;18,1;15,7;47;39;41;85;6,5;2,4;
2021/12/01;1400 UTC;0;984;984,6;984;3481,5;32,9;14,9;33,3;31,3;16,6;14,9;41;34;34;108;6,1;2,2;
2021/12/01;1500 UTC;0;983,1;984;983,1;3673,7;34,2;14,9;34,5;32,7;15,4;14,3;35;30;31;69;6;2;
2021/12/01;1600 UTC;0;981,7;983,1;981,7;3686,6;35,7;13,9;36,1;34,3;15,1;13,5;31;26;27;126;6,2;1,7;
2021/12/01;1700 UTC;0;980,9;981,7;980,9;3235;36,8;13,1;37,2;35,1;14,1;12,5;28;24;24;168;5,8;,9;
2021/12/01;1800 UTC;0;980,2;980,9;980,2;2239,2;35,9;13,4;37;35,6;14,1;10,4;27;21;26;209;4,7;1,6;
2021/12/01;1900 UTC;0;979,8;980,3;979,8;1671,8;36;10,6;36,6;35,3;14;10,1;28;21;22;123;4,7;2,4;
2021/12/01;2000 UTC;0;979,7;979,8;979,6;843,3;35,4;10,7;36,4;35,4;12,9;9,7;25;20;22;93;4,5;1,4;
2021/12/01;2100 UTC;0;980;980;979,7;138,2;30,2;16,4;35,4;30,2;16,4;10,2;44;22;43;80;3,1;0;
2021/12/01;2200 UTC;0;980,6;980,6;980;;27,9;18,1;30,2;27,9;18,1;15,6;55;42;55;114;1;0;
2021/12/01;2300 UTC;0;981,4;981,4;980,6;;27,1;17,8;27,9;27;18,6;17,1;59;53;57;139;1;0;
2021/12/02;0000 UTC;0;982,2;982,2;981,3;;29,1;14,2;29,3;26,7;18,3;13,9;60;39;40;57;6,9;2,4;
2021/12/02;0100 UTC;0;983;983;982,2;;30;18,1;30,8;28,9;18,2;13,4;49;36;49;63;7,7;3,4;
2021/12/02;0200 UTC;0;983,5;983,5;983;;28,5;18,4;30;28,5;18,5;18,2;54;49;54;54;8,2;3,9;
2021/12/02;0300 UTC;0;983;983,5;983;;27,6;18,2;28,5;27,6;18,4;18,2;57;54;57;44;8,2;3;
2021/12/02;0400 UTC;0;982,9;983;982,9;;26,9;19,1;27,6;26,9;19,1;18,2;62;57;62;61;5,7;2,2;
2021/12/02;0500 UTC;0;982,6;983;982,6;;26,9;19,2;26,9;26,7;19,4;19,1;64;62;63;41;4,3;1;
2021/12/02;0600 UTC;0;982,7;982,7;982,6;;26,7;19,5;26,9;26,7;19,5;19,2;65;63;65;38;3,3;,9;
2021/12/02;0700 UTC;0;983;983;982,7;;26,6;19,7;26,7;26,6;19,7;19,5;66;65;66;57;3,2;,2;
2021/12/02;0800 UTC;0;984,1;984,1;983;;26,4;18,5;26,6;26,1;20,2;18,5;70;62;62;97;5,7;3;
2021/12/02;0900 UTC;0;984,8;984,8;984,1;100,2;26;17,9;26,4;25,8;18,4;17,7;62;60;61;108;7,1;3,2;
2021/12/02;1000 UTC;0;985,5;985,5;984,8;647,3;27,1;18;27,3;26;18,4;17,7;61;57;58;97;6;2,5;
2021/12/02;1100 UTC;0;985,5;985,6;985,4;1556,4;28,7;17,8;28,8;26,8;18,3;17,2;59;51;52;98;5,7;3,1;
2021/12/02;1200 UTC;0;985;985,6;985;2473,1;29,6;16,6;30,4;28,5;17,5;16,6;52;45;45;84;7;3;
2021/12/02;1300 UTC;0;984,4;985;984,3;3049,9;30,9;16;31,9;29,6;17,6;16;47;40;41;67;6;2,8;
2021/12/02;1400 UTC;0;983,4;984,4;983,4;3468,4;33;15,8;33,1;30,7;17;15,5;42;36;36;61;5,7;2,7;
2021/12/02;1500 UTC;0;982,2;983,4;982,2;3648,7;34,4;15,5;35;32,7;16,3;14,9;36;31;32;72;6;1,2;
2021/12/02;1600 UTC;0;980,9;982,2;980,9;3333,4;35,5;15;35,9;34,1;16;14,5;33;29;29;161;4,9;1,1;
2021/12/02;1700 UTC;0;979,7;980,9;979,7;2689,2;34,9;14,7;36,4;34,4;15,4;14;30;27;30;59;4,7;1,9;
2021/12/02;1800 UTC;0;978,8;979,7;978,8;2493,6;36;13,9;36,8;34,7;15,3;13,4;31;26;27;70;4,9;1,6;
2021/12/02;1900 UTC;0;978,5;978,8;978,5;1571,6;36,3;13,6;36,7;35,3;14,6;13,1;28;25;26;80;4,6;1,2;
2021/12/02;2000 UTC;0;978,4;978,5;978,3;807,5;35,7;14,1;36,3;35,6;14,9;12,6;30;25;27;39;3,7;,1;
2021/12/02;2100 UTC;0;978,6;978,6;978,4;115,9;30,8;17,3;35,7;30,8;17,6;12,5;45;25;44;132;2,7;0;
2021/12/02;2200 UTC;0;979,1;979,1;978,6;;28,6;19,2;30,8;28,6;19,2;17,1;57;45;57;204;,6;0;
2021/12/02;2300 UTC;0;980;980;979,1;;27,6;20,1;28,6;27,5;20,3;19,1;65;57;64;199;1,5;0;
2021/12/03;0000 UTC;0;980,7;980,8;980;;27,7;19,6;28,2;27,4;20,3;18,9;65;58;61;205;1,4;0;
2021/12/03;0100 UTC;0;981,7;981,7;980,8;;30,3;17,5;30,6;26,6;19,9;15,8;66;43;46;36;7,6;3,5;
2021/12/03;0200 UTC;0;982,3;982,4;981,7;;29,2;18,2;30,3;29,2;18,2;17,5;51;46;51;48;8,7;4;
2021/12/03;0300 UTC;0;982,1;982,3;982,1;;28,4;18,5;29,3;28,4;18,5;18,1;55;51;55;33;8,2;2,9;
2021/12/03;0400 UTC;0;982;982,1;982;;27,6;18,9;28,4;27,5;18,9;18,4;59;55;59;34;6;1,9;
2021/12/03;0500 UTC;0;981,7;982,1;981,6;;27,1;19,1;27,6;27,1;19,1;18,9;61;59;61;42;4,8;1,8;
2021/12/03;0600 UTC;0;981,8;981,8;981,7;;26,6;19,2;27,1;26,6;19,2;19,1;64;61;64;79;4,3;,1;
2021/12/03;0700 UTC;0;981,8;981,8;981,7;;26,4;19,1;26,8;26,4;19,3;19,1;64;63;64;40;3,7;,9;
2021/12/03;0800 UTC;0;982,2;982,2;981,8;;26,4;18,9;26,8;26,2;19,1;18,7;65;61;63;97;3,2;1,2;
2021/12/03;0900 UTC;0;982,9;982,9;982,2;102,3;26,5;18,5;26,6;25,9;19,3;18,5;67;61;62;111;4;2,5;
2021/12/03;1000 UTC;0;983,9;983,9;982,9;615,2;27,4;18,4;27,4;26,5;18,7;18,1;62;58;58;96;6,6;3,9;
2021/12/03;1100 UTC;0;984,1;984,2;983,9;1697,4;29,4;18,9;29,4;27,3;18,9;18,1;58;52;53;97;8;3,6;
2021/12/03;1200 UTC;0;984,4;984,5;984,1;2315,4;29,6;16,9;30,1;28,3;18,3;16,9;53;46;47;115;8;3,6;
2021/12/03;1300 UTC;0;984;984,4;984;3046,5;31,2;16,4;31,7;29,6;17,6;16;47;40;41;86;7;3,5;
2021/12/03;1400 UTC;0;983,2;984;983,1;3435;33,3;15,5;33,3;31;16,7;15;41;34;34;118;7,6;3,1;
2021/12/03;1500 UTC;0;982;983,2;982;3631,8;34,4;13,9;34,8;32,7;15,5;13,5;35;29;29;91;7,2;1,6;
2021/12/03;1600 UTC;0;980,7;982;980,7;3528,5;34,9;12,6;35,4;34,1;14,3;12,5;30;26;26;122;6,8;3,3;
2021/12/03;1700 UTC;0;979,4;980,7;979,4;3060,8;35,9;11,9;36,7;34,9;14;11,7;27;23;24;88;6,8;2,7;
2021/12/03;1800 UTC;0;978,6;979,5;978,6;2678;36,3;11,3;36,7;35,8;12,6;11,1;24;22;22;118;6,8;3,2;
2021/12/03;1900 UTC;0;978,2;978,6;978,2;1742,6;36,5;10,9;36,7;35,9;12,2;10,6;23;21;21;102;7,1;2,6;
2021/12/03;2000 UTC;0;978,1;978,2;977,8;926,3;35,6;11,9;36,5;35,6;12,2;10,4;24;21;24;105;6,2;2,3;
2021/12/03;2100 UTC;0;978,6;978,6;978,1;131,4;32,7;12,6;35,6;32,7;13,8;11,6;30;24;30;105;4,4;1;
2021/12/03;2200 UTC;0;979,4;979,4;978,6;;28,9;17,7;32,7;28,9;17,8;12,6;51;30;51;106;2,4;0;
2021/12/03;2300 UTC;0;981,4;981,4;979,4;;32;16,7;32,4;28,8;17,7;14,1;51;34;40;83;8,7;5;
2021/12/04;0000 UTC;0;982,3;982,3;981,4;;30,7;18,2;32;30,6;18,2;16,5;47;40;47;32;8,7;2,4;
2021/12/04;0100 UTC;0;983,2;983,3;982,3;;30,1;19,3;30,7;30;19,3;18,2;53;47;53;45;7,8;3,8;
2021/12/04;0200 UTC;0;983,5;983,5;983,2;;28,9;19,6;30,1;28,9;19,6;19,3;57;53;57;48;8,3;4,3;
2021/12/04;0300 UTC;0;983,4;983,5;983,3;;28,2;19,9;28,9;28,2;19,9;19,6;61;57;61;45;8,3;2,3;
2021/12/04;0400 UTC;0;983,1;983,4;983,1;;28,2;20;28,2;28,1;20;19,9;61;61;61;59;4,9;1,3;
2021/12/04;0500 UTC;0;982,7;983,1;982,5;;28,3;19,5;28,5;28,2;20;19,5;61;59;59;88;7,9;3,8;
2021/12/04;0600 UTC;0;982,9;983;982,7;;27,1;18,7;28,3;27,1;19,3;18,5;60;56;60;111;9,6;4,2;
2021/12/04;0700 UTC;0;982,8;983,1;982,8;;26,7;18,7;27,1;26,7;18,7;18,6;62;60;62;108;7,2;3,9;
2021/12/04;0800 UTC;0;983,7;983,7;982,8;;26,4;18,4;26,7;26,3;18,7;18,4;62;61;62;106;7,5;3,8;
2021/12/04;0900 UTC;0;984,6;984,6;983,7;78,7;26,3;18,9;26,4;26,1;18,9;18,4;64;62;64;108;6,3;2,1;
2021/12/04;1000 UTC;0;985,6;985,6;984,6;703,1;27,4;19,1;27,5;26,3;19,4;18,8;64;60;61;101;4,5;2,6;
2021/12/04;1100 UTC;0;985,9;985,9;985,6;1099,6;28,8;19,5;28,8;27,3;19,7;19;62;57;57;102;7;3;
2021/12/04;1200 UTC;0;986;986,1;985,9;2323,1;30,6;19,1;30,7;28,6;19,4;18,4;57;49;50;106;6,6;3,5;
2021/12/04;1300 UTC;0;985,7;986;985,7;2711,7;31,6;17,8;31,8;30,1;19,1;17,6;50;44;44;99;7,7;4,1;
2021/12/04;1400 UTC;0;985,2;985,7;985,2;3030,6;32,7;16,2;33,2;31,1;18,2;16,2;46;37;37;114;9,1;5;
2021/12/04;1500 UTC;0;984,4;985,2;984,4;2918,3;34,6;15,7;34,8;32,2;17,2;15,4;39;32;32;111;8,3;3,9;
2021/12/04;1600 UTC;0;983,4;984,4;983,4;2361,1;33,7;15,2;35;33,6;16,3;14,7;34;31;33;97;8,3;4,6;
2021/12/04;1700 UTC;0;982,4;983,4;982,4;2266,8;34,4;14,7;35,2;33,6;15,5;14,4;34;29;31;116;7,1;3,8;
2021/12/04;1800 UTC;0;981,5;982,4;981,5;2716;35,5;13,7;36,1;34,4;15,5;13,5;31;27;27;93;7,3;4;
2021/12/04;1900 UTC;0;980,8;981,5;980,8;1759,5;35,8;13,4;36,1;35,1;14,1;12,8;28;25;26;105;7,8;2,7;
2021/12/04;2000 UTC;0;980,8;980,8;980,7;697,3;34,5;13,7;35,9;34,3;14,1;12,7;29;25;29;92;7,1;1,9;
2021/12/04;2100 UTC;0;981,7;981,7;980,8;119,8;33,2;13,9;34,6;32,9;15;13,1;34;28;31;85;4,7;1,7;
2021/12/04;2200 UTC;0;983;983;981,7;;33;13,9;33,3;32,4;13,9;13,3;33;31;32;97;9;4,8;
2021/12/04;2300 UTC;0;984,4;984,4;983;;29,3;17,1;33;29,3;17,2;13,8;48;32;48;83;11,1;4,1;
2021/12/05;0000 UTC;0;985,6;985,6;984,4;;28,8;17,8;29,3;28,2;18,3;17,1;55;48;52;106;8,5;4,1;
2021/12/05;0100 UTC;0;986,6;986,6;985,7;;27,5;18,8;28,8;27,5;18,8;17,6;59;51;59;111;11,8;4;
2021/12/05;0200 UTC;4,4;986,9;987;986,6;;23,8;21,3;27,5;23,7;21,4;18,8;86;59;86;193;9,4;0;
2021/12/05;0300 UTC;,4;986,2;986,9;986,2;;24,8;21,3;24,9;23,8;22,1;21,2;87;81;81;180;2,2;0;
2021/12/05;0400 UTC;0;985,7;986,3;985,7;;24,5;21,2;24,9;24,5;21,6;21,2;83;81;82;177;0;0;
2021/12/05;0500 UTC;0;985,6;985,7;985,6;;24,6;21,3;24,8;24,5;21,5;21,2;83;81;82;214;0;0;
2021/12/05;0600 UTC;0;985,6;985,7;985,5;;24,7;22;25,1;24,6;22,1;21,3;85;81;85;2;0;0;
2021/12/05;0700 UTC;0;985,8;985,9;985,6;;24,6;22,1;24,8;24,4;22,2;21,9;86;85;86;187;0;0;
2021/12/05;0800 UTC;0;985,9;986;985,7;;24,3;22;25;24,3;22,6;22;87;85;87;224;0;0;
2021/12/05;0900 UTC;0;986,5;986,5;985,9;53,5;24,6;22,2;24,7;24,3;22,4;21,8;87;86;86;311;1,2;0;
2021/12/05;1000 UTC;0;987,1;987,1;986,5;292,3;25,5;22;25,6;24,6;22,6;22;87;81;81;255;1,2;0;
2021/12/05;1100 UTC;0;987,3;987,3;987,1;970,3;28,6;21,1;28,8;25,5;22,3;21,1;81;64;64;36;0;0;
2021/12/05;1200 UTC;0;987,4;987,5;987,3;1635,7;28,5;21,2;29,1;27,1;22,1;20,4;71;62;65;58;3,2;1,2;
2021/12/05;1300 UTC;0;987;987,4;987;2007,6;30,4;18,1;30,8;28,5;21,6;18,1;65;48;48;105;8,4;4,5;
2021/12/05;1400 UTC;0;986;987;986;2747,2;32;18,2;32,3;30,5;19,6;16,7;51;41;44;97;8,9;3,9;
2021/12/05;1500 UTC;0;985;986;984,9;2998;32,9;15,6;33,6;31,7;18,1;14,9;44;33;35;113;8,6;4,9;
2021/12/05;1600 UTC;0;983,9;985;983,9;2854,4;34,4;15,1;34,7;32,9;15,9;14,2;35;30;32;99;9,1;5;
2021/12/05;1700 UTC;0;982,7;983,9;982,7;2457,6;34,4;14,2;35,5;33,6;15,2;13,2;32;27;30;86;10,7;5,6;
2021/12/05;1800 UTC;0;981,8;982,7;981,8;2383,3;35,4;13,2;35,9;34,1;14,3;13;30;26;26;85;10,7;4,2;
2021/12/05;1900 UTC;0;981,6;981,8;981,5;1017,8;34,2;13,8;35,8;34;14,8;12,7;31;26;29;100;8,1;3;
2021/12/05;2000 UTC;0;981,5;981,6;981,3;346,1;33,1;13,7;34,2;33,1;14,2;12,9;31;29;31;109;6,1;2,1;
2021/12/05;2100 UTC;0;981,8;981,8;981,5;132,6;32,9;13,5;33,2;32,7;16,1;13,4;37;30;31;103;4,3;2,6;
2021/12/05;2200 UTC;0;982,5;982,5;981,8;;31,4;13,8;32,9;31,3;14,8;13,4;37;31;34;118;4,3;,8;
2021/12/05;2300 UTC;0;983,3;983,3;982,4;;29,6;18,8;31,4;29,6;19,9;13,8;56;34;52;118;2,2;1,1;
2021/12/06;0000 UTC;0;984,2;984,2;983,3;;32,2;13,3;32,4;29,5;19;12,8;53;30;32;105;6,8;4,1;
2021/12/06;0100 UTC;0;984,8;984,8;984,2;;31,2;12,7;32,4;31,2;13,4;12,5;32;31;32;115;9,6;3,3;
2021/12/06;0200 UTC;0;984,8;984,9;984,7;;29,8;14,6;31,3;29,8;14,6;12,7;39;32;39;102;11,1;4,7;
2021/12/06;0300 UTC;0;984,5;984,8;984,5;;28,5;16,9;29,9;28,5;16,9;14,7;49;39;49;106;9,1;4,4;
2021/12/06;0400 UTC;0;984,3;984,5;984,2;;27,3;17,4;28,5;27,3;17,4;16,9;55;49;55;90;7,8;2,4;
2021/12/06;0500 UTC;0;983,9;984,3;983,9;;26,6;17,6;27,3;26,4;17,6;17,3;58;55;58;94;6,2;3,2;
2021/12/06;0600 UTC;0;984,1;984,1;983,9;;25,3;18;26,7;25,3;18,1;17,6;64;58;64;92;6,1;,1;
2021/12/06;0700 UTC;0;984,1;984,1;984;;22,9;19,4;25,3;22,9;19,4;18;80;64;80;133;1,8;0;
2021/12/06;0800 UTC;0;984,8;984,8;984,1;;23,2;19,5;23,3;22,8;19,6;19;82;78;80;109;2;0;
2021/12/06;0900 UTC;0;985,3;985,3;984,7;82,4;25,5;18,7;25,5;22,9;19,9;18,7;82;66;66;119;4,3;1,7;
2021/12/06;1000 UTC;0;985,7;985,7;985,3;705;26,6;19,3;27;25,3;19,3;18,7;68;61;64;97;5,3;2,7;
2021/12/06;1100 UTC;0;986,4;986,5;985,7;1113,4;27,6;18,1;28;26,6;19,3;17,6;64;55;56;152;6,3;1,5;
2021/12/06;1200 UTC;0;986,3;986,4;986,2;1844,9;28,9;17,2;30;27,4;18,2;17;56;47;49;93;7,2;2,6;
2021/12/06;1300 UTC;0;985,9;986,3;985,9;2965;31,3;15,6;32,1;28,9;18,1;15,1;50;37;39;134;7,9;3,3;
2021/12/06;1400 UTC;0;985;985,9;985;3223,1;32,8;13,6;33,1;30,6;16,2;13,6;41;31;31;114;9,3;3,7;
2021/12/06;1500 UTC;0;984,3;985;984,3;3133,1;33,7;15;34,3;32,1;15,4;13,3;35;30;33;95;8,8;2,8;
2021/12/06;1600 UTC;0;983,1;984,3;983,1;2728,1;33,8;14,1;34,8;33;15,4;13,8;33;29;31;105;9,4;3,2;
2021/12/06;1700 UTC;0;982;983,1;982;2291,4;35,4;13,9;35,7;33,1;14,8;13,3;32;27;28;82;8,6;2,9;
2021/12/06;1800 UTC;0;981,2;982;981,2;2209,2;34,9;13,9;36,2;34;14,4;12,9;29;26;28;80;6,9;3,1;
2021/12/06;1900 UTC;0;980,7;981,2;980,7;1621,8;35,9;12,6;35,9;34,4;13,9;12,3;28;24;25;123;6,2;1,3;
2021/12/06;2000 UTC;0;980,7;980,7;980,6;972,7;34,8;13,2;36;34,8;13,6;12,2;28;24;27;103;6,8;2,6;
2021/12/06;2100 UTC;0;981;981;980,7;199,9;32,7;12,5;34,8;32,7;14,1;12,3;30;26;29;92;4,6;2,1;
2021/12/06;2200 UTC;0;981,3;981,3;981;;30,1;15,1;32,8;29,9;15,3;12,6;41;29;40;95;3,8;,9;
2021/12/06;2300 UTC;0;982,2;982,2;981,3;;27,6;17,9;30,1;27,5;18,6;13,9;57;37;56;134;2;1,4;
2021/12/07;0000 UTC;0;983,4;983,4;982,2;;30,7;17,3;31,1;27,5;18,5;14,9;58;41;45;43;8,4;4,2;
2021/12/07;0100 UTC;0;984;984;983,3;;29,3;17,8;30,8;29,3;17,8;17,3;50;45;50;50;8,6;2,6;
2021/12/07;0200 UTC;0;984,4;984,4;984;;28,1;17,9;29,3;28;17,9;17,7;54;50;54;40;6;,7;
2021/12/07;0300 UTC;0;984,2;984,4;984;;26,4;18,4;28,1;26,3;18,4;17,9;62;54;62;159;4,1;0;
2021/12/07;0400 UTC;0;983,7;984,2;983,7;;24,4;19,5;26,4;24,3;19,6;18,4;75;62;74;116;1,6;,1;
2021/12/07;0500 UTC;0;983,7;983,7;983,4;;25,9;17,2;25,9;24,4;19,5;17,2;74;59;59;115;4;2,5;
2021/12/07;0600 UTC;0;983,8;983,8;983,7;;25,6;17,9;26,3;25,6;17,9;17,2;62;58;62;106;6,7;2,8;
2021/12/07;0700 UTC;0;984,1;984,1;983,6;;24,4;18,1;25,6;24,4;18,2;17,9;68;62;68;113;5;1,7;
2021/12/07;0800 UTC;0;984,3;984,3;984;;23,6;18,3;24,4;23,5;18,4;18,2;72;68;72;113;2,7;,2;
2021/12/07;0900 UTC;0;984,7;984,7;984,3;103,5;24,2;18,9;24,2;23;19,1;18,3;76;72;72;104;2,2;0;
2021/12/07;1000 UTC;0;985,2;985,2;984,7;498,4;25,8;17,5;26;24,2;18,9;17,3;72;59;60;91;3,5;1,5;
2021/12/07;1100 UTC;0;985,4;985,5;985,2;1624,2;27,6;17,5;27,6;25,8;17,8;16,9;60;53;54;83;5,4;3;
2021/12/07;1200 UTC;0;985,3;985,6;985,3;2521,4;29,1;16,7;29,3;27,5;17,7;16,7;54;47;47;115;7,1;4,6;
2021/12/07;1300 UTC;0;984,4;985,3;984,4;3144,7;30,5;15,8;31;29;17,2;15,8;48;41;41;100;9,9;5,1;
2021/12/07;1400 UTC;0;983,8;984,4;983,8;3539,3;32,1;14,4;32,5;30,4;16,4;14,4;42;34;34;107;9,9;4,5;
2021/12/07;1500 UTC;0;982,9;983,8;982,9;3676,1;33,3;13,7;34,5;32,1;15,3;13,5;36;30;31;90;8,9;4;
2021/12/07;1600 UTC;0;981,9;982,9;981,9;3575,1;34,8;13,1;35;33,2;14,2;12,1;32;26;27;111;7,9;3,8;
2021/12/07;1700 UTC;0;980,8;981,9;980,8;3234;35,2;12,2;36;34,5;13,7;11,4;27;24;25;100;8,5;3,6;
2021/12/07;1800 UTC;0;980;980,8;979,9;2646,8;35,6;11,6;36,3;35,2;13;11,3;26;22;24;134;7,7;3,6;
2021/12/07;1900 UTC;0;979,5;980;979,5;1843;35,8;11,6;36,2;35,4;12,3;10,8;25;22;23;106;7,2;2,4;
2021/12/07;2000 UTC;0;979,4;979,5;979,3;984,4;35;12,7;36;35;13,5;11,1;27;23;26;89;6,5;1,8;
2021/12/07;2100 UTC;0;979,6;979,6;979,4;190;32,3;14,3;35;32,3;14,3;12,4;34;26;34;96;5,6;,6;
2021/12/07;2200 UTC;0;980,2;980,2;979,6;;29,2;18,2;32,3;29,2;18,2;14,5;52;34;52;116;1,9;,4;
2021/12/07;2300 UTC;0;981,3;981,3;980,2;;27,6;17,4;29,1;27,5;18,9;16;59;47;54;98;2,6;1;
2021/12/08;0000 UTC;0;982,9;982,9;981,3;;30,3;19;31,9;27,6;19;16,1;54;41;51;45;10,3;5,2;
2021/12/08;0100 UTC;0;983,9;983,9;982,9;;28,7;19,9;30,3;28,7;19,9;19;59;51;59;63;10,1;4,3;
2021/12/08;0200 UTC;0;984,5;984,5;983,8;;27,3;20,7;28,7;27,3;20,7;19,9;67;59;67;72;9,1;2,5;
2021/12/08;0300 UTC;0;984;984,5;984;;25,2;22;27,3;25;22;20,7;83;67;83;122;5,6;1,8;
2021/12/08;0400 UTC;0;983,1;984;983,1;;25,3;21,2;25,3;25;22;21,2;84;78;78;71;3,9;2,2;
2021/12/08;0500 UTC;0;982,9;983,1;982,8;;25,4;21,3;25,6;25,3;21,3;20,9;78;75;78;174;3,7;,6;
2021/12/08;0600 UTC;0;982,8;983,1;982,8;;24,9;20,9;25,6;24,9;21,4;20,9;78;76;78;93;2,2;,7;
2021/12/08;0700 UTC;0;982,8;982,9;982,7;;24,3;20,4;24,9;24,3;20,9;20,4;80;77;79;94;2,6;,5;
2021/12/08;0800 UTC;0;982,8;983;982,8;;23,7;20,1;24,3;23,7;20,4;20;81;79;80;85;2,2;1,2;
2021/12/08;0900 UTC;0;983,9;983,9;982,8;81,2;24,3;20,9;24,3;23;20,9;19,8;83;80;81;291;2,2;0;
2021/12/08;1000 UTC;0;984,7;984,7;983,9;728,5;26,9;19,7;27,1;24,3;21;19,6;81;64;65;105;4,8;2,9;
2021/12/08;1100 UTC;0;985,1;985,2;984,7;802,7;26,5;19,4;27,1;26,3;19,7;19,2;66;63;65;107;6,4;3,7;
2021/12/08;1200 UTC;0;985,3;985,3;985;900,6;27,4;18,8;27,5;26,4;19,7;18,7;66;59;59;90;7,7;4,1;
2021/12/08;1300 UTC;0;985,3;985,5;985,3;1171,1;28,5;18,8;28,6;27,3;19,2;18,7;60;56;56;96;7,9;4,4;
2021/12/08;1400 UTC;0;984,5;985,3;984,4;2839,3;30,9;18,9;30,9;28,5;19,5;18,4;56;48;49;99;9,7;5,3;
2021/12/08;1500 UTC;0;984,1;984,5;984,1;2856,9;31,5;18,9;32,1;30,4;19,6;18,2;50;45;47;95;9,1;4,2;
2021/12/08;1600 UTC;0;982,8;984,1;982,8;3477,2;33,8;16,5;34;31,2;18,9;16;47;35;36;122;8,2;3,2;
2021/12/08;1700 UTC;0;981,6;982,8;981,6;3317,5;34,4;15,8;34,7;33,1;17,2;15,3;37;32;33;51;6,6;1,2;
2021/12/08;1800 UTC;0;980,8;981,7;980,8;2713,9;34,6;14,7;35,6;34,1;16,4;14,6;34;29;30;69;5,7;,9;
2021/12/08;1900 UTC;0;980,1;980,8;980,1;1823;36,3;14,7;36,3;34,6;15,7;14,2;31;28;28;158;4,3;,4;
2021/12/08;2000 UTC;0;980,2;980,2;980;990,6;35,4;14;36,3;35;15,3;14;30;27;28;132;2,8;,6;
2021/12/08;2100 UTC;0;980,5;980,5;980,1;235,1;32,8;14,6;35,8;32,8;16,2;14;34;27;33;112;5,8;2,5;
2021/12/08;2200 UTC;0;981,1;981,1;980,5;;32,1;15,9;33,2;32;15,9;14,6;38;33;38;119;7,6;4;
2021/12/08;2300 UTC;0;982;982;981,1;;31,1;16,8;32,1;31,1;16,8;15,9;42;38;42;94;7,2;2,2;
2021/12/09;0000 UTC;0;982,6;982,6;982;;30,8;16,3;31,1;30,5;16,9;16,2;44;41;42;107;3,9;2,1;
2021/12/09;0100 UTC;0;983,3;983,3;982,6;;30,3;17,2;30,8;30,1;17,5;16,2;47;41;45;96;3,6;1,4;
2021/12/09;0200 UTC;0;983,6;983,7;983,3;;30,1;16,1;30,6;30;18,2;16;49;42;43;94;8,6;5,5;
2021/12/09;0300 UTC;0;983,3;983,7;983,3;;28,4;16,7;30,1;28,4;16,7;16,1;49;43;49;89;9;3,7;
2021/12/09;0400 UTC;0;983,4;983,4;983,3;;27,4;16,7;28,4;27,3;16,7;16,5;52;49;52;91;6,6;2,6;
2021/12/09;0500 UTC;0;983,5;983,5;983,3;;26,1;17,2;27,4;26,1;17,2;16,7;58;52;58;111;4,4;1,1;
2021/12/09;0600 UTC;0;983,8;983,8;983,5;;24,9;17,8;26,1;24,9;17,8;17,2;65;58;65;123;2,5;1,1;
2021/12/09;0700 UTC;0;983,9;983,9;983,8;;24,5;18;24,9;24,5;18;17,8;67;65;67;102;2,5;1,9;
2021/12/09;0800 UTC;0;984,4;984,4;983,9;;24,3;17,9;24,5;24,3;18,1;17,9;68;67;68;108;3,2;1,8;
2021/12/09;0900 UTC;0;985;985;984,4;69;26,1;18,4;26,1;24,3;18,5;17,9;68;63;63;106;3,2;1,6;
2021/12/09;1000 UTC;0;985,4;985,4;984,9;893,2;27,5;18,1;27,7;26,1;18,7;17,9;63;56;57;106;5,8;2,8;
2021/12/09;1100 UTC;0;985,7;985,8;985,3;1061,2;27,7;18,5;28;27;18,6;17,8;59;55;57;92;5,8;3;
2021/12/09;1200 UTC;0;985,4;985,8;985,4;2060,8;29,1;17,7;29,5;27,7;18,7;17,5;57;49;50;96;8;4,7;
2021/12/09;1300 UTC;0;984,9;985,4;984,9;3178,3;31,3;17,2;31,3;29,2;18,3;16,8;50;43;43;105;8;3,4;
2021/12/09;1400 UTC;0;984,3;984,9;984,3;3431,4;33,4;16,5;33,4;30,9;17,3;15,1;43;35;37;88;7,6;4,2;
2021/12/09;1500 UTC;0;983,5;984,3;983,5;2973,3;32,8;14,7;33,7;32,6;15,8;14;36;31;34;103;7,1;2,4;
2021/12/09;1600 UTC;0;982,5;983,5;982,5;1856,9;33,7;14,4;33,9;32,7;15,3;13,8;34;30;31;87;4,8;2,1;
2021/12/09;1700 UTC;0;981,4;982,5;981,4;2910,6;35,3;14;35,6;33,7;15,2;13,4;32;27;28;102;5,9;3;
2021/12/09;1800 UTC;0;980,7;981,4;980,7;2740,7;34,8;13;36,3;34,7;13,8;11,6;28;24;27;67;6,1;2,2;
2021/12/09;1900 UTC;0;980,2;980,7;980,2;2098,8;35,6;12,7;36,6;34,8;14,2;12,5;28;24;25;104;5,7;2,8;
2021/12/09;2000 UTC;0;980,2;980,2;980,1;1089,2;35;13,3;35,9;35;13,6;12,3;27;25;27;108;5,4;2;
2021/12/09;2100 UTC;0;980,5;980,5;980,2;184,7;31,4;16,3;35;31,4;16,8;13,2;40;27;40;105;4;0;
2021/12/09;2200 UTC;0;980,8;980,8;980,5;;29,1;17,2;31,4;28,7;18,6;16,4;54;40;49;205;1,7;,4;
2021/12/09;2300 UTC;0;981,3;981,3;980,8;;30,4;16;30,5;28,6;18,5;16;54;42;42;205;3,5;2,3;
2021/12/10;0000 UTC;0;981,7;981,7;981,3;;30;14,7;30,5;29,8;15,7;14,1;42;37;39;209;3,5;2,1;
2021/12/10;0100 UTC;0;983;983;981,7;;30,4;18,3;30,7;28,9;18,3;14,9;48;40;48;38;9,5;4,4;
2021/12/10;0200 UTC;0;983,6;983,6;983;;29,1;18,5;30,4;29,1;18,5;18,3;53;48;53;48;9,5;2,4;
2021/12/10;0300 UTC;0;983,3;983,6;983,2;;28,2;18,6;29,1;28,2;18,6;18,5;56;53;56;51;6,5;1,5;
2021/12/10;0400 UTC;0;983,1;983,3;983,1;;28,1;18,4;28,2;27,9;18,8;18,4;58;56;56;48;3,5;1,3;
2021/12/10;0500 UTC;0;983,1;983,1;983;;27,8;18,4;28,1;27,7;18,7;18,3;58;55;57;99;6,1;3,5;
2021/12/10;0600 UTC;0;983,1;983,2;983;;27;17,8;27,9;27;18,4;17,8;57;56;57;93;8,6;5,5;
2021/12/10;0700 UTC;0;983,3;983,3;983;;26;18,1;27;26;18,1;17,8;62;57;62;90;8,6;2,5;
2021/12/10;0800 UTC;0;983,6;983,7;983,3;;25,5;18,5;26;25,3;18,5;18,1;66;62;65;114;5,1;1,6;
2021/12/10;0900 UTC;0;984,1;984,1;983,6;44,5;25,8;18,5;25,9;25,5;18,5;18,3;65;63;64;106;3,5;2,3;
2021/12/10;1000 UTC;0;984,3;984,3;984,1;794,8;27,7;18,6;28;25,8;19,1;18,5;64;57;58;97;7,5;4,8;
2021/12/10;1100 UTC;0;984,7;984,7;984,3;1083,7;28,2;18,9;28,2;27,5;19;18,4;59;57;57;98;7,5;4,1;
2021/12/10;1200 UTC;0;984,9;984,9;984,6;2344,6;29,7;18,1;30,4;28,2;19;18,1;57;49;50;102;8,3;4,6;
2021/12/10;1300 UTC;0;984,4;984,9;984,4;1897,4;30,7;17,8;30,8;29,3;18,7;17,5;51;46;46;120;7,4;3,4;
2021/12/10;1400 UTC;0;983,5;984,4;983,5;2513,2;32,1;16,3;32,7;30,1;18,3;16,3;48;39;39;107;6,8;3,9;
2021/12/10;1500 UTC;0;982,5;983,5;982,5;2118,8;32,2;16,1;33,6;31,8;17,5;15,7;41;35;38;78;6,2;1,8;
2021/12/10;1600 UTC;0;981,5;982,5;981,5;2285,9;33,4;15,6;34,8;32,2;16,5;15,1;38;32;34;70;5,8;,5;
2021/12/10;1700 UTC;0;980,3;981,5;980,3;2383,5;34,8;15,1;35;33,2;16,4;14,6;35;30;31;76;5,6;0;
2021/12/10;1800 UTC;0;979,2;980,3;979,2;2283,4;35,8;14,6;36,5;34;16,2;14,2;34;27;28;100;0;0;
2021/12/10;1900 UTC;0;978,6;979,2;978,6;2005,6;35,6;14;36,2;35,3;14,9;13,5;29;26;28;90;4;0;
2021/12/10;2000 UTC;0;978,2;978,6;978,1;955,5;34,9;14,2;35,9;34,9;14,8;13,2;29;26;29;41;0;0;
2021/12/10;2100 UTC;0;978,6;978,6;978,2;153,1;30,9;17,1;35,1;30,9;17,4;14,1;44;29;43;90;0;0;
2021/12/10;2200 UTC;0;979;979;978,6;;28,7;19;30,9;28,7;19,7;17;57;43;56;125;0;0;
2021/12/10;2300 UTC;0;979,4;979,4;979;;29;19,2;29;28,4;19,6;18,9;58;55;56;141;0;0;
2021/12/11;0000 UTC;0;980,3;980,3;979,4;;31,1;17,9;31,1;28,6;20,3;17,6;61;46;46;40;7,9;2,4;
2021/12/11;0100 UTC;0;981,7;981,8;980,3;;29,6;19,2;31,1;29,6;19,3;18,1;54;46;54;47;8,7;5;
2021/12/11;0200 UTC;4,6;982,1;982,4;981,7;;24,5;21,3;29,6;24,5;21,3;19,1;82;54;82;48;8,7;1,1;
2021/12/11;0300 UTC;1;981,8;982,1;981,8;;25,3;22,5;25,3;24,5;22,5;21,4;85;81;85;154;4,8;0;
2021/12/11;0400 UTC;,2;981,6;981,9;981,5;,5;25,8;21,1;25,8;25,2;22,7;21;85;75;75;65;3,5;,8;
2021/12/11;0500 UTC;0;981,4;981,6;981,4;,3;25,7;21,7;25,9;25,4;22,1;20,9;81;74;79;106;3;0;
2021/12/11;0600 UTC;0;981,7;981,7;981,4;,2;25,4;19,4;25,8;25,3;21,7;19,3;79;68;69;96;5,5;0;
2021/12/11;0700 UTC;0;982,1;982,1;981,7;;24,7;18,7;25,6;24,7;19,3;18,6;69;66;69;101;6,9;0;
2021/12/11;0800 UTC;0;982,4;982,4;982;;24,3;18,6;24,7;24,2;18,8;18,6;71;69;71;108;0;0;
2021/12/11;0900 UTC;0;983,3;983,3;982,4;71,5;24,8;19,1;24,8;23,9;19,1;18,6;73;71;71;119;0;0;
2021/12/11;1000 UTC;0;983,7;983,8;983,3;548,9;26,3;19,2;26,3;24,8;19,4;18,7;71;65;65;100;0;0;
2021/12/11;1100 UTC;0;983,9;983,9;983,6;1631,9;27;18,3;27,7;26,3;19,3;18;65;56;59;101;7,3;4,6;
2021/12/11;1200 UTC;0;983,8;984;983,8;1980,8;28,2;17,4;28,9;27;19,2;17,3;59;51;52;103;8,6;5,4;
2021/12/11;1300 UTC;0;983,5;983,9;983,5;2664,2;29,8;17,4;30,2;28,2;18,6;17,3;54;47;47;84;8,4;3,7;
2021/12/11;1400 UTC;0;982,6;983,5;982,6;3279,5;31,9;17,1;32,1;29,6;18,2;16,6;49;40;41;76;8,1;4;
2021/12/11;1500 UTC;0;981,5;982,6;981,5;3668,8;32,4;15,7;33,6;31,6;17,3;15,5;42;35;37;81;7,3;2,9;
2021/12/11;1600 UTC;0;980,4;981,5;980,4;2928,7;33,9;15,6;34,1;32,1;16,6;14,8;39;32;34;86;6;2,3;
2021/12/11;1700 UTC;0;979,2;980,4;979,2;2783,2;35,1;15,1;35,2;33,2;16,1;14,3;35;29;30;114;5,7;1,5;
2021/12/11;1800 UTC;0;978,3;979,2;978,3;2483,7;36,1;14,5;36,2;33,9;15,7;14;33;28;28;24;5,5;,3;
2021/12/11;1900 UTC;0;977,8;978,3;977,8;1973,4;35,2;13,8;36,3;35,2;14,9;13,2;29;25;28;62;4,9;1,5;
2021/12/11;2000 UTC;0;978;978;977,7;802,2;34,3;14,4;35,7;34,3;15,6;13,6;32;27;30;72;4,2;1,2;
2021/12/11;2100 UTC;0;978,4;978,4;978;213;31,3;17,6;34,4;31,3;19;14,2;48;30;44;63;3,4;,2;
2021/12/11;2200 UTC;0;978,9;978,9;978,4;;28,7;21,7;31,3;28,5;21,7;18,3;66;44;66;95;1,5;0;
2021/12/11;2300 UTC;0;979,3;979,3;978,9;;28,1;22;29;28,1;22,6;21,5;70;65;69;127;,9;0;
2021/12/12;0000 UTC;0;980,2;980,2;979,3;;27,2;21;28,1;26,9;22,2;20,4;73;66;69;156;,8;0;
2021/12/12;0100 UTC;0;980,9;980,9;980,2;;29,2;17,8;29,8;26,9;21,2;16,6;70;45;50;56;6,9;1,9;
2021/12/12;0200 UTC;0;981,4;981,4;980,9;;28,4;18,3;29,3;28,4;18,3;17,8;54;50;54;53;6,8;2,7;
2021/12/12;0300 UTC;0;981;981,4;981;;27,6;18,4;28,4;27,6;18,4;18,3;57;54;57;42;7,7;2,7;
2021/12/12;0400 UTC;0;980,8;981;980,7;;27,1;18,9;27,7;27,1;18,9;18,4;61;57;61;81;5,8;0;
2021/12/12;0500 UTC;0;980,9;980,9;980,7;;27;19,6;27,3;26,9;19,7;18,9;65;61;64;99;0;0;
2021/12/12;0600 UTC;0;981,2;981,2;980,9;;26,3;18;27,3;26,3;19,5;18;64;58;60;92;7,9;4,1;
2021/12/12;0700 UTC;0;981,8;981,8;981,2;;25,3;17,7;26,4;25,3;18;17,7;63;60;63;108;7,6;0;
2021/12/12;0800 UTC;0;982,3;982,3;981,7;;24,1;17,9;25,3;24,1;17,9;17,7;68;63;68;116;0;0;
2021/12/12;0900 UTC;0;983,2;983,2;982,3;55,9;24,2;18,3;24,2;23,7;18,3;17,9;71;68;70;110;0;0;
2021/12/12;1000 UTC;0;984;984;983,2;713,5;26,5;17,6;26,5;24,2;18,7;17,6;70;58;58;100;0;0;
2021/12/12;1100 UTC;0;984,3;984,4;984;1687,7;27,7;16,9;28,2;26,5;18;16,6;59;51;52;109;8,2;4;
2021/12/12;1200 UTC;0;984,2;984,4;984,2;2126;28,8;16,9;29;27,4;17,3;16,3;52;48;48;104;9,2;4;
2021/12/12;1300 UTC;0;983,9;984,3;983,9;3053,9;30,9;16,2;31,3;28,9;17,5;15,6;49;41;41;108;9;3,9;
2021/12/12;1400 UTC;0;983,1;983,9;983,1;2140,4;32,4;16,5;32,4;29,9;16,8;15,5;44;38;38;114;9;3,1;
2021/12/12;1500 UTC;0;982,2;983,1;982,2;2400,2;32,1;15,3;33;30,9;16,6;15,1;41;34;36;111;7,2;3,1;
2021/12/12;1600 UTC;0;981,2;982,2;981,2;2982,9;34,1;15;34,7;31,7;16,4;14,6;39;30;32;142;6,2;2,4;
2021/12/12;1700 UTC;0;980;981,2;980;2820,2;34,9;14,6;35,1;33,1;15,7;13,9;34;29;30;63;6,9;2,3;
2021/12/12;1800 UTC;0;979,1;980;979,1;2146;35,4;13,8;35,9;33,9;15;13;30;26;28;67;5,9;2,5;
2021/12/12;1900 UTC;0;978,9;979,1;978,9;1719;35,4;13,3;35,8;34;14,4;12,7;30;26;27;100;5,9;1,7;
2021/12/12;2000 UTC;0;978,8;978,9;978,7;1001,6;35;13,5;35,8;34,9;13,8;12,2;28;25;28;69;5,9;,7;
2021/12/12;2100 UTC;0;979,2;979,2;978,8;178,7;30,7;17,6;35;30,7;17,7;13,2;46;27;46;94;3,1;0;
2021/12/12;2200 UTC;0;979,6;979,6;979,2;;27,7;19,4;30,7;27,7;19,8;17,4;62;46;60;123;0;0;
2021/12/12;2300 UTC;0;980,3;980,3;979,6;;26,8;19,4;27,7;26,7;20,4;19,3;68;61;64;145;1,5;0;
2021/12/13;0000 UTC;0;980,7;980,7;980,3;;26,5;18,6;27;26,4;19,8;18,6;65;61;62;199;,6;0;
2021/12/13;0100 UTC;0;981,9;981,9;980,7;;29,4;18,3;29,7;26,1;19,6;15,5;67;42;51;53;10,5;5;
2021/12/13;0200 UTC;0;982,2;982,2;981,9;;28,1;18,8;29,4;28,1;18,8;18,3;57;51;57;35;10,5;2,9;
2021/12/13;0300 UTC;0;982,4;982,4;982,2;;27,2;19,1;28,1;27,2;19,1;18,8;61;57;61;44;6,4;0;
2021/12/13;0400 UTC;0;982,2;982,4;982,2;;26,8;19,5;27,2;26,8;19,5;19,1;64;61;64;112;0;0;
2021/12/13;0500 UTC;0;981,9;982,2;981,9;;27,3;17,6;27,5;26,4;19,6;17,5;66;55;56;95;8,3;3;
2021/12/13;0600 UTC;0;982,3;982,3;981,9;;26,8;17,2;27,3;26,8;17,6;17,1;56;55;56;98;7,9;4,3;
2021/12/13;0700 UTC;0;982,9;982,9;982,3;;26,3;17,7;26,8;26,3;17,7;17,2;59;56;59;105;7,6;2,5;
2021/12/13;0800 UTC;0;983,6;983,6;982,9;;25,7;18;26,3;25,7;18;17,7;63;59;63;103;5,1;1,9;
2021/12/13;0900 UTC;0;984,2;984,2;983,6;104,7;25,9;18,7;25,9;25;18,9;18;67;63;65;104;2,6;,5;
2021/12/13;1000 UTC;0;985,1;985,1;984,2;755;27,3;18,3;27,4;25,9;18,9;18,2;65;58;58;114;6;3,5;
2021/12/13;1100 UTC;0;985,2;985,2;985,1;1495;28,9;18,5;28,9;27,3;18,7;17,9;59;53;53;88;6;3;
2021/12/13;1200 UTC;0;985,2;985,2;985,1;2312,1;29,9;18;30,7;28,9;18,3;17,1;53;45;49;87;7,5;4,1;
2021/12/13;1300 UTC;0;984,5;985,2;984,5;2484;31,7;17;31,7;29,6;17,8;16,3;49;40;41;101;7,6;1,9;
2021/12/13;1400 UTC;0;983,7;984,5;983,7;1951,9;32,4;16,2;32,7;30,8;17,5;15,7;44;37;38;97;7;,1;
2021/12/13;1500 UTC;0;982,8;983,7;982,8;2734;33,2;15;34;31,5;16,5;14,8;40;32;33;94;8,4;3,4;
2021/12/13;1600 UTC;0;981,6;982,8;981,6;2194,4;34,6;14,2;35,2;32,6;15,7;13,4;34;28;29;83;8,4;1,9;
2021/12/13;1700 UTC;0;980,7;981,6;980,7;2408,3;34,2;13,5;36,4;33,7;14,6;12,5;31;25;29;140;5,7;2,4;
2021/12/13;1800 UTC;0;980,1;980,7;980,1;2101,7;34,9;13,6;36,6;34,2;14,6;12,6;31;25;28;75;5,9;1,9;
2021/12/13;1900 UTC;0;979,9;980,1;979,9;1483,3;36,3;13,3;37,2;34,4;14,5;11,9;30;23;25;6;4,3;0;
2021/12/13;2000 UTC;0;979,9;979,9;979,8;1003,9;35,4;13,2;36,3;35,2;13,9;12,4;28;24;26;77;3,6;0;
2021/12/13;2100 UTC;0;980,3;980,3;979,9;192,5;33;13,8;35,5;33;14,6;13;31;26;31;103;3,6;2,1;
2021/12/13;2200 UTC;0;981,1;981,1;980,3;;31,2;15,1;32,9;31,2;16,1;13,8;40;32;38;108;3,6;0;
2021/12/13;2300 UTC;0;982;982;981,1;;28,7;17,9;31,2;28,4;18,9;15,1;55;38;52;123;0;0;
2021/12/14;0000 UTC;0;982,8;982,8;982;;31,4;16,2;31,8;28,7;17,8;14,7;52;37;40;111;7,7;4,1;
2021/12/14;0100 UTC;0;983,6;983,6;982,8;;30,4;16,7;31,5;30,4;16,8;16,3;44;40;44;119;9,2;3,5;
2021/12/14;0200 UTC;0;984,2;984,2;983,6;;29,4;16,7;30,4;29,4;16,7;16,4;46;44;46;127;8,6;4,7;
2021/12/14;0300 UTC;0;983,8;984,2;983,8;;28,5;17,4;29,4;28,5;17,4;16,7;51;46;51;112;8,2;4,7;
2021/12/14;0400 UTC;0;983,6;983,9;983,6;;28;17,7;28,5;28;17,7;17,4;54;51;54;114;8;2,8;
2021/12/14;0500 UTC;0;983,6;983,6;983,5;;27,5;17,8;28;27,5;17,8;17,6;56;53;56;115;7,3;,2;
2021/12/14;0600 UTC;0;983,8;983,8;983,6;;27,1;17,6;27,5;27,1;17,9;17,5;56;55;56;125;6,7;,4;
2021/12/14;0700 UTC;0;984,1;984,1;983,7;;26,7;17,6;27,1;26,7;17,7;17,5;58;56;58;119;5;0;
2021/12/14;0800 UTC;0;984,4;984,4;984,1;;25,9;17,9;26,8;25,8;17,9;17,6;61;57;61;115;6,5;2,1;
2021/12/14;0900 UTC;0;984,9;984,9;984,4;52,8;26;18,4;26;25,1;18,4;17,9;65;61;63;117;3,8;1,7;
2021/12/14;1000 UTC;0;985,3;985,4;984,9;682,1;27,6;18,2;27,9;26;18,9;18,2;63;56;57;116;5,7;3,1;
2021/12/14;1100 UTC;0;985,7;985,8;985,3;1033,9;27,9;18,2;28,5;27,2;18,9;17,8;59;54;56;112;7,1;3,5;
2021/12/14;1200 UTC;0;985,7;985,9;985,7;1654,8;29,7;18,4;29,9;27,9;18,8;17,8;56;49;51;90;7,3;3,6;
2021/12/14;1300 UTC;0;985,5;985,7;985,5;2528,8;30,1;18,2;31,4;29,2;18,5;17,2;51;45;49;97;8,4;1,2;
2021/12/14;1400 UTC;0;984,8;985,5;984,8;2092,5;31,2;17,8;31,6;29,8;18,5;17,2;49;43;45;86;6,8;,4;
2021/12/14;1500 UTC;0;983,9;984,8;983,9;2493,3;32,5;16,7;32,8;31,2;18,5;16,7;46;39;39;81;5,9;0;
2021/12/14;1600 UTC;0;982,9;983,9;982,9;2172,9;32,9;16,7;33,1;31,9;17,5;16,3;41;37;38;114;7,8;0;
2021/12/14;1700 UTC;0;981,8;982,9;981,8;2011,5;33,4;15,8;33,8;32,7;17,1;15,8;39;35;35;86;5,9;0;
2021/12/14;1800 UTC;0;981,1;981,8;981,1;1811,2;34;15,9;34,2;32,5;17,3;15,5;40;33;34;122;5,4;0;
2021/12/14;1900 UTC;0;980,8;981,1;980,8;1631,4;34,2;15,8;34,5;33,5;16,3;15,3;35;32;33;82;5,7;,3;
2021/12/14;2000 UTC;0;980,8;980,9;980,8;651,9;33;15,9;34,7;33;16,3;15,1;37;32;36;111;7,3;2,3;
2021/12/14;2100 UTC;0;981,2;981,2;980,8;134,3;31,5;16,1;33;31,5;16,3;15,6;40;36;40;108;5;1,8;
2021/12/14;2200 UTC;0;981,5;981,5;981,1;;28,9;18,9;31,5;28,7;18,9;16,1;55;40;55;121;2,9;,8;
2021/12/14;2300 UTC;0;982,5;982,5;981,5;;30,3;16,8;31;28,8;19,1;16,5;56;42;44;111;9,9;4;
2021/12/15;0000 UTC;0;983,2;983,3;982,5;;30,1;17;30,3;30;17;16,7;46;44;45;110;7,3;3,5;
2021/12/15;0100 UTC;0;983,4;983,4;983,2;;29,4;17,4;30,1;29,4;17,4;17;49;46;49;102;8,7;4,2;
2021/12/15;0200 UTC;0;983,7;983,7;983,4;;28,7;17,3;29,3;28,7;17,4;17,1;50;49;50;101;8,6;1,6;
2021/12/15;0300 UTC;0;983,4;983,7;983,4;;28;17,7;28,7;28;17,7;16,8;54;49;54;94;8,5;3,7;
2021/12/15;0400 UTC;0;983,2;983,4;983,2;;27,3;18,4;28;27,3;18,4;17,7;59;54;59;98;8,7;4,2;
2021/12/15;0500 UTC;0;983;983,3;983;;26,6;18,5;27,3;26,6;18,5;18,3;61;58;61;101;7,8;,1;
2021/12/15;0600 UTC;0;983,3;983,3;982,9;;25,8;17,7;26,6;25,8;18,5;17,7;62;60;61;115;5;0;
2021/12/15;0700 UTC;0;983,5;983,5;983,2;;25,7;17,4;26;25,5;17,7;17,4;62;60;60;113;0;0;
2021/12/15;0800 UTC;0;984;984,1;983,4;;24,6;17,2;25,8;24,6;17,4;17,2;64;59;64;120;0;0;
2021/12/15;0900 UTC;0;984,7;984,8;984,1;39,3;24,4;17,9;24,6;24;17,9;17,3;68;64;67;138;0;0;
2021/12/15;1000 UTC;0;985,2;985,3;984,7;329,2;26,4;17,7;26,4;24,4;18,4;17,6;69;59;59;120;0;0;
2021/12/15;1100 UTC;0;985,4;985,4;985,2;1522;27,9;17,2;28,7;26,4;17,8;16,7;59;50;52;101;8,7;4,9;
2021/12/15;1200 UTC;0;985,6;985,7;985,4;1188,1;28,8;17,2;28,8;27,8;17,7;16,7;54;49;50;92;8,8;,8;
2021/12/15;1300 UTC;0;985,3;985,6;985,3;2086,4;29,6;15,1;30,4;28,8;17,4;14,7;50;40;41;109;8,1;3,7;
2021/12/15;1400 UTC;0;984,3;985,3;984,3;3011,4;32;14,3;32,6;29,5;16,1;14,1;43;33;34;100;9,6;2,6;
2021/12/15;1500 UTC;0;983,2;984,3;983,2;3359,9;33,9;14,4;34;31,8;15,3;13,4;35;29;31;90;9,6;3,8;
2021/12/15;1600 UTC;0;982,4;983,2;982,3;2666,7;33,3;14,5;34,9;33,1;14,8;13,5;33;29;32;88;13,8;3,6;
2021/12/15;1700 UTC;0;981,4;982,4;981,4;1858,3;35;14,4;35,4;33,2;15,3;13,7;34;28;29;127;6,2;3,1;
2021/12/15;1800 UTC;0;980,4;981,4;980,4;1769,7;34,7;14,4;35,2;33,9;15,2;13,7;32;29;30;102;6,8;3,1;
2021/12/15;1900 UTC;0;979,9;980,5;979,9;1677,7;34,2;14,4;35,6;34,1;15,3;13,8;31;27;30;89;6,8;3,1;
2021/12/15;2000 UTC;0;979,9;980,1;979,9;768;34,3;14,8;34,9;33,9;15,3;14;32;29;31;61;5,6;,7;
2021/12/15;2100 UTC;0;980,2;980,2;979,9;167,7;31,8;15,4;34,3;31,8;15,7;14,4;37;31;37;114;4,6;1,2;
2021/12/15;2200 UTC;0;980,4;980,4;980,1;;28,5;18,3;31,8;28,5;18,6;15,3;55;37;54;130;1,9;,3;
2021/12/15;2300 UTC;0;981,1;981,1;980,4;;29,9;15,5;30;28,2;19,2;15,5;58;42;42;106;2,8;2;
2021/12/16;0000 UTC;0;981,5;981,5;981,1;;28,8;15,9;29,9;28,8;16,1;15;46;41;46;98;2,7;1,9;
2021/12/16;0100 UTC;0;981,7;981,7;981,5;;29,3;15,1;29,5;28,4;16;14,8;47;41;42;117;3,1;1,9;
2021/12/16;0200 UTC;0;982,2;982,2;981,7;;30,2;15,6;30,5;29,3;15,6;14,5;42;38;41;96;7,6;4,1;
2021/12/16;0300 UTC;0;982,1;982,2;982;;28,6;16,8;30,2;28,3;17,4;15,6;52;41;49;92;9,9;5,3;
2021/12/16;0400 UTC;0;982;982,1;981,8;;27,4;16,5;28,7;27,4;17;16,5;52;49;52;88;9,9;4;
2021/12/16;0500 UTC;0;982,3;982,3;982;;26,7;16,4;27,4;26,7;16,5;16,2;53;51;53;94;8;4;
2021/12/16;0600 UTC;0;982,7;982,8;982,3;;26;16,8;26,7;26;16,8;16,4;57;53;57;90;8,1;3,8;
2021/12/16;0700 UTC;0;983,2;983,2;982,7;;25;17,3;26;25;17,3;16,8;62;57;62;92;6,2;2;
2021/12/16;0800 UTC;0;983,9;983,9;983,2;;24,8;17,7;25;24,6;17,8;17,3;65;62;65;96;4,7;1,7;
2021/12/16;0900 UTC;0;984,3;984,4;983,9;46,3;24,8;18,2;24,8;24,2;18,2;17,7;68;65;67;108;3,3;,4;
2021/12/16;1000 UTC;0;984,8;984,8;984,3;576,5;27;18,9;27;24,8;19;18,3;68;60;61;98;5;2,7;
2021/12/16;1100 UTC;0;985,1;985,1;984,7;1670,7;28,3;18;28,4;26,7;18,8;17,6;61;53;54;96;6,7;1,4;
2021/12/16;1200 UTC;0;984,9;985,1;984,9;2444,7;30,3;17,4;30,5;27,6;18,6;17;55;46;46;99;7,9;3,5;
2021/12/16;1300 UTC;0;984,5;984,9;984,5;2306,2;31,1;16,3;31,1;29;17,4;16;49;41;41;110;8,5;3,9;
2021/12/16;1400 UTC;0;983,7;984,6;983,7;3767,8;32,7;14,3;33,2;30,8;16,5;14,3;41;33;33;97;7,6;2,7;
2021/12/16;1500 UTC;0;982,7;983,7;982,7;3793,4;34,2;13,7;34,5;32,5;15;13,5;34;29;29;97;8,4;4,3;
2021/12/16;1600 UTC;0;981,6;982,7;981,6;3790;35,8;14,5;35,8;34,1;14,7;13,2;30;27;28;104;8,4;2,8;
2021/12/16;1700 UTC;0;980,5;981,6;980,5;3340;35,9;13,1;36,6;34,4;14,3;12,3;28;24;25;78;8,2;2,2;
2021/12/16;1800 UTC;0;979,6;980,5;979,6;2428,2;36,4;12,1;36,8;34,6;13,3;11,4;27;22;23;73;6,8;1,8;
2021/12/16;1900 UTC;0;979,3;979,6;979,3;1998,7;36,1;11,2;37,1;36,1;13;10,1;24;20;22;104;6,2;3,6;
2021/12/16;2000 UTC;0;979,4;979,4;979,2;693,5;35,5;11,8;36,3;34,3;11,9;9,8;25;20;24;74;5,4;0;
2021/12/16;2100 UTC;0;979,7;979,7;979,4;188,4;31;16,5;35,5;31;16,8;10,9;42;23;42;110;3,3;,1;
2021/12/16;2200 UTC;0;980,2;980,2;979,6;;27,9;17,6;31;27,9;18,1;16;54;42;53;135;1,1;0;
2021/12/16;2300 UTC;0;981,1;981,1;980,2;;26,9;17,8;27,9;26,9;18;17,3;58;53;58;146;,6;0;
2021/12/17;0000 UTC;0;982,5;982,5;981,1;;31,4;15,7;31,4;26,4;18,3;14,1;61;36;39;97;6,9;4,2;
2021/12/17;0100 UTC;,6;984;984;982,5;;25,6;20,9;31,5;24,8;21,3;16,2;80;40;76;140;11,8;5,8;
2021/12/17;0200 UTC;2,6;983,8;984,4;983,8;;24,4;21,6;25,6;23,7;21,6;19,6;84;75;84;94;12,7;0;
2021/12/17;0300 UTC;0;983,9;984;983,8;;24,6;21,7;24,7;24,4;22,3;21,6;87;84;84;121;2,2;1,5;
2021/12/17;0400 UTC;0;983,9;984,1;983,8;;24,9;18,8;24,9;24,1;21,6;18,8;84;69;69;97;5,7;3;
2021/12/17;0500 UTC;0;983,9;984;983,9;;25,1;18,8;25,3;24,6;19;18,6;71;67;68;109;6,3;3,2;
2021/12/17;0600 UTC;0;984;984;983,9;;24,3;19,1;25,1;24,3;19,1;18,8;73;68;73;108;5,2;2;
2021/12/17;0700 UTC;0;984,1;984,1;984;;23,9;19,2;24,3;23,8;19,5;19,1;77;73;75;118;3,4;1,2;
2021/12/17;0800 UTC;0;984,4;984,4;984,1;;22,6;19,9;23,9;22,5;20,1;19,1;85;75;85;127;2,5;0;
2021/12/17;0900 UTC;0;984,7;984,7;984,4;55,3;23,5;20,8;23,5;22,4;20,8;19,9;87;85;85;108;1,5;0;
2021/12/17;1000 UTC;0;985,3;985,3;984,7;656,8;26,1;19,6;26,1;23,5;21;19,6;85;67;67;106;4;2,2;
2021/12/17;1100 UTC;0;985,7;985,7;985,3;1574,3;27,6;19,5;27,6;26;20;18,9;68;60;61;76;4,9;2,7;
2021/12/17;1200 UTC;0;985,7;985,8;985,7;2388,3;29,4;19,1;29,4;27,4;19,6;18,4;62;53;54;96;6,2;3,3;
2021/12/17;1300 UTC;0;985,1;985,7;985,1;3023,3;30,6;17,3;31;29,2;19,2;17,3;54;45;45;106;8,2;4,7;
2021/12/17;1400 UTC;0;984,4;985,1;984,4;3356,8;32,1;15,3;32,7;30,5;18,2;15,3;47;36;36;94;8;4,5;
2021/12/17;1500 UTC;0;983,3;984,4;983,3;3610,1;33,6;14;34;32,2;16,3;14;37;31;31;104;7,3;3,5;
2021/12/17;1600 UTC;0;982;983,3;982;3568,7;35,5;13;35,9;33,6;15,3;12,9;32;26;26;103;7,9;2,4;
2021/12/17;1700 UTC;0;980,7;982;980,7;3238,9;36,3;12,4;36,6;35,3;14;12;27;23;24;85;6,8;1,6;
2021/12/17;1800 UTC;0;979,9;980,7;979,9;2351,2;37,1;12,6;37,1;35,2;14;11,9;27;23;23;118;7,1;,8;
2021/12/17;1900 UTC;0;979,7;979,9;979,6;1963,6;36,5;12,7;37,6;36,1;13,7;11,8;26;22;24;100;6,7;3;
2021/12/17;2000 UTC;0;979,4;979,7;979,4;930,8;36,4;13,1;36,9;35,2;13,5;11,6;27;22;25;33;5,3;,3;
2021/12/17;2100 UTC;0;979,8;979,8;979,4;185;31,5;18,8;36,4;31,5;19,4;12,1;48;24;47;132;4;0;
2021/12/17;2200 UTC;0;980,5;980,5;979,8;;29,6;19,8;31,5;29,2;20,3;16,7;58;45;56;111;1,3;,2;
2021/12/17;2300 UTC;0;981,1;981,1;980,5;;32;13,5;32;28,5;21,6;13,5;65;33;33;82;5,4;2,9;
2021/12/18;0000 UTC;0;982,1;982,1;981,1;;31,9;13,9;33,8;30,8;15,1;11,6;39;26;34;95;6,6;3,6;
2021/12/18;0100 UTC;0;983;983;982,1;;31,2;16,3;32,4;31,2;16,3;13,9;41;33;41;90;10,1;6,1;
2021/12/18;0200 UTC;0;983,7;983,7;983;;29,5;17,1;31,2;29,5;17,4;16,3;48;41;47;95;10,8;4;
2021/12/18;0300 UTC;0;983,6;983,7;983,6;;28,2;17,4;29,6;28,2;17,4;17,1;52;47;52;100;7,5;2,8;
2021/12/18;0400 UTC;0;983,3;983,6;983,3;;26,7;18;28,2;26,6;18;17,4;59;52;59;100;5;1,7;
2021/12/18;0500 UTC;0;983,3;983,4;983,2;;26,3;18,1;26,7;26,3;18,1;18;61;59;61;104;4,1;2,2;
2021/12/18;0600 UTC;0;983,3;983,3;983,2;;25,8;17,7;26,4;25,8;18,1;17,6;61;58;61;112;5,8;2,1;
2021/12/18;0700 UTC;0;983,4;983,4;983,1;;25;18,1;25,8;24,9;18,1;17,7;66;61;66;104;4,1;2;
2021/12/18;0800 UTC;0;984;984;983,4;;24,2;18,1;25;24,2;18,2;18;69;66;69;109;3,5;,3;
2021/12/18;0900 UTC;0;984,9;984,9;984;46,2;24,4;18,4;24,7;23,9;18,4;17,9;71;66;69;65;3,7;,2;
2021/12/18;1000 UTC;0;985,2;985,2;984,9;449,6;26,1;18,4;26,1;24,4;18,8;18,3;69;62;62;105;4,4;2,6;
2021/12/18;1100 UTC;0;985,6;985,8;985,2;1119,6;27,2;18;28,2;26,1;18,9;17,7;63;55;57;90;7;4;
2021/12/18;1200 UTC;0;985,4;985,7;985,4;1979,2;28,5;17,3;29,1;27,2;18,4;17;57;50;51;96;9,1;4,5;
2021/12/18;1300 UTC;0;985,1;985,5;985,1;2517,8;30,8;16,5;31;28,3;17,7;16,5;52;42;42;101;9,1;4,1;
2021/12/18;1400 UTC;0;984,6;985,2;984,5;3491;32,4;16;32,7;30,7;17,2;15,1;43;35;37;89;8,3;3,8;
2021/12/18;1500 UTC;0;983,5;984,6;983,5;3620,7;34,1;14,2;34,3;32,4;16,1;14,1;37;30;30;118;7,6;2,5;
2021/12/18;1600 UTC;0;982,3;983,5;982,3;3294,6;34,1;14,3;35,3;33,9;15;13,5;31;28;30;93;8,4;4;
2021/12/18;1700 UTC;0;981,1;982,3;981,1;2866;36,2;13,1;36,3;34,1;14,6;12,6;30;25;25;84;7,2;3,1;
2021/12/18;1800 UTC;0;980,2;981,1;980,2;2818,4;36,5;12,9;37;35,3;13,7;11,7;26;23;24;67;8;1,8;
2021/12/18;1900 UTC;0;979,9;980,3;979,9;1954,8;36,4;12,4;36,7;35,8;13,1;11,9;25;23;24;112;5,8;1,2;
2021/12/18;2000 UTC;0;979,9;980;979,9;809,7;35,1;13,6;36,4;35;13,9;11,8;28;23;27;107;5,2;1,3;
2021/12/18;2100 UTC;0;980;980;979,9;155,2;31;15,3;35,1;31;17,1;13,2;42;27;39;126;2,7;0;
2021/12/18;2200 UTC;0;980,6;980,6;980;;28,3;17,8;31;28,2;19,1;16;55;39;53;47;2,2;0;
2021/12/18;2300 UTC;0;981,3;981,3;980,6;;27,5;19,4;28,3;27,3;19,5;17,6;62;52;61;205;1,7;,7;
2021/12/19;0000 UTC;0;982,7;982,7;981,3;;30,9;19,2;31,5;27,5;19,6;16,8;62;42;50;22;9;3,7;
2021/12/19;0100 UTC;0;983,6;983,6;982,7;;29,5;19,5;30,9;29,5;19,6;19,2;55;50;55;33;9,2;4;
2021/12/19;0200 UTC;0;983,6;983,7;983,6;;28,5;19,6;29,5;28,5;19,6;19,4;59;55;59;36;7,4;3,8;
2021/12/19;0300 UTC;0;983,8;983,8;983,6;;28,2;19,7;28,5;28,2;19,7;19,6;60;59;60;18;7,2;3,1;
2021/12/19;0400 UTC;0;983;983,8;982,9;;27,8;19,8;28,2;27,3;20,2;19,8;65;60;62;72;5,9;1,7;
2021/12/19;0500 UTC;0;982,6;983,1;982,6;;27,4;18,4;27,9;27,3;19,8;18,4;63;58;58;91;6;2,4;
2021/12/19;0600 UTC;0;982,8;982,8;982,5;;26,8;17,6;27,5;26,8;18,3;17,6;58;57;57;101;6,9;3,7;
2021/12/19;0700 UTC;0;982,8;982,8;982,6;;25,6;17,4;26,8;25,6;17,7;17,3;60;57;60;104;6,4;3;
2021/12/19;0800 UTC;0;983,3;983,3;982,8;;24,7;17,6;25,6;24,7;17,6;17,3;64;60;64;96;5,5;2,2;
2021/12/19;0900 UTC;0;984,1;984,1;983,3;54,4;24,4;18,2;24,7;23,9;18,2;17,6;69;64;68;112;3,8;,9;
2021/12/19;1000 UTC;0;984,8;984,8;984,1;654,8;26,3;17,9;26,3;24,4;18,4;17,5;68;59;60;101;5,9;3,4;
2021/12/19;1100 UTC;0;985,1;985,1;984,8;1558,3;27,6;17,7;27,6;26,3;18;17,2;60;55;55;104;7,5;4,6;
2021/12/19;1200 UTC;0;985,1;985,2;985;2233,2;29;17,4;29;27,6;18;16,8;55;49;50;87;8,2;4,5;
2021/12/19;1300 UTC;0;984,9;985,2;984,9;2851,7;30,5;16,5;30,6;28,3;17,5;15,8;51;42;43;92;8,7;3,9;
2021/12/19;1400 UTC;0;984,3;984,9;984,3;3491,4;32,8;15;33,8;30,4;17,5;14,4;43;34;34;82;9,8;,9;
2021/12/19;1500 UTC;0;983,8;984,4;983,8;3922,5;33,9;14,7;34;31,8;15,2;13,6;35;30;32;128;8,2;3;
2021/12/19;1600 UTC;0;982,8;983,8;982,8;2290,7;33,1;13,8;34,1;32,9;14,6;13,6;32;30;31;13;5,9;1;
2021/12/19;1700 UTC;0;981,9;982,8;981,9;2634,6;35;13,8;35,1;33,1;14,9;13,3;32;28;28;111;5;1,9;
2021/12/19;1800 UTC;0;980,9;981,9;980,9;2839,1;34,7;13,7;36,6;34,4;14,4;12,9;29;25;28;54;5,2;2,5;
2021/12/19;1900 UTC;0;980;980,9;980;1170,5;34,2;13,9;35,3;34,1;14,1;12,8;30;27;30;106;5,1;1,7;
2021/12/19;2000 UTC;0;979,9;980;979,8;917,2;34,4;12,8;35;34;14;12,8;30;27;27;76;3,8;1,6;
2021/12/19;2100 UTC;0;980,4;980,4;979,9;215,2;30,5;16,6;34,6;30,5;16,9;13,1;43;27;43;96;3,8;0;
2021/12/19;2200 UTC;0;980,9;980,9;980,4;;28,2;18,3;30,5;28,2;18,5;16,1;55;43;55;128;1,6;0;
2021/12/19;2300 UTC;0;981,7;981,7;980,9;;26,8;19,2;28,2;26,8;19,2;18,4;63;55;63;111;,6;0;
2021/12/20;0000 UTC;0;982,7;982,7;981,7;;30;16,5;30,1;26,2;19,3;15,2;66;42;44;37;9,7;3,3;
2021/12/20;0100 UTC;0;983,5;983,5;982,7;;29,1;17,4;30,1;29,1;17,4;16,5;49;44;49;50;7,9;2,3;
2021/12/20;0200 UTC;0;983,9;984;983,5;;28;16,7;29,1;28;17,4;16,7;51;49;50;62;8,3;3,7;
2021/12/20;0300 UTC;0;983,5;983,9;983,5;;27,5;17,7;28;27,5;17,7;16,7;55;50;55;57;8;2,5;
2021/12/20;0400 UTC;0;983,3;983,5;983,2;;27;18,3;27,6;26,9;18,3;17,8;59;55;59;54;6;2;
2021/12/20;0500 UTC;0;982,7;983,3;982,7;;26;18,7;27;26;18,7;18,3;64;59;64;58;4;1,5;
2021/12/20;0600 UTC;0;982,7;982,8;982,6;;24,6;19;26,1;24,6;19;18,7;71;64;71;113;3,3;0;
2021/12/20;0700 UTC;0;982,8;982,8;982,7;;24,7;19,5;24,9;24,3;19,6;18,8;74;71;73;128;1;0;
2021/12/20;0800 UTC;0;983,2;983,2;982,7;;25,1;18,1;25,6;24,6;19,7;18;74;63;65;112;4,1;1,4;
2021/12/20;0900 UTC;0;983,8;983,8;983,2;39,2;24,4;18,4;25,1;24,2;18,5;18,1;70;65;69;130;3;0;
2021/12/20;1000 UTC;0;984,3;984,3;983,8;466;26,3;18,1;26,3;24,3;18,9;18,1;70;61;61;100;2,4;1,2;
2021/12/20;1100 UTC;0;984,5;984,5;984,2;1424,3;28,1;17,7;28,5;26,3;18,7;17,5;62;53;53;84;6,2;3,5;
2021/12/20;1200 UTC;0;984,4;984,6;984,4;2203,5;30;17,2;30;27,7;17,9;16,9;54;46;46;95;8,7;4,7;
2021/12/20;1300 UTC;0;983,9;984,4;983,9;3314,7;32,2;16,8;32,2;29,9;17,2;16;46;39;40;95;9,6;4,3;
2021/12/20;1400 UTC;0;983,2;983,9;983,2;2245,2;32,8;16,5;32,8;30,6;17,2;15,6;43;38;38;111;8,8;3,4;
2021/12/20;1500 UTC;0;982,5;983,2;982,5;2626,2;33,5;15,6;34;32;16,7;15,3;39;34;34;104;7,2;2,9;
2021/12/20;1600 UTC;0;981,5;982,5;981,5;2836,5;33,5;15;34,6;33,1;16,1;14,7;36;32;33;72;8,3;2,5;
2021/12/20;1700 UTC;0;980,4;981,5;980,4;2275;34,9;15;35,8;33,3;16,1;14,4;35;29;30;85;6,2;1,8;
2021/12/20;1800 UTC;0;979,7;980,4;979,7;1702,1;34,8;14,4;35,5;34,1;15,2;14,1;31;29;30;94;5,8;2,9;
2021/12/20;1900 UTC;0;979,4;979,7;979,4;1477,1;34,9;13,5;35,2;34,2;15;13,5;31;28;28;95;5,3;2,2;
2021/12/20;2000 UTC;0;979,5;979,6;979,4;562,7;33,7;14;35,4;33,7;14,6;13,5;31;27;31;67;4,8;1,8;
2021/12/20;2100 UTC;0;979,9;979,9;979,5;124,5;31,4;16,1;33,7;31,4;16,5;14,1;40;31;40;74;4,3;,6;
2021/12/20;2200 UTC;0;980,4;980,4;979,9;;28,9;17,9;31,3;28,9;18,4;15,6;52;39;51;95;2;0;
2021/12/20;2300 UTC;0;981;981;980,4;;27,9;18,1;29,2;27,9;18,4;16,8;55;47;55;206;0;0;
2021/12/21;0000 UTC;0;982,2;982,2;981;;30,4;18,3;30,6;27,2;18,3;15,4;57;40;48;39;7,8;4,1;
2021/12/21;0100 UTC;0;983,5;983,5;982,2;;28,9;18,9;30,4;28,9;19;18,3;55;48;55;46;8,9;3,9;
2021/12/21;0200 UTC;0;983,9;984;983,5;;28,1;18,3;28,9;28,1;19;18,3;55;55;55;37;8,6;3,3;
2021/12/21;0300 UTC;0;983,4;983,9;983,4;;27,3;18,7;28,1;27,3;18,7;18,3;59;55;59;48;6,7;1,8;
2021/12/21;0400 UTC;0;983,1;983,5;983,1;;27,2;19,2;27,5;27,2;19,2;18,7;62;59;62;55;6,2;2,5;
2021/12/21;0500 UTC;0;982,8;983,1;982,7;;27;19,2;27,2;27;19,2;19;62;61;62;53;7;3,5;
2021/12/21;0600 UTC;0;982,2;982,8;982,2;;26,9;19,3;27;26,7;19,3;19,2;64;62;63;56;7;2,1;
2021/12/21;0700 UTC;0;982,6;982,6;982,2;;27,1;17,8;27,2;26,8;19,3;17,8;63;56;57;90;7,9;3;
2021/12/21;0800 UTC;0;982,6;982,8;982,6;;26,4;18,3;27,1;26,4;18,3;17,8;61;57;61;100;6,3;2,3;
2021/12/21;0900 UTC;0;983,7;983,7;982,6;,4;26,4;18,7;26,5;26,3;18,7;18,3;63;61;63;90;4,7;0;
2021/12/21;1000 UTC;0;984,3;984,3;983,7;78,7;26,5;18,7;26,5;26,2;18,9;18,6;64;62;62;107;5,3;3,2;
2021/12/21;1100 UTC;0;984,9;985;984,3;651,7;27;18,2;27,5;26,5;19;18,2;62;58;59;106;6,4;3,1;
2021/12/21;1200 UTC;0;984,8;985;984,8;617,1;27,7;18,7;27,7;27;18,8;18,2;60;58;58;113;5,4;2,8;
2021/12/21;1300 UTC;0;984,8;984,9;984,7;1719,2;29,9;17,9;30,1;27,7;18,7;17,8;58;48;49;100;6,3;3,4;
2021/12/21;1400 UTC;0;984,1;984,8;984,1;3302,2;30,4;16,9;31,9;29,5;18,8;16,6;49;42;44;78;8;3,9;
2021/12/21;1500 UTC;0;983,5;984,1;983,5;3610,8;33,2;15,8;33,3;30,4;17,2;15,3;44;35;35;109;8,5;4,2;
2021/12/21;1600 UTC;0;982,9;983,5;982,9;2509,5;32,8;14,9;33,4;32,2;16,1;14,6;37;33;34;96;7,8;2,4;
2021/12/21;1700 UTC;0;981,5;982,9;981,5;1953,1;33,3;14,5;34,7;32,4;15,9;14;36;31;32;101;6,7;3,1;
2021/12/21;1800 UTC;0;980,7;981,5;980,7;1929,5;33,9;13,6;34,7;33,1;15,2;13,6;34;29;29;112;6,8;3,6;
2021/12/21;1900 UTC;0;980,5;980,8;980,4;1362,8;34;12,9;34,8;33,6;14;12,7;31;27;28;95;6,4;3,2;
2021/12/21;2000 UTC;0;980,5;980,6;980,4;806,5;33,5;13,8;34,8;33,5;13,8;12,4;31;26;31;76;5,5;2;
2021/12/21;2100 UTC;0;980,9;980,9;980,5;227,9;31,7;15,6;33,5;31,7;15,9;13,4;39;30;38;107;3,7;,6;
2021/12/21;2200 UTC;0;981,6;981,6;980,9;;29,2;17,1;31,7;29,2;17,2;14,4;48;35;48;121;4,2;,6;
2021/12/21;2300 UTC;0;983;983;981,6;;29,9;17,9;31,8;29;18,2;14,4;50;37;49;47;13,7;5,3;
2021/12/22;0000 UTC;0;984,4;984,4;983;;28,9;17,5;29,9;28,9;17,9;17,5;50;48;50;46;10,7;3,7;
2021/12/22;0100 UTC;0;984,6;984,7;984,4;;28,4;16,4;28,9;28,4;17,5;16,4;50;48;48;56;9,6;3,2;
2021/12/22;0200 UTC;0;984,2;984,6;984,2;;27,5;16,7;28,4;27,5;16,7;16,4;52;48;52;86;6,4;1,7;
2021/12/22;0300 UTC;0;984,4;984,4;984,2;;27,4;17;27,6;27,3;17,2;16,7;54;52;53;77;5,6;2,9;
2021/12/22;0400 UTC;0;984,1;984,4;984;;26,9;17,3;27,4;26,9;17,3;17;56;53;56;69;6;2,1;
2021/12/22;0500 UTC;0;983,8;984,1;983,8;;25,4;18,2;27;25,3;18,2;17,3;65;56;64;108;4,6;,4;
2021/12/22;0600 UTC;0;983,3;983,8;983,3;;24,2;18,5;25,4;24,2;18,6;18,2;71;64;71;105;1,7;,9;
2021/12/22;0700 UTC;0;983,5;983,6;983,3;;24,2;18,5;24,7;24,2;18,5;18,1;71;67;71;89;1,9;,8;
2021/12/22;0800 UTC;0;983,8;983,8;983,5;;23,8;18,7;24,2;23,4;19;18,4;76;71;73;100;2,1;,9;
2021/12/22;0900 UTC;0;984,8;984,8;983,8;23,6;24,6;18,4;24,6;23,5;18,8;18,4;74;68;68;104;2,9;1,8;
2021/12/22;1000 UTC;0;985,2;985,2;984,8;305,8;25,8;18,7;25,8;24,5;18,8;18,4;69;65;65;103;4,5;2,4;
2021/12/22;1100 UTC;0;985,9;985,9;985,2;1032,8;27,2;18,9;27,2;25,8;19,1;18,5;65;60;61;107;6;3,8;
2021/12/22;1200 UTC;0;985,9;985,9;985,8;1228,5;28,1;18,1;28,2;27,1;19;18,1;61;55;55;87;6,2;3,6;
2021/12/22;1300 UTC;0;985,5;986;985,5;2139,8;30;17,9;30,1;28,1;18,5;17,6;56;47;48;76;7,5;3,9;
2021/12/22;1400 UTC;0;985;985,5;985;1720,4;30,4;17,1;31,8;29,4;18,3;17;50;43;45;56;7,6;3,2;
2021/12/22;1500 UTC;0;984,2;985;984,2;2086,4;31,6;16,2;32,5;30,3;17,7;16,1;46;39;40;98;7,7;3,5;
2021/12/22;1600 UTC;0;983,2;984,2;983,2;3340,3;33,2;15,7;33,9;31,5;16,9;14,9;41;33;35;96;8;4,4;
2021/12/22;1700 UTC;0;982,1;983,2;982,1;1861,1;33,6;15,1;35;32,5;16;14,9;37;31;33;84;7,8;3;
2021/12/22;1800 UTC;0;981,4;982,1;981,4;1536,4;33,9;15;34,7;33;15,5;14,1;34;30;32;105;6,2;1,9;
2021/12/22;1900 UTC;0;980,9;981,4;980,9;1039;34;15,1;34,1;33,6;15,5;14,2;34;30;32;126;4,2;,7;
2021/12/22;2000 UTC;0;980,9;980,9;980,9;799,3;35,1;14,5;35,1;33,8;15,3;13,9;33;29;29;134;2,1;0;
2021/12/22;2100 UTC;0;981;981;980,9;246,2;30,6;18,3;35,1;30,6;18,8;13,8;48;28;48;125;,9;0;
2021/12/22;2200 UTC;0;981,6;981,6;981;;28,7;18,2;30,6;28,3;19,8;18;59;47;53;101;1,5;,3;
2021/12/22;2300 UTC;0;982,4;982,4;981,6;;28,8;20,1;28,8;28,6;20,2;18,3;60;53;60;143;1,5;0;
2021/12/23;0000 UTC;0;983,4;983,4;982,4;;31,1;18,2;31,4;28,8;20,5;16,4;60;43;46;39;7,6;3,4;
2021/12/23;0100 UTC;0;983,8;983,8;983,4;;30;18,3;31,1;30;18,5;18,2;49;46;49;43;9,2;3,4;
2021/12/23;0200 UTC;0;984;984;983,8;;29,4;18,2;30;29,4;18,3;18,1;51;49;51;39;7,3;3,9;
2021/12/23;0300 UTC;0;983,8;984,1;983,8;;28,7;18,4;29,4;28,7;18,4;18,2;54;51;54;51;7,8;3,4;
2021/12/23;0400 UTC;0;983,2;983,8;983,2;;27,6;18,8;28,7;27,6;18,8;18,4;59;54;59;71;6,5;1,8;
2021/12/23;0500 UTC;0;983;983,2;983;;26,1;19,2;27,6;25,8;19,3;18,7;68;59;66;99;3,1;1,2;
2021/12/23;0600 UTC;0;983,1;983,2;983;;25,1;18,6;26,3;25,1;19,1;18,3;67;62;67;114;3,1;,1;
2021/12/23;0700 UTC;0;983,4;983,5;983,1;;25;18,4;25,1;24,3;18,8;18,4;71;67;67;110;3,2;2;
2021/12/23;0800 UTC;0;984;984;983,4;;24,7;18,5;25;24,6;18,5;18,3;68;67;68;100;3,4;1,9;
2021/12/23;0900 UTC;0;984,5;984,5;984;37,1;25;18,9;25;24,5;18,9;18,5;70;68;69;105;3,6;2,2;
2021/12/23;1000 UTC;0;984,9;984,9;984,5;595,4;26,9;19;26,9;25;19,3;18,9;69;62;62;106;5,4;3,1;
2021/12/23;1100 UTC;0;985,2;985,3;984,9;1480,4;28,4;18,8;28,5;26,9;19,3;18,5;62;56;56;85;6,5;3,9;
2021/12/23;1200 UTC;0;985,2;985,2;985,1;2127,2;30,2;18,3;30,2;28;19,1;18,1;56;49;49;92;9,1;4,5;
2021/12/23;1300 UTC;0;984,5;985,2;984,5;2483,5;30,5;17,1;31,3;30,1;18,8;17,1;50;44;45;73;8,3;3,9;
2021/12/23;1400 UTC;0;983,8;984,5;983,8;2613,3;33,1;16,7;33,1;30,4;17,9;16,4;45;37;38;91;7,4;3,7;
2021/12/23;1500 UTC;0;982,9;983,8;982,9;3532,6;34,2;15,8;34,8;31,9;16,8;15;39;32;33;93;8;4,2;
2021/12/23;1600 UTC;0;982;982,9;982;2689,2;34,7;14,5;35,5;33;15,8;13,7;34;28;30;92;7,1;4;
2021/12/23;1700 UTC;0;981;982;981;3423,8;35,8;13;36,4;34,5;14,7;12,5;30;25;26;141;6,7;2,3;
2021/12/23;1800 UTC;0;980,1;981;980,1;2473,4;36,3;12,7;36,9;35,1;13,6;12,6;27;24;24;86;6,7;1,7;
2021/12/23;1900 UTC;0;979,3;980,1;979,3;1578,8;35,6;12,8;36,6;35,5;13,9;12;27;23;25;73;7,2;3,1;
2021/12/23;2000 UTC;0;979,2;979,3;979,2;768,9;35,4;13,6;36,7;35,1;13,7;12,1;27;23;27;351;7,2;,5;
2021/12/23;2100 UTC;0;979,6;979,6;979,2;173,5;32,9;13,8;35,4;32,9;14,6;12,5;33;26;32;90;4,2;1,6;
2021/12/23;2200 UTC;0;980,3;980,3;979,7;;30,6;14,9;32,9;30,2;17,1;13,3;45;31;39;62;3,1;,8;
2021/12/23;2300 UTC;0;981,3;981,3;980,3;;32,4;15,7;32,9;30,6;15,7;13,6;39;32;37;42;9,2;3,8;
2021/12/24;0000 UTC;0;982,2;982,2;981,3;;30,7;16,8;32,4;30,7;16,8;15,8;43;37;43;41;11,7;3,6;
2021/12/24;0100 UTC;0;983,1;983,1;982,2;;29,4;16,8;30,7;29,4;16,9;16,7;46;43;46;56;9,4;3,6;
2021/12/24;0200 UTC;0;983,5;983,6;983,1;;28,6;17,8;29,5;28,6;17,8;16,7;52;46;52;40;9,1;3,9;
2021/12/24;0300 UTC;0;983,1;983,5;983,1;;27,9;18,4;28,6;27,9;18,4;17,8;57;52;57;44;8,7;3,6;
2021/12/24;0400 UTC;0;982,6;983,1;982,6;;27,3;19,1;27,9;27,3;19,1;18,4;61;57;61;47;8,7;2;
2021/12/24;0500 UTC;0;982,1;982,6;982,1;;26,7;19,7;27,3;26,7;19,8;19,1;65;61;65;37;6,9;3,1;
2021/12/24;0600 UTC;0;981,8;982,1;981,8;;25,9;19,8;26,7;25,9;19,8;19,7;69;65;69;39;5,9;1,6;
2021/12/24;0700 UTC;0;981,8;982;981,7;;24,5;19,8;25,9;24,5;19,8;19,6;75;69;75;121;3,3;0;
2021/12/24;0800 UTC;0;982;982,1;981,8;;23,7;19,9;24,5;23,7;20,2;19,7;80;75;79;126;,6;0;
2021/12/24;0900 UTC;0;983,1;983,1;982;29,7;23,5;20;23,7;23,3;20;19,6;81;79;81;107;1,6;0;
2021/12/24;1000 UTC;0;984,4;984,4;983,1;713,4;27,4;19,4;27,6;23,5;20,8;19,1;81;61;61;25;2,9;1,5;
2021/12/24;1100 UTC;0;984,5;984,5;984,4;954,3;27,8;18,6;27,9;27,1;19,6;18,6;63;57;58;49;4,7;2,1;
2021/12/24;1200 UTC;0;984,6;984,8;984,5;1372,1;29;18,2;29,4;27,6;19;18,1;58;52;52;85;5,2;2,6;
2021/12/24;1300 UTC;0;984;984,6;983,9;2576,9;31;17,4;31,3;28,7;18,6;17,2;53;44;44;97;5,6;1,5;
2021/12/24;1400 UTC;0;983,2;984;983,2;2019;30,8;17,4;31,5;30,2;18,2;17,1;48;44;45;90;5,6;2,2;
2021/12/24;1500 UTC;0;982,2;983,1;982,2;1420,2;31,9;17,3;31,9;30,6;18,1;16,6;46;41;42;81;4,9;1,7;
2021/12/24;1600 UTC;0;981,5;982,3;981,5;1419,1;32,6;16,8;32,6;30,8;18,4;16,3;48;39;39;85;4,5;2,1;
2021/12/24;1700 UTC;0;980,9;981,5;980,9;1020,7;31,9;16,6;32,8;31,8;17,6;16,2;43;38;40;94;4,9;1,5;
2021/12/24;1800 UTC;0;980,3;980,9;980,3;1556,2;33,7;15,1;33,8;31,8;17,2;14,8;41;32;33;49;5,3;2,3;
2021/12/24;1900 UTC;0;979,9;980,3;979,9;1309,5;33,7;14,6;34,1;33,5;15,5;14,2;34;31;32;103;4,6;2,1;
2021/12/24;2000 UTC;0;980,3;980,3;979,9;464,7;33,1;14,2;33,7;33,1;15;13,9;33;31;32;48;5,6;2,1;
2021/12/24;2100 UTC;0;980,7;980,7;980,3;59,9;32,7;13,8;33,1;32,6;14,2;13,4;32;31;32;37;5,6;1,6;
2021/12/24;2200 UTC;0;981,3;981,3;980,7;;31,4;15,2;32,7;31,4;15,2;13,7;38;32;38;1;3,5;0;
2021/12/24;2300 UTC;0;981,9;981,9;981,3;;30,2;16,1;31,4;27,5;19,2;15,3;59;38;43;41;3,5;1,4;
2021/12/25;0000 UTC;0;982,9;983;981,9;;30,7;16,8;30,8;29,9;16,8;15,9;44;42;43;39;7,1;3,6;
2021/12/25;0100 UTC;0;983,3;983,3;982,9;;29,4;17,7;30,7;29,4;17,8;16,8;50;43;50;61;7,6;2,8;
2021/12/25;0200 UTC;0;983,2;983,5;983,2;;28,5;18,5;29,4;28,5;18,5;17,7;55;50;55;70;6,4;2,8;
2021/12/25;0300 UTC;0;982,9;983,2;982,9;;27,6;19,5;28,5;27,6;19,5;18,5;61;55;61;66;6,8;3,7;
2021/12/25;0400 UTC;0;982,6;982,9;982,6;;26,8;20;27,6;26,8;20;19,4;66;61;66;48;7,5;2,7;
2021/12/25;0500 UTC;0;982,1;982,6;982,1;;26,4;20;26,8;26,4;20,1;20;68;66;68;44;5,7;3,3;
2021/12/25;0600 UTC;0;981,8;982,1;981,8;;26,1;19,8;26,5;26,1;20;19,7;68;67;68;56;6,3;2;
2021/12/25;0700 UTC;0;982,1;982,1;981,8;;25,6;19,8;26,1;25,6;19,8;19,7;70;68;70;62;4,6;,7;
2021/12/25;0800 UTC;0;982,5;982,6;982,1;;24,5;20,4;25,6;24;20,4;19,5;79;70;78;67;1,8;,2;
2021/12/25;0900 UTC;0;983,3;983,3;982,5;34,7;25,7;20,2;25,7;24,5;20,3;19,9;78;72;72;86;1,3;,2;
2021/12/25;1000 UTC;0;983,5;983,6;983,3;478,4;26,8;19,5;27,3;25,7;20,2;19,4;71;63;64;90;5,3;2,9;
2021/12/25;1100 UTC;0;984,2;984,2;983,5;1371;28,3;19,5;29,1;26,8;20,2;19,2;65;57;59;100;5,1;2,8;
2021/12/25;1200 UTC;0;984,3;984,3;984,1;1758,5;29,7;19,2;29,7;27,9;20;18,8;60;52;54;94;5,7;2,6;
2021/12/25;1300 UTC;0;984;984,3;984;2546,7;31,5;17,4;32,5;29,7;19,4;17,4;54;43;43;61;6,3;2,5;
2021/12/25;1400 UTC;0;983,4;984;983,4;2147,7;32;16,5;33,3;30,7;18;16,5;46;37;39;57;5,4;1,7;
2021/12/25;1500 UTC;0;982,6;983,4;982,6;1887,3;32,5;16,6;33,5;32;17,5;16;41;37;39;23;5,4;2,5;
2021/12/25;1600 UTC;0;981,8;982,6;981,8;1543,5;33,9;15,9;34,1;32,5;17,6;14,9;40;33;34;357;6,4;1,2;
2021/12/25;1700 UTC;0;981,3;981,8;981,3;729,3;31,9;17,3;33,9;31,5;19,2;16,2;47;34;42;333;8,3;3,8;
2021/12/25;1800 UTC;0;980,6;981,3;980,6;794;32,4;17,1;32,5;31,9;17,5;16,6;42;39;40;323;7,9;2,9;
2021/12/25;1900 UTC;0;980,6;980,7;980,4;665,7;32;19,1;32,7;31,8;19,1;16,5;46;39;46;263;7,6;3,7;
2021/12/25;2000 UTC;2,2;982;982,1;980,5;678,3;23;19,3;32,3;22,9;19,5;18,3;80;46;80;316;17,9;7,3;
2021/12/25;2100 UTC;10,4;982,6;982,8;982;22,6;23,9;20,9;24,5;23;21,7;19,7;85;80;83;207;17,9;,9;
2021/12/25;2200 UTC;,2;984,2;984,2;982,4;,3;24,6;20,9;24,7;23,6;20,9;20,6;84;79;80;112;7;4,1;
2021/12/25;2300 UTC;0;985,1;985,1;984,2;1,3;24,3;21,1;24,6;24,2;21,4;20,9;84;80;82;92;7,7;2,9;
2021/12/26;0000 UTC;0;985,7;985,8;985,1;;24;20,8;24,5;24;21,1;20,5;83;79;83;100;6,1;2,1;
2021/12/26;0100 UTC;0;985,5;985,8;985,5;;24;21;24;23,7;21,1;20,8;85;83;83;187;4,4;0;
2021/12/26;0200 UTC;0;985,3;985,5;985,3;;24;21,3;24,3;23,9;21,3;20,9;85;83;85;120;1,3;,3;
2021/12/26;0300 UTC;0;984,8;985,3;984,8;;23,8;21,4;24,1;23,8;21,5;21,2;87;85;86;111;1,6;,3;
2021/12/26;0400 UTC;0;984,5;984,9;984,5;;23,9;21,3;24;23,8;21,6;21,2;87;85;85;82;1,3;0;
2021/12/26;0500 UTC;0;984,5;984,6;984,4;;24,1;21,6;24,2;23,9;21,7;21,2;86;85;86;180;,6;0;
2021/12/26;0600 UTC;0;984,4;984,5;984,3;;24,1;21,5;24,2;24,1;21,8;21,5;86;85;85;187;,7;0;
2021/12/26;0700 UTC;0;984,6;984,7;984,3;;24;21,4;24,3;24;21,7;21,4;86;85;85;266;2,1;,9;
2021/12/26;0800 UTC;8,4;984,9;985;984,6;;22,9;21;24,1;22,7;21,5;20,7;89;85;89;286;5;1,8;
2021/12/26;0900 UTC;5;985,8;985,8;984,9;,2;22,7;21;22,9;22,6;21;20,7;90;89;90;286;3,3;,1;
2021/12/26;1000 UTC;7,8;986,3;986,9;985,8;12,3;22,1;20,4;22,8;22,1;21,1;20,4;91;90;90;195;5,1;1,2;
2021/12/26;1100 UTC;,2;987;987;986,3;221,8;22,7;20,8;22,9;22,1;21;20,5;90;89;89;172;3,7;0;
2021/12/26;1200 UTC;0;987,5;987,5;987;470,7;23,7;21,5;23,8;22,7;21,8;20,9;89;88;88;256;1,3;,2;
2021/12/26;1300 UTC;0;987,1;987,5;987,1;974,5;25,4;21,9;25,4;23,6;22,3;21,5;88;81;81;273;1,3;0;
2021/12/26;1400 UTC;0;986,7;987,1;986,7;1302,8;26,2;22,1;26,2;25,2;22,2;21,4;81;76;78;206;1,5;0;
2021/12/26;1500 UTC;0;985,7;986,7;985,7;1231,4;27,3;22;27,4;26,2;22,6;21,7;78;72;73;116;1,3;,1;
2021/12/26;1600 UTC;0;984,7;985,7;984,7;2130,4;29,1;22,1;29,5;27,3;22,9;21,4;73;65;66;244;3,2;,2;
2021/12/26;1700 UTC;0;983,3;984,7;983,3;2167,8;30,4;22,3;30,4;28,8;22,3;21,4;67;59;62;158;3;1;
2021/12/26;1800 UTC;0;982,3;983,3;982,3;2883,4;31,6;21,1;31,8;30,1;22,3;20,5;62;53;54;235;3,3;1,1;
2021/12/26;1900 UTC;,2;983,2;983,4;982,3;228,7;23,7;20,6;31,7;23,4;21;18,6;85;53;83;229;12,4;,1;
2021/12/26;2000 UTC;,4;983,4;983,4;983,2;199,8;23,7;20,8;23,9;23,4;21,1;20,5;85;83;84;306;2,5;1;
2021/12/26;2100 UTC;,2;984,8;984,8;983,4;29,9;23,7;21,1;23,9;23,5;21,5;21;87;84;85;22;7;3;
2021/12/26;2200 UTC;,4;985,4;985,4;984,8;;23,4;21,1;23,7;23,4;21,2;20,9;87;85;86;62;7;0;
2021/12/26;2300 UTC;,8;986,9;986,9;985,4;;23,4;21,3;23,5;23,3;21,3;21;88;86;88;260;1,5;,3;
2021/12/27;0000 UTC;4,2;987,9;988;986,9;;23,2;21,3;23,4;23,1;21,5;21,1;90;88;89;85;2,1;0;
2021/12/27;0100 UTC;2,8;987,5;988;987,5;8,8;23,2;21,6;23,3;23;21,6;21,2;91;89;91;177;0;0;
2021/12/27;0200 UTC;1;987,1;987,5;987,1;;23,2;21,5;23,2;23;21,6;21,3;91;90;90;191;0;0;
2021/12/27;0300 UTC;0;986,7;987,1;986,7;;23,3;22,1;23,5;23,1;22,2;21,4;93;90;93;157;0;0;
2021/12/27;0400 UTC;0;985,9;986,7;985,9;;23,4;22;23,4;23,3;22,2;21,9;93;92;92;141;0;0;
2021/12/27;0500 UTC;0;985,8;985,9;985,7;;23,3;21,7;23,5;23,3;22,1;21,6;93;90;90;105;0;0;
2021/12/27;0600 UTC;0;985,8;985,8;985,7;;23,4;21,7;23,4;23,2;22,1;21,5;93;90;90;140;0;0;
2021/12/27;0700 UTC;,2;985,7;985,8;985,6;;23,4;21,7;23,5;23,3;21,8;21,6;91;90;91;101;0;0;
2021/12/27;0800 UTC;0;986,2;986,2;985,6;;22,7;20,8;23,4;22,7;21,9;20,8;92;89;89;129;6,2;3,1;
2021/12/27;0900 UTC;0;986,7;986,7;986,2;21,9;22;19,6;22,7;21,9;20,7;19,6;89;86;86;103;6,2;1,4;
2021/12/27;1000 UTC;0;987,1;987,1;986,7;204,1;22,4;19,6;22,5;21,9;19,9;19,4;86;84;84;98;2,6;0;
2021/12/27;1100 UTC;0;987,5;987,5;987,1;509;23,4;19,6;23,4;22,4;20;19,3;85;78;79;100;2,6;1,2;
2021/12/27;1200 UTC;0;987,4;987,6;987,4;1381,1;25,1;19,3;25,4;23,4;20;18,7;79;69;70;103;2,9;1,3;
2021/12/27;1300 UTC;0;986,9;987,4;986,9;2699,2;27,1;20,4;27,3;25,1;20,7;19,3;71;66;67;113;7,3;3,6;
2021/12/27;1400 UTC;0;986,3;987;986,3;3006,1;28;20,7;28,3;27,1;21,6;20,2;69;64;64;90;7,3;4,1;
2021/12/27;1500 UTC;0;985,6;986,4;985,5;2591;29;21,1;29;27,6;21,4;20,3;68;61;63;94;7,9;5,1;
2021/12/27;1600 UTC;0;985;985,5;985;2298,4;28;20,2;29,5;28;21,2;20,1;64;59;63;111;9,3;4,6;
2021/12/27;1700 UTC;0;984,3;985;984,3;1433,9;29,1;20,9;29,1;27,7;21,2;20;66;61;62;94;7,3;2,4;
2021/12/27;1800 UTC;0;983,5;984,3;983,5;1497,1;29,4;19,3;29,6;29;20,9;18,7;62;52;55;72;7,3;4;
2021/12/27;1900 UTC;0;983,3;983,5;983,2;1470,7;29,6;18,8;30;29,4;19,9;18,7;55;51;52;76;7,1;4,1;
2021/12/27;2000 UTC;0;983,6;983,6;983,3;641,1;28,9;19,2;29,6;28,9;20,1;18,5;58;52;56;87;6,6;2,1;
2021/12/27;2100 UTC;0;984;984;983,6;123,4;27,8;20,5;28,9;27,8;20,6;19,3;65;56;65;113;3,8;,1;
2021/12/27;2200 UTC;0;984,4;984,5;984;;26,7;21,9;27,8;26,7;21,9;20,4;75;64;75;125;1,2;0;
2021/12/27;2300 UTC;0;984,5;984,5;984,4;;26,2;22,1;26,7;25,7;22,6;21,8;82;75;78;148;0;0;
2021/12/28;0000 UTC;0;985,3;985,3;984,5;;25,7;22,7;26,2;25,7;22,9;21,6;84;76;84;175;0;0;
2021/12/28;0100 UTC;0;985,5;985,6;985,3;,3;25,8;22,3;26;25,3;22,9;21,8;85;79;81;146;0;0;
2021/12/28;0200 UTC;0;985,3;985,6;985,3;;25,8;22,2;25,8;25,3;22,7;21,9;85;80;80;125;0;0;
2021/12/28;0300 UTC;0;984,8;985,3;984,8;1,5;25,6;21,7;25,8;25,5;22,1;21,6;81;78;79;108;0;0;
2021/12/28;0400 UTC;0;984,6;984,8;984,6;;25,5;22,2;25,7;25,5;22,2;21,6;82;79;82;29;0;0;
2021/12/28;0500 UTC;0;984,3;984,6;984,3;1,7;25,3;22,1;25,6;25,2;22,6;22,1;84;82;82;115;0;0;
2021/12/28;0600 UTC;0;984,4;984,5;984,2;;25,3;21,5;25,7;25,3;22,1;21,4;82;78;80;83;0;0;
2021/12/28;0700 UTC;0;984,5;984,5;984,4;;24,7;21,8;25,3;24,7;22;21,5;84;80;84;104;0;0;
2021/12/28;0800 UTC;0;985,2;985,2;984,5;;24,6;22;24,8;24,5;22;21,7;85;84;85;108;0;0;
2021/12/28;0900 UTC;0;985,9;985,9;985,2;11,9;25,1;21,4;25,1;24,6;22;21,4;85;80;80;132;0;0;
2021/12/28;1000 UTC;0;986,3;986,3;985,9;314,3;25,8;21,2;25,8;25,1;21,5;21;80;76;76;118;4,7;2,6;
2021/12/28;1100 UTC;0;986,9;986,9;986,3;902;27,6;21;27,6;25,8;21,6;20,5;76;67;68;103;4,7;3;
2021/12/28;1200 UTC;0;987;987;986,9;2240,6;28,6;19,4;29;27,4;21,4;19,2;68;57;58;96;6,8;3,7;
2021/12/28;1300 UTC;0;986,5;987;986,5;2626,6;30;20,1;30,1;28,2;20,4;19;61;54;55;87;7,2;3,3;
2021/12/28;1400 UTC;0;986;986,6;986;3562,4;31,1;19,1;31,3;29,8;20,4;18,4;55;47;49;101;8,5;3,8;
2021/12/28;1500 UTC;0;985,5;986,1;985,5;3579,7;32;18,9;32,2;30,5;19,8;18,1;51;45;46;94;8,1;4,4;
2021/12/28;1600 UTC;0;984,7;985,5;984,7;3628,4;33,1;17,5;33,2;31,3;19,3;17,4;47;39;39;96;8,1;4;
2021/12/28;1700 UTC;0;983,6;984,7;983,6;3207,7;33,7;15,8;34;32;17,9;15;41;33;34;91;8,5;3,3;
2021/12/28;1800 UTC;0;982,7;983,6;982,7;2607,1;34,1;15,1;34,6;33,2;17,1;14,9;37;31;32;89;6,3;3,4;
2021/12/28;1900 UTC;0;982,7;982,8;982,6;1799,4;33,2;15,4;34,6;33,2;16,5;14,8;37;32;34;120;6,8;2,7;
2021/12/28;2000 UTC;0;982,9;983;982,7;534;31;16,8;33,2;30,5;17,2;15,6;44;34;43;165;9,2;3,5;
2021/12/28;2100 UTC;0;983,6;983,6;982,9;159,4;30,3;17;31;30,2;17,2;16,5;46;42;45;186;6,5;2,1;
2021/12/28;2200 UTC;0;984;984;983,6;;29,2;18,6;30,5;29,2;18,6;16,9;53;44;53;181;3,8;,5;
2021/12/28;2300 UTC;0;985,1;985,1;984;;29,3;17,1;30;28,7;18,8;16,5;55;44;48;112;4,5;2,2;
2021/12/29;0000 UTC;0;985,5;985,5;985,1;;29,6;16,6;29,9;29,3;17,1;16,6;48;45;46;135;4,5;1,7;
2021/12/29;0100 UTC;0;986,1;986,1;985,5;;26,7;19,3;29,6;26,4;19,3;16,5;64;46;64;1;3,4;0;
2021/12/29;0200 UTC;0;986,3;986,6;986,1;;25,3;20,3;26,7;25,3;20,3;19;74;64;74;139;1,8;0;
2021/12/29;0300 UTC;0;985,9;986,4;985,9;;24,8;21,7;25,3;24,4;21,7;20,4;83;74;83;38;0;0;
2021/12/29;0400 UTC;0;984,9;985,9;984,9;;25,6;20,3;25,7;24,5;21,7;20,1;83;72;73;102;2,8;1,5;
2021/12/29;0500 UTC;0;985;985;984,9;;25,4;21;25,7;25,4;21;20,3;77;72;77;127;2,2;0;
2021/12/29;0600 UTC;0;984,7;985;984,7;;25,2;20,3;25,4;25;21,1;20,3;78;74;74;117;2,3;,7;
2021/12/29;0700 UTC;0;984,9;985;984,7;;25;20,7;25,2;24,5;21;20,3;80;74;77;115;2,3;1,3;
2021/12/29;0800 UTC;0;985,5;985,5;984,9;;25,8;20;25,9;25;20,7;20;77;70;70;115;3,5;2,1;
2021/12/29;0900 UTC;0;986,3;986,4;985,5;23,4;25,3;20,2;25,9;25,3;20,2;19,8;73;70;73;104;5,7;1,6;
2021/12/29;1000 UTC;0;987;987;986,4;516,2;26,7;20,8;26,7;25,3;21;20,2;74;70;70;103;4,9;2,5;
2021/12/29;1100 UTC;0;987,2;987,3;987;1494,3;27,7;19,7;27,7;26,6;20,9;19,6;70;62;62;113;7,7;4,2;
2021/12/29;1200 UTC;0;987,3;987,4;987,2;2260,7;28,5;19,2;29,1;27,5;20,3;19,1;62;56;57;93;6,8;3;
2021/12/29;1300 UTC;0;987;987,3;987;2181,6;29,9;18,4;30,4;28,3;20,1;17,8;59;49;50;104;6,2;2;
2021/12/29;1400 UTC;0;986,5;987;986,5;2011,9;30,3;17,7;30,9;29,4;19,4;16,6;52;44;47;101;6,2;2;
2021/12/29;1500 UTC;0;985,6;986,5;985,6;2655,2;32,1;16,7;32,2;30;18;15,9;48;38;40;81;6,7;3,5;
2021/12/29;1600 UTC;0;984,6;985,6;984,6;3195,1;33,1;14,6;33,9;31,3;17,5;14,6;43;33;33;174;6,7;1,4;
2021/12/29;1700 UTC;0;983,5;984,6;983,4;3305,7;33,6;14,7;33,9;32,8;15,6;13,5;35;31;32;205;5,6;2,2;
2021/12/29;1800 UTC;0;982,6;983,5;982,5;2407,7;33,9;14,4;34,3;32,8;15,6;13,4;34;30;31;182;5,1;2,3;
2021/12/29;1900 UTC;0;981,9;982,6;981,9;1819,4;33,9;14,6;34,6;33,1;15,4;13,5;34;30;31;223;5,1;1,8;
2021/12/29;2000 UTC;0;981,7;981,9;981,7;1012;32,9;14,4;34,4;32,9;15,4;13,8;34;30;33;178;5,1;2,1;
2021/12/29;2100 UTC;0;982;982;981,6;109;31,5;15,9;32,9;31,5;16,5;14,4;40;33;39;194;3,8;1;
2021/12/29;2200 UTC;0;982,3;982,3;982;;28;20,5;31,5;28;21,3;16;65;39;64;8;1,7;0;
2021/12/29;2300 UTC;0;982,8;982,8;982,3;;28,9;18,8;28,9;27;22;18,8;74;55;55;209;2,3;1,6;
2021/12/30;0000 UTC;0;983,5;983,5;982,8;;28,2;19,5;28,9;28,1;19,5;18,7;59;54;59;217;2,4;,3;
2021/12/30;0100 UTC;0;983,8;983,8;983,5;;28;19,8;28,4;28;21,1;19,4;66;59;61;201;3,7;1,3;
2021/12/30;0200 UTC;0;984,1;984,1;983,8;;28,8;19,6;29,1;26,8;19,9;19;65;56;57;52;8,2;3,2;
2021/12/30;0300 UTC;0;983,3;984,2;983,3;;28,1;20,2;28,8;28,1;20,3;19,6;62;57;62;112;5,8;,4;
2021/12/30;0400 UTC;0;983,3;983,4;982,9;;26,1;20,8;28,1;25,7;21,1;20,1;76;62;73;75;2,6;1,2;
2021/12/30;0500 UTC;0;983,7;983,7;983,3;;23,6;20,2;26,2;23,6;20,8;19,8;82;68;82;91;9,6;4,5;
2021/12/30;0600 UTC;0;983,8;983,8;983,7;;23,5;20,4;23,6;23,4;20,5;20,2;84;82;83;88;7,6;0;
2021/12/30;0700 UTC;0;983,7;983,8;983,5;;23,7;20,4;23,8;23,5;20,5;20,3;83;81;82;69;2,5;0;
2021/12/30;0800 UTC;0;984,2;984,2;983,7;;23,9;20,8;23,9;23,7;20,9;20,5;84;82;83;88;0;0;
2021/12/30;0900 UTC;0;984,7;984,7;984,1;33,3;24,2;21,2;24,2;23,8;21,2;20,7;83;83;83;110;0;0;
2021/12/30;1000 UTC;0;985,4;985,4;984,7;228,7;25,1;20,7;25,1;24,2;21,3;20,7;83;77;77;106;0;0;
2021/12/30;1100 UTC;0;985,6;985,6;985,4;803,8;26,8;19,6;26,8;25,1;20,7;19,2;77;64;65;91;5;2,6;
2021/12/30;1200 UTC;0;985,6;985,8;985,6;1999,8;27,7;19,5;27,8;26,8;19,8;18,7;65;59;61;94;5,4;2,5;
2021/12/30;1300 UTC;0;985,5;985,7;985,4;1838,1;29;19;29,1;27,5;19,6;18,6;61;55;55;99;6;2,5;
2021/12/30;1400 UTC;0;984,9;985,5;984,9;2275,2;29;18,5;29,6;28,5;19,4;18,1;57;52;53;103;5,5;2,6;
2021/12/30;1500 UTC;0;984,1;985;984,1;2627,7;30,7;18,3;30,9;28,9;19,6;17,8;54;47;48;118;6,6;2,9;
2021/12/30;1600 UTC;0;983,1;984,1;983,1;3259;31,2;16,7;32,4;30,5;19;16,7;49;41;42;136;6,6;2,3;
2021/12/30;1700 UTC;0;982,3;983,1;982,3;1936,7;31,9;16,9;32,2;31,1;18,3;16,9;45;40;41;116;4,6;1;
2021/12/30;1800 UTC;0;981,6;982,3;981,6;843,8;29,9;19;32,2;29,9;19;16,9;52;40;52;49;4;1,8;
2021/12/30;1900 UTC;,6;981,4;981,7;981,4;407,8;28,1;19,7;29,9;27,7;20,3;18,8;64;52;61;341;4;1,7;
2021/12/30;2000 UTC;0;981,1;981,4;981,1;352,3;28,7;19,2;29;28,1;20,8;19;63;55;57;317;3,6;,7;
2021/12/30;2100 UTC;0;981,3;981,3;981;139,4;28,2;19,9;28,7;28;20,9;19,2;64;57;61;213;2,2;,3;
2021/12/30;2200 UTC;0;981,9;981,9;981,3;;27,4;21;28,2;27,3;21,7;19,9;71;61;68;327;1,6;0;
2021/12/30;2300 UTC;0;982,2;982,2;981,9;;26,7;22,8;27,7;26,7;23;20,8;79;66;79;212;0;0;
2021/12/31;0000 UTC;0;983,1;983,1;982,2;;27,2;21,7;27,3;26,6;23,1;21,6;80;71;72;304;1,6;,1;
2021/12/31;0100 UTC;0;983,9;983,9;983,1;1;27,2;21,1;27,4;27,1;21,8;21,1;72;69;70;328;2,5;,6;
2021/12/31;0200 UTC;0;983,5;983,9;983,5;;27,3;20,8;27,3;26,4;21,3;20,7;73;68;68;35;4,5;1,6;
2021/12/31;0300 UTC;0;983,1;983,5;983;;26,6;20,6;27,3;26,5;20,7;20,4;71;67;70;45;5,6;2,1;
2021/12/31;0400 UTC;0;982,8;983,1;982,7;;25,3;21,6;26,6;25,3;21,6;20,6;80;70;80;212;4,7;0;
2021/12/31;0500 UTC;2,6;982,2;982,7;982,2;;23,7;21,5;25,3;23,6;21,9;21,3;88;80;88;119;5,1;2,7;
2021/12/31;0600 UTC;,4;981,9;982,2;981,9;;23,7;21,6;23,8;23,4;21,8;21,4;89;88;88;56;5,1;1,4;
2021/12/31;0700 UTC;3;982,5;982,5;981,9;;23,1;21,3;23,7;23,1;21,6;21,2;89;88;89;6;4,4;1,5;
2021/12/31;0800 UTC;6,4;983,5;983,6;982,5;;23;21,3;23,2;22,9;21,6;21,2;92;89;90;48;4;,6;
2021/12/31;0900 UTC;2,2;984,3;984,3;983,4;;23,2;21,6;23,3;22,9;22,1;21,2;94;90;91;107;2;,1;
2021/12/31;1000 UTC;1,8;984,4;984,4;984,3;77,8;23,2;21,3;23,2;23;21,6;21,2;91;89;89;116;3,5;1,9;
2021/12/31;1100 UTC;0;984,7;984,8;984,4;423,7;24,1;21,8;24,1;23,2;21,9;21,4;90;87;87;129;3;1,4;
2021/12/31;1200 UTC;0;985,2;985,2;984,6;1485,3;26,1;22;26,1;24,1;22;21,3;87;78;78;89;4,3;1,6;
2021/12/31;1300 UTC;0;985,1;985,2;985,1;1938;27,3;21,1;27,5;25,7;21,9;20,6;78;69;69;83;6,8;2,9;
2021/12/31;1400 UTC;0;984,9;985,2;984,9;1855,9;27,9;20,2;28,2;27;21,4;20;70;62;63;56;6,8;1,9;
2021/12/31;1500 UTC;0;983,7;984,9;983,7;3117,3;29,8;19,2;30;27,9;21;18,7;65;53;53;95;5,1;2,4;
2021/12/31;1600 UTC;0;982,9;983,7;982,9;2597,6;30,9;18,4;31,1;29,3;19,7;18,3;55;47;47;80;6,2;2,3;
2021/12/31;1700 UTC;0;981,8;982,9;981,8;2851,9;31,7;19,1;31,9;30,1;19,5;17,6;51;44;47;60;6,1;1,8;
2021/12/31;1800 UTC;0;981;981,8;981;2245,4;33,4;18,2;33,4;30,9;19,3;17,3;50;40;41;167;5,4;,3;
2021/12/31;1900 UTC;0;980,6;981;980,6;1785,2;32,3;17,5;33,7;31,9;18,4;15,9;44;37;41;83;3,3;1,4;
2021/12/31;2000 UTC;0;980,4;980,6;980,4;1012;31,2;19,6;33,7;31,2;19,6;16,9;50;38;50;235;3,3;,8;
2021/12/31;2100 UTC;0;981;981;980,3;171,3;29,8;19,7;31,2;29,8;19,9;18,3;55;47;55;232;2,6;1,2;
2021/12/31;2200 UTC;0;981,8;981,8;981;;29,1;20,1;29,8;28,9;20,7;19,4;61;54;59;232;2,2;1,3;
2021/12/31;2300 UTC;0;982,4;982,4;981,8;;28,2;20,9;29,1;28,1;21,3;20,1;66;58;65;194;2,7;1,7;
