REGI?O:;SE
UF:;SP
ESTAC?O:;IBITINGA
CODIGO (WMO):;A737
LATITUDE:;-21,855567
LONGITUDE:;-48,799717
ALTITUDE:;496,75
DATA DE FUNDAC?O:;09/11/07
Data;Hora UTC;PRECIPITAÇÃO TOTAL, HORÁRIO (mm);PRESSAO ATMOSFERICA AO NIVEL DA ESTACAO, HORARIA (mB);PRESSÃO ATMOSFERICA MAX.NA HORA ANT. (AUT) (mB);PRESSÃO ATMOSFERICA MIN. NA HORA ANT. (AUT) (mB);RADIACAO GLOBAL (KJ/m²);TEMPERATURA DO AR - BULBO SECO, HORARIA (°C);TEMPERATURA DO PONTO DE ORVALHO (°C);TEMPERATURA MÁXIMA NA HORA ANT. (AUT) (°C);TEMPERATURA MÍNIMA NA HORA ANT. (AUT) (°C);TEMPERATURA ORVALHO MAX. NA HORA ANT. (AUT) (°C);TEMPERATURA ORVALHO MIN. NA HORA ANT. (AUT) (°C);UMIDADE REL. MAX. NA HORA ANT. (AUT) (%);UMIDADE REL. MIN. NA HORA ANT. (AUT) (%);UMIDADE RELATIVA DO AR, HORARIA (%);VENTO, DIREÇÃO HORARIA (gr) (° (gr));VENTO, RAJADA MAXIMA (m/s);VENTO, VELOCIDADE HORARIA (m/s);
2019/01/01;0000 UTC;0;954,4;954,4;953,6;;25,3;21,6;27,2;25,3;21,7;21,2;80;70;80;143;1,3;0;
2019/01/01;0100 UTC;0;955,4;955,4;954,4;;24,7;21,2;25,4;24,4;21,5;21;82;78;81;345;1,6;0;
2019/01/01;0200 UTC;0;955,6;955,6;955,4;;24,3;20,6;24,9;24,1;21,2;20,4;81;78;80;343;1,8;,7;
2019/01/01;0300 UTC;0;955,1;955,6;955,1;;23,2;19,6;24,3;23,2;21;19,6;83;78;80;312;3,4;1,6;
2019/01/01;0400 UTC;0;955;955,1;954,9;;22,6;19,9;23,4;22,4;20,1;19,2;86;78;85;214;2,9;1;
2019/01/01;0500 UTC;0;955;955;954,8;;22,4;19,3;23,1;22,4;20;19;85;79;83;180;2,4;0;
2019/01/01;0600 UTC;0;954,9;955;954,7;;22,2;19,4;23;21,9;19,7;18,7;86;80;84;321;1,3;0;
2019/01/01;0700 UTC;0;955,1;955,1;954,8;;21,3;20,1;22,1;21,3;20,2;19,2;93;84;93;21;2;1;
2019/01/01;0800 UTC;0;955,9;955,9;955,1;;20,5;19,8;21,3;20,5;20,2;19,8;96;93;96;345;2,6;1,8;
2019/01/01;0900 UTC;0;957;957;955,9;22,4;21,1;20,3;21,1;20,3;20,4;19,7;97;95;95;331;3,4;1,3;
2019/01/01;1000 UTC;0;958,2;958,2;957;417,8;22,6;21;22,6;21,1;21;20,2;95;90;91;339;3;,7;
2019/01/01;1100 UTC;0;958,7;958,8;958,2;1276,5;25,2;20,9;25,5;22,4;22;20,4;91;76;77;209;3,1;,9;
2019/01/01;1200 UTC;0;959,1;959,1;958,7;1520,4;26,8;22;27,1;25,3;22,3;20,9;78;73;75;185;5,5;2,9;
2019/01/01;1300 UTC;0;958,8;959,1;958,8;2414,1;29,8;22,6;29,8;26,6;23,1;21,4;75;64;65;169;6,5;2,6;
2019/01/01;1400 UTC;0;958,6;958,9;958,6;3238,9;31,8;21,8;31,8;28,8;22,6;20,1;66;55;56;172;8;3,2;
2019/01/01;1500 UTC;0;958;958,6;958;3727,8;32,5;21,3;32,5;30,5;22,5;19,3;59;49;52;190;8,4;2,7;
2019/01/01;1600 UTC;0;957,4;958;957,4;1642,3;29,7;20,5;32,8;29,4;21,6;20;61;49;58;95;6,9;1,6;
2019/01/01;1700 UTC;6,4;956,9;957,6;956,9;431,5;23,8;23,4;29,6;23,7;23,5;20,4;98;58;98;3;7,6;2,7;
2019/01/01;1800 UTC;,4;956,3;956,9;956,3;1140;24,8;23;25,1;23,8;24,6;23;98;89;90;8;4,5;1,4;
2019/01/01;1900 UTC;0;955,6;956,3;955,6;1276,2;27,1;23,6;27,7;24,8;24,2;22,9;92;76;81;3;3,5;1,1;
2019/01/01;2000 UTC;0;955,9;956;955,3;1767,1;28,3;20,1;30,1;26,6;24,2;18,5;82;57;61;197;9,2;2,1;
2019/01/01;2100 UTC;0;955,4;956,1;955,4;1387,2;27,1;19,1;29,2;26,1;20,9;18,4;73;56;61;170;8,1;2,2;
2019/01/01;2200 UTC;0;956,3;956,3;955,3;378,4;26,1;21;27,7;26,1;21;18,2;74;57;74;244;4,9;,1;
2019/01/01;2300 UTC;0;957;957;956,3;,8;24,7;21,4;26,1;24,6;21,5;21;82;74;82;268;3,3;1,3;
2019/01/02;0000 UTC;0;957,7;957,7;957;;23,9;21,5;24,8;23,9;21,6;21,2;87;82;87;248;3,7;1,1;
2019/01/02;0100 UTC;0;958,6;958,6;957,7;;23,6;21,3;23,9;23;21,7;21,3;92;87;87;251;5,9;2,6;
2019/01/02;0200 UTC;0;958,9;958,9;958,6;;22,6;20,9;23,7;22,6;21,3;20,7;90;85;90;334;5,9;,3;
2019/01/02;0300 UTC;0;958,4;958,9;958,4;;22,9;21;23,4;22,6;21,2;21;91;87;89;322;3,8;,9;
2019/01/02;0400 UTC;0;957,8;958,4;957,7;;22,8;21,2;22,9;22,6;21,4;21;93;89;91;253;3,2;,2;
2019/01/02;0500 UTC;0;957,6;957,9;957,6;;22,7;21,4;22,9;22,5;21,4;21,1;93;90;92;92;3,9;1,8;
2019/01/02;0600 UTC;0;957,7;957,8;957,6;;22,4;22;22,8;22,4;22;21,4;97;92;97;3;3,7;1,2;
2019/01/02;0700 UTC;0;957,9;957,9;957,7;;22;21,4;22,5;22;22,1;21,4;98;97;97;347;2,2;,6;
2019/01/02;0800 UTC;0;958,6;958,6;957,9;;22;21,4;22,1;21,8;21,6;21,3;97;96;96;272;2,4;,8;
2019/01/02;0900 UTC;0;959,5;959,5;958,6;16,6;21,5;21,2;22;21,5;21,3;21,1;98;96;98;335;2,1;0;
2019/01/02;1000 UTC;0;959,8;959,8;959,5;594,9;24,8;22,1;24,8;21,6;23,2;21,2;99;85;85;311;1,9;,1;
2019/01/02;1100 UTC;0;960,7;960,7;959,8;1502,2;26,4;21,8;26,4;24,6;23;21,3;85;75;76;305;2,9;,6;
2019/01/02;1200 UTC;0;960,8;960,8;960,5;2330,8;28,1;21,9;28,1;26,3;22,2;20,7;76;67;69;181;4;,9;
2019/01/02;1300 UTC;0;960,5;960,9;960,5;2991,8;29,5;21;29,6;27,7;22,6;20,5;69;60;60;175;4,7;2,2;
2019/01/02;1400 UTC;0;959,8;960,5;959,8;3639,2;30,7;21,7;30,7;29,5;22,6;21,1;64;58;59;134;5,4;2,3;
2019/01/02;1500 UTC;0;958,8;959,8;958,8;3306,7;30,9;20,1;32,3;30,2;22,8;20,1;61;52;53;161;6,6;2,2;
2019/01/02;1600 UTC;0;958,1;958,9;958,1;3543,9;32,7;21;33;30,7;21,4;19,2;56;46;50;145;8,6;2,7;
2019/01/02;1700 UTC;0;957,4;958,1;957,4;3692,7;32,7;20,3;33;31,2;22,5;19,5;58;47;48;163;8,6;2,6;
2019/01/02;1800 UTC;0;956,5;957,4;956,4;3297,7;32,9;18,1;33,7;32,4;21,1;17,8;50;40;41;170;7,1;3,1;
2019/01/02;1900 UTC;0;955,7;956,5;955,7;2339,8;31;19,4;33,1;30,2;20,3;18,2;55;41;50;160;13,2;3,1;
2019/01/02;2000 UTC;0;955,3;955,7;955,3;2144;32,3;17,7;32,5;31;20,1;17,4;52;41;42;163;7,8;2,6;
2019/01/02;2100 UTC;0;955,7;955,7;955,3;985,2;31,1;16,5;32,6;31;18,5;16,5;45;39;42;169;5,8;1,9;
2019/01/02;2200 UTC;0;955,9;955,9;955,6;138,9;28,4;19,5;31,1;28,3;19,6;16,6;59;42;59;65;4,2;0;
2019/01/02;2300 UTC;0;956,6;956,6;955,8;;27,2;20,8;28,4;27,1;21;19,7;69;59;68;207;2,4;0;
2019/01/03;0000 UTC;0;957,1;957,1;956,6;;26;20,9;27,2;26;21;20,6;74;68;74;263;,4;0;
2019/01/03;0100 UTC;0;957,7;957,8;957;;24,9;21,2;26;24,9;21,4;20,9;80;74;80;228;2,9;,7;
2019/01/03;0200 UTC;0;957,6;957,8;957,6;;24,7;21,6;25,2;24,3;21,6;21;84;79;83;80;2,7;,1;
2019/01/03;0300 UTC;0;956,9;957,6;956,9;;23,9;21,2;24,7;23,9;21,6;21,2;86;82;85;101;1,3;0;
2019/01/03;0400 UTC;0;956,7;956,9;956,7;;22,8;21,1;24,3;22,7;21,4;21;90;83;90;348;3,5;,4;
2019/01/03;0500 UTC;0;956,5;956,8;956,4;;24,3;21,9;24,3;22,7;22,2;21,1;94;87;87;347;4,2;0;
2019/01/03;0600 UTC;0;956;956,5;956;;23,6;21,1;24,3;23,5;21,8;21;89;84;86;283;2,1;,4;
2019/01/03;0700 UTC;0;956,3;956,3;955,9;;23;21,1;23,7;23;21,1;20,8;89;85;89;293;1,9;,4;
2019/01/03;0800 UTC;0;957;957;956,3;;22,2;21,4;23,1;22,2;21,4;21;95;89;95;23;2,5;,6;
2019/01/03;0900 UTC;0;957,3;957,3;956,9;14,2;22,1;21,8;22,2;21,9;21,8;21,2;98;95;98;76;2,5;0;
2019/01/03;1000 UTC;0;957,8;957,8;957,3;524,2;26;22,5;26,3;22,1;23,8;21,8;99;81;81;344;1,2;0;
2019/01/03;1100 UTC;0;957,9;957,9;957,7;1417;28,4;21,5;28,4;26;22,6;21,5;81;66;66;191;5,1;2,2;
2019/01/03;1200 UTC;0;957,9;957,9;957,8;2298,8;29,9;21,7;30,1;28,3;22,5;21;67;61;61;173;6,4;2,6;
2019/01/03;1300 UTC;0;957,8;958,1;957,8;3015,2;31,3;21,6;31,4;29,6;22,5;20,9;63;55;57;139;6,3;2,3;
2019/01/03;1400 UTC;0;957,3;957,9;957,3;3483,6;32,8;21,3;33,2;31,1;22,3;20;58;50;51;161;8;2,5;
2019/01/03;1500 UTC;0;956,7;957,4;956,6;3347,7;32,7;20,5;33,7;32,2;21,4;19,4;52;44;49;160;9,9;3,6;
2019/01/03;1600 UTC;0;955,9;956,7;955,9;2042,1;30,9;22,9;33,6;30;23;19,5;64;45;62;37;9,9;1,5;
2019/01/03;1700 UTC;0;955,4;955,9;955,3;3767;32,9;17,5;33,9;30,9;23,3;17,3;63;39;40;185;13,6;4,9;
2019/01/03;1800 UTC;0;955,7;955,7;955,3;3371,7;30,1;19,7;33,9;30,1;21,4;17,5;54;39;54;177;9,8;4,3;
2019/01/03;1900 UTC;0;954,7;955,7;954,7;1441,3;30,3;21,2;30,5;29,8;21,5;18,9;60;52;58;122;8,7;2,6;
2019/01/03;2000 UTC;0;955;955;954,7;908,6;30,3;21;30,4;29,6;21,3;20,2;60;55;58;176;4,6;1,4;
2019/01/03;2100 UTC;0;955,8;955,8;955;324,9;27,8;21;30,3;27,8;21,4;20,4;67;56;67;45;4,7;1,7;
2019/01/03;2200 UTC;0;957,2;957,2;955,8;68,1;25,1;20,7;27,8;25,1;21,4;20,3;76;67;76;78;10,6;4,6;
2019/01/03;2300 UTC;0;957,8;957,8;957,2;;22,3;20,8;25,1;21,9;20,9;19,2;94;75;92;141;9,8;1,7;
2019/01/04;0000 UTC;,2;958,4;958,6;957,8;;22,1;21,4;22,6;22,1;21,4;20,9;96;90;96;184;6,3;1,7;
2019/01/04;0100 UTC;0;958,9;958,9;958,4;;22;21,6;22,2;22;21,7;21,5;98;96;97;148;4,1;0;
2019/01/04;0200 UTC;0;958,3;958,9;958,3;;21,7;21,1;22;21,6;21,5;21;98;96;96;183;4,4;0;
2019/01/04;0300 UTC;0;957,5;958,3;957,5;;21,9;20,9;22;21,7;21,1;20,8;96;94;94;226;4,8;1,2;
2019/01/04;0400 UTC;0;956,6;957,5;956,6;;21,7;20,8;22;21,7;21;20,8;94;94;94;316;4,8;1,3;
2019/01/04;0500 UTC;0;956,4;956,6;956,3;;21,5;20,7;21,7;21,5;20,9;20,7;96;94;95;174;3,5;,2;
2019/01/04;0600 UTC;0;956,1;956,4;956;;21,3;20,9;21,6;21,2;20,9;20,7;98;95;98;327;2;,2;
2019/01/04;0700 UTC;0;956,2;956,2;956,1;;21,2;21,2;21,3;21,1;21,2;20,9;100;98;100;317;1,7;0;
2019/01/04;0800 UTC;0;956,5;956,5;956,2;;21,5;21,1;21,5;21,2;21,5;21,1;100;98;98;327;1,3;,1;
2019/01/04;0900 UTC;0;957,3;957,3;956,5;4,9;21,6;21,2;21,6;21,4;21,2;20,9;98;96;97;173;1;0;
2019/01/04;1000 UTC;0;957,7;957,7;957,3;127,8;22,1;21,4;22,1;21,6;21,5;21,1;98;96;96;6;,9;0;
2019/01/04;1100 UTC;0;958,2;958,3;957,7;336,2;23,3;21,2;23,3;22,1;21,5;21;96;88;88;228;,9;0;
2019/01/04;1200 UTC;0;958,5;958,5;958,1;1142,3;25,3;20,9;25,8;23,3;22,1;20,4;88;75;76;189;1,7;,3;
2019/01/04;1300 UTC;0;958,9;958,9;958,6;2482,4;27,8;21,8;27,8;25,2;22,9;20,5;79;70;70;175;8,1;4,2;
2019/01/04;1400 UTC;0;959;959,2;958,9;2741,1;28,6;21,3;28,6;26,8;22,3;20;74;63;65;207;8,9;2,4;
2019/01/04;1500 UTC;,6;958,5;959,1;958,4;2021;26,4;23,1;28,7;25,5;23,1;19,6;82;60;82;198;8;1,1;
2019/01/04;1600 UTC;0;957,1;958,5;957,1;2288,8;28;20,4;29,3;26,4;23,4;20,3;83;61;63;199;6,7;3;
2019/01/04;1700 UTC;0;955,8;957;955,8;3022,3;29,4;20,7;30,9;27,9;22,5;19,9;68;54;59;204;6,5;1,7;
2019/01/04;1800 UTC;0;955,2;956,1;955,2;1639,9;29,6;20,9;30;29,3;21,3;19,9;61;56;60;200;6,3;2,3;
2019/01/04;1900 UTC;0;955,2;955,4;955,1;1281,8;28,4;21,2;29,8;28,4;21,4;20;65;58;65;183;9,1;3,9;
2019/01/04;2000 UTC;,2;955;955,4;955;880,5;27,5;20,8;29,1;26,5;21,9;20,3;73;61;67;187;9,3;3,6;
2019/01/04;2100 UTC;0;956;956;955;409,6;27,2;21,2;27,7;27,2;21,3;20,5;70;65;70;175;7,5;3,1;
2019/01/04;2200 UTC;0;956,1;956,3;956;62,6;24,9;21,3;27,2;24,9;21,5;21,1;81;70;81;149;6,1;1,1;
2019/01/04;2300 UTC;0;956,6;956,6;956,1;;24,4;21,5;24,9;24,4;21,5;21,3;84;81;84;167;3,5;1,5;
2019/01/05;0000 UTC;0;957,2;957,2;956,6;;24;22,1;24,4;24;22,1;21,5;89;84;89;156;3;0;
2019/01/05;0100 UTC;0;958,1;958,1;957,2;;23,8;22,1;24,4;23,8;22,2;22;90;86;90;10;1,1;,3;
2019/01/05;0200 UTC;,4;958,8;958,8;958,1;;23,6;22,9;23,9;23,6;22,9;22,1;96;90;96;324;2,1;,7;
2019/01/05;0300 UTC;8;958,8;958,9;958,7;;22,9;;23,6;22,9;23,2;22,8;100;96;;355;3,2;1,9;
2019/01/05;0400 UTC;26,2;958,4;958,8;958,4;1,8;20,5;;22,9;20,4;;;;;;302;7,6;4;
2019/01/05;0500 UTC;8,8;958,3;958,4;958;;20,5;;20,5;20,4;;;;;;342;7,6;2,1;
2019/01/05;0600 UTC;3,6;957;958,3;957;;20,5;;20,6;20,4;;;;;;251;5,3;1,7;
2019/01/05;0700 UTC;1;956,2;957;956,2;;20,7;;20,8;20,5;;;;;;181;4,9;,2;
2019/01/05;0800 UTC;0;956,7;956,7;956,1;;20,8;;20,8;20,7;;;;;;203;3,6;,6;
2019/01/05;0900 UTC;0;957,8;957,8;956,8;15,3;20,8;;20,8;20,6;;;;;;163;3,6;0;
2019/01/05;1000 UTC;0;958,9;958,9;957,8;97,3;21,2;;21,2;20,8;;;;;;153;2,6;0;
2019/01/05;1100 UTC;0;959,1;959,1;958,9;297;21,8;;21,8;21,2;;;;;;179;2,3;,4;
2019/01/05;1200 UTC;0;959,6;959,6;959,1;373,3;22,1;;22,4;21,8;;;;;;213;2,2;,1;
2019/01/05;1300 UTC;,8;959,8;959,8;959,6;281,6;21,7;;22,1;21,5;;;;;;218;3,3;,4;
2019/01/05;1400 UTC;0;959,6;959,9;959,6;560,8;22,1;22,1;22,1;21,7;;;;;100;244;4,1;1,4;
2019/01/05;1500 UTC;0;959;959,6;958,9;1083,6;23,3;22,2;23,5;22,1;23;22;100;92;93;235;4,2;1,4;
2019/01/05;1600 UTC;0;958,7;959;958,7;933,4;23,9;21,8;24,2;23,3;22,7;21,7;94;87;88;217;4,7;,2;
2019/01/05;1700 UTC;0;957,8;958,7;957,8;1558,4;25,7;22;25,8;23,5;23,6;21,5;93;80;80;239;4,9;,7;
2019/01/05;1800 UTC;0;957;957,8;957;1881,9;26,2;21,9;26,6;25,6;22,5;21,2;81;74;77;245;4,5;1,9;
2019/01/05;1900 UTC;0;956,2;957;956,2;1337,5;26,8;21,3;27,1;25,4;22,5;20,8;80;70;72;231;5;1,2;
2019/01/05;2000 UTC;0;955,8;956,2;955,8;1059,7;26,5;21,6;27,2;26,4;21,9;21;76;71;75;245;3,7;,7;
2019/01/05;2100 UTC;0;955,9;955,9;955,7;363,4;25,7;21,7;26,7;25,6;22;21,1;80;73;79;211;2,7;,1;
2019/01/05;2200 UTC;0;956,6;956,6;955,9;53,8;24,1;22,5;25,7;24,1;22,5;21,7;91;78;91;155;3,4;1,2;
2019/01/05;2300 UTC;0;957,9;957,9;956,6;;22,7;21,5;24,1;22,7;22,7;21,5;94;90;93;121;5,8;2,2;
2019/01/06;0000 UTC;0;958,2;958,3;957,9;;21;19,9;22,7;21;21,5;19,7;94;89;94;107;7,7;1,9;
2019/01/06;0100 UTC;0;958,4;958,4;958,1;;20,8;20,1;21;20,7;20,2;19,9;96;94;96;101;3,9;0;
2019/01/06;0200 UTC;0;958,1;958,4;958;;21,1;19,4;21,5;20,7;20,2;19,1;96;86;90;44;2,5;0;
2019/01/06;0300 UTC;0;958,5;958,5;958,1;;20,6;20,4;21,1;20,6;20,4;19,4;99;90;99;277;3,9;2,1;
2019/01/06;0400 UTC;0;958;958,5;958;;20,9;20,6;20,9;20,6;;;;;98;249;3,9;,8;
2019/01/06;0500 UTC;0;957,4;958;957,4;;20,6;20,2;21;20,6;20,6;20,1;98;96;98;272;3,2;,3;
2019/01/06;0600 UTC;0;956,8;957,4;956,8;;20,7;;20,8;20,5;20,7;20,2;100;98;;226;1,7;0;
2019/01/06;0700 UTC;0;956,8;956,9;956,5;;20,6;;20,9;20,6;;;;;;184;2,4;,2;
2019/01/06;0800 UTC;,2;956,8;956,8;956,6;;20,7;;21;20,6;;;;;;216;1,9;,1;
2019/01/06;0900 UTC;0;956,9;956,9;956,7;5,2;20,8;;20,9;20,6;;;;;;38;2,8;,1;
2019/01/06;1000 UTC;0;957,7;957,7;956,9;161;21,1;;21,1;20,8;;;;;;274;3,8;1,9;
2019/01/06;1100 UTC;0;958,4;958,4;957,7;664,3;22,7;;22,7;21,1;;;;;;253;3,9;2,3;
2019/01/06;1200 UTC;0;958,8;958,8;958,4;1212,6;24,5;23,4;24,5;22,6;;;;;94;217;4;,5;
2019/01/06;1300 UTC;0;959;959;958,8;1366,5;25,2;22,3;25,4;24,2;23,7;22,1;95;83;84;205;4;,5;
2019/01/06;1400 UTC;0;958,5;959;958,5;1188,8;26,1;22,1;26,1;25,1;23,4;21,7;88;77;79;214;3,9;,9;
2019/01/06;1500 UTC;0;957,9;958,5;957,9;1323;26,2;22;26,7;26,1;22,7;21,4;80;73;78;217;5,6;,2;
2019/01/06;1600 UTC;,2;957,2;957,9;957,2;2618,7;30;22,9;30;25,7;23,4;21,2;81;64;66;196;6,6;1,7;
2019/01/06;1700 UTC;0;956,5;957,3;956,5;3525,1;29,7;20,8;30,5;28,4;23,2;20,3;66;58;59;197;9;3,4;
2019/01/06;1800 UTC;0;955,8;956,5;955,8;3245;30,4;20,8;30,6;29;22;19,3;62;53;57;173;8,2;2,5;
2019/01/06;1900 UTC;0;954,8;955,8;954,8;2112,8;29,4;20,1;30,7;29,1;21,4;19,5;61;55;57;194;7,9;1,9;
2019/01/06;2000 UTC;0;954,7;954,8;954,6;795,6;28,1;20,9;29,4;28,1;20,9;19,7;65;57;65;185;6,3;2,3;
2019/01/06;2100 UTC;3;955;955,2;954,7;458,4;25,2;23,2;28,1;24,6;23,2;20,7;90;64;89;235;5,4;,2;
2019/01/06;2200 UTC;0;955,6;955,6;955;210,1;24,5;23,1;25,4;24,5;23,8;22,7;92;87;92;53;2;0;
2019/01/06;2300 UTC;0;956;956,1;955,6;;23,4;22,9;24,5;23,4;23,4;22,8;97;92;97;33;1,3;0;
2019/01/07;0000 UTC;0;956,9;956,9;956;;22,6;;23,4;22,5;22,9;22,5;100;97;;7;,7;0;
2019/01/07;0100 UTC;0;957,3;957,3;956,9;;21,9;;22,6;21,9;;;;;;337;1,8;,2;
2019/01/07;0200 UTC;0;957,3;957,4;957,2;;21,6;;22;21,6;;;;;;6;1,5;0;
2019/01/07;0300 UTC;0;957;957,4;957;;21,3;;21,6;21,2;;;;;;347;1,9;0;
2019/01/07;0400 UTC;0;956,5;957;956,5;;21,4;;21,4;21,1;;;;;;302;3,4;1,4;
2019/01/07;0500 UTC;0;956,3;956,5;956,2;;21,2;;21,5;21,2;;;;;;308;4;1,6;
2019/01/07;0600 UTC;,2;955,8;956,3;955,8;;20,7;;21,2;20,7;;;;;;323;3,3;,9;
2019/01/07;0700 UTC;0;956,2;956,2;955,8;;20,2;;20,7;20,1;;;;;;293;2,1;,6;
2019/01/07;0800 UTC;0;956,5;956,5;956,2;;20;;20,2;19,9;;;;;;271;2;1;
2019/01/07;0900 UTC;0;957,1;957,1;956,5;17,7;20;;20;19,8;;;;;;301;1,9;,4;
2019/01/07;1000 UTC;0;957,3;957,3;957,1;514,3;23;;23;20;;;;;;286;2,7;1,1;
2019/01/07;1100 UTC;0;957,4;957,4;957,3;1407,8;24,9;22,2;25,1;23;;;;;85;245;3,3;1,5;
2019/01/07;1200 UTC;0;957,5;957,6;957,4;2311,2;27,3;22,5;27,3;24,7;23,3;21,7;88;75;75;260;3,9;1,8;
2019/01/07;1300 UTC;0;957,8;957,8;957,5;3038,2;29,9;22,5;29,9;26,9;23,7;21,7;80;65;65;131;4,1;,9;
2019/01/07;1400 UTC;0;957,7;957,9;957,7;3572,1;31,2;20,4;31,5;29,6;23,3;20,1;68;53;53;192;7,6;3;
2019/01/07;1500 UTC;0;957,5;957,7;957,4;3747,4;32,4;20,1;32,9;31,1;22,3;18,4;58;44;48;185;10;1,5;
2019/01/07;1600 UTC;0;957,2;957,6;957,2;3805,3;33,2;19,6;33,6;31,6;21;18,9;53;44;45;192;8,7;2,8;
2019/01/07;1700 UTC;0;956,6;957,2;956,6;3045,5;33;19,8;33,6;31,3;21,6;18,3;52;42;46;173;8,6;3;
2019/01/07;1800 UTC;0;955,8;956,6;955,8;2795,5;33,3;19,2;33,6;32,1;21,5;18;51;42;44;193;7,1;2,8;
2019/01/07;1900 UTC;0;954,9;955,8;954,9;2511,3;34,1;19,6;34,1;32,4;20,6;17,8;48;39;43;178;7,9;2,4;
2019/01/07;2000 UTC;0;954,6;954,9;954,6;1929,5;31,7;20,2;34,1;29;20,4;17,5;57;38;50;237;7,5;,9;
2019/01/07;2100 UTC;0;954,9;954,9;954,6;974,1;31,2;21,1;32,4;30,5;21,9;19,4;60;47;55;244;2,8;,2;
2019/01/07;2200 UTC;0;955,6;955,6;954,9;203,5;28;21;31,6;28;22;20,1;66;51;66;104;1,4;0;
2019/01/07;2300 UTC;0;956,3;956,3;955,6;;28;19,7;28;27,3;21,1;19,7;68;61;61;346;0;0;
2019/01/08;0000 UTC;0;957,6;957,6;956,3;;26;20,3;28;26;20,5;19,4;71;60;71;156;5,5;2;
2019/01/08;0100 UTC;0;958,1;958,1;957,6;;24,6;19,8;26;24,6;20,3;19,7;75;70;75;48;4,3;1;
2019/01/08;0200 UTC;0;958,2;958,3;958,1;;24,7;19,3;25,1;24,3;20,2;19,1;77;70;72;20;2,2;,6;
2019/01/08;0300 UTC;0;958,3;958,8;958,1;;23,8;21,1;24,7;23,7;21,2;19,3;86;72;85;245;3,8;1,6;
2019/01/08;0400 UTC;1;957,8;958,3;957,5;;22,8;22,2;23,8;22,5;22,4;21,1;98;85;96;311;3,6;1,1;
2019/01/08;0500 UTC;0;957,1;957,9;957,1;;22,8;21,2;23,2;22,5;22,2;21;96;90;91;318;5;0;
2019/01/08;0600 UTC;0;957,2;957,3;957,1;;22,3;20,5;23,2;22,2;21,2;20,4;91;87;90;335;1,4;,8;
2019/01/08;0700 UTC;0;957,5;957,5;957,2;;21,6;20,9;22,4;21,6;20,9;20,4;96;89;96;262;3;1,8;
2019/01/08;0800 UTC;0;958,1;958,1;957,5;;21,6;21,2;21,7;21,4;21,2;20,9;97;96;97;265;3,5;1,3;
2019/01/08;0900 UTC;0;958,8;958,8;958,1;15,9;21,2;21;21,8;20,8;21,3;20,4;99;96;99;348;2,3;0;
2019/01/08;1000 UTC;0;959,5;959,5;958,8;423,8;23,8;22,1;23,8;21,2;22,5;21,2;100;90;90;300;2,6;0;
2019/01/08;1100 UTC;0;959,6;959,7;959,4;1303,7;26,4;22,2;26,5;23,7;23,1;21,5;90;77;78;230;2,6;,6;
2019/01/08;1200 UTC;0;960;960;959,6;2114,8;29,1;22;29,1;26;23,1;21,4;79;63;66;193;3,6;1,3;
2019/01/08;1300 UTC;0;960,2;960,2;960;3025,6;30,3;21,4;30,8;29;23,1;19,6;69;53;59;194;5,1;2;
2019/01/08;1400 UTC;0;960;960,2;960;3569,7;31,3;20,6;32;30,4;22,4;20;60;50;53;131;6,3;1,5;
2019/01/08;1500 UTC;0;959,5;960;959,5;3819,5;32,3;20,2;32,7;31;22;19,8;56;48;49;205;4,6;1,3;
2019/01/08;1600 UTC;0;959,1;959,5;959,1;4228,8;33,7;19,9;33,7;32;21,3;17,9;52;38;44;136;5;1,9;
2019/01/08;1700 UTC;0;958,2;959,1;958,2;3592,1;33,6;19;34,2;32;21,4;17,9;49;39;42;94;5,4;2,8;
2019/01/08;1800 UTC;0;957;958,2;957;3442,3;34,1;18,3;34,6;33;21,5;17,6;47;38;39;116;5,4;2,6;
2019/01/08;1900 UTC;0;956,4;957;956,4;1927;32,9;18,3;34,2;32,8;20;17,5;47;38;42;276;4,2;,7;
2019/01/08;2000 UTC;0;956,4;956,5;956,2;1361;33,4;18,3;34,1;32,7;20,6;17;48;38;41;79;3,3;1,5;
2019/01/08;2100 UTC;0;956,3;956,4;956,2;993,3;31,6;19;33,6;31,6;20,5;17,4;49;38;47;49;3,9;1,6;
2019/01/08;2200 UTC;0;956,9;956,9;956,3;118,1;29,5;21,5;31,6;29,4;21,5;18,2;62;45;62;45;4,9;2,3;
2019/01/08;2300 UTC;0;957,3;957,3;956,7;;28;21,6;29,5;28;21,6;21,4;68;62;68;20;4,9;1,1;
2019/01/09;0000 UTC;0;958,3;958,3;957,3;;26,6;21,4;28,1;26,6;21,6;21,4;73;67;73;4;3,6;1,9;
2019/01/09;0100 UTC;0;959,1;959,1;958,3;;25,9;20,5;26,6;25,9;21,5;20,2;74;69;72;15;3,3;,9;
2019/01/09;0200 UTC;0;959,3;959,3;959,1;;25,1;20;25,9;25,1;20,5;20;74;72;73;319;4;2,6;
2019/01/09;0300 UTC;0;958;959,3;958;;24,9;19,5;25,2;24,9;20;19,5;74;72;72;321;5,3;2,8;
2019/01/09;0400 UTC;0;957,2;958;957,1;;23,6;20,2;24,9;23,3;20,6;19,5;84;72;81;319;5,3;2,2;
2019/01/09;0500 UTC;0;957;957,5;957;;22,7;20,6;23,6;22,5;20,6;20,1;88;81;88;321;5,9;2;
2019/01/09;0600 UTC;0;956,5;957,1;956,5;;22,2;20,1;23;22,1;20,7;19,8;88;84;88;354;3,8;,6;
2019/01/09;0700 UTC;0;956,6;956,6;956,3;;21,6;20,2;22,2;21,4;20,3;19,8;92;88;92;2;2,8;,6;
2019/01/09;0800 UTC;0;957;957;956,5;;21,8;20,6;22;21,4;20,6;20,2;94;91;93;337;2,3;1,4;
2019/01/09;0900 UTC;0;957,3;957,3;956,9;22,4;21,6;19,8;21,8;21,2;20,5;19,7;94;89;89;333;3,5;2,4;
2019/01/09;1000 UTC;0;957,8;957,8;957,3;442,4;23,8;20;23,8;21,6;20,4;19,8;90;79;79;334;4,5;2,7;
2019/01/09;1100 UTC;0;958,1;958,1;957,8;1352,3;26,7;20,4;26,7;23,9;20,4;19,1;79;67;68;335;4,9;2,2;
2019/01/09;1200 UTC;0;958,3;958,3;958,1;2109,4;28,2;20,3;28,2;26,1;20,8;18,6;69;61;62;302;5,4;2,5;
2019/01/09;1300 UTC;0;957,9;958,3;957,9;3055,8;30,6;20,5;30,6;28,1;21,9;19,8;63;54;55;272;6,4;3,8;
2019/01/09;1400 UTC;0;957,8;957,9;957,8;3602,8;32,4;20,2;32,5;30,6;21,4;19,5;57;49;49;250;8,5;2,4;
2019/01/09;1500 UTC;0;957,5;957,8;957,5;3876,5;32,4;19,7;33;32;22,4;19,2;55;45;47;242;7,5;2,2;
2019/01/09;1600 UTC;0;957,1;957,5;957,1;4022,4;33,2;19,4;33,6;32,4;21,6;18,3;51;41;44;262;7,8;3,2;
2019/01/09;1700 UTC;0;956,5;957,1;956,5;3177,1;34,3;19,9;34,3;32,6;20,9;17;47;37;43;235;7,8;,9;
2019/01/09;1800 UTC;0;955,4;956,5;955,4;2933,1;34;20;34,6;32,7;21;17;48;37;44;241;5,7;1,9;
2019/01/09;1900 UTC;0;954,6;955,4;954,6;2873,1;33,9;18,1;35;33,7;20,5;16,7;44;35;39;216;5,7;1,7;
2019/01/09;2000 UTC;0;954,3;954,7;954;1230,1;31,4;18,9;33,9;31,4;20,4;17,4;48;39;48;241;4,7;1,3;
2019/01/09;2100 UTC;0;954;954,3;954;246,3;29,9;20,6;31,4;29,9;20,9;18,9;59;48;58;177;3,4;0;
2019/01/09;2200 UTC;0;954,4;954,4;953,8;129,3;29,4;18,4;30,2;29,4;20,6;18,4;58;50;51;258;2,3;,2;
2019/01/09;2300 UTC;0;955,1;955,1;954,4;;27,7;20,2;30,1;27,6;20,3;18,1;64;49;64;10;1,5;,5;
2019/01/10;0000 UTC;0;955,9;955,9;955,1;;27;20,8;27,7;26,6;21,6;20,3;74;64;69;357;3,7;1,5;
2019/01/10;0100 UTC;0;956,8;956,9;955,9;;25,9;21;27;25,9;21;20,7;74;69;74;138;4,7;,8;
2019/01/10;0200 UTC;0;957;957,2;956,8;;25;20,8;26;24,8;21,2;20,7;79;74;78;344;4,7;,5;
2019/01/10;0300 UTC;0;956,3;957;956,3;;25,2;21;26,1;24,6;21,4;20,5;81;73;78;249;3;2,3;
2019/01/10;0400 UTC;0;956,1;956,3;955,9;;23,1;20,8;25,3;23,1;21,2;20,8;87;77;87;11;3;,4;
2019/01/10;0500 UTC;0;955,7;956,1;955,7;;23,5;20,9;23,9;23;21,8;20,7;90;84;85;317;1,8;,7;
2019/01/10;0600 UTC;0;955,8;955,9;955,7;;23;20,9;23,5;23;20,9;20,7;88;85;88;315;2,6;1;
2019/01/10;0700 UTC;0;956;956,1;955,8;;23,3;21,1;23,3;22,9;21,4;20,9;91;88;88;333;3,5;,6;
2019/01/10;0800 UTC;0;956,3;956,3;955,9;;23;20;23,8;22,9;21,1;19,6;88;78;84;218;2,7;,4;
2019/01/10;0900 UTC;0;956,8;956,8;956,3;20,8;22,6;20,3;23,1;22,4;20,4;20;88;84;86;205;3,2;,8;
2019/01/10;1000 UTC;0;957,9;957,9;956,8;230;23,8;18,8;23,9;22,6;20,3;18,7;87;73;74;264;3,8;1,6;
2019/01/10;1100 UTC;0;958,3;958,3;957,9;744,6;26;20,1;26;23,8;20,3;18,6;76;68;70;127;2,7;,3;
2019/01/10;1200 UTC;0;958,5;958,5;958,3;1523;28,2;19,3;28,6;26;20,5;17,6;70;53;58;231;3,1;,8;
2019/01/10;1300 UTC;0;958,6;958,6;958,4;2814,4;30,8;17,3;30,8;28,2;19,3;16,6;59;43;44;210;5,8;1,7;
2019/01/10;1400 UTC;0;958,5;958,6;958,4;3584,4;31,8;17,8;31,8;30,7;18,8;15;48;38;44;222;7,6;1,5;
2019/01/10;1500 UTC;0;958,1;958,5;958,1;3943,9;32,1;14,5;32,4;31,3;18;13,6;44;33;35;217;6,2;1,7;
2019/01/10;1600 UTC;0;957,6;958,1;957,6;3889,8;33,3;16,6;33,3;31,1;17,1;13,9;43;31;37;175;6,3;1,8;
2019/01/10;1700 UTC;0;956,8;957,6;956,8;3409,5;33,2;15,6;33,6;32,2;16,9;13;40;29;35;282;5,8;2;
2019/01/10;1800 UTC;0;955,8;956,8;955,8;1996,4;32,4;17,9;33,6;31,5;17,9;13,8;42;32;42;193;4,9;1,2;
2019/01/10;1900 UTC;0;955,2;955,8;955,2;1910,4;32,2;14,2;33,2;31,9;17,5;13,5;42;31;34;311;3;1;
2019/01/10;2000 UTC;0;955;955,2;955;1540,4;32,6;13,9;33,2;31,2;18,8;12,8;47;29;32;270;2,5;,7;
2019/01/10;2100 UTC;0;955,1;955,1;954,9;989,3;32,1;16,4;33,1;32,1;17,3;13,3;41;31;39;87;2,3;,2;
2019/01/10;2200 UTC;0;955,3;955,3;955;207,4;28,9;15,3;32,2;28,8;17,4;14,1;47;33;44;87;1,6;0;
2019/01/10;2300 UTC;0;956;956;955,3;;27,9;15,7;28,9;27,8;15,9;14,5;47;43;47;79;,3;0;
2019/01/11;0000 UTC;0;956,6;956,6;956;;27;15,8;27,9;27;17;15,5;53;47;51;358;,7;,4;
2019/01/11;0100 UTC;0;957,8;957,8;956,6;;25,5;17,3;27;25,5;17,3;15,8;61;51;61;6;1,3;,6;
2019/01/11;0200 UTC;0;958,2;958,2;957,8;;24,1;18,1;25,5;24,1;18,2;17,4;69;61;69;42;1,3;,1;
2019/01/11;0300 UTC;0;958,4;958,5;958,2;;23,8;18,9;24,1;23,2;19,3;18,2;78;69;74;39;4,6;1,2;
2019/01/11;0400 UTC;0;958,1;958,5;958,1;;23,6;19,4;24;23,1;19,6;18,2;78;71;78;32;3,1;1,8;
2019/01/11;0500 UTC;0;958;958,1;957,8;;22,8;19,7;23,7;22,7;19,9;19,5;83;78;83;4;3,1;1,3;
2019/01/11;0600 UTC;0;958,1;958,2;958;;21,8;19,9;22,8;21,8;20;19,6;89;83;89;3;2,7;,8;
2019/01/11;0700 UTC;0;958,8;958,8;957,7;;21,2;20,3;21,9;20,9;20,3;19,7;94;89;94;185;4,5;2,6;
2019/01/11;0800 UTC;0;959,1;959,1;958,7;;22,7;18,9;23,6;21,2;20,6;18,8;95;75;79;180;5,1;1,5;
2019/01/11;0900 UTC;0;959,4;959,4;958,9;23,7;22,2;19,4;23,4;22;19,4;18,6;84;75;84;41;2,4;0;
2019/01/11;1000 UTC;0;959,6;959,6;959,2;497,6;23,5;20,6;23,8;22,2;20,9;19,5;88;82;84;1;2,4;1,5;
2019/01/11;1100 UTC;0;959,9;960,1;959,6;1396,7;27;20,3;27;23,5;21,4;20;85;67;67;315;4;2;
2019/01/11;1200 UTC;0;960,3;960,3;959,9;2110,1;28,8;20,6;28,8;26,1;20,6;18,7;68;60;62;255;6;2,3;
2019/01/11;1300 UTC;0;960,3;960,3;960,2;2929,1;30,2;18,5;30,7;28,6;20,7;18,5;61;49;50;195;6,2;2;
2019/01/11;1400 UTC;0;960;960,3;960;3446,5;31,8;20;32,3;30,2;21,7;18;56;45;50;171;6,6;2,5;
2019/01/11;1500 UTC;0;959,5;960;959,5;3595,7;31,1;19,1;32,5;31,1;21,3;18,5;53;45;49;195;6,6;1,9;
2019/01/11;1600 UTC;0;958,9;959,5;958,9;3493,5;33,5;19,1;33,6;31,1;21,3;17,9;51;41;42;233;5,6;1,6;
2019/01/11;1700 UTC;0;957,9;958,9;957,9;3365,3;31,7;18,9;34,1;31,4;19,5;15,7;48;35;47;253;5,5;1,2;
2019/01/11;1800 UTC;0;957,4;957,9;957,3;2272,1;32,5;18,5;34;31,7;20,6;16,3;51;38;43;197;5,8;1,9;
2019/01/11;1900 UTC;0;956,8;957,4;956,7;774,9;30,8;17,6;32,5;30,8;19,3;17;47;41;45;202;4,9;,9;
2019/01/11;2000 UTC;0;956;956,8;956;653,8;31,3;20,6;31,3;30,3;22;17,6;59;45;53;165;3,4;0;
2019/01/11;2100 UTC;0;956,3;956,4;956;540,9;29,9;19,8;31,7;29,7;21,6;19,1;61;47;55;186;1,3;,4;
2019/01/11;2200 UTC;0;956,9;956,9;956,3;176,7;26,9;20,2;29,9;26,9;22,1;20,2;71;55;67;345;3,5;1,5;
2019/01/11;2300 UTC;0;957,6;957,6;956,9;;26,3;19,4;26,9;26,1;20,2;19,4;68;64;66;260;2,5;1,6;
2019/01/12;0000 UTC;0;958,5;958,5;957,6;;24,4;20,3;26,8;24,3;20,3;19,2;78;64;78;161;4,5;1,1;
2019/01/12;0100 UTC;0;958,9;959;958,5;;25,4;19,4;25,7;24,4;20,6;19,3;78;68;70;183;2,2;1,3;
2019/01/12;0200 UTC;0;959,4;959,5;958,9;;24,7;20,8;25,3;23,7;21,3;19,4;86;70;79;17;4,5;2,1;
2019/01/12;0300 UTC;3,2;959,6;960;959,4;;21,6;20,1;24,7;21,6;20,8;18,5;91;69;91;158;6,5;1,4;
2019/01/12;0400 UTC;0;959,2;959,9;959,1;;21,9;21,1;22;21,6;21,2;20,3;96;91;95;346;4,4;,3;
2019/01/12;0500 UTC;0;959;959,7;959;;21,4;20;22,2;21,4;21,1;20;95;90;92;3;4,6;2,4;
2019/01/12;0600 UTC;0;958,4;959,1;958,4;;20;19,3;21,4;20;20;18,9;96;89;96;23;4,9;1,7;
2019/01/12;0700 UTC;0;958,2;958,4;957,9;;20;19,2;20,3;19,8;19,4;18,9;96;92;95;255;3,3;,8;
2019/01/12;0800 UTC;0;958,6;958,8;958,1;;19,7;19,6;20;19,7;19,6;19,2;99;95;99;284;4;1,3;
2019/01/12;0900 UTC;0;959,5;959,5;958,6;12,3;20;;20;19,6;;;;;;289;2,7;,1;
2019/01/12;1000 UTC;0;960,2;960,2;959,5;495,8;21,9;21,5;21,9;19,8;;;;;98;19;3;1,1;
2019/01/12;1100 UTC;0;960,9;960,9;960,2;1484,5;24,5;21;24,5;21,9;21,9;20,1;98;80;81;3;2,7;1;
2019/01/12;1200 UTC;0;961;961,1;960,8;2614,7;25,7;21,6;26,3;24,4;22,6;20,7;83;74;78;14;4,4;2,2;
2019/01/12;1300 UTC;0;960,9;961;960,8;3035;27,3;21,5;27,6;25,7;22,8;21;80;69;71;344;4,6;2,2;
2019/01/12;1400 UTC;0;960,4;960,9;960,4;3577,8;29,4;21;29,4;27,2;22,9;20;75;59;61;42;4,4;1,1;
2019/01/12;1500 UTC;0;959,6;960,4;959,6;3861,7;30;20,8;30,6;28,9;22;19,1;62;54;58;68;4,3;1,4;
2019/01/12;1600 UTC;0;958,9;959,6;958,9;3888,9;31,3;20,5;31,5;29,7;22,2;19,3;62;48;53;86;4,9;2,2;
2019/01/12;1700 UTC;0;957,9;958,9;957,9;3697,2;31,8;20,7;32,3;30,9;21,2;19,3;55;46;52;65;5,1;2;
2019/01/12;1800 UTC;0;957;957,9;957;3410,4;32,4;19,4;32,9;31,4;21,2;18,3;53;43;47;29;5,7;1,8;
2019/01/12;1900 UTC;0;955,7;957;955,7;2274;32,9;19,6;33,4;31,2;20,3;17,1;48;39;46;20;4,1;1,3;
2019/01/12;2000 UTC;0;955,6;955,8;955,3;2050,7;32,4;18,7;33,2;32,2;20,2;17,5;49;39;44;44;4,3;,3;
2019/01/12;2100 UTC;2;959;959,2;955,6;401,4;21,1;17,8;32,7;21,1;20,4;15,9;81;38;81;234;13,2;3,6;
2019/01/12;2200 UTC;13,4;959,2;959,2;958,1;10,4;19,7;;21,1;19,3;;;;;;319;12,4;2;
2019/01/12;2300 UTC;2;958,3;959,4;958,2;;20,1;20;20,2;19,4;;;;;99;345;4,5;1,6;
2019/01/13;0000 UTC;0;957,7;958,3;957,4;,9;20,8;18,6;21,6;20;19,9;18,1;99;81;87;348;4,2;1,1;
2019/01/13;0100 UTC;0;958,9;958,9;957,6;2,1;20,3;19;21,7;20,3;19;18,2;92;82;92;286;5,1;2,2;
2019/01/13;0200 UTC;0;960,6;960,6;958,9;;20,5;19,1;20,6;20,2;19,3;19;93;91;91;310;4,9;2,3;
2019/01/13;0300 UTC;0;960,4;960,6;960,2;;20,5;19,4;20,7;20,3;19,4;18,9;94;90;93;48;4;1,7;
2019/01/13;0400 UTC;0;960,1;960,4;960,1;;20,5;19,9;20,8;20,5;19,9;19,2;97;91;97;104;5;2,5;
2019/01/13;0500 UTC;0;959,5;960,1;959,5;;20,5;20;20,6;20,4;20;19,7;97;95;97;80;4,3;1,6;
2019/01/13;0600 UTC;0;959;959,5;959;;20,3;20,3;20,7;20,3;20,3;19,9;100;96;100;346;4,3;1,7;
2019/01/13;0700 UTC;0;958,6;959;958,5;;20,2;;20,3;20;;;;;;282;3,8;1,4;
2019/01/13;0800 UTC;0;958,6;958,7;958,4;;20;;20,4;20;;;;;;359;3,3;1,7;
2019/01/13;0900 UTC;0;959,1;959,1;958,6;9,6;20,2;;20,2;19,9;;;;;;330;4,1;1;
2019/01/13;1000 UTC;0;959,7;959,7;959,1;295,9;21,2;;21,3;20,2;;;;;;345;2,4;,9;
2019/01/13;1100 UTC;0;960,3;960,3;959,7;587,4;22,2;;22,2;21,2;;;;;;333;2,8;,2;
2019/01/13;1200 UTC;0;960,8;960,8;960,3;578;22,5;21,6;22,7;22,1;22,5;21,5;100;95;95;348;2,4;0;
2019/01/13;1300 UTC;0;961,2;961,2;960,7;449,2;23,2;21,9;23,2;22,4;22,3;21,6;96;92;92;91;,8;0;
2019/01/13;1400 UTC;0;960,6;961,2;960,6;1981,6;25,9;22,7;26;23,2;23,3;21,2;93;79;82;121;4,2;1,9;
2019/01/13;1500 UTC;0;959,6;960,6;959,6;3965,5;28;22,1;28,9;26;23,9;21,3;83;67;70;111;5,1;2,2;
2019/01/13;1600 UTC;0;959,1;959,6;959,1;3290,6;29,3;20,7;29,6;27,6;22,8;20,7;73;60;60;108;5,1;1;
2019/01/13;1700 UTC;0;958,3;959,1;958,3;3862,7;29,7;19,6;30,8;29,1;22,5;18,2;62;49;55;30;6,1;2,3;
2019/01/13;1800 UTC;0;957,4;958,3;957,4;2594,9;30,2;20,2;30,9;29,7;21,2;18,7;58;50;55;70;4,4;2,2;
2019/01/13;1900 UTC;0;956,8;957,4;956,8;2697,3;31,3;19,5;31,5;30,2;20,8;18,5;57;47;50;36;4,3;1,3;
2019/01/13;2000 UTC;0;956,3;956,8;956,2;1985,5;30,9;19,2;31,9;30,8;20,5;18,5;53;46;50;340;3,1;1;
2019/01/13;2100 UTC;0;956,7;956,7;956,2;1036,3;29,9;20,5;31;29,9;21,3;19,5;57;50;57;44;3,6;1,7;
2019/01/13;2200 UTC;0;957,1;957,1;956,7;184,2;27,4;21,5;29,9;27,4;21,7;20,1;71;56;70;42;3,6;,7;
2019/01/13;2300 UTC;0;957,1;957,1;956,9;;26,7;20,9;27,4;26,4;22,2;20,6;77;68;71;353;1,4;0;
2019/01/14;0000 UTC;0;957,5;957,5;957,1;;26,8;20,5;27,5;26,1;21,3;20;74;65;68;252;0;0;
2019/01/14;0100 UTC;0;958,5;958,5;957,5;;25,1;21,2;27,4;25;21,3;20,2;79;65;79;328;1,5;0;
2019/01/14;0200 UTC;0;958,9;959;958,5;;23,9;21,2;25,5;23,9;21,4;20,9;85;76;85;6;1,3;,4;
2019/01/14;0300 UTC;0;958,4;958,9;958,4;;23;22,3;23,9;22,9;22,3;21,3;96;85;96;21;1,5;0;
2019/01/14;0400 UTC;0;958,2;958,4;958,1;;23,7;21,7;23,8;23;22,8;21,6;97;88;88;84;2;,6;
2019/01/14;0500 UTC;0;958,2;958,3;958,1;;23,2;22,3;24,1;23,1;22,3;21,6;94;87;94;50;2,2;1;
2019/01/14;0600 UTC;0;958,1;958,2;958;;22,8;22,7;23,3;22,6;22,7;21,9;99;94;99;22;2,2;0;
2019/01/14;0700 UTC;0;958,2;958,3;958;;21,9;;22,9;21,9;;;;;;236;2,1;,6;
2019/01/14;0800 UTC;0;958,5;958,5;958,2;;22,5;;22,5;21,6;;;;;;122;1,9;0;
2019/01/14;0900 UTC;,2;959;959;958,5;8,3;21,3;;22,5;21,2;;;;;;353;1,2;,3;
2019/01/14;1000 UTC;0;959,4;959,4;959;414,9;23,4;;23,5;21,3;;;;;;295;1,7;,6;
2019/01/14;1100 UTC;0;959,6;959,6;959,4;1337,3;25,4;22,6;25,4;23,4;24,4;22,5;100;85;85;297;3;1,5;
2019/01/14;1200 UTC;0;959,8;959,8;959,6;2245,7;28,3;22,2;28,3;25,4;23,5;21,8;87;70;70;285;4,2;2;
2019/01/14;1300 UTC;0;959,9;959,9;959,8;3006,5;30,1;21,5;30,3;28,1;23,1;21,1;72;60;60;287;4,1;1,3;
2019/01/14;1400 UTC;0;959,1;959,9;959,1;3516,8;31,7;21,1;31,8;30,1;23,3;20,1;63;51;53;240;3,7;1,3;
2019/01/14;1500 UTC;0;958,4;959,1;958,4;3971,6;32,2;20,2;32,7;31,2;22,6;19,9;58;49;49;349;9,1;,9;
2019/01/14;1600 UTC;0;957,8;958,4;957,8;3349,1;33,9;20,5;33,9;31,5;22,3;18,8;55;42;45;131;4,9;1;
2019/01/14;1700 UTC;0;957,2;957,8;957,2;3379,3;32,9;18,4;34,1;32,8;21;17,9;48;39;42;144;4;1;
2019/01/14;1800 UTC;0;956,3;957,2;956,3;3004;32,6;17,8;34,6;32;20,3;17,7;47;38;41;191;5;2,2;
2019/01/14;1900 UTC;0;954,9;956,3;954,9;1796;34,2;17,9;34,8;30,9;21,4;17,1;57;35;38;213;5;,6;
2019/01/14;2000 UTC;0;954,8;955;954,8;1907,6;33,9;17,6;34,4;33,5;20,3;15,6;45;34;38;354;2,2;,5;
2019/01/14;2100 UTC;0;954,9;954,9;954,6;571,3;30,9;19,2;34;30,7;20,5;16,2;51;36;50;121;2;,4;
2019/01/14;2200 UTC;0;956,3;956,3;954,9;133,7;27,7;19,4;31;27,7;21,4;19,3;62;50;61;176;9,1;3,8;
2019/01/14;2300 UTC;0;957;957;956,3;;26,5;19,8;27,7;26,5;19,9;19,3;67;60;67;108;9,1;1,4;
2019/01/15;0000 UTC;0;957;957,3;956,9;;25,2;20;26,8;25,2;20,1;19,5;73;64;73;81;3,9;,8;
2019/01/15;0100 UTC;0;957,8;957,8;957;;25,4;20,4;26,1;25,2;20,4;19,8;74;69;74;354;2,2;0;
2019/01/15;0200 UTC;0;958,5;958,6;957,8;;24,9;21,1;25,4;24,8;21,2;20,3;80;74;80;76;1,7;,1;
2019/01/15;0300 UTC;0;958,6;958,6;958,2;;24,1;21,1;26;24,1;21,2;20,6;84;72;84;188;2,8;,4;
2019/01/15;0400 UTC;0;958,2;958,6;958,2;;23,8;20,4;24,5;23,7;21,1;19,9;84;75;81;181;3,5;0;
2019/01/15;0500 UTC;0;958,1;958,2;957,9;;24;20,9;24,5;23,6;20,9;20,1;83;77;83;28;5,8;3,1;
2019/01/15;0600 UTC;0;958,3;958,3;957,9;;23,4;20,4;24;23,4;21;20,3;85;82;83;17;5,8;3;
2019/01/15;0700 UTC;0;959,2;959,3;958,3;;23,1;21,5;23,7;23,1;21,6;20,2;90;81;90;315;5,5;1,2;
2019/01/15;0800 UTC;0;959,8;959,8;959,1;;23;21,2;23,2;22,8;21,7;21,2;92;89;89;293;4,4;2,7;
2019/01/15;0900 UTC;0;959,9;959,9;959,5;2,3;22,3;21,1;23;22,3;21,3;21,1;93;89;93;312;5,6;1,9;
2019/01/15;1000 UTC;0;959,9;960,1;959,9;200;22,4;21;22,4;22,2;21,3;21;95;92;92;330;6,8;3,9;
2019/01/15;1100 UTC;0;959,6;960;959,6;279,9;22,5;20,4;22,5;22,3;21;20,3;92;88;88;331;6,8;2,7;
2019/01/15;1200 UTC;0;959,6;959,6;959,5;311,6;23,1;20,7;23,1;22,5;20,9;20,3;88;87;87;262;5,6;2,1;
2019/01/15;1300 UTC;0;959,4;959,7;959,4;785,2;25,4;20,9;25,4;23,1;21,2;20;87;74;76;168;4,1;,6;
2019/01/15;1400 UTC;0;959,3;959,6;959,3;2694,4;29,7;21,4;29,7;25,4;22,5;20,7;78;60;61;191;6,4;2,5;
2019/01/15;1500 UTC;0;958,9;959,4;958,9;3323,7;30,3;19,8;31,2;29,6;22,5;19;63;50;53;167;6,4;1,6;
2019/01/15;1600 UTC;0;958,5;958,9;958,5;3992,8;32,1;21,5;32,4;30,3;22;19,1;58;48;54;134;5,1;2;
2019/01/15;1700 UTC;0;957,9;958,5;957,9;3397;33,1;21,4;33,2;31,5;22,7;19,6;57;47;51;149;5,6;1,8;
2019/01/15;1800 UTC;0;957;957,9;957;2483,1;32,9;20,1;33,4;30,6;22,6;19,3;61;44;47;168;5,6;1,7;
2019/01/15;1900 UTC;0;956,1;957;956;2825,4;34,2;18,9;34,3;32,6;21;18,2;50;40;41;121;6,4;1,6;
2019/01/15;2000 UTC;0;955,5;956,1;955,4;1650,8;33,5;18,1;34,1;32,3;20,5;17,5;47;38;40;137;4,6;1,1;
2019/01/15;2100 UTC;,2;956;956,1;955,5;985,9;31,5;18,7;33,9;31,5;19,6;16,1;49;36;47;87;3,2;1,3;
2019/01/15;2200 UTC;0;956,3;956,3;955,9;88,4;29;20;31,5;29;21,2;19;61;47;58;79;2,3;1,4;
2019/01/15;2300 UTC;0;957;957;956,2;;28,1;19,7;29,6;27,9;19,9;18,9;62;53;60;94;3,2;1,3;
2019/01/16;0000 UTC;0;957,5;957,5;957;;27,9;19,5;28,5;27;20;19,1;64;57;60;306;2,3;,1;
2019/01/16;0100 UTC;0;958,4;958,4;957,5;;25,5;20,2;27,8;25,4;20,2;18,5;73;57;73;250;2;0;
2019/01/16;0200 UTC;0;958,9;958,9;958,4;;25,9;20,7;26,7;25,2;20,8;19,8;73;67;73;264;2,6;1,8;
2019/01/16;0300 UTC;0;958,6;958,9;958,5;;23,7;21,3;25,9;23,7;21,5;20,3;87;73;87;314;2,8;0;
2019/01/16;0400 UTC;0;958,1;958,6;957,9;;23,9;21;24,8;23,7;21,6;20,8;87;79;84;344;2,2;,5;
2019/01/16;0500 UTC;0;958;958,2;958;;23,4;22,1;24,1;23,1;22,1;21;93;84;93;346;1,5;,1;
2019/01/16;0600 UTC;0;958,1;958,1;958;;23;21,7;23,3;22,9;22,3;21,5;95;91;93;308;1,9;,7;
2019/01/16;0700 UTC;0;958,4;958,5;958,1;;22,3;21,5;23;22,3;21,8;21,5;95;92;95;334;2,4;0;
2019/01/16;0800 UTC;0;958,5;958,6;958,3;;22,1;21,3;22,5;22,1;21,8;21,3;96;95;95;339;2;,7;
2019/01/16;0900 UTC;0;959,4;959,4;958,5;2;21,5;21,5;22,3;21,5;21,6;21,1;100;95;100;351;2,7;,5;
2019/01/16;1000 UTC;0;959,8;959,8;959,4;220,3;23;;23;21,5;;;;;;337;2,6;0;
2019/01/16;1100 UTC;0;960;960,1;959,8;597,2;24;22,8;24,2;23;23,2;22,6;100;91;93;352;2,6;,1;
2019/01/16;1200 UTC;0;960,1;960,1;959,9;1585,5;28,6;23,6;28,6;24;24,4;22,7;95;74;74;310;2,3;,4;
2019/01/16;1300 UTC;0;960,2;960,3;960,1;2716,4;30,9;22;31,4;28,5;23,7;21,6;74;58;59;10;2,7;,7;
2019/01/16;1400 UTC;0;959,9;960,3;959,9;2839,5;31,5;21,5;32,2;30,9;23,1;19,6;61;49;55;300;2,9;,7;
2019/01/16;1500 UTC;0;959,5;959,9;959,5;2845,4;33,2;21,4;33,3;31,4;22,4;19,6;57;46;50;259;2,2;,9;
2019/01/16;1600 UTC;0;958,7;959,5;958,7;3611,3;34,4;20,7;34,4;32,4;22,5;19,5;53;43;45;124;4,8;1,6;
2019/01/16;1700 UTC;0;957,6;958,7;957,6;2698,4;34,3;18,6;35,1;32,5;21,9;18,5;51;39;40;172;4,5;1,2;
2019/01/16;1800 UTC;0;957,1;957,6;957;1144,4;33,5;20,5;34,3;32,9;22,5;18,5;54;40;46;160;4,5;,9;
2019/01/16;1900 UTC;0;957,1;957,2;956,5;904,3;27;15,4;33,5;27;23;14;60;43;49;102;17,1;9,3;
2019/01/16;2000 UTC;,4;957,3;957,7;957;142,9;25,6;19,2;27,2;24,4;19,6;14,1;74;45;68;55;17,1;3,4;
2019/01/16;2100 UTC;,8;957,8;958,4;957,3;56,9;21,5;19,6;25,6;21,4;21,1;19,1;89;68;89;264;7,6;1,7;
2019/01/16;2200 UTC;0;958,6;958,6;957,5;11,3;21,8;20,7;22,2;21,5;21;19,7;95;89;94;316;5;2,4;
2019/01/16;2300 UTC;,2;959;959;958,6;;21,5;19,9;21,8;21,4;20,7;19,4;94;88;91;2;6,4;1,6;
2019/01/17;0000 UTC;0;959,2;959,3;959;;21,4;20,4;21,6;21,1;20,7;19,9;96;91;94;3;3,4;1,9;
2019/01/17;0100 UTC;,2;960,1;960,1;959,2;;21,6;20,2;21,9;21,4;20,4;19,8;94;88;91;317;4,7;,9;
2019/01/17;0200 UTC;0;960,1;960,2;960;;21,3;21,1;21,7;21,3;21,1;20,2;98;91;98;359;3,1;1,4;
2019/01/17;0300 UTC;0;959,7;960,1;959,5;;21,3;20,5;21,9;21,2;21,2;20,1;98;91;95;298;4,3;1,9;
2019/01/17;0400 UTC;0;958,7;959,7;958,7;;21,4;20,2;21,9;21,3;20,5;19,9;95;89;93;338;3,6;2,2;
2019/01/17;0500 UTC;0;958,7;958,7;958,5;;20,9;20,1;21,4;20,9;20,5;20;96;93;95;268;3,6;1;
2019/01/17;0600 UTC;0;958,4;958,7;958,2;;20,8;18,9;21,1;20,7;20,4;18,9;97;89;89;270;5,5;1,7;
2019/01/17;0700 UTC;0;958,3;958,4;958,3;;19,8;19,4;20,8;19,6;19,5;18,7;98;89;98;332;3,4;2;
2019/01/17;0800 UTC;0;957,9;958,3;957,9;;19,7;19,4;19,8;19,5;19,6;19,3;99;98;98;357;3,4;1,1;
2019/01/17;0900 UTC;0;958,6;958,6;957,9;2,3;20;19,7;20;19,7;19,7;19,3;98;97;98;346;2;1,2;
2019/01/17;1000 UTC;0;959,1;959,1;958,6;271,8;21,3;19,9;21,6;20;21,2;19,7;99;92;92;348;2,7;,9;
2019/01/17;1100 UTC;0;959,8;959,8;959,1;523,6;22,2;20,3;22,2;21,3;20,8;19,9;93;89;89;318;2,3;1;
2019/01/17;1200 UTC;0;960,6;960,6;959,8;1061,2;24,1;21,4;24,1;22,2;21,4;20,3;90;83;85;360;2,4;,9;
2019/01/17;1300 UTC;0;960,5;960,7;960,4;1455,3;25,7;20,8;25,8;24,1;22;19,8;85;71;75;159;2,6;,4;
2019/01/17;1400 UTC;0;960,2;960,5;960,2;1012,5;26,4;19,6;26,7;25,7;20,9;19,4;75;65;66;256;2;,2;
2019/01/17;1500 UTC;0;960,1;960,2;960;1770,3;28,4;20,2;28,5;25,8;22,8;19,7;82;61;61;247;3,3;1,2;
2019/01/17;1600 UTC;0;959,2;960,1;959,2;3358,3;30,1;21,3;30,1;28,1;22,3;19,3;67;54;59;306;4,3;1,1;
2019/01/17;1700 UTC;0;958,1;959,2;958,1;3595,9;31,8;19,2;32;29,9;21,4;18,7;59;46;47;331;4,1;1,3;
2019/01/17;1800 UTC;0;956,9;958,1;956,9;3422,7;31,6;20,9;32,9;31,5;21,9;18,1;53;43;53;303;4,9;2,8;
2019/01/17;1900 UTC;0;956;956,9;956;2419,4;31,8;20,2;32,2;31,2;22,9;19,2;59;48;50;318;4,9;2,5;
2019/01/17;2000 UTC;0;955,5;956;955,4;2109,8;31,2;21,3;32,1;31;21,9;19,5;58;49;56;346;5;2,6;
2019/01/17;2100 UTC;0;955,7;955,8;955,4;1069,6;29,9;20,4;31,2;29,9;21,7;20,2;58;54;57;356;4,9;2,4;
2019/01/17;2200 UTC;,6;956,3;956,3;955,7;205,8;27,4;21,5;29,9;27,3;21,6;20,4;71;57;70;337;4,9;,5;
2019/01/17;2300 UTC;0;957,3;957,3;956,3;;26,4;21,9;27,4;26,1;21,9;21,5;77;70;76;327;2,1;,3;
2019/01/18;0000 UTC;0;958,4;958,4;957,3;;26,7;21,4;26,7;26,4;21,9;21,4;76;73;73;335;1,3;,1;
2019/01/18;0100 UTC;0;959,4;959,4;958,4;;26,4;20,7;27,1;26,4;21,5;20,4;73;67;71;30;1,4;0;
2019/01/18;0200 UTC;0;959,9;960;959,4;;25,2;22,1;26,8;25,2;22,1;20,6;83;69;83;181;4,7;1,7;
2019/01/18;0300 UTC;0;959,8;960;959,8;;25;22,2;25,4;25;22,4;22,1;85;82;85;21;3,1;,6;
2019/01/18;0400 UTC;0;959,3;959,8;959,2;;24,5;22,6;25,2;24,1;22,8;22,2;91;85;89;69;5,4;2,5;
2019/01/18;0500 UTC;0;958,5;959,3;958,4;;24;21,2;24,6;23,9;22,6;21,2;89;84;84;38;5,4;2,7;
2019/01/18;0600 UTC;0;958,4;958,7;958,4;;22,7;20,4;24;22,7;21,1;20,3;88;84;87;37;4,6;1,5;
2019/01/18;0700 UTC;0;957,9;958,4;957,9;;22,1;20,2;23,1;22,1;20,5;20,1;89;84;89;358;4,1;0;
2019/01/18;0800 UTC;0;958;958,1;957,8;;21,5;20,5;22;21,5;20,6;20,1;94;89;94;307;2,6;1;
2019/01/18;0900 UTC;0;958,4;958,4;957,9;4,2;21,1;20,6;21,5;21,1;20,7;20,4;97;94;97;304;3,1;,7;
2019/01/18;1000 UTC;0;958,9;958,9;958,3;397,5;22,8;21,1;22,8;21,1;21,5;20,6;97;89;90;3;4,5;2,5;
2019/01/18;1100 UTC;0;959,2;959,2;958,8;1292,2;24,7;21,2;24,9;22,8;21,7;20,8;90;80;81;1;5,2;1,9;
2019/01/18;1200 UTC;0;959,7;959,7;959,2;2221,3;27,7;21,3;27,8;24,7;21,9;20,7;82;67;68;345;3,9;0;
2019/01/18;1300 UTC;0;959,5;959,9;959,4;2932;29,1;20,7;29,4;27,4;21,5;19,8;69;58;61;82;4;,9;
2019/01/18;1400 UTC;0;959,1;959,6;959,1;3596,9;29,8;20,3;30,6;28,9;21,5;19,8;62;56;57;181;5,6;1,4;
2019/01/18;1500 UTC;0;958,9;959,1;958,8;3407,2;30,4;20,3;31,6;29,7;23;20,1;63;53;55;150;5,6;1,4;
2019/01/18;1600 UTC;0;958,4;958,9;958,4;1959,1;30,8;21,2;32,1;29,8;22,6;20,3;60;52;56;159;5,6;1,7;
2019/01/18;1700 UTC;0;957,3;958,4;957,3;3706,3;32,9;20,5;33,2;30,8;22,3;19,9;58;47;48;144;6,9;2,5;
2019/01/18;1800 UTC;0;956,2;957,3;956,2;2949,3;33,2;21,2;33,2;31,5;21,2;18,8;50;43;49;110;6,9;2,3;
2019/01/18;1900 UTC;0;955,5;956,2;955,5;2959,6;33,2;18,8;34;32,7;20;17,4;49;37;43;138;6;,1;
2019/01/18;2000 UTC;0;954,6;955,5;954,6;2165,9;33,1;16,6;33,8;32,2;20,7;16,6;49;37;37;103;6,6;3;
2019/01/18;2100 UTC;0;955,1;955,1;954,6;930,7;30,5;20,5;33,1;30,5;20,5;17,2;55;37;55;95;6,5;3;
2019/01/18;2200 UTC;0;955,2;955,2;954,8;281,9;27,6;20,8;30,5;27,6;21,6;20,6;67;55;67;38;6,9;3,2;
2019/01/18;2300 UTC;0;956,6;956,6;955,2;;26;20,9;27,6;26;21;20,7;73;67;73;24;5,4;0;
2019/01/19;0000 UTC;0;957,4;957,4;956,6;;25;20,9;26,1;24,9;21;20,9;78;73;78;29;0;0;
2019/01/19;0100 UTC;0;957,7;957,9;957,4;;24,5;21;25,5;24,5;21,1;20,6;81;75;81;86;0;0;
2019/01/19;0200 UTC;0;957,9;958;957,6;;24,1;21,5;24,8;24;21,5;21;86;80;86;166;0;0;
2019/01/19;0300 UTC;0;957,2;957,9;957,2;;23,6;21,6;24,1;23,3;21,7;21,2;89;86;89;112;0;0;
2019/01/19;0400 UTC;0;957;957,4;957;;23,2;21,8;23,7;23,1;21,8;21,4;92;88;92;104;0;0;
2019/01/19;0500 UTC;0;956,5;957;956,5;;22,8;22,1;23,3;22,7;22,1;21,5;96;91;96;38;0;0;
2019/01/19;0600 UTC;0;956,2;956,7;956,1;;22,4;22;23;22,4;22,4;21,8;98;96;98;215;0;0;
2019/01/19;0700 UTC;0;956,3;956,4;956;;21,9;;22,4;21,8;;;;;;160;0;0;
2019/01/19;0800 UTC;0;956,5;956,7;956,2;;21,4;;21,9;21,4;;;;;;154;4,8;,5;
2019/01/19;0900 UTC;0;957;957;956,5;1,2;21;;21,5;21;;;;;;190;3,4;,7;
2019/01/19;1000 UTC;0;957,4;957,4;957;381;22,9;;22,9;21;;;;;;232;2;,2;
2019/01/19;1100 UTC;0;957,8;957,9;957,4;1224,8;24,9;21,3;25;23;23,5;20,9;100;80;80;143;2,3;,4;
2019/01/19;1200 UTC;0;957,9;957,9;957,8;2092,5;27,5;21,7;27,5;24,9;22,4;20,7;83;70;71;119;3,4;1;
2019/01/19;1300 UTC;0;957,9;958;957,9;2956,7;29,2;21,8;29,4;27,1;22,6;20,3;71;60;64;217;4;1;
2019/01/19;1400 UTC;0;957,8;958,1;957,8;3569,2;30,7;20,7;31,1;28,9;22,3;20,1;65;54;55;304;3,7;1;
2019/01/19;1500 UTC;0;957,3;957,8;957,3;3664,6;31,7;19,3;32,8;30,7;22,5;19,3;59;48;48;178;4,1;1,6;
2019/01/19;1600 UTC;0;956,6;957,3;956,6;2966,5;33;20,4;33;30,7;21,3;19,3;55;45;47;160;4,1;1,2;
2019/01/19;1700 UTC;0;955,6;956,6;955,6;2521,5;32,2;19,2;33,6;31,4;21,4;17,9;52;41;46;125;4,7;,9;
2019/01/19;1800 UTC;0;954,7;955,6;954,7;2074,4;32,4;20,5;33,9;32,2;22,1;18,4;54;42;50;322;3;,9;
2019/01/19;1900 UTC;0;953,8;954,7;953,8;1643,4;33,1;19,1;35,1;32,1;20,7;16,7;51;34;44;330;5;1,2;
2019/01/19;2000 UTC;2,4;955,1;955,1;953,6;380,2;26;20,4;33,1;26;21,1;18,2;71;42;71;92;9,7;5,2;
2019/01/19;2100 UTC;6,8;954,7;955,7;954,7;111,5;24,1;20;25,9;22,7;22,6;19,9;96;71;78;71;12,5;3,1;
2019/01/19;2200 UTC;0;955,3;955,3;954,7;61,6;22,8;21,4;24,1;22,6;21,6;20,1;93;78;92;27;5,7;,4;
2019/01/19;2300 UTC;0;955,9;955,9;955,2;;24,2;21,2;24,2;22,8;21,3;20,7;92;82;83;83;3,4;1,9;
2019/01/20;0000 UTC;0;956,3;956,3;955,9;;22,7;21,4;24,2;22,7;21,4;20,8;93;82;93;34;2,9;0;
2019/01/20;0100 UTC;0;956,3;956,3;956,1;;22,4;21,9;22,8;22,2;22,1;21,4;98;93;97;267;2,1;,3;
2019/01/20;0200 UTC;0;956,9;956,9;956,3;;22,1;21,6;22,5;21,9;22;21,2;97;96;96;209;1,8;,2;
2019/01/20;0300 UTC;0;957,2;957,2;956,8;;22,2;21,6;22,8;22;22,4;21,4;99;96;97;110;2;,5;
2019/01/20;0400 UTC;0;957,4;957,4;957;;22;21,5;22,3;21,9;21,8;21,3;97;96;97;124;2,1;0;
2019/01/20;0500 UTC;0;956,6;957,4;956,5;;21,6;;22,4;21,5;21,8;21,2;100;95;;154;0;0;
2019/01/20;0600 UTC;0;956,2;956,5;956,1;;21,7;;22;21,4;;;100;99;;59;0;0;
2019/01/20;0700 UTC;0;956;956,4;955,9;;21,4;;21,7;21,3;;;;;;322;0;0;
2019/01/20;0800 UTC;0;956;956,2;955,9;;21,2;;21,4;21,2;;;;;;48;0;0;
2019/01/20;0900 UTC;0;957,1;957,1;956;2,4;20,5;;21,4;20,5;;;;;;195;0;0;
2019/01/20;1000 UTC;0;957,5;957,5;957;252,5;22;;22;20,5;;;;;;298;0;0;
2019/01/20;1100 UTC;0;958;958;957,5;892,2;23,3;23,2;23,6;22;;;;;99;358;0;0;
2019/01/20;1200 UTC;0;958,3;958,4;958;1986;25,3;21,8;25,5;23,3;23,8;21,8;100;80;81;290;0;0;
2019/01/20;1300 UTC;0;958,3;958,4;958,2;2917,9;27,7;22,4;27,7;25,3;23,2;21,7;83;72;73;270;,6;0;
2019/01/20;1400 UTC;0;958,4;958,4;958,3;3674,1;29,7;22,4;30,2;27,7;23,6;21,6;77;62;65;208;4,2;1;
2019/01/20;1500 UTC;0;957,9;958,4;957,9;3998,5;31,8;20,9;32;29,7;24;20,6;68;52;53;316;4,1;1,6;
2019/01/20;1600 UTC;0;957,3;957,9;957,3;3847,7;32,7;19,8;33,5;31,6;22,8;18,7;57;44;47;155;5,8;2,5;
2019/01/20;1700 UTC;0;956,6;957,3;956,6;3817,2;34;20,2;34,7;32,7;20,7;18,4;49;39;44;156;7,3;1,6;
2019/01/20;1800 UTC;0;955,8;956,6;955,8;2977,1;34,1;18,7;34,8;33,2;20,3;18,1;46;38;40;144;6,9;1,9;
2019/01/20;1900 UTC;0;955;955,9;955;2904,3;34,2;16,6;34,7;33,6;20;16,6;43;35;35;131;8,3;2,8;
2019/01/20;2000 UTC;0;955,1;955,2;954,9;2136,3;33,7;17;34,4;33,5;18,5;15,8;41;34;37;132;8,5;3;
2019/01/20;2100 UTC;0;955,5;955,6;955;1475;29,6;19,8;34,1;29,5;20,2;16,2;57;35;55;235;7,3;3,2;
2019/01/20;2200 UTC;0;955,8;955,8;955,5;342;26,8;20,9;29,6;26,8;20,9;19,7;70;56;70;220;7,1;,1;
2019/01/20;2300 UTC;0;956,5;956,6;955,8;;27,1;19,5;27,1;25,8;21,1;19,5;74;63;63;202;2,5;,5;
2019/01/21;0000 UTC;0;957,3;957,3;956,5;;25,7;20,2;27,1;25,7;20,2;19,4;72;63;72;51;1,6;0;
2019/01/21;0100 UTC;0;958;958;957,3;;24,2;21,2;26,1;24,2;21,4;20,3;84;72;84;259;3,3;,4;
2019/01/21;0200 UTC;0;959,1;959,1;958;;24;22;24,2;23,7;22;21,3;89;84;89;196;3,8;,1;
2019/01/21;0300 UTC;0;958,6;959,2;958,6;;23,2;21,1;24,1;23,2;22;21,1;89;86;88;158;4,4;,1;
2019/01/21;0400 UTC;0;958,1;958,6;958,1;;22,9;20,9;23,3;22,6;21,1;20,5;90;85;89;325;1,9;0;
2019/01/21;0500 UTC;0;957,6;958,1;957,6;;22,6;21,1;23;22,5;21,1;20,9;91;88;91;5;0;0;
2019/01/21;0600 UTC;0;957;957,6;956,9;;22,3;21,1;23;22,3;21,2;20,6;93;89;93;305;2,5;1,3;
2019/01/21;0700 UTC;0;956,9;957;956,7;;22,3;21,4;22,3;22;21,4;21;95;93;95;297;2,6;,5;
2019/01/21;0800 UTC;0;957,1;957,1;956,7;;21,5;21,5;22,3;21,5;21,6;21;100;95;100;342;1,8;0;
2019/01/21;0900 UTC;0;957,9;957,9;957,1;3,2;22,1;;22,1;21,6;;;;;;308;0;0;
2019/01/21;1000 UTC;0;958,5;958,5;957,9;387,6;24,1;23,3;24,1;22,1;23,6;22,5;100;96;96;332;1,4;0;
2019/01/21;1100 UTC;0;959,3;959,3;958,5;1275,4;26,2;21,9;26,5;23,9;23,5;21,8;96;76;77;336;2,6;,6;
2019/01/21;1200 UTC;0;959,7;959,7;959,3;1979,6;29,1;22,6;29,1;25,5;23,3;21,5;86;67;68;306;2,6;,1;
2019/01/21;1300 UTC;0;959,7;959,8;959,7;2946,8;30,5;20,9;31;28,9;22,7;20,2;68;54;57;164;2,8;1;
2019/01/21;1400 UTC;0;959,7;959,8;959,7;3544,3;32,2;20,3;32,7;30,5;21,9;19,4;59;47;50;157;3,2;1,1;
2019/01/21;1500 UTC;0;959,5;959,7;959,4;2969,5;31,8;19,9;32,8;31,4;21,5;19,3;54;46;49;57;4,8;,6;
2019/01/21;1600 UTC;0;958,7;959,5;958,7;3260,2;34,1;19,6;34,2;31,6;21,1;18,7;52;40;43;157;4,7;1,9;
2019/01/21;1700 UTC;0;957,9;958,7;957,9;3450,7;33,9;16,4;35,2;33,5;20,8;15,9;45;34;35;124;5,7;1,6;
2019/01/21;1800 UTC;0;957,1;957,9;957,1;3506,5;35,3;16,1;35,3;33,5;18,7;15;41;31;32;111;6,3;2,7;
2019/01/21;1900 UTC;0;956,4;957,1;956,4;2822,5;35,6;16,1;35,6;34,9;16,9;14,4;34;29;31;172;7;2,3;
2019/01/21;2000 UTC;0;956,1;956,4;956,1;1732,3;33,9;16,6;35,6;33,9;17,3;15,2;37;30;36;102;5,7;2,2;
2019/01/21;2100 UTC;0;956,4;956,4;956,1;713,6;32;19,7;33,9;31,9;20,2;16,6;49;36;48;59;4,8;1,2;
2019/01/21;2200 UTC;0;957;957;956,4;122,7;30,4;19,3;32;30;21;19,3;56;47;52;107;2,6;,5;
2019/01/21;2300 UTC;0;957,4;957,4;956,9;;29,5;18,6;30,5;29,3;20;18,3;57;49;52;68;1,4;,1;
2019/01/22;0000 UTC;0;957,8;957,8;957,4;;28,7;19,3;30,2;27,8;20,2;18,6;63;50;57;74;2,1;0;
2019/01/22;0100 UTC;0;958,5;958,5;957,8;;27,5;21;28,8;26,7;21,8;18,9;73;56;68;24;5;0;
2019/01/22;0200 UTC;0;959;959;958,5;;26,9;19,5;28;26,9;21,4;19,3;70;61;64;35;1,9;,9;
2019/01/22;0300 UTC;0;958,9;959,1;958,9;;25,3;20,5;26,9;25,3;20,5;19,5;75;64;75;8;1,9;1;
2019/01/22;0400 UTC;0;958,6;958,9;958,6;;25,4;21,8;25,4;24,7;23,2;20,6;90;75;81;13;1,5;0;
2019/01/22;0500 UTC;0;958,2;958,6;958,2;;23,6;21,1;25,5;23,5;21,8;20,5;86;75;86;295;2,3;1;
2019/01/22;0600 UTC;0;957,6;958,2;957,5;;23,9;20,8;24,3;23;21,8;20,8;92;83;83;345;3,8;0;
2019/01/22;0700 UTC;0;957,7;957,7;957,4;;22,9;21,4;23,8;22,7;21,5;20,7;92;83;91;351;0;0;
2019/01/22;0800 UTC;0;958;958;957,7;;21,9;21,2;22,9;21,9;21,4;21;96;91;96;354;0;0;
2019/01/22;0900 UTC;0;958,5;958,5;958;1,7;22,4;21,6;22,4;21,6;21,7;21,1;98;95;95;298;0;0;
2019/01/22;1000 UTC;0;959,2;959,2;958,5;368,1;24,3;21,9;24,3;22,4;22,1;21,3;95;86;86;316;0;0;
2019/01/22;1100 UTC;0;959,8;959,8;959,2;1255,6;26,4;22,4;26,4;24,1;22,8;21,7;88;77;79;352;0;0;
2019/01/22;1200 UTC;0;960,1;960,2;959,8;2182;28,2;21,3;28,4;26,4;22,9;21,3;80;66;66;20;0;0;
2019/01/22;1300 UTC;0;960,4;960,4;960,1;2969,6;31,7;21,1;32;28,1;23,2;21,1;70;53;53;352;0;0;
2019/01/22;1400 UTC;0;960;960,4;960;3505,9;33,4;19,6;33,6;31,7;22,7;18,6;57;42;44;43;1,3;0;
2019/01/22;1500 UTC;0;959,5;960;959,5;3998,4;34,4;19,2;34,5;33,3;20,1;17,3;45;37;41;57;0;0;
2019/01/22;1600 UTC;0;958,6;959,5;958,6;4044,4;35,2;18,4;35,2;34,2;19,7;16;41;33;37;44;0;0;
2019/01/22;1700 UTC;0;957,3;958,6;957,3;3771,8;35,8;15,7;35,8;34,8;18,9;14,5;39;28;30;349;1,7;0;
2019/01/22;1800 UTC;0;956,3;957,3;956,3;3373,7;35,5;18,8;36,1;35;19,4;16,3;40;30;38;31;4,6;1,8;
2019/01/22;1900 UTC;0;955,9;956,3;955,9;2805,5;35,4;17,5;36,1;35,1;19,2;16,1;39;31;35;5;4,7;2,4;
2019/01/22;2000 UTC;0;955,6;955,9;955,5;1997,3;35,5;17,7;35,7;35,1;17,7;15,6;36;31;35;8;6,2;1,6;
2019/01/22;2100 UTC;0;956,3;956,3;955,6;769,8;33,8;18,1;35,5;33,5;18,8;16,3;42;32;39;67;4,2;1,4;
2019/01/22;2200 UTC;0;957,2;957,2;956,3;356,2;31;19,8;33,9;31;19,8;18;52;39;51;83;4,6;,6;
2019/01/22;2300 UTC;0;957,4;957,4;957,2;;29,7;19,5;31,1;29,7;19,6;18,7;54;48;54;17;3,6;1,6;
2019/01/23;0000 UTC;0;957,6;957,6;957,2;;27,6;19,8;29,7;27,6;20;19,4;63;54;63;341;3,6;,8;
2019/01/23;0100 UTC;0;958,3;958,3;957,5;;27,3;20,1;27,8;26,6;20,5;19,7;68;61;65;316;2,5;0;
2019/01/23;0200 UTC;0;958,5;958,6;958,2;;25,9;21,2;27,3;25,7;21,2;20;76;65;75;18;0;0;
2019/01/23;0300 UTC;0;958,4;958,6;958,2;;25,8;20,8;26,4;25,7;21,2;20,5;75;71;74;348;0;0;
2019/01/23;0400 UTC;0;957,8;958,4;957,8;;24,2;21;25,8;24,1;21,2;20,6;82;74;82;330;0;0;
2019/01/23;0500 UTC;0;957,3;957,9;957,3;;23,7;21,3;24,4;23,7;21,3;20,9;86;81;86;324;0;0;
2019/01/23;0600 UTC;0;957,2;957,4;957,2;;23,2;21,3;23,8;23,2;21,7;21,2;90;86;89;355;0;0;
2019/01/23;0700 UTC;0;957,1;957,2;957;;22,7;21,6;23,2;22,7;21,7;21,3;94;89;93;345;0;0;
2019/01/23;0800 UTC;0;957,4;957,4;957;;22,3;21,6;22,8;22,3;22;21,4;96;93;95;358;0;0;
2019/01/23;0900 UTC;0;958,2;958,2;957,4;1,1;22,1;21,6;22,4;22;22;21,4;98;95;97;354;1,9;,4;
2019/01/23;1000 UTC;0;959,3;959,3;958,2;339,8;24,1;22,2;24,1;22,1;22,6;21,7;97;89;89;343;1,9;,1;
2019/01/23;1100 UTC;0;959,9;959,9;959,3;1199;26,3;22,5;26,4;24;22,9;22,1;90;78;79;340;3,1;,2;
2019/01/23;1200 UTC;0;960,1;960,1;959,9;2120,1;28,9;21,4;29,1;26,2;22,9;21;80;62;64;298;4,8;,9;
2019/01/23;1300 UTC;0;959,8;960,2;959,8;2889,1;30,8;21,9;30,8;28,9;22,3;20,9;65;58;59;286;4,7;2;
2019/01/23;1400 UTC;0;959,1;959,8;959,1;3498,7;32,8;20,6;33;30,8;21,9;20,1;60;48;49;275;6,1;1,8;
2019/01/23;1500 UTC;0;958,6;959,2;958,6;3960,7;33,9;19,3;34,3;32,7;21;18,5;49;39;42;287;5,5;1,2;
2019/01/23;1600 UTC;0;957,7;958,6;957,7;3922,4;35,5;18,9;35,5;33,9;20,3;17,4;44;36;38;295;4,4;1,2;
2019/01/23;1700 UTC;0;956,8;957,7;956,8;4130,5;36,8;17,8;36,8;35;20,5;16,5;41;31;33;131;4,1;1,6;
2019/01/23;1800 UTC;0;955,5;956,8;955,5;1565,7;34,7;19;36,8;33,9;20;15,6;42;30;40;129;4;0;
2019/01/23;1900 UTC;0;955,3;955,6;955;1088;33,8;18,8;35;33,8;21;16,7;47;35;41;9;3;,5;
2019/01/23;2000 UTC;0;955,1;955,3;954,8;749,4;30,3;20,8;33,8;30,3;21,7;19;57;42;57;345;6,4;2,8;
2019/01/23;2100 UTC;0;955,7;955,7;955;378,1;28,6;21,3;30,3;28,5;21,5;20,5;66;57;65;332;7,4;1;
2019/01/23;2200 UTC;0;955,8;955,9;955,4;120,7;27,4;21,9;28,8;27,4;21,9;20,6;72;61;72;2;3,3;1,2;
2019/01/23;2300 UTC;0;957,5;957,5;955,6;;26,3;22,5;27,4;26,2;22,5;21,7;80;72;80;20;2,7;0;
2019/01/24;0000 UTC;0;957,8;957,9;957,5;;27,1;21;27,1;26,3;23,1;21;81;69;69;139;3,2;0;
2019/01/24;0100 UTC;0;958,4;958,4;957,8;;26,4;20,3;27,1;26,4;21,1;20,3;70;68;69;129;,6;0;
2019/01/24;0200 UTC;0;958,2;958,6;958,1;;24,7;21,3;26,4;24,7;21,3;20,2;81;69;81;354;0;0;
2019/01/24;0300 UTC;0;957,6;958,2;957,2;;25,3;21,8;25,6;24,7;22,4;21,3;86;79;81;293;9,7;2,3;
2019/01/24;0400 UTC;0;956,8;957,6;956,7;;24,8;21,6;25,3;24,6;21,8;21,4;84;81;82;311;6,1;0;
2019/01/24;0500 UTC;0;956;956,8;955,9;;24;21,8;24,8;23,9;22,1;21,6;88;82;88;212;0;0;
2019/01/24;0600 UTC;0;955,7;956;955,4;;23,6;21,8;24,2;23,4;22,3;21,6;91;88;90;306;0;0;
2019/01/24;0700 UTC;0;956,6;956,6;955,7;;22,4;18,9;23,6;22,4;21,7;18,9;90;78;81;241;0;0;
2019/01/24;0800 UTC;0;957,3;957,3;956,5;;22,2;19,6;22,6;22;19,7;18,9;87;80;85;273;0;0;
2019/01/24;0900 UTC;0;957,3;957,5;957,2;;21,8;18,7;22,2;21,5;19,5;18,6;85;83;83;292;0;0;
2019/01/24;1000 UTC;0;957,8;957,8;957,3;327,9;22,4;20,3;22,4;21,4;20,4;18,6;90;82;88;8;0;0;
2019/01/24;1100 UTC;0;958,2;958,2;957,8;1215,3;26;20,7;26;22,4;21,6;20,2;88;73;73;342;0;0;
2019/01/24;1200 UTC;0;958,8;958,9;958,2;1385,8;27;20,4;27;25,4;21;18,9;74;63;67;348;2,1;0;
2019/01/24;1300 UTC;0;959,3;959,3;958,8;2668,6;28,3;19,3;29,4;27;21,6;19,2;67;56;58;287;4,9;2,3;
2019/01/24;1400 UTC;0;959;959,4;959;2545,8;29,9;20;30,5;27,7;21,6;19;65;54;55;318;5;1,2;
2019/01/24;1500 UTC;0;958,3;959;958,3;3369,4;31,8;20,2;32,8;29,9;21,5;19,8;58;47;50;268;4,4;1,6;
2019/01/24;1600 UTC;0;956,9;958,3;956,9;2543,9;32,2;19,4;34,5;31,6;22;17,9;54;40;47;175;6,1;1;
2019/01/24;1700 UTC;0;955,7;956,9;955,7;2566,2;33,8;19,2;34,7;32,1;21,3;18,8;50;40;42;124;6,6;2,5;
2019/01/24;1800 UTC;0;955,7;955,7;954,9;1730,8;28,2;17,6;34,3;28,2;20,5;17,6;53;41;53;248;12,6;4,4;
2019/01/24;1900 UTC;14,2;957,5;958,6;955;194,9;20,8;;28,1;20,6;21,1;17,8;100;53;;160;16,3;2,2;
2019/01/24;2000 UTC;2,6;956,3;957,7;956,2;32,8;21,1;19,6;21,7;19,9;20,5;19,3;100;87;91;174;6,8;0;
2019/01/24;2100 UTC;1,2;955,4;956,3;955,4;71,6;21,5;21,1;21,5;20,8;21,1;19,6;97;91;97;181;4,5;0;
2019/01/24;2200 UTC;0;956,2;956,2;955,3;53,8;21,8;;22;21,5;21,7;21,1;100;97;;10;3,5;0;
2019/01/24;2300 UTC;0;957,8;957,8;956,2;;21,4;;21,8;21,2;;;;;;20;7,1;0;
2019/01/25;0000 UTC;0;957;957,8;956,8;;21,5;;21,5;21,3;;;;;;360;0;0;
2019/01/25;0100 UTC;0;957,4;957,5;957,1;;21,6;;21,8;21,4;;;;;;157;0;0;
2019/01/25;0200 UTC;0;958;958;957,2;;22,1;22,1;22,2;21,5;;;;;100;74;,1;0;
2019/01/25;0300 UTC;0;958,5;958,5;957,9;;21,9;21,4;22,2;21,8;22,1;21,4;100;96;97;178;,1;0;
2019/01/25;0400 UTC;0;958,2;958,7;958,2;;21,7;;22;21,7;21,9;21,4;100;97;;359;0;0;
2019/01/25;0500 UTC;0;957,2;958,2;957,2;;21,8;;21,9;21,7;;;;;;359;0;0;
2019/01/25;0600 UTC;0;956,4;957,2;956,4;;21,6;;21,9;21,6;;;;;;15;0;0;
2019/01/25;0700 UTC;0;956,2;956,4;956,2;;21,1;;21,6;21,1;;;;;;25;0;0;
2019/01/25;0800 UTC;,2;956,4;956,4;956,1;;20,9;;21,3;20,8;;;;;;26;0;0;
2019/01/25;0900 UTC;0;956,5;956,5;956,2;,8;20,5;;20,9;20,4;;;;;;356;0;0;
2019/01/25;1000 UTC;0;957,3;957,3;956,5;317,9;21,7;;21,7;20,4;;;;;;1;0;0;
2019/01/25;1100 UTC;0;957,8;957,9;957,3;1177;23,7;22,2;23,7;21,6;;;;;91;353;5;,5;
2019/01/25;1200 UTC;0;958,2;958,2;957,8;2079,6;25,3;21,7;25,7;23,7;22,6;21,3;91;79;80;340;5,2;0;
2019/01/25;1300 UTC;0;958,1;958,3;958;2883,4;27;22,2;27,3;25,3;22,5;21,2;81;71;75;345;5;0;
2019/01/25;1400 UTC;0;958;958,2;958;3185,2;28,7;22,9;28,8;27;23,5;21,9;76;69;71;7;,6;0;
2019/01/25;1500 UTC;0;957,4;958;957,4;3409,1;29,9;21,5;30,8;28,5;23,3;21;72;57;61;42;,6;0;
2019/01/25;1600 UTC;0;956,9;957,4;956,9;3753,5;31,4;20,5;32;29,9;23,3;20,1;64;50;52;49;1,5;0;
2019/01/25;1700 UTC;0;955,8;956,9;955,8;2655,4;31,5;22,6;31,9;30,9;22,8;20,3;61;52;59;45;0;0;
2019/01/25;1800 UTC;0;954,8;955,8;954,8;3037,3;32,3;20,3;32,9;31,5;23,1;19,4;60;47;49;78;0;0;
2019/01/25;1900 UTC;0;953,8;954,8;953,7;2291,1;32,3;20,3;33,2;31,5;21,7;19;53;44;49;77;1,2;0;
2019/01/25;2000 UTC;0;953,5;953,8;953,2;1052,9;29,8;20,8;33,4;29,7;21,4;18,9;61;45;59;38;0;0;
2019/01/25;2100 UTC;5,4;956,1;956,1;953,5;50,8;20,1;18;29,9;19,6;21;16,3;89;52;88;81;12,7;2,9;
2019/01/25;2200 UTC;3,2;956,6;956,6;955,3;13,2;20;19,5;20,5;19,4;20,3;17,9;100;88;97;340;8,1;4,3;
2019/01/25;2300 UTC;,2;957,8;958,1;956,4;0;19,1;19,1;20;19,1;;;;;100;237;10,2;0;
2019/01/26;0000 UTC;,6;958,3;958,5;957,8;;19,4;19;19,6;19,1;19,4;18,9;100;97;97;330;3,6;,1;
2019/01/26;0100 UTC;1;960,5;960,7;958,3;;19,1;19;19,4;19;19,1;18,8;100;97;100;270;5,1;0;
2019/01/26;0200 UTC;,8;960,3;960,7;960,3;;18,9;;19,1;18,9;;;;;;334;3,7;,4;
2019/01/26;0300 UTC;1;959,6;960,3;959,6;;19,4;;19,4;18,9;;;;;;318;5,9;0;
2019/01/26;0400 UTC;,4;957,8;959,6;957,8;;19,7;19,4;19,7;19,4;;;;;99;251;7,7;2;
2019/01/26;0500 UTC;0;956,7;957,8;956,7;;19,4;18,6;19,7;19,4;19,4;18,6;99;95;95;239;5,7;0;
2019/01/26;0600 UTC;0;956,4;956,7;956,3;;18,8;18,6;19,4;18,7;19;18,3;100;95;99;259;0;0;
2019/01/26;0700 UTC;0;956,8;956,8;956,4;;18,1;;18,8;18,1;;;;;;346;0;0;
2019/01/26;0800 UTC;0;957,6;957,6;956,8;;18;;18,2;17,9;;;;;;2;0;0;
2019/01/26;0900 UTC;0;958,4;958,4;957,6;,1;18;;18;17,9;;;;;;333;0;0;
2019/01/26;1000 UTC;0;959;959;958,4;352,2;20,1;;20,1;18;;;;;;343;0;0;
2019/01/26;1100 UTC;0;959,2;959,4;959;1222,4;22,2;20,6;22,2;20,1;21;19,9;100;89;91;4;,4;0;
2019/01/26;1200 UTC;0;959,6;959,6;959,1;2180,8;24,1;19,2;24,1;22,2;20,6;18,7;91;74;74;316;0;0;
2019/01/26;1300 UTC;0;959,5;959,8;959,5;2984,5;25,1;19,3;25,6;24;20;18,5;76;67;70;319;1,8;0;
2019/01/26;1400 UTC;0;959,4;959,5;959,3;3567,6;27,1;18,5;27,7;25,1;21,3;18,5;72;59;60;311;3,3;0;
2019/01/26;1500 UTC;0;958,9;959,4;958,9;3867,4;28,4;19,3;28,7;27;20,6;18,3;65;55;58;310;3;0;
2019/01/26;1600 UTC;0;958,2;958,9;958,2;3734,4;29,2;19,3;30,3;27,7;20,4;18,1;62;50;55;238;3;0;
2019/01/26;1700 UTC;0;957,4;958,2;957,4;3466,4;29,7;17,9;30,6;28,9;20,7;17,3;58;47;49;310;0;0;
2019/01/26;1800 UTC;0;956,3;957,4;956,3;1826,4;28,7;19;30,9;28,7;20,3;17,6;58;48;56;355;0;0;
2019/01/26;1900 UTC;0;955,2;956,3;955,2;2875,6;30,4;19,5;30,9;28,8;20,5;17,8;57;46;52;300;0;0;
2019/01/26;2000 UTC;0;955;955,2;954,9;1757,3;29,6;18,5;31,5;29,3;20;17,8;55;45;52;305;7,4;3,6;
2019/01/26;2100 UTC;0;955,9;955,9;954,9;625,5;27,7;19,5;29,5;27;20,6;18,3;65;51;61;319;7,4;3,2;
2019/01/26;2200 UTC;0;957,1;957,1;955,9;421,9;24;19,2;27,7;24;19,6;15,9;75;53;75;294;8,6;2,4;
2019/01/26;2300 UTC;,2;957,8;957,8;957,1;;22,8;20,5;24;22,8;20,6;19,2;87;75;87;249;5,1;1,2;
2019/01/27;0000 UTC;0;958,4;958,4;957,8;;22,1;20,6;22,8;22,1;20,7;20,5;91;87;91;261;2,8;1,1;
2019/01/27;0100 UTC;0;958,7;958,7;958,4;;21,2;20,1;22,1;21,2;20,6;20,1;94;91;94;329;3,8;2;
2019/01/27;0200 UTC;0;958,9;958,9;958,6;;21;19,8;21,2;21;20,5;19,8;96;93;93;311;3,8;1,1;
2019/01/27;0300 UTC;0;958,9;959;958,7;;20,3;19,6;21;20,3;19,9;19,6;96;93;96;294;2,7;,8;
2019/01/27;0400 UTC;0;958,5;959;958,5;;19,7;19,3;20,3;19,7;19,8;19,2;97;96;97;315;2,8;,7;
2019/01/27;0500 UTC;0;958,5;958,6;958,5;;19,3;18,7;19,7;19,3;19,3;18,7;98;96;96;294;2,8;1,1;
2019/01/27;0600 UTC;0;958,3;958,5;958,1;;19,3;18,7;19,4;19,2;18,7;18,3;96;94;96;311;3,4;0;
2019/01/27;0700 UTC;0;958,2;958,3;958,1;;19;18,3;19,7;19;18,9;18,3;96;94;96;343;2,5;1,4;
2019/01/27;0800 UTC;0;957,9;958,2;957,9;;18,8;18,2;19,2;18,7;18,7;18,2;97;96;96;331;2,7;,8;
2019/01/27;0900 UTC;0;958,1;958,2;957,9;;18,7;18,2;18,8;18,4;18,2;17,9;97;96;97;302;2,8;1,4;
2019/01/27;1000 UTC;0;958,7;958,7;958,1;114,8;19,1;18,7;19,2;18,7;18,7;18;97;95;97;318;3,6;,2;
2019/01/27;1100 UTC;0;959,6;959,6;958,7;476,4;20,9;19,8;20,9;19,2;19,8;18,7;97;93;93;299;4,2;1;
2019/01/27;1200 UTC;0;960;960,1;959,6;1876,8;23,7;19,1;24,2;20,8;20,8;19,1;93;75;75;274;6,1;0;
2019/01/27;1300 UTC;0;960,3;960,4;960;984,5;24,2;19,3;24,2;23;19,9;18,6;80;73;74;302;3,1;0;
2019/01/27;1400 UTC;0;960,6;960,6;960,3;1406,1;25,4;19,2;25,7;24,1;19,8;17,9;75;63;69;277;2,6;0;
2019/01/27;1500 UTC;0;960,3;960,6;960,3;2060,9;27,3;18,3;27,3;25,1;19,5;18;70;58;58;242;5,8;2,4;
2019/01/27;1600 UTC;0;960,1;960,3;959,9;3863,3;29,6;17;30;27,3;19,5;16,5;59;46;47;217;9,5;2,3;
2019/01/27;1700 UTC;0;959,6;960,1;959,6;3337,3;30,5;18,5;31;28,9;19,4;16,9;54;45;49;204;9;2;
2019/01/27;1800 UTC;0;959,1;959,6;959,1;3311,2;29,8;17,7;31;29,2;19,4;17,3;52;44;48;235;8,4;3,2;
2019/01/27;1900 UTC;0;959,2;959,2;959;2753,2;28,7;18,9;30,4;28,7;19,8;17,6;56;47;56;213;8,3;1,8;
2019/01/27;2000 UTC;0;959;959,2;958,9;812,6;27;18,7;28,6;27;19,6;18,5;61;55;60;212;6,3;1,2;
2019/01/27;2100 UTC;0;959,1;959,1;958,9;388,8;26;18,6;27,1;25,9;19,3;18,3;66;59;64;25;4,6;,7;
2019/01/27;2200 UTC;0;959,4;959,4;959;116,1;24,4;19,2;26;24,4;19,2;18,4;73;64;72;199;3,3;,2;
2019/01/27;2300 UTC;0;959,7;959,7;959,3;;23,6;19,6;24,5;23,1;19,7;19;81;72;79;317;1,5;0;
2019/01/28;0000 UTC;0;959,9;959,9;959,6;;23,3;19;23,8;23,2;19,6;18,9;79;75;77;268;0;0;
2019/01/28;0100 UTC;0;960,3;960,3;959,9;;22,5;19,4;23,5;22;19,6;18,8;85;76;83;268;2,3;0;
2019/01/28;0200 UTC;0;960,4;960,6;960,2;;21,7;19,8;22,7;21,6;19,9;19,3;90;82;90;339;1,9;0;
2019/01/28;0300 UTC;0;960,6;960,6;960,3;;21,4;20,3;21,7;21,2;20,3;19,7;93;90;93;342;0;0;
2019/01/28;0400 UTC;0;960,4;960,6;960,3;;21,2;20,2;21,7;21;20,5;19,7;94;91;94;344;0;0;
2019/01/28;0500 UTC;0;960;960,5;960;;21,2;20,5;21,3;21,1;20,5;20,1;96;94;96;328;0;0;
2019/01/28;0600 UTC;0;959,8;960;959,8;;20,6;20,3;21,3;20,6;20,6;20,2;98;96;98;334;0;0;
2019/01/28;0700 UTC;0;959,7;959,8;959,6;;20,2;;20,7;20,2;;;;;;343;0;0;
2019/01/28;0800 UTC;0;960;960;959,7;;20;;20,3;19,9;;;;;;357;0;0;
2019/01/28;0900 UTC;0;960,5;960,5;960;,1;19,7;;20;19,7;;;;;;353;0;0;
2019/01/28;1000 UTC;0;961,1;961,1;960,5;324,7;21,1;;21,1;19,6;;;;;;360;0;0;
2019/01/28;1100 UTC;0;961,7;961,7;961,1;1233,1;23,8;20,9;23,9;21,1;21,8;20,8;100;84;84;354;0;0;
2019/01/28;1200 UTC;0;962,1;962,1;961,7;2175,5;26,2;21,4;26,2;23,6;21,6;19,9;84;73;75;5;0;0;
2019/01/28;1300 UTC;0;962;962,2;962;2981,3;29,1;21,1;29,1;25,9;22,6;20,8;75;62;62;344;,8;0;
2019/01/28;1400 UTC;0;961,4;962;961,4;3597,2;30,7;17,9;30,9;29;21,5;17,2;64;46;47;286;6,5;3,5;
2019/01/28;1500 UTC;0;960,8;961,4;960,8;3983,6;32,3;18,6;32,3;30,6;19;16,5;48;39;44;264;6,8;2,6;
2019/01/28;1600 UTC;0;960,1;960,8;960,1;4070,9;33,4;16,6;33,4;32;19,3;14,9;45;34;37;257;7,6;1,9;
2019/01/28;1700 UTC;0;959,4;960,1;959,4;3871,1;33,8;14,6;34,3;33,1;18,3;13,3;41;29;32;232;6,7;1,4;
2019/01/28;1800 UTC;0;958,7;959,4;958,7;3088,4;33,5;15,3;34,6;32,3;17,5;12,6;39;27;34;263;5,3;2;
2019/01/28;1900 UTC;0;958,2;958,7;958,2;2956,2;34,6;15,5;34,6;33,6;17,6;12,8;37;27;32;321;5,2;1,1;
2019/01/28;2000 UTC;0;957,8;958,2;957,8;1668,5;33,5;14,6;34,6;32,5;17,1;13,4;39;29;32;300;4,3;1,7;
2019/01/28;2100 UTC;0;957,8;957,8;957,7;1066,2;32,6;15,9;33,6;32,6;17,3;14,1;39;31;37;299;3,8;1,5;
2019/01/28;2200 UTC;0;958,2;958,2;957,8;240,8;30,7;15,4;32,6;30,7;17,2;15,2;42;37;40;286;2,9;1,2;
2019/01/28;2300 UTC;0;959;959;958,2;;28,4;15,6;30,7;28,4;15,6;14,6;46;38;46;4;1,8;,5;
2019/01/29;0000 UTC;0;959,7;959,7;959;;28,3;16,4;29;27,2;17,5;15,5;54;45;49;325;1,9;0;
2019/01/29;0100 UTC;0;960,3;960,3;959,7;;26,4;17,3;28,3;26,4;17,3;15,8;57;47;57;330;1;0;
2019/01/29;0200 UTC;0;960,6;960,7;960,3;;23,9;18,6;26,5;23,8;18,6;17,2;72;57;72;27;2,5;0;
2019/01/29;0300 UTC;0;960,4;960,6;960,4;;24,6;18,3;24,6;23,5;18,9;18,3;74;68;68;316;1,8;,6;
2019/01/29;0400 UTC;0;960,2;960,5;960,2;;22,7;18,3;24,7;22,7;18,5;18;76;67;76;356;2,2;0;
2019/01/29;0500 UTC;0;959,9;960,2;959,9;;21,1;19,2;22,7;21,1;19,2;18,3;89;76;89;331;1,3;,1;
2019/01/29;0600 UTC;0;959,7;959,9;959,6;;20,4;18,4;21,5;20,2;19,4;18,1;89;82;88;5;2,2;1,1;
2019/01/29;0700 UTC;0;959,7;959,8;959,6;;21,5;17,5;21,9;20,2;19;17,4;90;77;78;329;2,2;,1;
2019/01/29;0800 UTC;0;960;960;959,7;;20,3;18,2;21,5;20,3;18,4;17,4;88;78;88;246;2,8;1;
2019/01/29;0900 UTC;0;960,7;960,7;960;,1;20,2;18;21,3;20,2;18,7;17,8;90;83;87;358;2,8;0;
2019/01/29;1000 UTC;0;961,2;961,2;960,7;311,5;23,3;19,7;23,3;20,1;19,8;18;89;80;80;329;,3;0;
2019/01/29;1100 UTC;0;961,6;961,6;961,2;1143,8;24,8;20,1;25;23,3;20,7;18,5;81;74;75;341;2,1;1,2;
2019/01/29;1200 UTC;0;961,9;962;961,6;2125,3;28;19,1;28,1;24,8;21,3;18;79;56;58;304;3,9;1,7;
2019/01/29;1300 UTC;0;961,7;962;961,7;2934,1;30,9;20,6;31;28;21,2;19,2;61;50;54;257;4,2;1,5;
2019/01/29;1400 UTC;0;961,2;961,7;961,2;3532,8;33,4;18,7;33,5;31;20,8;17,3;55;38;42;219;12,5;1;
2019/01/29;1500 UTC;0;960,3;961,2;960,3;3915,6;33,6;17,5;34;32,9;20,2;16,5;45;36;38;258;5,9;1,4;
2019/01/29;1600 UTC;0;959,7;960,3;959,6;3304,3;34,6;17,1;34,8;31,9;19,6;15,5;47;33;35;125;5,7;1,3;
2019/01/29;1700 UTC;0;958,8;959,7;958,8;4035;35,1;16,5;35,1;34,3;18,4;15,5;39;32;33;256;5,9;2,3;
2019/01/29;1800 UTC;0;957,8;958,8;957,8;3283,9;35,2;15,7;36,1;34,3;17,8;13,6;37;28;31;319;4,9;1,2;
2019/01/29;1900 UTC;0;956,8;957,8;956,8;2811,2;35,4;15,4;35,8;34;18,2;14,1;40;28;30;219;4,2;,8;
2019/01/29;2000 UTC;0;956,4;956,8;956,3;1977,3;35,1;14,6;35,9;34,7;16,5;13,5;33;27;29;4;2,5;,3;
2019/01/29;2100 UTC;0;956,6;956,6;956,4;1053,2;33,1;17,7;35,1;33,1;18,2;13,6;41;28;40;27;2,4;1;
2019/01/29;2200 UTC;0;957,1;957,3;956,6;186,7;27,9;15,9;33,1;27,8;18,7;15,6;49;40;48;8;7,5;2,7;
2019/01/29;2300 UTC;0;957,3;957,3;957,1;;26,9;16,4;27,9;26,6;17;16,1;54;48;53;1;4,8;,4;
2019/01/30;0000 UTC;0;958;958;957,3;;25,6;16,5;27;25,6;16,7;16;57;52;57;333;3,1;1,3;
2019/01/30;0100 UTC;0;958,7;958,7;958;;25,1;17,4;26,2;24,9;17,4;16,5;63;55;62;43;3,8;,3;
2019/01/30;0200 UTC;0;958,6;958,9;958,5;;24,6;17,4;25,1;24,2;17,6;17,3;66;62;64;346;2,7;0;
2019/01/30;0300 UTC;0;958,8;958,9;958,6;;22,9;17,6;24,8;22,8;18,2;17,4;74;64;72;355;0;0;
2019/01/30;0400 UTC;0;958;958,8;958;;25,1;17,2;25,5;22,7;17,8;17,2;74;60;62;303;5,5;2,7;
2019/01/30;0500 UTC;0;957,6;958;957,6;;23,5;17,8;25,2;23,5;17,8;17,2;70;61;70;6;5,5;1;
2019/01/30;0600 UTC;0;957,5;957,7;957,4;;22,1;18,4;23,5;22;18,6;17,7;81;70;80;346;2,6;1;
2019/01/30;0700 UTC;0;957,4;957,5;957,3;;21,7;18,4;22,2;21,7;18,6;18,3;82;80;82;330;3;,9;
2019/01/30;0800 UTC;0;957,6;957,6;957,3;;21;18,7;21,8;21;18,7;18,3;86;81;86;344;3;0;
2019/01/30;0900 UTC;0;958;958;957,5;;21,5;18,7;21,6;20,6;19,3;18,6;91;85;85;339;0;0;
2019/01/30;1000 UTC;0;958,8;958,8;958;419;24;19,7;24,4;21,4;20,1;18,7;85;76;77;146;0;0;
2019/01/30;1100 UTC;0;959,3;959,3;958,8;1120;25,7;19,7;25,8;23,4;20,7;18,5;80;65;69;324;0;0;
2019/01/30;1200 UTC;0;959,6;959,6;959,3;2177,4;28,5;19,1;28,6;25,7;20,4;18,2;70;55;57;165;3,4;1,2;
2019/01/30;1300 UTC;0;959,7;959,8;959,5;2870,2;30,1;19,2;30,3;28,3;20,2;18,4;59;50;52;257;3,4;,7;
2019/01/30;1400 UTC;0;959,5;959,8;959,5;3579,4;32,8;19,6;32,9;30;21,3;18,7;54;45;46;260;2,9;0;
2019/01/30;1500 UTC;0;958,9;959,5;958,9;3902,2;33,7;15,8;34,6;32,6;21,2;15,8;50;34;34;190;4,6;1,5;
2019/01/30;1600 UTC;0;958,2;958,9;958,2;3953;34,6;16,9;35,3;33,3;20,2;15,3;45;33;35;183;6,1;1,6;
2019/01/30;1700 UTC;0;957,7;958,3;957,7;3902,9;35,5;15,3;36,1;34,6;19,2;14,5;39;28;30;155;5,2;2,3;
2019/01/30;1800 UTC;0;957,2;957,7;957,2;2605,9;35,2;15,8;36,3;33,7;18,4;14,5;41;28;32;125;5,2;1,2;
2019/01/30;1900 UTC;0;956,1;957,2;956,1;2865,1;35,5;14,1;36,3;35;17,1;14,1;35;27;28;240;4,2;1,4;
2019/01/30;2000 UTC;0;955,6;956,1;955,6;1483,8;33,8;16,8;36,6;33,8;17,8;13;39;26;36;66;2,9;,9;
2019/01/30;2100 UTC;0;955,8;955,8;955,4;728,7;32,6;20,4;33,8;31,8;20,5;16,6;50;36;49;21;3,6;,9;
2019/01/30;2200 UTC;0;956,2;956,3;955,8;299;29,1;19,7;32,6;29,1;21,2;19,7;57;47;57;6;4,5;1;
2019/01/30;2300 UTC;0;956,8;956,8;956,2;;28,3;19,2;29,1;28,1;19,7;19,1;60;56;58;351;2,9;,3;
2019/01/31;0000 UTC;0;957,3;957,3;956,8;;26,1;20,3;28,3;25,5;20,6;19,2;73;58;70;19;2,9;,7;
2019/01/31;0100 UTC;0;958,2;958,2;957,3;;25,4;19,1;26,3;25,3;20,4;19,1;71;66;68;15;3,3;0;
2019/01/31;0200 UTC;0;958,2;958,3;958,1;;24,8;19,3;25,5;24,8;19,4;19,1;72;68;71;292;0;0;
2019/01/31;0300 UTC;0;957,9;958,3;957,9;;24,2;19,2;25,2;23,9;19,2;18,8;74;68;74;328;0;0;
2019/01/31;0400 UTC;0;957,5;957,9;957,5;;22,4;19;24,2;22,2;19,4;18,8;82;74;81;354;3,2;1,1;
2019/01/31;0500 UTC;0;956,9;957,5;956,8;;22,3;19,3;22,8;22;19,4;18,9;84;80;83;326;2,8;1,6;
2019/01/31;0600 UTC;0;957;957;956,7;;21,8;18,9;23,5;21,8;19,4;18,6;84;76;84;141;3;1,1;
2019/01/31;0700 UTC;0;956,6;957,2;956,6;;21,7;20,1;22,1;21;20,3;18,9;93;84;91;77;3,1;0;
2019/01/31;0800 UTC;0;956,8;956,8;956,6;;21,4;19,6;22,4;21,3;20,2;19,2;91;85;90;143;0;0;
2019/01/31;0900 UTC;0;957,2;957,2;956,8;;21,9;20,1;22,1;21,3;20,4;19,6;92;89;90;143;2,3;,4;
2019/01/31;1000 UTC;0;957,7;957,7;957,2;259,3;22,9;20,7;23,3;21,9;21,1;20,1;90;86;87;346;1,7;0;
2019/01/31;1100 UTC;0;958,3;958,3;957,7;1095;24,2;21;24,4;22,4;22,1;20,7;94;82;82;10;2,5;1,3;
2019/01/31;1200 UTC;0;958,7;958,7;958,3;2002,6;27,7;20,4;28,1;24,2;21,8;20,4;82;64;65;294;2,3;,2;
2019/01/31;1300 UTC;0;958,8;958,9;958,7;2824,6;30,9;21,1;30,9;27,6;21,5;19,1;67;51;56;63;2,8;,5;
2019/01/31;1400 UTC;0;958,9;959;958,8;3434;32,2;21,1;32,9;30,7;21,9;18,5;56;47;52;8;2,7;1,2;
2019/01/31;1500 UTC;0;958,5;958,9;958,4;3828,9;33,7;17,4;34,2;32;21,3;16,7;53;36;38;210;3;1,1;
2019/01/31;1600 UTC;0;957,7;958,5;957,7;3933,4;34,9;17,3;35,3;33,5;18,8;16,4;41;34;35;159;4,3;2,2;
2019/01/31;1700 UTC;0;956,7;957,7;956,7;3791,1;35,8;14,5;36,7;34,7;18,3;14,1;38;26;28;194;4,3;2;
2019/01/31;1800 UTC;0;955,7;956,7;955,7;3433,6;35,5;14;36,7;35,4;17,1;13,8;33;26;28;255;4,6;1,5;
2019/01/31;1900 UTC;0;954,9;955,7;954,9;2797,2;36;12,6;36,3;35,5;16,1;12,3;31;24;25;16;4,2;1,9;
2019/01/31;2000 UTC;0;954,3;954,9;954,3;2039,4;35,7;11,6;36,4;35,7;14,5;11,1;28;22;23;343;4,2;1,7;
2019/01/31;2100 UTC;0;954,8;954,8;954,3;1000,7;32,7;18,2;35,9;32,7;18,7;13;43;23;42;343;3,8;1,7;
2019/01/31;2200 UTC;0;955,3;955,4;954,8;94,4;28,4;17,2;32,7;28,4;18;16,9;52;41;51;360;7,8;2,3;
2019/01/31;2300 UTC;0;956;956;955,3;;27,2;17,5;28,4;26,7;18,1;17,1;59;51;55;159;4,4;,3;
2019/02/01;0000 UTC;0;956,8;956,8;956;;27,1;16,3;27,7;26,8;17,6;15,8;55;49;52;100;3;,7;
2019/02/01;0100 UTC;0;957,4;957,5;956,8;;26,6;16,3;27,1;26;17,8;16,1;60;52;53;255;3,8;1,8;
2019/02/01;0200 UTC;0;957,4;957,6;957,4;;27,4;14,5;28,5;26;16,8;14,2;57;42;45;345;3,1;0;
2019/02/01;0300 UTC;0;957,1;957,4;957,1;;23,2;17,7;27,4;23;17,7;14,5;72;45;71;352;3,5;,9;
2019/02/01;0400 UTC;0;957;957,3;957;;23,5;18,6;24,1;22,9;18,8;17,3;76;66;74;303;2,8;0;
2019/02/01;0500 UTC;0;956,2;956,9;956,2;;22,5;18;24,1;22,4;18,6;17,5;76;67;76;26;0;0;
2019/02/01;0600 UTC;0;956;956,2;956;;23,5;17,2;23,8;22,5;18,6;17,1;77;67;68;352;0;0;
2019/02/01;0700 UTC;0;956,1;956,1;955,9;;21,1;18,9;23,5;21,1;18,9;17,2;87;68;87;13;0;0;
2019/02/01;0800 UTC;0;956,6;956,6;956,1;;21,3;18,1;21,5;20,8;19,2;18;90;82;82;249;1,9;,3;
2019/02/01;0900 UTC;0;956,8;956,8;956,6;;20,7;18,2;21,5;20,7;18,4;17,9;86;82;86;56;1,7;,1;
2019/02/01;1000 UTC;0;957,5;957,5;956,8;277,6;21,6;19,3;21,9;20,7;19,3;18,3;87;84;87;353;3,2;2;
2019/02/01;1100 UTC;0;957,9;957,9;957,5;1165,4;25,1;19,5;25,1;21,6;20,2;19,3;87;71;71;355;3,2;2;
2019/02/01;1200 UTC;0;958;958,1;957,9;2045,9;28,1;20,4;28,1;25;20,4;19;71;62;63;38;4;,1;
2019/02/01;1300 UTC;0;958;958,1;958;2802,2;31,2;18,9;31,3;28,1;21,2;17,5;64;45;48;308;5,3;2;
2019/02/01;1400 UTC;0;957,6;958,1;957,6;3380,4;33,4;19,1;33,5;31,2;20,3;17,8;49;41;43;249;4,9;1,8;
2019/02/01;1500 UTC;0;957,4;957,7;957,4;3270,6;34,1;17,4;34,3;33,3;19,9;16,7;45;36;37;277;4,9;2;
2019/02/01;1600 UTC;0;956,8;957,4;956,8;3969,3;35,7;15,8;35,9;34,1;19,1;15,8;41;31;31;304;5;2;
2019/02/01;1700 UTC;0;956,1;956,8;956,1;2588,7;35,4;16,1;36,7;34,6;18,3;14,3;35;28;32;33;4,6;1,4;
2019/02/01;1800 UTC;0;955,3;956,1;955,3;2382,6;36,5;16,2;37;33,8;16,9;14,6;37;28;30;21;6,9;1,3;
2019/02/01;1900 UTC;0;954,9;955,4;954,9;2920,3;36,9;15,4;37;36,2;16,7;14,2;31;26;28;343;6,9;1,4;
2019/02/01;2000 UTC;0;954,3;954,9;954,3;1947,6;35,9;16,4;37;35,9;17,2;13,4;33;25;31;359;3,9;1,7;
2019/02/01;2100 UTC;0;954,2;954,3;954,2;1015,2;34,7;16,1;35,9;34,7;17,1;14,9;34;29;33;335;3,3;1,4;
2019/02/01;2200 UTC;0;954,4;954,4;954,2;212,1;31,4;18,5;34,7;31;20,4;15,5;49;31;46;311;2,4;0;
2019/02/01;2300 UTC;0;955,1;955,1;954,4;;30,8;17,5;31,4;30,5;18,7;17,1;48;43;45;360;,7;0;
2019/02/02;0000 UTC;0;955,8;955,8;955,1;;29;19;30,8;29;20;17,2;57;45;55;358;2,3;,1;
2019/02/02;0100 UTC;0;956,6;956,7;955,8;;27,8;18,9;29,2;27,7;19;17,3;59;49;59;252;5;2,4;
2019/02/02;0200 UTC;0;957,1;957,1;956,6;;25,8;20;30,5;25,8;20;17,3;70;45;70;22;4,5;,9;
2019/02/02;0300 UTC;0;957,2;957,6;957,1;;26,3;18,2;27,2;25,8;20;16,8;70;55;61;148;8,1;2,2;
2019/02/02;0400 UTC;0;957,4;957,6;957,2;;26,7;19,3;27,3;24,9;19,4;18,3;71;60;64;126;6,6;1,7;
2019/02/02;0500 UTC;0;957,4;957,9;957,4;;25,1;18,5;26,9;25;21,1;18,5;75;64;67;124;8,3;3;
2019/02/02;0600 UTC;0;956,9;958,1;956,9;;23,1;19,2;25,9;23,1;19,2;18,1;79;62;79;27;7,6;0;
2019/02/02;0700 UTC;0;956,8;956,9;956,2;;23,3;18,4;25,6;23,1;19,5;17,6;79;62;74;257;5;0;
2019/02/02;0800 UTC;0;956,9;957;956,7;;22,2;18,9;23,3;22,2;19;18,4;82;74;82;223;4,2;0;
2019/02/02;0900 UTC;0;956,9;956,9;956,6;;22,3;18,7;22,7;22;19,2;18,7;83;80;80;333;3,4;0;
2019/02/02;1000 UTC;0;957,8;957,8;956,9;288,6;23,6;20,9;23,6;21,9;21,1;18,7;88;80;85;348;0;0;
2019/02/02;1100 UTC;0;958;958;957,8;1123,8;26,1;20,8;26,2;23,6;21,1;20,1;85;72;73;29;,8;0;
2019/02/02;1200 UTC;0;958,4;958,5;958;2050,6;28,2;21,6;28,2;26;21,6;20,1;74;63;68;11;2,1;0;
2019/02/02;1300 UTC;0;958,2;958,5;958,2;2853;30;21;30,6;27,8;21,8;19,6;67;55;59;12;4,2;,5;
2019/02/02;1400 UTC;0;957,9;958,2;957,9;3454,7;32,9;18,3;33,1;30;22,1;18,3;60;42;42;229;3,5;1,3;
2019/02/02;1500 UTC;0;957,2;957,9;957,2;3841,7;34,3;17,7;35,1;32,9;20,2;16,7;44;35;37;37;4,2;1,2;
2019/02/02;1600 UTC;0;956,7;957,2;956,7;3908;35,6;16,6;36,1;34,3;19,9;16,6;41;32;32;183;5,3;1,8;
2019/02/02;1700 UTC;0;955,9;956,7;955,8;3724,6;36;17,9;37;35,4;19,9;17;39;32;34;49;5,4;1,6;
2019/02/02;1800 UTC;0;955,1;955,9;955,1;1958,8;35,5;19,2;36,8;33,9;21,5;16,8;47;32;39;33;5,2;0;
2019/02/02;1900 UTC;0;954,6;955,1;954,3;2158,4;33,1;18,7;36,4;33,1;19,7;16,8;43;32;43;201;6;,1;
2019/02/02;2000 UTC;0;953,7;954,7;953,7;1044,9;31,7;17,9;33,3;31;20,4;16,9;49;41;44;234;6;0;
2019/02/02;2100 UTC;0;954,2;954,2;953,7;671,5;32,2;19,1;34,2;31,7;20,3;17;50;36;46;10;0;0;
2019/02/02;2200 UTC;0;954,4;954,7;954,2;244,8;29,9;20,5;32,3;29,9;21,6;19,4;60;46;57;353;0;0;
2019/02/02;2300 UTC;0;955,2;955,2;954,3;;27,5;21,4;30,4;27,4;21,6;18,6;70;49;69;214;0;0;
2019/02/03;0000 UTC;0;955,6;955,6;955,2;;27,4;20,7;27,7;27,1;21,4;20,7;70;67;67;212;0;0;
2019/02/03;0100 UTC;0;956,4;956,4;955,6;;27,3;21,3;27,4;25,7;21,7;20,6;76;67;69;52;0;0;
2019/02/03;0200 UTC;0;956,7;956,7;956,4;;27,2;20,5;28;26,8;21,3;20,4;70;65;67;159;0;0;
2019/02/03;0300 UTC;0;956,3;956,8;956,3;;28;18,9;28;26,7;21,1;18,9;71;58;58;130;0;0;
2019/02/03;0400 UTC;0;956,1;956,3;956,1;;27,1;20,3;28,2;27;20,3;18,2;67;56;67;108;0;0;
2019/02/03;0500 UTC;0;955,8;956,1;955,7;;25,2;21;27,1;24,5;21,4;19,9;81;66;78;91;0;0;
2019/02/03;0600 UTC;0;956;956,2;955,8;;24,8;19,4;25,5;23,7;21;19,1;84;68;72;28;7,5;2,1;
2019/02/03;0700 UTC;0;955,6;956;955,3;;24,1;20;25,2;24;20;18,8;78;68;78;13;4,5;2;
2019/02/03;0800 UTC;0;955,8;955,9;955,5;;22,9;21,1;24,1;22,9;21,1;20,1;89;78;89;354;3,6;2;
2019/02/03;0900 UTC;0;956,4;956,4;955,8;;23,3;21,8;23,3;22,5;21,9;20,9;94;89;91;12;5,1;2,5;
2019/02/03;1000 UTC;0;956,9;956,9;956,3;287,4;24,5;21,7;24,5;23,2;21,9;21,5;91;84;84;353;5,1;2,5;
2019/02/03;1100 UTC;0;957,6;957,7;956,9;1083,7;26;21;26,5;24,4;21,9;20,8;84;73;74;360;5,9;3,3;
2019/02/03;1200 UTC;0;958,1;958,4;957,6;1930,1;28,4;21,6;28,4;26;21,7;20,7;75;65;67;316;6,5;2,9;
2019/02/03;1300 UTC;0;957,8;958,2;957,8;2803;30,4;21,8;30,4;28,1;22;20,2;68;58;60;283;5,2;1,5;
2019/02/03;1400 UTC;0;957,3;957,8;957,3;3403,5;31,2;21,9;31,2;29,6;21,9;20,2;61;55;58;9;5,4;2,3;
2019/02/03;1500 UTC;0;956,7;957,3;956,7;3734,2;32,4;19,9;33;31;22,2;19,6;58;47;48;1;6,4;3,2;
2019/02/03;1600 UTC;0;956;956,7;956;3829,4;34,3;18,5;34,4;32,3;20,8;18,4;48;39;39;357;7,3;2,5;
2019/02/03;1700 UTC;0;955,2;956;955,2;3602,6;35;17,3;35,2;33,8;19,5;16,4;42;33;35;338;5,4;1,8;
2019/02/03;1800 UTC;0;954,3;955,2;954,3;3295;36,1;17,3;36,3;34,8;18,2;15,4;37;30;33;28;4,6;2;
2019/02/03;1900 UTC;0;953,6;954,3;953,5;1630,5;35,2;17;36,8;34,2;18,2;15,8;39;30;34;134;4,5;1;
2019/02/03;2000 UTC;0;952,7;953,6;952,7;2094;35,1;16,7;36,5;35;18,4;16,1;36;31;34;35;4,9;2,4;
2019/02/03;2100 UTC;0;952,4;952,7;952,3;981,5;33,7;17,5;35,2;33,7;18,1;16,5;39;33;38;36;4,7;1,8;
2019/02/03;2200 UTC;0;953,3;953,5;952,3;113,9;30,3;18,5;33,7;30,3;18,8;16,4;49;37;49;16;3,6;,3;
2019/02/03;2300 UTC;0;956,3;956,5;953,3;;24,8;17,8;30,3;24,8;18,9;17,8;65;49;65;23;14,1;7,6;
2019/02/04;0000 UTC;0;958,9;959,1;956,2;;22,7;19,1;24,8;22,2;19,4;17,8;83;65;80;62;14,1;3,2;
2019/02/04;0100 UTC;,6;960,8;960,8;958,8;;21,9;20,2;22,7;21,9;20,3;19,1;90;80;90;155;5,3;1,3;
2019/02/04;0200 UTC;3,6;960,2;960,8;960,2;;21,2;;21,9;21,1;;;100;90;;309;6,4;3,6;
2019/02/04;0300 UTC;1,4;959;960,2;959;;20,7;20,7;21,2;20,7;;;;;100;322;7,8;4,3;
2019/02/04;0400 UTC;,4;955,8;959;955,8;;20,6;20;20,8;20,4;20,6;19,8;100;96;97;303;9,9;4,4;
2019/02/04;0500 UTC;0;954,4;955,8;954,3;;20,4;20,1;20,6;20,2;20,4;19,8;100;97;98;7;8,1;3;
2019/02/04;0600 UTC;0;954,5;954,7;954,3;;21,2;18,7;21,2;20,4;20,3;18,7;98;86;86;7;7,8;1,7;
2019/02/04;0700 UTC;0;954,9;954,9;954,3;;20,9;19,9;21,4;20,8;19,9;18,6;94;85;94;358;10,2;3,9;
2019/02/04;0800 UTC;0;956,3;956,3;954,9;;21,1;20,6;21,1;20,8;20,6;20;97;94;97;318;9,4;1,8;
2019/02/04;0900 UTC;0;957,2;957,2;956,3;,1;21,1;20,8;21,2;21;20,8;20,5;98;97;98;289;4,3;,4;
2019/02/04;1000 UTC;0;958,3;958,3;957,2;90;21,6;21,1;21,6;21,1;21,1;20,8;99;96;96;251;1,7;0;
2019/02/04;1100 UTC;0;958,8;958,8;958,3;679,8;23,3;20,9;23,6;21,7;21,7;20,6;96;86;86;54;2,4;,8;
2019/02/04;1200 UTC;0;959,2;959,2;958,7;1279,7;23,7;20,4;23,9;22,8;21,1;20,3;89;82;82;26;3,9;1,5;
2019/02/04;1300 UTC;0;959,8;959,8;959,2;898;24,1;19,9;24,3;23,5;21;19,8;84;77;77;16;3,6;0;
2019/02/04;1400 UTC;0;959,9;960;959,8;1099,7;25,1;19,8;25,3;23,8;20,8;19,6;81;71;72;59;2,5;,8;
2019/02/04;1500 UTC;0;959,3;959,9;959,3;1847,9;26,3;20,2;26,4;25,1;21;19,4;75;68;69;330;3,6;2,2;
2019/02/04;1600 UTC;0;958,8;959,3;958,8;2145,1;27,2;20,7;27,2;25,8;21,1;19,6;73;65;68;347;3,8;1,5;
2019/02/04;1700 UTC;0;957,9;958,9;957,9;3248,5;28,8;19,7;29;26,6;21,2;19,1;69;56;58;23;5,1;1,5;
2019/02/04;1800 UTC;0;957,4;957,9;957,4;2594,3;28,7;19,7;29,8;27,8;20,6;18,6;63;54;58;81;4,6;2,6;
2019/02/04;1900 UTC;0;956,4;957,4;956,4;2593,6;28,8;19;30,1;28,4;20,9;18,6;63;51;56;28;6,1;3,5;
2019/02/04;2000 UTC;0;956;956,4;956;1637,2;28,1;19,5;29,6;28;20,2;18,7;60;53;60;2;6,2;3,1;
2019/02/04;2100 UTC;0;956,1;956,1;955,9;761,1;27,2;18,9;28,6;27,2;19,7;18,6;61;56;60;10;7,2;4;
2019/02/04;2200 UTC;0;956,5;956,6;956,1;202,3;25,5;18,6;27,2;25,5;18,9;18,3;66;59;66;1;7,6;3,6;
2019/02/04;2300 UTC;0;957,6;957,6;956,5;;23,8;18,1;25,5;23,8;18,6;18;71;66;71;3;9,3;4,2;
2019/02/05;0000 UTC;0;958,2;958,2;957,6;;22,7;18,5;23,8;22,7;18,5;18;77;70;77;3;8,2;3,8;
2019/02/05;0100 UTC;0;958,9;958,9;958,2;;21,8;18,4;22,7;21,8;18,6;18,3;81;77;81;8;6,8;3,3;
2019/02/05;0200 UTC;0;959,6;959,6;958,9;;21,2;18,1;21,9;21,2;18,4;18,1;83;81;83;1;6,8;4,1;
2019/02/05;0300 UTC;0;959,7;959,8;959,5;;20,4;17,9;21,3;20,3;18,2;17,8;86;83;85;352;7;2,3;
2019/02/05;0400 UTC;0;958,9;959,7;958,9;;19,4;17,1;20,4;19,4;17,9;16,9;87;82;87;357;6;2,9;
2019/02/05;0500 UTC;0;958,2;958,9;958,2;;18,9;16,3;19,6;18,9;17,2;16,3;87;85;85;3;6,6;2,5;
2019/02/05;0600 UTC;0;957,6;958,2;957,6;;18,5;15,7;18,9;18,5;16,3;15,7;85;83;84;1;5,7;2,8;
2019/02/05;0700 UTC;0;957,6;957,7;957,6;;17,4;15,2;18,5;17,4;15,8;15,2;87;84;87;346;4,5;1,7;
2019/02/05;0800 UTC;0;957,4;957,6;957,2;;17;14,9;17,7;17;15,5;14,8;89;85;88;347;3,5;1,4;
2019/02/05;0900 UTC;0;957,7;957,7;957,1;;17,2;15,6;17,3;16,6;15,8;15;93;88;90;6;2,9;1,5;
2019/02/05;1000 UTC;0;958,2;958,3;957,7;122,5;18,3;16;18,3;17,2;16;15,5;90;86;86;4;3,5;1,8;
2019/02/05;1100 UTC;0;958,3;958,3;958,2;438,5;19,6;16,1;19,6;18,3;16,4;15,8;87;80;80;351;4,2;2,7;
2019/02/05;1200 UTC;0;959;959;958,3;654,8;20,6;16,7;20,7;19,5;17;15,9;81;77;78;346;6,1;3,4;
2019/02/05;1300 UTC;0;959,1;959,2;959;1778;22,9;16,5;23,8;20,6;18,4;16,4;81;66;67;2;6,5;3,5;
2019/02/05;1400 UTC;0;958,9;959,1;958,8;1989,4;24,5;17,9;24,6;22,9;17,9;16,5;69;63;67;3;6,5;3,1;
2019/02/05;1500 UTC;0;958,5;959;958,5;2377,7;26,2;17,9;26,2;24,5;18,5;17;66;59;60;325;5,4;2,2;
2019/02/05;1600 UTC;0;957,9;958,5;957,9;2540;26,7;18;27,4;26,2;18,9;17,4;62;56;59;355;4,8;1,6;
2019/02/05;1700 UTC;0;957,4;957,9;957,4;1552,7;27,1;18,2;27,3;26,7;19,1;17,5;62;56;59;350;3,5;1,2;
2019/02/05;1800 UTC;0;956,8;957,4;956,8;1166,6;27,5;18,1;27,7;26,8;18,9;17,6;61;55;56;47;2,9;,5;
2019/02/05;1900 UTC;0;955,5;956,8;955,4;1431,7;28;18,9;28,4;27,1;19,2;17,5;61;54;58;49;4;2,3;
2019/02/05;2000 UTC;0;954,4;955,5;954,4;1286;28,5;18,7;28,7;27,3;19,6;18;60;54;55;38;6,5;3,6;
2019/02/05;2100 UTC;0;954;954,4;953,9;849,1;26,7;18,4;28,5;26,7;18,6;17,9;61;54;60;31;8,3;4,5;
2019/02/05;2200 UTC;0;954,8;954,8;954;167;25,3;18,2;26,7;25,3;18,4;17,9;65;60;65;8;8,8;3,8;
2019/02/05;2300 UTC;0;955,6;955,6;954,8;;24,3;18,5;25,3;24,3;18,6;18,2;70;65;70;350;6,5;3,6;
2019/02/06;0000 UTC;0;956,5;956,5;955,6;;23,9;18,9;24,4;23,7;18,9;18,5;74;70;74;10;6,5;2,4;
2019/02/06;0100 UTC;0;957,2;957,3;956,5;;22,9;19,1;23,9;22,9;19,2;18,8;79;73;79;16;7,9;4,5;
2019/02/06;0200 UTC;0;957,8;958;957,2;;22,5;18,9;23;22,4;19,2;18,9;82;79;80;3;7,9;3,1;
2019/02/06;0300 UTC;0;957;957,8;957;;22;18,6;22,5;22;18,9;18,6;82;80;81;11;7;3,7;
2019/02/06;0400 UTC;0;956,5;957,1;956,4;;21,3;18,4;22;21,3;18,7;18,4;84;81;84;16;7,7;3,8;
2019/02/06;0500 UTC;0;956,4;956,7;956,3;;20,7;18,2;21,3;20,7;18,4;18,2;85;84;85;4;7,7;3,3;
2019/02/06;0600 UTC;0;955,5;956,4;955,5;;20,2;18,2;20,8;20,2;18,2;17,9;88;84;88;2;5,9;2;
2019/02/06;0700 UTC;0;955,4;955,7;955;;20;18,2;20,4;20;18,3;18,1;89;87;89;354;4,9;2,2;
2019/02/06;0800 UTC;0;955,6;955,7;955,2;;19,7;18,4;20,3;19,7;18,4;18,1;92;88;92;355;3,9;1,4;
2019/02/06;0900 UTC;0;956,1;956,1;955,6;;19,7;18,6;19,7;19,5;18,8;18,4;95;92;93;9;2,8;1;
2019/02/06;1000 UTC;0;956,5;956,6;956,1;67,1;20;18,6;20;19,6;18,6;18,4;93;91;92;1;2,9;,9;
2019/02/06;1100 UTC;0;957,3;957,4;956,5;284;20,9;18,8;20,9;20;19;18,4;92;88;88;21;3;1,3;
2019/02/06;1200 UTC;0;957,6;957,6;957,3;952,4;22;18,3;22,1;20,8;18,7;18;88;80;80;353;4,2;2,3;
2019/02/06;1300 UTC;0;957,9;957,9;957,6;1026,8;22,9;19,1;22,9;21,8;19,3;18,3;82;77;79;354;3,8;,6;
2019/02/06;1400 UTC;0;957,4;957,9;957,4;1225,5;23,5;19,7;23,7;22,6;19,9;18,5;81;77;79;299;3,9;1,3;
2019/02/06;1500 UTC;0;957,7;957,9;957,4;1488,1;24,6;20;25,1;23,4;20,7;19,5;80;74;75;103;3,3;1;
2019/02/06;1600 UTC;0;956,9;957,7;956,9;1868,3;25,8;19,7;26,6;24,6;21;19,5;77;67;69;243;3;,9;
2019/02/06;1700 UTC;0;956;956,9;955,9;1707,8;26,6;20,3;27,5;25,7;21,3;19,7;71;65;68;50;3;1;
2019/02/06;1800 UTC;0;955,2;956;955,2;1435,7;27,1;20,9;27,3;26,6;20,9;19,7;69;64;69;99;4,6;2,1;
2019/02/06;1900 UTC;0;953,6;955,2;953,6;1105,5;26,8;21,7;27,1;25,6;21,7;19,8;76;66;74;144;4,6;1,4;
2019/02/06;2000 UTC;0;954,1;954,2;953,4;1190,9;26,6;20,5;27,5;26,2;21,9;20,5;75;68;69;223;3,6;,3;
2019/02/06;2100 UTC;0;954,1;954,3;953,8;657,2;26,9;20,3;27,4;26,4;21,5;20,2;74;66;67;5;9,2;,9;
2019/02/06;2200 UTC;,4;955,2;955,7;954,2;40,1;20,5;19,8;26,8;20,5;19,9;18,4;96;66;96;340;11,3;5;
2019/02/06;2300 UTC;,2;955,9;956,1;955,2;;19,8;;20,5;19,8;;;;;;328;9,3;1,3;
2019/02/07;0000 UTC;,2;956,4;956,7;955,9;;19,6;;19,8;19,6;;;;;;6;4,5;2,4;
2019/02/07;0100 UTC;0;956,8;956,8;956,3;;19;;19,6;19;;;;;;2;5,4;2,1;
2019/02/07;0200 UTC;0;957;957,3;956,8;;18,8;;19;18,8;;;;;;337;3,4;,6;
2019/02/07;0300 UTC;0;956,9;957,1;956,3;;18,8;;18,9;18,8;;;;;;14;3,6;1,2;
2019/02/07;0400 UTC;0;955,9;956,9;955,9;;18,6;;18,8;18,6;;;;;;4;3,6;,6;
2019/02/07;0500 UTC;0;955,2;955,9;955,2;;18,1;;18,6;18;;;;;;331;2,8;0;
2019/02/07;0600 UTC;0;954,8;955,2;954,8;;17,7;;18,2;17,5;;;;;;16;2,1;0;
2019/02/07;0700 UTC;0;954,6;954,8;954,6;;17,5;;17,9;17,3;;;;;;16;1,4;,1;
2019/02/07;0800 UTC;,2;954,7;954,7;954,5;;17,3;;17,6;17,1;;;;;;5;1,5;,3;
2019/02/07;0900 UTC;0;955,3;955,3;954,7;;17;;17,3;16,7;;;;;;328;1,5;0;
2019/02/07;1000 UTC;0;955,9;955,9;955,3;246,6;17,8;;17,8;16,7;;;;;;347;2,4;,8;
2019/02/07;1100 UTC;0;956,3;956,3;955,9;660,9;18,9;;19;17,7;;;;;;348;4,4;2,3;
2019/02/07;1200 UTC;0;956,8;956,8;956,3;700,9;19,7;;19,7;18,8;;;;;;299;4,4;1,8;
2019/02/07;1300 UTC;0;956,8;956,9;956,7;1571,7;21,5;20,1;21,9;19,7;;;;;92;6;3,5;1,4;
2019/02/07;1400 UTC;0;956,4;956,8;956,4;1561;23;20,1;23,2;21,4;20,9;19,7;93;84;84;346;2,8;,4;
2019/02/07;1500 UTC;0;956;956,4;956;1896,5;25,7;20,8;25,7;22,8;21,1;19,8;86;73;74;41;2,5;,4;
2019/02/07;1600 UTC;0;955,4;956,1;955,4;3203,4;27,2;21;27,2;25,1;21,2;19,6;75;66;69;24;4,4;2,1;
2019/02/07;1700 UTC;0;954,6;955,4;954,6;3847,6;28,8;19,9;28,9;27,1;21,6;18,6;69;55;59;24;5,8;2,1;
2019/02/07;1800 UTC;0;954;954,6;954;3105,3;29,2;18,8;29,9;28;20,1;17,6;59;48;53;9;5,1;2,4;
2019/02/07;1900 UTC;0;953;953,9;953;2742;30,3;17,7;30,4;29,2;19,7;17,4;55;47;47;1;5,9;2,2;
2019/02/07;2000 UTC;0;952,4;953;952,4;1969,1;30;17,4;30,8;29,5;18,7;17,2;51;46;47;335;4,5;2,2;
2019/02/07;2100 UTC;0;952,3;952,4;952,3;1019,7;28,9;18,4;30,2;28,9;18,5;17,4;53;47;53;9;4,6;2;
2019/02/07;2200 UTC;0;952,8;952,8;952,3;203,2;26,1;18,6;28,9;26,1;18,9;18,1;63;52;63;332;4,2;1;
2019/02/07;2300 UTC;0;953,6;953,6;952,8;;25,2;17,8;26,1;24,8;18,7;17,8;66;63;64;316;3,2;2,1;
2019/02/08;0000 UTC;0;954,1;954,1;953,6;;23;17,7;25,2;23;18,1;17,5;72;64;72;335;4,7;,9;
2019/02/08;0100 UTC;0;954,5;954,5;954,1;;21,8;18,2;23;21,8;18,3;17,7;80;72;80;310;3,2;,7;
2019/02/08;0200 UTC;0;954,9;954,9;954,5;;21,4;18,6;21,8;21;18,6;18;84;80;84;304;2,6;1,3;
2019/02/08;0300 UTC;0;954,5;954,9;954,5;;20;18,3;21,4;20;18,7;18,2;90;83;90;326;3,6;1,4;
2019/02/08;0400 UTC;0;954,2;954,5;954,2;;19,6;18,8;20;19,5;18,8;18,1;95;90;95;288;3;,4;
2019/02/08;0500 UTC;0;953,9;954,2;953,9;;18,9;18,9;19,6;18,8;19,1;18,3;100;95;100;1;2,1;,1;
2019/02/08;0600 UTC;0;953,9;954;953,7;;18,9;;19;18,2;;;;;;355;1,9;0;
2019/02/08;0700 UTC;0;954;954;953,8;;17,9;;19,1;17,9;;;;;;1;2,4;,3;
2019/02/08;0800 UTC;0;954,3;954,4;954;;18,1;;18,6;17,7;;;;;;344;1,6;,1;
2019/02/08;0900 UTC;0;954,7;954,8;954,3;;17,6;;18,4;17,5;;;;;;8;1,3;0;
2019/02/08;1000 UTC;0;955,5;955,5;954,7;251,3;19,7;;19,8;17,6;;;;;;335;1,5;,3;
2019/02/08;1100 UTC;0;956,2;956,2;955,5;1147,7;21,7;19,6;21,8;19,7;;;;;88;356;3;1,5;
2019/02/08;1200 UTC;0;956,7;956,7;956,2;2085,9;24,5;19,7;24,5;21,6;20,3;19;88;74;74;5;3,4;1,5;
2019/02/08;1300 UTC;0;956,8;956,9;956,7;2895,4;27,5;20,1;27,7;24,6;20,8;19,3;75;63;64;324;3,7;1,4;
2019/02/08;1400 UTC;0;956,5;956,8;956,4;3506,7;30,6;20,3;30,6;27,2;21,1;19,5;64;54;54;314;3,5;1,2;
2019/02/08;1500 UTC;0;955,7;956,5;955,7;3552,5;30,4;17,8;32,7;29,8;20,2;17,4;55;43;47;311;4;2,4;
2019/02/08;1600 UTC;0;955;955,7;955;3748,8;33,2;18,5;33,2;30,4;18,9;15,8;49;37;42;107;4,2;2,4;
2019/02/08;1700 UTC;0;954,2;955,1;954,2;3768,1;33,3;13,9;34,1;32;17,8;13,3;42;29;31;57;6,4;2,5;
2019/02/08;1800 UTC;0;953,1;954,2;953,1;3470,6;33,9;12,4;34,2;33,2;13,9;10,6;31;24;27;298;7,1;1,6;
2019/02/08;1900 UTC;0;952,3;953,1;952,3;2794;34;14,3;34,4;33,4;14,3;11,7;31;26;31;39;5,6;2,6;
2019/02/08;2000 UTC;0;951,9;952,3;951,9;1962,3;33,2;14,3;34,1;33,1;14,9;13,2;33;29;32;345;5,6;2,7;
2019/02/08;2100 UTC;0;952,1;952,2;951,9;1005,8;32;14,9;33,3;32;14,9;13,8;36;31;36;4;4,9;1,4;
2019/02/08;2200 UTC;0;952,5;952,5;952;160;28,9;16,6;32;28,6;17,4;14;48;34;48;300;2,8;,1;
2019/02/08;2300 UTC;0;952,9;952,9;952,5;;27,5;15,8;29;27,5;16,7;15,8;49;46;49;352;1,2;0;
2019/02/09;0000 UTC;0;953,7;953,7;952,9;;25,2;16,6;27,8;25,2;16,7;15,8;59;49;59;353;3;,7;
2019/02/09;0100 UTC;0;954,2;954,2;953,6;;24,1;16,3;25,4;24,1;16,8;15,8;62;56;62;319;4;1,2;
2019/02/09;0200 UTC;0;954,8;954,8;954,2;;23,4;17,3;24,1;23,2;17,3;16,3;69;62;69;302;3,3;1,7;
2019/02/09;0300 UTC;0;954,9;955;954,8;;22,7;16,9;23,4;22,5;17,6;16,9;73;69;70;311;3,3;1;
2019/02/09;0400 UTC;0;954,6;954,9;954,6;;21,9;17,1;22,7;21,5;17,2;16,4;76;68;74;301;3,1;1,4;
2019/02/09;0500 UTC;0;954,7;954,7;954,4;;21,2;17,4;22;20,1;17,5;16,7;82;74;79;312;4;,2;
2019/02/09;0600 UTC;0;954,4;954,7;954,3;;19,7;16,8;21,5;19,7;17,4;16,3;83;75;83;343;1,9;,4;
2019/02/09;0700 UTC;0;954,4;954,5;954,4;;19,4;17,2;19,7;19,2;17,3;16,9;87;83;87;18;1,3;0;
2019/02/09;0800 UTC;0;954,7;954,7;954,4;;19;17,1;19,4;19;17,3;17,1;89;87;89;29;,4;0;
2019/02/09;0900 UTC;0;955,5;955,5;954,7;;17,9;17;19;17,8;17,1;16,5;94;88;94;16;2,2;,4;
2019/02/09;1000 UTC;0;956,2;956,2;955,5;245,5;21,5;18,5;21,6;17,9;19,3;17,1;97;82;83;356;1,5;0;
2019/02/09;1100 UTC;0;956,7;956,8;956,2;1122,4;23,9;18,7;23,9;21,4;18,7;17,5;83;73;73;342;3,3;1,4;
2019/02/09;1200 UTC;0;957;957;956,7;2058,7;27;19,5;27;23,8;19,5;17,8;73;63;63;338;4,5;2,3;
2019/02/09;1300 UTC;0;957,1;957,1;957;2869,5;29,6;19,2;29,9;27;19,8;18,1;63;52;53;281;5,6;2,6;
2019/02/09;1400 UTC;0;956,8;957,1;956,7;3478,6;32,6;17,9;33,1;29,6;19,8;17,2;54;40;42;221;5,6;1,8;
2019/02/09;1500 UTC;0;956,3;956,8;956,3;3471,4;33,5;18,8;34;31,9;19,6;16,6;44;37;42;209;6,9;1,4;
2019/02/09;1600 UTC;0;955,6;956,3;955,6;3738,8;34,8;15,6;35,7;32,6;18,7;13,9;41;28;32;244;5;2;
2019/02/09;1700 UTC;0;954,9;955,6;954,9;3834,7;33,9;13,3;36,6;33,9;16,5;13;33;26;29;248;5;1;
2019/02/09;1800 UTC;0;954;954,9;954;2520,9;33,2;14,9;35,9;33,2;15,5;12,7;34;26;33;14;3,8;2,5;
2019/02/09;1900 UTC;0;953,1;954;953,1;2497,6;35,3;13,4;35,7;33,1;15,6;12,3;34;26;27;40;4,4;,8;
2019/02/09;2000 UTC;0;952,4;953,1;952,4;1936,6;34,6;13,2;35,3;34,3;14,1;12,6;29;26;27;41;3,6;1,7;
2019/02/09;2100 UTC;0;952,4;952,4;952,3;955,6;32,8;15;34,7;32,7;15,1;13,3;34;28;34;351;4,3;1,9;
2019/02/09;2200 UTC;0;952,5;952,5;952,4;206,3;29,8;17,2;32,8;29,8;17,4;15,1;47;34;47;349;3,1;,8;
2019/02/09;2300 UTC;0;953,2;953,2;952,5;;27,7;17;29,8;27,6;17,2;16,8;52;47;52;10;2,1;,6;
2019/02/10;0000 UTC;0;953,9;953,9;953,2;;26;17,9;27,7;26;18;17;61;52;61;23;1,6;,8;
2019/02/10;0100 UTC;0;954,6;954,6;953,9;;25,4;17,1;26,1;24,9;18;17;63;60;60;301;2,7;1;
2019/02/10;0200 UTC;0;955;955;954,5;;25;17,8;25,5;25;17,9;17,1;65;60;64;309;4,3;2,7;
2019/02/10;0300 UTC;0;954,9;955;954,9;;24,1;17,7;25,2;23,9;17,8;17,5;68;64;67;314;4;1,5;
2019/02/10;0400 UTC;0;954,9;954,9;954,7;;22,4;17,6;24,2;22,4;18,2;17,5;74;67;74;312;3;1,6;
2019/02/10;0500 UTC;0;954,6;955;954,6;;22;18;22,6;21,6;18,3;17,7;80;74;78;3;2,9;0;
2019/02/10;0600 UTC;0;954,4;954,7;954,4;;21;18;22,2;21;18,3;17,7;83;78;83;360;1,6;,6;
2019/02/10;0700 UTC;0;954,4;954,5;954,4;;20,9;18,3;21;20,6;18,6;17,9;87;83;85;355;1,8;,1;
2019/02/10;0800 UTC;0;954,9;954,9;954,4;;21,1;17,7;21,1;20,5;18,4;17,4;85;81;81;336;1,5;0;
2019/02/10;0900 UTC;0;955,3;955,3;954,9;;20,6;17,5;21,2;20,5;17,8;17,2;83;80;82;347;1,2;,1;
2019/02/10;1000 UTC;0;955,9;956;955,3;113,3;21,5;18,1;21,5;20,6;18,3;17,4;83;81;81;321;1,5;0;
2019/02/10;1100 UTC;0;956,2;956,2;955,9;408,6;22,6;18,2;22,6;21,4;18,3;17,9;81;76;76;309;3,6;1,7;
2019/02/10;1200 UTC;0;956,7;956,7;956,2;1056,4;25,4;19;25,4;22,6;19,1;18,1;77;67;68;310;3,3;1,7;
2019/02/10;1300 UTC;0;956,6;956,9;956,6;2394,9;29,3;18,9;29,8;25,4;20,2;18,1;68;53;53;290;4;1,8;
2019/02/10;1400 UTC;0;956,3;956,7;956,3;3119;31,3;19,9;31,8;29,2;20,7;19;57;48;51;265;5,3;2;
2019/02/10;1500 UTC;0;955,8;956,3;955,7;3875,3;34,7;19,7;34,7;31,4;20,4;18,3;51;41;41;198;6,9;2,1;
2019/02/10;1600 UTC;0;954,9;955,8;954,9;3524,3;34,8;17,9;34,9;33,3;19,8;17,9;43;37;37;219;5,9;1,7;
2019/02/10;1700 UTC;0;953,8;955;953,8;2890,3;35,2;17,1;36,7;33,3;19,3;14,8;40;32;34;194;7;2,5;
2019/02/10;1800 UTC;0;952,7;953,9;952,7;3058,9;34,9;16,9;35,7;34;18,5;16,3;39;33;34;235;7,2;1,8;
2019/02/10;1900 UTC;0;951,8;952,7;951,8;2876,6;35,4;14,7;35,9;34,6;17,6;14,2;36;28;29;293;5,3;2,2;
2019/02/10;2000 UTC;0;951,5;951,8;951,4;1929,1;34,7;15,9;35,8;34,5;16,9;13,9;34;28;33;311;5,4;2,3;
2019/02/10;2100 UTC;0;951,7;951,7;951,5;684;32,4;17,7;34,8;32,4;17,7;15,1;42;31;42;295;4,3;1;
2019/02/10;2200 UTC;0;952,7;952,7;951,7;107,3;30,3;18,2;32,4;30,3;18,2;17,2;48;41;48;210;2,1;,4;
2019/02/10;2300 UTC;0;953,8;953,8;952,7;;28,2;19,3;30,3;27,9;19,4;18;60;48;58;200;4,4;1;
2019/02/11;0000 UTC;0;954,5;954,5;953,8;;27,5;19,1;28,3;27,2;19,4;19,1;62;58;60;146;4,2;,9;
2019/02/11;0100 UTC;0;955,2;955,2;954,5;;26,1;19,3;27,5;26,1;19,3;19;66;60;66;160;4,6;1;
2019/02/11;0200 UTC;0;956,2;956,3;955,2;;25,4;19,8;26,2;25,4;19,8;19,3;71;66;71;279;2,7;1;
2019/02/11;0300 UTC;0;956,2;956,2;956;;23,5;18,7;25,4;23,5;20;18,6;76;71;74;18;4,6;1;
2019/02/11;0400 UTC;0;956,5;956,6;956,2;;23,6;19,2;23,9;23,3;19,2;18,7;76;74;76;194;3,4;1,2;
2019/02/11;0500 UTC;0;955,7;956,6;955,7;;24,1;19,5;24,2;23,3;19,5;19,2;79;75;75;224;2,6;0;
2019/02/11;0600 UTC;0;955,5;955,7;955,5;;22,7;19,9;24,6;22,7;20,1;18,9;84;75;84;288;1,9;1,1;
2019/02/11;0700 UTC;0;955,5;955,6;955,4;;22,5;20,4;23,1;22,5;20,4;19,9;88;82;88;254;3,2;1,1;
2019/02/11;0800 UTC;0;955,9;955,9;955,4;;21,8;20,5;22,6;21,7;20,6;20,3;92;88;92;85;2,5;0;
2019/02/11;0900 UTC;0;956,4;956,4;955,9;;21,8;20,7;21,9;21,8;20,7;20,5;93;92;93;173;,1;0;
2019/02/11;1000 UTC;0;957,8;957,8;956,4;132;22,9;21,4;22,9;21,8;21,4;20,7;94;91;91;286;2;,1;
2019/02/11;1100 UTC;0;958,3;958,3;957,8;999;26,4;21,4;26,4;22,9;22,2;20,6;91;74;74;219;3,1;1,1;
2019/02/11;1200 UTC;0;958,8;958,8;958,3;1906,7;27,8;20,3;28,7;26;21,8;20,3;75;62;64;204;6,3;2,7;
2019/02/11;1300 UTC;0;958,5;958,9;958,5;2734,2;30,6;20,5;30,9;27,4;21,6;20,1;67;54;55;184;6,9;2,6;
2019/02/11;1400 UTC;0;957,9;958,5;957,9;3215,9;31,3;20,2;32,2;29,9;21,4;19,7;56;50;52;186;7,5;2,4;
2019/02/11;1500 UTC;0;957,3;957,9;957,2;2579,8;31,8;20,5;32,8;30,7;21,1;19,3;54;48;51;168;6,6;2,4;
2019/02/11;1600 UTC;0;956,4;957,3;956,4;2739,7;31,6;19,3;34,5;31,5;20,8;18,4;51;40;48;183;8;2,9;
2019/02/11;1700 UTC;0;955,4;956,4;955,4;3409,6;35;19,7;35;31,4;20,6;18,5;50;39;41;175;7,8;2,8;
2019/02/11;1800 UTC;0;954,8;955,5;954,8;2003,8;33,3;19,4;35,2;32,5;20,5;18,2;48;39;44;159;6,7;1,8;
2019/02/11;1900 UTC;0;953,7;954,8;953,7;1908,5;34,2;18,9;34,7;32,6;19,8;18,1;45;38;41;248;6;1,9;
2019/02/11;2000 UTC;0;953,1;953,7;953,1;1923;35,5;17,9;35,5;33,8;19,3;17,7;41;36;36;206;4,3;1,1;
2019/02/11;2100 UTC;0;953,4;953,4;953;746,9;33,4;19,4;35,5;32,5;19,4;17,5;44;35;44;203;4,1;,2;
2019/02/11;2200 UTC;0;953,9;953,9;953,4;141,6;29,6;19,8;33,4;29,6;20,4;18,8;56;42;56;208;1,4;,4;
2019/02/11;2300 UTC;0;954,7;954,7;953,9;;28;20,1;29,7;28;20,1;19,1;62;53;62;131;3,4;,2;
2019/02/12;0000 UTC;0;955,6;955,6;954,7;;27,3;20,3;28;27,3;20,3;20,1;66;62;66;178;3;1,1;
2019/02/12;0100 UTC;0;955,9;955,9;955,5;;27;20,6;27,5;27;20,6;20,2;68;65;68;146;2,1;0;
2019/02/12;0200 UTC;0;956,4;956,5;955,9;;26,4;20,5;27,1;26,4;20,6;20,4;70;67;70;80;1,5;0;
2019/02/12;0300 UTC;0;956,7;956,7;956,3;;25,7;20,6;26,5;25,6;20,6;20,4;74;70;73;136;2,9;0;
2019/02/12;0400 UTC;0;956,5;956,8;956,5;;25;20,4;25,7;24,9;20,9;20,4;78;73;76;287;2,5;,4;
2019/02/12;0500 UTC;0;955,7;956,5;955,7;;24,4;20,8;25;24,3;20,9;20,4;81;76;81;209;4;,5;
2019/02/12;0600 UTC;0;955,5;955,9;955,5;;24,5;21;24,9;24,3;21,1;20,8;81;79;81;262;3,5;1,5;
2019/02/12;0700 UTC;6,8;957,4;957,5;955,5;;21,6;;24,5;21,6;21,8;20,3;100;80;;81;8,9;2,8;
2019/02/12;0800 UTC;13,6;958,4;958,4;957,2;;21,2;;21,6;21;;;;;;233;5,2;,1;
2019/02/12;0900 UTC;6,6;958,6;958,9;958,2;;21,3;;21,4;20,7;;;;;;290;7,4;3,1;
2019/02/12;1000 UTC;3,2;958,4;958,6;958,3;6,5;21,1;;21,3;21,1;;;;;;310;6,4;,4;
2019/02/12;1100 UTC;,4;958,2;958,6;958,1;142,7;21,2;;21,3;20,9;;;;;;329;3,4;1,7;
2019/02/12;1200 UTC;0;958,9;958,9;958,1;506,7;21,7;;21,7;21;;;;;;300;4,5;1,3;
2019/02/12;1300 UTC;0;959,8;959,8;958,9;1058,7;23,7;22,6;23,7;21,7;;;;;93;282;2,3;,2;
2019/02/12;1400 UTC;0;959,4;959,9;959,4;1282,8;24,3;22;24,3;23,5;22,6;21,5;93;87;87;166;3,4;,7;
2019/02/12;1500 UTC;0;958,7;959,4;958,7;1576,3;25,6;21,7;25,8;24,1;22,7;21,4;89;78;79;256;4,4;,1;
2019/02/12;1600 UTC;0;958,1;958,8;958;1808,8;25,7;21,4;26,7;25,3;22,5;21,2;83;74;77;5;2,9;,4;
2019/02/12;1700 UTC;0;957,6;958,1;957,6;2070;27;22;27,5;25,7;22,8;21,5;78;73;74;48;3,8;1,1;
2019/02/12;1800 UTC;0;956,4;957,6;956,4;2572,5;28,1;21,9;29,2;26,9;23,2;21,3;76;66;69;55;4,9;1,9;
2019/02/12;1900 UTC;,2;955,5;956,4;955,5;2383,9;29,4;22;29,8;28,1;23,2;21,6;71;63;64;315;4,7;1,2;
2019/02/12;2000 UTC;0;955,1;955,5;955;1175,3;29;22,4;30,6;28,6;22,8;21,3;70;60;68;19;2,6;0;
2019/02/12;2100 UTC;0;955,9;955,9;955;488,6;27,2;22,7;29,3;27,2;22,8;21,6;76;65;76;254;3,5;1,6;
2019/02/12;2200 UTC;0;956,5;956,7;955,9;68,9;25,7;22,2;27,2;25,7;22,9;22,2;81;76;81;255;5,2;2,8;
2019/02/12;2300 UTC;18;957,9;957,9;956,5;2;21,7;;25,7;21,7;;;;;;263;7,3;0;
2019/02/13;0000 UTC;4,4;958,2;958,2;957,8;;22,3;;22,3;21,7;;;;;;189;1;0;
2019/02/13;0100 UTC;,4;958,2;958,2;958;;22,1;;22,3;22,1;;;;;;185;4;0;
2019/02/13;0200 UTC;0;958,3;958,4;958,2;;22;;22,1;22;;;;;;208;0;0;
2019/02/13;0300 UTC;0;958,8;958,9;958,3;;21,9;;22;21,8;;;;;;341;7,4;1;
2019/02/13;0400 UTC;0;957,7;958,8;957,7;1;21,1;;22;21,1;;;;;;344;7,4;0;
2019/02/13;0500 UTC;0;956,8;957,7;956,8;;20,9;;21,1;20,9;;;;;;339;1,4;0;
2019/02/13;0600 UTC;0;956,9;957;956,7;;20,9;;20,9;20,8;;;;;;13;0;0;
2019/02/13;0700 UTC;0;957;957,1;956,8;;21,1;;21,1;20,9;;;;;;2;0;0;
2019/02/13;0800 UTC;,2;957;957;956,9;;21,3;;21,3;21,1;;;;;;344;0;0;
2019/02/13;0900 UTC;0;957,1;957,1;956,9;;21,3;;21,3;21,2;;;;;;350;0;0;
2019/02/13;1000 UTC;0;958;958;957,1;64;21,5;;21,5;21,2;;;;;;11;0;0;
2019/02/13;1100 UTC;0;958,5;958,5;958;588,6;22,6;21,7;22,7;21,5;;;;;95;4;1,4;0;
2019/02/13;1200 UTC;0;959,2;959,2;958,5;1086,1;22,6;20,9;23,2;22,5;22,2;20,8;96;89;90;3;7,6;,4;
2019/02/13;1300 UTC;0;959,5;959,5;959,2;1215,6;23,6;20,9;23,8;22,6;21,8;20,8;91;84;85;346;6,4;,8;
2019/02/13;1400 UTC;0;959,2;959,5;959,2;1299,9;24,7;21,5;24,7;23,6;21,7;20,4;87;81;82;340;6,1;0;
2019/02/13;1500 UTC;0;958,4;959,2;958,4;1957,7;26,2;21;26,6;24,5;21,6;20,2;82;69;73;318;8,1;4,7;
2019/02/13;1600 UTC;0;957,9;958,4;957,9;2472,5;26,9;20,7;27,3;25,9;21,8;20,1;75;68;69;336;7,9;1,6;
2019/02/13;1700 UTC;0;957,1;957,9;957,1;2593;27,2;19,9;27,9;26,7;21,5;19,9;72;64;64;334;7,3;3,9;
2019/02/13;1800 UTC;0;956,7;957,1;956,7;2170,3;27;20,4;28,1;27;21,7;19,9;70;62;67;351;7,3;3,1;
2019/02/13;1900 UTC;0;956,1;956,7;956,1;1362,9;27;20,7;27,3;26,6;21,3;20,2;71;66;69;347;6,5;2,6;
2019/02/13;2000 UTC;0;955,9;956,1;955,8;1321,2;26,5;20,3;27,2;26,4;21,3;20,2;71;68;69;358;6,5;3,9;
2019/02/13;2100 UTC;0;956,1;956,1;955,9;762,3;25,1;19,8;26,5;25,1;20,5;19,8;73;68;73;342;7,7;4,2;
2019/02/13;2200 UTC;0;956,7;956,7;956,1;145,2;23,8;19,4;25,1;23,8;20,1;19;77;73;76;346;10,3;4,3;
2019/02/13;2300 UTC;0;957,5;957,5;956,7;;23,3;19,6;23,8;23,3;19,7;19,3;79;76;79;347;6,9;0;
2019/02/14;0000 UTC;0;958,1;958,1;957,5;;23,1;19,8;23,3;23;19,9;19,5;83;79;82;349;3,8;,1;
2019/02/14;0100 UTC;0;958,6;958,6;958,1;;22,8;19;23,2;22,8;19,9;19;82;79;80;3;5,2;0;
2019/02/14;0200 UTC;0;958,7;958,7;958,6;;21,8;18,6;22,8;21,7;19,2;18,5;82;79;82;357;5,9;0;
2019/02/14;0300 UTC;0;958,3;958,7;958,3;;20,7;18,2;21,8;20,6;18,7;18,1;86;82;86;8;1,9;0;
2019/02/14;0400 UTC;0;957,8;958,3;957,8;;20,2;17,7;20,7;20,1;18,1;17,7;87;86;86;2;3,7;0;
2019/02/14;0500 UTC;0;957,2;957,9;957,2;;19,9;17,2;20,3;19,9;17,7;17,1;86;83;85;358;6,4;3,4;
2019/02/14;0600 UTC;0;956,9;957,3;956,9;;19,7;17,5;19,9;19,7;17,5;17,2;88;84;88;358;5,3;0;
2019/02/14;0700 UTC;0;956,8;956,9;956,7;;19,2;17,7;19,8;19,1;17,7;17,5;91;88;91;329;4,8;0;
2019/02/14;0800 UTC;0;957;957;956,7;;18,4;17,7;19,2;18,4;17,8;17,5;96;91;96;341;0;0;
2019/02/14;0900 UTC;0;957,5;957,5;957;;18,5;17,7;18,6;18,3;18,1;17,7;97;95;95;324;0;0;
2019/02/14;1000 UTC;0;958;958,1;957,5;239,3;19,9;19;19,9;18,2;19;17,6;97;94;95;348;0;0;
2019/02/14;1100 UTC;0;958,4;958,4;958;509,1;20,7;18,6;20,7;19,5;18,9;18,2;95;88;88;339;1,2;0;
2019/02/14;1200 UTC;0;958,8;958,8;958,4;1285,5;24,1;18,9;24,3;20,6;19,7;17,9;88;73;73;345;6;3,1;
2019/02/14;1300 UTC;0;958,9;958,9;958,8;2848,5;26;18,4;26,4;23,4;19,8;18,4;75;63;63;332;6;2,9;
2019/02/14;1400 UTC;0;958,7;958,9;958,7;2977,7;26,5;19,2;27,8;25,9;19,9;18,3;66;59;64;345;5,9;2,1;
2019/02/14;1500 UTC;0;958,3;958,7;958,3;2235,2;27,5;19,1;28,3;26,4;20,2;18,9;66;59;60;30;4,2;1,4;
2019/02/14;1600 UTC;0;957,6;958,3;957,6;2561,6;28,5;19,9;29;27,4;20,6;18,7;64;57;60;31;4,6;2,5;
2019/02/14;1700 UTC;0;956,6;957,6;956,6;2692,1;28,8;19,6;30,4;28,3;21,2;19,2;61;54;58;357;5,5;2,4;
2019/02/14;1800 UTC;0;955,6;956,6;955,6;2856,2;28,6;;29,1;28,3;20,8;;62;;;20;8,6;5,3;
2019/02/14;1900 UTC;0;955;955,6;955;2250,7;28,9;;28,9;27,9;-2,5;;13;;;30;8,6;5,2;
2019/02/14;2000 UTC;0;954,9;955;954,8;1907;28,4;;29,1;28;;;;;;13;8,2;3,8;
2019/02/14;2100 UTC;0;955,1;955,1;954,9;981,3;27;;28,4;27;;;;;;353;8;4;
2019/02/14;2200 UTC;0;955,7;955,7;955,1;122;25,4;;27;25,4;;;;;;358;6,9;3,1;
2019/02/14;2300 UTC;0;957;957;955,7;;24,5;;25,5;24,5;;;;;;360;5,3;1,7;
2019/02/15;0000 UTC;0;957,1;957,1;956,7;;23,9;;24,5;23,9;;;;;;357;4,4;2,1;
2019/02/15;0100 UTC;0;957,1;957,2;956,9;;23,6;;24;23,4;;;;;;328;4,3;2,6;
2019/02/15;0200 UTC;0;957,5;957,6;957,1;;23,2;;23,7;22,7;;;7;;;314;4,3;1,1;
2019/02/15;0300 UTC;0;956,5;957,5;956,5;;22,3;;23,2;22,1;;;;;;315;2,9;1,6;
2019/02/15;0400 UTC;0;956,1;956,5;956,1;;21,5;;22,3;21,5;-9,6;;12;;;334;4,4;1,4;
2019/02/15;0500 UTC;0;956,4;956,6;956,1;;21,6;;21,7;21,5;;;;;;18;2,7;,3;
2019/02/15;0600 UTC;0;956;956,6;956;;21,9;;21,9;21,6;;;;;;292;2,1;,5;
2019/02/15;0700 UTC;0;955,6;956;955,3;;22;;22;21,9;;;;;;289;2,5;,3;
2019/02/15;0800 UTC;0;955,2;955,7;955,1;;22,1;;22,1;22;;;;;;173;3,5;,1;
2019/02/15;0900 UTC;0;955,7;955,7;955,2;;22,4;;22,5;22,1;;;;;;187;6,5;2,3;
2019/02/15;1000 UTC;2,8;955,8;955,9;955,7;32,3;21,7;;22,4;21,7;;;;;;194;7,2;2,5;
2019/02/15;1100 UTC;1,2;955,6;955,8;955,6;57,2;21,3;;21,8;21,3;21,4;13,1;100;57;;186;6,5;3,1;
2019/02/15;1200 UTC;,6;955,4;955,7;955,4;202,3;21,3;18,9;21,3;21;;;;;86;203;7,8;1,4;
2019/02/15;1300 UTC;0;955,3;955,4;955,2;605,7;22,8;;22,8;21,3;22,8;19;100;86;;202;4,6;1,2;
2019/02/15;1400 UTC;,2;955,1;955,3;955;2089,6;25,4;;25,4;22,8;;;;;;186;7,2;3,5;
2019/02/15;1500 UTC;,2;954,6;955,1;954,6;2534,6;27,3;;28;25,2;;;;;;174;8,8;3,4;
2019/02/15;1600 UTC;0;953,8;954,6;953,8;1990;27,4;;27,4;26,6;;;;;;169;11,1;3,8;
2019/02/15;1700 UTC;0;953,1;953,8;953,1;1544,6;27,1;;27,8;26,3;;;;;;161;10,9;2,9;
2019/02/15;1800 UTC;,2;952,4;953,1;952,4;1006;25,1;;27,6;25,1;;;;;;182;9;3,4;
2019/02/15;1900 UTC;,2;951,3;952,4;951,3;915,8;25,9;;25,9;24,4;23,4;;100;;;198;6,6;1,3;
2019/02/15;2000 UTC;0;950,8;951,3;950,4;783;26,3;;26,6;25,8;;;;;;191;4,2;,8;
2019/02/15;2100 UTC;0;950,7;950,8;950,6;162,2;25,4;;26,3;25,4;;;;;;13;2,5;,1;
2019/02/15;2200 UTC;10,4;951,4;951,6;950,4;3,4;22,2;;25,4;22;;;;;;118;11;2;
2019/02/15;2300 UTC;11;952,3;952,4;951,4;,1;21,5;;22,2;21,2;;;;;;180;10,4;3,1;
2019/02/16;0000 UTC;;;;;;;;;;;;;;;;;;
2019/02/16;0100 UTC;;;;;;;;;;;;;;;;;;
2019/02/16;0200 UTC;;;;;;;;;;;;;;;;;;
2019/02/16;0300 UTC;;;;;;;;;;;;;;;;;;
2019/02/16;0400 UTC;;;;;;;;;;;;;;;;;;
2019/02/16;0500 UTC;;;;;;;;;;;;;;;;;;
2019/02/16;0600 UTC;;;;;;;;;;;;;;;;;;
2019/02/16;0700 UTC;;;;;;;;;;;;;;;;;;
2019/02/16;0800 UTC;;;;;;;;;;;;;;;;;;
2019/02/16;0900 UTC;;;;;;;;;;;;;;;;;;
2019/02/16;1000 UTC;;;;;;;;;;;;;;;;;;
2019/02/16;1100 UTC;;;;;;;;;;;;;;;;;;
2019/02/16;1200 UTC;;;;;;;;;;;;;;;;;;
2019/02/16;1300 UTC;;;;;;;;;;;;;;;;;;
2019/02/16;1400 UTC;;;;;;;;;;;;;;;;;;
2019/02/16;1500 UTC;;;;;;;;;;;;;;;;;;
2019/02/16;1600 UTC;;;;;;;;;;;;;;;;;;
2019/02/16;1700 UTC;;;;;;;;;;;;;;;;;;
2019/02/16;1800 UTC;;;;;;;;;;;;;;;;;;
2019/02/16;1900 UTC;;;;;;;;;;;;;;;;;;
2019/02/16;2000 UTC;;;;;;;;;;;;;;;;;;
2019/02/16;2100 UTC;;;;;;;;;;;;;;;;;;
2019/02/16;2200 UTC;;;;;;;;;;;;;;;;;;
2019/02/16;2300 UTC;;;;;;;;;;;;;;;;;;
2019/02/17;0000 UTC;;;;;;;;;;;;;;;;;;
2019/02/17;0100 UTC;;;;;;;;;;;;;;;;;;
2019/02/17;0200 UTC;;;;;;;;;;;;;;;;;;
2019/02/17;0300 UTC;;;;;;;;;;;;;;;;;;
2019/02/17;0400 UTC;;;;;;;;;;;;;;;;;;
2019/02/17;0500 UTC;;;;;;;;;;;;;;;;;;
2019/02/17;0600 UTC;;;;;;;;;;;;;;;;;;
2019/02/17;0700 UTC;;;;;;;;;;;;;;;;;;
2019/02/17;0800 UTC;;;;;;;;;;;;;;;;;;
2019/02/17;0900 UTC;;;;;;;;;;;;;;;;;;
2019/02/17;1000 UTC;;;;;;;;;;;;;;;;;;
2019/02/17;1100 UTC;;;;;;;;;;;;;;;;;;
2019/02/17;1200 UTC;;;;;;;;;;;;;;;;;;
2019/02/17;1300 UTC;;;;;;;;;;;;;;;;;;
2019/02/17;1400 UTC;;;;;;;;;;;;;;;;;;
2019/02/17;1500 UTC;;;;;;;;;;;;;;;;;;
2019/02/17;1600 UTC;;;;;;;;;;;;;;;;;;
2019/02/17;1700 UTC;;;;;;;;;;;;;;;;;;
2019/02/17;1800 UTC;;;;;;;;;;;;;;;;;;
2019/02/17;1900 UTC;;;;;;;;;;;;;;;;;;
2019/02/17;2000 UTC;;;;;;;;;;;;;;;;;;
2019/02/17;2100 UTC;;;;;;;;;;;;;;;;;;
2019/02/17;2200 UTC;;;;;;;;;;;;;;;;;;
2019/02/17;2300 UTC;;;;;;;;;;;;;;;;;;
2019/02/18;0000 UTC;;;;;;;;;;;;;;;;;;
2019/02/18;0100 UTC;;;;;;;;;;;;;;;;;;
2019/02/18;0200 UTC;;;;;;;;;;;;;;;;;;
2019/02/18;0300 UTC;;;;;;;;;;;;;;;;;;
2019/02/18;0400 UTC;;;;;;;;;;;;;;;;;;
2019/02/18;0500 UTC;;;;;;;;;;;;;;;;;;
2019/02/18;0600 UTC;;;;;;;;;;;;;;;;;;
2019/02/18;0700 UTC;;;;;;;;;;;;;;;;;;
2019/02/18;0800 UTC;;;;;;;;;;;;;;;;;;
2019/02/18;0900 UTC;;;;;;;;;;;;;;;;;;
2019/02/18;1000 UTC;;;;;;;;;;;;;;;;;;
2019/02/18;1100 UTC;;;;;;;;;;;;;;;;;;
2019/02/18;1200 UTC;;;;;;;;;;;;;;;;;;
2019/02/18;1300 UTC;;;;;;;;;;;;;;;;;;
2019/02/18;1400 UTC;;;;;;;;;;;;;;;;;;
2019/02/18;1500 UTC;;;;;;;;;;;;;;;;;;
2019/02/18;1600 UTC;;;;;;;;;;;;;;;;;;
2019/02/18;1700 UTC;;;;;;;;;;;;;;;;;;
2019/02/18;1800 UTC;;;;;;;;;;;;;;;;;;
2019/02/18;1900 UTC;;;;;;;;;;;;;;;;;;
2019/02/18;2000 UTC;;;;;;;;;;;;;;;;;;
2019/02/18;2100 UTC;;;;;;;;;;;;;;;;;;
2019/02/18;2200 UTC;;;;;;;;;;;;;;;;;;
2019/02/18;2300 UTC;;;;;;;;;;;;;;;;;;
2019/02/19;0000 UTC;;;;;;;;;;;;;;;;;;
2019/02/19;0100 UTC;;;;;;;;;;;;;;;;;;
2019/02/19;0200 UTC;;;;;;;;;;;;;;;;;;
2019/02/19;0300 UTC;;;;;;;;;;;;;;;;;;
2019/02/19;0400 UTC;;;;;;;;;;;;;;;;;;
2019/02/19;0500 UTC;;;;;;;;;;;;;;;;;;
2019/02/19;0600 UTC;;;;;;;;;;;;;;;;;;
2019/02/19;0700 UTC;;;;;;;;;;;;;;;;;;
2019/02/19;0800 UTC;;;;;;;;;;;;;;;;;;
2019/02/19;0900 UTC;;;;;;;;;;;;;;;;;;
2019/02/19;1000 UTC;;;;;;;;;;;;;;;;;;
2019/02/19;1100 UTC;;;;;;;;;;;;;;;;;;
2019/02/19;1200 UTC;;;;;;;;;;;;;;;;;;
2019/02/19;1300 UTC;;;;;;;;;;;;;;;;;;
2019/02/19;1400 UTC;;;;;;;;;;;;;;;;;;
2019/02/19;1500 UTC;;;;;;;;;;;;;;;;;;
2019/02/19;1600 UTC;;;;;;;;;;;;;;;;;;
2019/02/19;1700 UTC;;;;;;;;;;;;;;;;;;
2019/02/19;1800 UTC;;;;;;;;;;;;;;;;;;
2019/02/19;1900 UTC;;;;;;;;;;;;;;;;;;
2019/02/19;2000 UTC;;;;;;;;;;;;;;;;;;
2019/02/19;2100 UTC;;;;;;;;;;;;;;;;;;
2019/02/19;2200 UTC;;;;;;;;;;;;;;;;;;
2019/02/19;2300 UTC;;;;;;;;;;;;;;;;;;
2019/02/20;0000 UTC;;;;;;;;;;;;;;;;;;
2019/02/20;0100 UTC;;;;;;;;;;;;;;;;;;
2019/02/20;0200 UTC;;;;;;;;;;;;;;;;;;
2019/02/20;0300 UTC;;;;;;;;;;;;;;;;;;
2019/02/20;0400 UTC;;;;;;;;;;;;;;;;;;
2019/02/20;0500 UTC;;;;;;;;;;;;;;;;;;
2019/02/20;0600 UTC;;;;;;;;;;;;;;;;;;
2019/02/20;0700 UTC;;;;;;;;;;;;;;;;;;
2019/02/20;0800 UTC;;;;;;;;;;;;;;;;;;
2019/02/20;0900 UTC;;;;;;;;;;;;;;;;;;
2019/02/20;1000 UTC;;;;;;;;;;;;;;;;;;
2019/02/20;1100 UTC;;;;;;;;;;;;;;;;;;
2019/02/20;1200 UTC;;;;;;;;;;;;;;;;;;
2019/02/20;1300 UTC;;;;;;;;;;;;;;;;;;
2019/02/20;1400 UTC;;;;;;;;;;;;;;;;;;
2019/02/20;1500 UTC;;;;;;;;;;;;;;;;;;
2019/02/20;1600 UTC;;;;;;;;;;;;;;;;;;
2019/02/20;1700 UTC;;;;;;;;;;;;;;;;;;
2019/02/20;1800 UTC;;;;;;;;;;;;;;;;;;
2019/02/20;1900 UTC;;;;;;;;;;;;;;;;;;
2019/02/20;2000 UTC;;;;;;;;;;;;;;;;;;
2019/02/20;2100 UTC;;;;;;;;;;;;;;;;;;
2019/02/20;2200 UTC;;;;;;;;;;;;;;;;;;
2019/02/20;2300 UTC;;;;;;;;;;;;;;;;;;
2019/02/21;0000 UTC;;;;;;;;;;;;;;;;;;
2019/02/21;0100 UTC;;;;;;;;;;;;;;;;;;
2019/02/21;0200 UTC;;;;;;;;;;;;;;;;;;
2019/02/21;0300 UTC;;;;;;;;;;;;;;;;;;
2019/02/21;0400 UTC;;;;;;;;;;;;;;;;;;
2019/02/21;0500 UTC;;;;;;;;;;;;;;;;;;
2019/02/21;0600 UTC;;;;;;;;;;;;;;;;;;
2019/02/21;0700 UTC;;;;;;;;;;;;;;;;;;
2019/02/21;0800 UTC;;;;;;;;;;;;;;;;;;
2019/02/21;0900 UTC;;;;;;;;;;;;;;;;;;
2019/02/21;1000 UTC;;;;;;;;;;;;;;;;;;
2019/02/21;1100 UTC;;;;;;;;;;;;;;;;;;
2019/02/21;1200 UTC;;;;;;;;;;;;;;;;;;
2019/02/21;1300 UTC;;;;;;;;;;;;;;;;;;
2019/02/21;1400 UTC;;;;;;;;;;;;;;;;;;
2019/02/21;1500 UTC;;;;;;;;;;;;;;;;;;
2019/02/21;1600 UTC;;;;;;;;;;;;;;;;;;
2019/02/21;1700 UTC;;;;;;;;;;;;;;;;;;
2019/02/21;1800 UTC;;;;;;;;;;;;;;;;;;
2019/02/21;1900 UTC;;;;;;;;;;;;;;;;;;
2019/02/21;2000 UTC;;;;;;;;;;;;;;;;;;
2019/02/21;2100 UTC;;;;;;;;;;;;;;;;;;
2019/02/21;2200 UTC;;;;;;;;;;;;;;;;;;
2019/02/21;2300 UTC;;;;;;;;;;;;;;;;;;
2019/02/22;0000 UTC;;;;;;;;;;;;;;;;;;
2019/02/22;0100 UTC;;;;;;;;;;;;;;;;;;
2019/02/22;0200 UTC;;;;;;;;;;;;;;;;;;
2019/02/22;0300 UTC;;;;;;;;;;;;;;;;;;
2019/02/22;0400 UTC;;;;;;;;;;;;;;;;;;
2019/02/22;0500 UTC;;;;;;;;;;;;;;;;;;
2019/02/22;0600 UTC;;;;;;;;;;;;;;;;;;
2019/02/22;0700 UTC;;;;;;;;;;;;;;;;;;
2019/02/22;0800 UTC;;;;;;;;;;;;;;;;;;
2019/02/22;0900 UTC;;;;;;;;;;;;;;;;;;
2019/02/22;1000 UTC;;;;;;;;;;;;;;;;;;
2019/02/22;1100 UTC;;;;;;;;;;;;;;;;;;
2019/02/22;1200 UTC;;;;;;;;;;;;;;;;;;
2019/02/22;1300 UTC;;;;;;;;;;;;;;;;;;
2019/02/22;1400 UTC;;;;;;;;;;;;;;;;;;
2019/02/22;1500 UTC;;;;;;;;;;;;;;;;;;
2019/02/22;1600 UTC;;;;;;;;;;;;;;;;;;
2019/02/22;1700 UTC;;;;;;;;;;;;;;;;;;
2019/02/22;1800 UTC;;;;;;;;;;;;;;;;;;
2019/02/22;1900 UTC;;;;;;;;;;;;;;;;;;
2019/02/22;2000 UTC;;;;;;;;;;;;;;;;;;
2019/02/22;2100 UTC;;;;;;;;;;;;;;;;;;
2019/02/22;2200 UTC;;;;;;;;;;;;;;;;;;
2019/02/22;2300 UTC;;;;;;;;;;;;;;;;;;
2019/02/23;0000 UTC;;;;;;;;;;;;;;;;;;
2019/02/23;0100 UTC;;;;;;;;;;;;;;;;;;
2019/02/23;0200 UTC;;;;;;;;;;;;;;;;;;
2019/02/23;0300 UTC;;;;;;;;;;;;;;;;;;
2019/02/23;0400 UTC;;;;;;;;;;;;;;;;;;
2019/02/23;0500 UTC;;;;;;;;;;;;;;;;;;
2019/02/23;0600 UTC;;;;;;;;;;;;;;;;;;
2019/02/23;0700 UTC;;;;;;;;;;;;;;;;;;
2019/02/23;0800 UTC;;;;;;;;;;;;;;;;;;
2019/02/23;0900 UTC;;;;;;;;;;;;;;;;;;
2019/02/23;1000 UTC;;;;;;;;;;;;;;;;;;
2019/02/23;1100 UTC;;;;;;;;;;;;;;;;;;
2019/02/23;1200 UTC;;;;;;;;;;;;;;;;;;
2019/02/23;1300 UTC;;;;;;;;;;;;;;;;;;
2019/02/23;1400 UTC;;;;;;;;;;;;;;;;;;
2019/02/23;1500 UTC;;;;;;;;;;;;;;;;;;
2019/02/23;1600 UTC;;;;;;;;;;;;;;;;;;
2019/02/23;1700 UTC;;;;;;;;;;;;;;;;;;
2019/02/23;1800 UTC;;;;;;;;;;;;;;;;;;
2019/02/23;1900 UTC;;;;;;;;;;;;;;;;;;
2019/02/23;2000 UTC;;;;;;;;;;;;;;;;;;
2019/02/23;2100 UTC;;;;;;;;;;;;;;;;;;
2019/02/23;2200 UTC;;;;;;;;;;;;;;;;;;
2019/02/23;2300 UTC;;;;;;;;;;;;;;;;;;
2019/02/24;0000 UTC;;;;;;;;;;;;;;;;;;
2019/02/24;0100 UTC;;;;;;;;;;;;;;;;;;
2019/02/24;0200 UTC;;;;;;;;;;;;;;;;;;
2019/02/24;0300 UTC;;;;;;;;;;;;;;;;;;
2019/02/24;0400 UTC;;;;;;;;;;;;;;;;;;
2019/02/24;0500 UTC;;;;;;;;;;;;;;;;;;
2019/02/24;0600 UTC;;;;;;;;;;;;;;;;;;
2019/02/24;0700 UTC;;;;;;;;;;;;;;;;;;
2019/02/24;0800 UTC;;;;;;;;;;;;;;;;;;
2019/02/24;0900 UTC;;;;;;;;;;;;;;;;;;
2019/02/24;1000 UTC;;;;;;;;;;;;;;;;;;
2019/02/24;1100 UTC;;;;;;;;;;;;;;;;;;
2019/02/24;1200 UTC;;;;;;;;;;;;;;;;;;
2019/02/24;1300 UTC;;;;;;;;;;;;;;;;;;
2019/02/24;1400 UTC;;;;;;;;;;;;;;;;;;
2019/02/24;1500 UTC;;;;;;;;;;;;;;;;;;
2019/02/24;1600 UTC;;;;;;;;;;;;;;;;;;
2019/02/24;1700 UTC;;;;;;;;;;;;;;;;;;
2019/02/24;1800 UTC;;;;;;;;;;;;;;;;;;
2019/02/24;1900 UTC;;;;;;;;;;;;;;;;;;
2019/02/24;2000 UTC;;;;;;;;;;;;;;;;;;
2019/02/24;2100 UTC;;;;;;;;;;;;;;;;;;
2019/02/24;2200 UTC;;;;;;;;;;;;;;;;;;
2019/02/24;2300 UTC;;;;;;;;;;;;;;;;;;
2019/02/25;0000 UTC;;;;;;;;;;;;;;;;;;
2019/02/25;0100 UTC;;;;;;;;;;;;;;;;;;
2019/02/25;0200 UTC;;;;;;;;;;;;;;;;;;
2019/02/25;0300 UTC;;;;;;;;;;;;;;;;;;
2019/02/25;0400 UTC;;;;;;;;;;;;;;;;;;
2019/02/25;0500 UTC;;;;;;;;;;;;;;;;;;
2019/02/25;0600 UTC;;;;;;;;;;;;;;;;;;
2019/02/25;0700 UTC;;;;;;;;;;;;;;;;;;
2019/02/25;0800 UTC;;;;;;;;;;;;;;;;;;
2019/02/25;0900 UTC;;;;;;;;;;;;;;;;;;
2019/02/25;1000 UTC;;;;;;;;;;;;;;;;;;
2019/02/25;1100 UTC;;;;;;;;;;;;;;;;;;
2019/02/25;1200 UTC;;;;;;;;;;;;;;;;;;
2019/02/25;1300 UTC;;;;;;;;;;;;;;;;;;
2019/02/25;1400 UTC;;;;;;;;;;;;;;;;;;
2019/02/25;1500 UTC;;;;;;;;;;;;;;;;;;
2019/02/25;1600 UTC;;;;;;;;;;;;;;;;;;
2019/02/25;1700 UTC;;;;;;;;;;;;;;;;;;
2019/02/25;1800 UTC;;;;;;;;;;;;;;;;;;
2019/02/25;1900 UTC;;;;;;;;;;;;;;;;;;
2019/02/25;2000 UTC;;;;;;;;;;;;;;;;;;
2019/02/25;2100 UTC;;;;;;;;;;;;;;;;;;
2019/02/25;2200 UTC;;;;;;;;;;;;;;;;;;
2019/02/25;2300 UTC;;;;;;;;;;;;;;;;;;
2019/02/26;0000 UTC;;;;;;;;;;;;;;;;;;
2019/02/26;0100 UTC;;;;;;;;;;;;;;;;;;
2019/02/26;0200 UTC;;;;;;;;;;;;;;;;;;
2019/02/26;0300 UTC;;;;;;;;;;;;;;;;;;
2019/02/26;0400 UTC;;;;;;;;;;;;;;;;;;
2019/02/26;0500 UTC;;;;;;;;;;;;;;;;;;
2019/02/26;0600 UTC;;;;;;;;;;;;;;;;;;
2019/02/26;0700 UTC;;;;;;;;;;;;;;;;;;
2019/02/26;0800 UTC;;;;;;;;;;;;;;;;;;
2019/02/26;0900 UTC;;;;;;;;;;;;;;;;;;
2019/02/26;1000 UTC;;;;;;;;;;;;;;;;;;
2019/02/26;1100 UTC;;;;;;;;;;;;;;;;;;
2019/02/26;1200 UTC;;;;;;;;;;;;;;;;;;
2019/02/26;1300 UTC;;;;;;;;;;;;;;;;;;
2019/02/26;1400 UTC;;;;;;;;;;;;;;;;;;
2019/02/26;1500 UTC;;;;;;;;;;;;;;;;;;
2019/02/26;1600 UTC;;;;;;;;;;;;;;;;;;
2019/02/26;1700 UTC;;;;;;;;;;;;;;;;;;
2019/02/26;1800 UTC;;;;;;;;;;;;;;;;;;
2019/02/26;1900 UTC;;;;;;;;;;;;;;;;;;
2019/02/26;2000 UTC;;;;;;;;;;;;;;;;;;
2019/02/26;2100 UTC;;;;;;;;;;;;;;;;;;
2019/02/26;2200 UTC;;;;;;;;;;;;;;;;;;
2019/02/26;2300 UTC;;;;;;;;;;;;;;;;;;
2019/02/27;0000 UTC;;;;;;;;;;;;;;;;;;
2019/02/27;0100 UTC;;;;;;;;;;;;;;;;;;
2019/02/27;0200 UTC;;;;;;;;;;;;;;;;;;
2019/02/27;0300 UTC;;;;;;;;;;;;;;;;;;
2019/02/27;0400 UTC;;;;;;;;;;;;;;;;;;
2019/02/27;0500 UTC;;;;;;;;;;;;;;;;;;
2019/02/27;0600 UTC;;;;;;;;;;;;;;;;;;
2019/02/27;0700 UTC;;;;;;;;;;;;;;;;;;
2019/02/27;0800 UTC;;;;;;;;;;;;;;;;;;
2019/02/27;0900 UTC;;;;;;;;;;;;;;;;;;
2019/02/27;1000 UTC;;;;;;;;;;;;;;;;;;
2019/02/27;1100 UTC;;;;;;;;;;;;;;;;;;
2019/02/27;1200 UTC;;;;;;;;;;;;;;;;;;
2019/02/27;1300 UTC;;;;;;;;;;;;;;;;;;
2019/02/27;1400 UTC;;;;;;;;;;;;;;;;;;
2019/02/27;1500 UTC;;;;;;;;;;;;;;;;;;
2019/02/27;1600 UTC;;;;;;;;;;;;;;;;;;
2019/02/27;1700 UTC;;;;;;;;;;;;;;;;;;
2019/02/27;1800 UTC;;;;;;;;;;;;;;;;;;
2019/02/27;1900 UTC;;;;;;;;;;;;;;;;;;
2019/02/27;2000 UTC;;;;;;;;;;;;;;;;;;
2019/02/27;2100 UTC;;;;;;;;;;;;;;;;;;
2019/02/27;2200 UTC;;;;;;;;;;;;;;;;;;
2019/02/27;2300 UTC;;;;;;;;;;;;;;;;;;
2019/02/28;0000 UTC;;;;;;;;;;;;;;;;;;
2019/02/28;0100 UTC;;;;;;;;;;;;;;;;;;
2019/02/28;0200 UTC;;;;;;;;;;;;;;;;;;
2019/02/28;0300 UTC;;;;;;;;;;;;;;;;;;
2019/02/28;0400 UTC;;;;;;;;;;;;;;;;;;
2019/02/28;0500 UTC;;;;;;;;;;;;;;;;;;
2019/02/28;0600 UTC;;;;;;;;;;;;;;;;;;
2019/02/28;0700 UTC;;;;;;;;;;;;;;;;;;
2019/02/28;0800 UTC;;;;;;;;;;;;;;;;;;
2019/02/28;0900 UTC;;;;;;;;;;;;;;;;;;
2019/02/28;1000 UTC;;;;;;;;;;;;;;;;;;
2019/02/28;1100 UTC;;;;;;;;;;;;;;;;;;
2019/02/28;1200 UTC;;;;;;;;;;;;;;;;;;
2019/02/28;1300 UTC;;;;;;;;;;;;;;;;;;
2019/02/28;1400 UTC;;;;;;;;;;;;;;;;;;
2019/02/28;1500 UTC;;;;;;;;;;;;;;;;;;
2019/02/28;1600 UTC;;;;;;;;;;;;;;;;;;
2019/02/28;1700 UTC;;;;;;;;;;;;;;;;;;
2019/02/28;1800 UTC;;;;;;;;;;;;;;;;;;
2019/02/28;1900 UTC;;;;;;;;;;;;;;;;;;
2019/02/28;2000 UTC;;;;;;;;;;;;;;;;;;
2019/02/28;2100 UTC;;;;;;;;;;;;;;;;;;
2019/02/28;2200 UTC;;;;;;;;;;;;;;;;;;
2019/02/28;2300 UTC;;;;;;;;;;;;;;;;;;
2019/03/01;0000 UTC;;;;;;;;;;;;;;;;;;
2019/03/01;0100 UTC;;;;;;;;;;;;;;;;;;
2019/03/01;0200 UTC;;;;;;;;;;;;;;;;;;
2019/03/01;0300 UTC;;;;;;;;;;;;;;;;;;
2019/03/01;0400 UTC;;;;;;;;;;;;;;;;;;
2019/03/01;0500 UTC;;;;;;;;;;;;;;;;;;
2019/03/01;0600 UTC;;;;;;;;;;;;;;;;;;
2019/03/01;0700 UTC;;;;;;;;;;;;;;;;;;
2019/03/01;0800 UTC;;;;;;;;;;;;;;;;;;
2019/03/01;0900 UTC;;;;;;;;;;;;;;;;;;
2019/03/01;1000 UTC;;;;;;;;;;;;;;;;;;
2019/03/01;1100 UTC;;;;;;;;;;;;;;;;;;
2019/03/01;1200 UTC;;;;;;;;;;;;;;;;;;
2019/03/01;1300 UTC;;;;;;;;;;;;;;;;;;
2019/03/01;1400 UTC;;;;;;;;;;;;;;;;;;
2019/03/01;1500 UTC;;;;;;;;;;;;;;;;;;
2019/03/01;1600 UTC;;;;;;;;;;;;;;;;;;
2019/03/01;1700 UTC;;;;;;;;;;;;;;;;;;
2019/03/01;1800 UTC;;;;;;;;;;;;;;;;;;
2019/03/01;1900 UTC;;;;;;;;;;;;;;;;;;
2019/03/01;2000 UTC;;;;;;;;;;;;;;;;;;
2019/03/01;2100 UTC;;;;;;;;;;;;;;;;;;
2019/03/01;2200 UTC;;;;;;;;;;;;;;;;;;
2019/03/01;2300 UTC;;;;;;;;;;;;;;;;;;
2019/03/02;0000 UTC;;;;;;;;;;;;;;;;;;
2019/03/02;0100 UTC;;;;;;;;;;;;;;;;;;
2019/03/02;0200 UTC;;;;;;;;;;;;;;;;;;
2019/03/02;0300 UTC;;;;;;;;;;;;;;;;;;
2019/03/02;0400 UTC;;;;;;;;;;;;;;;;;;
2019/03/02;0500 UTC;;;;;;;;;;;;;;;;;;
2019/03/02;0600 UTC;;;;;;;;;;;;;;;;;;
2019/03/02;0700 UTC;;;;;;;;;;;;;;;;;;
2019/03/02;0800 UTC;;;;;;;;;;;;;;;;;;
2019/03/02;0900 UTC;;;;;;;;;;;;;;;;;;
2019/03/02;1000 UTC;;;;;;;;;;;;;;;;;;
2019/03/02;1100 UTC;;;;;;;;;;;;;;;;;;
2019/03/02;1200 UTC;;;;;;;;;;;;;;;;;;
2019/03/02;1300 UTC;;;;;;;;;;;;;;;;;;
2019/03/02;1400 UTC;;;;;;;;;;;;;;;;;;
2019/03/02;1500 UTC;;;;;;;;;;;;;;;;;;
2019/03/02;1600 UTC;;;;;;;;;;;;;;;;;;
2019/03/02;1700 UTC;;;;;;;;;;;;;;;;;;
2019/03/02;1800 UTC;;;;;;;;;;;;;;;;;;
2019/03/02;1900 UTC;;;;;;;;;;;;;;;;;;
2019/03/02;2000 UTC;;;;;;;;;;;;;;;;;;
2019/03/02;2100 UTC;;;;;;;;;;;;;;;;;;
2019/03/02;2200 UTC;;;;;;;;;;;;;;;;;;
2019/03/02;2300 UTC;;;;;;;;;;;;;;;;;;
2019/03/03;0000 UTC;;;;;;;;;;;;;;;;;;
2019/03/03;0100 UTC;;;;;;;;;;;;;;;;;;
2019/03/03;0200 UTC;;;;;;;;;;;;;;;;;;
2019/03/03;0300 UTC;;;;;;;;;;;;;;;;;;
2019/03/03;0400 UTC;;;;;;;;;;;;;;;;;;
2019/03/03;0500 UTC;;;;;;;;;;;;;;;;;;
2019/03/03;0600 UTC;;;;;;;;;;;;;;;;;;
2019/03/03;0700 UTC;;;;;;;;;;;;;;;;;;
2019/03/03;0800 UTC;;;;;;;;;;;;;;;;;;
2019/03/03;0900 UTC;;;;;;;;;;;;;;;;;;
2019/03/03;1000 UTC;;;;;;;;;;;;;;;;;;
2019/03/03;1100 UTC;;;;;;;;;;;;;;;;;;
2019/03/03;1200 UTC;;;;;;;;;;;;;;;;;;
2019/03/03;1300 UTC;;;;;;;;;;;;;;;;;;
2019/03/03;1400 UTC;;;;;;;;;;;;;;;;;;
2019/03/03;1500 UTC;;;;;;;;;;;;;;;;;;
2019/03/03;1600 UTC;;;;;;;;;;;;;;;;;;
2019/03/03;1700 UTC;;;;;;;;;;;;;;;;;;
2019/03/03;1800 UTC;;;;;;;;;;;;;;;;;;
2019/03/03;1900 UTC;;;;;;;;;;;;;;;;;;
2019/03/03;2000 UTC;;;;;;;;;;;;;;;;;;
2019/03/03;2100 UTC;;;;;;;;;;;;;;;;;;
2019/03/03;2200 UTC;;;;;;;;;;;;;;;;;;
2019/03/03;2300 UTC;;;;;;;;;;;;;;;;;;
2019/03/04;0000 UTC;;;;;;;;;;;;;;;;;;
2019/03/04;0100 UTC;;;;;;;;;;;;;;;;;;
2019/03/04;0200 UTC;;;;;;;;;;;;;;;;;;
2019/03/04;0300 UTC;;;;;;;;;;;;;;;;;;
2019/03/04;0400 UTC;;;;;;;;;;;;;;;;;;
2019/03/04;0500 UTC;;;;;;;;;;;;;;;;;;
2019/03/04;0600 UTC;;;;;;;;;;;;;;;;;;
2019/03/04;0700 UTC;;;;;;;;;;;;;;;;;;
2019/03/04;0800 UTC;;;;;;;;;;;;;;;;;;
2019/03/04;0900 UTC;;;;;;;;;;;;;;;;;;
2019/03/04;1000 UTC;;;;;;;;;;;;;;;;;;
2019/03/04;1100 UTC;;;;;;;;;;;;;;;;;;
2019/03/04;1200 UTC;;;;;;;;;;;;;;;;;;
2019/03/04;1300 UTC;;;;;;;;;;;;;;;;;;
2019/03/04;1400 UTC;;;;;;;;;;;;;;;;;;
2019/03/04;1500 UTC;;;;;;;;;;;;;;;;;;
2019/03/04;1600 UTC;;;;;;;;;;;;;;;;;;
2019/03/04;1700 UTC;;;;;;;;;;;;;;;;;;
2019/03/04;1800 UTC;;;;;;;;;;;;;;;;;;
2019/03/04;1900 UTC;;;;;;;;;;;;;;;;;;
2019/03/04;2000 UTC;;;;;;;;;;;;;;;;;;
2019/03/04;2100 UTC;;;;;;;;;;;;;;;;;;
2019/03/04;2200 UTC;;;;;;;;;;;;;;;;;;
2019/03/04;2300 UTC;;;;;;;;;;;;;;;;;;
2019/03/05;0000 UTC;;;;;;;;;;;;;;;;;;
2019/03/05;0100 UTC;;;;;;;;;;;;;;;;;;
2019/03/05;0200 UTC;;;;;;;;;;;;;;;;;;
2019/03/05;0300 UTC;;;;;;;;;;;;;;;;;;
2019/03/05;0400 UTC;;;;;;;;;;;;;;;;;;
2019/03/05;0500 UTC;;;;;;;;;;;;;;;;;;
2019/03/05;0600 UTC;;;;;;;;;;;;;;;;;;
2019/03/05;0700 UTC;;;;;;;;;;;;;;;;;;
2019/03/05;0800 UTC;;;;;;;;;;;;;;;;;;
2019/03/05;0900 UTC;;;;;;;;;;;;;;;;;;
2019/03/05;1000 UTC;;;;;;;;;;;;;;;;;;
2019/03/05;1100 UTC;;;;;;;;;;;;;;;;;;
2019/03/05;1200 UTC;;;;;;;;;;;;;;;;;;
2019/03/05;1300 UTC;;;;;;;;;;;;;;;;;;
2019/03/05;1400 UTC;;;;;;;;;;;;;;;;;;
2019/03/05;1500 UTC;;;;;;;;;;;;;;;;;;
2019/03/05;1600 UTC;;;;;;;;;;;;;;;;;;
2019/03/05;1700 UTC;;;;;;;;;;;;;;;;;;
2019/03/05;1800 UTC;;;;;;;;;;;;;;;;;;
2019/03/05;1900 UTC;;;;;;;;;;;;;;;;;;
2019/03/05;2000 UTC;;;;;;;;;;;;;;;;;;
2019/03/05;2100 UTC;;;;;;;;;;;;;;;;;;
2019/03/05;2200 UTC;;;;;;;;;;;;;;;;;;
2019/03/05;2300 UTC;;;;;;;;;;;;;;;;;;
2019/03/06;0000 UTC;;;;;;;;;;;;;;;;;;
2019/03/06;0100 UTC;;;;;;;;;;;;;;;;;;
2019/03/06;0200 UTC;;;;;;;;;;;;;;;;;;
2019/03/06;0300 UTC;;;;;;;;;;;;;;;;;;
2019/03/06;0400 UTC;;;;;;;;;;;;;;;;;;
2019/03/06;0500 UTC;;;;;;;;;;;;;;;;;;
2019/03/06;0600 UTC;;;;;;;;;;;;;;;;;;
2019/03/06;0700 UTC;;;;;;;;;;;;;;;;;;
2019/03/06;0800 UTC;;;;;;;;;;;;;;;;;;
2019/03/06;0900 UTC;;;;;;;;;;;;;;;;;;
2019/03/06;1000 UTC;;;;;;;;;;;;;;;;;;
2019/03/06;1100 UTC;;;;;;;;;;;;;;;;;;
2019/03/06;1200 UTC;;;;;;;;;;;;;;;;;;
2019/03/06;1300 UTC;;;;;;;;;;;;;;;;;;
2019/03/06;1400 UTC;;;;;;;;;;;;;;;;;;
2019/03/06;1500 UTC;;;;;;;;;;;;;;;;;;
2019/03/06;1600 UTC;;;;;;;;;;;;;;;;;;
2019/03/06;1700 UTC;;;;;;;;;;;;;;;;;;
2019/03/06;1800 UTC;;;;;;;;;;;;;;;;;;
2019/03/06;1900 UTC;;;;;;;;;;;;;;;;;;
2019/03/06;2000 UTC;;;;;;;;;;;;;;;;;;
2019/03/06;2100 UTC;;;;;;;;;;;;;;;;;;
2019/03/06;2200 UTC;;;;;;;;;;;;;;;;;;
2019/03/06;2300 UTC;;;;;;;;;;;;;;;;;;
2019/03/07;0000 UTC;;;;;;;;;;;;;;;;;;
2019/03/07;0100 UTC;;;;;;;;;;;;;;;;;;
2019/03/07;0200 UTC;;;;;;;;;;;;;;;;;;
2019/03/07;0300 UTC;;;;;;;;;;;;;;;;;;
2019/03/07;0400 UTC;;;;;;;;;;;;;;;;;;
2019/03/07;0500 UTC;;;;;;;;;;;;;;;;;;
2019/03/07;0600 UTC;;;;;;;;;;;;;;;;;;
2019/03/07;0700 UTC;;;;;;;;;;;;;;;;;;
2019/03/07;0800 UTC;;;;;;;;;;;;;;;;;;
2019/03/07;0900 UTC;;;;;;;;;;;;;;;;;;
2019/03/07;1000 UTC;;;;;;;;;;;;;;;;;;
2019/03/07;1100 UTC;;;;;;;;;;;;;;;;;;
2019/03/07;1200 UTC;;;;;;;;;;;;;;;;;;
2019/03/07;1300 UTC;;;;;;;;;;;;;;;;;;
2019/03/07;1400 UTC;;;;;;;;;;;;;;;;;;
2019/03/07;1500 UTC;;;;;;;;;;;;;;;;;;
2019/03/07;1600 UTC;;;;;;;;;;;;;;;;;;
2019/03/07;1700 UTC;;;;;;;;;;;;;;;;;;
2019/03/07;1800 UTC;;;;;;;;;;;;;;;;;;
2019/03/07;1900 UTC;;;;;;;;;;;;;;;;;;
2019/03/07;2000 UTC;;;;;;;;;;;;;;;;;;
2019/03/07;2100 UTC;;;;;;;;;;;;;;;;;;
2019/03/07;2200 UTC;;;;;;;;;;;;;;;;;;
2019/03/07;2300 UTC;;;;;;;;;;;;;;;;;;
2019/03/08;0000 UTC;;;;;;;;;;;;;;;;;;
2019/03/08;0100 UTC;;;;;;;;;;;;;;;;;;
2019/03/08;0200 UTC;;;;;;;;;;;;;;;;;;
2019/03/08;0300 UTC;;;;;;;;;;;;;;;;;;
2019/03/08;0400 UTC;;;;;;;;;;;;;;;;;;
2019/03/08;0500 UTC;;;;;;;;;;;;;;;;;;
2019/03/08;0600 UTC;;;;;;;;;;;;;;;;;;
2019/03/08;0700 UTC;;;;;;;;;;;;;;;;;;
2019/03/08;0800 UTC;;;;;;;;;;;;;;;;;;
2019/03/08;0900 UTC;;;;;;;;;;;;;;;;;;
2019/03/08;1000 UTC;;;;;;;;;;;;;;;;;;
2019/03/08;1100 UTC;;;;;;;;;;;;;;;;;;
2019/03/08;1200 UTC;;;;;;;;;;;;;;;;;;
2019/03/08;1300 UTC;;;;;;;;;;;;;;;;;;
2019/03/08;1400 UTC;;;;;;;;;;;;;;;;;;
2019/03/08;1500 UTC;;;;;;;;;;;;;;;;;;
2019/03/08;1600 UTC;;;;;;;;;;;;;;;;;;
2019/03/08;1700 UTC;;;;;;;;;;;;;;;;;;
2019/03/08;1800 UTC;;;;;;;;;;;;;;;;;;
2019/03/08;1900 UTC;;;;;;;;;;;;;;;;;;
2019/03/08;2000 UTC;;;;;;;;;;;;;;;;;;
2019/03/08;2100 UTC;;;;;;;;;;;;;;;;;;
2019/03/08;2200 UTC;;;;;;;;;;;;;;;;;;
2019/03/08;2300 UTC;;;;;;;;;;;;;;;;;;
2019/03/09;0000 UTC;;;;;;;;;;;;;;;;;;
2019/03/09;0100 UTC;;;;;;;;;;;;;;;;;;
2019/03/09;0200 UTC;;;;;;;;;;;;;;;;;;
2019/03/09;0300 UTC;;;;;;;;;;;;;;;;;;
2019/03/09;0400 UTC;;;;;;;;;;;;;;;;;;
2019/03/09;0500 UTC;;;;;;;;;;;;;;;;;;
2019/03/09;0600 UTC;;;;;;;;;;;;;;;;;;
2019/03/09;0700 UTC;;;;;;;;;;;;;;;;;;
2019/03/09;0800 UTC;;;;;;;;;;;;;;;;;;
2019/03/09;0900 UTC;;;;;;;;;;;;;;;;;;
2019/03/09;1000 UTC;;;;;;;;;;;;;;;;;;
2019/03/09;1100 UTC;;;;;;;;;;;;;;;;;;
2019/03/09;1200 UTC;;;;;;;;;;;;;;;;;;
2019/03/09;1300 UTC;;;;;;;;;;;;;;;;;;
2019/03/09;1400 UTC;;;;;;;;;;;;;;;;;;
2019/03/09;1500 UTC;;;;;;;;;;;;;;;;;;
2019/03/09;1600 UTC;;;;;;;;;;;;;;;;;;
2019/03/09;1700 UTC;;;;;;;;;;;;;;;;;;
2019/03/09;1800 UTC;;;;;;;;;;;;;;;;;;
2019/03/09;1900 UTC;;;;;;;;;;;;;;;;;;
2019/03/09;2000 UTC;;;;;;;;;;;;;;;;;;
2019/03/09;2100 UTC;;;;;;;;;;;;;;;;;;
2019/03/09;2200 UTC;;;;;;;;;;;;;;;;;;
2019/03/09;2300 UTC;;;;;;;;;;;;;;;;;;
2019/03/10;0000 UTC;;;;;;;;;;;;;;;;;;
2019/03/10;0100 UTC;;;;;;;;;;;;;;;;;;
2019/03/10;0200 UTC;;;;;;;;;;;;;;;;;;
2019/03/10;0300 UTC;;;;;;;;;;;;;;;;;;
2019/03/10;0400 UTC;;;;;;;;;;;;;;;;;;
2019/03/10;0500 UTC;;;;;;;;;;;;;;;;;;
2019/03/10;0600 UTC;;;;;;;;;;;;;;;;;;
2019/03/10;0700 UTC;;;;;;;;;;;;;;;;;;
2019/03/10;0800 UTC;;;;;;;;;;;;;;;;;;
2019/03/10;0900 UTC;;;;;;;;;;;;;;;;;;
2019/03/10;1000 UTC;;;;;;;;;;;;;;;;;;
2019/03/10;1100 UTC;;;;;;;;;;;;;;;;;;
2019/03/10;1200 UTC;;;;;;;;;;;;;;;;;;
2019/03/10;1300 UTC;;;;;;;;;;;;;;;;;;
2019/03/10;1400 UTC;;;;;;;;;;;;;;;;;;
2019/03/10;1500 UTC;;;;;;;;;;;;;;;;;;
2019/03/10;1600 UTC;;;;;;;;;;;;;;;;;;
2019/03/10;1700 UTC;;;;;;;;;;;;;;;;;;
2019/03/10;1800 UTC;;;;;;;;;;;;;;;;;;
2019/03/10;1900 UTC;;;;;;;;;;;;;;;;;;
2019/03/10;2000 UTC;;;;;;;;;;;;;;;;;;
2019/03/10;2100 UTC;;;;;;;;;;;;;;;;;;
2019/03/10;2200 UTC;;;;;;;;;;;;;;;;;;
2019/03/10;2300 UTC;;;;;;;;;;;;;;;;;;
2019/03/11;0000 UTC;;;;;;;;;;;;;;;;;;
2019/03/11;0100 UTC;;;;;;;;;;;;;;;;;;
2019/03/11;0200 UTC;;;;;;;;;;;;;;;;;;
2019/03/11;0300 UTC;;;;;;;;;;;;;;;;;;
2019/03/11;0400 UTC;;;;;;;;;;;;;;;;;;
2019/03/11;0500 UTC;;;;;;;;;;;;;;;;;;
2019/03/11;0600 UTC;;;;;;;;;;;;;;;;;;
2019/03/11;0700 UTC;;;;;;;;;;;;;;;;;;
2019/03/11;0800 UTC;;;;;;;;;;;;;;;;;;
2019/03/11;0900 UTC;;;;;;;;;;;;;;;;;;
2019/03/11;1000 UTC;;;;;;;;;;;;;;;;;;
2019/03/11;1100 UTC;;;;;;;;;;;;;;;;;;
2019/03/11;1200 UTC;;;;;;;;;;;;;;;;;;
2019/03/11;1300 UTC;;;;;;;;;;;;;;;;;;
2019/03/11;1400 UTC;;;;;;;;;;;;;;;;;;
2019/03/11;1500 UTC;;;;;;;;;;;;;;;;;;
2019/03/11;1600 UTC;;;;;;;;;;;;;;;;;;
2019/03/11;1700 UTC;;;;;;;;;;;;;;;;;;
2019/03/11;1800 UTC;;;;;;;;;;;;;;;;;;
2019/03/11;1900 UTC;;;;;;;;;;;;;;;;;;
2019/03/11;2000 UTC;;;;;;;;;;;;;;;;;;
2019/03/11;2100 UTC;;;;;;;;;;;;;;;;;;
2019/03/11;2200 UTC;;;;;;;;;;;;;;;;;;
2019/03/11;2300 UTC;;;;;;;;;;;;;;;;;;
2019/03/12;0000 UTC;;;;;;;;;;;;;;;;;;
2019/03/12;0100 UTC;;;;;;;;;;;;;;;;;;
2019/03/12;0200 UTC;;;;;;;;;;;;;;;;;;
2019/03/12;0300 UTC;;;;;;;;;;;;;;;;;;
2019/03/12;0400 UTC;;;;;;;;;;;;;;;;;;
2019/03/12;0500 UTC;;;;;;;;;;;;;;;;;;
2019/03/12;0600 UTC;;;;;;;;;;;;;;;;;;
2019/03/12;0700 UTC;;;;;;;;;;;;;;;;;;
2019/03/12;0800 UTC;;;;;;;;;;;;;;;;;;
2019/03/12;0900 UTC;;;;;;;;;;;;;;;;;;
2019/03/12;1000 UTC;;;;;;;;;;;;;;;;;;
2019/03/12;1100 UTC;;;;;;;;;;;;;;;;;;
2019/03/12;1200 UTC;;;;;;;;;;;;;;;;;;
2019/03/12;1300 UTC;;;;;;;;;;;;;;;;;;
2019/03/12;1400 UTC;;;;;;;;;;;;;;;;;;
2019/03/12;1500 UTC;;;;;;;;;;;;;;;;;;
2019/03/12;1600 UTC;;;;;;;;;;;;;;;;;;
2019/03/12;1700 UTC;;;;;;;;;;;;;;;;;;
2019/03/12;1800 UTC;;;;;;;;;;;;;;;;;;
2019/03/12;1900 UTC;;;;;;;;;;;;;;;;;;
2019/03/12;2000 UTC;;;;;;;;;;;;;;;;;;
2019/03/12;2100 UTC;;;;;;;;;;;;;;;;;;
2019/03/12;2200 UTC;;;;;;;;;;;;;;;;;;
2019/03/12;2300 UTC;;;;;;;;;;;;;;;;;;
2019/03/13;0000 UTC;;;;;;;;;;;;;;;;;;
2019/03/13;0100 UTC;;;;;;;;;;;;;;;;;;
2019/03/13;0200 UTC;;;;;;;;;;;;;;;;;;
2019/03/13;0300 UTC;;;;;;;;;;;;;;;;;;
2019/03/13;0400 UTC;;;;;;;;;;;;;;;;;;
2019/03/13;0500 UTC;;;;;;;;;;;;;;;;;;
2019/03/13;0600 UTC;;;;;;;;;;;;;;;;;;
2019/03/13;0700 UTC;;;;;;;;;;;;;;;;;;
2019/03/13;0800 UTC;;;;;;;;;;;;;;;;;;
2019/03/13;0900 UTC;;;;;;;;;;;;;;;;;;
2019/03/13;1000 UTC;;;;;;;;;;;;;;;;;;
2019/03/13;1100 UTC;;;;;;;;;;;;;;;;;;
2019/03/13;1200 UTC;;;;;;;;;;;;;;;;;;
2019/03/13;1300 UTC;;;;;;;;;;;;;;;;;;
2019/03/13;1400 UTC;;;;;;;;;;;;;;;;;;
2019/03/13;1500 UTC;;;;;;;;;;;;;;;;;;
2019/03/13;1600 UTC;;;;;;;;;;;;;;;;;;
2019/03/13;1700 UTC;;;;;;;;;;;;;;;;;;
2019/03/13;1800 UTC;;;;;;;;;;;;;;;;;;
2019/03/13;1900 UTC;;;;;;;;;;;;;;;;;;
2019/03/13;2000 UTC;;;;;;;;;;;;;;;;;;
2019/03/13;2100 UTC;;;;;;;;;;;;;;;;;;
2019/03/13;2200 UTC;;;;;;;;;;;;;;;;;;
2019/03/13;2300 UTC;;;;;;;;;;;;;;;;;;
2019/03/14;0000 UTC;;;;;;;;;;;;;;;;;;
2019/03/14;0100 UTC;;;;;;;;;;;;;;;;;;
2019/03/14;0200 UTC;;;;;;;;;;;;;;;;;;
2019/03/14;0300 UTC;;;;;;;;;;;;;;;;;;
2019/03/14;0400 UTC;;;;;;;;;;;;;;;;;;
2019/03/14;0500 UTC;;;;;;;;;;;;;;;;;;
2019/03/14;0600 UTC;;;;;;;;;;;;;;;;;;
2019/03/14;0700 UTC;;;;;;;;;;;;;;;;;;
2019/03/14;0800 UTC;;;;;;;;;;;;;;;;;;
2019/03/14;0900 UTC;;;;;;;;;;;;;;;;;;
2019/03/14;1000 UTC;;;;;;;;;;;;;;;;;;
2019/03/14;1100 UTC;;;;;;;;;;;;;;;;;;
2019/03/14;1200 UTC;;;;;;;;;;;;;;;;;;
2019/03/14;1300 UTC;;;;;;;;;;;;;;;;;;
2019/03/14;1400 UTC;,4;959,1;959,1;959;643,4;28,8;19,9;;;;;;;59;191;;,4;
2019/03/14;1500 UTC;0;958,5;959,1;958,5;2645,8;29,3;20,3;30,9;28,6;21,6;19,3;64;53;59;139;5,9;,9;
2019/03/14;1600 UTC;0;957,2;958,5;957,2;2671,7;30,7;21,3;30,9;29,1;21,9;19,9;61;53;57;130;5,1;2,5;
2019/03/14;1700 UTC;0;955,7;957,2;955,7;2450;30,6;20,3;31,3;29,3;21,4;19,3;60;52;54;112;6,2;3,2;
2019/03/14;1800 UTC;0;955,1;955,7;955;2761,9;31,2;20,4;31,8;30,3;21,2;19,1;57;49;53;139;7,7;2,2;
2019/03/14;1900 UTC;0;954,6;955,1;954,6;2179,8;30,4;19,9;32;30,1;21,1;19,3;57;50;54;125;6,7;2;
2019/03/14;2000 UTC;0;955,1;955,1;954,6;419,1;27,7;20,6;30,4;27,6;21;20;67;54;66;151;5;1,1;
2019/03/14;2100 UTC;0;955,2;955,5;955;397;25,5;20,6;27,7;25,5;21;20,1;74;64;74;188;4;,7;
2019/03/14;2200 UTC;0;956,1;956,2;955,2;39,5;23,7;19,6;25,5;23,7;20,7;19,6;80;73;78;232;3,8;,8;
2019/03/14;2300 UTC;0;957,3;957,3;956;;22,9;20;23,7;22,8;20,2;19,6;84;78;83;354;5,9;2,6;
2019/03/15;0000 UTC;0;958;958;957,3;;23;20,6;23,2;22,9;20,7;20;86;83;86;292;4,1;,9;
2019/03/15;0100 UTC;0;958,8;958,8;958;;22,9;20,7;23,1;22,8;20,7;20,5;88;86;87;339;2,9;,3;
2019/03/15;0200 UTC;0;958,8;959,1;958,8;;22,5;20,8;23,1;22,5;21;20,6;90;86;90;82;3;1,4;
2019/03/15;0300 UTC;,2;958,7;959;958,7;;21,7;19,8;22,5;21,7;20,8;19,6;90;87;89;48;3,1;,3;
2019/03/15;0400 UTC;1,8;957,9;958,7;957,9;;21,1;19,6;21,7;20,9;19,7;19,3;91;88;91;343;3,4;,5;
2019/03/15;0500 UTC;,2;957,5;957,9;957,5;;21;19,5;21,2;21;19,8;19,5;92;91;91;152;2,6;1,4;
2019/03/15;0600 UTC;,2;956;957,5;956;;20,9;19,4;21,1;20,6;19,7;19,1;92;91;91;334;2,5;,4;
2019/03/15;0700 UTC;0;955,8;956;955,7;;21,2;19,9;21,2;20,9;19,9;19,5;93;91;93;343;2,7;0;
2019/03/15;0800 UTC;0;955,9;955,9;955,7;;20,9;19,7;21,2;20,9;20;19,7;93;93;93;271;2,7;,7;
2019/03/15;0900 UTC;0;956,7;956,7;955,9;;20,5;19;20,9;20,4;19,7;18,9;93;91;92;203;3;0;
2019/03/15;1000 UTC;0;957,2;957,2;956,7;71,4;20,7;19,4;20,7;20,2;19,4;18,8;92;92;92;176;1,7;,1;
2019/03/15;1100 UTC;0;958,3;958,3;957,2;700,3;22,9;20,9;22,9;20,7;20,9;19,4;93;87;89;30;1,3;0;
2019/03/15;1200 UTC;0;959,1;959,1;958,3;1299,6;23,5;20,9;23,7;22,5;21,4;20,2;89;82;85;35;1,8;,1;
2019/03/15;1300 UTC;0;959,3;959,3;959,1;1165,7;24,3;20,6;24,4;23,4;21,3;20,2;86;80;80;342;2,1;,3;
2019/03/15;1400 UTC;0;959,3;959,4;959,3;1718,5;25,2;20,2;25,3;24,2;21,6;20,1;82;73;74;26;2,9;1,3;
2019/03/15;1500 UTC;0;959,2;959,4;959,2;1497,2;26,1;21;26,3;24,9;21;19,3;77;67;74;333;3,4;,8;
2019/03/15;1600 UTC;0;957,9;959,2;957,9;2949,5;27,9;19,5;29;25,9;21,5;18,4;74;56;60;301;3,1;1,3;
2019/03/15;1700 UTC;0;956,1;957,9;956,1;3505;28,8;20;28,8;27,6;20,4;17,9;65;53;59;53;4,4;2,1;
2019/03/15;1800 UTC;0;955,5;956,1;955,5;2990,7;29,8;19,5;30,1;27,9;21,2;18,9;64;51;54;54;4,4;1,6;
2019/03/15;1900 UTC;0;955,3;955,5;955,3;2635,1;29,5;20;30,3;29,1;20,9;18,9;59;53;57;343;4,9;1,9;
2019/03/15;2000 UTC;0;955;955,3;955;1068,7;28,6;19,9;30,4;28,4;20,5;18,9;63;53;59;50;3,3;,6;
2019/03/15;2100 UTC;0;955,5;955,6;955;261,7;27,5;21,6;28,6;27,5;21,6;19,7;70;59;70;351;1,8;,2;
2019/03/15;2200 UTC;0;956,1;956,1;955,5;9,4;25,2;20,6;27,5;25;21,2;20,4;77;68;75;358;6,7;1,6;
2019/03/15;2300 UTC;0;956,8;956,8;956,1;;24,5;20,2;25,5;24,5;20,6;19,9;78;73;77;31;5,7;2,2;
2019/03/16;0000 UTC;0;957,9;957,9;956,8;;24;20,2;24,5;24;20,5;20,1;79;77;79;54;4,5;1,8;
2019/03/16;0100 UTC;0;958,8;958,8;957,9;;23,2;20,5;24,1;23,2;20,8;20,1;85;79;85;88;5,6;2,7;
2019/03/16;0200 UTC;,8;958,3;958,9;958,3;;22,5;20,8;23,2;22,5;20,9;20,5;90;85;90;46;4,3;1,3;
2019/03/16;0300 UTC;,8;957,7;958,3;957,7;;22,3;20,9;22,5;22,3;20,9;20,7;92;90;92;354;3,6;,6;
2019/03/16;0400 UTC;,6;957,7;957,7;957,5;;22,4;21;22,5;22,3;21;20,8;92;91;91;53;2,5;0;
2019/03/16;0500 UTC;,2;957,2;957,8;957,2;;22,4;20,9;22,5;22,3;21,1;20,9;92;91;92;328;,5;0;
2019/03/16;0600 UTC;0;956,6;957,2;956,6;;22,2;20,9;22,4;22,1;20,9;20,8;92;91;92;168;1,5;,1;
2019/03/16;0700 UTC;0;956,1;956,6;956,1;;22,1;20,9;22,2;22,1;21;20,9;93;92;92;55;1,5;0;
2019/03/16;0800 UTC;0;956,2;956,2;956;;21,9;20,6;22,2;21,8;20,9;20,6;93;92;93;28;1,6;0;
2019/03/16;0900 UTC;0;956;956,2;955,7;;21,7;20,4;21,9;21,7;20,7;20,4;93;92;93;354;2;,7;
2019/03/16;1000 UTC;0;956,1;956,3;956;107,5;22;20,8;22;21,5;20,8;20,3;93;93;93;338;2,9;1;
2019/03/16;1100 UTC;0;957,2;957,2;956,1;603,2;22,8;21;22,9;21,9;21,4;20,7;93;90;90;357;4,4;1,1;
2019/03/16;1200 UTC;0;957,7;957,7;957,2;1804,9;24,8;21,2;25,4;22,8;22,1;20,9;91;79;80;7;5;2,4;
2019/03/16;1300 UTC;0;957,5;957,8;957,5;2095,8;26,3;21,8;26,3;24,1;21,8;20,4;81;75;76;349;4,9;2,7;
2019/03/16;1400 UTC;0;957,4;957,6;957,3;2941,8;27,3;21,1;27,9;26,2;22,1;20,3;76;66;69;297;5,5;1,7;
2019/03/16;1500 UTC;0;957,4;957,6;957,4;2352,5;28,4;20,4;28,9;27,3;22;20,2;72;61;62;245;4,4;,6;
2019/03/16;1600 UTC;0;956,4;957,4;956,4;2153,4;28,7;20,6;30;28,4;22,5;19,9;66;56;62;277;3,5;,8;
2019/03/16;1700 UTC;0;955,5;956,4;955,5;3223,9;31,1;20,5;31,6;28,5;21,5;19,2;63;49;53;172;5,5;1,3;
2019/03/16;1800 UTC;0;954,8;955,5;954,8;2762,5;31,6;20,5;31,6;29,3;21,7;19,5;62;51;52;117;5,6;1,7;
2019/03/16;1900 UTC;0;954,4;954,8;954,4;2290,1;30,4;18,2;31,7;29,7;20,6;18,2;56;48;48;118;5,8;3,1;
2019/03/16;2000 UTC;0;954,3;954,5;954,3;1476,7;30,2;19,3;30,9;29,7;20;17,7;55;46;52;87;5,8;2,1;
2019/03/16;2100 UTC;0;954,9;954,9;954,3;301,6;26;20,6;30,1;26;20,8;18,1;73;49;72;9;6,3;2,1;
2019/03/16;2200 UTC;0;956;956;954,9;27,4;24,3;20,1;26;24,2;20,8;19,9;77;72;77;337;4,9;1,5;
2019/03/16;2300 UTC;0;956,5;956,5;956;;23,3;20,1;24,3;23,3;20,2;20;83;77;83;344;3,4;,9;
2019/03/17;0000 UTC;0;957,4;957,4;956,5;;22,6;20,3;23,3;22,5;20,3;20,2;87;83;87;329;4,6;1,7;
2019/03/17;0100 UTC;0;958,1;958,1;957,4;;22,1;20,2;22,6;22,1;20,3;20,1;89;87;89;346;3,2;,1;
2019/03/17;0200 UTC;0;958,2;958,3;958,1;;22;20,1;22,1;21,7;20,4;19,9;90;89;89;27;2,7;,8;
2019/03/17;0300 UTC;0;957,7;958,2;957,7;;21,6;19,8;22,1;21,6;20,1;19,7;90;88;90;359;2,7;,4;
2019/03/17;0400 UTC;0;957,3;957,7;957,3;;20,9;19,5;21,6;20,9;19,8;19,4;91;90;91;344;2,3;,4;
2019/03/17;0500 UTC;0;956,8;957,3;956,8;;20,7;19,3;21;20,7;19,7;19,3;92;91;92;340;2,6;,9;
2019/03/17;0600 UTC;0;956,2;956,8;956,2;;20,5;19,3;20,7;20,5;19,4;19,2;93;92;93;327;2,2;,1;
2019/03/17;0700 UTC;0;955,8;956,2;955,7;;20,3;19,1;20,5;20,3;19,3;19,1;93;93;93;54;1,1;0;
2019/03/17;0800 UTC;0;955,9;956;955,7;;20,2;19,1;20,4;20,1;19,2;18,9;93;93;93;359;1,3;0;
2019/03/17;0900 UTC;0;956,2;956,2;955,8;;20,1;18,9;20,3;19,9;19,2;18,8;93;93;93;338;1,8;,4;
2019/03/17;1000 UTC;0;956,8;956,8;956,2;101,4;20,5;19,4;20,5;19,9;19,4;18,8;94;93;94;317;2,2;,6;
2019/03/17;1100 UTC;0;957,4;957,4;956,8;879,6;22,7;20,5;22,7;20,5;20,6;19,4;94;87;88;331;2,3;,6;
2019/03/17;1200 UTC;0;957,5;957,7;957,4;1767,8;24,9;20,4;25,2;22,7;21,6;20,1;88;76;76;325;3;,4;
2019/03/17;1300 UTC;0;957,5;957,6;957,5;2617,1;27;20,4;27,3;24,6;21,7;19,9;79;67;68;314;3,8;1,7;
2019/03/17;1400 UTC;0;957,6;957,6;957,4;3235,3;29,5;20,7;29,8;26,9;21,4;19,6;68;58;59;221;3,9;1,5;
2019/03/17;1500 UTC;0;956,9;957,6;956,9;2900,1;29;20,6;30,2;28,3;21,6;19,6;63;56;61;10;3,9;,9;
2019/03/17;1600 UTC;0;956;956,9;956;3388;31,7;20,1;31,7;29;22,6;19,5;65;50;50;154;4,3;1,6;
2019/03/17;1700 UTC;0;955,1;956;955,1;2775,6;29,9;20;32,4;29,9;20,7;18,6;55;45;55;102;8,2;3,2;
2019/03/17;1800 UTC;0;954;955,1;954;2906,4;32;18,8;32,7;29,9;21;18,8;55;46;46;134;8,2;1,9;
2019/03/17;1900 UTC;0;953,2;954;953,2;2330,1;31,4;18,9;32,3;31,3;19,4;17,1;48;41;48;98;5,1;2,2;
2019/03/17;2000 UTC;0;953,6;953,6;953,1;1360;31,5;18,5;31,9;31;19,3;17,8;49;44;46;165;5;1,3;
2019/03/17;2100 UTC;0;954,2;954,3;953,6;309;28,4;19,4;31,5;28,4;19,6;17,9;59;45;58;118;4,2;,5;
2019/03/17;2200 UTC;0;955,2;955,2;954,2;18,6;27,3;19,6;28,4;27,3;20;18,8;63;57;63;107;5,9;1,2;
2019/03/17;2300 UTC;0;955,2;955,3;955,1;;26,7;19,8;27,8;26,7;20,1;19,5;66;61;66;84;2,5;,6;
2019/03/18;0000 UTC;0;956,2;956,2;955,1;;26,2;20,8;27,3;26,2;20,9;19,7;72;64;72;46;3;0;
2019/03/18;0100 UTC;0;956,7;956,7;956,2;;25,6;21;26,5;25,6;21;20,7;76;70;75;44;3;,8;
2019/03/18;0200 UTC;0;956,7;956,9;956,7;;25,1;21,2;25,7;25,1;21,3;20,9;79;75;79;36;2,3;,4;
2019/03/18;0300 UTC;0;956,6;956,8;956,6;;24,1;21,4;25,2;24,1;21,4;21,1;85;79;85;193;1,7;,6;
2019/03/18;0400 UTC;0;955,5;956,6;955,5;;24;20,8;24,2;23,9;21,5;20,8;86;82;82;331;2,5;1,7;
2019/03/18;0500 UTC;0;955,1;955,5;955,1;;22,9;20,6;24;22,9;20,9;20,6;87;82;87;333;2,7;,1;
2019/03/18;0600 UTC;0;955;955,2;954,9;;22,5;20,5;23;22,5;20,7;20,5;89;87;89;346;2,1;0;
2019/03/18;0700 UTC;0;955,1;955,1;955;;22,4;20,7;22,5;22,2;20,9;20,5;91;89;90;344;1,1;0;
2019/03/18;0800 UTC;0;955,5;955,5;955,1;;22;20,6;22,4;22;20,8;20,4;92;90;92;25;1,2;0;
2019/03/18;0900 UTC;0;955,9;955,9;955,5;;22;20,7;22,2;21,9;20,8;20,4;92;91;92;299;1;0;
2019/03/18;1000 UTC;0;956,7;956,7;955,9;61,7;22,1;20,6;22,1;21,7;20,6;20,2;92;91;91;246;1,7;,3;
2019/03/18;1100 UTC;0;957,5;957,5;956,7;618;24,4;21,5;24,4;22,1;21,6;20,6;91;83;84;278;1,4;0;
2019/03/18;1200 UTC;0;957,6;957,8;957,5;1379,1;25,4;21,6;25,6;24,1;22;21;85;78;79;177;3,3;1,4;
2019/03/18;1300 UTC;0;957,4;957,6;957,4;2524,1;28,8;22,5;28,8;25,4;22,8;21,4;80;67;69;195;4,8;1,8;
2019/03/18;1400 UTC;0;957,3;957,5;957,2;2939,9;30,3;22,3;30,9;28,9;22,8;20,9;68;58;62;167;4,8;1,6;
2019/03/18;1500 UTC;0;956,7;957,4;956,7;2784,7;30,3;21,5;31,7;30,1;23;21,5;63;56;59;144;5,2;2,1;
2019/03/18;1600 UTC;0;955,6;956,8;955,6;3499,7;31,9;21,4;32,8;30,1;22,7;20,5;62;50;54;136;7;2,9;
2019/03/18;1700 UTC;0;953,9;955,6;953,9;3311,8;32,7;20,2;32,8;31,3;21,5;19,3;55;47;48;153;6,9;2,5;
2019/03/18;1800 UTC;0;953,2;953,9;953,2;2309,2;30,9;20,5;33,3;30,9;21,6;19,4;54;47;54;140;6,9;1,2;
2019/03/18;1900 UTC;,4;952,8;953,4;952,8;2082,7;29,9;20,8;30,9;27,9;23,8;19,5;78;53;58;58;8,2;1,8;
2019/03/18;2000 UTC;0;953,6;953,6;952,7;719;24,5;19,3;30,2;24,5;21,3;18,8;73;54;73;99;13,1;7,1;
2019/03/18;2100 UTC;2,2;953,9;954,1;953,3;78,5;22,7;20,7;24,5;22,2;20,7;19,2;89;73;88;284;13,3;1;
2019/03/18;2200 UTC;0;954,4;954,4;953,9;15,3;23;21,1;23,8;22,7;21,3;20,6;89;84;89;199;3,2;,5;
2019/03/18;2300 UTC;0;955,3;955,3;954,4;;22,9;20,9;23,1;22,6;21,1;20,8;90;87;89;229;3,2;1,2;
2019/03/19;0000 UTC;0;955,7;955,7;955,3;;22,8;21,1;22,9;22,5;21,2;20,8;91;88;90;310;2,8;0;
2019/03/19;0100 UTC;0;955,7;955,9;955,7;;23;20,8;23;22,8;21,2;20,7;90;88;88;165;2,2;0;
2019/03/19;0200 UTC;0;955,8;955,9;955,6;;22,8;21,1;23;22,7;21,1;20,8;90;88;90;160;1,4;0;
2019/03/19;0300 UTC;0;955,1;955,8;955,1;;22,4;20,9;22,8;22,4;21,2;20,9;91;90;91;306;0;0;
2019/03/19;0400 UTC;0;955;955,1;954,9;;22;20,6;22,4;22;21;20,6;92;91;92;257;,9;0;
2019/03/19;0500 UTC;0;954,5;955;954,5;;22;20,5;22,3;22;20,9;20,5;92;91;92;237;,9;0;
2019/03/19;0600 UTC;0;954,4;954,6;954,4;;21,8;20,4;22;21,7;20,6;20,3;92;92;92;147;,8;0;
2019/03/19;0700 UTC;0;954,2;954,4;954,2;;21,7;20,4;21,8;21,6;20,6;20,3;93;92;93;194;1;0;
2019/03/19;0800 UTC;0;954,1;954,2;954;;21,6;20,4;21,7;21,6;20,5;20,3;93;93;93;190;2;,8;
2019/03/19;0900 UTC;0;954,7;954,7;954,1;;21,6;20,5;21,6;21,4;20,5;20,2;93;93;93;166;2,8;,3;
2019/03/19;1000 UTC;0;955,2;955,2;954,7;81,1;21,8;20,7;21,8;21,3;20,7;20,1;93;93;93;151;1,8;0;
2019/03/19;1100 UTC;0;955,9;955,9;955,2;435,8;22,8;21,6;22,8;21,8;21,6;20,7;93;93;93;152;3,5;,9;
2019/03/19;1200 UTC;0;956,2;956,2;955,9;1216;24,4;21,8;24,5;22,7;22,1;21,4;93;84;86;194;3,7;,3;
2019/03/19;1300 UTC;0;956,2;956,4;956,2;2433,6;27,3;22;27,3;24,4;22,6;20,6;86;68;73;71;3,5;1;
2019/03/19;1400 UTC;0;956;956,2;956;2486,4;27,8;19,3;28;26,8;22,1;18,8;73;60;60;110;4,8;2,7;
2019/03/19;1500 UTC;0;955,5;956;955,5;3634,7;30,2;19,8;30,5;27,6;21,4;18,9;64;54;54;107;5;2,3;
2019/03/19;1600 UTC;0;954,8;955,5;954,8;3612,1;30,3;19,4;31;29,6;20,8;18,4;57;50;52;107;7,8;4;
2019/03/19;1700 UTC;0;953,9;954,8;953,9;2690,1;31;20,2;31,2;30;20,7;19,2;56;50;53;114;7,8;2,7;
2019/03/19;1800 UTC;0;953;953,9;953;2714,2;30,8;20,1;32,7;30,7;21,9;19,1;54;46;53;153;5,8;1,5;
2019/03/19;1900 UTC;0;952,4;953;952,4;2140,8;29,1;20,1;32,8;29,1;20,9;19,2;59;46;59;114;5,7;2,5;
2019/03/19;2000 UTC;0;952,6;952,6;952,2;509,3;28,5;20,9;29;28;21,8;19,7;67;59;63;162;7,1;2,3;
2019/03/19;2100 UTC;0;952,7;952,7;952,3;360;28,5;20,9;29,7;28,1;21,2;19,8;66;56;63;180;7,1;,5;
2019/03/19;2200 UTC;0;953,3;953,3;952,7;16,5;26,6;21,2;28,5;26,5;22,2;20,7;76;63;72;185;1,5;,2;
2019/03/19;2300 UTC;0;953,7;953,7;953,3;;26,4;21,2;27,1;26,4;21,4;20,8;73;69;73;179;2,7;1,5;
2019/03/20;0000 UTC;0;954,9;954,9;953,7;;27,2;20,7;27,2;25,9;21,4;20,7;76;68;68;152;3,8;1,4;
2019/03/20;0100 UTC;0;955,1;955,1;954,9;;25,9;21,4;27,3;25,9;21,4;20,5;76;67;76;102;3,8;,7;
2019/03/20;0200 UTC;0;955,9;955,9;955,1;;25,5;20,4;26,3;25,4;21,4;20,4;78;73;74;88;9;4,1;
2019/03/20;0300 UTC;0;954,6;955,9;954,4;;22,8;20;25,5;22,8;20,4;19,6;85;72;84;352;9;,2;
2019/03/20;0400 UTC;0;954,3;954,7;954,2;;22,1;20;22,8;22;20,2;19,9;88;84;88;139;2,3;,6;
2019/03/20;0500 UTC;0;954,1;954,5;954;;21,7;19,6;22,1;21,7;20,1;19,6;89;88;88;344;1,7;0;
2019/03/20;0600 UTC;0;953,7;954,1;953,6;;21,4;20,1;21,7;21,2;20,1;19,5;92;88;92;20;2,5;,2;
2019/03/20;0700 UTC;0;953,3;953,7;953,3;;21,8;19,9;21,9;21,4;20,1;19,7;92;88;89;39;3,4;1,7;
2019/03/20;0800 UTC;0;953,5;953,5;953,2;;21,4;19,8;21,8;21,4;19,9;19,7;91;88;91;356;3,6;,6;
2019/03/20;0900 UTC;0;953,7;953,7;953,5;;21,1;19,7;21,4;21;19,9;19,6;92;90;92;340;2;0;
2019/03/20;1000 UTC;0;953,9;953,9;953,6;96;21,9;20,4;21,9;21;20,4;19,6;92;91;91;350;1,6;0;
2019/03/20;1100 UTC;0;954,6;954,6;953,9;656,5;23,3;20,5;23,5;21,9;20,8;20,1;91;83;84;338;1,3;0;
2019/03/20;1200 UTC;0;954,8;954,9;954,6;1676,4;25,1;21,4;25,2;23,3;21,7;20,5;86;78;80;348;2,9;1,1;
2019/03/20;1300 UTC;0;955,1;955,1;954,8;2468,9;27,7;21;27,8;24,5;22,3;20,9;82;67;67;317;3,2;,8;
2019/03/20;1400 UTC;0;954,9;955,2;954,8;2878,8;29,1;20,9;29,5;27,2;22,1;20,1;70;58;61;347;3,3;,6;
2019/03/20;1500 UTC;0;954,3;955;954,3;3136,1;30,2;21;31,7;28,1;21,8;19,9;64;52;58;153;4;1,1;
2019/03/20;1600 UTC;0;954,2;954,5;954,1;2547,4;30,7;20,7;31;29,1;21,7;20,2;63;54;55;113;5,8;2,3;
2019/03/20;1700 UTC;0;952,1;954,2;952,1;2813,1;31,2;20,8;31,9;30;21,1;19,7;59;50;54;85;6,3;2,6;
2019/03/20;1800 UTC;0;951;952,1;951;2680,3;31,4;20,1;31,7;30,3;20,9;19,4;55;50;51;64;6,3;2,5;
2019/03/20;1900 UTC;0;950,6;951;950,6;1441,7;30,5;19,5;31,6;29,9;20,8;19,1;57;50;52;90;4,8;2,7;
2019/03/20;2000 UTC;0;950,8;950,9;950,6;634,4;29;20,9;30,5;29;21,3;18,9;62;51;62;46;8,2;2,1;
2019/03/20;2100 UTC;0;951,2;951,2;950,8;278,5;24,7;20,8;28,9;24,7;21,5;20,7;80;62;79;343;9;2,1;
2019/03/20;2200 UTC;0;952,2;952,2;951,2;10,3;24,3;20,7;24,8;24,1;21;20,1;82;76;81;289;3,8;1,4;
2019/03/20;2300 UTC;0;952,7;953;952,2;;24;21;24,3;23,7;21,1;20,6;85;81;84;358;3,3;,6;
2019/03/21;0000 UTC;1,2;954,3;954,3;952,7;;23,9;21,8;24;23,8;21,8;21;88;84;88;48;2,2;0;
2019/03/21;0100 UTC;11,4;956,5;956,6;954,3;1,9;20,1;18,9;23,9;20;22;18,4;93;84;93;137;17,3;3,4;
2019/03/21;0200 UTC;4;955,5;956,5;955,5;;20,3;19,3;20,4;20;19,4;18,9;94;93;94;358;8,8;2,5;
2019/03/21;0300 UTC;1,8;955,5;955,6;955;;20,7;19,7;20,7;20,3;19,7;19,3;94;94;94;19;5,3;1,1;
2019/03/21;0400 UTC;,2;954,5;955,5;954,3;;20,8;19,4;21,1;20,7;20;19,4;94;91;92;339;9,3;4;
2019/03/21;0500 UTC;0;954;954,6;953,9;;20,6;19,4;20,8;20,6;19,4;19,3;92;92;92;319;6,7;1,5;
2019/03/21;0600 UTC;0;953,8;954,2;953,8;;20,1;19;20,6;20,1;19,4;18,8;93;92;93;347;3,5;0;
2019/03/21;0700 UTC;0;953,5;953,8;953,5;;19,9;18,9;20,2;19,9;19;18,8;93;93;93;4;1,7;,6;
2019/03/21;0800 UTC;0;953,8;953,9;953,5;;19,6;18,5;19,9;19,6;18,9;18,5;94;93;93;352;1,7;,2;
2019/03/21;0900 UTC;0;954,1;954,1;953,8;;19,4;18,3;19,7;19,4;18,6;18,3;94;93;93;3;3;,9;
2019/03/21;1000 UTC;0;954,8;954,8;954,1;60,4;19,7;18,6;19,7;19,4;18,6;18,2;93;92;93;22;3;0;
2019/03/21;1100 UTC;0;955,3;955,3;954,8;582,6;21,2;19,4;21,2;19,7;19,6;18,6;93;89;90;348;1,9;,5;
2019/03/21;1200 UTC;0;955,9;955,9;955,3;1091,1;22,2;19,4;22,7;21,2;20,2;19,2;90;82;84;358;4,9;2,7;
2019/03/21;1300 UTC;0;956,7;956,7;955,9;1009,8;23;19,4;23,6;22,2;20,6;19;87;78;80;357;6,1;3,4;
2019/03/21;1400 UTC;0;956,6;956,8;956,6;1331,1;23,9;19,4;24,1;22,8;20,1;19;81;75;76;354;5,7;3,1;
2019/03/21;1500 UTC;0;956,3;956,6;956,3;1584,3;24,4;19,8;24,8;23,7;20,3;18,9;78;73;76;11;7;3;
2019/03/21;1600 UTC;0;955,7;956,3;955,6;1183;24,9;19,4;24,9;23,6;19,7;18,7;76;70;71;7;7,2;4,1;
2019/03/21;1700 UTC;0;955,1;955,7;955,1;1414,9;24,3;18,3;25,3;24,2;19,9;18,3;73;68;69;12;8,6;4,6;
2019/03/21;1800 UTC;0;954,7;955,2;954,7;1422;25;18,3;25,1;24,1;19,1;18;71;66;66;6;9,5;5,3;
2019/03/21;1900 UTC;0;954,5;954,7;954,5;1374,6;24,3;17,5;25;24,2;18,5;17,2;70;64;66;12;10,7;4,8;
2019/03/21;2000 UTC;0;954,7;954,7;954,5;1226,5;24,2;17;25;24;17,8;16,4;68;60;64;7;10,1;5;
2019/03/21;2100 UTC;0;955,2;955,2;954,7;341,8;22,5;16,5;24,2;22,5;17,2;16,3;71;63;69;1;9,6;5,5;
2019/03/21;2200 UTC;0;955,6;955,6;955,2;29,4;21,3;16,6;22,5;21,3;16,7;16,4;75;69;75;2;9,2;4,7;
2019/03/21;2300 UTC;0;956,2;956,2;955,5;;20,2;16,3;21,3;20,2;16,6;16;78;74;78;356;10;4;
2019/03/22;0000 UTC;0;957,1;957,1;956,2;;19,9;16,7;20,2;19,5;16,7;16,2;83;78;82;1;6,3;2,9;
2019/03/22;0100 UTC;0;957,6;957,6;957,1;;20,2;16,2;20,2;19,6;16,9;16,2;84;78;78;4;8,4;4,7;
2019/03/22;0200 UTC;0;957,3;957,6;957,2;;19,2;16;20,3;19,2;16,2;15,9;82;77;82;4;9,5;3,5;
2019/03/22;0300 UTC;0;956,9;957,4;956,9;;19;16;19,2;18,9;16;15,9;83;82;83;19;7,3;4,7;
2019/03/22;0400 UTC;0;956,9;957,1;956,9;;18,4;15,6;19;18,3;16;15,6;85;83;84;6;8,6;4,5;
2019/03/22;0500 UTC;0;956,5;956,9;956,5;;17,8;15,3;18,5;17,8;15,6;15,3;86;83;85;6;7,9;3,6;
2019/03/22;0600 UTC;0;956,3;956,6;956,3;;17,2;15,4;17,9;17,2;15,4;15,3;89;85;89;347;7,1;2,2;
2019/03/22;0700 UTC;0;956;956,3;955,9;;16,8;15,2;17,2;16,8;15,5;15,2;90;89;90;340;4,8;2;
2019/03/22;0800 UTC;0;956,3;956,3;956;;16,3;15;16,8;16,3;15,3;15;92;90;92;352;3,3;,4;
2019/03/22;0900 UTC;0;956,6;956,7;956,2;;16,2;14,9;16,5;16,2;15,2;14,8;92;91;92;345;2,5;1;
2019/03/22;1000 UTC;0;957,1;957,1;956,6;61,6;16,8;15,2;16,8;16,1;15,2;14,8;93;90;90;9;4;1,9;
2019/03/22;1100 UTC;0;958,1;958,1;957,1;888,8;18,9;15,6;18,9;16,8;16;15,2;90;81;81;8;6,7;3,5;
2019/03/22;1200 UTC;0;959,1;959,1;958,1;1831,6;21,2;15,8;21,3;18,9;16,6;15,6;82;71;71;2;7,4;4,1;
2019/03/22;1300 UTC;0;959,6;959,6;959;2588,7;23,5;17;23,5;21,1;17,3;15,7;73;65;67;358;7,4;4,2;
2019/03/22;1400 UTC;0;959,3;959,6;959,3;3185,4;25;16,9;25,3;23,3;18;16,1;68;60;61;344;7,6;3,2;
2019/03/22;1500 UTC;0;958,9;959,3;958,9;2532,4;25,2;17,4;25,9;24,9;18,6;16,4;66;57;62;350;7,1;3,1;
2019/03/22;1600 UTC;0;958;958,9;958;3197,6;27,2;17,7;27,5;25,3;19;17;65;55;56;331;5,8;3,3;
2019/03/22;1700 UTC;0;957,1;958;957,1;2786,6;27,1;17,9;28,3;26;18,9;16,7;62;52;57;334;5,9;2,9;
2019/03/22;1800 UTC;0;956,8;957,1;956,7;856,8;25,9;18,2;27,1;25,9;18,9;17,3;63;57;63;1;5,1;1,9;
2019/03/22;1900 UTC;0;956,6;956,8;956,5;1684,2;26,3;17,6;28,1;25,9;19,6;17,2;64;53;59;10;5;2,2;
2019/03/22;2000 UTC;0;956,4;956,6;956,3;581,5;25,1;18,2;26,5;25,1;19;17,5;66;59;65;353;5,8;2,4;
2019/03/22;2100 UTC;0;956,4;956,4;956,2;376,4;24,8;18,4;26,4;24,8;18,8;17,6;68;59;68;339;4,9;2,1;
2019/03/22;2200 UTC;0;957;957;956,4;14,7;22,7;18,5;24,8;22,7;18,6;18,2;77;67;77;339;4,2;1,4;
2019/03/22;2300 UTC;0;957,7;957,7;957;;22,4;18;22,6;22,2;18,5;18;79;76;76;1;5,3;2,9;
2019/03/23;0000 UTC;0;958,4;958,4;957,7;;22,8;17,8;22,8;22,4;18;17,8;76;73;73;3;6,6;3,5;
2019/03/23;0100 UTC;0;959,1;959,1;958,4;;21,7;17,6;22,8;21,6;17,8;17,6;78;73;78;359;6,6;3;
2019/03/23;0200 UTC;0;959,3;959,3;959,1;;21;17,4;21,9;21;17,7;17,4;80;77;80;353;6,2;3,5;
2019/03/23;0300 UTC;0;959,3;959,4;959,3;;20,4;17,5;21;20,1;17,5;17,4;84;80;84;357;5,9;2,5;
2019/03/23;0400 UTC;0;959;959,3;959;;19,5;17,2;20,6;19,5;17,5;17,1;86;83;86;330;5,2;2,2;
2019/03/23;0500 UTC;0;958,7;959;958,7;;18,9;17,1;19,6;18,8;17,2;16,9;89;86;89;335;3,6;2,1;
2019/03/23;0600 UTC;0;958,3;958,7;958,3;;18,2;16,9;18,9;18,2;17,2;16,8;92;89;92;352;3,4;,7;
2019/03/23;0700 UTC;0;958,3;958,4;958,3;;17,9;16,6;18,3;17,8;17;16,5;92;91;92;342;2,3;,8;
2019/03/23;0800 UTC;0;958,7;958,7;958,3;;17,5;16,2;17,9;17,4;16,6;16,1;92;92;92;350;2,1;,5;
2019/03/23;0900 UTC;0;959,2;959,2;958,7;;17,3;16,2;17,5;17,2;16,3;15,9;93;92;93;8;1,8;,6;
2019/03/23;1000 UTC;0;959,9;959,9;959,1;81,2;17,9;16,5;17,9;17,2;16,5;16,1;93;92;92;12;2,4;1,5;
2019/03/23;1100 UTC;0;960,7;960,7;959,9;877,8;19,7;17,3;19,7;17,9;17,4;16,5;92;85;86;6;3,1;1,7;
2019/03/23;1200 UTC;0;960,9;960,9;960,7;1793,8;21,9;17,7;22;19,7;18,5;17,1;87;77;77;3;4,2;1,7;
2019/03/23;1300 UTC;0;960,8;961;960,8;2623;24,8;18;24,9;21,8;18,9;17,4;81;65;66;286;6,8;3,5;
2019/03/23;1400 UTC;0;960,3;960,8;960,3;3191,7;26,7;18,2;26,8;24,5;19,2;17,5;68;57;60;244;6,8;1,5;
2019/03/23;1500 UTC;0;959,5;960,3;959,5;3379,8;27,5;18,3;28,1;26,2;19,5;17,1;63;53;57;272;5,4;2,4;
2019/03/23;1600 UTC;0;958,6;959,6;958,6;3942,5;28,7;17,5;29,2;27,3;19,3;16,9;59;50;51;274;5,5;2;
2019/03/23;1700 UTC;0;957,5;958,6;957,5;3242,2;29,5;17,7;29,9;27,6;19,1;16,8;56;47;49;291;5;1,5;
2019/03/23;1800 UTC;0;957;957,5;957;2478,6;30,1;17;30,1;27,8;18,7;16,4;55;44;45;272;3,6;,5;
2019/03/23;1900 UTC;0;956,6;957;956,6;2496,7;30,1;16,4;30,6;29;18,6;15,7;53;42;44;17;2,7;,3;
2019/03/23;2000 UTC;0;956,5;956,6;956,4;1445,6;28,8;17,1;30;28,8;17,8;15,7;50;43;49;23;3,6;1,5;
2019/03/23;2100 UTC;0;956,6;956,6;956,4;207,6;26,8;17,5;28,8;26,8;18,1;16,5;57;48;57;61;2,3;,7;
2019/03/23;2200 UTC;0;956,8;956,8;956,6;11,5;25,2;17,8;26,8;25,1;18,2;17,2;64;56;64;89;1,7;,4;
2019/03/23;2300 UTC;0;957,3;957,3;956,8;;24,5;16,9;25,9;24,5;18,1;16,9;65;60;63;63;2,9;,9;
2019/03/24;0000 UTC;0;957,9;957,9;957,3;;23,2;17,8;25;23,2;17,8;16,9;72;61;72;2;1,9;,6;
2019/03/24;0100 UTC;0;958,3;958,3;957,9;;23;17,2;23,3;22,8;18,4;17,2;75;69;70;351;1,5;,1;
2019/03/24;0200 UTC;0;958,4;958,5;958,3;;22,3;17,9;23,2;22,1;17,9;17,1;76;69;76;1;1,3;0;
2019/03/24;0300 UTC;0;958,4;958,5;958,4;;21,5;18,1;22,3;21,5;18,5;17,7;81;76;81;16;,9;0;
2019/03/24;0400 UTC;0;958,4;958,6;958,3;;20,3;18,3;21,7;20,3;18,7;17,6;88;78;88;349;3,4;,6;
2019/03/24;0500 UTC;0;958,4;958,5;958,3;;20,2;18,1;20,6;20,1;18,9;18,1;91;87;87;7;2,6;1,5;
2019/03/24;0600 UTC;0;958,1;958,4;958,1;;19,6;17,7;20,2;19,6;18,3;17,7;90;87;89;359;2,4;1,2;
2019/03/24;0700 UTC;0;957,8;958,1;957,7;;19,4;17,8;19,6;19,3;17,9;17,6;91;89;91;9;2,5;1,5;
2019/03/24;0800 UTC;0;957,8;957,8;957,7;;18,9;17,4;19,4;18,9;17,9;17,4;91;90;91;358;2,4;1,1;
2019/03/24;0900 UTC;0;958,3;958,3;957,8;;18,6;17,4;18,9;18,4;17,5;17,1;93;91;93;11;2;,8;
2019/03/24;1000 UTC;0;958,9;958,9;958,3;89,8;19,2;17,9;19,2;18,6;17,9;17,3;93;92;92;17;2,3;,7;
2019/03/24;1100 UTC;0;959,8;959,8;958,9;856,8;20,7;18,2;20,8;19,2;18,5;17,8;92;86;86;8;3,1;1,9;
2019/03/24;1200 UTC;0;960,3;960,3;959,8;1777,4;23;19,1;23;20,7;19,8;18,1;87;79;79;356;4,1;1,9;
2019/03/24;1300 UTC;0;960,3;960,4;960,3;2596,4;25,2;19,6;25,8;22,6;20,3;18,4;81;66;71;308;4,3;1,7;
2019/03/24;1400 UTC;0;960;960,3;959,9;3205,7;27,4;20,1;28,4;25,3;20,5;19;72;59;65;344;3,6;1,4;
2019/03/24;1500 UTC;0;959,5;960;959,5;3534,9;28,9;19,9;29,3;27,3;21,2;18,7;67;56;58;360;6;1,9;
2019/03/24;1600 UTC;0;958,7;959,5;958,7;3304,8;29,8;17,6;30;28;20,5;17,6;63;47;48;99;3,4;1;
2019/03/24;1700 UTC;0;958;958,7;958;2747,1;31,2;17,1;31,2;28,8;19,9;16,1;55;43;43;24;3,9;1;
2019/03/24;1800 UTC;0;957,1;958;957,1;3206,3;30,6;16,9;31,5;30,1;18,6;15,5;48;41;44;346;4;1,4;
2019/03/24;1900 UTC;0;956,8;957,1;956,8;2232,1;30,7;15,8;31,2;30;17,9;14,5;47;37;41;46;4,4;1,3;
2019/03/24;2000 UTC;0;956,5;956,8;956,5;1372,5;30,1;14,3;31,4;30,1;16,4;14,2;42;36;38;81;3,3;1,6;
2019/03/24;2100 UTC;0;956,6;956,6;956,4;229;28,5;16,3;30,1;28,5;16,3;14,4;48;38;48;78;3;1,4;
2019/03/24;2200 UTC;0;956,5;956,7;956,5;9,4;27,5;15,6;28,5;27;17,1;15,5;53;47;49;65;2,9;1,7;
2019/03/24;2300 UTC;0;956,9;957;956,5;;25,6;16,7;27,5;25,5;16,8;15,7;58;49;58;26;3,6;,7;
2019/03/25;0000 UTC;0;957,5;957,5;956,9;;23,8;17,3;25,6;23,6;17,3;16,7;68;58;67;16;2;0;
2019/03/25;0100 UTC;0;957,9;957,9;957,5;;23,1;17;23,9;23;17,3;16,9;69;66;69;346;1,8;,5;
2019/03/25;0200 UTC;0;957,9;957,9;957,8;;22;16,9;23,1;21,5;17,1;16,7;75;68;73;304;2,3;1,6;
2019/03/25;0300 UTC;0;957,9;957,9;957,8;;21,3;16,8;22,4;21,3;16,9;16,6;76;70;76;324;2,3;,4;
2019/03/25;0400 UTC;0;957,8;958;957,8;;20,8;17;21,3;20,3;17,2;16,6;82;75;79;323;2,4;,2;
2019/03/25;0500 UTC;0;957,1;957,8;957,1;;19,5;16,8;20,8;19,5;17,1;16,7;85;79;85;337;1,4;,5;
2019/03/25;0600 UTC;0;956,9;957,1;956,8;;18,6;17,2;19,5;18,5;17,2;16,6;91;85;91;20;2,4;,1;
2019/03/25;0700 UTC;0;956,6;956,9;956,6;;19,1;16,8;19,1;18,5;17,4;16,7;92;87;87;332;1,6;,2;
2019/03/25;0800 UTC;0;956,8;956,8;956,6;;18,2;16,8;19,1;18,2;16,9;16,4;91;87;91;35;1,2;0;
2019/03/25;0900 UTC;0;957;957;956,7;;18,3;16,7;18,8;18,2;17,1;16,5;92;89;90;23;2;,2;
2019/03/25;1000 UTC;0;957,5;957,5;957;67,5;18,6;17,6;18,6;17,9;17,6;16,6;94;90;94;18;2;,2;
2019/03/25;1100 UTC;0;958;958;957,5;836,3;20,8;18,2;20,8;18,6;18,5;17,6;94;85;85;349;2;,8;
2019/03/25;1200 UTC;0;958,3;958,4;958;1676,2;23,3;19,1;23,3;20,8;19,2;18;86;76;77;360;2,4;1,3;
2019/03/25;1300 UTC;0;958,2;958,3;958,2;2559,9;26,1;18,9;26,1;23,3;19,8;18,2;78;65;65;344;3;1,1;
2019/03/25;1400 UTC;0;958;958,2;958;3160,5;28,6;19,1;28,9;26,1;19,9;18,1;67;54;56;274;4;2,3;
2019/03/25;1500 UTC;0;957,5;958;957,5;3442,5;30,1;17,7;31,4;28,4;20,2;16,9;59;44;47;345;4,1;,1;
2019/03/25;1600 UTC;0;956,7;957,5;956,7;2756,1;30,3;18,6;31,7;29,2;19;15,9;52;40;50;160;4,3;,1;
2019/03/25;1700 UTC;0;956,1;956,8;956,1;1666,1;30,1;17,6;32,2;29,9;19,4;15,8;53;40;47;351;2,6;0;
2019/03/25;1800 UTC;0;955,5;956,1;955,5;2802,1;31,5;17,4;31,9;29,5;20,3;15,8;54;38;43;47;4;1,2;
2019/03/25;1900 UTC;0;955,1;955,5;955,1;1065,1;29,9;17,6;32,1;29,1;19,5;15,5;56;37;48;89;2,8;1,4;
2019/03/25;2000 UTC;0;955;955,1;955;886,1;30,6;16,7;31,1;28,8;19,2;16,2;55;42;43;64;2;,7;
2019/03/25;2100 UTC;0;955,3;955,3;955;258,2;27,9;18,1;30,6;27,9;18,9;16;56;42;55;86;1,8;,4;
2019/03/25;2200 UTC;0;955,6;955,6;955,3;12,7;26,9;16,4;27,9;26,9;18,6;16,3;58;52;52;74;1,8;,6;
2019/03/25;2300 UTC;0;956;956;955,6;;26,3;16,6;27,5;26,1;18;16,4;61;52;55;17;3;,1;
2019/03/26;0000 UTC;0;956,4;956,4;956;;24,7;17,8;26,3;24,7;17,9;16,5;65;55;65;346;1,8;0;
2019/03/26;0100 UTC;0;957;957;956,4;;24,2;16,8;24,7;24,1;17,7;16,7;66;62;63;334;1,5;,1;
2019/03/26;0200 UTC;0;957,1;957,1;957;;23,8;18;24,4;23,8;18;16,8;70;63;70;320;1,6;,1;
2019/03/26;0300 UTC;0;957,2;957,2;957;;21,3;18,9;24;21,3;18,9;17,6;86;68;86;9;1,9;,9;
2019/03/26;0400 UTC;0;957,1;957,2;957,1;;21,6;18,1;21,6;20,6;19,1;18,1;90;81;81;313;2,1;,4;
2019/03/26;0500 UTC;0;956,6;957,1;956,6;;21,4;18,2;21,9;21;18,4;17,9;85;80;82;272;3;2,1;
2019/03/26;0600 UTC;0;956,3;956,6;956,3;;19,7;17,9;21,5;19,7;18,3;17,9;90;82;90;360;3;,5;
2019/03/26;0700 UTC;0;956,1;956,4;956,1;;19,6;17,8;19,7;19,1;18;17,7;92;89;89;317;3,1;0;
2019/03/26;0800 UTC;0;956,4;956,4;956,1;;18,8;17,5;19,9;18,8;18,1;17,3;92;88;92;353;1,6;0;
2019/03/26;0900 UTC;0;956,9;956,9;956,4;;18,4;17,1;18,8;18,4;17,6;17,1;93;91;92;359;1,7;0;
2019/03/26;1000 UTC;0;957,7;957,7;956,9;91,2;18,7;17,4;18,7;18,2;17,5;16,9;93;92;92;350;1,3;0;
2019/03/26;1100 UTC;0;958,3;958,4;957,7;826,1;21,1;17,8;21,1;18,7;18,2;17,4;92;81;81;342;1,8;,4;
2019/03/26;1200 UTC;0;958,9;958,9;958,4;1658;23,5;18,1;23,7;21,1;19,2;17,6;83;69;71;351;3,1;1,7;
2019/03/26;1300 UTC;0;959,2;959,2;958,9;2535,7;26,6;18,9;26,6;23,5;19,4;17,8;74;62;63;344;3,5;1,9;
2019/03/26;1400 UTC;0;959,1;959,3;959,1;3001,9;29,5;19,5;29,6;26,5;19,9;18,2;65;53;55;335;3,5;1,4;
2019/03/26;1500 UTC;0;958,6;959,1;958,6;3477,7;30,8;18,9;30,9;29,1;19,6;16,6;55;42;49;289;4,3;1,1;
2019/03/26;1600 UTC;0;957,6;958,6;957,6;3554,2;32,9;16,7;33;30,7;19,3;15,7;50;36;38;271;4,5;1,1;
2019/03/26;1700 UTC;0;957,1;957,6;957,1;2615;31,3;16,7;32,9;29,9;19,5;14,6;51;34;42;276;3,3;,6;
2019/03/26;1800 UTC;0;956,4;957,1;956,3;3210,1;31,8;17,1;34;31,3;18,5;13,9;46;31;41;3;4,2;1,9;
2019/03/26;1900 UTC;0;955,9;956,4;955,9;2182,6;32,2;17,2;32,4;31,5;18,2;14,7;43;34;41;63;3,3;,3;
2019/03/26;2000 UTC;0;955,7;955,9;955,7;1152,9;30,8;16,9;32,5;30,8;18,1;14,1;47;34;43;8;2,3;,8;
2019/03/26;2100 UTC;0;955,7;955,8;955,6;162,6;28,1;17,3;30,9;28,1;19,3;15,8;53;40;52;114;1,6;0;
2019/03/26;2200 UTC;0;956;956;955,7;10,1;28,1;15,8;28,1;27,4;17,5;15;55;46;47;59;1,5;0;
2019/03/26;2300 UTC;0;956,6;956,6;956;;26,6;16,4;28,1;26,6;16,8;15,6;54;47;53;29;1,4;0;
2019/03/27;0000 UTC;0;957,5;957,5;956,6;;24,9;17,6;26,7;24,7;17,8;16,4;65;53;64;354;2,4;0;
2019/03/27;0100 UTC;0;958,4;958,4;957,5;;24;18,8;25;22,9;18,8;17,6;73;63;73;30;6,4;3,3;
2019/03/27;0200 UTC;0;958,9;959;958,4;;22,2;19;24,1;22,2;19,1;18,5;82;72;82;359;6,4;1,9;
2019/03/27;0300 UTC;0;959;959,1;958,9;;22;19,4;22,2;21,7;19,5;19;86;82;86;8;3;1,5;
2019/03/27;0400 UTC;0;959;959;959;;21,6;18,9;22,2;21,5;19,4;18,9;85;84;85;10;3,4;1,8;
2019/03/27;0500 UTC;0;959,1;959,1;959;;20,9;18,6;21,7;20,9;19;18,6;87;84;87;5;3,4;1,8;
2019/03/27;0600 UTC;0;959;959,2;959;;20,3;18,4;21,3;20,2;18,8;18,2;89;85;89;355;3,6;1,6;
2019/03/27;0700 UTC;0;959;959;958,9;;20,1;18,2;20,5;20,1;18,4;18,1;89;87;89;10;3,3;2,3;
2019/03/27;0800 UTC;0;959,1;959,1;959;;19,5;17,8;20,3;19,4;18,3;17,7;91;88;90;357;3,8;2,2;
2019/03/27;0900 UTC;0;959,8;959,8;959,1;;19;17,5;19,5;19;18;17,5;91;90;91;344;3,4;1,4;
2019/03/27;1000 UTC;0;960,2;960,2;959,8;87,5;19,5;18,1;19,5;19;18,1;17,5;92;91;91;12;2,9;,2;
2019/03/27;1100 UTC;0;961;961;960,2;464;20,6;18,6;20,6;19,5;18,8;18;91;87;88;357;2,9;1,9;
2019/03/27;1200 UTC;0;961,7;961,7;960,9;1152,6;22,7;19,1;22,7;20,6;19,8;18,5;89;80;80;348;3,7;2;
2019/03/27;1300 UTC;0;961,9;962;961,7;2375,6;25,7;19,8;25,7;22,7;20,5;18,7;82;67;70;344;5,2;1,9;
2019/03/27;1400 UTC;0;961,8;961,9;961,7;3111,6;28,3;19,8;28,5;25,7;19,9;18,4;70;56;60;284;4,4;1,9;
2019/03/27;1500 UTC;0;960,9;961,8;960,9;3374,3;30,1;18,7;30,9;27,7;20,6;18,1;62;48;51;202;4,3;1,3;
2019/03/27;1600 UTC;0;960,1;960,9;960,1;3278,3;31,5;19,1;32,3;30,1;19,9;17,5;54;44;48;105;3,1;1,4;
2019/03/27;1700 UTC;0;959,4;960,1;959,4;2505,3;31,7;18,4;32,2;29,1;21,6;16,9;61;41;45;78;3,7;,9;
2019/03/27;1800 UTC;0;959;959,4;959;2283,7;30,7;18,6;32,5;29,7;19,7;17;54;40;49;265;3,4;0;
2019/03/27;1900 UTC;0;958,6;959;958,6;2277,3;31,4;18,1;33;30,7;18,8;15,9;49;37;45;27;4,6;1,6;
2019/03/27;2000 UTC;0;958,5;958,6;958,5;915,2;28,7;18,8;31,6;28,7;19,5;16,4;57;41;55;7;4,8;2,8;
2019/03/27;2100 UTC;0;958,7;958,7;958,4;178,4;27,7;18,5;28,9;27,7;19,8;18,5;60;54;57;28;4,8;,7;
2019/03/27;2200 UTC;0;959,2;959,2;958,7;9,5;26,3;17,9;27,7;26,2;18,5;17,4;60;55;60;11;4,1;2,2;
2019/03/27;2300 UTC;0;960;960;959,2;;25;18,9;26,3;24,2;18,9;17,9;72;60;69;360;6,1;3,1;
2019/03/28;0000 UTC;0;960,8;960,8;960;;24,3;18,8;25;24,3;19,2;18,8;72;69;72;360;8,8;4,8;
2019/03/28;0100 UTC;0;961,3;961,4;960,8;;23,1;18,1;24,4;23;18,8;18,1;74;71;74;359;10,3;5,9;
2019/03/28;0200 UTC;0;961,8;961,8;961,3;;21,8;18,1;23,1;21,7;18,2;18,1;80;74;80;1;10,3;3,7;
2019/03/28;0300 UTC;0;961,8;961,8;961,7;;20,9;17,7;21,8;20,9;18,2;17,7;82;80;82;6;7,2;3,5;
2019/03/28;0400 UTC;0;961,6;961,8;961,6;;20,2;17,6;20,9;20,2;17,7;17,6;85;82;85;4;6,6;2,3;
2019/03/28;0500 UTC;0;961,3;961,6;961,3;;19,7;17,5;20,3;19,7;17,6;17,5;87;85;87;359;5,6;2,8;
2019/03/28;0600 UTC;0;960,5;961,3;960,5;;19,7;17,5;19,8;19,6;17,6;17,4;88;87;87;16;5,6;3;
2019/03/28;0700 UTC;0;960,6;960,6;960,5;;19,1;17,1;19,7;19,1;17,5;17;88;86;88;349;5,6;2,2;
2019/03/28;0800 UTC;0;961;961;960,6;;18,3;16,9;19,2;18,2;17,1;16,7;91;88;91;341;4,1;1,4;
2019/03/28;0900 UTC;0;961,5;961,5;960,9;;18;16,6;18,4;18;17;16,6;92;91;92;348;3,3;,9;
2019/03/28;1000 UTC;0;962,1;962,1;961,5;56,5;18;16,8;18;17,9;16,8;16,6;92;92;92;347;2,5;,9;
2019/03/28;1100 UTC;0;962,9;962,9;962,1;596,7;20,2;18;20,2;18;18;16,8;92;86;87;344;4,1;2,4;
2019/03/28;1200 UTC;0;963,4;963,4;962,9;1748,6;23;18,6;23;20,2;19;17,4;87;74;76;344;6,8;3,5;
2019/03/28;1300 UTC;0;963,3;963,5;963,3;2401,2;24,8;18,1;25,2;23;19,2;17,7;76;65;67;348;7,4;3,5;
2019/03/28;1400 UTC;0;963,1;963,4;963;3149,7;27,7;18,3;27,8;24,8;19,5;17,4;69;54;57;311;6,5;3,3;
2019/03/28;1500 UTC;0;962,5;963,1;962,5;3444,1;29,5;18,7;29,5;27,5;19,3;16,9;58;50;52;301;6,3;1,8;
2019/03/28;1600 UTC;0;961,7;962,5;961,7;3427,2;29,7;17,7;30,4;28,8;19,2;17,3;56;47;49;325;5,1;1,6;
2019/03/28;1700 UTC;0;961,2;961,7;961,2;2747,7;30,7;18,4;31;28,7;19,6;17,1;56;44;48;294;5,9;1,2;
2019/03/28;1800 UTC;0;960,6;961,3;960,6;2940,4;30,7;18,9;31,1;30,1;19,4;17;51;44;50;28;5,3;2,3;
2019/03/28;1900 UTC;0;960,4;960,6;960,3;2160,7;30,1;16,8;30,9;29,9;18,4;16,8;49;43;45;17;5,8;3,1;
2019/03/28;2000 UTC;0;960,2;960,4;960,2;1151,2;29,1;18,6;30,3;29,1;19,1;16,9;55;45;53;21;7,1;4,1;
2019/03/28;2100 UTC;0;960,4;960,4;960,2;184,7;27,3;17,5;29,1;27,3;18,8;17,4;56;52;55;13;7,1;2,9;
2019/03/28;2200 UTC;0;960,8;960,8;960,4;8,5;25,1;17,5;27,3;25,1;17,6;17,2;63;55;63;7;6,2;1,9;
2019/03/28;2300 UTC;0;961,5;961,5;960,8;;23,5;18;25,1;23,3;18;17,3;71;62;71;350;5;2,7;
2019/03/29;0000 UTC;0;962,1;962,1;961,5;;23,9;18;24,4;23,4;18,1;17,9;71;68;69;360;8,6;4,7;
2019/03/29;0100 UTC;0;962,6;962,6;962,1;;23;17,8;23,9;22,8;18;17,6;73;70;73;353;8,4;4,2;
2019/03/29;0200 UTC;0;962,9;962,9;962,6;;21,8;17,6;23;21,7;17,8;17,5;77;73;77;4;8,1;3,4;
2019/03/29;0300 UTC;0;962,9;962,9;962,8;;20,9;16,7;21,8;20,7;17,6;16,7;79;76;77;3;7,1;3,4;
2019/03/29;0400 UTC;0;962,6;962,9;962,6;;19,8;16;20,9;19,7;16,7;16;79;76;79;359;7;3;
2019/03/29;0500 UTC;0;962,2;962,6;962,2;;18,7;15,6;19,8;18,6;16;15,6;83;78;82;7;5;2,9;
2019/03/29;0600 UTC;0;962;962,2;962;;17,7;15,3;18,8;17,6;15,6;15,3;87;81;86;355;4,6;2,4;
2019/03/29;0700 UTC;0;961,7;962;961,6;;17,5;15,4;18;17,3;15,6;15,3;88;86;87;358;4,5;2,1;
2019/03/29;0800 UTC;0;962;962;961,6;;17,2;15,4;17,6;17,2;15,6;15,2;89;87;89;350;4,4;1,9;
2019/03/29;0900 UTC;0;962,5;962,5;962;;16,9;15,3;17,4;16,9;15,6;15,2;90;89;90;350;3,6;1,1;
2019/03/29;1000 UTC;0;963,1;963,1;962,5;70,9;17,4;15,7;17,4;16,9;15,7;15,2;90;89;90;349;2,6;1,4;
2019/03/29;1100 UTC;0;963,7;963,7;963,1;827,4;19,7;17;19,7;17,4;17;15,7;90;83;84;354;4;2,5;
2019/03/29;1200 UTC;0;964,1;964,1;963,7;1743,5;22;17,1;22;19,8;17,3;16,4;85;72;74;355;7,3;4;
2019/03/29;1300 UTC;0;963,9;964,2;963,9;2549,2;24,5;17,7;24,5;22;18,1;16,7;74;64;66;346;6,5;3,1;
2019/03/29;1400 UTC;0;963,2;963,9;963,2;3137;26,5;18,6;26,5;24,4;18,8;16,9;67;59;62;355;5,8;2,7;
2019/03/29;1500 UTC;0;962,2;963,2;962,2;3286,8;27;17,2;28,3;26,3;19,1;16,8;63;50;55;334;6,2;2,8;
2019/03/29;1600 UTC;0;961,1;962,2;961,1;3237,3;27,9;17,5;28,9;26,5;19,6;16,8;60;50;53;15;6,3;3,2;
2019/03/29;1700 UTC;0;960,1;961,1;960,1;3421,1;29,6;17,5;29,6;27,9;19,1;16,7;55;47;48;32;6;1,7;
2019/03/29;1800 UTC;0;959,3;960,1;959,3;2996;29,8;17,2;30;29,1;18,8;15,8;53;42;47;34;6;2;
2019/03/29;1900 UTC;0;959;959,3;958,9;2232,5;29,2;16,8;29,9;28,7;19;16,7;53;45;47;25;8,1;4,2;
2019/03/29;2000 UTC;0;959;959;958,9;1225,2;27,9;16,7;29,2;27,9;17,8;16,7;52;48;50;11;8,1;3,8;
2019/03/29;2100 UTC;0;959,4;959,4;959;140,2;26,2;16,5;27,9;26,2;17,4;16,4;56;50;55;15;6,7;3,1;
2019/03/29;2200 UTC;0;959,9;959,9;959,4;6,4;24,4;16,6;26,2;24;16,8;16,4;63;55;61;15;5,7;2,2;
2019/03/29;2300 UTC;0;960,2;960,3;959,9;;23;16,4;24,5;22,3;16,7;16,3;71;61;66;358;5;3;
2019/03/30;0000 UTC;0;960,7;960,7;960,2;;21,2;16,1;23,2;21,1;16,2;16;73;65;72;2;5;1,7;
2019/03/30;0100 UTC;0;961,2;961,2;960,7;;21,3;16,3;21,9;21;16,3;15,8;74;69;73;5;5,9;3,5;
2019/03/30;0200 UTC;0;961,5;961,5;961,2;;20,4;16;21,3;20,4;16,4;16;76;73;76;359;5,9;2,8;
2019/03/30;0300 UTC;0;961,4;961,6;961,4;;19,9;15,8;20,4;19,5;16;15,7;79;76;77;9;5,5;3,3;
2019/03/30;0400 UTC;0;961,2;961,6;961,2;;18,7;15,7;19,9;18,4;15,8;15,6;84;77;83;360;5,5;2,8;
2019/03/30;0500 UTC;0;961;961,2;960,9;;18,3;15,3;18,7;18,3;15,7;15,3;84;82;83;6;4,5;2,6;
2019/03/30;0600 UTC;0;960,9;961,1;960,8;;17,9;15,4;18,4;17,9;15,4;15,3;85;82;85;4;4,7;2,5;
2019/03/30;0700 UTC;0;960,7;961;960,7;;17,2;15,2;17,9;17,2;15,4;15,1;88;85;88;357;4,7;3;
2019/03/30;0800 UTC;0;961;961;960,7;;16,4;14,9;17,5;16,4;15,3;14,8;90;86;90;355;5,5;1,7;
2019/03/30;0900 UTC;0;961,6;961,6;961;;15,9;14,6;16,4;15,9;15;14,6;92;90;92;346;2,8;1,9;
2019/03/30;1000 UTC;0;962,2;962,2;961,6;70,6;17;15,1;17;15,8;15,1;14,5;93;89;89;331;4,2;2,3;
2019/03/30;1100 UTC;0;962,9;962,9;962,2;840,1;19;16,3;19,1;17;16,6;15,1;89;84;84;357;4,4;2;
2019/03/30;1200 UTC;0;963,1;963,1;962,9;1751,1;22;17,3;22;19;17,4;16;85;72;75;346;5,6;3,2;
2019/03/30;1300 UTC;0;962,8;963,1;962,8;2555,3;24,9;17,2;24,9;21,9;18;16,2;74;61;62;307;5,9;3,3;
2019/03/30;1400 UTC;0;962,5;962,9;962,5;3146,6;26,7;17,9;26,9;24,7;18,3;16,6;64;56;58;321;5,6;2,1;
2019/03/30;1500 UTC;0;961,4;962,5;961,4;3477,4;28,4;18,2;28,5;26,3;18,4;16,8;60;50;54;313;4,9;1;
2019/03/30;1600 UTC;0;960,3;961,4;960,3;3570,3;29,5;15,5;29,7;28,3;18,7;15,5;55;43;43;343;4,6;1,5;
2019/03/30;1700 UTC;0;959,3;960,3;959,3;3369,4;30,7;16,7;30,8;29,1;17,2;13;47;34;43;30;3,4;,9;
2019/03/30;1800 UTC;0;958,4;959,3;958,4;2058,2;29,4;15,4;30,7;28,5;16,6;13,3;46;37;43;360;4,1;,6;
2019/03/30;1900 UTC;0;958,1;958,4;958,1;2202,6;30,2;12,4;31,3;29,4;16;10,4;44;28;33;61;3,3;1,1;
2019/03/30;2000 UTC;0;958,2;958,2;958;1035;29,5;12,8;31,1;29,5;13,5;10,3;37;29;36;87;3,3;1,7;
2019/03/30;2100 UTC;0;958,5;958,5;958,1;111,8;27,4;14,4;29,5;27,4;15;11,9;46;34;45;91;3,1;1,4;
2019/03/30;2200 UTC;0;958,8;958,8;958,5;3,6;25,3;14,8;27,4;25,3;14,8;13,8;52;43;52;55;2,8;1,2;
2019/03/30;2300 UTC;0;958,8;958,9;958,7;;24,3;15,1;25,3;24,3;15,4;14,8;57;52;57;358;2,5;,4;
2019/03/31;0000 UTC;0;959,4;959,4;958,8;;22,4;15,4;24,3;22,4;15,5;15,1;65;57;65;348;2,1;1,2;
2019/03/31;0100 UTC;0;959,2;959,4;959,2;;21,4;15,4;22,4;21,4;15,8;15,3;70;65;68;319;2,4;1,6;
2019/03/31;0200 UTC;0;959,4;959,5;959,2;;19,7;15,5;21,4;19,6;15,5;15,2;77;68;77;1;3,1;1,7;
2019/03/31;0300 UTC;0;959,2;959,4;959,2;;19,5;16,6;19,7;19,1;16,7;15,6;84;77;84;1;3,7;2,4;
2019/03/31;0400 UTC;0;959,2;959,3;959,1;;19,4;16,9;19,5;19;17,1;16,6;87;84;86;8;3,7;2;
2019/03/31;0500 UTC;0;958,6;959,2;958,6;;19,1;16,7;19,4;19;17;16,7;87;86;86;11;3,6;1,8;
2019/03/31;0600 UTC;0;958,4;958,7;958,3;;18,4;16,3;19,1;18,3;16,8;16,3;89;86;88;9;3;1,5;
2019/03/31;0700 UTC;0;958,2;958,4;958,2;;17,5;16;18,4;17,5;16,5;16;91;88;91;353;2,4;,3;
2019/03/31;0800 UTC;0;958;958,2;958;;17;15,7;17,6;17;16,2;15,6;92;91;92;343;2,2;,8;
2019/03/31;0900 UTC;0;958,4;958,6;958;;16,5;15,1;17;16,5;15,7;15,1;92;91;92;354;2,7;1,5;
2019/03/31;1000 UTC;0;959,2;959,2;958,3;63,3;16,9;15,6;16,9;16,2;15,6;14,9;93;92;92;351;2,5;,2;
2019/03/31;1100 UTC;0;960,4;960,4;959,2;821,1;18,9;16,5;18,9;16,9;16,8;15,6;92;85;86;3;3,4;1,5;
2019/03/31;1200 UTC;0;960,4;960,5;960,4;1718,1;21,8;17,5;21,8;18,9;17,5;16,3;87;76;77;347;4,3;2,4;
2019/03/31;1300 UTC;0;960,1;960,5;960,1;2494,7;24,9;18,7;24,9;21,8;18,8;17;77;67;68;343;5;1,9;
2019/03/31;1400 UTC;0;959,7;960,1;959,7;3109,6;27,2;18;27,5;24,7;19,8;16,9;70;54;57;338;6;1,3;
2019/03/31;1500 UTC;0;958,8;959,7;958,8;3458,8;29,2;15;29,5;27,1;19,3;15;59;40;42;142;3,7;,5;
2019/03/31;1600 UTC;0;958;958,8;958;3355,7;30,6;13,6;30,8;28,7;17,6;13,6;49;35;35;130;4,2;,8;
2019/03/31;1700 UTC;0;957,2;958,1;957,2;3358,5;30,4;12,9;31,5;30,1;14,6;10,4;38;29;34;88;5;1,7;
2019/03/31;1800 UTC;0;956,4;957,2;956,4;2871,2;30,6;13,5;31,5;30,1;15,2;12,7;40;34;35;98;4,6;1,3;
2019/03/31;1900 UTC;0;956,3;956,4;956,1;2145,8;30,5;13,1;31,1;30;13,8;11,8;37;32;35;74;4,5;1,9;
2019/03/31;2000 UTC;0;956,4;956,5;956,3;984,3;29,3;12,6;30,6;29,3;13,8;11,3;39;31;36;74;3,7;1,6;
2019/03/31;2100 UTC;0;956,5;956,5;956,4;146,2;26,8;15,6;29,4;26,8;16,1;12,3;51;35;50;85;3,1;,9;
2019/03/31;2200 UTC;0;957;957;956,5;3;26;14,8;26,8;25,4;16,1;14,6;53;50;50;70;2,5;1,4;
2019/03/31;2300 UTC;0;957,5;957,5;957;;26,2;14,7;26,6;25,5;15,5;14,4;52;48;49;73;3,5;2;
2019/04/01;0000 UTC;0;957,7;957,8;957,5;;23,7;16,1;26,1;23,6;16,1;14,8;62;49;62;32;3,6;,1;
2019/04/01;0100 UTC;0;958;958;957,7;;21,7;16,4;23,8;21,7;16,4;16;72;62;72;15;1,9;,1;
2019/04/01;0200 UTC;0;958;958,2;958;;20,8;15,9;21,7;20,7;16,4;15,9;74;72;74;347;1,7;,3;
2019/04/01;0300 UTC;0;957,9;958;957,9;;20,6;16;21,2;20,4;16;15,8;75;72;75;354;1,1;0;
2019/04/01;0400 UTC;0;957,9;958;957,8;;19,1;16,7;20,7;18,9;16,7;15,5;86;75;86;11;2,4;1,4;
2019/04/01;0500 UTC;0;957,8;958;957,8;;18,3;16,7;19,6;18,2;16,7;16,2;90;81;90;7;2,1;1;
2019/04/01;0600 UTC;0;957,4;957,9;957,4;;17,8;16,3;18,4;17,8;16,8;16,1;91;89;91;1;1,9;1,2;
2019/04/01;0700 UTC;0;957;957,4;956,9;;18,2;16,7;18,2;17,7;16,8;16,1;92;91;91;9;1,9;0;
2019/04/01;0800 UTC;0;957,2;957,2;957;;17,4;16,1;18,2;17,4;16,6;16,1;92;90;92;1;2;1,1;
2019/04/01;0900 UTC;0;957,4;957,5;957,2;;17,6;16,5;17,6;17,1;16,5;15,9;93;92;93;326;1,9;,7;
2019/04/01;1000 UTC;0;958,2;958,2;957,4;60,8;17,8;16,4;17,8;17,5;16,5;16;93;91;92;4;1,8;0;
2019/04/01;1100 UTC;0;958,9;958,9;958,1;696,7;19,4;17,4;19,4;17,8;17,6;16,3;92;88;88;10;2,1;1,2;
2019/04/01;1200 UTC;0;959,3;959,3;958,9;1257,5;21,7;18,5;21,7;19,5;18,5;17,5;89;80;82;346;3,7;2,2;
2019/04/01;1300 UTC;0;959;959,4;959;1916,3;23,8;19;23,8;21,7;19;17,6;83;72;75;2;4,9;2,5;
2019/04/01;1400 UTC;0;958,6;959,1;958,6;2728,8;26;18,4;26;23,7;19,3;17,5;75;62;63;359;5,2;1,6;
2019/04/01;1500 UTC;0;958;958,7;958;3084,2;28,2;18,6;28,3;25,6;20;18,2;67;55;56;4;3,8;1,4;
2019/04/01;1600 UTC;0;957,3;958;957,2;3090,2;29,8;16,8;29,9;28,2;19,2;16,1;56;43;45;185;3,1;,9;
2019/04/01;1700 UTC;0;956,7;957,2;956,7;2494,9;30;15,4;31,1;29,2;17,7;14,9;47;40;41;86;2,9;1,3;
2019/04/01;1800 UTC;0;955,9;956,7;955,9;2761,7;29,9;15,3;31;29,7;17;14,5;46;38;41;243;4,4;1,5;
2019/04/01;1900 UTC;0;955,5;955,9;955,5;2078,7;30,4;14,4;30,9;29,9;16,7;13,9;43;36;38;75;4,1;1,7;
2019/04/01;2000 UTC;0;955,5;955,6;955,5;876,4;29,4;13,4;30,5;29,4;14,9;12,5;40;34;38;89;4,1;1,9;
2019/04/01;2100 UTC;0;955,5;955,5;955,4;124,9;26,9;14,9;29,4;26,9;15,3;13,2;48;37;48;96;3,3;,9;
2019/04/01;2200 UTC;0;955,8;955,8;955,4;;25,7;14,7;26,9;25,7;15,2;14,2;51;48;51;85;2;1,7;
2019/04/01;2300 UTC;0;956,1;956,1;955,8;;24,1;15,5;25,8;24,1;15,5;14,5;59;50;59;4;2,6;,1;
2019/04/02;0000 UTC;0;957;957;956,1;;23;15,2;24,2;23;16;15;62;58;62;350;2,1;,8;
2019/04/02;0100 UTC;0;957,5;957,5;957;;22,1;15,6;23;21,3;16,2;15,2;72;62;67;13;2,8;1,8;
2019/04/02;0200 UTC;0;957,9;958;957,5;;21,5;16,7;22,2;21,5;16,7;15,5;74;66;74;17;4,8;2,8;
2019/04/02;0300 UTC;0;957,7;957,9;957,6;;20,4;17,1;21,6;20,1;17,2;16,7;82;74;81;7;4,8;1,8;
2019/04/02;0400 UTC;0;957,5;957,7;957,3;;19,9;17,1;20,5;19,7;17,3;16,9;84;81;84;11;3,4;1,4;
2019/04/02;0500 UTC;0;957;957,5;957;;19,3;16,7;19,9;19,3;17,1;16,7;85;84;85;3;4,3;2,6;
2019/04/02;0600 UTC;0;956,7;957;956,7;;18,3;16,3;19,3;18,3;16,8;16,3;89;85;88;358;3,7;1,8;
2019/04/02;0700 UTC;0;956,7;956,8;956,7;;17,7;16,1;18,3;17,7;16,6;15,9;90;88;90;10;3;,1;
2019/04/02;0800 UTC;0;956,9;957;956,6;;17,3;15,8;17,9;17,3;16,2;15,8;91;89;91;341;2,4;,8;
2019/04/02;0900 UTC;0;957,3;957,3;956,9;;16,9;15,5;17,3;16,8;15,8;15,5;92;90;92;341;2,6;,9;
2019/04/02;1000 UTC;0;958,1;958,1;957,3;62;17;15,8;17,1;16,7;15,9;15,4;93;92;93;346;2,2;,8;
2019/04/02;1100 UTC;0;958,8;958,8;958,1;770,7;19,3;16,7;19,4;17;17;15,8;93;84;85;346;3,6;2;
2019/04/02;1200 UTC;0;959;959;958,7;1666;21,8;17;21,9;19,3;17,6;16,6;85;74;74;352;4,3;2,3;
2019/04/02;1300 UTC;0;959,4;959,4;958,9;2447,8;25,2;18,3;25,2;21,8;18,3;16,9;76;64;66;359;4,5;,9;
2019/04/02;1400 UTC;0;958,9;959,4;958,9;3046,9;26,7;18;26,9;24,6;18,9;17,2;67;57;59;4;4;1,5;
2019/04/02;1500 UTC;0;958;958,9;958;3356,1;29;18;30,1;26,5;19,4;17,4;62;48;51;94;4,1;,7;
2019/04/02;1600 UTC;0;957,3;958;957,3;3087,6;30,8;17,7;30,8;28,7;18,8;16,8;52;46;46;323;3,8;,5;
2019/04/02;1700 UTC;0;956,5;957,3;956,5;2997;31,4;15,4;31,7;29,5;18,6;14,1;49;35;38;176;4,3;1,4;
2019/04/02;1800 UTC;0;956;956,5;956;2495,7;31,4;13,4;31,6;30,5;16,4;12,8;41;33;33;61;4,3;1,3;
2019/04/02;1900 UTC;0;955,5;956;955,5;1850,5;30,1;13,7;31,6;30,1;15,4;13,3;39;34;37;75;5;2,1;
2019/04/02;2000 UTC;0;955,6;955,6;955,4;627,2;28,8;14,6;30,1;28,8;15,6;12,7;44;34;42;87;4,3;1,5;
2019/04/02;2100 UTC;0;955,6;955,7;955,5;152,5;27;16,8;28,8;27;16,8;14,6;54;42;54;82;2,7;1,5;
2019/04/02;2200 UTC;0;955,9;955,9;955,6;,3;26,8;16,2;27,1;26,4;17,1;16,1;56;51;52;72;3,3;1,8;
2019/04/02;2300 UTC;0;956,4;956,4;955,9;;25,9;16,1;26,8;25,5;16,7;16;58;52;55;73;4,5;2,2;
2019/04/03;0000 UTC;0;957,2;957,2;956,4;;23;16,8;26;23;16,9;16,1;68;54;68;44;4,5;,3;
2019/04/03;0100 UTC;0;957,2;957,2;957,1;;23;16,9;23,6;22,6;17;16,6;70;65;69;332;1,7;0;
2019/04/03;0200 UTC;0;957,1;957,2;957,1;;22,5;16,4;23,5;22,4;17,1;16,3;70;65;68;9;,5;0;
2019/04/03;0300 UTC;0;957;957,1;956,9;;19,7;17;22,5;19,6;17,5;16,3;85;68;84;16;1,6;,5;
2019/04/03;0400 UTC;0;956,4;957;956,4;;19,6;16,4;19,9;19,6;16,9;16,4;84;81;82;358;1,6;0;
2019/04/03;0500 UTC;0;956,5;956,6;956,3;;19,7;16,3;20,3;19,4;16,5;15,5;83;74;81;39;2,4;,6;
2019/04/03;0600 UTC;0;956,5;956,6;956,2;;19,4;16,4;19,7;19,3;16,5;15,9;83;80;83;22;1,6;,3;
2019/04/03;0700 UTC;0;955,9;956,5;955,8;;19,5;16,8;19,6;18,9;17,1;16,4;87;83;84;10;1,3;0;
2019/04/03;0800 UTC;0;956;956;955,7;;19,5;15,8;19,6;19;16,8;15,8;86;79;79;216;,8;0;
2019/04/03;0900 UTC;0;956,4;956,4;955,9;;18,8;16,2;19,5;18,7;16,2;15,9;85;79;85;300;1,8;,2;
2019/04/03;1000 UTC;0;956,8;956,8;956,4;54;19,2;16,5;19,2;18,7;16,6;16;86;83;85;5;1,2;0;
2019/04/03;1100 UTC;0;957,4;957,4;956,8;375,1;20,1;17,4;20,9;19,2;17,6;16,4;86;79;84;332;1,9;1,3;
2019/04/03;1200 UTC;0;957,8;957,8;957,3;1259,9;23,5;16,5;23,5;20,1;18,3;16,5;86;65;65;36;2,5;0;
2019/04/03;1300 UTC;0;957,5;957,9;957,5;2509,9;26;17,4;26,2;23,5;18,9;16,6;72;58;59;340;3,5;1,9;
2019/04/03;1400 UTC;0;957,4;957,6;957,4;3089,5;28,3;16,8;28,4;26,1;18;15,5;61;47;50;8;4,1;2,4;
2019/04/03;1500 UTC;0;956,6;957,4;956,6;2897,6;29,5;15,8;29,7;27,8;18,1;15,6;52;43;44;328;4;1,2;
2019/04/03;1600 UTC;0;955,7;956,6;955,7;3119,4;30,9;14;31;29,4;16,8;13,3;47;34;36;131;3,2;1;
2019/04/03;1700 UTC;0;955,2;955,7;955,2;2323,2;30,7;13,5;31,2;30,3;15,6;12,3;40;32;35;37;3,5;1,3;
2019/04/03;1800 UTC;0;954,5;955,2;954,5;1807,9;31;12,8;31,2;30,7;14,2;11,7;36;30;33;83;3,4;1;
2019/04/03;1900 UTC;0;954,1;954,5;954,1;1041,7;29,9;15,3;31,2;29,9;15,7;13,4;43;32;41;88;3,3;1,3;
2019/04/03;2000 UTC;0;953,8;954,1;953,8;818,7;29,9;16;30,3;29,7;16,8;15;46;40;43;125;3,8;1,2;
2019/04/03;2100 UTC;0;953,8;953,9;953,7;334,7;28,2;17,1;30;28,2;17,2;15,9;51;43;51;93;3,4;1,8;
2019/04/03;2200 UTC;0;954;954,1;953,8;5,6;26,8;16,7;28,2;26,7;17,4;16,7;56;51;54;71;3,6;1,5;
2019/04/03;2300 UTC;0;954,5;954,5;954;;25,7;16,7;26,9;25,7;17;16,4;58;53;57;84;3,6;1,6;
2019/04/04;0000 UTC;0;955;955;954,5;;24,7;16,6;25,8;24,7;16,7;16,1;61;55;61;16;2,8;,1;
2019/04/04;0100 UTC;0;955,1;955,1;954,9;;24,5;16,7;24,9;24;17,4;16,5;66;60;62;334;1,4;0;
2019/04/04;0200 UTC;0;955,2;955,3;955,1;;23,2;17,2;24,5;23;17,7;16,7;71;62;69;295;,8;0;
2019/04/04;0300 UTC;0;954,9;955,2;954,9;;22,1;17,3;23,2;22,1;17,6;17;74;69;74;15;,8;0;
2019/04/04;0400 UTC;0;954,4;954,9;954,4;;22,1;17,6;22,6;21,6;17,8;17,3;78;72;76;345;0;0;
2019/04/04;0500 UTC;0;953,7;954,4;953,7;;20,5;17,8;22,5;20,5;17,9;17;85;71;85;354;1,8;1,1;
2019/04/04;0600 UTC;0;953,3;953,7;953,3;;19,6;17,6;20,5;19,5;18,1;17,5;90;85;88;306;2;1,1;
2019/04/04;0700 UTC;0;953,1;953,4;953;;19,5;17,3;19,8;19,4;17,6;17,3;88;87;87;352;2,4;,3;
2019/04/04;0800 UTC;0;953,2;953,2;953;;19,3;17,1;19,5;19,3;17,3;17;87;86;87;341;1,3;,1;
2019/04/04;0900 UTC;0;953,5;953,5;953,2;;18,7;16,8;19,6;18,7;17,2;16,7;89;84;89;350;2,5;,6;
2019/04/04;1000 UTC;0;954,2;954,2;953,5;41;19,1;17;19,1;18,6;17,1;16,6;89;87;87;315;1,7;0;
2019/04/04;1100 UTC;0;954,7;954,7;954,2;552,4;21,8;17,9;22,4;19,1;18,2;17,1;88;76;79;13;1,3;0;
2019/04/04;1200 UTC;0;955,3;955,3;954,7;1537,5;24,4;18,5;24,5;21,8;19,1;17,2;79;68;70;8;2,3;,2;
2019/04/04;1300 UTC;0;955,3;955,4;955,3;2514,4;28,8;17,1;29,2;24,4;19,4;16,4;70;47;49;269;2,4;,4;
2019/04/04;1400 UTC;0;955,2;955,3;955,2;2162;29,8;17,5;30,2;28,6;19,1;15,3;52;43;48;166;2,5;,4;
2019/04/04;1500 UTC;0;954,4;955,2;954,4;2763,8;30,9;17,5;31,1;29,7;18,8;15,8;52;40;45;150;3,2;1,4;
2019/04/04;1600 UTC;0;953,7;954,4;953,7;2255,5;31,1;16,2;31,6;30,7;18;15,8;46;39;41;13;3,3;,8;
2019/04/04;1700 UTC;0;953,1;953,7;953,1;2390,3;31,9;15,4;32,2;31,1;17,8;15,4;44;37;37;105;3,9;1,4;
2019/04/04;1800 UTC;0;952,9;953,1;952,9;1328,5;30,8;17,3;31,9;30,8;17,5;15,8;45;37;44;117;3,9;1,8;
2019/04/04;1900 UTC;0;952,8;952,9;952,8;1132,1;30,6;17;30,8;30,5;18;16,9;47;43;44;137;4;1,4;
2019/04/04;2000 UTC;0;952,6;952,8;952,6;625;29,4;18,2;30,6;29,4;18,6;16,9;52;44;51;88;3,6;,3;
2019/04/04;2100 UTC;0;952,6;952,7;952,6;220,2;28,6;17,5;29,5;28,6;19,2;17,5;55;50;51;73;2,3;1,2;
2019/04/04;2200 UTC;0;953,1;953,1;952,6;,9;26,8;17,3;28,6;26,6;18,3;17;59;50;56;65;2,3;,9;
2019/04/04;2300 UTC;0;953,9;953,9;953,1;;26,9;17;27,5;26,6;17,7;16,7;58;52;55;47;2,8;,3;
2019/04/05;0000 UTC;0;954,6;954,6;953,9;;26,1;17,5;27,3;26,1;17,6;16,7;59;52;59;215;1,4;0;
2019/04/05;0100 UTC;0;955,1;955,1;954,6;;25,5;17,8;26,2;25,5;18,1;17,1;63;58;63;207;0;0;
2019/04/05;0200 UTC;0;954,8;955,1;954,8;;26,2;17,4;26,3;25,3;18;17,3;64;58;58;235;2;,3;
2019/04/05;0300 UTC;0;954,6;954,8;954,6;;24,5;19,1;26,2;24,5;19,1;17,3;72;58;72;221;3,1;0;
2019/04/05;0400 UTC;0;954,8;954,8;954,6;;24;19,2;24,5;23,9;19,2;19,1;75;72;75;18;,7;0;
2019/04/05;0500 UTC;0;954,3;954,8;954,3;;23,7;19,2;24,2;23,7;19,5;19,2;77;74;76;254;,7;0;
2019/04/05;0600 UTC;0;953,8;954,3;953,7;;22,8;19,4;23,7;22,8;19,5;19;81;75;81;349;2;,3;
2019/04/05;0700 UTC;0;953,5;953,8;953,5;;22,7;19,6;23,1;22,6;19,6;19,4;83;80;82;239;2,2;,2;
2019/04/05;0800 UTC;0;953,3;953,6;953,3;;22,5;19,6;22,9;22,3;19,7;19,5;84;82;84;63;1,8;,6;
2019/04/05;0900 UTC;0;953,8;953,8;953,3;;22,1;19,5;22,5;22,1;19,6;19,5;85;83;85;96;1,4;,1;
2019/04/05;1000 UTC;0;955,1;955,1;953,8;49,8;22,4;19,9;22,4;21,8;19,9;19,3;86;84;85;84;1,4;,1;
2019/04/05;1100 UTC;0;956,2;956,2;955,1;475,8;25,3;20,2;25,4;22,4;20,7;19,8;86;73;73;179;4,1;2;
2019/04/05;1200 UTC;0;957;957;956,2;1371,5;26,5;20,5;26,8;25,3;21,1;20,1;74;69;69;189;7,4;2,9;
2019/04/05;1300 UTC;0;956,8;957,1;956,8;2235,2;28,2;20,8;29;26,5;21,3;20,3;70;61;64;179;8,1;3,5;
2019/04/05;1400 UTC;0;956,3;956,8;956,2;2569,5;29,9;21;30,1;28,1;22,3;20,5;65;57;59;175;9,5;4,2;
2019/04/05;1500 UTC;0;955,9;956,3;955,9;2671,6;30,6;21,2;30,7;29,8;21,3;20,4;59;55;57;168;8,9;3,2;
2019/04/05;1600 UTC;0;955,1;956;955,1;2159,2;30,9;20,9;31,4;30,1;21,4;20,1;57;53;55;142;8,6;2,3;
2019/04/05;1700 UTC;0;953,7;955,1;953,7;2289,5;31,2;20,8;31,8;30,4;21,2;20,4;56;52;54;163;7,5;3;
2019/04/05;1800 UTC;0;953,6;953,8;953,6;1580,5;28,4;19,1;31,5;28,1;21,4;18,8;63;53;57;191;10,1;2,4;
2019/04/05;1900 UTC;0;953,5;953,6;953;860,6;27,4;20,3;28,4;27;20,4;18,6;66;56;66;184;6,5;,9;
2019/04/05;2000 UTC;0;953,8;953,8;953,5;214,6;26;21,1;27,5;26;21,1;20,3;75;65;75;15;2,8;,2;
2019/04/05;2100 UTC;0;954;954;953,6;79,4;24,5;20,9;26;24,5;21;20,6;81;73;80;339;2,7;1,2;
2019/04/05;2200 UTC;0;955,3;955,3;954;;23,9;20,8;24,5;23,8;21;20,7;84;80;83;37;2,5;1;
2019/04/05;2300 UTC;7,8;956,2;956,6;955,2;;22,4;19,4;24,3;22,3;21;19,3;85;75;84;226;8,2;2;
2019/04/06;0000 UTC;,8;956,3;956,3;955,9;;22,7;19,8;24,5;22,2;19,8;18,9;86;72;84;247;7;1,7;
2019/04/06;0100 UTC;0;956,5;956,5;956,2;;22,7;20,1;23;22,6;20,3;19,6;87;82;85;253;3,5;1,3;
2019/04/06;0200 UTC;0;957,1;957,1;956,4;;22,1;20,3;22,7;22,1;20,4;20,1;90;85;90;162;4,4;2,1;
2019/04/06;0300 UTC;0;957,3;957,4;957,1;;22,1;20,4;22,3;22;20,4;20,2;90;88;90;177;4,4;,6;
2019/04/06;0400 UTC;0;957;957,3;957;;22,5;20,7;22,5;22;20,7;20,3;91;90;90;116;2,3;1;
2019/04/06;0500 UTC;0;956,9;957;956,5;;21,8;20,2;22,6;21,8;20,7;20;90;89;90;194;2,6;1;
2019/04/06;0600 UTC;0;956,6;956,9;956,6;;21,6;20,2;22;21,6;20,4;20,2;92;90;92;339;2,6;0;
2019/04/06;0700 UTC;0;956,1;956,6;955,9;;21,7;20,3;21,9;21,6;20,3;20,1;92;90;91;325;2,4;,3;
2019/04/06;0800 UTC;0;956,3;956,3;956;;21,5;20,3;21,7;21,4;20,3;20,1;93;91;93;1;3,2;,3;
2019/04/06;0900 UTC;,2;956,7;956,7;956,3;;21,3;20,1;21,7;21,3;20,4;20,1;93;93;93;344;3,2;0;
2019/04/06;1000 UTC;0;957,5;957,5;956,7;74,6;21,6;20,4;21,6;21,2;20,4;20;93;93;93;337;2,2;,2;
2019/04/06;1100 UTC;0;958,1;958,1;957,5;495;22,8;21,3;22,8;21,6;21,3;20,4;93;91;91;333;2,2;0;
2019/04/06;1200 UTC;0;958,9;958,9;958,1;677,3;24;21,8;24;22,8;22;21,3;91;87;87;309;2,7;1,2;
2019/04/06;1300 UTC;0;958,8;959;958,8;1694,1;26,9;22,2;27;24;22,4;21,3;87;74;76;273;2,8;1,6;
2019/04/06;1400 UTC;0;958,6;958,8;958,6;3067,7;29,3;22,7;29,5;26,9;23;21,3;76;64;68;270;4,1;1,5;
2019/04/06;1500 UTC;0;958;958,6;958;3327;31,4;20,7;31,6;29,1;22,7;20,6;68;53;53;208;4,5;1,2;
2019/04/06;1600 UTC;0;956,8;958;956,8;2697,2;31,9;20,7;32;30,3;21,6;19,4;55;48;52;198;5,9;1,9;
2019/04/06;1700 UTC;0;955,5;956,8;955,5;2659,7;31;20,3;33,5;30,6;21,9;19,1;56;44;53;179;6,8;2,1;
2019/04/06;1800 UTC;,2;954,8;955,5;954,8;537,1;27,8;20,8;31,1;27,8;22,6;20,4;67;53;66;156;6,8;2,2;
2019/04/06;1900 UTC;0;954,6;954,8;954,6;578,9;27,7;20,4;28,7;27,5;22,9;20,2;72;63;65;160;6,1;1,9;
2019/04/06;2000 UTC;0;954,6;954,6;954,3;607,2;28,7;21,4;28,8;26,7;22,5;20,6;76;64;65;256;6,1;1,3;
2019/04/06;2100 UTC;0;955,2;955,2;954,5;392,1;28,3;21,8;29,5;28,2;22,9;20,8;71;60;68;157;2,5;,5;
2019/04/06;2200 UTC;0;956;956;955,2;;27,6;20,7;28,3;26,9;22,1;20;72;62;66;179;1,3;,9;
2019/04/06;2300 UTC;0;956,7;956,7;955,9;;25,2;20,1;28,1;25,1;21,2;18,4;74;61;74;182;5,1;2;
2019/04/07;0000 UTC;,6;958;958;956,7;;23,6;21,6;25,6;23,6;21,6;20,1;88;72;88;173;4,9;,1;
2019/04/07;0100 UTC;0;958,6;958,6;958;;23,7;21;23,7;23,5;21,8;20,9;89;84;85;140;4;,3;
2019/04/07;0200 UTC;0;958,8;959,1;958,5;;23;20,9;23,8;23;21,1;20,7;88;83;88;227;3;,1;
2019/04/07;0300 UTC;0;959,1;959,2;958,8;;22,9;20,8;23;22,8;21,1;20,7;89;88;88;2;1,7;0;
2019/04/07;0400 UTC;2,6;959;959,5;959;;22,4;20,8;22,9;22,4;21,3;20,7;91;88;91;24;2,1;0;
2019/04/07;0500 UTC;2,2;958,4;959;958,4;;22;20,8;22,4;22;20,9;20,6;93;90;92;5;3;1,1;
2019/04/07;0600 UTC;,6;958,4;958,4;958,2;;22;20,9;22,1;22;20,9;20,8;93;92;93;339;2,5;0;
2019/04/07;0700 UTC;,2;958,2;958,4;958,1;;21,8;20,7;22;21,8;20,9;20,7;93;93;93;308;2,6;,7;
2019/04/07;0800 UTC;0;958,2;958,3;958,1;;21,8;20,7;21,9;21,8;20,8;20,7;94;93;94;310;2;,1;
2019/04/07;0900 UTC;0;958,7;958,7;958,2;;21,7;20,6;21,8;21,7;20,7;20,6;94;94;94;312;1,6;,1;
2019/04/07;1000 UTC;0;959,3;959,3;958,7;21,9;21,8;20,7;21,8;21,7;20,7;20,6;94;94;94;288;2,1;,3;
2019/04/07;1100 UTC;0;959,8;959,8;959,3;316,3;22,7;21,6;22,8;21,8;21,6;20,8;94;93;93;311;1,9;,2;
2019/04/07;1200 UTC;0;960,1;960,2;959,8;1157,5;24,9;21,9;24,9;22,6;22,2;21,4;93;82;83;268;3,4;1,1;
2019/04/07;1300 UTC;0;960;960,2;960;1888,4;26,2;21,8;26,6;24,9;22,6;21,5;83;75;77;266;4,4;1,8;
2019/04/07;1400 UTC;0;959,8;960,1;959,8;2124,9;27,5;21,5;27,7;26,2;22,8;21,5;78;69;70;264;5,2;2,2;
2019/04/07;1500 UTC;0;959,1;959,8;959,1;2492,9;28,7;20,7;29,1;27,6;22,7;20,7;71;61;62;244;5,1;1,3;
2019/04/07;1600 UTC;0;958,2;959,1;958,2;2532,6;29,9;21,5;31,2;28,7;22;20,3;64;55;61;234;4,5;,7;
2019/04/07;1700 UTC;0;957,5;958,2;957,5;1452,3;29,7;21,6;30,3;29,4;21,9;20,4;62;57;62;175;4,5;1,6;
2019/04/07;1800 UTC;0;956,7;957,5;956,7;1008,4;28,3;21,7;29,8;28,3;22,1;21,1;68;59;67;146;3,8;,6;
2019/04/07;1900 UTC;0;956,3;956,7;956,3;823,6;28,1;22,2;28,5;28;22,3;21,4;71;66;71;60;2,9;,6;
2019/04/07;2000 UTC;0;956,4;956,4;956,2;413;26,3;22,4;28,1;26,3;22,9;21,8;79;69;79;328;3;1,2;
2019/04/07;2100 UTC;0;956,4;956,4;956,2;186,4;24,9;22,1;26,3;24,9;22,4;21,9;84;78;84;356;3,7;1;
2019/04/07;2200 UTC;0;956,8;956,9;956,3;;24,5;21,8;24,9;24,5;22,1;21,8;86;84;85;279;2,7;,9;
2019/04/07;2300 UTC;0;957,5;957,5;956,8;;23,7;20,2;24,6;23,6;22;19,6;86;76;81;346;3,4;0;
2019/04/08;0000 UTC;0;957,8;957,8;957,5;;23,9;21,4;24,2;23,7;21,4;20,2;86;80;86;60;,8;0;
2019/04/08;0100 UTC;0;958,1;958,2;957,7;;24,2;21,7;24,2;23,9;22;21,4;88;86;86;99;3,9;1,7;
2019/04/08;0200 UTC;0;958;958,2;957,9;;22;19;24,2;22;21,6;18,8;86;80;83;92;5,3;1,5;
2019/04/08;0300 UTC;3,4;957,8;958;957,8;;20,8;19,3;22;20,8;19,5;18,8;91;82;91;69;3,9;,8;
2019/04/08;0400 UTC;,6;957,5;957,9;957,5;;21,1;19,7;21,1;20,8;19,7;19,3;92;91;92;179;2,3;,1;
2019/04/08;0500 UTC;0;957,6;957,7;957,5;;21;19,8;21,1;20,9;19,8;19,5;93;91;93;216;3;,1;
2019/04/08;0600 UTC;0;957,4;957,6;957,4;;21,1;19,8;21,2;20,9;19,9;19,6;93;92;92;240;2;0;
2019/04/08;0700 UTC;1,4;957;957,4;957;;21;19,7;21,2;21;20;19,7;92;92;92;290;2,6;1;
2019/04/08;0800 UTC;1,8;956,8;957;956,7;;20,4;18,9;21,1;20,4;19,7;18,9;92;91;91;251;4,3;2;
2019/04/08;0900 UTC;0;957,3;957,3;956,8;;20,5;19,2;20,5;20,3;19,2;18,9;92;91;92;249;4,3;,7;
2019/04/08;1000 UTC;,2;958,1;958,1;957,3;4;20,8;19,5;20,9;20,5;19,6;19,2;92;92;92;73;3,2;0;
2019/04/08;1100 UTC;,8;958,4;958,4;958,1;105,6;20,5;19,1;20,8;20,3;19,6;18,9;92;91;92;106;4,9;,5;
2019/04/08;1200 UTC;3,8;958,9;958,9;958,4;424,4;21;19,3;21,1;20,4;19,7;19;92;90;90;115;3,7;,2;
2019/04/08;1300 UTC;0;959,3;959,3;958,8;749,9;22,2;19,6;22,2;20,9;20,3;19,2;91;85;86;231;4,9;,9;
2019/04/08;1400 UTC;0;959,2;959,4;959,2;1007,2;23;19,9;23;22,2;20,1;19,4;87;81;83;175;4,8;,7;
2019/04/08;1500 UTC;0;958,5;959,2;958,5;1228,7;23,5;20,9;24;22,9;21;19,5;85;78;85;198;4,7;1,3;
2019/04/08;1600 UTC;0;957,7;958,5;957,7;1777,8;24,9;20,1;25,5;23,5;21;19,9;85;73;75;205;6,3;2,6;
2019/04/08;1700 UTC;0;957;957,8;957;1752,3;25,3;20;25,7;24,3;21,3;19,8;79;72;72;178;6,3;1;
2019/04/08;1800 UTC;0;956,2;957;956,2;1392,1;26;20,4;26,4;25;20,7;19,5;76;67;71;186;5,5;1,3;
2019/04/08;1900 UTC;0;955,9;956,2;955,9;854,8;25,7;20,3;26,5;25,4;20,6;19,5;74;68;72;182;4,4;1,5;
2019/04/08;2000 UTC;0;956;956,1;955,9;569,9;24,5;20,4;27,2;24,5;21;19,8;78;65;78;168;4,9;,8;
2019/04/08;2100 UTC;0;956,3;956,3;956;227;23,7;20,5;25,1;23,7;20,7;20;83;74;82;214;2,3;0;
2019/04/08;2200 UTC;0;956,7;956,7;956,2;1,6;22,2;20,6;23,7;22,2;20,7;20,3;90;83;90;189;,8;,1;
2019/04/08;2300 UTC;0;957,6;957,6;956,7;;21,9;20,5;22,2;21,7;20,6;20,2;92;90;92;188;1,8;0;
2019/04/09;0000 UTC;,2;958,8;958,8;957,5;;20,7;19;22,3;20,7;21;18,9;92;86;89;8;7,4;3,3;
2019/04/09;0100 UTC;0;959,1;959,2;958,7;;20,3;18,4;20,8;20,3;18,9;18,4;90;88;89;335;6,8;3,3;
2019/04/09;0200 UTC;,2;959;959,1;959;;19,8;18,3;20,3;19,8;18,4;18,3;91;89;91;9;6,3;,6;
2019/04/09;0300 UTC;0;958,9;959,1;958,9;;19,5;17,6;19,8;19,5;18,3;17,6;92;89;89;16;2,8;1,1;
2019/04/09;0400 UTC;0;958,5;958,9;958,5;;19,1;17,1;19,6;19;17,6;17,1;90;88;88;12;4,4;2,4;
2019/04/09;0500 UTC;0;958,1;958,5;958,1;;18,5;16,5;19,2;18,4;17,1;16,5;89;87;89;4;5,1;1,4;
2019/04/09;0600 UTC;0;957,9;958,1;957,8;;18;16,4;18,5;17,9;16,6;16,3;91;88;91;1;3,3;1;
2019/04/09;0700 UTC;0;957,7;957,9;957,7;;17,5;16,2;18;17,4;16,4;16;92;91;92;331;2,2;,7;
2019/04/09;0800 UTC;0;958,1;958,1;957,7;;18,2;16,8;18,2;17,5;16,8;16,2;93;92;92;330;2,2;,7;
2019/04/09;0900 UTC;0;958,7;958,7;958,1;;18,6;17;18,7;18,2;17,1;16,8;92;90;90;336;2,3;,6;
2019/04/09;1000 UTC;0;959,2;959,2;958,7;24,5;18,8;17,4;18,8;18,5;17,4;16,9;92;90;92;12;2,3;0;
2019/04/09;1100 UTC;0;959,5;959,5;959,2;575,3;20,3;17,8;20,3;18,8;18;17,4;92;85;85;359;4,1;2,3;
2019/04/09;1200 UTC;0;959,8;959,8;959,5;1306,3;21,7;18,1;21,8;20;18,7;17,6;88;80;80;342;5,7;3,2;
2019/04/09;1300 UTC;0;960,1;960,1;959,8;1607,8;22;17,9;23,1;21,5;18,8;17,5;81;73;77;359;7,7;3,5;
2019/04/09;1400 UTC;0;959,8;960,1;959,8;1322,2;23,4;17,9;23,4;21,9;18,4;17,4;78;71;71;2;6,8;3,4;
2019/04/09;1500 UTC;0;959;959,8;959;1822,7;24,1;18,3;24,5;23,2;18,8;17,5;73;68;70;6;7;3,4;
2019/04/09;1600 UTC;0;958,5;959;958,5;1292,2;23,8;17,6;24,4;23,7;18,6;17,5;71;67;69;4;6,6;2,9;
2019/04/09;1700 UTC;0;957,8;958,5;957,7;1321,8;24,7;18,1;24,8;23,7;18,4;17,6;70;65;67;12;6,8;3,7;
2019/04/09;1800 UTC;0;957,3;957,7;957,3;1362,4;25,1;18,4;25,4;24,6;18,4;17,4;67;64;66;13;6,2;3;
2019/04/09;1900 UTC;0;956,9;957,3;956,9;1642,8;26,1;18,4;26,1;25,1;18,7;17,4;66;60;63;351;7,2;3,4;
2019/04/09;2000 UTC;0;956,9;957;956,8;460,4;24,9;17,7;26,2;24,4;18,6;17,6;69;61;65;7;6,3;3,9;
2019/04/09;2100 UTC;0;956,9;956,9;956,8;93;23,1;18;24,8;23,1;18,2;17,7;73;65;73;4;6,3;3;
2019/04/09;2200 UTC;0;957,5;957,5;956,9;;21,6;17,8;23,1;21,4;18,1;17,8;80;73;79;6;5,4;2,8;
2019/04/09;2300 UTC;0;958,3;958,3;957,5;;20,6;17,2;21,6;20,6;17,8;17,2;81;79;81;8;6,8;2,8;
2019/04/10;0000 UTC;0;958,8;958,8;958,3;;19,8;16,7;20,6;19,8;17,2;16,7;83;80;82;15;5,3;2,7;
2019/04/10;0100 UTC;0;959;959;958,8;;19,3;16,2;19,9;19,2;16,7;16,2;83;82;82;6;6,2;3,3;
2019/04/10;0200 UTC;0;959,1;959,1;958,9;;18,5;16,1;19,4;18,4;16,2;16,1;86;82;86;2;5,8;2,7;
2019/04/10;0300 UTC;0;958,9;959,1;958,8;;17,9;15,9;18,6;17,9;16,1;15,9;88;86;88;360;5,2;2,3;
2019/04/10;0400 UTC;0;958,5;958,9;958,5;;17,7;15,9;18;17,7;16;15,8;89;88;89;2;5,3;2,8;
2019/04/10;0500 UTC;0;958,2;958,6;958,2;;17,3;15,7;17,7;17,3;15,9;15,7;91;89;90;4;4,8;2,4;
2019/04/10;0600 UTC;0;958;958,2;958;;17,3;15,7;17,5;17,2;15,9;15,7;91;90;90;3;4,8;2,7;
2019/04/10;0700 UTC;0;957,6;958;957,6;;17,7;16,1;17,7;17,3;16,1;15,7;91;90;90;2;5,7;3,2;
2019/04/10;0800 UTC;0;957,7;957,7;957,5;;17,6;16,1;17,9;17,6;16,2;16;91;89;91;360;5,8;2,9;
2019/04/10;0900 UTC;0;958,4;958,4;957,7;;17,1;15,8;17,8;17,1;16,2;15,7;92;90;92;355;5,9;1,4;
2019/04/10;1000 UTC;0;959,1;959,1;958,4;32,1;17,7;16;17,8;17,1;16,1;15,8;92;90;90;3;4,5;2,4;
2019/04/10;1100 UTC;0;959,7;959,7;959,1;695,3;19,5;17,2;19,5;17,7;17,2;16;90;86;86;360;5,1;2,5;
2019/04/10;1200 UTC;0;959,9;960;959,7;1629,7;21,2;16,8;21,5;19,5;17,6;16,6;86;75;76;352;8,1;4,2;
2019/04/10;1300 UTC;0;960,1;960,2;959,9;2402,2;23,1;16,8;23,3;21,2;17,6;16,5;78;67;67;335;9,5;5,1;
2019/04/10;1400 UTC;0;959,8;960,2;959,8;3035,3;24,6;17,2;25;23,1;18,2;16,6;70;62;63;340;9,4;3,6;
2019/04/10;1500 UTC;0;959,2;959,8;959,2;2950,9;25,8;17,9;26,1;23,9;18,7;16,5;68;60;62;350;7,5;2,9;
2019/04/10;1600 UTC;0;958,5;959,2;958,5;2975,2;26,3;17,5;27,2;25,1;19,1;17;66;56;58;4;6;2,7;
2019/04/10;1700 UTC;0;957,8;958,5;957,8;2970,3;26,8;17,7;28,1;26,1;19;17,2;60;53;58;8;5,7;2,3;
2019/04/10;1800 UTC;0;957,2;957,8;957,2;2128,8;28,6;18,6;28,6;26,5;18,9;17,2;59;51;54;352;5,3;1,3;
2019/04/10;1900 UTC;0;956,7;957,2;956,7;1914;28;17,4;28,7;27;18,3;16,4;57;49;52;15;5,1;2,1;
2019/04/10;2000 UTC;0;956,8;956,8;956,7;576,1;26,6;17,8;28,1;26,6;18,1;16,9;59;51;59;30;6,6;3,3;
2019/04/10;2100 UTC;0;956,8;956,8;956,8;98,3;24,3;17,2;26,6;24,3;17,9;17,2;65;58;65;18;7,3;2,8;
2019/04/10;2200 UTC;0;957,3;957,3;956,8;;22,4;17;24,3;22,4;17,2;17;71;64;71;14;5,9;2,6;
2019/04/10;2300 UTC;0;957,9;957,9;957,3;;21,5;16,9;22,6;21;17,2;16,9;78;71;75;2;5,6;3;
2019/04/11;0000 UTC;0;958,4;958,4;957,9;;19,7;16,8;21,5;19,7;16,9;16,7;83;75;83;354;4,6;2;
2019/04/11;0100 UTC;0;958,9;958,9;958,4;;19,1;16,5;19,7;19,1;16,8;16,5;85;83;85;351;3;1,7;
2019/04/11;0200 UTC;0;959,1;959,2;958,9;;19,5;16,6;19,9;19,1;16,6;16,4;85;82;83;16;4,6;2,5;
2019/04/11;0300 UTC;0;959,2;959,2;959;;18,9;16,4;19,5;18,9;16,6;16,3;85;83;85;14;4,9;2,6;
2019/04/11;0400 UTC;0;958,8;959,2;958,8;;18,4;16,2;19;18,3;16,4;16,1;87;85;87;8;4,9;2,8;
2019/04/11;0500 UTC;0;958,4;958,8;958,3;;17,7;15,8;18,4;17,7;16,2;15,8;89;87;89;10;5,5;2,5;
2019/04/11;0600 UTC;0;958,4;958,5;958,3;;17;15,5;17,7;17;15,9;15,4;91;89;91;360;3,6;1,5;
2019/04/11;0700 UTC;0;958,1;958,4;958;;16,5;15,3;17;16,2;15,6;15;93;91;93;350;2,7;,7;
2019/04/11;0800 UTC;0;957,8;958,1;957,8;;16,3;15,1;16,7;16,2;15,5;14,9;93;92;93;358;3,5;1,7;
2019/04/11;0900 UTC;0;958,3;958,4;957,8;;16,2;15,1;16,3;15,9;15,2;14,8;94;93;94;350;3;0;
2019/04/11;1000 UTC;0;958,9;958,9;958,3;32,3;16,4;15,4;16,4;15,9;15,4;14,8;94;93;94;8;1,8;,6;
2019/04/11;1100 UTC;0;959,7;959,7;958,9;783,4;18,3;16,1;18,3;16,4;16,2;15,4;94;86;87;352;3;1,7;
2019/04/11;1200 UTC;0;960,2;960,2;959,7;1560,2;20,4;17,2;20,6;18,3;17,8;15,8;87;79;82;356;4;2,2;
2019/04/11;1300 UTC;0;960,1;960,4;960,1;2211,3;22,8;17,4;23;20,5;18,2;16,8;82;72;72;322;4,7;2,2;
2019/04/11;1400 UTC;0;959,7;960,2;959,7;2787,4;25,2;18,2;25,8;22,8;18,8;17,5;75;62;65;282;4,6;1,5;
2019/04/11;1500 UTC;0;958,8;959,7;958,8;3259,2;28,2;19,5;28,8;25,2;19,9;18;66;56;59;272;4,4;1,8;
2019/04/11;1600 UTC;0;958;958,8;958;2407,5;28;19;30;27,9;20,4;17,7;62;51;58;142;4,5;1,5;
2019/04/11;1700 UTC;0;957,1;958;957,1;2909;29,7;18,9;30,5;27,9;20;17,9;59;49;52;122;5,1;2,3;
2019/04/11;1800 UTC;0;956,5;957,1;956,5;2740,1;30;18,9;31,2;29,4;19,6;18,3;54;46;51;84;4,7;2,3;
2019/04/11;1900 UTC;0;956,4;956,6;956,4;2032,7;29,7;18,2;30,8;29,3;19,5;17,7;53;49;50;99;6,9;3,5;
2019/04/11;2000 UTC;0;956,3;956,5;956,3;525,4;28,6;18,3;29,9;28,6;19;17,4;54;48;54;109;6,1;2,7;
2019/04/11;2100 UTC;0;956,3;956,4;956,3;118,7;26,9;18,2;28,6;26,8;18,6;18,1;60;53;59;126;4,5;,4;
2019/04/11;2200 UTC;0;956,6;956,6;956,2;;26;18,6;26,9;25;18,7;18,1;68;59;64;76;2,8;1,2;
2019/04/11;2300 UTC;0;957,1;957,1;956,6;;25;18,5;26;25;18,6;18,4;68;63;68;75;3,7;1,9;
2019/04/12;0000 UTC;0;957,5;957,5;957,1;;23,5;18,2;25,2;23,4;18,6;18,2;73;66;72;35;3,9;1;
2019/04/12;0100 UTC;0;957,7;957,8;957,4;;22,8;17,9;23,6;22,6;18,2;17,7;75;72;74;56;2,4;,4;
2019/04/12;0200 UTC;0;958,1;958,1;957,7;;22,5;17,5;23,1;22,1;18;17,5;76;71;73;58;3,3;1,6;
2019/04/12;0300 UTC;0;958,2;958,2;958;;21,7;17,7;22,5;21,2;17,8;17,4;80;73;78;24;2,9;1,4;
2019/04/12;0400 UTC;0;957,9;958,2;957,9;;20,6;17,7;21,8;20,6;17,8;17,5;84;78;84;23;2,9;1,6;
2019/04/12;0500 UTC;0;957,9;958;957,8;;20,1;17,8;20,7;20;18;17,7;87;84;87;6;3;1,3;
2019/04/12;0600 UTC;0;957,8;958;957,7;;19,6;17,7;20,2;19,5;18,1;17,7;90;87;89;8;3,5;1,9;
2019/04/12;0700 UTC;0;957,4;957,8;957,4;;18,5;17,1;19,6;18,5;17,9;17,1;92;89;92;346;3,3;,9;
2019/04/12;0800 UTC;0;957,3;957,5;957,2;;18,3;17,2;18,5;18,2;17,2;17;94;92;94;2;2;,7;
2019/04/12;0900 UTC;0;957,7;957,7;957,3;;18,2;17,2;18,4;18,1;17,3;17;94;94;94;359;1,8;,4;
2019/04/12;1000 UTC;0;958;958;957,7;45,8;18,1;17,2;18,2;17,9;17,2;16,9;94;94;94;348;1,9;,5;
2019/04/12;1100 UTC;0;958,6;958,6;958;441,2;19,4;18,3;19,4;18,1;18,3;17,2;94;94;94;3;2,9;1,3;
2019/04/12;1200 UTC;0;958,9;958,9;958,6;1361,1;21,9;18,9;22;19,2;19,9;18,1;94;83;83;350;3,5;1,6;
2019/04/12;1300 UTC;0;959,1;959,2;959;2284,1;24,7;20;24,7;21,8;20;18,5;85;71;75;349;3,7;1,6;
2019/04/12;1400 UTC;0;958,7;959,1;958,7;2840,9;27,7;19,5;27,8;24,5;20,2;18,4;75;59;61;285;4,1;1,6;
2019/04/12;1500 UTC;0;958,3;958,7;958,3;2980,6;28;18,8;28,8;27,7;20,1;18,1;62;55;57;285;3,9;,3;
2019/04/12;1600 UTC;0;957,5;958,3;957,5;2410,7;29,9;18,9;30,2;27,9;19,8;18,1;59;50;52;58;2,7;,2;
2019/04/12;1700 UTC;0;956,6;957,5;956,6;2564,4;30,4;18,4;31,6;29,4;20,3;18;55;47;49;73;3;,9;
2019/04/12;1800 UTC;0;956;956,6;956;2022;30,6;15,7;31,2;29,9;18,9;15,2;50;39;41;14;3,2;0;
2019/04/12;1900 UTC;0;955,5;956;955,5;1588,6;30,7;18,5;31;30,1;19;15,7;50;40;48;332;2,3;,1;
2019/04/12;2000 UTC;0;955,3;955,5;955,3;510,2;29,2;16,6;30,8;28,8;18;15,6;52;43;46;53;2,8;1;
2019/04/12;2100 UTC;0;955,3;955,4;955,2;102,6;27,3;16,3;29,2;27,3;17;16;52;45;51;65;2,9;1,5;
2019/04/12;2200 UTC;0;955,7;955,7;955,2;;25,8;15,8;27,6;25,5;16,3;15,4;55;50;54;60;2,9;,6;
2019/04/12;2300 UTC;0;956,5;956,5;955,7;;25,2;16,5;26;25,2;16,5;15,6;59;53;59;63;1,3;,2;
2019/04/13;0000 UTC;0;957;957;956,5;;23,5;17,2;25,2;23,5;17,2;16,5;68;59;68;355;1,6;,1;
2019/04/13;0100 UTC;0;957,4;957,4;957;;22;17,5;23,5;22;17,5;17,2;76;68;76;41;1,4;,2;
2019/04/13;0200 UTC;0;957,5;957,6;957,4;;22,6;17,6;22,6;21,3;18,4;17,5;83;73;73;352;2,1;0;
2019/04/13;0300 UTC;0;957,3;957,5;957,3;;20,9;18,3;22,8;20,8;18,3;17,6;85;73;85;352;1,6;,4;
2019/04/13;0400 UTC;0;957;957,4;957;;20,4;17,6;20,9;20,4;18,3;17,6;86;83;84;6;2,6;1,4;
2019/04/13;0500 UTC;0;956,8;957,1;956,8;;20;17,9;20,5;19,7;18,1;17,6;89;84;88;341;2,9;,3;
2019/04/13;0600 UTC;0;956,7;956,9;956,7;;19,4;17,4;20,1;19,4;17,9;17,4;88;86;88;357;1,6;,5;
2019/04/13;0700 UTC;0;956,6;956,7;956,3;;19,4;17,3;19,5;19;17,5;17,2;90;88;88;320;2,2;,2;
2019/04/13;0800 UTC;0;956,6;956,7;956,5;;19,3;17,6;19,6;19,2;17,8;17,3;90;88;90;351;2,7;,2;
2019/04/13;0900 UTC;0;957,3;957,3;956,6;;19;17,7;19,6;18,9;17,7;17,3;92;88;92;345;2,2;,1;
2019/04/13;1000 UTC;0;957,9;957,9;957,3;24,4;19,8;17,8;19,8;19;17,9;17,7;92;88;88;32;,9;0;
2019/04/13;1100 UTC;0;958,6;958,6;957,9;209,6;20,4;18,2;20,4;19,8;18,4;17,7;89;87;87;294;2,3;,3;
2019/04/13;1200 UTC;0;959;959;958,6;650,3;22,1;18,7;22,1;20,4;18,8;17,9;88;79;81;1;3;,1;
2019/04/13;1300 UTC;0;959,1;959,1;959;847;23;18,9;23;22;19,2;18,2;82;77;78;4;2,3;,6;
2019/04/13;1400 UTC;0;958,6;959,2;958,6;1224;24,6;19,2;25;22,9;19,9;18,8;79;71;72;19;2,3;,3;
2019/04/13;1500 UTC;0;958;958,7;958;1807,1;27;20,2;27;24,6;20,5;19,2;73;66;66;12;2,8;1,4;
2019/04/13;1600 UTC;0;957;958;957;2041,8;28,9;20,1;28,9;26,7;20,8;19;67;57;59;298;3,6;,6;
2019/04/13;1700 UTC;0;956,2;957,1;956,2;2780,3;29,1;19,9;30,5;28,4;20,4;18,8;61;52;58;288;3,8;1,2;
2019/04/13;1800 UTC;0;955,6;956,2;955,4;1420,3;28,3;19,9;30,2;28,1;20,7;18,9;62;52;60;288;3;,1;
2019/04/13;1900 UTC;0;955,1;955,6;955;342,3;27,4;21;28,3;27,3;21,8;19,9;72;60;68;50;2,1;,2;
2019/04/13;2000 UTC;0;955,3;955,3;954,8;477,7;26,9;22;28,2;26,8;22,2;20,3;76;63;75;343;,9;0;
2019/04/13;2100 UTC;0;955,4;955,6;955,2;80,4;25,8;21;26,9;25,7;22;21;78;72;75;101;2,4;1,2;
2019/04/13;2200 UTC;0;956,4;956,4;955,4;;24,7;20,3;25,9;24,7;21;20,2;77;74;77;3;3,2;1,7;
2019/04/13;2300 UTC;0;957,3;957,3;956,4;;23;19,8;24,7;23;20,4;19,6;82;76;82;283;8,3;4;
2019/04/14;0000 UTC;,2;958,1;958,1;957,3;;21,9;19,8;22,9;21,9;19,8;19,7;88;82;88;307;8,4;3,1;
2019/04/14;0100 UTC;2,8;958,6;958,6;958,2;;21,1;19,6;21,9;21,1;19,8;19,5;91;88;91;316;5,6;1,7;
2019/04/14;0200 UTC;4,2;958,6;958,6;958,4;;21;19,6;21,2;21;19,8;19,6;92;91;92;304;6,2;2,7;
2019/04/14;0300 UTC;3,6;958,9;959;958,5;;20,8;19,5;21;20,8;19,6;19,5;93;92;93;256;6,2;,8;
2019/04/14;0400 UTC;3,8;958,8;959;958,8;;21;19,8;21;20,8;19,9;19,5;93;92;93;285;3,7;,4;
2019/04/14;0500 UTC;1,6;958;958,9;958;;20,7;19,6;21;20,7;19,8;19,6;93;93;93;319;4,8;2,6;
2019/04/14;0600 UTC;4,2;957,7;958;957,7;;20,4;19,1;20,7;20,3;19,6;19,1;93;92;92;309;5,8;2,1;
2019/04/14;0700 UTC;0;957,5;957,8;957,5;;20,2;19;20,4;20,2;19,1;19;93;92;93;317;4,2;1,4;
2019/04/14;0800 UTC;0;957,9;958;957,5;;19,9;18,8;20,2;19,9;19,1;18,8;94;93;94;359;4,2;1,3;
2019/04/14;0900 UTC;0;958,3;958,3;957,9;;19,8;18,8;20;19,8;19;18,8;94;94;94;339;3,8;1,8;
2019/04/14;1000 UTC;0;958,7;958,7;958,3;8,9;20;18,9;20;19,8;18,9;18,8;94;94;94;330;4;1,8;
2019/04/14;1100 UTC;0;959;959;958,7;138,1;20,3;19,2;20,3;19,9;19,2;18,9;94;94;94;346;4,9;2,2;
2019/04/14;1200 UTC;,4;959,6;959,6;958,9;186,8;20,3;19,3;20,4;20;19,3;19;94;94;94;342;6;3;
2019/04/14;1300 UTC;0;960,2;960,2;959,6;281,3;20,4;19,3;20,6;20,3;19,5;19,2;94;94;94;350;5,7;3,2;
2019/04/14;1400 UTC;0;959,9;960,3;959,8;371,5;20,6;19,4;20,8;20,4;19,7;19,3;94;93;93;333;6,2;3,5;
2019/04/14;1500 UTC;0;959,2;959,9;959;421,8;21,2;20;21,2;20,6;20;19,5;93;93;93;318;6,2;2;
2019/04/14;1600 UTC;0;958,6;959,2;958,6;873,6;22;20;22,1;20,9;20,7;19,8;93;89;89;328;6,2;2,5;
2019/04/14;1700 UTC;,2;957,9;958,6;957,9;1147,5;22,9;20,1;22,9;21,9;20,5;19,8;89;83;84;305;6,2;2,8;
2019/04/14;1800 UTC;0;957,3;957,9;957,3;1259,1;24,1;20;24,2;22,9;20,9;19,8;85;77;78;307;5,4;2,7;
2019/04/14;1900 UTC;0;956,8;957,3;956,8;900;24,3;20,2;24,4;23,9;20,9;19,6;81;76;78;332;5,3;2,3;
2019/04/14;2000 UTC;0;956,8;956,9;956,7;549,3;24,2;20,3;24,5;24,1;20,7;19,9;80;76;79;313;3,8;1,2;
2019/04/14;2100 UTC;0;957,4;957,4;956,8;218,5;22,9;20,5;24,2;22,9;20,8;20,1;86;78;86;348;3,2;,4;
2019/04/14;2200 UTC;0;957,7;957,7;957,3;;21,8;20,1;22,9;21,8;20,5;20,1;90;86;90;2;2,5;,2;
2019/04/14;2300 UTC;0;958,3;958,3;957,7;;21,5;20,2;21,8;21,3;20,2;19,8;92;90;92;359;2,5;,8;
2019/04/15;0000 UTC;0;959;959;958,3;;21,2;19,7;21,8;21,2;20,2;19,7;92;90;91;328;4,3;1,5;
2019/04/15;0100 UTC;0;959,3;959,5;959;;20,3;18,3;21,2;20,3;19,6;18,3;91;88;88;323;3,2;1,7;
2019/04/15;0200 UTC;0;959,3;959,4;959,1;;19,7;18;20,3;19,6;18,3;17,9;90;88;90;325;3,3;1;
2019/04/15;0300 UTC;0;959,4;959,4;959,1;;19,6;17,6;19,7;19,3;17,9;17,5;91;88;88;326;3,6;1,8;
2019/04/15;0400 UTC;0;959;959,4;959;;18,6;17,3;19,6;18,4;17,5;17,1;93;88;93;344;3,6;0;
2019/04/15;0500 UTC;0;958,5;959,1;958,5;;18,1;16,9;18,6;18;17,4;16,8;93;92;93;336;1,5;,3;
2019/04/15;0600 UTC;0;958;958,5;958;;18,1;17,1;18,3;18;17,2;16,9;94;93;94;345;1,3;0;
2019/04/15;0700 UTC;0;958,1;958,1;957,9;;18;17,1;18,2;17,9;17,2;16,9;94;94;94;8;2,2;1;
2019/04/15;0800 UTC;0;958,1;958,2;957,9;;18;17,1;18;17,8;17,1;16,8;95;94;94;350;2,2;0;
2019/04/15;0900 UTC;,2;958,8;958,8;958,1;;17,4;16,5;18;17,3;17,1;16,4;95;94;95;18;1;0;
2019/04/15;1000 UTC;0;959,6;959,6;958,8;31,7;17,8;16,9;18;17,4;17,2;16,6;95;95;95;357;,9;0;
2019/04/15;1100 UTC;0;960;960;959,6;636,8;18,8;17,9;18,9;17,8;18,1;16,9;95;95;95;335;2;,7;
2019/04/15;1200 UTC;0;960,3;960,3;960;1568,7;21,6;18,7;21,7;18,8;19,3;18;95;83;84;339;3,5;1,4;
2019/04/15;1300 UTC;0;960,1;960,4;960,1;2345,1;24,4;19,4;24,5;21,5;19,9;18,4;86;74;74;289;5;1,9;
2019/04/15;1400 UTC;0;959,8;960,1;959,8;2910,5;26;19,3;26;23,9;20,1;18,8;75;66;67;335;5;,7;
2019/04/15;1500 UTC;0;959,3;959,8;959,3;2592,9;26,6;19,2;27;25,2;20,5;18,6;71;62;64;47;2,8;0;
2019/04/15;1600 UTC;0;958,5;959,3;958,5;1779,7;28,7;19;28,7;25,9;20,3;18,8;70;55;56;232;2,6;,2;
2019/04/15;1700 UTC;0;957,8;958,5;957,7;2515;28,1;19,1;29,6;27,5;20,4;18,2;63;52;58;50;2,8;1,1;
2019/04/15;1800 UTC;0;957,2;957,8;957,1;1635,5;28,1;19,2;28,7;27,4;19,8;18,1;63;54;58;19;3,4;,2;
2019/04/15;1900 UTC;0;956,7;957,2;956,7;1683;28,6;19,3;29,5;28,1;20,3;17,7;61;51;57;60;3,8;1,7;
2019/04/15;2000 UTC;0;956,6;956,7;956,5;252,9;27,8;19,4;28,8;27,8;19,7;18;60;53;60;75;3,9;1,7;
2019/04/15;2100 UTC;0;956,8;956,8;956,5;91,6;26,3;18,8;27,8;26,2;19,4;18,7;66;58;63;63;3,4;1,3;
2019/04/15;2200 UTC;0;957,5;957,5;956,8;;24,7;18,3;26,4;24,7;18,9;17,9;68;60;68;56;3,3;,7;
2019/04/15;2300 UTC;0;958,1;958,1;957,5;;23,3;18,9;24,8;23,1;18,9;18,3;77;68;76;6;2,7;1,3;
2019/04/16;0000 UTC;0;958,6;958,6;958;;22,6;19,3;23,3;22,5;19,3;18,8;82;76;82;360;2,5;1,3;
2019/04/16;0100 UTC;0;959,3;959,3;958,6;;21,8;19,5;22,6;21,6;19,5;19,2;87;82;87;4;2,3;,6;
2019/04/16;0200 UTC;0;959,5;959,7;959,3;;21,5;19,5;21,9;21,4;19,6;19,3;88;86;88;3;3,3;1,7;
2019/04/16;0300 UTC;0;959,5;959,6;959,4;;20,9;19,1;21,8;20,9;19,7;19,1;90;88;90;6;3,3;,1;
2019/04/16;0400 UTC;0;959,2;959,6;959,1;;20,5;19,1;21,1;20,5;19,5;19;92;90;92;1;2,8;1;
2019/04/16;0500 UTC;0;958,5;959,3;958,5;;20,2;18,9;20,8;20,2;19,4;18,9;92;91;92;350;2,2;,9;
2019/04/16;0600 UTC;0;957,8;958,5;957,7;;20,3;19,2;20,3;20;19,2;18,8;94;92;94;5;2,5;1;
2019/04/16;0700 UTC;0;957,5;957,8;957,5;;20,1;18,8;20,5;20,1;19,3;18,8;94;91;92;360;2,7;,9;
2019/04/16;0800 UTC;0;957,7;957,7;957,4;;19,9;18,7;20,2;19,9;19;18,6;93;92;93;2;1,9;,2;
2019/04/16;0900 UTC;0;958,1;958,1;957,7;;19,8;18,5;20;19,7;18,9;18,5;93;93;93;314;1,9;,5;
2019/04/16;1000 UTC;0;959,2;959,2;958,1;61,5;20,1;18,8;20,1;19,6;18,8;18,4;93;92;92;27;1,7;0;
2019/04/16;1100 UTC;0;959,6;959,6;959,2;596,6;22,1;19,9;22,4;20,1;20;18,8;92;86;87;328;,6;0;
2019/04/16;1200 UTC;0;959,7;959,8;959,6;1497,8;24,6;20,9;24,6;22;21,1;19,7;88;80;80;283;2,4;,7;
2019/04/16;1300 UTC;0;959,3;959,7;959,3;2314,5;26,3;20,6;26,6;24,6;21,3;19,8;81;70;71;254;3,8;1,7;
2019/04/16;1400 UTC;0;958,5;959,3;958,5;2974,7;28,1;20,8;28,4;26,3;21,3;20,1;72;62;65;235;3,9;1,5;
2019/04/16;1500 UTC;0;957,9;958,5;957,8;2871;28,6;20,2;29,9;28,1;21,3;19,7;65;57;60;180;4,9;1,4;
2019/04/16;1600 UTC;0;957,2;958;957,2;2020,7;29,2;20,9;30,4;28,2;21,9;19,8;64;54;61;143;5,6;1,7;
2019/04/16;1700 UTC;0;956,1;957,2;956,1;2792;30,2;20,5;31,1;29,2;21,2;19,7;61;53;56;137;6,7;2,6;
2019/04/16;1800 UTC;0;955,1;956,1;955,1;2141,2;29,8;20,3;30,8;29,4;20,9;19,6;59;53;57;134;6;2;
2019/04/16;1900 UTC;0;954,6;955,2;954,6;1240,2;30;19,4;30;28,8;20,2;19,2;58;53;53;145;5,2;1,8;
2019/04/16;2000 UTC;0;954,4;954,6;954,2;244,8;28,9;20;30;28,9;20;18,6;59;51;59;118;5,7;1,4;
2019/04/16;2100 UTC;0;954,9;954,9;954,4;72,3;27,4;19,7;29,1;27,2;20,1;19,6;65;57;63;146;3,9;,9;
2019/04/16;2200 UTC;0;955,1;955,1;954,8;;26,1;19,8;27,4;26,1;20;19,5;69;63;68;134;2,5;1,1;
2019/04/16;2300 UTC;0;955,4;955,4;954,9;;25,3;20;26,1;25;20,4;19,9;75;68;73;88;3;1,1;
2019/04/17;0000 UTC;0;956,1;956,1;955,4;;25,3;19,6;25,6;25,1;20;19,5;73;70;71;139;2,7;,6;
2019/04/17;0100 UTC;0;956,6;956,6;956,1;;23,6;20,1;25,3;23,4;20,1;19,7;81;71;81;178;2,7;1,5;
2019/04/17;0200 UTC;0;956,9;956,9;956,6;;23,7;19,7;24,4;23,3;20,2;19,7;81;76;78;161;2,5;1,4;
2019/04/17;0300 UTC;0;956,6;956,9;956,6;;21,4;19,6;24;21,3;19,8;19,1;89;77;89;204;3,3;0;
2019/04/17;0400 UTC;0;956,2;956,6;956,1;;20,8;19,2;21,5;20,8;19,6;19,1;91;88;91;178;2,2;,3;
2019/04/17;0500 UTC;0;955,5;956,2;955,5;;20,5;19;20,9;20,4;19,3;18,9;92;91;92;188;2,6;1,6;
2019/04/17;0600 UTC;0;955;955,5;955;;20,3;19;20,7;20,2;19,4;18,7;92;91;92;107;2,9;0;
2019/04/17;0700 UTC;0;955,2;955,2;954,9;;20,2;19;20,5;20,1;19,3;18,8;93;92;93;40;1,6;0;
2019/04/17;0800 UTC;0;955,2;955,2;955,1;;20,5;19,4;20,5;20;19,5;18,8;94;93;94;163;1,3;0;
2019/04/17;0900 UTC;0;955,8;955,8;955,2;;19,6;18,6;20,5;19,6;19,4;18,5;94;93;94;220;1,9;,1;
2019/04/17;1000 UTC;0;956;956;955,8;36,6;19,9;18,9;19,9;19,6;18,9;18,5;94;94;94;194;2,5;0;
2019/04/17;1100 UTC;0;956,5;956,5;956;542,4;21,6;20,5;21,6;19,8;20,5;18,9;94;94;94;193;1,7;,3;
2019/04/17;1200 UTC;0;957,2;957,2;956,5;1042,7;21,7;20,1;22,8;21,5;21;20,1;94;87;91;56;2,7;1,1;
2019/04/17;1300 UTC;0;957,5;957,6;957,2;1377,3;23,6;20,3;24,1;21,6;21;20;91;81;82;72;3,1;1,1;
2019/04/17;1400 UTC;0;957,5;957,7;957,5;2362,6;25;20,5;26;23,6;21,3;20,2;83;72;76;100;4,1;1,5;
2019/04/17;1500 UTC;0;956,9;957,6;956,9;2639,7;27,2;21,2;27,2;25,1;21,4;20,1;76;67;70;113;3,8;,8;
2019/04/17;1600 UTC;0;956,2;956,9;956,2;3239,3;28,6;19,7;29,1;27,2;21,1;19;69;58;59;96;5,3;2,1;
2019/04/17;1700 UTC;0;955,4;956,2;955,4;2693,3;29;17,5;30,4;28,5;20;17,3;59;47;50;106;5,1;1,5;
2019/04/17;1800 UTC;0;954,6;955,4;954,6;2007;30,3;17,9;30,9;28,8;18,9;16,6;54;45;47;145;3,8;,8;
2019/04/17;1900 UTC;0;954,2;954,6;954,2;1447,4;29,4;18,6;30,7;28,5;18,7;16,9;54;45;52;157;4,5;,5;
2019/04/17;2000 UTC;0;954,5;954,5;954,2;282,4;27;18,6;30,5;27;19;17,1;62;46;60;161;3;,8;
2019/04/17;2100 UTC;0;954,5;954,5;954,3;86,2;26,9;17,7;27,4;26,3;19,6;17,5;67;55;57;148;1,8;,9;
2019/04/17;2200 UTC;0;954,9;954,9;954,5;;26,1;17,4;27,1;26;18,3;17,1;61;56;59;155;2,3;,9;
2019/04/17;2300 UTC;0;955,8;955,8;954,9;;25,5;16,9;26,2;25,4;17,7;16,5;61;57;59;158;2,9;1,2;
2019/04/18;0000 UTC;0;956,3;956,3;955,8;;24,5;17,4;25,8;23,3;17,7;16,4;70;56;65;75;5,2;1,3;
2019/04/18;0100 UTC;0;956,5;956,6;956,3;;23,7;17,1;24,7;23,3;17,8;17;70;65;67;66;3,3;1,1;
2019/04/18;0200 UTC;0;956,5;956,5;956,4;;22,5;16,9;23,9;22,5;17,2;16,4;71;64;71;47;2,7;0;
2019/04/18;0300 UTC;0;956,3;956,5;956,3;;22,1;17,5;23;21,1;17,9;15,9;80;65;75;28;,6;0;
2019/04/18;0400 UTC;0;956;956,4;956;;21,2;17,3;22,3;20,7;17,5;16,4;81;70;78;277;,9;0;
2019/04/18;0500 UTC;0;955,7;956;955,7;;19,2;16,5;21,4;19,2;17,2;16,5;85;74;85;258;1,2;0;
2019/04/18;0600 UTC;0;955,5;955,7;955,5;;19;17,7;19,2;18,7;17,9;16,5;93;85;92;342;,2;0;
2019/04/18;0700 UTC;0;955,7;956;955,5;;17,9;17;19;17,7;17,7;16,7;94;91;94;195;3,5;0;
2019/04/18;0800 UTC;0;955,7;955,8;955,6;;17,7;16,3;18,4;17,7;17,4;16,3;94;91;91;342;,8;0;
2019/04/18;0900 UTC;0;955,9;955,9;955,7;;16,5;15,4;17,7;16,5;16,4;15,4;93;91;93;358;1,3;,2;
2019/04/18;1000 UTC;,2;956,7;956,7;955,9;33,2;16,9;16;16,9;16,1;16;15,1;94;93;94;30;1,4;,3;
2019/04/18;1100 UTC;0;957,4;957,4;956,7;510,5;17,4;16,5;17,4;16,6;16,5;15,7;95;94;95;25;1,6;0;
2019/04/18;1200 UTC;0;958;958;957,4;1629,6;20,6;17,3;20,6;17,4;18;16,6;95;81;81;360;2,6;,1;
2019/04/18;1300 UTC;0;958,5;958,5;958;2410,8;23,3;17,4;23,3;20,6;18;16,6;82;68;69;345;4,5;1,9;
2019/04/18;1400 UTC;0;958,4;958,6;958,4;2988,2;26,2;16,7;26,2;23,1;18,3;15,6;71;54;56;288;3,6;,2;
2019/04/18;1500 UTC;0;957,8;958,4;957,8;3280,9;27,5;13,3;27,8;25,9;17,6;13,3;60;42;42;91;5,6;2,6;
2019/04/18;1600 UTC;0;956,9;957,8;956,9;3329,4;28,9;15,2;28,9;27,4;16,3;13,5;47;40;43;83;5,7;1,9;
2019/04/18;1700 UTC;0;956,2;956,9;956,2;3103,8;29,1;11,4;29,5;28,3;16;10,7;46;32;34;98;7;3,9;
2019/04/18;1800 UTC;0;955,5;956,2;955,5;2632,2;29,8;10,7;29,8;28,8;12,2;9,6;35;29;31;97;7,6;3,8;
2019/04/18;1900 UTC;0;955,1;955,5;955,1;1893,8;29,2;8,1;30,1;29,2;11,5;6,9;33;24;27;72;6,8;2,5;
2019/04/18;2000 UTC;0;955,3;955,3;955,1;165,4;27,9;9,7;29,2;27,9;9,9;7,7;33;26;32;75;4,7;1,3;
2019/04/18;2100 UTC;0;955,2;955,3;955,1;60,5;25,3;10,6;27,9;24,9;11,7;8,7;43;30;40;64;2,8;1,4;
2019/04/18;2200 UTC;0;955,5;955,6;955,2;;23,4;11;25,3;22,9;12;10,5;50;40;46;15;2,8;1;
2019/04/18;2300 UTC;0;956;956;955,6;;21,1;9,8;23,4;21,1;11,1;9,8;49;44;48;44;4,5;1,4;
2019/04/19;0000 UTC;0;956,8;956,8;956;;20,9;10,2;21,6;20,8;10,4;9,5;51;46;50;60;2,4;1,3;
2019/04/19;0100 UTC;0;957,4;957,4;956,8;;19,1;11,7;21;19,1;11,7;9,9;62;50;62;351;2,3;0;
2019/04/19;0200 UTC;0;957,4;957,4;957,3;;19,2;10,9;20;18,2;12,7;10,6;69;57;59;231;,6;0;
2019/04/19;0300 UTC;0;957,3;957,5;957,3;;17,6;11,8;19,3;17,6;12,2;10,8;68;58;68;360;1,7;0;
2019/04/19;0400 UTC;0;957,1;957,3;957,1;;15,5;12,7;17,6;15,5;13,6;11,7;86;68;84;268;2,1;,2;
2019/04/19;0500 UTC;0;956,6;957,1;956,6;;14,7;12,8;15,5;14,7;13,1;12,5;88;83;88;343;2,2;,6;
2019/04/19;0600 UTC;0;956,9;956,9;956,6;;14,3;12,5;14,8;14,3;12,9;12,5;89;87;89;23;1,7;0;
2019/04/19;0700 UTC;0;956,7;957;956,7;;14,4;12,1;14,5;14,1;12,5;11,9;90;86;86;304;1,5;,1;
2019/04/19;0800 UTC;0;956,8;956,8;956,6;;13,2;11,7;14,5;13,2;12,1;11,5;91;85;91;5;1,7;,8;
2019/04/19;0900 UTC;0;957,5;957,5;956,8;;13,7;12,4;13,8;13,1;12,5;11,7;93;91;92;14;1,6;0;
2019/04/19;1000 UTC;0;958,4;958,4;957,5;46,8;13,7;12,5;13,7;13,2;12,5;11,8;92;91;92;17;,4;0;
2019/04/19;1100 UTC;0;958,9;958,9;958,4;715,4;16,6;13,8;16,6;13,7;14,1;12,5;92;84;84;342;,9;0;
2019/04/19;1200 UTC;0;959,4;959,4;958,9;1650,2;19,4;15,3;19,4;16,5;15,7;13,6;86;77;77;345;3,2;,9;
2019/04/19;1300 UTC;0;959,9;959,9;959,4;2433,6;22,3;15,9;22,3;19,3;16,7;15,3;80;66;67;360;3,8;1,9;
2019/04/19;1400 UTC;0;959,7;959,9;959,7;3003,7;25,4;16,5;25,4;22,3;17;14,6;68;53;58;7;4;1,1;
2019/04/19;1500 UTC;0;958,9;959,7;958,9;3315,5;26,8;12,5;27;25,1;16,2;8,8;57;32;41;38;4,1;,6;
2019/04/19;1600 UTC;0;958,2;958,9;958,1;3316,1;28,1;12,8;28,2;26,6;14,5;12,4;46;39;39;128;4,5;,8;
2019/04/19;1700 UTC;0;957,5;958,2;957,4;3098,8;28;11,9;28,1;27;14,4;11,2;45;36;37;33;6,1;1,9;
2019/04/19;1800 UTC;0;956,9;957,5;956,8;2608,9;28,5;12,4;28,8;27,8;14,4;11,7;42;36;37;74;4,6;1,3;
2019/04/19;1900 UTC;0;956,3;956,9;956,3;1856,6;28,3;12,3;28,9;27,9;14;10,6;42;33;37;42;3,8;,9;
2019/04/19;2000 UTC;0;956,3;956,3;956,1;178,2;26,6;13,4;28,3;26,6;14,2;10,7;47;34;44;336;2,6;,4;
2019/04/19;2100 UTC;0;956,2;956,3;956,2;65,8;23,9;13,5;26,6;23,9;15,2;12,9;52;43;52;309;1,8;,3;
2019/04/19;2200 UTC;0;956,4;956,4;956,2;;23,1;11,7;23,9;23,1;13,6;11,5;53;47;49;295;2,5;,6;
2019/04/19;2300 UTC;0;957,2;957,2;956,4;;22,4;10,7;23,6;22,3;11,9;10,6;50;45;48;313;2,7;,7;
2019/04/20;0000 UTC;0;958,1;958,1;957,2;;20,1;12,6;24,4;20,1;12,6;10,4;62;42;62;350;2,7;0;
2019/04/20;0100 UTC;0;958,4;958,4;958,1;;20;12,8;21;20;14,4;12,4;69;58;63;350;0;0;
2019/04/20;0200 UTC;0;958,4;958,6;958,3;;16,9;14,1;20;16,5;14,4;12,8;86;63;83;346;2,2;,2;
2019/04/20;0300 UTC;0;958;958,4;958;;17,8;13,7;18,3;16,9;14,5;13,7;84;75;77;1;2,4;,4;
2019/04/20;0400 UTC;0;957,9;958;957,7;;16,7;14;17,8;16,6;14,3;13,6;84;77;84;325;3,7;,7;
2019/04/20;0500 UTC;0;957,5;957,9;957,5;;15,8;13,9;16,7;15,8;14,1;13,8;88;84;88;344;2,1;,6;
2019/04/20;0600 UTC;0;957,5;957,5;957,3;;16,4;14;16,6;15,8;14,2;13,8;88;85;86;307;3;0;
2019/04/20;0700 UTC;0;957,4;957,5;957,3;;15,5;13,7;16,4;15,5;14;13,7;89;86;89;348;1,9;0;
2019/04/20;0800 UTC;0;957,3;957,5;957,1;;14,9;13,5;15,5;14,7;13,8;13,2;93;89;92;313;1,8;,6;
2019/04/20;0900 UTC;0;958,4;958,4;957,3;;14,4;13,1;14,9;14,3;13,5;12,9;92;89;92;15;2,2;0;
2019/04/20;1000 UTC;0;959;959;958,4;30,5;14,8;13,3;14,8;14,3;13,4;13;92;90;91;14;0;0;
2019/04/20;1100 UTC;0;959,5;959,5;959;675;17,3;14,7;17,3;14,7;14,7;13,1;91;84;85;350;1,3;,3;
2019/04/20;1200 UTC;0;959,8;960,1;959,5;1561,8;20,7;16,3;20,7;17,3;16,3;14,6;86;73;76;311;2,8;,5;
2019/04/20;1300 UTC;0;959,8;960;959,8;2321,6;24;16,9;24,3;20,6;16,9;15,2;76;61;64;320;2,4;,4;
2019/04/20;1400 UTC;0;959,1;959,8;959,1;2878,2;26,7;15;27,4;24,1;16,9;14,4;64;44;49;239;2,8;,5;
2019/04/20;1500 UTC;0;958,3;959,1;958,3;3173,5;28,4;12,9;29,2;26,7;15,7;11,8;51;36;38;298;2,9;1,5;
2019/04/20;1600 UTC;0;957,6;958,4;957,6;3188,1;29,4;14,1;30;28,4;15,1;11,4;43;35;39;343;2,9;,1;
2019/04/20;1700 UTC;0;956,9;957,6;956,9;2966,4;30,5;13,5;30,9;28,9;14,9;11,7;42;32;35;75;4,5;1,3;
2019/04/20;1800 UTC;0;956,2;956,9;956,2;2480,9;29,9;13,2;31,2;29,9;15,3;12,3;40;32;36;41;3,9;1,3;
2019/04/20;1900 UTC;0;956,3;956,4;956,2;1776,3;29,8;12;30,8;29,7;14,5;11,5;38;32;34;60;3,5;1,4;
2019/04/20;2000 UTC;0;956,1;956,3;956,1;188;28,2;14,5;29,9;28,2;14,5;11,4;44;32;43;39;3,3;,3;
2019/04/20;2100 UTC;0;956,2;956,2;956;63,4;25,5;13,9;28,2;25,5;15,7;13,5;51;42;49;54;1,5;0;
2019/04/20;2200 UTC;0;956,6;956,6;956,2;;25,9;12,9;26,2;24,6;14,4;12,9;53;44;44;37;1,1;0;
2019/04/20;2300 UTC;0;957;957;956,6;;24,3;13,7;26,1;24,3;14;12,8;52;44;52;332;,7;0;
2019/04/21;0000 UTC;0;957,4;957,4;957;;22,9;13,6;25,8;22,9;13,9;12,9;56;46;56;269;1,2;0;
2019/04/21;0100 UTC;0;957,6;957,7;957,4;;21,7;15,4;23,8;21,4;15,4;13,6;67;54;67;315;1,2;0;
2019/04/21;0200 UTC;0;957,8;957,8;957,6;;20,1;16;21,7;19,5;16;15;79;67;77;334;2,2;0;
2019/04/21;0300 UTC;0;957,7;957,8;957,7;;18,6;15,7;20,6;18,6;16;15,7;83;74;83;273;1,9;0;
2019/04/21;0400 UTC;0;957,5;957,7;957,4;;18,3;15,7;18,6;18;16;15,6;87;83;85;325;1,9;0;
2019/04/21;0500 UTC;0;956,6;957,5;956,6;;18,4;15,3;18,7;18,3;15,7;15,2;85;81;82;325;1,7;,9;
2019/04/21;0600 UTC;0;956,2;956,7;956,2;;17,9;15,6;18,5;17,4;15,7;15,2;88;82;86;319;2,2;,9;
2019/04/21;0700 UTC;0;956,1;956,2;955,9;;17,8;15,3;18,1;17,5;15,5;15,1;86;84;85;319;2;0;
2019/04/21;0800 UTC;0;956,1;956,2;956;;16,7;14,9;18,2;16,7;15,3;14,7;90;82;89;329;1,4;,1;
2019/04/21;0900 UTC;0;956,4;956,6;956,1;;16,8;14,9;17,5;16,6;15,4;14,7;90;85;88;351;2,1;0;
2019/04/21;1000 UTC;0;957;957;956,4;36,9;16,2;14,8;16,8;16,1;15,1;14,3;92;88;92;352;1;,2;
2019/04/21;1100 UTC;0;957,3;957,3;956,9;707,2;18,6;16,4;18,6;16,2;16,4;14,8;92;86;87;6;2,1;1,2;
2019/04/21;1200 UTC;0;958,1;958,1;957,3;1575,8;21,4;16,6;21,6;18,6;17,5;16;87;74;74;7;2,4;,7;
2019/04/21;1300 UTC;0;958,6;958,6;958,1;2310,2;24,6;15,4;25,1;21,2;16,7;14,7;75;55;57;116;2,9;,1;
2019/04/21;1400 UTC;0;958;958,6;957,9;2858,3;27,5;15,5;27,6;24,5;17,2;15,1;61;48;48;231;3,7;1,1;
2019/04/21;1500 UTC;0;957,1;958;957,1;3123,8;29,5;14,9;30;27,4;16,9;14,9;51;41;41;179;4,1;1,6;
2019/04/21;1600 UTC;0;956,4;957,1;956,4;3021,4;30,7;13,6;31,2;29,1;16,7;13,1;45;34;35;246;4,3;,9;
2019/04/21;1700 UTC;0;955,5;956,4;955,5;2708,8;31;12,8;32;30,2;14,8;12;38;31;33;307;4,3;,3;
2019/04/21;1800 UTC;0;955,1;955,5;955,1;2381,4;31,3;12,8;32,2;30,3;14,9;11,4;37;29;32;258;3,4;,8;
2019/04/21;1900 UTC;0;954,8;955,1;954,8;1597,2;30,3;14,4;31,4;30,3;15,8;12,1;40;31;38;285;3,3;1,1;
2019/04/21;2000 UTC;0;954,9;955;954,8;360,6;27,7;16,9;30,3;27,7;16,9;13,4;52;36;52;28;2,9;0;
2019/04/21;2100 UTC;0;954,9;955;954,9;155,6;25,8;16,4;28,4;25,8;17,6;15,5;56;48;56;342;,2;0;
2019/04/21;2200 UTC;0;955,2;955,2;954,8;;25;15,8;26,3;24,9;16,2;15,1;57;51;57;36;1;,3;
2019/04/21;2300 UTC;0;956;956;955,2;;25,1;17,3;25,4;24,6;17,5;15,8;64;57;62;25;,9;0;
2019/04/22;0000 UTC;0;956,4;956,4;956;;22,6;17;25,1;22,5;17,3;16,9;72;62;71;332;1,3;,5;
2019/04/22;0100 UTC;0;956,4;956,5;956,4;;22,2;16,7;22,6;22,2;17,1;16,6;73;69;71;324;2,4;0;
2019/04/22;0200 UTC;0;956,2;956,4;956,2;;20,9;16,6;22,7;20,8;16,7;15,5;77;65;77;269;2,8;1,6;
2019/04/22;0300 UTC;0;956;956,2;955,9;;19,3;16,2;21,2;19,3;16,6;16,1;82;74;82;33;3,6;0;
2019/04/22;0400 UTC;0;955,6;956,2;955,6;;19,2;15,9;19,6;18,7;16,3;15,9;85;81;81;348;2,4;1;
2019/04/22;0500 UTC;0;955,1;955,6;955,1;;18,6;15,9;19,4;18,5;16,2;15,7;85;81;85;311;3,4;,6;
2019/04/22;0600 UTC;0;954,9;955,2;954,9;;18,2;15,7;18,7;18,1;16;15,6;86;83;85;315;3,5;0;
2019/04/22;0700 UTC;0;954,8;954,9;954,8;;17,8;15,2;18,3;17,8;15,7;15,1;85;83;85;356;2,3;,2;
2019/04/22;0800 UTC;0;955,3;955,3;954,8;;16,5;15,1;17,8;16,5;15,5;15;92;85;92;346;1,4;0;
2019/04/22;0900 UTC;0;955,6;955,6;955,2;;16,3;15;17,2;16,2;15,6;14,7;92;88;92;328;2,6;1,5;
2019/04/22;1000 UTC;0;956,4;956,4;955,6;52;16,3;15;16,5;16,2;15,2;14,7;92;91;92;359;2,4;,8;
2019/04/22;1100 UTC;0;956,8;956,8;956,4;733,3;19,3;16,5;19,4;16,3;16,8;15;92;84;84;348;2,1;1;
2019/04/22;1200 UTC;0;957,4;957,4;956,8;1295,3;22,6;17,8;22,6;19,3;18,2;16,7;87;73;74;343;2,5;1,4;
2019/04/22;1300 UTC;0;957,4;957,5;957,4;2311;26,5;16,8;26,6;22,6;17,9;15,9;74;55;55;248;3,9;1,4;
2019/04/22;1400 UTC;0;957,4;957,6;957,3;2987,8;29,3;17,7;29,4;26,2;18,6;16,1;58;48;50;174;4;1,2;
2019/04/22;1500 UTC;0;957;957,4;957;3130;30,3;16,6;30,8;29,1;17,5;14,9;50;39;44;150;5,3;1,6;
2019/04/22;1600 UTC;0;956,4;957;956,4;2936,8;30,9;15,6;31,4;29,5;16,9;14,8;45;37;40;145;6,4;1,4;
2019/04/22;1700 UTC;0;955,8;956,4;955,7;2522;31,7;14,8;31,9;30,3;16,2;13,5;42;34;36;163;4,1;1,3;
2019/04/22;1800 UTC;0;955,3;955,8;955,2;1946,2;30,9;14,4;31,7;30,3;14,7;12,8;38;33;37;149;4,4;1,6;
2019/04/22;1900 UTC;0;955;955,3;955;1591,7;30,1;14,6;31,6;30;15,2;12,9;40;33;39;91;5,1;2;
2019/04/22;2000 UTC;0;955,4;955,4;955;354,8;28,5;16,3;30,2;28,5;16,5;14,1;48;38;48;85;4,9;1,2;
2019/04/22;2100 UTC;0;955,6;955,6;955,4;94,8;26,3;16,9;28,5;26,3;16,9;16;56;47;56;62;5,2;1,9;
2019/04/22;2200 UTC;0;955,9;955,9;955,5;;25,3;17;26,4;25,3;17;16,6;60;56;60;75;4,3;2,2;
2019/04/22;2300 UTC;0;956,5;956,5;955,9;;24,5;17,4;25,4;24,2;17,5;17;66;60;65;67;3,9;1,4;
2019/04/23;0000 UTC;0;957,3;957,3;956,5;;23,8;17,2;24,8;23,8;17,5;17;67;62;67;11;3,6;,8;
2019/04/23;0100 UTC;0;957,3;957,4;957,1;;22,8;17,5;23,8;22,7;17,5;17;72;66;72;21;3,8;1,5;
2019/04/23;0200 UTC;0;957,6;957,6;957,2;;22,4;17,8;23;22,4;17,8;17,4;75;71;75;3;3,2;1,2;
2019/04/23;0300 UTC;0;957,8;957,9;957,6;;22,1;17,8;22,5;22,1;18;17,7;77;75;76;347;2,4;0;
2019/04/23;0400 UTC;0;957,6;957,9;957,6;;21,3;18;22,1;21,3;18,3;17,7;82;76;81;353;1,5;0;
2019/04/23;0500 UTC;0;957,1;957,6;957,1;;21,4;18,2;21,8;21,2;18,2;18;83;79;82;359;3;,4;
2019/04/23;0600 UTC;0;957,2;957,3;957;;21,3;18,6;21,5;21,3;18,7;18;85;81;85;10;1,9;,8;
2019/04/23;0700 UTC;0;957,3;957,3;957,2;;21,4;19,2;21,5;21,1;19,2;18,5;87;85;87;9;2,2;1,1;
2019/04/23;0800 UTC;0;957,9;957,9;957,3;;21,1;19,1;21,5;21,1;19,2;19;88;87;88;360;2,1;0;
2019/04/23;0900 UTC;0;958,6;958,6;957,9;;20,9;19,1;21,3;20,9;19,4;19,1;90;88;89;356;2,1;,3;
2019/04/23;1000 UTC;0;959,3;959,3;958,6;22,2;20,9;19,1;21;20,8;19,1;19;90;89;89;333;1,6;,1;
2019/04/23;1100 UTC;0;960,2;960,2;959,3;244,2;21,5;19,5;21,6;20,9;19,6;19,1;90;87;88;355;2,5;1,2;
2019/04/23;1200 UTC;0;960,6;960,6;960,2;448,1;22,8;19,8;22,8;21,5;19,8;19,3;88;82;83;352;2,9;,8;
2019/04/23;1300 UTC;0;961,2;961,3;960,6;902,9;23,8;19,7;23,8;22,8;19,9;19,3;83;77;78;24;3,5;1,7;
2019/04/23;1400 UTC;0;960,9;961,2;960,9;1153,1;24,5;19,3;24,7;23,8;20,2;19,1;79;72;73;359;3,6;2;
2019/04/23;1500 UTC;0;960,3;960,9;960,3;1596,5;25,9;19,4;26,5;24,5;20,2;19,1;74;66;68;346;4,2;2,1;
2019/04/23;1600 UTC;0;959,6;960,3;959,6;2363,4;26,8;19,4;27,4;25,9;20,4;18,7;68;61;64;357;4,2;1,9;
2019/04/23;1700 UTC;0;958,6;959,6;958,6;1604,9;27,6;19,4;27,8;26,8;20,2;18,9;66;60;61;354;3,9;1,2;
2019/04/23;1800 UTC;0;958;958,6;958;1519,8;28,5;18,6;28,9;27,6;20,3;18,3;62;55;55;34;3;,8;
2019/04/23;1900 UTC;0;957,8;958;957,8;1327,5;29,5;17,1;29,7;27,9;19,5;16,8;59;47;47;54;2,3;,7;
2019/04/23;2000 UTC;0;958;958;957,8;279,6;27,9;18,3;29,7;27,9;18,8;16,3;57;45;56;344;2,3;,2;
2019/04/23;2100 UTC;0;958,3;958,3;957,9;60,3;25,5;18,2;27,9;25,5;18,9;18;66;55;64;303;1,2;0;
2019/04/23;2200 UTC;0;958,7;958,8;958,3;;25,1;18,7;25,5;24,9;18,7;18;68;64;68;5;3,2;1,7;
2019/04/23;2300 UTC;0;959,2;959,2;958,7;;23,2;19,1;25,1;23,2;19,1;18,7;78;68;78;352;4,1;1,4;
2019/04/24;0000 UTC;0;959,9;959,9;959,2;;22,5;19,2;23,2;22,2;19,4;19,1;82;78;82;326;4,2;2,6;
2019/04/24;0100 UTC;0;960,6;960,6;959,9;;21,5;18,7;22,6;21,5;19,2;18,7;84;81;84;340;4,6;2,1;
2019/04/24;0200 UTC;0;960,6;960,8;960,6;;20,9;18,8;21,5;20,8;18,8;18,6;88;84;88;354;3,3;1,3;
2019/04/24;0300 UTC;0;960,7;960,7;960,6;;20,8;18,7;21,1;20,5;18,9;18,6;89;87;88;9;2,6;1,1;
2019/04/24;0400 UTC;0;960,5;960,7;960,4;;20,4;18,6;20,8;20,3;18,8;18,5;90;88;90;9;2,9;1,5;
2019/04/24;0500 UTC;0;960,5;960,6;960,5;;20,2;18,6;20,4;20,1;18,7;18,4;91;89;91;4;3,4;1,8;
2019/04/24;0600 UTC;0;960,5;960,6;960,4;;19,9;18,4;20,2;19,7;18,6;18,2;92;90;91;17;3,2;,6;
2019/04/24;0700 UTC;0;960,3;960,5;960,3;;19,9;18,5;19,9;19,7;18,5;18,4;92;91;92;10;2,3;1;
2019/04/24;0800 UTC;0;960,3;960,3;960,2;;19,4;18,1;19,9;19,4;18,5;18,1;92;92;92;11;2,3;0;
2019/04/24;0900 UTC;0;960,9;960,9;960,3;;19,2;18,1;19,6;19;18,4;17,7;93;92;93;354;2;,1;
2019/04/24;1000 UTC;0;961,4;961,4;960,8;29,6;19;18;19,2;18,9;18,1;17,8;94;93;94;355;1,7;,7;
2019/04/24;1100 UTC;0;961,9;961,9;961,4;595,1;20,5;18,9;20,5;19;19;18;94;91;91;355;3,8;1,8;
2019/04/24;1200 UTC;0;962,4;962,4;961,9;1441,4;23;19,4;23;20,4;20;18,8;91;80;80;341;5,1;3;
2019/04/24;1300 UTC;0;962,6;962,6;962,4;2179,8;25,4;20,2;25,5;23;20,6;19,4;81;72;73;346;5,1;2,4;
2019/04/24;1400 UTC;0;962;962,6;962;2723,7;28;20,1;28,1;25,3;20,5;19,3;73;60;62;309;5,2;2,2;
2019/04/24;1500 UTC;0;961,1;962;961,1;2990,7;29,3;19,5;30;27,8;20,9;19,1;62;56;56;227;5,2;1,2;
2019/04/24;1600 UTC;0;960,2;961,1;960,2;2977,7;31;19;31,9;28,7;20,8;18,4;60;47;49;233;4;1,4;
2019/04/24;1700 UTC;0;959,4;960,2;959,4;3212,8;31,7;18,2;32,8;30,8;20,2;18;52;44;44;258;4,6;1,2;
2019/04/24;1800 UTC;0;958,9;959,4;958,9;2347;31,6;18,3;32,4;30,1;19,2;17,2;51;42;45;264;4,4;1,6;
2019/04/24;1900 UTC;0;958,7;958,9;958,7;1654,2;31,2;16,8;32,3;31,1;18,7;16,8;47;41;42;238;3,5;,6;
2019/04/24;2000 UTC;0;958,7;958,8;958,6;261,7;29,7;18,9;32;29,7;19,3;16,8;54;40;52;38;2;,5;
2019/04/24;2100 UTC;0;959,1;959,1;958,7;90,5;27,9;19,1;29,7;27,9;19,5;18,2;59;51;59;76;3,1;1,5;
2019/04/24;2200 UTC;0;959,2;959,2;959;;26,1;18,9;28,3;26,1;19,1;18,6;65;56;65;61;3,1;,3;
2019/04/24;2300 UTC;0;959,9;959,9;959,1;;25,2;19,5;26,6;25,2;19,5;18,8;71;63;71;304;5,7;2,9;
2019/04/25;0000 UTC;0;960,3;960,3;959,9;;24;18,9;25,2;24;19,5;18,4;73;67;73;285;6,9;3,1;
2019/04/25;0100 UTC;0;960,2;960,4;960,2;;22,9;19;24,4;22,7;19,2;17,9;81;67;79;349;6,1;0;
2019/04/25;0200 UTC;0;960,6;960,7;960,2;;23,1;19,6;23,4;22,7;19,7;18,7;83;75;81;17;4,3;2,4;
2019/04/25;0300 UTC;0;960,6;960,7;960,5;;22,5;20;23,2;22,5;20;19,6;86;81;86;349;4,8;2,8;
2019/04/25;0400 UTC;2,6;960,6;960,7;960,5;;22,2;20,6;22,7;22,1;20,6;20;91;85;91;13;6,4;2,5;
2019/04/25;0500 UTC;,4;960,4;960,6;960,3;;22,2;20,5;22,4;22,1;20,7;20,5;91;90;90;7;5,8;3;
2019/04/25;0600 UTC;0;960,1;960,4;960,1;;21,7;20,1;22,2;21,7;20,5;20,1;91;90;91;13;5,8;2,6;
2019/04/25;0700 UTC;0;960,1;960,3;960,1;;21,2;19,7;21,7;21,2;20,1;19,7;91;90;91;5;4,4;2,1;
2019/04/25;0800 UTC;0;959,9;960,1;959,9;;20,6;19,5;21,2;20,6;19,7;19,3;93;91;93;5;3,5;1,4;
2019/04/25;0900 UTC;0;960,1;960,1;959,8;;20,2;19;20,6;20,2;19,5;19;93;93;93;344;3,1;,9;
2019/04/25;1000 UTC;0;960,6;960,6;960,1;29,8;20,2;19,1;20,2;20;19,1;18,9;94;93;94;340;2,9;,8;
2019/04/25;1100 UTC;0;961;961;960,6;561,5;22,2;20,5;22,2;20,2;20,5;19,1;94;90;90;330;3,2;,6;
2019/04/25;1200 UTC;0;961,6;961,6;961;1390,6;24,3;20,3;24,6;22,2;21,1;20,2;90;78;78;317;4,4;1,8;
2019/04/25;1300 UTC;0;961,9;962;961,6;2173,4;26,7;21,3;26,7;24,3;21,3;20,1;80;71;72;294;5,8;2,5;
2019/04/25;1400 UTC;0;961,8;961,9;961,7;2717,1;29;20;29,4;26,6;21,8;20;73;58;58;278;5,6;1,9;
2019/04/25;1500 UTC;0;961,4;961,8;961,4;2830,7;30,2;19;30,9;28,9;20,6;18,3;61;47;51;227;4,8;1;
2019/04/25;1600 UTC;0;960,7;961,4;960,7;2915,9;31,5;17,5;32,7;29,6;19,9;17,2;54;41;43;227;3,9;1,1;
2019/04/25;1700 UTC;0;960;960,7;960;2917,8;32,6;17,3;32,6;30,7;19;16,3;48;38;40;172;3,5;1;
2019/04/25;1800 UTC;0;959,6;960;959,6;2461,5;31,8;17,9;33,1;31,6;18,9;16,4;45;39;43;237;4,4;1,3;
2019/04/25;1900 UTC;0;959,5;959,6;959,5;1646,1;31,5;18,1;32,4;31,2;19,1;16,9;47;40;45;246;2,8;,7;
2019/04/25;2000 UTC;0;959,2;959,5;959,2;243,1;29,7;18,5;31,9;29,7;19,4;16,9;53;41;51;291;2,5;,1;
2019/04/25;2100 UTC;0;959,3;959,3;959,1;70,1;27,9;18,7;29,7;27,9;19,4;18;57;50;57;279;1,8;1,3;
2019/04/25;2200 UTC;0;959,5;959,5;959,2;;26,5;17,9;28;26,5;18,8;17,5;59;53;59;28;1,9;0;
2019/04/25;2300 UTC;0;960,1;960,1;959,5;;26,1;19,3;26,7;26;19,3;17,9;66;59;66;336;1,9;0;
2019/04/26;0000 UTC;0;960,7;960,7;960,1;;24,6;19,6;26,1;24,5;19,8;19,2;74;66;74;337;2,8;,5;
2019/04/26;0100 UTC;0;960,7;960,8;960,7;;24,4;19,4;24,7;23,8;19,8;19,4;78;73;74;340;2,5;1;
2019/04/26;0200 UTC;1;960,9;961;960,7;;22,7;20,1;24,4;22,6;20,5;19,4;87;74;85;360;4,9;1,1;
2019/04/26;0300 UTC;0;960,9;961;960,9;;23,2;19,9;23,4;22,7;20,4;19,9;87;81;82;25;3,1;,9;
2019/04/26;0400 UTC;0;960,6;961;960,6;;21,9;19,7;23,2;21,9;20;19,7;88;82;88;359;2,9;1,5;
2019/04/26;0500 UTC;0;960,3;960,6;960,3;;21,8;20,1;22;21,7;20,1;19,7;90;88;90;359;2,9;1;
2019/04/26;0600 UTC;0;959,6;960,3;959,5;;21,5;19,8;21,9;21,3;20,1;19,7;91;89;90;318;2,6;,4;
2019/04/26;0700 UTC;0;959,7;959,7;959,4;;20,9;19,4;21,5;20,8;19,8;19,2;92;89;91;348;2,4;0;
2019/04/26;0800 UTC;0;960,2;960,2;959,7;;20,6;19,4;21;20,5;19,6;19,2;93;91;93;33;3,2;,5;
2019/04/26;0900 UTC;0;960,8;960,8;960,2;;20,8;19,5;20,9;20,6;19,8;19,2;93;92;92;8;4,2;1,5;
2019/04/26;1000 UTC;0;961,1;961,1;960,7;29,3;20,4;19,4;20,8;20;19,5;18,9;94;92;94;323;4,2;1,2;
2019/04/26;1100 UTC;0;961,8;961,8;961,1;566,3;22;20,1;22;20,4;20,1;19,4;94;88;89;338;2,5;,6;
2019/04/26;1200 UTC;0;962,1;962,1;961,8;1385,4;24,8;21,1;24,8;21,9;21,1;19,8;89;79;80;320;2,6;1,1;
2019/04/26;1300 UTC;0;962,4;962,4;962,1;2149,2;26,7;20,2;26,9;24,8;21,2;18,9;80;62;68;316;3,8;1,3;
2019/04/26;1400 UTC;0;961,7;962,4;961,7;2671,5;28,9;19,9;29,2;26,7;20,3;18,3;68;55;59;241;3,9;,9;
2019/04/26;1500 UTC;0;960,6;961,7;960,6;2949,2;30,3;18,2;30,6;28,8;20;17,5;59;48;48;242;3,9;1;
2019/04/26;1600 UTC;0;959,8;960,6;959,8;2406,6;29,8;17,9;30,8;29,3;19,4;16,5;52;43;49;2;5,5;,3;
2019/04/26;1700 UTC;0;959;959,8;959;1107,2;29,1;18,4;30,9;29,1;19,5;16,6;56;45;53;307;2,8;1,3;
2019/04/26;1800 UTC;0;958,2;959;958,2;1806,8;31;18,1;31,9;28,6;19,3;17;55;42;46;341;3,4;1,6;
2019/04/26;1900 UTC;0;957,8;958,2;957,8;1336,1;30,6;17,8;31,4;29,8;19;16,7;50;41;46;7;3,4;1,4;
2019/04/26;2000 UTC;0;957,6;957,8;957,5;217,5;29,4;19,1;30,7;29,4;19,5;17,2;55;44;54;335;2,8;0;
2019/04/26;2100 UTC;0;957,7;957,8;957,6;66,8;27,7;18,1;29,4;26,8;20;18,1;62;53;56;285;,8;0;
2019/04/26;2200 UTC;0;958,2;958,2;957,6;;26,2;17,9;27,9;26,2;18,4;17,7;61;54;60;34;,4;0;
2019/04/26;2300 UTC;0;958,7;958,8;958,2;;24,2;19,2;27,1;24,2;19,2;17,8;73;57;73;353;3,7;1,3;
2019/04/27;0000 UTC;0;958,9;958,9;958,7;;23,6;19,5;24,6;23,6;19,5;19;78;71;78;356;3,7;,1;
2019/04/27;0100 UTC;0;959;959;958,8;;23,3;19,7;23,8;23,2;19,8;19,5;80;78;80;28;1,4;0;
2019/04/27;0200 UTC;0;958,9;959;958,8;;22,5;19,6;23,4;22,5;19,9;19,6;84;80;84;11;1,2;,1;
2019/04/27;0300 UTC;0;958,8;958,9;958,8;;21,6;19,8;22,4;21,6;19,9;19,6;89;84;89;2;2,4;,3;
2019/04/27;0400 UTC;0;958,9;959;958,7;;21,3;19,6;21,6;21,1;19,9;19,4;92;89;90;343;1,9;,4;
2019/04/27;0500 UTC;0;958,5;958,9;958,5;;21;19,2;21,5;21;19,7;19,1;90;88;89;10;1,8;0;
2019/04/27;0600 UTC;0;958,7;958,7;958,4;;20,9;19;21,2;20,8;19,4;18,9;90;89;89;2;1,7;,5;
2019/04/27;0700 UTC;0;958,4;958,7;958,4;;20,5;19,2;20,9;20,3;19,2;18,8;92;89;92;347;1,9;0;
2019/04/27;0800 UTC;0;958,3;958,6;958,3;;20,8;19,1;20,9;20,4;19,5;18,9;93;90;90;258;1,5;,5;
2019/04/27;0900 UTC;0;958,7;958,7;958,3;;19,7;18,3;20,8;19,7;19,1;18,2;92;89;92;342;1,6;0;
2019/04/27;1000 UTC;0;959,2;959,2;958,7;33,1;19,5;18,4;20;19,5;18,8;18,4;93;92;93;359;1,3;0;
2019/04/27;1100 UTC;0;959,7;959,7;959,2;511,6;21,2;19,8;21,2;19,4;20;18,4;94;92;92;336;2;,5;
2019/04/27;1200 UTC;0;960;960;959,7;1395;23,9;20,8;23,9;21,2;20,9;19,8;92;83;83;350;2,1;,1;
2019/04/27;1300 UTC;0;959,8;960;959,8;2150,8;27;19,9;27;23,9;21,4;19,2;83;63;65;276;4;2,2;
2019/04/27;1400 UTC;0;959,2;959,8;959,2;2668,3;29,3;19;29,8;27;20,8;18,4;66;51;54;255;4,3;1,6;
2019/04/27;1500 UTC;0;958,2;959,2;958,2;2956,9;31,4;18,9;31,4;29,1;19,3;17,5;54;45;48;224;5,2;,8;
2019/04/27;1600 UTC;0;957,4;958,2;957,4;2885,8;31,1;16,9;32;30,8;19,5;16,1;49;41;43;193;6,6;1,8;
2019/04/27;1700 UTC;0;956,5;957,4;956,5;2198,2;31,6;16,6;33,1;30;18,7;16,3;49;37;41;201;7,3;1,1;
2019/04/27;1800 UTC;0;955,6;956,5;955,6;2032,2;32,6;17,5;32,7;30,4;18,3;16,3;47;39;41;166;5,2;2,1;
2019/04/27;1900 UTC;0;955,3;955,6;955,3;1516,8;31,7;17;32,6;30,7;18,3;17;47;40;41;176;5,6;1,7;
2019/04/27;2000 UTC;0;955,3;955,4;955,2;368,4;30;17,9;31,7;30;18,1;16,5;49;41;48;195;4,7;,8;
2019/04/27;2100 UTC;0;955,5;955,6;955,3;69,6;26,3;18,2;30;26,3;18,8;17,4;61;47;61;318;3,5;0;
2019/04/27;2200 UTC;0;955,6;955,6;955,5;;24,9;18;26,4;24,9;18,2;17,9;65;60;65;28;,6;0;
2019/04/27;2300 UTC;0;956,4;956,4;955,6;;24,2;18,1;24,9;24,2;18,2;18;69;65;69;235;0;0;
2019/04/28;0000 UTC;0;956,7;956,7;956,4;;23,4;17,9;24,2;23,3;18,1;17,8;72;68;72;21;,7;0;
2019/04/28;0100 UTC;0;956,9;957;956,7;;23,1;17,8;23,4;22,8;18,1;17,7;74;71;72;170;1,3;,2;
2019/04/28;0200 UTC;0;956,9;956,9;956,9;;23,2;17,9;23,7;22,8;18,2;17,6;75;69;72;17;1;0;
2019/04/28;0300 UTC;0;956,6;956,9;956,6;;22,7;17,8;23,9;22,6;17,9;17,6;75;69;74;285;1,1;0;
2019/04/28;0400 UTC;0;956;956,6;956;;21,3;17,8;23;21,3;17,9;17,6;80;73;80;5;0;0;
2019/04/28;0500 UTC;0;955,5;956;955,5;;20,4;17,8;21,4;20,4;18;17,7;86;80;85;344;0;0;
2019/04/28;0600 UTC;0;955,2;955,5;955,2;;20,2;17,7;20,5;20,2;18;17,7;87;85;85;4;0;0;
2019/04/28;0700 UTC;0;955;955,2;954,9;;20,4;17,5;20,4;20;17,8;17,4;86;83;83;326;0;0;
2019/04/28;0800 UTC;0;955;955;954,8;;19,9;17,1;20,4;19,3;17,5;16,9;87;83;84;301;1,3;,3;
2019/04/28;0900 UTC;0;955,8;955,8;955;;19,2;17,1;20,2;19,2;17,4;16,8;88;83;88;163;1,9;0;
2019/04/28;1000 UTC;0;956,3;956,3;955,8;22,1;19,7;17,2;19,7;19;17,2;16,9;88;85;85;258;2,1;1,3;
2019/04/28;1100 UTC;0;956,7;956,7;956,3;581;22,8;18,6;22,8;19,7;18,6;17,1;86;76;77;62;3,5;,3;
2019/04/28;1200 UTC;0;957;957;956,7;1441;26,2;19,1;26,2;22,8;19,4;18,2;78;65;65;198;4,2;1;
2019/04/28;1300 UTC;0;957;957,2;957;2183,7;29;19;29,2;26,2;19,7;18,4;66;53;55;193;5,7;1,9;
2019/04/28;1400 UTC;0;956,3;957,1;956,3;2753,5;30,5;19,5;30,6;29;19,6;18,3;55;50;52;185;9,3;3;
2019/04/28;1500 UTC;0;955,2;956,3;955,2;2752,6;30,9;18,4;31,6;30,1;19,3;17,7;52;45;47;183;9,8;4,3;
2019/04/28;1600 UTC;0;954,5;955,3;954,5;2027,1;30;19,1;31,6;29,4;19,1;18;52;45;52;175;10,5;2,3;
2019/04/28;1700 UTC;0;953,3;954,5;953,3;1374,3;29,2;18,1;31,7;29,2;19,1;17,4;52;45;51;163;8,3;2,2;
2019/04/28;1800 UTC;0;952,8;953,5;952,7;1025,7;30,5;18,4;30,5;26,8;19,1;17,9;62;49;49;180;12,6;1,8;
2019/04/28;1900 UTC;0;952,5;952,8;952,4;804,2;28,9;19,8;31;28,5;20,3;18,3;60;48;58;173;7,1;2,5;
2019/04/28;2000 UTC;0;954,4;954,4;952,4;233,5;24,5;18,7;28,9;24,5;19,9;18,5;70;57;70;133;11,4;4;
2019/04/28;2100 UTC;0;955,2;955,2;954,5;66,2;22,2;18;24,5;22,2;18,6;17,7;77;69;77;89;11,4;3,9;
2019/04/28;2200 UTC;,2;955,4;955,4;954,9;;21,5;18,9;22,2;21,5;18,9;18;85;77;85;51;8,4;,6;
2019/04/28;2300 UTC;0;956,3;956,3;955,4;;21,5;19,1;21,7;21,5;19,1;18,9;86;85;86;205;2,9;,7;
2019/04/29;0000 UTC;0;956,6;956,6;956,3;;21,2;19;21,6;21,2;19,1;19;87;86;87;203;3,3;,2;
2019/04/29;0100 UTC;0;956,8;957;956,6;;21,2;19,2;21,5;21,1;19,3;19;89;87;89;54;2,1;0;
2019/04/29;0200 UTC;,2;956,6;956,9;956,6;;21,2;19,3;21,3;21,1;19,4;19,2;90;89;89;169;2,3;,6;
2019/04/29;0300 UTC;0;956,2;956,6;956,2;;20,3;18,9;21,3;20,3;19,3;18,9;91;88;91;203;2,3;,1;
2019/04/29;0400 UTC;0;955,8;956,2;955,8;;20,2;18,8;20,7;20,2;19,3;18,7;92;90;91;186;2,1;1,2;
2019/04/29;0500 UTC;0;955,4;955,8;955,4;;20,2;18,9;20,2;19,8;19;18,5;93;91;93;179;2,4;,2;
2019/04/29;0600 UTC;0;955,3;955,4;955,3;;20,2;19;20,6;19,6;19,6;18,2;94;92;93;147;1,3;0;
2019/04/29;0700 UTC;0;955,1;955,3;955,1;;19,1;18;20,7;19,1;19,5;17,9;93;91;93;347;1,2;0;
2019/04/29;0800 UTC;0;955,3;955,3;955,1;;19,2;18,3;19,2;18,9;18,3;18;94;93;94;213;,6;0;
2019/04/29;0900 UTC;0;955,9;955,9;955,2;;19,5;18,5;19,7;19,2;18,8;18,3;94;94;94;346;1,2;0;
2019/04/29;1000 UTC;0;956,6;956,6;955,9;19,5;20;19;20;19,5;19;18,5;95;94;95;243;2,2;0;
2019/04/29;1100 UTC;,2;957,5;957,5;956,6;108,4;20,4;19,5;20,4;19,9;19,5;19,1;95;95;95;97;,5;0;
2019/04/29;1200 UTC;0;958,2;958,2;957,5;631,7;21,3;20,4;21,3;20,3;20,4;19,4;95;94;94;356;1,1;,1;
2019/04/29;1300 UTC;0;958,4;958,4;958,2;1714,5;23,8;19,1;23,8;21,2;21,5;19;94;75;75;37;2,2;0;
2019/04/29;1400 UTC;0;958;958,4;958;1654,5;24,2;18,4;25,8;23,2;20,1;18;78;64;70;127;2,4;,4;
2019/04/29;1500 UTC;0;957,5;958;957,5;1760,1;25,5;17,8;26,1;24,1;19,2;17,6;72;61;62;80;3,9;2,1;
2019/04/29;1600 UTC;0;956,9;957,5;956,9;2472,8;26,2;17,7;27,3;25,4;18,4;17;64;55;59;88;5,3;2,8;
2019/04/29;1700 UTC;0;956,2;956,9;956,2;1591;26,5;16,2;28;26;18;15,9;61;52;53;109;4,9;2,4;
2019/04/29;1800 UTC;0;956,2;956,2;956;1887;27,5;16,2;28,6;26,3;17,4;15,8;56;47;50;96;5,9;2;
2019/04/29;1900 UTC;0;956,3;956,3;956,1;1952,9;27,5;15,8;28,6;27,1;17;15,1;51;46;49;107;5,4;2,9;
2019/04/29;2000 UTC;0;956,5;956,5;956,3;351,4;26,3;15,5;27,6;26,3;16,1;15,3;52;47;51;73;5,6;2;
2019/04/29;2100 UTC;0;956,6;956,7;956,4;53,1;23,8;16,1;26,3;23,8;16,2;15,4;62;51;62;63;3,8;,2;
2019/04/29;2200 UTC;0;957,2;957,2;956,6;;23,1;15,8;24,1;22,9;16,2;15,8;65;61;64;29;2;,2;
2019/04/29;2300 UTC;0;958;958;957,2;;21,8;16,1;23,1;21,4;16,1;15,7;71;64;70;29;2;,2;
2019/04/30;0000 UTC;0;958,3;958,3;958;;21,7;16,5;22,2;21,4;16,5;16,1;72;69;72;344;1,3;0;
2019/04/30;0100 UTC;0;958,6;958,6;958,3;;20,3;16;21,7;20,3;16,5;16;76;72;76;337;1,3;,3;
2019/04/30;0200 UTC;0;958,5;958,8;958,5;;19,7;15,9;20,3;19,3;16,2;15,9;81;76;79;330;1,3;0;
2019/04/30;0300 UTC;0;958,7;958,7;958,5;;18,4;15,8;19,8;18,1;16,1;15,5;87;78;85;314;1,4;,1;
2019/04/30;0400 UTC;0;958,3;958,7;958,3;;16,6;15,4;18,4;16,6;15,9;15,1;92;84;92;356;1,4;0;
2019/04/30;0500 UTC;0;958,3;958,3;958,2;;16,3;14,8;17,3;16,3;15,6;14,3;92;87;91;355;2,7;,9;
2019/04/30;0600 UTC;0;957,9;958,3;957,9;;16,4;14,8;16,8;16,1;15,4;14,5;93;89;91;348;2,5;1,3;
2019/04/30;0700 UTC;0;958,2;958,3;957,9;;15,8;14,7;16,4;15,6;14,8;14,3;93;90;93;342;2,5;0;
2019/04/30;0800 UTC;0;958,3;958,4;958,1;;15,7;14,5;15,8;15,5;14,7;14,3;93;92;93;316;2,9;,8;
2019/04/30;0900 UTC;0;958,9;958,9;958,3;;15;14;15,7;15;14,5;14;94;92;93;344;2,3;,7;
2019/04/30;1000 UTC;0;959,7;959,7;958,9;22,3;14,9;14;15,4;14,7;14,5;13,7;95;93;94;346;2,2;0;
2019/04/30;1100 UTC;0;960,5;960,5;959,7;542,8;16,8;15,9;16,8;14,5;15,9;13,6;95;94;95;2;1,7;,6;
2019/04/30;1200 UTC;0;960,9;960,9;960,5;1454,2;19,4;16,2;19,4;16,8;16,8;15,8;95;82;82;356;3,6;2,3;
2019/04/30;1300 UTC;0;960,9;961,1;960,9;2241,1;22,1;16,8;22,4;19,4;17,6;16,3;85;71;72;353;4,1;2;
2019/04/30;1400 UTC;0;960,2;961;960,2;2768,3;24,5;17;25,1;21,9;18,1;16,6;73;61;63;3;3,5;1,4;
2019/04/30;1500 UTC;0;959,3;960,2;959,3;3043,4;27,9;15,8;27,9;24,5;17,9;15,1;64;47;48;260;3,8;1,2;
2019/04/30;1600 UTC;0;958,4;959,4;958,4;3093;28,4;14,3;29,1;27,5;15,4;12,4;47;37;42;143;3,5;1,3;
2019/04/30;1700 UTC;0;957,5;958,4;957,5;2917,4;28,6;13,5;29,5;28,4;14,6;12,4;43;37;40;72;4;1,9;
2019/04/30;1800 UTC;0;957,1;957,5;957,1;2204,2;28,7;13;29,5;27,3;14,2;12,3;42;37;38;94;4,2;2,1;
2019/04/30;1900 UTC;0;957,2;957,2;957,1;1642,9;28;12,6;29;27,8;13,3;12,1;40;36;39;90;5,2;1,9;
2019/04/30;2000 UTC;0;956,9;957,2;956,9;322,7;26,9;14,2;28,1;26,9;14,3;12,5;46;38;46;63;4,1;1,3;
2019/04/30;2100 UTC;0;957;957;956,9;72,3;23,7;15,3;26,9;23,7;15,4;14,1;59;46;59;33;2,5;1;
2019/04/30;2200 UTC;0;957,4;957,4;957;;22,7;15,2;23,7;22,7;15,7;15,2;63;59;63;343;2,5;,1;
2019/04/30;2300 UTC;0;957,7;957,8;957,4;;21,6;14,7;22,6;21,3;15,2;14,6;66;63;65;331;2,3;1,1;
2019/05/01;0000 UTC;0;958,3;958,4;957,7;;20;14,9;21,6;19,9;14,9;14,4;73;64;72;349;2,3;,2;
2019/05/01;0100 UTC;0;958,9;958,9;958,2;;19,3;15,4;20,7;19,2;15,4;14,8;78;70;78;344;3,4;1,1;
2019/05/01;0200 UTC;0;958,9;959;958,8;;19,2;14,9;19,6;18,8;15,4;14,9;78;75;76;341;3;1,1;
2019/05/01;0300 UTC;0;958,7;959;958,6;;17,9;15;19,2;17,9;15,1;14,7;84;76;83;334;2,9;,1;
2019/05/01;0400 UTC;0;958,8;958,8;958,6;;18,4;14,7;18,5;17,6;15;14,7;84;79;79;317;2,2;1,3;
2019/05/01;0500 UTC;0;958,4;958,8;958,4;;17,4;14,9;18,4;17,3;14,9;14,6;85;79;85;357;1,9;0;
2019/05/01;0600 UTC;0;958,3;958,4;958,1;;17,3;14,9;17,8;17,3;15,1;14,8;86;84;86;344;,9;0;
2019/05/01;0700 UTC;0;958,5;958,5;958,3;;17,2;15;17,4;17,1;15;14,9;88;85;87;327;,6;0;
2019/05/01;0800 UTC;0;958,7;958,7;958,5;;16,9;15,1;17,4;16,9;15,2;14,9;89;86;89;349;1,8;0;
2019/05/01;0900 UTC;0;958,9;958,9;958,5;;17,3;15;17,4;16,9;15,1;14,9;89;86;86;284;2,1;,3;
2019/05/01;1000 UTC;0;959,1;959,2;958,9;7,9;17,1;15,1;17,6;17,1;15,2;14,9;88;84;88;330;1,8;0;
2019/05/01;1100 UTC;0;959,4;959,5;959,1;179,1;17,7;15,6;17,7;17;15,7;15;90;88;88;356;2,5;,8;
2019/05/01;1200 UTC;0;959,8;959,8;959,4;558,3;20,1;16,2;20,1;17,7;16,7;15,6;88;77;78;288;2,9;,3;
2019/05/01;1300 UTC;0;960,2;960,2;959,8;1351,2;22,1;16,2;22,2;20,1;17;15,8;80;69;69;2;4,5;2,2;
2019/05/01;1400 UTC;0;960;960,6;960;2546,8;25,6;15,4;25,6;22,1;16,6;14,7;70;51;53;29;4,1;,4;
2019/05/01;1500 UTC;0;958,8;960;958,8;3003,4;28,1;15;28,2;25,5;16,8;14,5;56;44;45;195;2,9;0;
2019/05/01;1600 UTC;0;958,1;958,8;958;2118,9;28,6;13,7;28,8;27,8;15,6;12,8;47;38;40;306;2,3;,3;
2019/05/01;1700 UTC;0;957,4;958,1;957,4;1990,9;28,6;14,7;29,4;28,3;15,8;12,6;45;37;43;315;2,5;,5;
2019/05/01;1800 UTC;0;957,1;957,5;957,1;1218,7;28;14,5;28,7;27,9;16,1;14;48;42;44;18;2,2;1,1;
2019/05/01;1900 UTC;0;957,3;957,3;957;746,7;27,9;15,9;28,5;27,9;16,3;14,1;49;42;48;106;2,2;,6;
2019/05/01;2000 UTC;0;957,2;957,3;957,2;289;26,5;16,3;27,9;26,4;17,1;15,6;56;47;54;90;1,9;,1;
2019/05/01;2100 UTC;0;957;957,2;957;69,9;25,2;15,6;26,5;25,2;16,7;14,8;56;51;55;125;,7;0;
2019/05/01;2200 UTC;0;957;957;956,9;;25;15,2;25,8;24,9;15,8;15;57;51;55;135;0;0;
2019/05/01;2300 UTC;0;957,3;957,3;956,9;;24,6;15,5;25,5;24,4;16;14,9;59;53;57;197;1,3;,9;
2019/05/02;0000 UTC;0;957,9;957,9;957,3;;23,6;16,6;24,5;23,6;17,4;15,1;67;56;65;197;1,7;0;
2019/05/02;0100 UTC;0;957,8;957,9;957,8;;22,8;17,6;24,2;22,8;18;16;73;61;72;328;1;0;
2019/05/02;0200 UTC;0;957,8;957,9;957,7;;22,7;17,7;23;22,7;18,4;17,6;75;72;73;344;,9;,2;
2019/05/02;0300 UTC;0;957;957,8;957;;21,5;18,2;22,7;21,1;18,5;17,8;84;74;82;323;2,3;,4;
2019/05/02;0400 UTC;0;956,9;957,2;956,9;;20,6;18,2;21,5;20,6;18,3;18,1;86;81;86;355;2,3;0;
2019/05/02;0500 UTC;0;956,7;956,9;956,7;;19,9;17,8;20,6;19,9;18,5;17,8;88;86;88;2;1,5;0;
2019/05/02;0600 UTC;0;956,2;956,7;956,2;;20,3;17,7;20,3;19,8;18;17,6;88;86;86;327;0;0;
2019/05/02;0700 UTC;0;956,2;956,3;956;;19,7;17,5;20,3;19,7;17,8;17,3;87;85;87;4;0;0;
2019/05/02;0800 UTC;0;956,2;956,2;956,1;;19,3;17,5;19,7;19,3;17,7;17,2;89;87;89;9;0;0;
2019/05/02;0900 UTC;0;956,5;956,5;956,2;;19,1;17,7;19,3;19,1;17,9;17,4;92;89;92;313;1,6;,1;
2019/05/02;1000 UTC;0;957,2;957,2;956,5;6,8;19,6;17,9;19,7;19,1;17,9;17,6;92;89;90;322;1,7;0;
2019/05/02;1100 UTC;0;958;958;957,2;114,1;20,3;18,5;20,3;19,6;18,5;17,9;91;89;90;14;1,8;0;
2019/05/02;1200 UTC;,2;958,4;958,4;958;466;21,4;19,1;21,4;20,3;19,2;18,6;91;85;87;353;2,1;1,1;
2019/05/02;1300 UTC;0;958,8;958,8;958,4;1192;22,5;18;23;21,3;19,6;18;88;75;76;18;2,7;1,6;
2019/05/02;1400 UTC;0;958,6;958,8;958,5;1011,8;24,2;18,7;24,2;22,4;18,8;17,8;78;71;71;353;2,7;1;
2019/05/02;1500 UTC;0;957,7;958,6;957,7;1930,2;26,9;17,5;27,1;24,1;18,9;17,2;71;56;56;289;4,4;2,1;
2019/05/02;1600 UTC;0;956,6;957,7;956,6;2778,2;28;16,8;28,6;26,9;17,9;16,4;57;50;51;269;4,6;2,3;
2019/05/02;1700 UTC;0;955,9;956,6;955,9;2542,5;29,1;16,3;29,4;27,8;17,7;16,1;53;45;46;325;4,8;1;
2019/05/02;1800 UTC;0;955,3;955,9;955,3;2111,4;29,6;15,9;30,4;28,9;17,3;14,8;49;39;44;268;3,6;,9;
2019/05/02;1900 UTC;0;955,3;955,3;955,2;762,6;28,1;16,9;29,6;28,1;18;15,2;54;42;51;30;3,6;,9;
2019/05/02;2000 UTC;0;955,4;955,4;955,3;419,3;27,5;17,6;28,1;27,4;17,6;16,5;55;50;55;13;2,2;,7;
2019/05/02;2100 UTC;0;955,6;955,7;955,4;103,3;25,7;17,8;27,5;25,5;18,3;17,5;63;54;61;4;1,8;0;
2019/05/02;2200 UTC;0;956,1;956,1;955,6;;24,4;17,4;25,7;24,4;17,8;17,4;65;62;65;4;1,2;0;
2019/05/02;2300 UTC;0;956,6;956,6;956,1;;24,3;16,9;24,7;23,6;17,6;16,9;67;63;63;299;0;0;
2019/05/03;0000 UTC;0;957,2;957,3;956,6;;23,2;17,7;24,3;22,6;18,1;16,8;75;63;71;329;2,2;0;
2019/05/03;0100 UTC;0;957,3;957,4;957,2;;22,3;17,8;23,2;22,3;17,9;17,3;76;70;76;49;1,5;0;
2019/05/03;0200 UTC;0;957,7;957,7;957,3;;21,9;17,9;22,5;21,9;18,2;17,7;79;74;78;10;1;0;
2019/05/03;0300 UTC;0;957,7;957,9;957,7;;21,5;18,2;21,9;21,4;18,4;17,9;82;78;82;358;1,8;1,1;
2019/05/03;0400 UTC;0;957,5;957,8;957,5;;21;18,4;21,6;20,9;18,4;18,1;85;81;85;337;2,1;,6;
2019/05/03;0500 UTC;0;957,1;957,5;957;;21,2;18,1;21,4;21;18,4;18,1;85;82;83;324;1,9;,9;
2019/05/03;0600 UTC;0;956,5;957,1;956,5;;20,8;18;21,2;20,8;18,1;18;84;83;84;335;1,9;1,1;
2019/05/03;0700 UTC;0;956,2;956,6;956,2;;19,9;17,4;20,9;19,9;18,1;17,3;85;83;85;320;2,4;,8;
2019/05/03;0800 UTC;0;955,8;956,3;955,8;;19,8;17,3;20,1;19,8;17,5;17,3;86;84;86;333;1,8;,9;
2019/05/03;0900 UTC;0;956,5;956,5;955,8;;19,4;17,2;19,9;19,3;17,4;17,1;88;85;88;342;2,1;1,1;
2019/05/03;1000 UTC;0;957,3;957,3;956,5;25,9;19,8;17,2;19,8;19,2;17,4;17,2;89;85;85;295;2,6;1,2;
2019/05/03;1100 UTC;0;958,5;958,5;957,3;424,5;21,5;18,6;21,6;19,8;18,6;17,2;86;81;83;312;2,3;1,1;
2019/05/03;1200 UTC;0;959,5;959,5;958,5;972;24,3;19,4;24,3;21,5;19,7;18,4;84;73;74;343;2,1;,4;
2019/05/03;1300 UTC;0;960;960;959,5;1580,7;26,9;19,8;26,9;24,3;20,2;18,8;74;65;65;197;3,8;1,3;
2019/05/03;1400 UTC;0;959,7;960;959,7;2597,9;28,2;19,5;29,1;26,7;20,5;19,2;67;57;59;224;4,6;1,1;
2019/05/03;1500 UTC;0;959;959,7;959;2691,6;29,9;19;30,4;28,1;20,8;18,8;62;52;52;159;3,6;,8;
2019/05/03;1600 UTC;0;958;959;958;2388,5;30,6;19,3;30,6;29,2;20;18,7;56;51;51;159;3,9;1,3;
2019/05/03;1700 UTC;0;957,2;958;957,2;2383,2;30,9;18,9;31,7;30,2;19,8;17,4;51;44;49;192;4,2;1;
2019/05/03;1800 UTC;0;956,5;957,2;956,5;2216,2;31,4;18;31,8;30,7;19,2;17,1;50;43;45;103;4,5;1,9;
2019/05/03;1900 UTC;0;956,1;956,6;956,1;1547,2;30,7;18,4;31,5;30,3;19,1;17,7;51;44;48;143;4,1;1,1;
2019/05/03;2000 UTC;0;956,4;956,4;956;325,9;29,6;18,8;30,8;29,4;19,1;18;53;46;52;76;3,9;1;
2019/05/03;2100 UTC;0;957;957;956,4;71,6;27,4;19,8;29,6;27,1;19,9;18,5;63;51;63;104;2;0;
2019/05/03;2200 UTC;0;957,6;957,6;957;;27,2;18,5;28,1;26,4;19,7;18,5;65;58;59;112;0;0;
2019/05/03;2300 UTC;0;958,5;958,5;957,6;;26,6;18,5;27,5;26,2;18,9;18,1;64;58;61;250;0;0;
2019/05/04;0000 UTC;0;959,5;959,5;958,5;;24,8;20,1;26,6;24,8;20,2;18,5;76;61;75;32;1,3;0;
2019/05/04;0100 UTC;0;959,8;959,8;959,5;;25,3;19,3;25,3;24,5;20,1;19,1;75;69;70;61;2;0;
2019/05/04;0200 UTC;0;960,2;960,3;959,8;;23,9;19,9;25,3;23,9;20,2;19,3;78;70;78;196;3,4;1,1;
2019/05/04;0300 UTC;0;960,1;960,4;960,1;;23,4;20,1;24,2;23,4;20,2;19,9;82;77;82;177;4;1,7;
2019/05/04;0400 UTC;0;959,6;960,1;959,5;;23,5;18,8;24;23,3;20,1;18,7;82;73;75;168;6,9;3;
2019/05/04;0500 UTC;0;959,4;959,6;959,3;;22,7;19,6;23,5;22,7;19,8;18,8;83;75;83;147;6,9;1,3;
2019/05/04;0600 UTC;0;959,3;959,4;959,1;;21,9;19,4;22,7;21,9;19,6;19,4;85;83;85;146;4,3;,1;
2019/05/04;0700 UTC;0;959,7;959,7;959,2;;21,1;19,2;21,9;21,1;19,4;19,1;89;85;89;220;2,9;,5;
2019/05/04;0800 UTC;0;959,3;959,9;959,2;;21;19,1;21,1;20,4;19,4;18,7;91;89;89;50;2,4;,7;
2019/05/04;0900 UTC;0;959,7;959,7;959,3;;20,5;19,1;21;20,3;19,1;18,6;91;89;91;215;2,4;0;
2019/05/04;1000 UTC;0;960,3;960,3;959,7;14,3;20,6;18,9;20,7;20,4;19,3;18,8;92;90;90;210;1,6;,4;
2019/05/04;1100 UTC;0;961,2;961,2;960,3;285,4;21,8;19,5;21,8;20,6;19,6;18,8;91;87;87;203;2;0;
2019/05/04;1200 UTC;0;961,6;961,6;961,2;1121,6;24,8;20,6;24,8;21,8;20,8;19,5;87;77;77;348;1,8;,2;
2019/05/04;1300 UTC;0;961,8;961,9;961,6;1836,7;26,1;20,6;26,5;24,5;21,1;20,2;79;70;71;47;2,2;,1;
2019/05/04;1400 UTC;0;961,3;961,8;961,3;2387,4;28,5;19,8;28,7;26;21,4;19,6;72;59;59;303;2,4;,7;
2019/05/04;1500 UTC;0;960,6;961,3;960,6;2044,6;27,3;20,2;29,6;27,2;20,8;19,4;66;55;65;248;5,2;1;
2019/05/04;1600 UTC;0;959,4;960,5;959,4;1435,8;28;19,7;28,2;27,3;20,7;19,3;66;60;61;289;3,2;,1;
2019/05/04;1700 UTC;0;958,6;959,4;958,6;1363,7;28,8;19,2;29;27,9;19,9;18,8;61;56;56;30;1,4;,1;
2019/05/04;1800 UTC;0;958,1;958,6;958,1;1177,6;28,9;18,4;29;28,3;20,2;18,4;60;53;53;14;2,9;1,3;
2019/05/04;1900 UTC;0;957,7;958,1;957,7;1054,9;29,6;19;29,7;28,4;19,9;18,6;59;53;53;6;3,2;,7;
2019/05/04;2000 UTC;0;957,9;957,9;957,6;435,6;28,5;18,4;29,6;28,5;19;18;55;50;55;3;2,4;0;
2019/05/04;2100 UTC;0;958,6;958,6;957,9;74,9;26,7;18,7;28,5;26,4;19,5;18,6;63;55;62;339;1;0;
2019/05/04;2200 UTC;0;958,9;958,9;958,5;;24,9;18,5;26,7;24,9;18,6;18,1;67;61;67;347;1,7;1;
2019/05/04;2300 UTC;0;959,4;959,4;958,9;;24,1;18,2;24,9;24,1;19,3;18,2;73;67;69;338;2,5;1;
2019/05/05;0000 UTC;0;959,8;959,8;959,4;;22,9;17;24,3;22,9;18,1;17;70;66;69;323;2,5;1,1;
2019/05/05;0100 UTC;0;960,2;960,2;959,8;;21,8;17,6;23,1;21,8;17,6;17;77;69;77;337;2,9;1,2;
2019/05/05;0200 UTC;0;960,4;960,6;960,2;;21,7;18,2;22,3;21,7;18,6;17,7;81;76;81;325;3,7;1,1;
2019/05/05;0300 UTC;0;959,9;960,4;959,9;;21;18,4;21,7;21;18,6;18,1;85;81;85;344;2,1;0;
2019/05/05;0400 UTC;0;959,7;959,9;959,7;;21,3;18,6;21,5;20,8;18,7;18,3;86;84;85;7;1,5;0;
2019/05/05;0500 UTC;0;959,3;959,7;959,3;;20,2;17,9;21,3;20,2;18,6;17,9;88;83;87;345;1,2;,3;
2019/05/05;0600 UTC;0;959;959,4;959;;20,2;18,7;20,3;19,7;18,9;17,8;92;87;91;3;,8;0;
2019/05/05;0700 UTC;0;958,8;959;958,8;;19,3;18;20,2;19,2;18,8;17,9;92;91;92;352;1,2;,6;
2019/05/05;0800 UTC;0;959,1;959,1;958,8;;19;17,9;19,4;18,8;18,1;17,5;93;92;93;310;1,8;,6;
2019/05/05;0900 UTC;0;959,9;959,9;959,1;;18,9;17,6;19,3;18,8;18;17,5;93;92;93;343;2,6;,4;
2019/05/05;1000 UTC;0;960,7;960,7;959,9;13,9;18,8;17,8;19;18,4;17,8;17,3;94;92;94;346;1,3;,1;
2019/05/05;1100 UTC;0;961,5;961,5;960,7;495,6;20,7;19;20,7;18,7;19;17,6;94;89;90;346;1,5;,8;
2019/05/05;1200 UTC;0;961,8;961,8;961,5;1031,5;22,7;19,6;22,7;20,7;19,6;18,9;90;81;83;349;2,7;1,2;
2019/05/05;1300 UTC;0;962;962;961,8;1599,5;24,9;19,1;25,3;22,8;20;18,5;83;68;70;294;5,9;2,5;
2019/05/05;1400 UTC;0;961,3;962;961,3;2203,9;27,7;19;28,2;24,8;20,4;18,8;71;59;59;263;6,1;3;
2019/05/05;1500 UTC;0;960,3;961,3;960,3;3125,2;29,6;19,4;30,5;27,7;20,3;18,9;61;51;54;258;6,8;2,8;
2019/05/05;1600 UTC;0;959,2;960,3;959,2;2614,3;30,5;18,6;30,6;29,2;19,6;18;55;48;49;275;7,1;2,3;
2019/05/05;1700 UTC;0;958,4;959,2;958,3;2285,6;30,8;18,3;31,2;29,1;19,3;17,6;54;46;47;288;6,8;2,1;
2019/05/05;1800 UTC;0;957,7;958,4;957,7;1977,9;30,4;18,1;31,5;29,7;19,6;17,9;53;45;48;269;5,4;1,6;
2019/05/05;1900 UTC;0;957,7;957,7;957,6;810,6;29,3;18,8;30,5;28,9;19,4;17,7;56;46;53;259;4;1,3;
2019/05/05;2000 UTC;0;958,1;958,1;957,7;380,4;29;19;29,6;28,4;19,6;18,4;58;52;55;256;3;,9;
2019/05/05;2100 UTC;0;958,5;958,5;958,1;77,2;27,1;18,1;29;27;19,4;18,1;61;53;58;248;3,8;,7;
2019/05/05;2200 UTC;0;958,9;958,9;958,5;;26,1;18,3;27,1;26,1;18,3;17,7;62;56;62;129;2,5;0;
2019/05/05;2300 UTC;0;959,2;959,2;958,9;;25,4;18,5;26,4;25;18,6;18,2;68;61;66;257;1,9;0;
2019/05/06;0000 UTC;0;959,6;959,6;959,2;;23,4;19,3;26,2;23,4;19,4;18,2;78;62;78;355;3,3;1,1;
2019/05/06;0100 UTC;0;959,9;959,9;959,6;;23,1;18,3;23,4;22,6;19,3;18,3;79;74;74;331;2,5;,9;
2019/05/06;0200 UTC;0;960;960,1;959,8;;22,1;18,1;23,1;22;18,4;18,1;79;74;78;341;2,5;1;
2019/05/06;0300 UTC;0;959,8;960;959,8;;21,5;17,8;22,2;21,5;18,2;17,8;80;77;80;276;2,4;1;
2019/05/06;0400 UTC;0;959,4;959,8;959,4;;21,9;18,2;22,2;21,5;18,2;17,9;80;77;80;326;2,4;,4;
2019/05/06;0500 UTC;0;959,2;959,4;959,2;;21,1;18,2;21,9;20,9;18,3;18,1;85;80;84;331;1,7;0;
2019/05/06;0600 UTC;0;959,2;959,3;959,1;;19,6;18;21,2;19,5;18,4;17,3;90;84;90;347;,6;0;
2019/05/06;0700 UTC;0;959;959,2;959;;19,5;17,7;19,9;19,4;18,2;17,6;91;88;90;8;,6;0;
2019/05/06;0800 UTC;0;959,1;959,1;958,9;;19,4;17,9;19,5;19,2;18;17,6;92;90;91;326;,7;0;
2019/05/06;0900 UTC;0;959,6;959,6;959;;19,5;18,1;19,6;19,2;18,2;17,7;92;91;92;319;1,6;0;
2019/05/06;1000 UTC;0;960,1;960,1;959,6;16,8;19,8;18,4;20,2;19,4;18,5;18;92;89;92;290;1,1;0;
2019/05/06;1100 UTC;0;960,5;960,5;960;496,2;21,1;18,9;21,2;19,8;19,2;18,4;92;87;87;338;2,2;0;
2019/05/06;1200 UTC;0;961,3;961,3;960,5;1316,5;24,3;19,9;24,4;21,1;20,1;19;88;76;77;345;1,6;,6;
2019/05/06;1300 UTC;0;961,7;961,7;961,2;1968,1;27,4;19;27,4;24,2;20,4;18,8;77;59;60;173;3,4;,9;
2019/05/06;1400 UTC;0;961;961,7;961;2548,8;29,3;19,2;29,4;27,3;19,8;18,9;63;53;54;163;5,9;2,5;
2019/05/06;1500 UTC;0;960,3;961;960,3;2753,9;30,2;19,1;30,6;28,8;20;18,7;57;50;51;165;5,8;1,5;
2019/05/06;1600 UTC;0;959,4;960,3;959,4;2026,2;28,7;18,7;31,2;28,5;19,3;18,2;56;47;55;85;5,8;1,4;
2019/05/06;1700 UTC;0;958,6;959,4;958,5;1117,3;30,4;19;30,4;28,6;19,6;17,8;56;49;50;107;3,6;1,8;
2019/05/06;1800 UTC;0;957,9;958,5;957,9;1831,8;31,3;17,2;31,3;30,1;19;16,3;50;42;43;79;4,5;1,4;
2019/05/06;1900 UTC;0;957,6;957,9;957,6;1043,9;30,1;18,1;31,3;29,7;18,5;16,7;50;42;49;94;4,5;1,6;
2019/05/06;2000 UTC;0;957,7;957,7;957,5;316,6;28,5;18,5;30,3;28,5;18,6;17,5;55;47;55;143;2,7;1;
2019/05/06;2100 UTC;0;957,5;957,7;957,4;45,5;27,2;18,2;28,5;26,8;19;18,2;61;55;58;132;2,4;0;
2019/05/06;2200 UTC;0;958;958;957,5;;26,4;18,4;27,5;26,3;18,5;18,1;62;57;62;101;1,8;1,2;
2019/05/06;2300 UTC;0;958,6;958,6;958;;25,1;18,5;26,8;25,1;18,5;18;67;59;67;195;1,8;,3;
2019/05/07;0000 UTC;0;959,1;959,1;958,6;;23,8;18,9;25;23,8;19;18,3;74;67;74;197;2,5;,8;
2019/05/07;0100 UTC;0;959,2;959,3;959,1;;22,9;19,3;23,8;22,7;19,4;18,8;81;74;80;185;3,3;1,6;
2019/05/07;0200 UTC;0;959;959,2;958,9;;23,2;18,8;23,8;22,9;19,4;18,8;80;74;77;167;3,1;,9;
2019/05/07;0300 UTC;0;958,9;959,2;958,9;;22,2;19,2;23,2;22;19,3;18,6;84;77;83;91;2,8;0;
2019/05/07;0400 UTC;0;958,6;958,9;958,5;;21,3;19,1;22,4;21,2;19,6;19,1;88;83;88;26;0;0;
2019/05/07;0500 UTC;0;958,1;958,7;958,1;;20,4;18,8;21,3;20,2;19,3;18,6;91;88;91;313;1,7;,5;
2019/05/07;0600 UTC;0;958;958,2;957,9;;19,8;18,2;20,6;19,8;19;18,2;91;89;90;300;1,7;,1;
2019/05/07;0700 UTC;0;957,6;958;957,6;;19,7;18,5;19,8;19,4;18,5;18,1;93;90;93;280;1,5;1;
2019/05/07;0800 UTC;0;957,8;957,8;957,5;;19,3;18;19,9;19,3;18,7;17,9;93;91;92;331;2,4;,8;
2019/05/07;0900 UTC;0;958,3;958,4;957,7;;18,7;17,7;19,3;18,6;18,1;17,5;94;92;94;305;5,3;1,3;
2019/05/07;1000 UTC;0;958,9;958,9;958,3;24,3;19,1;18,1;19,1;18,6;18,1;17,6;94;94;94;1;2,4;1,3;
2019/05/07;1100 UTC;0;959,2;959,2;958,8;508,1;21,1;19,1;21,1;18,9;19,1;17,9;94;88;89;345;2,4;1,5;
2019/05/07;1200 UTC;0;959,7;959,7;959,2;1448,3;23,8;19,5;23,8;21;19,6;18,8;89;77;77;356;3,5;2,1;
2019/05/07;1300 UTC;0;959,9;960;959,7;2205,3;26;19,5;26,3;23,7;20,2;18,8;77;66;67;3;3,8;1,2;
2019/05/07;1400 UTC;0;959,7;960;959,7;1943,4;27;20;27,6;25,4;20,6;19,3;71;64;65;13;3,2;1,6;
2019/05/07;1500 UTC;0;959;959,7;958,9;2251,6;29,1;19,2;29,8;26,9;20,5;19;66;53;55;285;3,2;1,3;
2019/05/07;1600 UTC;0;958,4;959;958,4;2508,9;30,3;18,6;31;28,6;19,7;18,2;58;47;50;273;3;1,4;
2019/05/07;1700 UTC;0;957,5;958,4;957,5;1856,3;29;18,5;31,6;29;20,1;18;55;46;53;47;3,7;1,9;
2019/05/07;1800 UTC;0;956,9;957,5;956,9;1212,4;30,8;18,4;30,9;28,5;19,4;18,2;56;47;47;133;3,3;,6;
2019/05/07;1900 UTC;0;956,7;956,9;956,7;1413,9;29;17,9;31,2;29;18,9;17,3;51;44;51;38;4,9;2,4;
2019/05/07;2000 UTC;0;957,1;957,1;956,7;226,3;26,6;19;29;26,6;19,1;17,2;63;49;63;346;4,9;,9;
2019/05/07;2100 UTC;0;957,7;957,7;957,1;52,4;23,3;18,6;26,6;23,1;19,2;17,4;75;59;75;17;6,6;1,4;
2019/05/07;2200 UTC;0;958,4;958,5;957,7;;22;18,1;23,3;22;18,8;18,1;79;75;79;351;4,6;1,5;
2019/05/07;2300 UTC;0;959,4;959,4;958,4;;21,8;17,8;22;21,8;18,1;17,6;79;76;78;4;3,2;1,2;
2019/05/08;0000 UTC;0;959,7;959,9;959,4;;23,2;18,4;23,6;21,8;18,7;17,8;79;73;74;17;4,4;1,5;
2019/05/08;0100 UTC;0;960,2;960,2;959,7;;22,4;18,7;23,2;22,4;18,7;18,3;80;74;80;353;4,2;,7;
2019/05/08;0200 UTC;0;960,4;960,5;960,2;;22,3;18,6;22,5;22;18,9;18,6;82;79;79;6;4,7;2,2;
2019/05/08;0300 UTC;0;960,3;960,5;960,3;;21,4;18;22,4;21,4;18,6;18;81;78;81;9;6;3,4;
2019/05/08;0400 UTC;0;960,3;960,4;960,3;;20,3;17,3;21,4;20,3;18;17,3;83;81;83;1;6,3;2,7;
2019/05/08;0500 UTC;0;959,7;960,3;959,7;;19,5;17,1;20,3;19,5;17,3;17,1;86;83;86;358;5,8;2,1;
2019/05/08;0600 UTC;0;959,4;959,7;959,3;;18,7;16,7;19,5;18,7;17,1;16,7;88;86;88;351;3,5;1,3;
2019/05/08;0700 UTC;0;959,2;959,4;959,2;;18,5;16,5;18,9;18,4;16,9;16,5;89;87;88;6;4,3;2,6;
2019/05/08;0800 UTC;0;959,3;959,3;958,9;;18,2;16,2;18,5;17,9;16,5;16,2;90;88;88;3;4,6;1,9;
2019/05/08;0900 UTC;0;959,6;959,6;959,3;;17,8;16;18,2;17,8;16,3;16;89;88;89;360;4,7;2,6;
2019/05/08;1000 UTC;0;960,4;960,5;959,6;13,9;17,3;15,9;17,8;17,2;16,1;15,6;92;89;92;329;4,4;1,8;
2019/05/08;1100 UTC;0;961,2;961,2;960,4;508,3;19,3;16,7;19,3;17,3;16,8;15,9;92;85;85;346;4;2,2;
2019/05/08;1200 UTC;0;961,7;961,7;961,2;1321,4;21,4;16,5;21,4;19,3;17,1;16,4;85;73;74;344;8,1;4,4;
2019/05/08;1300 UTC;0;961,9;962;961,7;2066,8;23,7;17,2;23,7;21,4;17,2;16,4;74;66;67;342;8,1;3,6;
2019/05/08;1400 UTC;0;961,3;962;961,3;2580,1;25,3;17;25,4;23,4;17,4;16,5;67;60;60;2;6,7;3,3;
2019/05/08;1500 UTC;0;960,6;961,3;960,6;2833,1;26,7;17;27,3;25,2;18;16,9;61;54;55;357;6,8;3,2;
2019/05/08;1600 UTC;0;959,9;960,6;959,8;2838,9;27,8;17,3;28,2;26,5;18;16,9;57;52;53;10;6,1;2,8;
2019/05/08;1700 UTC;0;959,1;959,9;959,1;2465,7;28,7;16,9;28,9;27,5;18,1;15,9;55;47;49;356;5,3;1,9;
2019/05/08;1800 UTC;0;958,4;959,1;958,3;2148,6;28,9;17,4;29,2;28,4;17,6;16,1;50;46;50;349;4,9;1,9;
2019/05/08;1900 UTC;0;958;958,3;958;1563,1;28,6;16,8;29,3;28,4;17,9;16,5;51;47;49;346;5,1;1,9;
2019/05/08;2000 UTC;0;958,1;958,1;958;403,4;26,6;17,8;28,5;26,6;17,9;16,3;59;48;59;18;4,4;2,2;
2019/05/08;2100 UTC;0;958,2;958,3;958,1;92,4;24,8;17,2;26,6;24,8;17,8;17,1;63;58;63;9;6,3;3,2;
2019/05/08;2200 UTC;0;958,3;958,3;958,2;;23;16,7;24,7;23;17,2;16,7;68;63;68;359;7,1;3;
2019/05/08;2300 UTC;0;958,7;958,7;958,2;;21,6;16,5;23,1;21,6;16,8;16,5;73;67;73;356;5,8;2,4;
2019/05/09;0000 UTC;0;959,4;959,5;958,7;;21;16,6;21,7;21;16,7;16,5;76;72;76;3;5,5;2,9;
2019/05/09;0100 UTC;0;959,5;959,7;959,3;;20;16,5;21;19,9;16,7;16,5;80;76;80;8;4,6;2,8;
2019/05/09;0200 UTC;0;959,9;959,9;959,4;;19,5;16,5;20,2;19,4;16,6;16,5;83;80;83;4;6,1;2,8;
2019/05/09;0300 UTC;0;960,1;960,1;959,9;;19;16,2;19,5;19;16,5;16,2;84;83;84;13;4,7;2,6;
2019/05/09;0400 UTC;0;959,4;960,1;959,4;;18,2;15,8;19,1;18,2;16,2;15,8;86;83;85;8;5;3;
2019/05/09;0500 UTC;0;958,9;959,4;958,9;;17,6;15,4;18,2;17,5;15,8;15,3;87;85;87;10;5;2,7;
2019/05/09;0600 UTC;0;958,7;959;958,4;;17,1;15;17,6;17,1;15,4;15;88;87;88;1;5,7;2,3;
2019/05/09;0700 UTC;0;958,7;958,8;958,5;;16,8;14,9;17,2;16,7;15,2;14,8;89;87;88;1;5,4;2,3;
2019/05/09;0800 UTC;0;958,6;958,7;958,5;;15,8;14,5;16,8;15,8;14,9;14,4;92;88;92;351;4,1;,5;
2019/05/09;0900 UTC;0;958,9;959;958,6;;15,6;14,4;16,1;15,5;14,7;14,2;92;91;92;341;2,9;,6;
2019/05/09;1000 UTC;0;959,3;959,3;958,9;24,7;16,1;14,9;16,1;15,5;14,9;14,2;93;92;93;329;2,4;,8;
2019/05/09;1100 UTC;0;959,4;959,7;959,3;507,3;18;15,9;18;16,1;15,9;14,9;93;87;87;331;2,9;1;
2019/05/09;1200 UTC;0;959,5;959,6;959,3;1281,5;20,7;16,3;20,9;18,1;16,7;15,7;87;75;76;301;5,5;3,5;
2019/05/09;1300 UTC;0;959,6;959,6;959,4;1991,8;24,6;18;24,6;20,7;18;16,4;77;66;67;273;5,9;2,8;
2019/05/09;1400 UTC;0;959,3;959,6;959,3;2528,6;27,4;17,9;27,7;24,6;19;17,5;67;55;56;242;5,5;1,7;
2019/05/09;1500 UTC;0;957,7;959,3;957,7;2765,3;28,7;17,8;28,9;27,4;18,7;17,4;57;52;52;241;5,3;1,8;
2019/05/09;1600 UTC;0;956,9;957,8;956,9;2742,6;30;17,6;30,4;28,6;18,7;17,4;55;47;47;216;5,3;1,6;
2019/05/09;1700 UTC;0;956,1;956,9;956,1;1757;29,2;17,8;31;29;18,2;16,6;51;44;50;200;4,5;,2;
2019/05/09;1800 UTC;0;955,7;956;955,7;970,3;29,2;17,9;30,6;29,1;18,7;16,6;51;45;51;2;3,6;,1;
2019/05/09;1900 UTC;0;955,5;955,7;955,5;931,1;29,8;17,1;30,2;28,7;18,4;17,1;52;46;46;31;4,1;1,2;
2019/05/09;2000 UTC;0;955,5;955,5;955,4;364,5;27,5;18,5;29,8;27,5;18,6;16,7;58;45;58;24;3,9;1,5;
2019/05/09;2100 UTC;0;955,8;955,8;955,5;54,4;25,1;18,4;27,6;25,1;19;18,4;67;58;67;10;3,1;1,9;
2019/05/09;2200 UTC;0;956,2;956,2;955,8;;23,6;18,6;25;23,6;18,7;18,4;73;67;73;357;4;1,5;
2019/05/09;2300 UTC;0;957;957;956,2;;23,8;18,4;24;23,1;18,8;18,3;76;71;72;310;8;2;
2019/05/10;0000 UTC;0;957,8;957,8;957;;22,1;18,4;23,8;22,1;18,5;18,4;80;72;80;339;5,6;2,3;
2019/05/10;0100 UTC;0;957,8;958;957,6;;21,2;18,7;22,1;21;18,9;18,3;86;80;86;325;4,9;2,4;
2019/05/10;0200 UTC;0;958;958,2;957,8;;20,4;18,2;21,2;20,4;18,7;18,1;88;85;87;271;3,8;1,5;
2019/05/10;0300 UTC;0;957,9;958,2;957,8;;20;17,9;20,4;19,9;18,2;17,9;89;87;88;263;3,8;1,3;
2019/05/10;0400 UTC;0;957,6;957,9;957,6;;19,5;17,7;20;19,5;18,1;17,6;89;88;89;347;3,7;0;
2019/05/10;0500 UTC;0;957;957,6;956,9;;19,2;17,8;19,5;19;17,8;17,5;92;89;91;318;2,2;,2;
2019/05/10;0600 UTC;0;956,4;957;956,4;;18,3;17,1;19,2;18,2;17,8;17;93;91;93;352;2,1;,7;
2019/05/10;0700 UTC;0;956;956,4;956;;18,5;17,5;18,5;18;17,5;17;94;93;94;317;2,4;,5;
2019/05/10;0800 UTC;0;955,9;956;955,8;;18,1;17,1;18,6;18,1;17,6;17,1;94;94;94;346;2,9;,1;
2019/05/10;0900 UTC;0;956,2;956,2;955,9;;18,2;17,3;18,3;17,7;17,3;16,7;94;94;94;312;2;,5;
2019/05/10;1000 UTC;0;956,5;956,5;956;10,4;17,9;16,9;18,3;17,7;17,4;16,8;94;94;94;337;2,3;0;
2019/05/10;1100 UTC;0;957,4;957,4;956,4;468,9;19,1;18,1;19,1;17,8;18,2;16,8;95;94;94;350;1,5;,3;
2019/05/10;1200 UTC;0;957,6;957,6;957,3;1092,4;21,5;19,1;21,5;19,1;19,2;18,2;94;86;86;350;2,2;,8;
2019/05/10;1300 UTC;0;958;958;957,6;1769,4;24,5;19;24,7;21,5;19,7;18,6;86;71;71;264;3,9;1,5;
2019/05/10;1400 UTC;0;958;958,2;958;2090,2;26,6;19,9;26,6;24,4;20,2;18,8;73;66;66;225;4,6;1,2;
2019/05/10;1500 UTC;0;957,5;958;957,5;2106,2;28;20,3;28;26,5;20,3;19;67;60;63;180;4,3;,8;
2019/05/10;1600 UTC;0;956,6;957,5;956,5;2354,1;29,8;20,1;29,8;27,8;20,6;19,2;63;55;56;159;4,5;1,4;
2019/05/10;1700 UTC;0;955,3;956,6;955,3;2105,9;29,7;19,2;30,5;28,8;20,1;18,7;58;51;54;194;4,7;1,5;
2019/05/10;1800 UTC;0;954,8;955,3;954,8;1881,1;30,8;18,8;30,8;29,7;19,6;18,3;54;48;49;142;4,4;,3;
2019/05/10;1900 UTC;0;954,3;954,8;954,3;1217,7;30,3;18,3;31,4;30,3;19,5;18;52;47;49;287;3;,3;
2019/05/10;2000 UTC;0;954,2;954,3;954,2;382,7;27,8;19,7;30,5;27,8;20;18,2;62;49;61;246;2,2;,5;
2019/05/10;2100 UTC;0;954,6;954,6;954,2;59,9;26,6;19,8;27,8;26,6;20,1;19,7;67;61;66;262;2,2;1,3;
2019/05/10;2200 UTC;0;955,1;955,1;954,5;;25,5;19,8;26,7;25,5;19,9;19,6;70;66;70;246;2,7;1,5;
2019/05/10;2300 UTC;17;955,8;956,1;955;;22,6;19,1;25,7;21;20,5;18,6;91;70;80;257;13,2;3,2;
2019/05/11;0000 UTC;,6;956,4;956,5;955,8;,7;22,7;19,3;22,9;21,7;19,4;18,5;85;78;81;289;10,1;,5;
2019/05/11;0100 UTC;0;955,9;956,6;955,9;;21,9;19,3;22,9;21,9;19,4;18,9;85;79;85;227;4,3;1,1;
2019/05/11;0200 UTC;0;955,8;956,1;955,8;;21,8;19,5;21,9;21,3;19,7;19,1;89;85;87;296;3,5;,6;
2019/05/11;0300 UTC;0;955,8;955,8;955,4;;21,5;19,3;22,1;21,4;19,8;19,3;89;86;87;242;3;,7;
2019/05/11;0400 UTC;0;955,4;955,8;955,4;;21,1;19,2;21,5;21,1;19,4;19,1;89;87;89;312;2,5;0;
2019/05/11;0500 UTC;0;955,3;955,6;955,2;;21;19,6;21,4;21;19,7;19,3;92;89;92;354;2;0;
2019/05/11;0600 UTC;0;955,1;955,6;955;;20,8;19,6;21;20,7;19,8;19,4;93;92;93;333;1,3;0;
2019/05/11;0700 UTC;0;954,8;955,5;954,8;;20,7;19,3;20,8;20,7;19,6;19,3;93;92;92;287;3,3;,8;
2019/05/11;0800 UTC;0;955,7;955,9;954,8;;20,4;19;20,8;20,4;19,3;19;92;91;92;289;3,3;,1;
2019/05/11;0900 UTC;0;956,1;956,1;955,5;;20,1;18,8;20,4;20;19;18,7;92;92;92;294;1,7;,1;
2019/05/11;1000 UTC;0;956,6;956,6;956,1;9,5;20;18,7;20,3;19,8;18,9;18,5;93;92;92;311;1,9;,3;
2019/05/11;1100 UTC;0;957;957;956,6;231,2;21;19,3;21;20;19,3;18,7;92;90;90;315;2,5;,7;
2019/05/11;1200 UTC;0;957,7;957,7;957;910,8;22,7;19,8;22,7;21;20;19,3;90;83;83;295;3,6;1,7;
2019/05/11;1300 UTC;0;958,2;958,2;957,7;1369,3;24,9;21,2;24,9;22,7;21,2;19,5;84;77;80;242;4,9;,2;
2019/05/11;1400 UTC;0;957,8;958,2;957,8;1855,4;26,8;20;26,9;25;21,4;20;80;67;67;185;4,5;,3;
2019/05/11;1500 UTC;0;957,2;957,8;957,2;1707,3;28,3;20,5;28,3;26,7;21,2;19,7;70;63;63;211;4,6;,5;
2019/05/11;1600 UTC;0;956,5;957,2;956,5;2521,8;30,3;20,2;30,3;28,3;20,9;19,3;64;53;55;186;5,1;1,7;
2019/05/11;1700 UTC;0;955,5;956,5;955,5;1502,2;29;19,7;30,8;29;20,7;19,2;59;52;57;184;5;,4;
2019/05/11;1800 UTC;21,6;956,1;956,7;955,3;254,8;21,6;20,2;29;20,5;20,8;18,9;92;56;92;341;9,5;2,8;
2019/05/11;1900 UTC;,2;955,2;956,1;955,2;646,8;22,8;19,6;22,9;21,5;20,4;19,2;92;81;82;2;8;,9;
2019/05/11;2000 UTC;0;956;956;955,2;230,5;22,5;19,6;23,1;22,3;20;19,4;87;81;83;154;4,3;1,7;
2019/05/11;2100 UTC;,6;956,7;956,7;956;15,7;21,9;19,8;22,5;21,8;20;19,6;89;83;88;257;5,2;1,4;
2019/05/11;2200 UTC;0;956,6;956,9;956,6;;21,5;19,8;22,2;21,4;19,8;19,1;90;83;90;45;2,7;0;
2019/05/11;2300 UTC;0;957,4;957,6;956,6;;20,9;19,2;21,5;20,9;19,8;19,1;90;89;90;280;3;,1;
2019/05/12;0000 UTC;0;958;958,1;957,4;;21;19,2;21,3;20,8;19,3;18,8;90;86;89;258;4,3;,6;
2019/05/12;0100 UTC;0;958,2;958,2;957,9;;21,1;19,5;21,4;20,8;19,5;19;91;87;90;158;5,1;0;
2019/05/12;0200 UTC;0;958,3;958,3;958,1;;21,1;19,5;21,3;21,1;19,6;19,4;91;89;91;4;,8;0;
2019/05/12;0300 UTC;0;958,5;958,6;958,3;;21,2;19,4;21,6;21,1;19,5;19,1;91;86;90;358;0;0;
2019/05/12;0400 UTC;0;958,5;958,5;958,5;;20,8;19,6;21,2;20,8;19,6;19,3;92;90;92;25;2,2;0;
2019/05/12;0500 UTC;0;958,3;958,5;958,3;;20,9;19,5;21;20,7;19,8;19,3;93;92;92;296;0;0;
2019/05/12;0600 UTC;0;958,1;958,4;958,1;;20,5;19;21,3;20,5;19,6;19;92;89;91;349;,7;0;
2019/05/12;0700 UTC;0;958,1;958,1;957,9;;20,7;19,6;20,8;20,2;19,7;19;94;91;93;338;,7;0;
2019/05/12;0800 UTC;0;958,4;958,4;957,9;;20,1;18,9;20,8;20;19,7;18,8;94;93;93;48;1,7;0;
2019/05/12;0900 UTC;0;958,8;958,8;958,4;;20,6;19,6;20,6;19,6;19,6;18,5;94;93;94;107;1,2;0;
2019/05/12;1000 UTC;0;959,5;959,8;958,8;20,7;20,8;19,9;20,9;19,9;19,9;18,9;94;94;94;92;5,4;,5;
2019/05/12;1100 UTC;0;959,7;959,8;959,5;334,7;21,7;20,8;21,8;20,8;20,8;19,9;94;94;94;143;2,2;0;
2019/05/12;1200 UTC;0;960,3;960,3;959,7;787,5;22,9;21,8;23,4;21,7;22,4;20,7;94;94;94;235;2,1;,5;
2019/05/12;1300 UTC;0;960,3;960,4;960,2;1519,4;24,9;22,2;24,9;22,5;22,7;21,4;94;84;85;280;2,1;,2;
2019/05/12;1400 UTC;0;959,8;960,3;959,7;2408,7;26,5;21,6;26,5;24,9;22,8;20,9;85;73;75;226;3,6;,8;
2019/05/12;1500 UTC;0;959,2;959,8;959,1;2455,8;27,8;21,4;28,2;26,5;22,6;21;75;67;68;267;3,8;1,4;
2019/05/12;1600 UTC;0;958,4;959,2;958,4;2397,4;29,7;20,1;29,9;27,5;22,3;20,1;70;56;56;165;4,2;1,1;
2019/05/12;1700 UTC;0;957,8;958,4;957,8;2558,8;30,1;19,9;30,4;29;21,3;19,6;63;53;54;125;4,5;1,7;
2019/05/12;1800 UTC;0;957,4;957,8;957,4;2134,9;30,2;18,9;30,4;29,7;20,6;18,3;58;49;51;83;4,3;1;
2019/05/12;1900 UTC;0;957,4;957,5;957,3;1385,4;30;18,2;30,5;29,7;20,2;17,9;57;48;49;98;3,7;1,4;
2019/05/12;2000 UTC;0;957,7;957,7;957,4;270,8;28,1;19,1;30;28,1;19,2;17,8;58;49;58;105;3,9;2,1;
2019/05/12;2100 UTC;0;958,3;958,3;957,7;41,2;26,1;19,6;28,1;26,1;19,6;18,4;67;57;67;100;3,4;1,3;
2019/05/12;2200 UTC;0;958,7;958,7;958,2;;25,4;19,2;26,1;25,3;19,7;19;70;66;69;98;2,2;,3;
2019/05/12;2300 UTC;0;959,2;959,2;958,7;;25,4;19,8;25,6;25,1;19,8;19;71;67;71;83;5,6;2,6;
2019/05/13;0000 UTC;0;959,6;959,6;959,2;;24,1;19,6;25,4;24,1;19,9;19,5;76;71;76;32;5,6;0;
2019/05/13;0100 UTC;0;959,9;959,9;959,6;;23,2;19,4;24,2;23,2;19,7;19,4;79;75;79;24;1,7;0;
2019/05/13;0200 UTC;0;960;960;959,9;;22,9;19,6;23,5;22,8;19,7;19,4;83;79;82;350;2,3;1,1;
2019/05/13;0300 UTC;0;960;960,2;960;;21,5;19,4;22,8;21,5;19,6;19,3;88;82;88;11;2,1;,7;
2019/05/13;0400 UTC;0;959,9;960;959,9;;21,4;19,4;21,9;21,3;19,8;19,3;90;87;89;352;2,7;,6;
2019/05/13;0500 UTC;0;959,6;960;959,6;;20,9;19,5;21,4;20,7;19,7;19,2;92;89;92;12;2,2;1,4;
2019/05/13;0600 UTC;0;959,5;959,7;959,3;;20,6;19,2;20,9;20,6;19,7;19,2;93;92;92;1;3;1,6;
2019/05/13;0700 UTC;0;959,7;959,7;959,5;;19,9;18,8;20,6;19,9;19,3;18,7;93;92;93;360;3;1,4;
2019/05/13;0800 UTC;0;960,1;960,1;959,7;;19,7;18,7;20;19,6;18,9;18,6;94;93;94;5;2,9;1,1;
2019/05/13;0900 UTC;0;960,6;960,6;960,1;;19,5;18,6;19,7;19,3;18,7;18,4;94;94;94;8;2,8;1,3;
2019/05/13;1000 UTC;0;961,3;961,3;960,6;16,1;19,3;18,3;19,5;19,2;18,5;18,2;94;94;94;12;2,8;,5;
2019/05/13;1100 UTC;0;961,9;961,9;961,3;441,4;20,6;19,3;20,6;19,3;19,4;18,4;94;93;93;354;2,3;1,2;
2019/05/13;1200 UTC;0;962,2;962,3;961,9;1276,4;22,4;19,4;22,5;20,5;19,9;19;93;83;83;349;4,4;2,5;
2019/05/13;1300 UTC;0;962,3;962,3;962,2;1982,1;24,7;20,6;24,7;22,4;20,6;19,3;84;77;78;349;5,6;2,2;
2019/05/13;1400 UTC;0;961,8;962,3;961,8;2499,6;26,4;20,6;26,4;24,4;21,1;20;78;70;70;17;4,2;2;
2019/05/13;1500 UTC;0;961,1;961,8;961,1;2775,4;27,9;19,7;27,9;26,3;20,8;19,5;70;61;61;43;4,4;1;
2019/05/13;1600 UTC;0;960,3;961,1;960,3;2797,2;29,3;18,7;29,6;27,9;20,2;17,5;62;49;53;29;3,7;1,1;
2019/05/13;1700 UTC;0;959,6;960,3;959,6;2345,7;29,7;18,8;30,4;29,3;19,5;17,8;54;48;52;147;3,6;,6;
2019/05/13;1800 UTC;0;959,2;959,6;959,2;1949,2;30;18,4;30,9;29,2;19,5;17,1;54;45;50;28;3;,7;
2019/05/13;1900 UTC;0;959,1;959,2;959;1500,4;29,7;17,6;30,2;29,6;19;17,1;53;47;48;84;3,8;2,2;
2019/05/13;2000 UTC;0;959,1;959,1;959;252,5;28,2;18,6;29,7;28,2;18,6;16,6;56;46;56;63;3,4;,3;
2019/05/13;2100 UTC;0;959,5;959,5;959;50,9;26,9;17,6;28,1;26,9;18,7;17,1;61;52;57;56;3,1;1;
2019/05/13;2200 UTC;0;959,9;959,9;959,4;;25,8;18,1;26,9;25,6;18,5;17,6;64;57;63;63;2,8;,1;
2019/05/13;2300 UTC;0;960,4;960,4;959,9;;25,2;18,3;26,1;25,2;18,5;18;66;62;66;40;2,7;0;
2019/05/14;0000 UTC;0;960,7;960,7;960,4;;24;18,8;25,6;23,8;18,9;18,4;73;65;73;74;3,7;,8;
2019/05/14;0100 UTC;0;960,8;960,8;960,6;;23,2;19;24,6;23,2;19,1;18,8;77;71;77;24;4,4;,6;
2019/05/14;0200 UTC;0;960,6;960,8;960,6;;22,4;19,2;23,2;22,1;19,5;18,9;83;77;82;343;2,1;0;
2019/05/14;0300 UTC;0;960,1;960,6;960,1;;22;18,7;22,5;22;19,1;18,6;82;80;82;350;1,5;0;
2019/05/14;0400 UTC;0;960,2;960,2;960;;21,6;19,1;22,1;20,8;19,1;18,5;88;81;85;81;3,9;2,2;
2019/05/14;0500 UTC;0;960,1;960,3;960,1;;21,1;19;21,6;21,1;19,4;18,9;88;85;88;63;4,5;,9;
2019/05/14;0600 UTC;0;959,7;960,1;959,7;;20,9;18,7;21,6;20,9;19,1;18,7;88;84;87;37;4;,1;
2019/05/14;0700 UTC;0;959,6;959,8;959,6;;20,9;18,7;21,2;20,8;18,9;18,6;88;87;87;84;3,6;1,8;
2019/05/14;0800 UTC;0;959,5;959,6;959,4;;20,5;18,6;20,9;20,4;18,8;18,6;89;87;89;89;3,7;2,3;
2019/05/14;0900 UTC;0;959,8;959,8;959,4;;20,3;18,9;20,5;20,3;18,9;18,6;92;89;92;79;5,1;,7;
2019/05/14;1000 UTC;0;960,2;960,3;959,8;7,8;20,1;18,8;20,3;20,1;18,9;18,7;92;92;92;140;3,7;,4;
2019/05/14;1100 UTC;0;961;961;960,1;327,8;21,1;19,4;21,2;19,8;19,7;18,5;93;90;90;131;3,4;1,3;
2019/05/14;1200 UTC;0;961,5;961,5;961;341;21,6;19,7;21,7;20,9;19,9;19,3;91;89;89;151;3,4;,1;
2019/05/14;1300 UTC;0;961,6;961,7;961,5;284,3;21,7;19,5;21,8;21,1;19,9;19,3;90;87;87;105;4,5;1,7;
2019/05/14;1400 UTC;0;961,1;961,6;961,1;766,3;22,7;19,6;23,1;21,7;20;19,2;88;80;83;111;4,1;1,5;
2019/05/14;1500 UTC;0;960,5;961,2;960,5;653,1;24,1;19,8;24,1;22,3;20,4;19,3;84;77;77;171;4,8;,4;
2019/05/14;1600 UTC;0;959,6;960,5;959,6;2094,1;25,8;20;25,8;23,8;20,3;19;78;70;71;149;5,2;,8;
2019/05/14;1700 UTC;0;958,4;959,6;958,4;1655,6;26,9;19,7;26,9;24,9;20,2;19,1;73;65;65;140;5,1;1,3;
2019/05/14;1800 UTC;0;957,8;958,4;957,8;1920,8;27,3;18,1;27,6;26,6;19,8;18,1;65;57;57;173;5,5;2,1;
2019/05/14;1900 UTC;0;957,5;957,8;957,5;1429,4;27,2;17,8;27,6;27;18,4;17,2;58;54;57;154;6;2,2;
2019/05/14;2000 UTC;0;957,6;957,6;957,4;313,7;25,9;17,5;27,2;25,9;18,2;17,4;61;55;60;153;5,8;1,9;
2019/05/14;2100 UTC;0;958,3;958,3;957,6;51,1;24;15,5;25,9;24;17,7;15,5;64;59;59;131;5,3;1,6;
2019/05/14;2200 UTC;0;958,5;958,5;958,2;;22,5;13,4;24;22,5;15,6;13,4;60;56;56;108;4,5;2;
2019/05/14;2300 UTC;0;959;959;958,5;;20,8;13,8;22,5;20,8;13,8;13,4;64;56;64;97;4;2,3;
2019/05/15;0000 UTC;0;959,4;959,4;959;;19,6;13,1;20,8;19,5;14;13,1;67;64;66;74;5,2;2,1;
2019/05/15;0100 UTC;0;959,5;959,7;959,4;;18,1;12,9;19,6;18,1;13,2;12,7;72;66;72;34;5,7;1,5;
2019/05/15;0200 UTC;0;959,7;959,7;959,4;;18,2;12,2;18,5;17,8;13;12,1;73;67;68;50;3,3;1,5;
2019/05/15;0300 UTC;0;959,7;959,8;959,6;;16,9;12,5;18,2;16,8;12,8;12,1;77;68;75;289;3,6;0;
2019/05/15;0400 UTC;0;959,2;959,7;959,1;;15,9;13,1;16,9;15,6;13,1;12,3;84;74;84;14;2,4;1,4;
2019/05/15;0500 UTC;0;958,8;959,3;958,8;;16,1;13,6;16,5;15,7;14,1;13,1;90;82;85;11;3,8;2,2;
2019/05/15;0600 UTC;0;958,9;959;958,7;;16,4;14,3;16,4;15,9;14,3;13,6;88;85;87;14;4,4;2,1;
2019/05/15;0700 UTC;0;958,8;958,9;958,6;;15,6;14;16,4;15,5;14,2;13,8;90;87;90;355;4,3;1,3;
2019/05/15;0800 UTC;0;959,1;959,1;958,7;;15,8;13,9;15,8;15,4;14,1;13,8;91;88;88;10;3,3;1,8;
2019/05/15;0900 UTC;0;959,6;959,6;959;;15,3;13,5;15,8;15,1;13,8;13,5;90;88;89;356;3,3;1,4;
2019/05/15;1000 UTC;0;960,1;960,1;959,6;25,3;15,2;13,7;15,3;15;13,7;13,4;91;89;91;342;3,3;,2;
2019/05/15;1100 UTC;0;960,7;960,7;960,1;487,6;17,1;14,7;17,1;15,2;15;13,7;91;85;86;351;4,3;2,4;
2019/05/15;1200 UTC;0;961,4;961,4;960,6;468,4;17,5;14,6;17,5;17,1;14,9;14,5;86;83;83;7;4,8;1,7;
2019/05/15;1300 UTC;0;961,8;961,8;961,3;855;19;15;19;17,5;15,3;14,6;84;77;78;1;4,4;2,1;
2019/05/15;1400 UTC;0;961;961,8;961;1473,9;22,1;16,3;22,1;19;16,5;14,9;78;70;70;357;6,4;3,2;
2019/05/15;1500 UTC;0;960,9;961,3;960,8;2434,9;23,5;15,4;23,5;21,3;16,3;15,1;70;60;60;9;6,7;2,5;
2019/05/15;1600 UTC;0;960;960,9;960;2760,8;24,8;15,2;24,8;23,3;16,4;14,6;63;55;55;347;5,4;2,4;
2019/05/15;1700 UTC;0;959,3;960;959,3;2323,1;25,1;15,1;25,5;24,2;16,2;14,3;59;51;54;348;5,3;,9;
2019/05/15;1800 UTC;0;958,4;959,3;958,4;1023,8;25;15;25,3;24,5;15,5;14,1;57;51;54;21;4,1;2,1;
2019/05/15;1900 UTC;0;958,4;958,5;958,3;1350,3;24,6;14;25,8;24,6;15,5;13,5;55;49;52;30;6,9;3,6;
2019/05/15;2000 UTC;0;958,6;958,6;958,3;285,4;23,4;14;24,8;23,4;14,2;12,7;56;48;56;23;7,1;3,2;
2019/05/15;2100 UTC;0;959,2;959,2;958,6;44;21,4;14,7;23,4;21,4;14,9;14;66;56;66;25;7,8;2,8;
2019/05/15;2200 UTC;0;959,8;959,8;959,2;;20,6;14,9;21,5;20,3;14,9;14,7;71;66;70;9;4,9;2,1;
2019/05/15;2300 UTC;0;960,3;960,3;959,8;;19,1;15,2;20,6;19,1;15,2;14,8;78;70;78;360;5;2,5;
2019/05/16;0000 UTC;0;961;961;960,3;;18,8;15,5;19,4;18,6;15,6;15,1;82;78;81;4;5,9;2,1;
2019/05/16;0100 UTC;0;961,6;961,6;961;;18,8;15,3;19,3;18,7;15,5;15,3;81;79;80;9;6;3,2;
2019/05/16;0200 UTC;0;961,8;961,9;961,5;;18,4;15,3;18,9;18,3;15,4;15,3;82;80;82;4;5,7;3,1;
2019/05/16;0300 UTC;0;961,2;961,8;961,2;;18,1;15,3;18,4;18;15,3;15,2;84;82;84;5;7;4,1;
2019/05/16;0400 UTC;0;961,2;961,5;961,2;;18,4;15,2;18,4;18,1;15,3;15,2;84;81;81;12;7,3;4,1;
2019/05/16;0500 UTC;0;960,9;961,3;960,9;;18,3;15,2;18,4;18;15,3;15,2;84;81;82;25;7,3;3,5;
2019/05/16;0600 UTC;0;959,5;960,9;959,5;;17,8;15;18,3;17,8;15,2;15;84;82;84;4;8,1;4,4;
2019/05/16;0700 UTC;0;959,5;959,5;959,1;;17,6;14,9;17,8;17,5;15,1;14,9;85;84;84;3;8,1;3,8;
2019/05/16;0800 UTC;0;959,4;959,5;959,3;;17,4;15;17,7;17,3;15;14,9;86;84;86;4;6,8;3;
2019/05/16;0900 UTC;0;960;960;959,4;;16,3;14,5;17,4;16,3;15;14,5;89;86;89;342;5,5;1,6;
2019/05/16;1000 UTC;0;960,6;960,6;960;10,6;16,5;14,7;16,5;15,8;14,7;14,2;91;89;89;330;4,4;2,6;
2019/05/16;1100 UTC;0;961,3;961,3;960,6;212,7;17,4;15,3;17,4;16,5;15,3;14,7;89;87;88;340;4,4;2,3;
2019/05/16;1200 UTC;0;962,1;962,1;961,3;789,3;19,5;15,7;19,5;17,4;16,2;15,2;88;78;79;342;7,9;3,9;
2019/05/16;1300 UTC;0;962,6;962,6;962,1;620,3;20,8;15,6;20,8;19,5;15,9;15,4;79;71;72;344;9;4,1;
2019/05/16;1400 UTC;0;962,7;962,8;962,6;1567,3;22,7;15,7;23,5;20,8;16,9;15,4;73;63;64;339;8;5;
2019/05/16;1500 UTC;0;962;962,8;962;1358,2;23,2;15,2;23,8;22,6;16;14,9;65;59;61;349;8,4;4;
2019/05/16;1600 UTC;0;961,5;962;961,4;835,3;23,7;15,5;23,8;22,8;16,2;15;64;60;60;338;7,8;3,5;
2019/05/16;1700 UTC;0;960,8;961,5;960,8;2197,3;24,3;15,8;25,6;23,7;16,6;15,1;63;55;59;349;6,8;3,2;
2019/05/16;1800 UTC;0;960,3;960,8;960,2;1462,6;24,2;15,8;25,2;24,1;16,5;15,4;61;56;60;18;6,6;3,7;
2019/05/16;1900 UTC;0;959,9;960,3;959,9;1074,6;24,2;15,9;25;23,9;16,8;15,2;63;57;60;350;7,1;3,5;
2019/05/16;2000 UTC;0;959,7;959,9;959,6;310,4;22,7;15,8;24,1;22,7;16,1;15,8;65;60;65;355;7,9;3,8;
2019/05/16;2100 UTC;0;960;960,2;959,7;57;21,8;15,8;22,7;21,6;16,1;15,7;70;65;69;18;7,1;3,2;
2019/05/16;2200 UTC;0;960,7;960,7;960;;20,6;15,4;21,8;20,5;15,9;15,3;72;69;72;5;10;4,6;
2019/05/16;2300 UTC;0;961,4;961,4;960,7;;19;15,2;20,6;18,9;15,4;15,2;79;72;79;351;9,9;2,7;
2019/05/17;0000 UTC;0;961,7;961,8;961,4;;18,2;15,1;19;18,2;15,3;15;82;79;82;3;4,8;1,8;
2019/05/17;0100 UTC;0;961,9;962,1;961,7;;18,3;15;18,4;18;15,2;15;83;81;82;3;4,3;2,7;
2019/05/17;0200 UTC;0;962,2;962,3;961,9;;17,5;14,7;18,3;17,5;15,1;14,7;85;82;84;333;4,3;1,8;
2019/05/17;0300 UTC;0;961,8;962,2;961,8;;16,8;14,7;17,5;16,7;14,8;14,6;88;84;87;349;3,3;1,5;
2019/05/17;0400 UTC;0;961,8;961,9;961,8;;17;14,9;17;16,5;14,9;14,5;88;87;87;358;2,7;,3;
2019/05/17;0500 UTC;0;961,3;961,8;961,3;;16,6;14,7;17;16,6;14,8;14,6;88;86;88;12;3,1;1,1;
2019/05/17;0600 UTC;0;960,7;961,3;960,5;;16,9;14,7;17;16,3;14,8;14,5;89;87;87;17;3,6;1,9;
2019/05/17;0700 UTC;0;960,5;960,7;960,4;;16,6;14,5;17;16,6;14,7;14,5;88;86;87;359;4,2;2,5;
2019/05/17;0800 UTC;0;960,4;960,5;960,4;;16;14,4;16,9;16;14,8;14,3;90;87;90;353;4,2;1,7;
2019/05/17;0900 UTC;0;960,5;960,5;960,3;;15,5;14,1;16,2;15,5;14,6;14,1;92;90;92;349;4,1;1,9;
2019/05/17;1000 UTC;0;961,1;961,1;960,5;4,1;15,6;14,3;15,8;15,5;14,4;14,1;92;91;92;358;3,7;2,2;
2019/05/17;1100 UTC;0;961,8;961,9;961,1;200,7;16,6;14,9;16,6;15,6;14,9;14,3;92;89;89;353;4,3;2,4;
2019/05/17;1200 UTC;0;962,2;962,2;961,8;678,3;18,5;15,5;18,5;16,6;15,8;14,8;89;81;82;354;4,7;2,1;
2019/05/17;1300 UTC;0;962,4;962,4;962,2;1524,9;20,4;15,5;20,7;18,5;16,4;15,1;82;73;74;340;7,3;2,9;
2019/05/17;1400 UTC;0;961,7;962,6;961,7;1446,1;22,7;16,2;22,9;20,4;16,4;15,4;75;65;67;357;7,1;3,9;
2019/05/17;1500 UTC;0;961,4;961,7;961,4;1712,7;23,8;16,7;23,8;22,6;16,7;15,4;68;62;65;346;7,3;3,6;
2019/05/17;1600 UTC;0;960,3;961,4;960,3;1871,3;24,9;16,4;25;23,8;17;15,7;65;58;59;319;6,1;2,2;
2019/05/17;1700 UTC;0;959,4;960,3;959,4;1384,9;24,7;16,4;25,4;23,8;17,1;15,7;63;58;60;11;6,3;3,4;
2019/05/17;1800 UTC;1,6;959,9;959,9;959,4;349,4;18,2;15,9;24,7;18,2;16,6;14,6;88;59;87;301;9,2;3,5;
2019/05/17;1900 UTC;1,2;960;960;959,5;102;18,3;16,5;18,5;18,1;16,6;16;89;87;89;308;8,3;3,5;
2019/05/17;2000 UTC;,6;959,9;960,1;959,8;49,5;18,4;17;18,4;18,2;17;16,5;92;89;92;313;7;2,2;
2019/05/17;2100 UTC;3,4;960,3;960,4;959,9;11,8;18;16,8;18,4;18;17;16,8;93;92;93;331;6,1;1,2;
2019/05/17;2200 UTC;2,2;960,1;960,4;960,1;;17,8;16,5;18;17,8;16,8;16,5;93;93;93;334;4,4;1,8;
2019/05/17;2300 UTC;,2;960,4;960,4;960;;17,8;16,5;17,8;17,7;16,5;16,4;93;92;92;332;6,3;3,6;
2019/05/18;0000 UTC;0;961;961,2;960,4;;17,8;16,3;17,8;17,7;16,5;16,2;92;90;91;338;6,5;2,5;
2019/05/18;0100 UTC;0;961,2;961,2;961;;17,5;16;17,8;17,5;16,3;16;91;91;91;331;5,5;2,4;
2019/05/18;0200 UTC;0;960,7;961,2;960,7;;16,7;15,2;17,5;16,7;16;15,2;92;90;91;330;6,8;3,8;
2019/05/18;0300 UTC;0;960,2;960,7;960,2;;16,6;15,2;16,7;16,6;15,2;15,1;92;91;91;324;6,9;3,1;
2019/05/18;0400 UTC;0;960,2;960,3;960,1;;16,8;15,3;16,8;16,6;15,3;15,2;91;90;91;40;5,7;,6;
2019/05/18;0500 UTC;0;960,2;960,3;960,1;;16,6;15,3;16,9;16,6;15,4;15,2;92;90;92;10;3,9;,9;
2019/05/18;0600 UTC;0;959,9;960,2;959,9;;16,9;15,5;16,9;16,6;15,5;15,2;92;91;91;13;2,3;1,1;
2019/05/18;0700 UTC;,2;959,7;959,9;959,6;;16,8;15,7;16,9;16,7;15,7;15,3;93;91;93;3;3,4;1;
2019/05/18;0800 UTC;,2;959,6;959,7;959,6;;16,5;15,5;16,8;16,5;15,8;15,5;94;93;94;4;2,2;,5;
2019/05/18;0900 UTC;0;959,7;959,8;959,5;;16,3;15,4;16,5;16,2;15,6;15,3;94;94;94;342;2,3;,4;
2019/05/18;1000 UTC;0;960,5;960,5;959,7;6,2;16,3;15,3;16,6;16,2;15,7;15,3;94;94;94;355;2,9;0;
2019/05/18;1100 UTC;0;961;961,1;960,5;461,1;17,8;16,6;17,8;16,3;16,7;15,3;94;93;93;355;2,5;1,2;
2019/05/18;1200 UTC;0;961,7;961,7;961;1300,2;19,7;16,7;19,9;17,8;17,5;16,6;93;82;83;338;4;2,1;
2019/05/18;1300 UTC;0;961,9;961,9;961,7;1555,8;20,5;16,8;21,3;19,7;17,9;16,6;84;78;79;352;5,5;2,6;
2019/05/18;1400 UTC;0;961,4;961,9;961,4;1499,8;21,6;16,3;22,9;20,5;18,5;16,3;82;70;72;319;5,5;1,9;
2019/05/18;1500 UTC;0;960,7;961,4;960,7;2407,2;23,2;16,5;24,2;21,6;17,7;15,3;75;61;66;353;4,4;1,6;
2019/05/18;1600 UTC;0;959,8;960,7;959,8;2036,2;24,4;15,7;24,4;22,8;17,6;15,1;69;57;58;88;3,1;,5;
2019/05/18;1700 UTC;0;959;959,8;959;2501,1;23,9;15,6;25,9;23,9;16,6;14,8;61;51;60;94;3,1;1,7;
2019/05/18;1800 UTC;0;958,5;959;958,5;865,3;22,9;17,1;24,1;22,8;17,5;15,2;71;58;70;24;4,9;2,1;
2019/05/18;1900 UTC;0;958,3;958,5;958,3;1191,5;23,5;16,5;24;22,8;17,5;16,4;71;64;65;19;4,9;2,7;
2019/05/18;2000 UTC;0;958,8;958,8;958,3;390,6;22,1;16,1;23,6;22,1;16,9;15,9;69;64;69;31;4,5;1,8;
2019/05/18;2100 UTC;0;959,3;959,3;958,8;40,4;20,9;16,8;22,1;20,8;16,9;16,1;78;69;77;25;3,7;1,2;
2019/05/18;2200 UTC;0;960;960;959,3;;19,8;16,7;21,1;19,8;16,7;16,3;82;75;82;20;4,5;2,6;
2019/05/18;2300 UTC;0;960,4;960,4;960;;19,5;16,9;19,8;19,4;17;16,7;86;82;85;16;4,1;1,9;
2019/05/19;0000 UTC;0;960,8;960,8;960,4;;18,8;16,6;19,6;18,6;17;16,6;88;85;87;9;3,9;1,4;
2019/05/19;0100 UTC;0;960,8;960,9;960,7;;18;16,3;18,8;17,9;16,6;16,2;90;86;90;354;3,9;0;
2019/05/19;0200 UTC;0;960,7;960,8;960,7;;17,5;16;18;17,5;16,4;16;91;90;91;353;1,5;,2;
2019/05/19;0300 UTC;0;960,3;960,7;960,3;;17,1;15,7;17,6;17,1;16;15,7;92;90;92;35;1,9;0;
2019/05/19;0400 UTC;0;960,3;960,4;960,3;;17;15,6;17,3;16,9;16;15,6;92;91;91;34;1,5;,2;
2019/05/19;0500 UTC;0;959,8;960,3;959,7;;16,5;15,2;17,1;16,5;15,7;15,2;92;91;92;10;1,5;0;
2019/05/19;0600 UTC;0;959,8;959,9;959,7;;16,2;15,1;16,8;16;15,7;14,8;94;92;94;27;1;0;
2019/05/19;0700 UTC;0;959,7;959,8;959,7;;16,3;15,4;16,4;15,8;15,5;14,9;94;94;94;358;3;,3;
2019/05/19;0800 UTC;0;959,8;959,8;959,7;;16;15,2;16,4;16;15,5;15,2;95;94;95;9;1,8;,3;
2019/05/19;0900 UTC;0;960,2;960,2;959,7;;15,8;15;16,1;15,5;15,3;14,7;95;95;95;331;1,4;0;
2019/05/19;1000 UTC;0;960,3;960,3;960,1;9,4;15,5;14,8;15,8;15,4;15;14,7;95;95;95;357;2;,9;
2019/05/19;1100 UTC;0;961,1;961,1;960,3;162,5;15,6;14,9;15,7;15,5;14,9;14,7;95;95;95;347;2,8;1;
2019/05/19;1200 UTC;0;961,5;961,5;961,1;498,4;16,1;15,4;16,3;15,6;15,6;14,9;95;95;95;346;3,3;1,6;
2019/05/19;1300 UTC;0;961,9;961,9;961,5;788,9;17;16,2;17,3;16;16,5;15,3;95;95;95;348;3,3;,8;
2019/05/19;1400 UTC;0;961,5;961,9;961,5;1216,5;18,4;17,6;18,4;16,8;17,6;16,1;95;95;95;343;2,5;,2;
2019/05/19;1500 UTC;0;961;961,5;961;1940,7;21,2;19,9;21,2;18,4;19,9;17,7;95;92;92;44;3,7;,7;
2019/05/19;1600 UTC;0;960,1;961;960,1;2702,3;22,8;17,2;23,9;21,2;20,3;17;93;68;71;124;4;1,3;
2019/05/19;1700 UTC;0;959,1;960,1;959,1;2337,5;24,5;17,2;24,5;22,5;17,6;16,4;72;62;64;134;4,8;1,8;
2019/05/19;1800 UTC;0;958,6;959,1;958,6;1664,4;23,6;17,1;24,6;23,3;17,3;16,2;68;61;67;99;5,4;2,9;
2019/05/19;1900 UTC;0;958,3;958,6;958,3;867,4;23,2;16,3;23,8;23,2;17,1;15,6;67;62;66;90;4,6;,7;
2019/05/19;2000 UTC;0;958,7;958,7;958,3;361,1;22,5;16,5;23,2;22,3;16,8;16;71;64;69;85;2,5;,7;
2019/05/19;2100 UTC;0;958,5;958,7;958,5;103,2;20,3;16,7;22,5;20,3;17;16,4;80;69;80;14;1,8;0;
2019/05/19;2200 UTC;0;958,8;958,8;958,4;;19,6;16,4;20,5;19,5;17;16,1;82;78;82;359;0;0;
2019/05/19;2300 UTC;0;959,4;959,4;958,8;;19,2;16,2;19,6;19;16,6;16,1;84;81;83;354;0;0;
2019/05/20;0000 UTC;0;959,8;959,8;959,4;;18,5;16;19,8;18,5;16,4;16;86;80;86;4;0;0;
2019/05/20;0100 UTC;0;960,1;960,1;959,8;;17,2;15,8;18,5;17,2;16,5;15,8;91;86;91;31;0;0;
2019/05/20;0200 UTC;0;960,4;960,4;960,1;;16,9;15,8;17,2;16,9;16;15,7;93;91;93;23;,8;0;
2019/05/20;0300 UTC;0;960,3;960,5;960,3;;15,8;14,8;16,9;15,8;15,7;14,8;94;93;94;45;1;0;
2019/05/20;0400 UTC;0;960;960,3;960;;15,3;14,3;16,1;15,3;15,2;14,3;94;94;94;325;0;0;
2019/05/20;0500 UTC;0;959,6;960;959,6;;14,6;13,7;15,4;14,5;14,5;13,6;95;94;95;272;,7;0;
2019/05/20;0600 UTC;0;959;959,6;959;;14,3;13,5;14,9;14,3;14,1;13,5;95;95;95;351;2,5;0;
2019/05/20;0700 UTC;0;958,8;959;958,8;;14,2;13,4;14,3;13,6;13,5;12,7;95;95;95;259;3;2,1;
2019/05/20;0800 UTC;0;958,9;958,9;958,7;;13,9;13,1;14,2;13,9;13,4;13,1;95;95;95;281;2,9;,5;
2019/05/20;0900 UTC;0;959,2;959,2;958,9;;12,6;11,8;13,9;12,6;13,1;11,8;95;95;95;334;2,2;,4;
2019/05/20;1000 UTC;,2;960,2;960,2;959,2;9,6;12,2;11,5;12,9;12,2;12,1;11,5;95;95;95;352;1,4;,1;
2019/05/20;1100 UTC;0;960,9;960,9;960,1;430,5;15,1;14,4;15,3;12,1;14,6;11,4;95;95;95;295;1,4;,1;
2019/05/20;1200 UTC;0;961,4;961,4;960,9;1298,6;16,8;15,2;17,2;15,1;16,1;14,3;95;90;90;347;1,4;,1;
2019/05/20;1300 UTC;0;961,6;961,7;961,3;2009,5;20,7;16,2;20,7;16,8;17,1;15,4;91;76;76;292;1,8;,1;
2019/05/20;1400 UTC;0;961,3;961,6;961,3;2531,5;23,3;15,7;23,5;20,5;17,1;15,6;77;61;62;149;1,6;,2;
2019/05/20;1500 UTC;0;960,5;961,3;960,5;2867,1;24,6;15;24,6;22,9;16,5;14,5;65;54;55;129;3,7;1,4;
2019/05/20;1600 UTC;0;959,7;960,5;959,7;2903,2;24,9;15;25,8;24,2;16,4;14,5;59;52;54;247;3,6;,7;
2019/05/20;1700 UTC;0;959;959,7;959;2019,6;24,2;14,4;26;23,8;16,6;14,3;60;52;54;24;3,5;1,3;
2019/05/20;1800 UTC;0;958,4;959;958,4;1976,3;25,1;13,6;25,6;24,1;15,2;12,9;57;46;49;89;3,9;2;
2019/05/20;1900 UTC;0;958,2;958,4;958,2;1266;25,2;13,2;25,5;24,2;14,7;12,9;54;46;47;47;3,9;,5;
2019/05/20;2000 UTC;0;958,2;958,3;958;260,7;23,7;15,1;25,2;23,7;15,1;12,7;58;46;58;35;2,1;,3;
2019/05/20;2100 UTC;0;958,5;958,5;958,2;28,6;21,5;13,5;23,7;21,4;15;13,5;64;58;61;53;1,1;0;
2019/05/20;2200 UTC;0;958,6;958,6;958,4;;21,1;13,9;22;21;14,1;13,4;64;60;64;67;,5;0;
2019/05/20;2300 UTC;0;959;959;958,6;;20,2;14,5;21,4;20,2;14,6;13,8;70;62;70;359;1;0;
2019/05/21;0000 UTC;0;959,4;959,4;959;;19;14,3;20,2;18,6;14,7;14,3;77;70;74;329;,9;0;
2019/05/21;0100 UTC;0;959,6;959,7;959,4;;18,3;14,2;19,1;18,2;14,4;14;77;72;77;275;2,3;1,3;
2019/05/21;0200 UTC;0;959,8;959,8;959,6;;17;14,3;18,5;17;14,8;14,2;84;77;84;281;2,9;,9;
2019/05/21;0300 UTC;0;959,6;959,8;959,6;;16,3;14,4;17;16,2;14,7;14,2;89;84;89;323;2,3;,3;
2019/05/21;0400 UTC;0;959,6;959,6;959,5;;15,7;14,3;16,2;15,4;14,5;14;92;89;92;317;1,5;0;
2019/05/21;0500 UTC;0;959;959,6;959;;15,5;13,9;16,2;15,5;14,6;13,8;92;88;90;348;2,5;,1;
2019/05/21;0600 UTC;0;958,7;959,1;958,7;;15;13,6;15,5;14,9;13,9;13,5;92;90;92;324;2;,4;
2019/05/21;0700 UTC;0;958,6;958,7;958,6;;13,9;12,8;15,1;13,9;13,7;12,8;93;91;93;13;2,5;,6;
2019/05/21;0800 UTC;0;958,3;958,6;958,2;;14,1;13,2;14,2;13,4;13,3;12,4;95;93;95;316;2,8;1,7;
2019/05/21;0900 UTC;0;958,5;958,5;958,3;;13,7;12,9;14,2;13,6;13,4;12,8;95;95;95;301;2,7;1,6;
2019/05/21;1000 UTC;0;959,3;959,3;958,5;9,2;13,1;12,4;13,7;12,5;12,8;11,6;95;95;95;315;2,4;,2;
2019/05/21;1100 UTC;0;959,9;959,9;959,3;426,8;14,7;13,8;14,7;13,1;13,8;12,3;95;94;94;360;3,2;,3;
2019/05/21;1200 UTC;0;960,3;960,3;959,9;1240,5;17;15;17,1;14,6;15,3;13,7;94;88;88;350;1,8;,9;
2019/05/21;1300 UTC;0;960,8;960,8;960,3;1966,2;20,7;16,5;20,8;17;16,5;15;89;72;77;342;2,5;,5;
2019/05/21;1400 UTC;0;960,7;960,9;960,7;2474,3;24,4;14,8;24,6;20,7;16,9;13,8;77;53;55;270;3,2;,8;
2019/05/21;1500 UTC;0;960,3;960,7;960,3;2741,1;26,1;11,4;26,5;24,4;15,4;10,3;56;37;40;167;3,6;,8;
2019/05/21;1600 UTC;0;959,8;960,3;959,8;2702,3;26,6;9,3;26,9;25,9;12,9;8,8;44;32;34;140;5,7;1,9;
2019/05/21;1700 UTC;0;959,1;959,8;959,1;2427,6;26,6;8,5;26,8;26,1;10,3;7,7;36;30;32;124;6,8;2,8;
2019/05/21;1800 UTC;0;958,7;959,2;958,7;2040,9;27;7,7;27,2;26,3;9,2;6,6;33;27;29;143;6,5;1,4;
2019/05/21;1900 UTC;0;958,4;958,7;958,4;1388,5;26,5;8,3;27,1;26,4;9;7,4;33;29;32;137;4;1,1;
2019/05/21;2000 UTC;0;958,5;958,5;958,3;386,1;24;9,7;26,5;24;10,2;7,4;41;31;40;165;2,7;,1;
2019/05/21;2100 UTC;0;958,7;958,7;958,5;55,5;22,6;9,9;23,9;22,4;10,7;9,2;45;40;44;170;1,6;0;
2019/05/21;2200 UTC;0;958,6;958,7;958,6;;21,3;8,6;22,6;20;11;8,6;56;44;44;209;,8;0;
2019/05/21;2300 UTC;0;958,8;958,8;958,6;;19,7;9,8;22,6;19;10,7;8,3;58;40;53;39;,7;0;
2019/05/22;0000 UTC;0;959,2;959,2;958,8;;18,1;11,1;20,6;18,1;11,3;9,3;64;48;63;310;0;0;
2019/05/22;0100 UTC;0;959,2;959,2;959,1;;17;12,5;18,8;17;12,7;11,1;75;63;75;320;1,8;1,1;
2019/05/22;0200 UTC;0;959,3;959,3;959,2;;14,8;12,3;17;14,8;12,8;12;85;75;85;347;1,9;,2;
2019/05/22;0300 UTC;0;959,4;959,5;959,2;;14,6;12,2;15,5;14,2;12,6;11,8;87;81;86;340;1,8;,2;
2019/05/22;0400 UTC;0;959,3;959,4;959,3;;14,2;12;14,8;14,2;12,4;12;87;84;87;356;1,6;,8;
2019/05/22;0500 UTC;0;959,1;959,4;959,1;;14,1;12;14,5;13,8;12,3;11,8;88;86;87;339;2;1,3;
2019/05/22;0600 UTC;0;958,6;959,1;958,6;;12,8;11;14,2;12,8;12;11;89;85;88;332;2,1;1,5;
2019/05/22;0700 UTC;0;958,6;958,7;958,5;;12,1;10,7;13,3;12,1;11,5;10,7;91;87;91;346;2,4;,9;
2019/05/22;0800 UTC;0;958,4;958,6;958,3;;12,6;10,8;12,8;11,9;11,3;10,6;92;88;89;302;2,7;1,6;
2019/05/22;0900 UTC;0;958,8;958,8;958,3;;12,3;10,6;12,6;11,8;10,9;10,1;91;89;89;308;3,6;1,7;
2019/05/22;1000 UTC;0;959,5;959,5;958,8;7,1;11,7;10,2;12,3;11,4;10,5;9,9;91;89;91;327;2,7;1,4;
2019/05/22;1100 UTC;0;960;960;959,5;394,3;13,2;11,6;13,2;11,5;11,7;10;92;90;90;334;2;1;
2019/05/22;1200 UTC;0;960,5;960,5;960;1293;16,2;13;16,2;13,2;13,3;11,6;90;81;81;338;1,7;,9;
2019/05/22;1300 UTC;0;960,8;960,8;960,4;1995,7;19,5;14,5;19,5;16,2;14,6;13;83;72;73;27;2,2;,9;
2019/05/22;1400 UTC;0;960,5;960,8;960,5;2499,6;24,1;14,5;24,1;19,5;15,5;12,9;74;52;55;318;2,1;,9;
2019/05/22;1500 UTC;0;959,7;960,5;959,7;2772,8;26;12,6;26;23,6;15,1;11;58;40;43;259;2,9;,9;
2019/05/22;1600 UTC;0;958,8;959,7;958,8;2778,9;26,1;10,8;26,8;25,6;13,5;10,7;47;38;38;31;2,3;,8;
2019/05/22;1700 UTC;0;958;958,8;958;2582,5;27;9,6;27,4;26,1;12,7;9,3;42;33;34;15;3,4;1,1;
2019/05/22;1800 UTC;0;957,6;958,1;957,6;2144,4;27,4;9,2;27,6;26,9;10,8;7,5;36;29;32;19;2,8;,8;
2019/05/22;1900 UTC;0;957,3;957,6;957,2;1463,7;27,4;9,1;27,9;27,1;11,7;8;39;29;32;17;2,4;,3;
2019/05/22;2000 UTC;0;957,3;957,3;957,2;313,9;24,2;11,6;27,9;24,2;12,5;8,5;46;30;45;80;1,8;,5;
2019/05/22;2100 UTC;0;957,5;957,6;957,3;33,9;23,5;9,8;24,7;23,1;11,8;9,5;47;41;42;87;1,3;,2;
2019/05/22;2200 UTC;0;957,8;957,8;957,5;;22,4;10,1;24,1;22,1;10,3;9,3;47;39;46;47;1,1;0;
2019/05/22;2300 UTC;0;958,3;958,3;957,8;;20,8;10,4;23,6;20,8;10,6;9,7;52;42;52;15;,7;,2;
2019/05/23;0000 UTC;0;958,8;958,8;958,3;;20,7;11,7;20,9;19,2;13;10,6;67;52;56;327;1,7;,5;
2019/05/23;0100 UTC;0;958,9;959;958,7;;17,6;12,9;20,7;17,6;12,9;11,5;74;56;74;317;1,9;,7;
2019/05/23;0200 UTC;0;959,1;959,1;958,8;;16,4;13,1;17,6;16,4;13,4;13;81;74;81;278;3,3;1,2;
2019/05/23;0300 UTC;0;958,7;959,1;958,7;;15,2;12,5;16,5;14,8;13,1;12,3;87;80;84;316;2,7;1,5;
2019/05/23;0400 UTC;0;958,4;958,8;958,4;;15,3;12,5;15,6;14,9;12,7;12,2;85;82;84;355;2,5;,7;
2019/05/23;0500 UTC;0;958,3;958,4;958,1;;13,9;12;15,3;13,7;12,5;11,6;88;83;88;325;2,5;1,8;
2019/05/23;0600 UTC;0;957,9;958,3;957,9;;13,8;12;14;13,6;12,1;11,8;89;88;89;354;2,4;,6;
2019/05/23;0700 UTC;0;957,3;957,9;957,3;;13,9;11,8;14,2;13,8;12,3;11,7;89;87;87;335;2,5;1,3;
2019/05/23;0800 UTC;0;957,4;957,4;957,2;;13,7;11,6;14,2;13,6;11,9;11,4;88;85;87;334;2,1;1,3;
2019/05/23;0900 UTC;0;957,7;957,7;957,4;;13;11,2;13,7;13;11,6;11,1;89;87;89;323;2,4;1,4;
2019/05/23;1000 UTC;0;958,4;958,4;957,7;7;12,8;11,4;13;12,6;11,6;11;91;89;91;306;2,4;1,5;
2019/05/23;1100 UTC;0;959;959;958,4;383,1;14,7;12,8;14,7;12,8;12,8;11,3;91;88;88;334;2,6;1,2;
2019/05/23;1200 UTC;0;959,3;959,3;959;1186,5;17,7;13,9;17,9;14,7;14,6;12,8;88;78;79;339;3,5;,9;
2019/05/23;1300 UTC;0;959,4;959,5;959,3;1823,5;21,5;15,4;21,6;17,7;15,9;14,1;81;65;68;329;2,1;1,2;
2019/05/23;1400 UTC;0;959,1;959,4;959;2240,9;25,3;14,4;25,3;21,4;15,6;13,7;69;49;51;260;2,7;,8;
2019/05/23;1500 UTC;0;958,2;959,1;958,2;2657,5;27,6;13,8;27,6;25,2;15,2;12,9;53;42;43;140;3,2;,8;
2019/05/23;1600 UTC;0;957;958,2;957;2670,5;29;12,6;29,2;27,2;14,7;11,7;45;34;36;184;3,8;,5;
2019/05/23;1700 UTC;0;956,1;957;956,1;2341,2;28,7;10,6;29,1;28,4;12,9;10,6;40;32;33;138;5;1,8;
2019/05/23;1800 UTC;0;955,3;956,1;955,3;1828,1;28,4;12,1;29,4;28,4;13;10,2;38;31;37;107;4,6;2,1;
2019/05/23;1900 UTC;0;955,5;955,5;955,3;1094,3;27,6;12,5;28,5;27,5;12,8;10,9;40;34;39;80;4,1;1,7;
2019/05/23;2000 UTC;0;955,8;955,8;955,5;454,1;26,2;13,3;27,6;26,2;13,5;12,4;45;39;45;147;3,5;,1;
2019/05/23;2100 UTC;0;956,1;956,1;955,8;52,6;25,3;11,8;26,2;25,1;14;11,8;49;43;43;143;1,5;,1;
2019/05/23;2200 UTC;0;956,3;956,3;956;;25,5;10,1;25,8;25,1;12;10,1;43;38;38;147;1,7;,1;
2019/05/23;2300 UTC;0;956,8;956,8;956,3;;23,2;11,4;25,7;22,7;12;10;50;37;48;38;1,7;0;
2019/05/24;0000 UTC;0;956,9;956,9;956,6;;21,3;14,2;23,2;21,2;14,2;11,5;64;48;64;247;2;,8;
2019/05/24;0100 UTC;0;956,7;956,9;956,6;;20;14,9;21,5;20;15,1;14,2;73;64;73;249;2,6;,9;
2019/05/24;0200 UTC;0;956,6;956,8;956,5;;18,7;15;20,1;18,6;15,1;14,8;79;72;79;239;3,1;1,5;
2019/05/24;0300 UTC;0;956,3;956,6;956,3;;18,1;15;19,2;17,9;15,1;14,8;82;77;82;255;3,5;1,3;
2019/05/24;0400 UTC;0;956,1;956,4;956;;17,4;14,9;18,1;17,3;15;14,8;86;82;86;308;2,1;0;
2019/05/24;0500 UTC;0;955,4;956,1;955,4;;17,1;14,5;17,4;17;14,9;14,3;86;83;85;274;1,7;0;
2019/05/24;0600 UTC;0;955;955,4;955;;16,9;14,3;17,3;16,9;14,5;14,2;85;83;85;131;1,7;0;
2019/05/24;0700 UTC;0;954,6;955;954,6;;17,3;14,1;17,6;16,8;14,6;14;87;80;82;103;1,7;,3;
2019/05/24;0800 UTC;0;954,9;955;954,6;;17,1;14,1;17,5;17,1;14,3;14;84;80;82;197;2,3;,2;
2019/05/24;0900 UTC;0;955,8;955,8;954,9;;17,9;13,9;17,9;16,6;14,1;13,8;84;77;77;165;3,2;1,2;
2019/05/24;1000 UTC;0;956,9;956,9;955,8;1;18,3;14,7;18,3;17,7;15,1;13,7;84;75;79;165;4,4;1,7;
2019/05/24;1100 UTC;0;957,8;957,8;956,8;53,9;17,9;15,6;18,4;17,8;15,6;14,6;86;79;86;172;3,7;1,4;
2019/05/24;1200 UTC;0;957,5;957,8;957,5;153,8;18,4;16,3;18,4;17,9;16,3;15,5;88;85;88;195;3,3;,2;
2019/05/24;1300 UTC;0;957,1;957,8;957,1;743;20,4;16,7;21;18,4;17,4;16,2;88;76;79;247;3,1;1,4;
2019/05/24;1400 UTC;0;957,4;957,9;957;967,2;21,5;17;22,1;20,4;17,2;16,4;80;72;75;160;6;2,2;
2019/05/24;1500 UTC;0;957,3;957,5;957,3;344,3;20,5;17;21,5;20,5;17,1;16,6;80;74;80;148;6,5;1,7;
2019/05/24;1600 UTC;0;956,7;957,3;956,7;212;19,8;16,5;20,5;19,8;17,2;16,5;82;80;81;151;8,5;3;
2019/05/24;1700 UTC;,2;956,2;956,7;956,1;323,2;19;17;19,8;18,7;17,2;16,4;90;81;88;160;9,7;1,9;
2019/05/24;1800 UTC;0;956,4;956,4;956,2;239,3;19,3;15,8;19,5;19;17,1;15,6;89;79;80;130;9;2,6;
2019/05/24;1900 UTC;0;956,5;956,6;956,4;274,9;18,9;15,6;19,3;18,9;16,1;15,6;83;80;81;112;7,3;3,6;
2019/05/24;2000 UTC;0;957,1;957,1;956,5;210;17,6;14,7;19;17,6;15,7;14,7;83;79;83;112;10,6;3,8;
2019/05/24;2100 UTC;0;957,9;957,9;957,1;18,9;17,7;13,9;17,7;17,6;14,7;13,7;83;78;79;133;10,6;1,4;
2019/05/24;2200 UTC;0;958,3;958,3;957,9;;16,7;14;17,7;16,7;14,3;14;84;79;84;151;6,1;1;
2019/05/24;2300 UTC;0;958,8;958,9;958,3;;15,8;13,3;16,7;15,8;13,9;13,3;85;83;85;131;4,3;1,5;
2019/05/25;0000 UTC;0;959,1;959,1;958,8;;14,9;12,9;15,9;14,8;13,4;12,9;88;85;88;179;4,5;,7;
2019/05/25;0100 UTC;0;959,5;959,5;959,1;;14,2;12,4;14,9;14,2;12,9;12,4;90;88;89;177;2,9;1,2;
2019/05/25;0200 UTC;0;959,4;959,5;959,3;;14,4;11,4;14,5;13,9;12,5;11,4;90;82;82;119;4,5;2,1;
2019/05/25;0300 UTC;0;959,5;959,5;959,3;;13,8;10,5;14,6;13,8;11,5;10,5;83;80;80;120;5,3;2;
2019/05/25;0400 UTC;0;959,5;959,6;959,4;;12,9;9,6;13,8;12,9;10,5;9,6;81;79;80;104;5;1;
2019/05/25;0500 UTC;0;959,6;959,6;959,4;;12,2;9,2;12,9;12,2;9,6;9,2;83;80;82;104;3,5;1,5;
2019/05/25;0600 UTC;0;959,4;959,7;959,3;;12;9,2;12,3;11,4;9,2;8,9;85;81;83;114;3,1;,8;
2019/05/25;0700 UTC;0;959,1;959,4;959,1;;11;8,5;12,3;11;9,2;8,3;85;79;85;78;2,7;0;
2019/05/25;0800 UTC;0;959,1;959,2;958,9;;10,8;8,6;11,4;10,6;8,9;8,3;87;84;86;132;1,4;0;
2019/05/25;0900 UTC;0;959,7;959,8;959,1;;10,1;8,4;11,1;9,7;9,2;7,9;92;84;89;217;,9;0;
2019/05/25;1000 UTC;0;960,4;960,5;959,6;2,8;9,9;8,5;10,8;9,6;9;7,8;91;86;91;219;1,8;0;
2019/05/25;1100 UTC;0;961,3;961,3;960,4;329,7;11;9;11,6;8,8;9,7;7,2;93;86;88;246;2,5;1;
2019/05/25;1200 UTC;0;961,8;961,8;961,3;1017,6;13,5;10,3;13,7;10,9;10,6;8,9;88;79;81;212;2,7;0;
2019/05/25;1300 UTC;0;962,1;962,2;961,8;1902,6;15,5;10,2;15,7;12,9;11,2;9,2;83;68;71;63;3,4;1,3;
2019/05/25;1400 UTC;0;961,8;962,2;961,8;2645,2;16,9;10,8;17,1;15,2;11;9,2;71;64;67;69;4,6;,7;
2019/05/25;1500 UTC;0;961;961,8;961;2784,3;19,1;9,7;19,2;16,6;11,1;9;68;53;55;257;3,6;,2;
2019/05/25;1600 UTC;0;960,2;961;960,2;2844,5;19,6;9,4;19,8;18,5;10,5;9;59;51;52;283;3,3;,6;
2019/05/25;1700 UTC;0;959,2;960,2;959,2;2614,5;21;10,6;21,1;19,3;10,6;8,8;55;47;51;198;3,3;,6;
2019/05/25;1800 UTC;0;958,6;959,2;958,6;2164,4;21,5;9,8;21,6;20,3;10,8;9,1;52;47;47;331;3,3;,8;
2019/05/25;1900 UTC;0;958,8;958,8;958,6;1511,1;20,9;10;21,5;20,6;10,8;9,1;53;46;49;331;3,2;,5;
2019/05/25;2000 UTC;0;959,1;959,1;958,8;298,8;19,1;9,7;20,9;19,1;10,2;9;56;49;54;7;3,2;0;
2019/05/25;2100 UTC;0;959,6;959,6;959,1;24,8;16,5;9,4;19,1;16,5;10,3;9,3;63;54;63;35;1;0;
2019/05/25;2200 UTC;0;960;960;959,6;;16,5;9,9;17,1;16,2;9,9;9,4;66;62;65;340;1,5;0;
2019/05/25;2300 UTC;0;960,7;960,7;960;;15,8;9,3;16,8;15,6;10;9,1;67;64;65;322;0;0;
2019/05/26;0000 UTC;0;960,8;960,9;960,7;;13,7;9,6;16,7;13;9,8;8,8;80;62;76;347;3;,2;
2019/05/26;0100 UTC;0;961,1;961,1;960,8;;12,4;9,6;13,8;12,4;10;9,5;83;75;83;10;2,9;,9;
2019/05/26;0200 UTC;0;961,1;961,2;961,1;;11,7;9,5;12,9;11,7;10,2;9,4;86;82;86;341;2,5;1,3;
2019/05/26;0300 UTC;0;960,8;961,2;960,8;;11,3;9,5;11,7;11;9,7;9,3;89;86;89;2;2,2;,4;
2019/05/26;0400 UTC;0;960,9;960,9;960,8;;11,1;9,4;11,4;10,7;9,7;9;90;88;89;334;2,1;,2;
2019/05/26;0500 UTC;0;960,5;960,9;960,5;;10,5;8,9;11,3;10,5;9,6;8,9;90;89;90;346;1,9;,4;
2019/05/26;0600 UTC;0;960;960,6;960;;10,1;8,5;11,3;10,1;9,5;8,5;91;87;90;3;2,2;,1;
2019/05/26;0700 UTC;0;960,2;960,2;959,9;;9,9;8,6;10,2;9,8;9,1;8,4;93;90;92;306;1,7;,1;
2019/05/26;0800 UTC;0;960,6;960,6;960,2;;9,4;8,3;10,3;9,3;9,1;8,2;93;91;93;348;1,8;0;
2019/05/26;0900 UTC;0;960,6;960,6;960,4;;9,3;8,4;9,9;9,2;9;8,2;94;93;94;346;1,5;,1;
2019/05/26;1000 UTC;0;961,1;961,1;960,6;5,6;8,4;7,5;9,3;7,9;8,3;7;94;93;94;317;1,1;0;
2019/05/26;1100 UTC;0;961,5;961,5;961,1;367,3;10,6;9,7;10,6;8,4;9,7;7,6;95;94;95;346;2;,8;
2019/05/26;1200 UTC;,2;962;962;961,5;1307,3;13,3;10,8;13,5;10,6;11,3;9,8;95;84;85;341;2,9;1,6;
2019/05/26;1300 UTC;0;962;962;961,9;2018;16,5;12,2;16,5;13,4;12,2;11;86;75;76;10;3,5;2;
2019/05/26;1400 UTC;0;961,6;962;961,6;2545,6;19,2;12,7;19,5;16,3;13;11,6;77;65;66;14;3,7;1,6;
2019/05/26;1500 UTC;0;960,8;961,6;960,8;2830,4;21,6;10,7;21,7;19,1;13,1;9,6;66;47;50;300;4,7;1,8;
2019/05/26;1600 UTC;0;959,8;960,8;959,8;2818,7;23,4;10,4;23,4;21,6;11,9;9,9;51;42;44;301;4;,9;
2019/05/26;1700 UTC;0;958,9;959,8;958,8;2595,8;24,5;8,8;24,6;22,7;11,3;8,4;48;36;37;309;3,4;1;
2019/05/26;1800 UTC;0;958,5;958,9;958,5;2136,7;25;8,4;25,2;24,3;10,2;7,7;40;33;35;313;3,3;1;
2019/05/26;1900 UTC;0;958,3;958,5;958,3;1487,8;24,9;7,7;25,6;24,7;9,1;7,1;37;32;33;272;2,8;,5;
2019/05/26;2000 UTC;0;958,4;958,4;958,2;331,1;21,8;10,6;24,9;21,8;11,6;7,3;51;32;49;22;1,9;0;
2019/05/26;2100 UTC;0;958,6;958,6;958,3;26,9;20,1;8,9;21,8;19,9;10,7;8,6;50;47;48;54;,6;0;
2019/05/26;2200 UTC;0;959;959;958,6;;19,4;9,1;20,3;19,3;9,4;8,5;52;48;51;6;,5;0;
2019/05/26;2300 UTC;0;959,5;959,5;959;;18,2;9,9;20;18,2;9,9;8,8;58;50;58;356;,4;0;
2019/05/27;0000 UTC;0;959,8;959,8;959,5;;16,2;10,5;18,2;16,2;10,8;9,9;69;58;69;351;1,9;,2;
2019/05/27;0100 UTC;0;959,8;959,8;959,7;;15,2;10;17,3;14,7;10,9;9,8;77;63;71;341;2,4;,7;
2019/05/27;0200 UTC;0;959,9;959,9;959,8;;13,3;10,1;15,2;13,3;10,7;9,9;81;71;81;351;2,3;1;
2019/05/27;0300 UTC;0;960;960,1;959,9;;12,8;9,5;13,3;12,7;10,3;9,4;83;80;81;321;2,2;1,5;
2019/05/27;0400 UTC;0;959,9;960;959,9;;11,4;9,3;12,8;11,4;9,7;9,3;87;81;87;325;2;,3;
2019/05/27;0500 UTC;0;959,8;959,9;959,8;;10,9;9,4;11,5;10,7;9,6;9;91;87;91;314;2,5;,6;
2019/05/27;0600 UTC;0;959,7;959,9;959,7;;10,5;9,1;11,4;10;9,9;8,3;91;88;91;284;2,9;0;
2019/05/27;0700 UTC;0;959,5;959,7;959,4;;10,2;8,6;10,5;10,1;8,9;8,5;91;89;90;307;2,8;1,6;
2019/05/27;0800 UTC;0;959,2;959,5;959,2;;10,2;8,7;10,2;9,2;8,7;7,6;91;89;91;302;3,6;2,2;
2019/05/27;0900 UTC;0;959,5;959,5;959,2;;9,5;7,7;10,5;9,3;8,9;7,6;91;88;89;299;3,5;1,3;
2019/05/27;1000 UTC;0;960,2;960,2;959,4;3,6;10,2;7,6;10,5;9,4;8,1;7,4;89;84;84;325;4;1,4;
2019/05/27;1100 UTC;0;961;961;960,2;339,1;11,3;8,9;11,3;10;8,9;7,5;87;83;85;332;4;,3;
2019/05/27;1200 UTC;0;961,5;961,5;961;1258,8;14;10,5;14,1;11,1;10,9;8,6;87;79;79;340;2,3;,9;
2019/05/27;1300 UTC;0;961,5;961,6;961,5;1962;17,1;10,7;17,2;13,9;11,7;9,7;80;66;66;345;3,2;1,3;
2019/05/27;1400 UTC;0;961,1;961,5;961,1;2457,2;21,9;11,5;22;16,9;12,8;10,5;69;51;52;293;2,9;,3;
2019/05/27;1500 UTC;0;960,2;961,1;960,2;2726,9;23,9;9,3;24,4;21,8;12,4;9,3;54;39;40;337;2,8;,4;
2019/05/27;1600 UTC;0;959;960,2;959;2737,8;26,1;6,2;26,4;23,9;11,5;5,8;44;27;28;9;2,5;,3;
2019/05/27;1700 UTC;0;958,1;959;958,1;2538;27,3;4,4;27,7;26;7,3;2,9;30;20;23;40;2,2;,2;
2019/05/27;1800 UTC;0;957,4;958,1;957,4;2088,7;27,7;8,5;28,4;27,1;9,1;4,3;31;22;30;10;1,9;,4;
2019/05/27;1900 UTC;0;957,4;957,5;957,4;1434,6;27,5;7,7;29,3;27,5;8,9;4,3;31;21;29;344;1,8;,1;
2019/05/27;2000 UTC;0;957,6;957,6;957,4;321,7;24,3;11,2;27,6;24,3;11,6;7,8;44;29;44;17;1,8;0;
2019/05/27;2100 UTC;0;957,9;957,9;957,6;26,9;22,5;8,1;24,3;22,4;11,3;7,4;45;38;40;338;,7;0;
2019/05/27;2200 UTC;0;958,4;958,4;957,9;;22,2;7,5;23,5;22,2;8,1;6,8;40;35;39;13;0;0;
2019/05/27;2300 UTC;0;958,7;958,8;958,4;;19,9;9,6;22,4;19,9;9,6;7,4;51;38;51;355;0;0;
2019/05/28;0000 UTC;0;959,1;959,2;958,7;;19,7;10,6;20,7;19,2;10,9;9,3;56;50;56;276;2,7;1,5;
2019/05/28;0100 UTC;0;959,1;959,1;959;;17,3;11;19,6;17,1;11,3;10,6;68;56;67;339;3,1;,8;
2019/05/28;0200 UTC;0;958,9;959,1;958,5;;15,2;10,9;17,3;15,2;11,2;10,6;75;67;75;42;2,7;0;
2019/05/28;0300 UTC;0;958,6;958,9;958,6;;15,7;10,8;16;15;11;10,5;76;72;72;359;2,4;,1;
2019/05/28;0400 UTC;0;958,5;958,6;958,1;;14,8;10,6;16,5;14,6;11,1;10,4;77;69;76;11;1,3;0;
2019/05/28;0500 UTC;0;958;958,5;958;;14,5;10,1;15,3;14,3;11,4;9,9;78;73;75;323;3,3;,9;
2019/05/28;0600 UTC;0;956,5;958;956,5;;12,2;9,9;14,5;12,1;10,4;9,8;86;75;86;285;3,6;1,2;
2019/05/28;0700 UTC;0;956,3;956,5;956,3;;11,3;9;12,5;11,3;9,9;9;86;83;86;311;3,6;0;
2019/05/28;0800 UTC;0;956;956,3;956;;11,1;9,1;11,3;11;9,3;8,9;88;86;87;320;1,5;,2;
2019/05/28;0900 UTC;0;956,9;956,9;956;;11,5;9,2;11,8;11,1;9,4;9;87;84;86;359;1,6;0;
2019/05/28;1000 UTC;0;957,8;957,8;956,8;5,5;12,5;9,8;12,5;11,4;9,8;9,2;87;83;83;305;2,3;,2;
2019/05/28;1100 UTC;0;958,3;958,6;957,8;229,3;13,1;10,6;13,1;12,1;10,6;9,3;85;82;85;313;1,3;0;
2019/05/28;1200 UTC;0;959,4;959,4;958,3;1082,3;15,3;11,7;15,4;13,1;12,1;10,6;86;79;79;357;1,9;,8;
2019/05/28;1300 UTC;0;959,5;959,6;959,3;1737,4;22,7;14,8;22,7;15,3;15,2;11,8;80;60;61;254;3;,7;
2019/05/28;1400 UTC;0;959;959,6;959;2054,9;25,8;15,7;25,8;22,4;16,2;13,7;61;53;54;159;3,1;,6;
2019/05/28;1500 UTC;0;958,6;959;958,6;2369,8;29;16,7;29;25,8;16,9;15,4;55;46;47;159;6,4;2,8;
2019/05/28;1600 UTC;0;957,8;958,6;957,8;2572,3;30;15,5;30,3;28,7;17,1;15,4;48;41;42;187;6,4;2,5;
2019/05/28;1700 UTC;0;956,9;957,8;956,9;2466,2;30,6;14,9;30,7;30;16,2;14,4;43;37;39;184;8,2;3,5;
2019/05/28;1800 UTC;0;956,7;956,9;956,7;1990;30,4;14,2;31;30,4;15,1;13,3;39;34;37;175;8,2;2,7;
2019/05/28;1900 UTC;0;956,6;956,7;956,6;1292,2;30;14,5;30,7;29,8;15,2;14;40;37;39;173;6,2;1,8;
2019/05/28;2000 UTC;0;956,7;956,7;956,5;406,7;27,9;15,8;30,2;27,9;16;14,6;48;39;48;176;4,4;1,1;
2019/05/28;2100 UTC;0;957;957,1;956,7;38,5;26,2;16,1;27,9;25,9;16,6;15,8;56;48;54;173;2,6;,1;
2019/05/28;2200 UTC;0;957;957,1;956,7;;23,7;15,8;26,5;23,7;16,2;15,5;61;52;61;51;1,8;0;
2019/05/28;2300 UTC;0;957,1;957,3;957;;22,8;15,5;24,1;22,8;16;15,4;64;60;64;261;0;0;
2019/05/29;0000 UTC;0;957,3;957,4;957,1;;21,7;15,6;22,8;21,7;15,7;15,5;68;64;68;213;0;0;
2019/05/29;0100 UTC;0;958;958;957,2;;21;15,4;21,8;20,9;15,6;15,4;71;68;70;277;2,8;,4;
2019/05/29;0200 UTC;0;958,1;958,3;957,8;;20,7;15,3;21,4;20,5;15,6;15,2;73;70;71;341;2,4;0;
2019/05/29;0300 UTC;0;958,8;958,8;958,1;;19,5;15,6;20,7;19,3;15,6;15,2;78;71;78;27;1,9;,1;
2019/05/29;0400 UTC;0;958,7;959;958,7;;19,5;16;20;19,2;16,4;15,6;82;78;81;7;6,4;1,6;
2019/05/29;0500 UTC;0;958,7;958,9;958,5;;19,3;15,9;19,5;18,9;16;15,9;83;80;80;30;2,8;1,4;
2019/05/29;0600 UTC;0;959;960,1;958,5;;19,5;15,5;19,7;19,1;15,9;15,4;81;78;78;24;11;3,4;
2019/05/29;0700 UTC;1,2;959,4;959,5;958,3;;17,9;16,3;19,5;17,9;16,3;15,5;90;78;90;46;7,1;2,6;
2019/05/29;0800 UTC;2;959,1;960,1;959,1;;17,3;15,9;18;17,3;16,4;15,9;92;90;92;283;5,4;1,6;
2019/05/29;0900 UTC;0;959,2;959,4;959;;17,1;15,9;17,3;16,8;16,1;15,6;93;92;93;333;2,8;1,8;
2019/05/29;1000 UTC;0;960;960;959,2;3,3;16,7;15,7;17,1;16,7;15,9;15,6;93;92;93;321;2,9;1,7;
2019/05/29;1100 UTC;0;960,8;960,8;959,9;186,9;17,7;16,5;17,7;16,7;16,6;15,7;94;93;93;335;2,8;1,2;
2019/05/29;1200 UTC;0;961,3;961,3;960,8;396,6;18,8;17,2;18,8;17,7;17,2;16,4;93;90;90;329;3,2;1,5;
2019/05/29;1300 UTC;,2;961,2;961,5;961,2;878;21,3;18,2;21,3;18,8;18,3;17;91;81;83;305;4,4;1,6;
2019/05/29;1400 UTC;0;960,8;961,3;960,8;2133;24,8;18,8;24,8;21,3;19,5;17,8;83;70;70;319;4,4;2,2;
2019/05/29;1500 UTC;0;959,9;960,8;959,9;2564,6;26,5;18,8;26,7;24,3;19,5;18,1;71;61;62;258;4;2,1;
2019/05/29;1600 UTC;0;959,1;959,9;959,1;2427,9;28,1;19;28,1;26,6;19,4;17,9;64;54;58;278;4,2;,8;
2019/05/29;1700 UTC;0;958,3;959,1;958,3;2166,2;29,6;18,4;29,6;27,6;19,3;17,8;58;51;51;166;3,2;,3;
2019/05/29;1800 UTC;0;957,8;958,3;957,8;1937,2;29,7;17,9;30;29,1;19;17,1;54;47;49;127;3,7;1,8;
2019/05/29;1900 UTC;0;957,5;957,8;957,4;1329,1;28,7;18,2;30;28,7;18,6;17,2;54;47;53;97;3,8;1,5;
2019/05/29;2000 UTC;0;957,3;957,4;957,3;360,8;27,1;18,8;28,7;27,1;18,9;18,1;60;53;60;82;3,7;,1;
2019/05/29;2100 UTC;0;957,6;957,6;957,3;27,2;25,4;18;27,1;25,4;18,9;18;67;60;63;119;1,7;,7;
2019/05/29;2200 UTC;0;958,2;958,2;957,5;;24,5;18;25,4;24,5;18;17,8;67;63;67;64;2;0;
2019/05/29;2300 UTC;0;958,6;958,7;958,2;;23,8;18,3;24,5;23,7;18,5;18,1;72;67;72;4;1,8;0;
2019/05/30;0000 UTC;0;959;959;958,6;;22,1;18,3;23,9;22,1;18,5;18,3;79;71;79;353;1;0;
2019/05/30;0100 UTC;0;959,3;959,3;959;;22,3;18,2;22,3;22;18,4;18,1;80;78;78;310;2,7;1,7;
2019/05/30;0200 UTC;0;959,5;959,5;959,3;;20,5;18,1;22,5;20,5;18,3;17,8;86;76;86;351;2,7;,9;
2019/05/30;0300 UTC;0;959,2;959,6;959,2;;20,2;17,8;20,7;20,2;18,3;17,8;87;85;86;336;2,6;,4;
2019/05/30;0400 UTC;0;958,8;959,2;958,8;;19,9;17,8;20,3;19,6;18,1;17,7;89;86;88;328;2,7;1,3;
2019/05/30;0500 UTC;0;958,3;958,8;958,3;;19,7;18,1;19,9;19,2;18,1;17,6;91;88;91;342;3,5;1,3;
2019/05/30;0600 UTC;0;957,6;958,3;957,6;;19;17,6;19,7;19;18;17,5;91;90;91;325;3,5;,3;
2019/05/30;0700 UTC;0;957,2;957,6;957,2;;18,6;17,4;19;18,4;17,6;17,2;93;91;93;330;2,2;,4;
2019/05/30;0800 UTC;0;957,4;957,5;957,2;;18,1;17,1;18,6;17,9;17,4;16,8;94;93;94;313;1,5;0;
2019/05/30;0900 UTC;0;957,8;957,8;957,4;;17,2;16,2;18,5;17,2;17,5;16,2;94;94;94;355;,8;0;
2019/05/30;1000 UTC;0;958,6;958,6;957,8;4,6;17,2;16,3;17,2;16,6;16,3;15,7;94;94;94;359;1;,1;
2019/05/30;1100 UTC;0;959,3;959,3;958,6;300,2;18,2;17,4;18,3;17;17,4;16,1;95;94;95;340;1,1;,1;
2019/05/30;1200 UTC;0;959,9;959,9;959,3;1096,6;20,5;18,8;20,5;18,2;19,2;17,4;95;90;90;29;1,7;0;
2019/05/30;1300 UTC;0;959,6;959,9;959,6;1773,1;24,4;18,3;24,5;20,5;19,8;18,3;90;69;69;266;2,9;1;
2019/05/30;1400 UTC;0;959,1;959,6;959,1;2289,1;26,7;19,1;27;24,3;19,8;18,2;72;62;63;182;3,9;1,7;
2019/05/30;1500 UTC;0;958,1;959,1;958,1;2561,4;29,8;17,6;29,9;26,7;19,6;17,5;64;48;48;223;4;1,5;
2019/05/30;1600 UTC;0;956,9;958,1;956,9;2568,5;30,7;16,3;30,9;29,8;18,6;16,2;50;41;42;176;8,1;2,8;
2019/05/30;1700 UTC;0;956;956,9;956;2211,7;31,3;16,2;31,5;30,1;17,6;15,1;45;39;40;184;8,8;3,1;
2019/05/30;1800 UTC;0;955,4;956,1;955,4;1653,2;31,2;16,1;31,4;29,9;17,3;15,3;45;38;40;155;8,8;2;
2019/05/30;1900 UTC;0;954,9;955,4;954,9;1063,3;30,7;16,3;31,2;30;17,3;15,6;45;40;42;139;5,8;1,8;
2019/05/30;2000 UTC;0;954,7;954,9;954,6;371,8;28,9;16,6;30,8;28,8;17;15,9;48;41;48;123;4,6;,3;
2019/05/30;2100 UTC;0;954,9;955;954,7;34,3;26,6;16,7;28,9;26,5;16,9;16,5;55;48;55;156;2,3;1;
2019/05/30;2200 UTC;0;955,3;955,3;954,9;;24,3;16,8;26,8;24,2;17,3;16,5;65;53;63;172;1,9;,2;
2019/05/30;2300 UTC;0;956;956,1;955,3;;24,2;15,8;25,4;24,2;16,9;15,8;63;59;60;217;1,3;0;
2019/05/31;0000 UTC;0;956,3;956,5;955,9;;21,9;15,6;24,5;21,9;15,9;15,5;67;58;67;155;1,6;,2;
2019/05/31;0100 UTC;0;956,3;956,4;956,2;;20,4;15,8;21,9;20,4;15,9;15,7;75;67;75;112;1,7;0;
2019/05/31;0200 UTC;0;956,1;956,4;956;;20;15,2;20,4;19,8;15,8;15,2;77;74;74;54;1,8;,5;
2019/05/31;0300 UTC;0;956;956,2;955,9;;19,6;15;20,8;19,6;15,3;14,8;75;70;75;82;2,4;,6;
2019/05/31;0400 UTC;0;956,2;956,2;956;;18,8;15,1;21,1;18,7;15,1;14,4;79;67;79;60;3,4;0;
2019/05/31;0500 UTC;0;955,8;956,2;955,8;;20,4;14,5;20,6;18,8;15,6;14,5;80;68;69;151;2,3;,6;
2019/05/31;0600 UTC;0;955,5;955,9;955,4;;19,7;14,3;20,5;18,6;14,9;14,1;79;68;71;162;2,3;,1;
2019/05/31;0700 UTC;0;955,3;955,5;955,2;;17,2;15;19,6;17,2;15;13,9;87;71;87;63;1,5;,1;
2019/05/31;0800 UTC;0;955,2;955,3;955;;17,2;14,3;18,2;17,1;15,2;14;87;79;83;25;3,2;0;
2019/05/31;0900 UTC;0;955,4;955,4;955,1;;16,5;13,9;17,8;16,5;14,6;13,8;85;80;85;12;1;0;
2019/05/31;1000 UTC;0;955,7;955,7;955,4;3,9;16,1;14,2;16,7;16,1;14,8;13,9;90;85;89;17;0;0;
2019/05/31;1100 UTC;0;956,7;956,7;955,7;365,7;19,5;16,8;19,5;16,1;16,8;14,3;89;81;84;318;2,1;,2;
2019/05/31;1200 UTC;0;957,4;957,4;956,7;785,7;22,7;16,8;22,7;19,5;18,2;16,3;86;69;69;127;1,8;,1;
2019/05/31;1300 UTC;0;957,8;958,2;957,3;1190;24,7;16,4;25,3;22,7;17,2;15,6;71;57;60;186;6;2;
2019/05/31;1400 UTC;0;957,3;957,8;957,3;1897,4;27,5;16,7;27,6;24,7;17,1;15,5;61;50;52;174;8,2;3,4;
2019/05/31;1500 UTC;0;956,9;957,3;956,9;2344,6;27,6;15,9;29,1;27,5;16,9;15,4;52;45;49;165;11;3,5;
2019/05/31;1600 UTC;0;956,4;956,9;956,4;2451,6;29,6;16,1;30,1;27,6;17,3;15,5;51;42;44;160;9,1;3;
2019/05/31;1700 UTC;0;955,6;956,4;955,6;2602,6;30;14,9;30,2;29,6;16,2;14,2;44;38;40;149;10,9;3,7;
2019/05/31;1800 UTC;0;955;955,6;955;1953,9;29,4;13,6;30,5;29,4;15,5;13,4;42;36;38;161;10,1;3,9;
2019/05/31;1900 UTC;0;954,8;955;954,7;1327,5;29,6;12,9;30,2;29,2;14;12,3;39;34;36;156;9,3;3,2;
2019/05/31;2000 UTC;0;954,8;954,9;954,7;471,8;27,7;13,8;29,7;27,7;13,8;12,1;43;34;42;165;8,9;1,7;
2019/05/31;2100 UTC;0;954,7;954,8;954,6;33,8;24,2;14,3;27,7;24,2;14,3;13,6;54;42;54;183;5,4;,2;
2019/05/31;2200 UTC;0;955,2;955,2;954,7;;23,2;14,5;24,2;22,9;14,7;14,1;59;54;58;191;1,9;,8;
2019/05/31;2300 UTC;0;955,5;955,5;955,1;;22,1;14,6;23,2;22;14,6;14,3;63;58;63;180;3,1;,4;
2019/06/01;0000 UTC;0;955,7;955,8;955,5;;22,4;14,6;22,6;21,8;15,7;14,5;66;61;62;174;3,7;1,4;
2019/06/01;0100 UTC;0;956;956;955,6;;21,3;15;22,4;21;15;14,6;68;62;67;174;3,6;1;
2019/06/01;0200 UTC;0;956,3;956,4;956;;20,5;14,6;21,3;20,5;15,1;14,6;70;66;69;218;2,6;0;
2019/06/01;0300 UTC;0;956,4;956,5;956,2;;18,9;14,5;20,5;18,9;14,8;14,4;75;69;75;56;1,8;0;
2019/06/01;0400 UTC;0;956;956,4;955,9;;19,2;14,5;20,5;18,8;15;14,4;77;70;74;275;0;0;
2019/06/01;0500 UTC;0;956,1;956,1;956;;17,5;14,3;19,2;17,5;14,5;14,2;81;74;81;18;0;0;
2019/06/01;0600 UTC;0;955,5;956,1;955,5;;17,5;14,3;17,8;17,3;14,6;14,2;83;81;81;350;0;0;
2019/06/01;0700 UTC;0;955,5;955,5;955,4;;17,2;13,9;18;17,2;14,5;13,8;82;78;81;284;1;0;
2019/06/01;0800 UTC;0;955,8;955,8;955,4;;16,1;13,9;17,2;16,1;14,2;13,8;87;81;87;246;2,6;0;
2019/06/01;0900 UTC;0;956,3;956,3;955,8;;15,9;13,8;16,2;15,6;14,1;13,7;90;87;87;107;1,3;0;
2019/06/01;1000 UTC;0;957,1;957,1;956,3;3,3;15;13,5;15,9;15;13,8;13,5;91;87;91;342;,8;0;
2019/06/01;1100 UTC;0;957,8;957,8;957,1;311,1;17,5;15,2;17,5;15;15,2;13,6;91;86;87;353;1;0;
2019/06/01;1200 UTC;0;958,7;958,7;957,8;1098,5;22,1;16,5;22,1;17,5;16,9;14,9;87;70;71;310;1,4;,2;
2019/06/01;1300 UTC;0;959;959;958,7;1968,9;25,5;16,4;25,9;21,9;17,5;15,7;72;57;57;191;3;1;
2019/06/01;1400 UTC;0;958,7;959;958,7;2245,6;27,3;16,7;27,4;25,2;17,3;16;60;52;52;158;3,9;,7;
2019/06/01;1500 UTC;0;958,1;958,7;958,1;2570,2;28,4;16,4;28,7;26,8;17,7;16,1;55;48;48;122;3,9;1,4;
2019/06/01;1600 UTC;0;957,5;958,1;957,5;2546,9;28,6;16,2;29,1;27,9;17,8;15,7;52;46;47;118;6,5;3,4;
2019/06/01;1700 UTC;0;956,7;957,5;956,7;2391,7;29,9;16,5;29,9;28,4;17;15,5;50;43;44;181;5,7;2,1;
2019/06/01;1800 UTC;0;956;956,7;956;1994;29,7;15,4;30;29,2;16,4;14,9;45;41;42;157;6,5;1,7;
2019/06/01;1900 UTC;0;955,8;956;955,8;1379,1;29,1;14,4;29,9;29,1;16,1;13,9;44;39;41;160;6,8;2,1;
2019/06/01;2000 UTC;0;955,8;955,9;955,7;458,4;27,2;14,3;29,2;27,2;14,4;13,6;45;39;45;168;5,7;1,4;
2019/06/01;2100 UTC;0;956,2;956,2;955,8;30,9;24,7;15,1;27,2;24,6;15,4;14,3;56;45;55;133;3,6;0;
2019/06/01;2200 UTC;0;956,4;956,5;956,2;;24,4;14,8;25,8;24,4;15,3;14,4;55;50;55;183;1,9;,4;
2019/06/01;2300 UTC;0;956,5;956,5;956,3;;24,3;14,6;24,8;24;15,1;14,6;57;54;55;189;1,6;0;
2019/06/02;0000 UTC;0;957,4;957,4;956,6;;23;14,9;24,4;22,5;15,2;14,6;62;55;60;354;1,5;0;
2019/06/02;0100 UTC;0;957,5;957,6;957,4;;22,5;15,3;23;21,7;15,4;14,8;66;60;64;260;1,4;,9;
2019/06/02;0200 UTC;0;957,6;957,6;957,5;;19,9;15,7;22,5;19,9;16;15,2;77;64;77;189;2,6;,1;
2019/06/02;0300 UTC;0;957,4;957,6;957,3;;19,2;15,4;20,5;19,2;16;15,4;79;75;79;263;1,7;,2;
2019/06/02;0400 UTC;0;957,1;957,4;957,1;;18,7;16;19,1;18;16,1;15,4;87;79;84;295;1,7;0;
2019/06/02;0500 UTC;0;957;957,1;957;;18;15,5;18,8;18;16;15,5;86;83;85;322;,8;0;
2019/06/02;0600 UTC;0;956,8;957;956,5;;17,3;15,4;18;17,2;15,7;15,3;89;85;88;360;1,8;,4;
2019/06/02;0700 UTC;0;956,8;956,8;956,7;;17;15,7;17,3;16,5;15,7;14,8;92;88;92;312;1,3;0;
2019/06/02;0800 UTC;0;956,9;956,9;956,7;;16,2;14,9;17,4;15,9;15,8;14,4;92;88;92;3;1,6;,7;
2019/06/02;0900 UTC;0;957,3;957,3;956,9;;17,1;15,7;17,1;16,1;15,7;14,9;93;91;91;314;1,2;0;
2019/06/02;1000 UTC;0;958;958;957,3;4,4;15,7;14,5;17,1;15,7;15,7;14,5;93;89;93;338;1,2;0;
2019/06/02;1100 UTC;0;959,1;959,1;958;214;17,2;15,8;17,2;15,7;15,8;14,5;93;91;91;346;,5;0;
2019/06/02;1200 UTC;0;960;960;959,1;523,5;17,7;15,9;18,3;17,2;16,4;15,3;91;88;90;7;3,2;1,7;
2019/06/02;1300 UTC;0;960,1;960,3;960;1155,4;21;17;21,3;17,7;17,6;15,8;90;75;78;348;3,2;1,2;
2019/06/02;1400 UTC;0;960,3;960,3;960,1;2271,7;24,4;16,5;24,5;21;17,3;16,2;78;62;62;326;2,8;1,1;
2019/06/02;1500 UTC;0;959,7;960,3;959,7;2273,2;26;17,4;26,8;24,4;18;16,2;63;54;59;346;3,2;,6;
2019/06/02;1600 UTC;0;958,9;959,7;958,9;1303,8;26,4;17;26,6;25,6;18,1;16,5;60;56;56;26;3,8;1,7;
2019/06/02;1700 UTC;0;957,9;958,9;957,9;2401,7;27,6;15,7;27,7;26,2;17,6;15,7;58;48;48;69;4,8;1,8;
2019/06/02;1800 UTC;0;957,6;957,9;957,6;2204,3;28;16,5;28,6;27,6;16,9;14,5;51;44;50;9;4,8;1,8;
2019/06/02;1900 UTC;0;957,4;957,6;957,4;827,1;27,6;15,6;28;26,7;16,2;15,1;52;47;48;40;3,8;1;
2019/06/02;2000 UTC;0;957,6;957,6;957,4;462,7;25,9;17,1;27,6;25,9;17,3;15,5;59;47;58;349;2,7;,7;
2019/06/02;2100 UTC;0;958,9;958,9;957,6;38,2;22,4;16,7;25,9;22,4;17,7;16,6;70;58;70;34;10,4;4,8;
2019/06/02;2200 UTC;0;958,8;958,9;958,6;;20,2;16,3;22,4;20,1;16,8;16,3;79;70;79;1;9,9;2,5;
2019/06/02;2300 UTC;0;958,7;958,8;958,7;;18,4;15,8;20,2;18,4;16,4;15,8;85;78;85;345;5,3;1,6;
2019/06/03;0000 UTC;0;958,9;958,9;958,7;;19,2;15,5;19,2;18,2;16;15,5;86;79;79;327;4,1;1,9;
2019/06/03;0100 UTC;0;959,1;959,2;958,9;;17,9;15,4;19,2;17,7;15,5;15,2;86;79;85;332;4,1;,8;
2019/06/03;0200 UTC;0;959,6;959,6;959,1;;17,5;15,1;17,9;17,5;15,4;14,9;86;84;86;349;1,9;,3;
2019/06/03;0300 UTC;0;959,8;960;959,6;;17,5;15,6;17,7;16,8;15,6;14,7;89;85;89;28;2,2;,3;
2019/06/03;0400 UTC;0;960;960,4;959,7;;18,1;16,2;18,2;17,4;16,4;15,4;91;88;89;36;6,7;2,8;
2019/06/03;0500 UTC;0;959,6;960;959,5;;17,8;15,7;18,2;17,8;16,2;15,5;89;86;87;18;5,5;1,2;
2019/06/03;0600 UTC;0;959,6;959,8;959,5;;17,3;15,3;17,9;17,3;15,7;15,3;88;87;88;13;3,9;1,6;
2019/06/03;0700 UTC;0;959,7;959,7;959,4;;17;15,2;17,3;16,7;15,4;15,1;91;88;89;10;2,9;1,5;
2019/06/03;0800 UTC;0;960,3;960,3;959,6;;16,9;15,1;17,2;16,9;15,3;15;90;88;89;5;3,7;,5;
2019/06/03;0900 UTC;,2;962,2;962,3;960,2;;17,6;16;17,6;16,9;16;15,1;91;88;90;121;9,6;4,4;
2019/06/03;1000 UTC;4,2;961,6;962,2;961,1;,6;17,4;16,1;17,7;17,2;16,2;15,8;93;90;92;36;9,6;3,4;
2019/06/03;1100 UTC;,4;963;963,1;961,7;46,6;17,5;16,2;17,5;17,3;16,2;16;93;92;92;10;5,9;1,2;
2019/06/03;1200 UTC;,8;963,8;963,8;963;114,7;17,7;16,5;17,7;17,4;16,5;16,1;93;92;93;256;2,9;0;
2019/06/03;1300 UTC;1;962,8;964;962,8;220,8;17,9;16,8;17,9;17,6;16,8;16,4;93;93;93;252;4,4;1,8;
2019/06/03;1400 UTC;,2;962,8;963;962,4;588,7;19,2;17,7;19,2;17,8;17,7;16,5;93;91;91;193;4,4;,3;
2019/06/03;1500 UTC;0;962,9;963;962,5;984;19,9;17,4;20;19,1;18,1;17,1;91;85;85;31;3,2;,2;
2019/06/03;1600 UTC;0;962,7;963;962,7;867,1;21;17,5;21;19,9;18,1;16,7;86;79;80;118;2,4;,3;
2019/06/03;1700 UTC;0;962;962,7;962;923,9;20,8;16,2;21,2;20,7;17,9;16,2;82;75;75;124;4,7;2,1;
2019/06/03;1800 UTC;0;961,9;962;961,9;384,4;20,5;17;21,4;20,4;17,4;16,3;81;75;81;162;4,7;1,4;
2019/06/03;1900 UTC;0;961,7;962;961,7;845,5;21,7;17,1;22,2;20,5;17,8;16,9;81;73;75;153;3,8;,9;
2019/06/03;2000 UTC;0;961,8;961,9;961,7;390,9;20,5;17,2;21,7;20,4;17,3;16,9;82;75;81;173;4,8;1,6;
2019/06/03;2100 UTC;0;962,1;962,1;961,8;64,8;18,7;16,7;20,5;18,7;17,3;16,6;88;81;88;168;4,6;1;
2019/06/03;2200 UTC;0;962,4;962,5;962,1;;17,9;16,6;18,7;17,8;16,8;16,4;92;88;92;170;2,8;1,3;
2019/06/03;2300 UTC;0;962,9;962,9;962,4;;17,6;16,2;18;17,4;16,6;16;92;90;92;151;2,8;,5;
2019/06/04;0000 UTC;0;963,3;963,3;962,9;;17,6;16,3;17,6;17,3;16,3;15,9;92;91;92;127;2,4;,3;
2019/06/04;0100 UTC;0;963,5;963,5;963,2;;17,3;16,1;17,8;17,1;16,6;15,8;93;92;93;169;2,5;1,7;
2019/06/04;0200 UTC;0;963,6;963,6;963,5;;16,5;15,4;17,7;16,4;16,6;15,3;93;93;93;190;3,1;,8;
2019/06/04;0300 UTC;,2;963,7;963,8;963,6;;15,5;14,5;16,6;15,5;15,6;14,5;94;93;94;95;1,9;0;
2019/06/04;0400 UTC;0;963,5;963,7;963,5;;15;14,1;15,6;14,8;14,6;13,9;94;94;94;296;1;0;
2019/06/04;0500 UTC;0;963,4;963,6;963,4;;15,4;14,5;15,4;15;14,5;14,1;95;94;95;256;0;0;
2019/06/04;0600 UTC;,2;963,2;963,5;963,1;;15,3;14,5;15,5;15,2;14,6;14,4;95;95;95;325;,4;0;
2019/06/04;0700 UTC;0;962,9;963,2;962,8;;15,2;14,4;15,4;15,2;14,6;14,4;95;95;95;355;2,1;0;
2019/06/04;0800 UTC;0;963,5;963,6;962,9;;15,3;14,5;15,3;15,1;14,5;14,3;95;95;95;8;4,1;,8;
2019/06/04;0900 UTC;0;964;964;963,5;0;15,4;14,6;15,5;15,3;14,8;14,6;95;95;95;329;3,4;1,5;
2019/06/04;1000 UTC;0;965;965;964;5;15,2;14,5;15,5;15,1;14,7;14,4;95;95;95;328;5;1,7;
2019/06/04;1100 UTC;0;965,9;965,9;965;177,7;15,3;14,6;15,5;15,2;14,8;14,5;95;95;95;4;4;1;
2019/06/04;1200 UTC;0;966,8;966,8;965,9;873,5;16,3;15,4;16,4;15,3;15,6;14,6;96;95;95;355;5,8;3;
2019/06/04;1300 UTC;0;967,5;967,5;966,8;1591,8;18,2;13,4;19,2;16,3;15,5;13,4;95;73;73;330;8,2;4,3;
2019/06/04;1400 UTC;0;967,5;967,6;967,5;1145,4;18,6;13,3;18,6;17,8;13,9;12,5;77;70;71;360;7,6;3,3;
2019/06/04;1500 UTC;0;967;967,5;967;1793,4;20,4;13,6;20,5;18,6;14;12;73;62;65;360;6,4;3,3;
2019/06/04;1600 UTC;0;966,3;967;966,3;2331,8;20,7;12,6;22;19,5;14,2;11,8;66;56;60;354;7,8;3,3;
2019/06/04;1700 UTC;0;965,6;966,3;965,6;2372,2;21,6;11,6;22,2;20,1;13,4;11,3;61;53;53;353;8,1;4;
2019/06/04;1800 UTC;0;965,3;965,6;965,2;2033,6;21,5;11;22,2;20;12,7;10,7;59;50;51;340;8,2;4;
2019/06/04;1900 UTC;0;965,2;965,3;965,1;1432,6;20,9;11;21,7;19,6;11,8;10,2;57;49;53;341;8;3,7;
2019/06/04;2000 UTC;0;965,5;965,5;965,2;422,8;19;10,6;20,9;18,9;11,2;10,1;59;52;58;338;7,4;2,4;
2019/06/04;2100 UTC;0;965,5;965,6;965,5;28,2;16,4;10,7;19;16,4;10,9;10,4;69;58;69;330;4,5;,9;
2019/06/04;2200 UTC;0;965,8;965,9;965,5;;15,2;10,6;16,5;15,2;10,8;10,4;74;69;74;344;2,3;,6;
2019/06/04;2300 UTC;0;966,5;966,5;965,9;;14;10,4;15,2;13,8;10,5;10,2;79;74;79;356;4,3;2,1;
2019/06/05;0000 UTC;0;967;967;966,5;;13,5;10,2;14,4;13,5;10,5;10,2;81;77;81;355;4,9;2,8;
2019/06/05;0100 UTC;0;967,5;967,5;967;;12,5;10,2;13,5;12,5;10,5;10,1;86;81;86;357;4,9;2,3;
2019/06/05;0200 UTC;0;967,5;967,7;967,5;;12;9,9;12,8;12;10,3;9,8;87;84;87;355;5,1;2,9;
2019/06/05;0300 UTC;0;967,3;967,5;967,3;;11,8;9,7;12,1;11,6;10;9,7;88;86;87;359;5,3;3,2;
2019/06/05;0400 UTC;0;966,7;967,3;966,7;;11,1;9,4;11,8;10,8;9,8;9,2;90;87;89;353;5,1;2,6;
2019/06/05;0500 UTC;0;966;966,7;966;;10,3;8,7;11,2;10,3;9,4;8,7;90;88;90;347;5,4;2,6;
2019/06/05;0600 UTC;0;965,6;966;965,5;;9,6;8;10,5;9,4;8,9;7,8;90;88;90;337;5,4;2,1;
2019/06/05;0700 UTC;0;965,3;965,6;965,3;;9,8;8;10;9,5;8,4;7,8;90;88;88;325;4,9;2,6;
2019/06/05;0800 UTC;0;965,2;965,3;965,1;;9,5;7,8;9,8;8,8;8;7,2;91;88;89;329;4,6;2,4;
2019/06/05;0900 UTC;0;965,6;965,6;965,2;;8,3;7,1;9,5;8,2;7,7;6,9;92;89;92;339;4,1;,8;
2019/06/05;1000 UTC;0;966,2;966,2;965,6;1,9;8,8;7,4;8,9;8,2;7,6;6,9;93;91;91;301;2,9;1,7;
2019/06/05;1100 UTC;,2;966,9;966,9;966,2;293,1;10,4;8,6;10,4;8,7;8,7;7,3;91;88;88;345;2,8;1,4;
2019/06/05;1200 UTC;0;967,6;967,6;966,9;1225,6;13;10,2;13;10,4;10,3;8,6;89;83;83;353;3;1,6;
2019/06/05;1300 UTC;0;968;968;967,6;1927,5;15,8;11,6;15,8;13;11,9;10;84;74;76;355;5,8;3,2;
2019/06/05;1400 UTC;0;967,3;968;967,3;2448,8;18,6;10,8;19;15,8;12,3;10,3;76;60;60;355;5,5;3,2;
2019/06/05;1500 UTC;0;966,6;967,3;966,6;2733;21,3;9,2;21,3;18,4;11,3;7,8;62;43;46;290;7,6;3,2;
2019/06/05;1600 UTC;0;965,4;966,6;965,3;2757,7;22;6,8;22,4;20,7;9,3;6,8;46;37;37;305;6,8;2,7;
2019/06/05;1700 UTC;0;964,2;965,4;964,2;2560,7;23,1;7,6;23,1;21,9;7,8;5,8;40;34;37;291;8,8;3,2;
2019/06/05;1800 UTC;0;963,7;964,2;963,7;2120,3;22,5;6,3;23,1;22,3;7;5,4;37;33;35;281;7,7;3,6;
2019/06/05;1900 UTC;0;963,6;963,8;963,6;1469,6;22,3;5,8;23,1;22,2;7,2;5,5;37;33;35;319;7,4;3,1;
2019/06/05;2000 UTC;0;963,9;963,9;963,6;458;20,5;7,5;22,4;20,5;7,6;6,3;43;35;43;304;5,7;1,9;
2019/06/05;2100 UTC;0;963,9;964;963,8;25,3;18,5;8,1;20,4;18,5;8,3;7,5;51;43;51;300;3,6;1,4;
2019/06/05;2200 UTC;0;964,2;964,2;963,8;;16,2;8,3;18,5;16;8,4;7,9;60;50;60;3;2,4;,1;
2019/06/05;2300 UTC;0;964,5;964,5;964,2;;15;9,3;16,2;14,9;9,7;8,3;69;60;69;350;2;,5;
2019/06/06;0000 UTC;0;964,5;964,6;964,4;;14,2;9,7;15;14,1;9,8;9,3;74;69;74;354;2,4;,5;
2019/06/06;0100 UTC;0;964,7;964,8;964,5;;12,9;9,9;14,2;12,9;9,9;9,4;82;74;82;348;2,2;,8;
2019/06/06;0200 UTC;0;964,6;964,9;964,6;;12,3;10,2;13,3;12,2;10,6;9,8;87;82;87;349;2,8;,7;
2019/06/06;0300 UTC;0;964,7;964,7;964,6;;12;10,3;12,4;11,8;10,4;9,9;90;86;89;346;2,5;1,8;
2019/06/06;0400 UTC;0;964,6;964,7;964,5;;12,8;10,9;12,9;11,8;11,2;10;91;88;89;325;4,5;2,5;
2019/06/06;0500 UTC;0;964,2;964,6;964,2;;11,6;10,4;12,9;11,4;11,1;10,1;93;88;93;351;4,4;1,6;
2019/06/06;0600 UTC;0;963,8;964,2;963,8;;11,8;10,5;12,3;11,6;11,2;10,5;93;91;92;333;4,2;2,4;
2019/06/06;0700 UTC;0;963,6;963,9;963,6;;11,3;10,2;11,8;11,2;10,7;10,1;94;92;93;331;3,8;2,1;
2019/06/06;0800 UTC;0;963,7;963,7;963,6;;11;10,1;11,4;10,9;10,4;9,9;94;93;94;331;3,9;2,3;
2019/06/06;0900 UTC;0;964,1;964,1;963,7;;10,8;10;11;10,6;10,1;9,7;94;94;94;333;3,9;2,5;
2019/06/06;1000 UTC;0;964,7;964,7;964,1;2,4;10,8;9,7;11;10,7;10,1;9,7;94;93;93;322;4,4;3;
2019/06/06;1100 UTC;0;965;965;964,7;301,6;12,4;10,8;12,4;10,7;10,8;9,6;93;90;90;321;4,2;1,2;
2019/06/06;1200 UTC;0;965,4;965,4;965;1199,3;15,6;12,5;15,6;12,4;13;10,8;90;82;82;324;4,3;2,1;
2019/06/06;1300 UTC;0;965,3;965,5;965,3;1907,6;17,8;12;17,8;15,6;12,7;11,7;82;69;69;308;7,7;3,4;
2019/06/06;1400 UTC;0;964,8;965,3;964,8;2423,2;20,7;11,3;20,8;17,8;13,3;11,2;71;54;55;298;7,5;3,2;
2019/06/06;1500 UTC;0;963,9;964,8;963,9;2712,4;22,7;10,1;22,8;20,6;12,2;10,1;57;45;45;320;7,6;2,9;
2019/06/06;1600 UTC;0;962,7;963,9;962,7;2733,5;24;8,3;24,1;22,4;10,6;7,2;47;34;37;268;6,2;1,8;
2019/06/06;1700 UTC;0;961,9;962,7;961,9;2531,6;24,4;7;24,8;23,9;8,5;5,8;37;30;33;222;6,3;1,5;
2019/06/06;1800 UTC;0;961,6;961,9;961,5;2093,7;24,7;7,1;25,2;24,3;8,5;5,7;36;30;32;248;5,9;1,3;
2019/06/06;1900 UTC;0;961,3;961,6;961,2;1439,6;24,6;7,5;24,9;24,2;8,8;6,5;37;32;34;276;3,9;1;
2019/06/06;2000 UTC;0;961,2;961,3;961,2;474,3;22,1;9,6;24,7;22,1;9,7;7;45;33;45;302;2,7;,6;
2019/06/06;2100 UTC;0;961,4;961,4;961,2;26,3;19,7;9,1;22,1;19,7;9,6;8,8;51;43;51;9;1,4;,1;
2019/06/06;2200 UTC;0;961,8;961,8;961,4;;18,7;9,4;20,3;18,7;9,6;9,1;54;49;54;356;1,8;,4;
2019/06/06;2300 UTC;0;961,9;962;961,8;;17,4;9,6;18,7;17,3;9,6;9,2;60;54;60;358;2,2;,6;
2019/06/07;0000 UTC;0;962,2;962,2;961,9;;15,4;10,4;17,6;15,4;10,7;9,6;72;60;72;8;1,9;0;
2019/06/07;0100 UTC;0;962,3;962,4;962,2;;13,9;9,9;15,5;13,8;10,4;9,7;77;71;77;331;2,4;1,3;
2019/06/07;0200 UTC;0;962,3;962,4;962,2;;13,6;9,4;14,4;13,6;10,1;9,3;77;74;76;347;2,9;,1;
2019/06/07;0300 UTC;0;962,2;962,3;962,1;;13;9,3;13,6;13;9,8;9,2;79;76;78;326;1,9;,1;
2019/06/07;0400 UTC;0;962,1;962,2;962;;12,8;9,4;12,9;12,4;9,5;9,1;81;78;80;315;1,5;0;
2019/06/07;0500 UTC;0;962,1;962,2;962,1;;12,6;9,1;12,9;12,6;9,4;9,1;80;79;79;316;2,9;1,3;
2019/06/07;0600 UTC;0;961,9;962,2;961,9;;12,2;9;12,6;12,2;9,2;9;81;79;81;313;2,5;1,2;
2019/06/07;0700 UTC;0;961,7;962;961,7;;12,1;9;12,5;12;9,3;8,9;82;80;82;310;2,6;1,2;
2019/06/07;0800 UTC;0;962;962;961,7;;11,4;8,6;12,1;11,2;9,1;8,5;85;82;83;321;2,5;,3;
2019/06/07;0900 UTC;0;962,4;962,4;961,9;;10,7;8,7;11,5;10,7;9;8,6;87;83;87;343;1,8;0;
2019/06/07;1000 UTC;0;963;963;962,4;1,7;10,6;8,7;11,1;10,5;9;8,6;89;86;88;345;,9;,1;
2019/06/07;1100 UTC;0;963,6;963,6;963;291,6;12,2;9,9;12,2;10,5;10;8,6;89;86;86;337;1,3;,1;
2019/06/07;1200 UTC;0;964,3;964,3;963,6;1145,8;15,6;11,9;15,7;12,2;12,2;9,9;87;78;79;344;2;,1;
2019/06/07;1300 UTC;0;964,4;964,6;964,2;1849;20,1;12,4;20,1;15,6;13;11,6;80;61;61;285;4,7;1,6;
2019/06/07;1400 UTC;0;964;964,4;964;2377,5;23;12,4;23;20,2;13,2;11,3;63;49;51;232;4,8;1,6;
2019/06/07;1500 UTC;0;963,3;964;963,3;2661,7;24,9;11,2;25,1;23;12,6;10,2;51;40;42;232;4,9;1,4;
2019/06/07;1600 UTC;0;962,6;963,3;962,6;2678;25,8;10,7;26,3;24,5;11,7;9,2;43;35;39;229;4,6;1;
2019/06/07;1700 UTC;0;962,2;962,7;962,1;2461,1;26,7;8,9;27;25,7;10,8;8,2;39;31;33;153;5,1;1,4;
2019/06/07;1800 UTC;0;961,7;962,2;961,7;2043,1;26,3;7,9;26,9;26,2;9,7;7,4;34;30;31;131;5,6;1,7;
2019/06/07;1900 UTC;0;961,5;961,7;961,5;1400,6;25,8;8,1;26,5;25,8;9;7,1;34;30;33;68;4,2;1;
2019/06/07;2000 UTC;0;961,4;961,7;961,4;472,7;23;9,4;25,8;23;10,4;7,8;44;32;42;66;3,5;0;
2019/06/07;2100 UTC;0;961,7;961,7;961,3;21,9;21,2;8,8;23,2;21,2;10;8,5;45;40;45;81;,9;0;
2019/06/07;2200 UTC;0;962;962;961,7;;19,9;10;21,2;19,9;10;8,8;53;45;53;349;0;0;
2019/06/07;2300 UTC;0;962,4;962,4;962;;19,3;9,6;20,7;19,3;10,1;9,4;54;49;53;17;,4;0;
2019/06/08;0000 UTC;0;962,3;962,5;962,3;;18;9,9;19,7;18;10,8;9,6;61;53;59;286;1,7;,5;
2019/06/08;0100 UTC;0;962,3;962,3;962,2;;15,8;11;19,2;15,8;11;9,5;73;53;73;283;2,9;,9;
2019/06/08;0200 UTC;0;962,5;962,5;962,3;;13,7;10,9;16,3;13,7;11,4;10,6;83;71;83;14;2,6;0;
2019/06/08;0300 UTC;0;962,4;962,5;962,3;;13;10,1;14,2;13;11;10,1;84;81;83;4;2,3;,4;
2019/06/08;0400 UTC;0;962,1;962,4;962,1;;12,6;10;13,2;12,6;10,6;10;85;83;84;350;1,6;0;
2019/06/08;0500 UTC;0;962;962,2;962;;12,3;10;12,6;12,2;10,1;9,8;86;84;86;320;1,8;,9;
2019/06/08;0600 UTC;0;961,8;962;961,8;;11,6;9,8;12,3;11,5;10,2;9,7;89;86;89;310;2,7;1,3;
2019/06/08;0700 UTC;0;961,8;961,8;961,7;;11,6;9,9;11,8;11;9,9;9,2;90;87;90;311;3;1,8;
2019/06/08;0800 UTC;0;961,9;962;961,8;;10,9;9,1;12;10,9;10;9,1;90;87;89;338;2,5;1,2;
2019/06/08;0900 UTC;0;962,1;962,3;961,9;;11;9,5;11;10,4;9,6;8,8;92;89;90;318;2,4;1,5;
2019/06/08;1000 UTC;0;963,1;963,1;962,1;;10,7;9,5;11;10,3;9,5;8,9;92;89;92;346;2,4;0;
2019/06/08;1100 UTC;0;964;964;963,1;219,4;12;10,4;12;10,6;10,5;9,2;92;90;90;306;1,5;0;
2019/06/08;1200 UTC;0;964,4;964,4;964;914,5;13,8;11,6;14,4;12;11,9;10,4;90;82;87;351;2;,8;
2019/06/08;1300 UTC;0;964,8;964,8;964,3;1168,3;16,4;12,9;16,4;13,8;12,9;11,4;88;77;80;359;2,5;,3;
2019/06/08;1400 UTC;0;964,6;964,8;964,6;1338,4;18,5;12,8;18,5;16,4;12,8;11,8;80;67;69;146;2,4;0;
2019/06/08;1500 UTC;0;963,8;964,7;963,8;2287,4;23,1;11;23,7;18,4;14,3;10,7;73;45;47;249;2,8;1,2;
2019/06/08;1600 UTC;0;963;963,8;963;2604,9;24,4;8,5;25;23;12,4;7,5;51;34;36;302;2,9;,3;
2019/06/08;1700 UTC;0;962,1;963;962,1;2496,6;25,8;7,7;25,9;23,8;8,8;6,1;38;29;32;228;3,7;,3;
2019/06/08;1800 UTC;0;961,4;962,1;961,4;2084,7;25,1;7,4;26,3;25,1;8,9;6,7;35;30;32;358;3,8;1,9;
2019/06/08;1900 UTC;0;961,2;961,5;961,2;1449,7;25;6;25,4;25;8,3;4,7;34;27;30;348;3,6;1,5;
2019/06/08;2000 UTC;0;961,4;961,4;961,1;490,7;22,4;8,3;25,2;22,4;8,7;4,8;41;27;40;6;2,3;0;
2019/06/08;2100 UTC;0;962,1;962,1;961,4;26,1;20,4;8,5;22,4;20,4;8,8;7,1;46;38;46;66;1,4;,7;
2019/06/08;2200 UTC;0;962,4;962,4;962,1;;19,6;8,4;20,5;19,5;8,8;8,3;49;46;49;59;2,9;,9;
2019/06/08;2300 UTC;0;963;963;962,4;;18,6;9,3;19,8;18,4;9,5;8,4;55;48;55;347;2,6;,7;
2019/06/09;0000 UTC;0;963,4;963,4;963;;16,3;10,1;18,6;16,3;10,2;9,1;67;55;67;322;2,5;1,7;
2019/06/09;0100 UTC;0;963,8;963,8;963,4;;15,6;10,4;16,3;15,6;10,5;10,1;71;67;71;327;3;1,2;
2019/06/09;0200 UTC;0;963,8;963,9;963,8;;14,3;10,3;15,6;14,3;10,7;10,1;77;71;77;343;2,7;,4;
2019/06/09;0300 UTC;0;963,5;963,9;963,5;;13,5;10,4;14,3;13,4;10,6;10,1;82;77;82;312;1,9;0;
2019/06/09;0400 UTC;0;963,4;963,6;963,4;;12,8;10,3;13,7;12,7;10,6;10;85;81;85;349;1,2;0;
2019/06/09;0500 UTC;0;963,4;963,4;963,3;;11,8;10,5;12,8;11,8;10,6;9,6;92;84;92;4;1,6;0;
2019/06/09;0600 UTC;0;962,9;963,4;962,9;;11,6;9,9;11,9;11,6;10,7;9,9;92;89;90;356;2,4;,4;
2019/06/09;0700 UTC;0;962,9;963;962,9;;10,4;9,1;11,6;10,4;9,9;9;91;88;91;360;2,5;1,3;
2019/06/09;0800 UTC;0;963,2;963,3;962,9;;10,5;9,5;10,6;10,1;9,6;9;94;91;94;347;2,1;0;
2019/06/09;0900 UTC;0;963,5;963,5;963,2;;11,1;8,6;11,3;10,4;9,7;8,6;94;85;85;294;1,8;,9;
2019/06/09;1000 UTC;0;964,4;964,4;963,5;,7;10,5;8,3;11,3;10,5;8,8;8,3;87;84;86;314;1,8;,1;
2019/06/09;1100 UTC;0;965;965;964,4;279,4;11,2;9,6;11,2;9,8;9,8;7,8;92;86;90;345;1,3;0;
2019/06/09;1200 UTC;0;965,9;965,9;965;1131,9;14,2;10,9;14,2;11,2;10,9;9,7;90;80;80;348;3,1;1,8;
2019/06/09;1300 UTC;0;966,1;966,2;965,9;1838,9;17,8;12;17,9;14,2;12,7;10,5;81;69;69;349;4,9;2,6;
2019/06/09;1400 UTC;0;965,5;966,1;965,5;2359;21,2;12,8;21,4;17,8;13,3;11,7;71;57;59;341;5,4;2,7;
2019/06/09;1500 UTC;0;964,6;965,5;964,6;2647,3;24,3;11,4;24,3;20,9;13,8;10,6;62;43;44;301;6,8;3,3;
2019/06/09;1600 UTC;0;963,7;964,6;963,7;2661,5;25,3;11,4;25,5;24,1;11,7;9,1;45;38;42;319;7,8;3,1;
2019/06/09;1700 UTC;0;962,8;963,7;962,8;2495;25,6;7,9;25,6;24,7;10,7;7,8;42;32;33;314;8,4;3,9;
2019/06/09;1800 UTC;0;962,3;962,8;962,3;2075;25,4;8,3;25,7;25,2;8,4;6,5;34;30;34;316;7,9;3,6;
2019/06/09;1900 UTC;0;962,1;962,3;962,1;1429,8;24,9;9,1;26;24,9;9,3;7,4;37;31;37;332;6,5;3,3;
2019/06/09;2000 UTC;0;962,2;962,2;962;464,9;22,8;9,8;24,9;22,8;9,9;9,1;44;37;44;335;5,7;2,1;
2019/06/09;2100 UTC;0;962,4;962,4;962,2;30,3;20,6;9,9;22,9;20,6;10,1;9,6;51;43;50;310;3,8;2,2;
2019/06/09;2200 UTC;0;962,7;962,7;962,4;;18,3;11,1;20,7;18,3;11,3;9,9;63;50;63;4;3,5;1,1;
2019/06/09;2300 UTC;0;963,1;963,1;962,7;;16,5;11;18,3;16,5;11,2;10,8;70;63;70;349;3,2;,6;
2019/06/10;0000 UTC;0;963,4;963,4;963,1;;15,6;11;16,5;15;11;10,8;76;70;74;325;2,9;1,6;
2019/06/10;0100 UTC;0;963,7;963,7;963,4;;14,4;10,5;15,9;14,3;11;10,3;77;72;77;332;3,1;1,7;
2019/06/10;0200 UTC;0;964;964;963,6;;13,7;10,3;15;13,6;10,8;10;80;75;80;342;3,7;1,6;
2019/06/10;0300 UTC;0;964;964;963,9;;13,1;10,1;14;12,9;10,4;9,9;83;79;82;340;3,8;2,1;
2019/06/10;0400 UTC;0;964,2;964,2;964;;12,5;9;13,1;12,5;10;9;83;79;79;348;3,4;1,5;
2019/06/10;0500 UTC;0;964,1;964,3;964,1;;12,2;9;12,5;12;9,2;8,8;82;79;81;360;2,3;1,4;
2019/06/10;0600 UTC;0;963,7;964,1;963,7;;10,9;9;12,2;10,8;9;8,5;88;81;88;335;3,6;2;
2019/06/10;0700 UTC;0;963,6;963,7;963,5;;11,8;9,5;12,2;11;9,9;9,3;88;83;86;328;4,8;2,9;
2019/06/10;0800 UTC;0;963,6;963,7;963,6;;11,9;9,8;11,9;11,3;9,8;9,1;88;85;86;328;4,9;3,4;
2019/06/10;0900 UTC;0;964,1;964,1;963,6;;11,8;9,5;12;11,8;9,8;9,5;87;85;86;323;5;2,9;
2019/06/10;1000 UTC;0;964,7;964,7;964,1;,5;11,7;9,5;12;11,6;9,8;9,5;87;86;87;326;4,3;2,8;
2019/06/10;1100 UTC;0;965,1;965,1;964,7;279,7;13,4;10,8;13,4;11,6;10,8;9,5;87;84;84;334;4,1;2,1;
2019/06/10;1200 UTC;0;965,6;965,6;965,1;1147,1;17,7;11,8;17,7;13,5;12,6;10,8;84;68;68;310;5,7;3,2;
2019/06/10;1300 UTC;0;965,8;965,8;965,5;1845,7;20,9;12,2;20,9;17,7;12,4;11,5;69;57;58;302;6,4;3,1;
2019/06/10;1400 UTC;0;965;965,7;965;2365,3;23,2;11;23,2;20,8;12,6;10,6;58;46;46;298;7,7;3,9;
2019/06/10;1500 UTC;0;964,3;965;964,3;2651,9;24,4;10,1;24,7;23;11,7;9,8;47;40;40;281;7,2;3,3;
2019/06/10;1600 UTC;0;963,2;964,3;963,2;2661,4;25,3;9,7;25,4;24,2;11,1;9,2;43;37;37;290;6,2;2,7;
2019/06/10;1700 UTC;0;962,3;963,2;962,3;2408,2;25,5;9,4;25,8;24,9;11;8,2;40;34;36;281;6,2;2,3;
2019/06/10;1800 UTC;0;961,9;962,3;961,9;2014,6;26,1;8,2;26,6;25,2;9,9;8;37;32;32;273;5,1;1,5;
2019/06/10;1900 UTC;0;961,5;961,9;961,5;1391,8;25,7;7,9;26,5;25,7;8,7;7,3;34;30;32;288;5,1;,7;
2019/06/10;2000 UTC;0;961,8;961,8;961,5;496,1;23,4;10,4;25,7;23,4;10,4;7,7;44;32;44;14;3,4;,7;
2019/06/10;2100 UTC;0;962;962;961,8;28,2;21,2;9,7;23,4;21,2;10,5;9,1;48;43;48;22;1,5;0;
2019/06/10;2200 UTC;0;962,4;962,4;962;;20,4;9,3;21,2;20,3;9,9;9,3;50;48;49;22;0;0;
2019/06/10;2300 UTC;0;962,9;962,9;962,4;;19,1;9,5;20,5;19,1;9,6;9;54;49;54;10;1;0;
2019/06/11;0000 UTC;0;963,3;963,4;962,8;;17;10,7;19,1;17;10,7;9,5;67;54;67;18;1,7;,1;
2019/06/11;0100 UTC;0;963,4;963,5;963,3;;15,3;11,6;17,1;15,3;11,6;10,8;79;67;79;15;2;,2;
2019/06/11;0200 UTC;0;963,4;963,4;963,2;;16,1;10,5;16,5;15,3;11,7;10,3;79;67;69;339;1,9;,6;
2019/06/11;0300 UTC;0;963,2;963,4;963,1;;14,6;10,4;16,2;14,5;10,6;10,3;77;69;76;345;1,9;0;
2019/06/11;0400 UTC;0;962,9;963,2;962,9;;13,5;10,3;14,6;13,5;10,4;10,2;81;76;81;29;,8;0;
2019/06/11;0500 UTC;0;962,8;963;962,8;;13,1;10,5;13,5;13,1;10,7;10,3;84;81;84;18;0;0;
2019/06/11;0600 UTC;0;962,6;962,8;962,5;;12,5;10,4;13,3;12,5;10,6;10,2;87;84;87;331;1,7;,1;
2019/06/11;0700 UTC;0;962,3;962,6;962,3;;11,9;10,3;12,5;11,9;10,4;10,2;90;87;90;5;1,7;0;
2019/06/11;0800 UTC;0;962,4;962,4;962,2;;11,7;10,1;11,9;11,5;10,5;9,9;91;90;90;330;1,6;1;
2019/06/11;0900 UTC;0;962,8;962,8;962,4;;11,5;9,7;11,9;11,5;10,1;9,7;90;88;89;343;2;,3;
2019/06/11;1000 UTC;0;963,4;963,4;962,8;1,3;11,4;9,9;11,6;11,2;9,9;9,6;90;89;90;328;1,5;,1;
2019/06/11;1100 UTC;0;964,1;964,1;963,4;272,2;13,4;11;13,4;11,4;11;9,7;90;85;85;8;1,9;0;
2019/06/11;1200 UTC;0;964,8;964,8;964,1;1083,5;16;12,3;16;13,4;12,3;10,9;85;76;79;351;2,5;1,4;
2019/06/11;1300 UTC;0;964,9;965;964,8;1760,3;20,1;13;20,1;16;13,1;11,8;79;61;64;339;2,8;,7;
2019/06/11;1400 UTC;0;964,5;964,9;964,5;2253,7;24,3;12,3;24,4;20,1;13,5;12;64;47;47;263;5,3;2,2;
2019/06/11;1500 UTC;0;963,8;964,5;963,8;2538,1;27,2;12,4;27,2;24,2;13,7;11,3;50;38;40;227;4,9;1,3;
2019/06/11;1600 UTC;0;962,7;963,8;962,7;2552,6;27,2;10,6;27,6;26,4;12,3;10,3;41;34;35;202;5,1;1,8;
2019/06/11;1700 UTC;0;961,8;962,7;961,8;2373,3;27,9;10,7;28,3;27;11,8;9,6;38;32;34;224;4,2;1,4;
2019/06/11;1800 UTC;0;961,1;961,8;961,1;1957,4;27,7;11,3;28,5;27,3;11,7;9,7;37;32;36;279;4,2;1,2;
2019/06/11;1900 UTC;0;960,8;961,1;960,8;1351,3;27,3;10,6;27,9;27,2;11,3;9,6;38;32;35;287;4;1;
2019/06/11;2000 UTC;0;960,8;960,8;960,7;506;24,5;12,9;27,6;24,5;13;9,9;48;33;48;258;2,3;0;
2019/06/11;2100 UTC;0;961;961,1;960,8;31,8;23,6;11,4;24,5;23,6;12,9;11,4;49;45;46;313;2,5;1,1;
2019/06/11;2200 UTC;0;961,5;961,5;961;;21,4;11,2;23,6;21,4;11,5;11,2;52;46;52;323;2,5;0;
2019/06/11;2300 UTC;0;962;962;961,5;;20,6;11;21,9;20,6;11,3;10,7;54;50;54;15;,8;0;
2019/06/12;0000 UTC;0;962,4;962,4;962;;19,2;12,6;20,8;19,2;12,7;11;66;54;66;321;2,2;1,3;
2019/06/12;0100 UTC;0;962,5;962,6;962,4;;18;12;19,2;18;12,8;11,9;70;66;68;352;4,1;,3;
2019/06/12;0200 UTC;0;962,6;962,7;962,5;;16,3;12,1;18,3;16,3;12,4;11,9;76;68;76;352;2,9;1,3;
2019/06/12;0300 UTC;0;962,5;962,6;962,5;;16,3;11,7;17,1;16,1;12,4;11,7;77;73;74;338;3,4;,6;
2019/06/12;0400 UTC;0;962,4;962,5;962,2;;16,1;12,3;16,3;15,2;12,5;11,8;81;75;78;301;4,7;2,1;
2019/06/12;0500 UTC;0;962,2;962,4;962,2;;15,2;12;16,1;14,4;12,2;11,8;84;78;81;343;3,6;,6;
2019/06/12;0600 UTC;0;962,2;962,2;962,1;;14,1;11,8;15,2;13,7;12;11,4;88;81;86;344;1,5;0;
2019/06/12;0700 UTC;0;962;962,2;961,9;;14,4;11,5;14,5;13,7;11,8;11,5;88;82;83;327;1,5;,1;
2019/06/12;0800 UTC;0;962;962,1;962;;13,8;11,2;14,4;13,4;11,5;11,1;86;83;84;289;2,3;1,5;
2019/06/12;0900 UTC;0;962,5;962,5;961,9;;13,2;10,9;13,8;13,2;11,3;10,9;86;84;86;335;2,2;0;
2019/06/12;1000 UTC;0;963;963;962,5;1,9;13,5;10,9;13,6;13;11,1;10,6;87;84;84;351;1,9;,2;
2019/06/12;1100 UTC;0;963,7;963,8;963;283,1;15,6;12,4;15,7;13,5;12,5;10,9;84;81;81;314;2,6;,7;
2019/06/12;1200 UTC;0;964,4;964,4;963,7;1083,3;17,7;13,9;17,7;15,2;13,9;12,1;82;78;79;351;2,4;1,5;
2019/06/12;1300 UTC;0;964,8;964,8;964,4;1734,7;21,8;14,5;21,8;17,7;14,5;13;79;62;64;296;4,1;2;
2019/06/12;1400 UTC;0;964,3;964,8;964,3;2252,5;24,5;14,4;24,5;21,8;14,8;13,7;64;53;53;279;4,1;1,6;
2019/06/12;1500 UTC;0;963,5;964,3;963,5;2539,5;27,3;14,1;27,3;24,5;15,1;13,4;54;43;44;236;4,9;,9;
2019/06/12;1600 UTC;0;962,6;963,5;962,6;2563,1;27,4;10,6;28,4;26,7;14,2;10,6;45;34;35;230;4,6;1,5;
2019/06/12;1700 UTC;0;962;962,6;961,9;1838;28,3;11,2;28,5;26,5;12,2;10,4;40;33;35;161;4,6;,4;
2019/06/12;1800 UTC;0;961,3;962;961,3;1241,3;27,1;10,2;28,8;26,8;13,7;9,6;43;32;35;313;3,1;,1;
2019/06/12;1900 UTC;0;961,3;961,3;961,1;1198,6;28;9,5;28,8;26,5;12,6;9,3;42;30;31;241;3,2;,6;
2019/06/12;2000 UTC;0;961,5;961,5;961,2;310;25,5;11,8;28;25,1;12,5;9,8;46;31;43;269;2,4;,9;
2019/06/12;2100 UTC;0;961,8;961,8;961,5;45,4;24,5;10,1;25,5;24,4;13,1;10,1;49;40;40;273;2,2;1,2;
2019/06/12;2200 UTC;0;962,4;962,4;961,8;;22,8;10,1;24,7;22,8;10,1;9,6;44;39;44;4;2,2;0;
2019/06/12;2300 UTC;0;962,7;962,7;962,4;;21;13,1;22,9;21;13,1;10,1;60;44;60;313;2,1;1;
2019/06/13;0000 UTC;0;962,8;962,8;962,7;;20,5;12,3;21,5;20,2;13,1;12,3;61;57;59;341;2,2;,5;
2019/06/13;0100 UTC;0;963,1;963,1;962,8;;18,7;13;20,5;18,7;13,1;12,3;69;59;69;329;2,7;1,3;
2019/06/13;0200 UTC;0;963;963,2;963;;17,4;12,5;18,7;17,3;12,9;12,5;75;69;73;340;2,1;,7;
2019/06/13;0300 UTC;0;962,8;963,1;962,7;;17,1;12,1;17,8;17,1;12,5;11,9;73;69;72;323;2,8;1,4;
2019/06/13;0400 UTC;0;963;963;962,8;;16,2;12,4;17,1;16,2;12,5;12;78;72;78;318;4,1;,8;
2019/06/13;0500 UTC;0;963;963,1;963;;15,6;12,1;16,7;15,1;12,6;12;84;77;79;329;3,9;1,2;
2019/06/13;0600 UTC;0;962,8;963,1;962,8;;14,7;11,8;15,6;14,7;12,1;11,8;83;79;83;327;2,4;1,4;
2019/06/13;0700 UTC;0;963;963;962,8;;15;12;15,8;14,7;12,2;11,8;83;79;82;330;2;,2;
2019/06/13;0800 UTC;0;963,1;963,1;962,9;;15,2;12,2;15,4;14,3;12,4;11,6;86;81;82;306;2,6;1,8;
2019/06/13;0900 UTC;0;963,4;963,4;963;;13,8;11,7;15,2;13,8;12,2;11,6;87;82;87;338;2,7;0;
2019/06/13;1000 UTC;0;964,1;964,1;963,4;2,3;13,9;11,9;14,5;13,8;12,2;11,7;88;85;88;326;2;,1;
2019/06/13;1100 UTC;0;964,7;964,7;964,1;286,7;16,2;13,3;16,3;13,9;13,4;11,9;88;82;83;324;1,5;,2;
2019/06/13;1200 UTC;0;965,4;965,4;964,7;1085,1;18,6;14,3;18,6;16,1;14,7;13;83;76;76;345;2,2;1,2;
2019/06/13;1300 UTC;0;965,4;965,5;965,3;1766,3;21,8;15,2;21,9;18,4;15,4;13,9;76;65;66;3;2,6;1,1;
2019/06/13;1400 UTC;0;965;965,4;965;2262,8;25,9;16,3;25,9;21,8;16,9;15,1;66;54;55;257;4,7;2,4;
2019/06/13;1500 UTC;0;964,3;965;964,3;2530;28,1;15,7;28,2;25,9;16,4;14,9;55;45;47;257;6,7;2,5;
2019/06/13;1600 UTC;0;963;964,3;963;2445,5;29,1;13,7;29,5;28,1;15,8;13,7;48;39;39;213;6,6;1,5;
2019/06/13;1700 UTC;0;962;963;962;2079,1;29,5;12,7;29,9;28,4;14,8;12;42;34;36;185;6,4;,8;
2019/06/13;1800 UTC;0;961,4;962;961,4;2198,2;30,1;11,5;30,4;29,5;13,7;11,1;37;31;32;226;6;1,6;
2019/06/13;1900 UTC;0;961,1;961,4;961,1;1359,8;28,6;11,1;30,1;28,6;12,7;11;37;31;34;248;6;1,3;
2019/06/13;2000 UTC;0;961,1;961,1;961;593,8;26,9;13,8;29,1;26,9;14;10,8;45;32;45;61;4;0;
2019/06/13;2100 UTC;0;961,2;961,2;961,1;54,8;24,4;13;26,9;24,4;14,4;13;51;45;49;288;,5;0;
2019/06/13;2200 UTC;0;961,7;961,7;961,2;;25,6;12,5;25,8;23,6;13,5;12,5;52;44;44;277;1,6;,6;
2019/06/13;2300 UTC;0;962,3;962,3;961,7;;23,1;13,8;25,6;23,1;13,9;12,5;56;44;56;38;1,6;0;
2019/06/14;0000 UTC;0;962,9;962,9;962,3;;22,2;14,4;23,2;22,2;14,4;13,9;61;56;61;352;,6;0;
2019/06/14;0100 UTC;0;963,3;963,3;962,9;;21,6;14,6;22,4;21,5;14,7;14,3;65;60;64;347;2,3;1,1;
2019/06/14;0200 UTC;0;963,3;963,4;963,2;;21;14,5;21,9;20,9;14,8;14,4;67;64;67;351;2,2;,9;
2019/06/14;0300 UTC;0;963,4;963,4;963,2;;19,3;14,9;21;18,7;15,3;14,3;79;67;76;335;2,8;,8;
2019/06/14;0400 UTC;0;963;963,4;963;;17,5;14,4;19,5;17,5;15,1;14,2;83;75;82;237;2,5;,1;
2019/06/14;0500 UTC;0;962,8;963;962,8;;17,3;14,4;17,9;17;15;14;85;81;83;301;2,1;,9;
2019/06/14;0600 UTC;0;962,8;962,8;962,7;;17,6;14,4;17,8;17,2;14,7;14,1;84;81;81;329;2,1;1,2;
2019/06/14;0700 UTC;0;962,7;962,8;962,7;;17,7;14,3;17,8;17,3;14,5;14,1;82;80;81;307;2,4;1,4;
2019/06/14;0800 UTC;0;962,8;962,8;962,7;;17,6;14,3;17,8;17,3;14,3;14,1;82;80;81;317;2,7;1,3;
2019/06/14;0900 UTC;0;963,1;963,1;962,7;;16,7;14,2;17,7;16,6;14,3;14;85;81;85;306;2,7;,4;
2019/06/14;1000 UTC;0;963,9;963,9;963,1;;16,5;14,2;16,9;16,3;14,4;13,8;86;84;86;325;2,5;1,4;
2019/06/14;1100 UTC;0;964,9;964,9;963,9;259;18,9;15,5;19,1;16,5;15,5;14,1;86;79;81;313;2,5;1;
2019/06/14;1200 UTC;0;965,6;965,6;964,9;1093,8;20,8;16,3;20,8;18,9;16,4;15,3;81;75;75;343;2,3;1,1;
2019/06/14;1300 UTC;0;965,8;965,9;965,5;1774,4;24,5;16,3;24,5;20,8;16,7;15,7;76;60;60;287;4,2;1,9;
2019/06/14;1400 UTC;0;965,5;965,8;965,5;2269,1;27,8;15,9;27,8;24,2;16,9;15,6;61;48;48;259;4,6;1,5;
2019/06/14;1500 UTC;0;964,5;965,5;964,5;2557,9;29,1;12,5;29,2;27,3;15;11,9;48;35;36;263;6,6;2,6;
2019/06/14;1600 UTC;0;963,4;964,5;963,4;2582,8;29,7;10,8;30;28,9;12,9;9,7;37;29;31;263;5,7;1,9;
2019/06/14;1700 UTC;0;962,6;963,4;962,6;2140,4;28;10,2;30,1;28;11,7;9,7;33;29;33;272;5,8;1,9;
2019/06/14;1800 UTC;0;962;962,6;962;2002,2;30;9,7;30,5;27,7;11,4;8,6;35;26;28;285;5,3;1,5;
2019/06/14;1900 UTC;0;961,7;962;961,7;1345;29,4;10,7;30,1;28,9;11;8,8;33;27;31;259;3,6;,3;
2019/06/14;2000 UTC;0;961,7;961,7;961,6;360,8;27,2;10,8;29,4;27,2;12,1;9,9;38;30;36;282;2,1;,2;
2019/06/14;2100 UTC;0;962,1;962,1;961,7;28,2;25,4;10,1;27,2;25,4;11,2;9,8;38;35;38;293;2,3;,9;
2019/06/14;2200 UTC;0;962,6;962,6;962,1;;23;10,2;25,4;23;10,5;9,9;44;38;44;16;2,6;0;
2019/06/14;2300 UTC;0;963,3;963,4;962,6;;21,3;11,3;23,4;21,3;11,4;10,3;53;44;53;328;2;,3;
2019/06/15;0000 UTC;0;963,7;963,7;963,3;;19,3;12,2;21,4;19,3;12,2;11,4;63;53;63;358;2,3;0;
2019/06/15;0100 UTC;0;963,9;964;963,7;;18,9;11,9;19,9;18,9;12,6;11,7;65;60;64;308;3,3;,4;
2019/06/15;0200 UTC;0;964;964,1;963,9;;17,2;11,9;18,9;17,2;12;11,6;71;64;71;359;3,1;0;
2019/06/15;0300 UTC;0;963,7;964;963,7;;17,3;12;17,4;16,8;12,2;11,8;73;71;71;317;3;,6;
2019/06/15;0400 UTC;0;963,6;963,7;963,6;;16,3;11,8;17,3;16,3;12;11,7;75;71;75;325;2,4;,1;
2019/06/15;0500 UTC;0;963,3;963,6;963,3;;15,5;11,3;16,5;15,5;11,9;11,3;76;73;76;340;2;0;
2019/06/15;0600 UTC;0;963,1;963,3;963,1;;14,9;11,3;15,5;14,9;11,6;11,3;79;76;79;16;1,8;,1;
2019/06/15;0700 UTC;0;963;963,1;962,9;;15;11,2;15,2;14,6;11,6;11,1;80;77;78;7;1,6;,1;
2019/06/15;0800 UTC;0;963,1;963,2;962,9;;14,8;10,9;15,4;14,6;11,3;10,7;78;75;77;337;2,1;,3;
2019/06/15;0900 UTC;0;963,5;963,5;963,1;;14,6;10,7;15,1;14,5;11;10,6;78;76;78;351;2,2;,3;
2019/06/15;1000 UTC;0;964,1;964,1;963,5;;14,6;10,7;15,1;14,4;11;10,5;78;75;78;354;3;,8;
2019/06/15;1100 UTC;0;964,9;964,9;964,1;263,3;15,5;11,8;15,5;14,5;11,9;10,6;80;77;79;347;3;,4;
2019/06/15;1200 UTC;0;965,7;965,8;964,9;1117,2;18,6;12,9;18,6;15,4;13;11,8;80;68;69;332;3,2;1,8;
2019/06/15;1300 UTC;0;965,7;965,9;965,6;1783,9;23,1;13,5;23,2;18,5;14,1;12,5;70;52;55;309;4,8;2,3;
2019/06/15;1400 UTC;0;965,4;965,8;965,3;2278,1;26,2;14;26,2;22,3;14,2;12,9;58;46;47;289;4,9;1,6;
2019/06/15;1500 UTC;0;964,4;965,4;964,4;2547,1;27,9;12,1;27,9;25,9;14,6;12,1;48;37;38;263;5,4;1,9;
2019/06/15;1600 UTC;0;963,1;964,4;963,1;2578,1;28,4;10,7;29,2;27,6;12,8;9,1;39;29;33;256;5,8;1,4;
2019/06/15;1700 UTC;0;962,3;963,1;962,3;2393,6;28,5;10,2;29,1;28,1;10,9;9,3;34;30;32;250;5;2,2;
2019/06/15;1800 UTC;0;961,6;962,4;961,6;1988,8;28,9;9,4;29,8;28,5;12,1;8,8;34;28;30;242;4,9;1,1;
2019/06/15;1900 UTC;0;961,5;961,6;961,5;1313,4;27,8;10,1;29;27,8;10,5;8,4;34;28;33;251;4,7;1,7;
2019/06/15;2000 UTC;0;961,6;961,6;961,5;469,2;25,8;11,9;28,3;25,6;12,9;9,6;45;31;42;263;3,4;0;
2019/06/15;2100 UTC;0;962;962;961,6;36;23,9;9,9;26,1;23,9;11,7;9,5;43;36;41;25;1,7;,3;
2019/06/15;2200 UTC;0;962,5;962,5;962;;22,9;11,1;23,9;22,8;11,1;9,9;47;41;47;354;1,4;,2;
2019/06/15;2300 UTC;0;962,9;962,9;962,5;;21,7;11,1;23,2;21,6;11,4;10,8;51;47;51;19;1,8;0;
2019/06/16;0000 UTC;0;963,5;963,5;962,9;;21,3;11,8;22,1;20,9;11,8;10,8;55;49;55;290;2,3;1,4;
2019/06/16;0100 UTC;0;964,2;964,2;963,5;;18,8;12,4;21,3;18,8;12,4;11,5;66;55;66;326;2,3;,6;
2019/06/16;0200 UTC;0;964,4;964,5;964,2;;18;12,5;19,4;18;12,7;12,5;70;64;70;336;2,1;0;
2019/06/16;0300 UTC;0;964,3;964,5;964,3;;16,6;12,1;18;16,4;12,6;12,1;77;70;75;275;1,3;0;
2019/06/16;0400 UTC;0;964,3;964,4;964,3;;15,7;12;17,3;15,7;12,1;11,6;79;70;79;13;1,1;0;
2019/06/16;0500 UTC;0;964,2;964,3;964,2;;14,6;11,4;15,7;14,6;12,3;11,4;82;79;81;354;2,4;1,4;
2019/06/16;0600 UTC;0;964;964,2;964;;14,4;11,5;14,5;14,1;11,6;11,2;84;81;83;349;2,3;1,1;
2019/06/16;0700 UTC;0;963,9;964;963,9;;13,5;11,1;14,4;13,5;11,6;10,9;85;83;85;350;1,5;,1;
2019/06/16;0800 UTC;0;964;964,1;963,9;;13,5;11,1;13,7;13,3;11,3;11,1;86;84;85;336;1,9;,6;
2019/06/16;0900 UTC;0;964,5;964,5;964;;12,9;11;13,5;12,9;11,2;10,8;88;85;88;345;2;0;
2019/06/16;1000 UTC;0;965;965;964,5;0;13,3;11,2;13,3;12,4;11,3;10,7;90;87;87;291;1,4;,3;
2019/06/16;1100 UTC;0;965,8;965,8;965;273,5;15;12,4;15;13,2;12,4;11,1;87;83;85;335;2,5;,1;
2019/06/16;1200 UTC;0;966,6;966,6;965,8;1098,1;17,9;13,2;17,9;15;13,8;12,4;85;74;74;353;2,1;1,3;
2019/06/16;1300 UTC;0;967;967;966,6;1748,8;21,2;13,2;21,2;17,8;14;12,9;75;60;60;344;2,1;1,3;
2019/06/16;1400 UTC;0;966,7;967;966,7;2249,6;24,5;13,3;24,6;21,1;14,2;12,8;61;49;50;12;2,5;,9;
2019/06/16;1500 UTC;0;965,7;966,7;965,7;2535,3;27,7;11,7;27,9;24,5;14,9;11,2;52;37;37;286;4;1,4;
2019/06/16;1600 UTC;0;964,6;965,7;964,6;2571,7;28;10,3;28,5;27,5;12,4;9,5;39;31;33;37;4;1,4;
2019/06/16;1700 UTC;0;963,8;964,6;963,8;2373,7;28,4;9,5;29,1;27,9;11,1;8,9;34;29;31;12;4,5;1;
2019/06/16;1800 UTC;0;963,2;963,8;963,2;1979,9;28,3;9,4;28,8;28;10,9;8,5;33;29;31;51;3,9;1,7;
2019/06/16;1900 UTC;0;963;963,2;962,9;1378,6;27,7;9,6;28,5;27,7;9,8;8,4;32;29;32;35;3,9;2;
2019/06/16;2000 UTC;0;963;963;962,8;540,7;26;10,3;27,7;25,9;10,4;9;38;31;37;75;3,3;,9;
2019/06/16;2100 UTC;0;963,2;963,2;963;28,5;23,7;10,4;26;23,5;10,8;10;44;37;43;86;2,4;,9;
2019/06/16;2200 UTC;0;963,5;963,5;963,2;;22,4;10,2;24,5;22,4;10,5;10;46;40;46;62;2;0;
2019/06/16;2300 UTC;0;964;964;963,5;;20,6;11,6;23;20,4;11,7;9,9;56;44;56;355;2,5;0;
2019/06/17;0000 UTC;0;964,3;964,3;964;;19,8;11,3;20,6;19,4;11,8;11,3;61;56;58;353;1,8;0;
2019/06/17;0100 UTC;0;964,6;964,6;964,3;;18,6;11,6;19,8;18,2;11,6;11,2;64;58;64;346;1,8;,8;
2019/06/17;0200 UTC;0;964,7;964,7;964,6;;17,7;11,2;18,6;17,7;11,5;11,1;66;63;66;335;1,8;,2;
2019/06/17;0300 UTC;0;964,6;964,8;964,6;;15,8;11,4;17,7;15,8;11,5;11,2;75;66;75;28;1,8;0;
2019/06/17;0400 UTC;0;964,3;964,6;964,3;;16,1;11,5;16,6;15,8;11,8;11,4;76;73;74;328;1,4;,1;
2019/06/17;0500 UTC;0;964,1;964,3;964,1;;14,9;12;16,1;14,7;12;11,3;83;74;83;13;,7;,2;
2019/06/17;0600 UTC;0;963,9;964,1;963,9;;14,6;13;14,9;13,3;13,3;11,8;93;83;90;24;1,9;0;
2019/06/17;0700 UTC;0;963,5;963,9;963,5;;13,4;12;15;13,4;12,9;12;91;86;91;20;,7;0;
2019/06/17;0800 UTC;0;963,5;963,6;963,4;;14;11,7;14;13,3;12,2;11,2;92;86;86;260;3,6;2,6;
2019/06/17;0900 UTC;0;964;964;963,5;;12,8;11;14,6;12,8;11,8;11;89;82;89;31;3,3;0;
2019/06/17;1000 UTC;0;964,4;964,4;964;;13,5;11,2;13,6;12,8;11,5;11;90;86;86;14;,9;0;
2019/06/17;1100 UTC;0;965,2;965,2;964,4;184,6;14,6;12,5;14,6;13,1;12,5;10,9;88;86;87;320;1,7;0;
2019/06/17;1200 UTC;0;965,8;965,8;965,2;577,2;16;13;16;14,6;13,3;12,5;87;82;82;343;1,6;,2;
2019/06/17;1300 UTC;0;966,2;966,2;965,8;1091,4;19,3;13,5;19,3;16;14,4;12,9;83;69;69;335;1,8;,7;
2019/06/17;1400 UTC;0;965,8;966,2;965,8;1982,8;22,6;13,7;22,6;19,2;14,1;13,1;70;57;57;359;3,1;1,6;
2019/06/17;1500 UTC;0;965;965,8;965;2509;25;11,9;25,3;22,6;14,2;11,5;58;43;44;235;2,8;1;
2019/06/17;1600 UTC;0;964;965;964;2543,8;26,7;10,4;27;25;13,1;10,2;46;36;36;287;3,1;,8;
2019/06/17;1700 UTC;0;963,1;964;963,1;2662,9;26,6;9,2;27,6;26,6;11,5;8,8;39;32;33;11;4,2;2,3;
2019/06/17;1800 UTC;0;962,5;963,1;962,5;1945,4;26,6;10,8;27,9;25,8;11,2;9,7;39;33;37;3;5;2;
2019/06/17;1900 UTC;0;962,2;962,5;962,2;1136,1;25,5;11;27,1;25,5;11,4;9,4;41;34;40;347;4,1;1,4;
2019/06/17;2000 UTC;0;962;962,2;961,9;262,5;24,2;11,3;25,5;23,7;12,1;10,3;47;39;44;7;3,1;0;
2019/06/17;2100 UTC;0;962,1;962,1;961,9;57,5;22,4;10,6;24,3;22,4;11,9;10,6;48;43;47;294;2,6;1,8;
2019/06/17;2200 UTC;0;962,3;962,3;962,1;;21,1;11;22,4;21,1;11;10,5;53;47;53;283;3,4;1,3;
2019/06/17;2300 UTC;0;962,5;962,6;962,3;;18,9;11,7;21,2;18,8;11,7;11;63;53;63;346;3,4;0;
2019/06/18;0000 UTC;0;962,9;962,9;962,5;;18;11,5;19;18;11,8;11,4;66;63;66;5;1;0;
2019/06/18;0100 UTC;0;962,9;963;962,9;;16,9;12,1;18;16,9;12,1;11,3;73;66;73;1;1,2;0;
2019/06/18;0200 UTC;0;963;963,1;962,9;;16,2;12,3;17;16,1;12,5;12,1;79;73;78;311;2,5;,7;
2019/06/18;0300 UTC;0;963;963,1;962,9;;15,8;11,4;16,4;15,8;12,3;11,3;78;73;75;316;3,1;1,3;
2019/06/18;0400 UTC;0;962,8;963;962,8;;15,1;11,4;15,8;14,9;11,4;11,1;78;75;78;348;2,3;,3;
2019/06/18;0500 UTC;0;962,4;962,9;962,4;;15;11,4;15,3;14,5;11,5;11;81;78;79;360;1,5;0;
2019/06/18;0600 UTC;0;962;962,4;962;;13,7;10,5;15;13,7;11,4;10,5;81;78;81;327;2,8;1,2;
2019/06/18;0700 UTC;0;961,7;962;961,7;;13,7;10,8;14,3;13,6;11;10,5;83;80;82;309;3,5;2;
2019/06/18;0800 UTC;0;961,7;961,7;961,6;;13,2;10,6;13,8;13,2;10,8;10,5;84;82;84;308;3,6;2;
2019/06/18;0900 UTC;0;962,1;962,1;961,6;;12,8;10,6;13,2;12,1;10,6;10,1;88;84;87;327;2,7;1,2;
2019/06/18;1000 UTC;0;962,7;962,7;962,1;;11,5;10,1;13;11,4;10,6;9,8;91;85;91;321;1,8;,9;
2019/06/18;1100 UTC;0;963,5;963,5;962,7;268,2;13,3;11;13,5;11,4;11,4;9,8;91;86;86;16;1,9;,1;
2019/06/18;1200 UTC;0;964,1;964,1;963,5;988,7;16,7;12,7;16,7;13,3;12,7;11;86;77;78;344;2,7;,8;
2019/06/18;1300 UTC;0;964,4;964,5;964,1;1748,3;19,7;12,8;19,7;16,7;13,3;12,1;78;64;65;2;3,2;1,4;
2019/06/18;1400 UTC;0;963,9;964,4;963,9;2227,3;24,2;13,6;24,2;19,6;14,2;12,5;66;50;52;282;3,3;1,6;
2019/06/18;1500 UTC;0;963,1;963,9;963,1;2525,7;26,3;13,1;26,3;23,9;14,1;12,4;52;42;44;312;4;1,5;
2019/06/18;1600 UTC;0;961,9;963,1;961,9;2525,8;27,3;11,7;27,5;25,7;13,4;10,8;46;37;38;101;4,3;1,4;
2019/06/18;1700 UTC;0;961;961,9;960,9;2386,1;28,6;10,3;29;26,9;12;9,5;39;32;32;174;8,4;2,6;
2019/06/18;1800 UTC;0;960,4;961;960,4;1639,9;26,6;10,6;28,6;26,6;11,3;9,6;37;32;37;115;6,5;2,1;
2019/06/18;1900 UTC;0;960,2;960,4;960,2;1414,6;27,2;10,8;28,4;26,5;11,9;10,2;39;32;36;102;5;1,1;
2019/06/18;2000 UTC;0;960,2;960,3;960,1;486,7;25,2;11,7;27,5;25,2;12;10,7;43;36;43;92;3,6;,5;
2019/06/18;2100 UTC;0;960,6;960,6;960,2;31,1;23,1;11,3;25,2;22,7;12;11,2;48;43;48;88;1,6;,1;
2019/06/18;2200 UTC;0;961,1;961,1;960,6;;22,1;11,3;23,6;22,1;11,4;11;50;46;50;40;1,5;0;
2019/06/18;2300 UTC;0;961,5;961,5;961,1;;22,4;11,5;22,4;21,3;11,7;11,2;53;50;50;343;,9;0;
2019/06/19;0000 UTC;0;961,5;961,5;961,4;;20,3;12;22,4;19,3;12,4;11;62;50;59;304;1,7;,3;
2019/06/19;0100 UTC;0;962,3;962,3;961,5;;18,4;11,9;20,5;18,4;12,3;11,8;66;59;66;340;1,6;,5;
2019/06/19;0200 UTC;0;962,3;962,4;962,2;;18,2;12,7;19,3;17,7;12,8;11,9;72;64;70;10;2,2;0;
2019/06/19;0300 UTC;0;962;962,3;962;;16,5;12,4;18,2;16,5;12,7;12,4;77;70;76;333;2,7;1,6;
2019/06/19;0400 UTC;0;962;962,1;961,9;;16,1;12,8;16,6;15,4;12,8;12;81;76;81;261;3,2;,1;
2019/06/19;0500 UTC;0;961,7;962;961,7;;14,1;11,7;16,3;14,1;12,8;11,7;85;79;85;352;2,2;,2;
2019/06/19;0600 UTC;0;961,4;961,7;961,3;;15,2;12,1;15,5;13,4;12,7;11,5;91;82;82;314;3,4;1,7;
2019/06/19;0700 UTC;0;961,4;961,5;961,3;;13;11,3;15,2;13;12,1;11,3;90;82;90;339;2,8;0;
2019/06/19;0800 UTC;0;961,4;961,4;961,3;;12,7;11,5;13,6;12,5;12,3;10,7;93;88;93;350;1,9;0;
2019/06/19;0900 UTC;0;961,9;961,9;961,4;;12,2;11,2;12,8;12;11,7;11;94;93;94;346;2,2;,3;
2019/06/19;1000 UTC;0;962,6;962,6;961,8;2,1;12,7;11,6;12,9;12,1;11,9;11,1;94;93;93;348;2;,2;
2019/06/19;1100 UTC;0;963,3;963,3;962,6;171,5;14,4;13,1;14,4;12,6;13,1;11,5;93;92;92;288;2;,4;
2019/06/19;1200 UTC;0;964,1;964,1;963,3;395,7;15,8;13,5;15,9;14,4;13,8;13,1;92;85;87;334;2,1;,9;
2019/06/19;1300 UTC;0;964,2;964,3;964;868,4;19,6;13,9;19,6;15,7;14,6;13,4;87;69;70;289;2,4;1,2;
2019/06/19;1400 UTC;0;963,9;964,3;963,9;2213,3;23,5;13,6;23,6;19,6;14,9;13,3;71;54;54;265;3,5;1,5;
2019/06/19;1500 UTC;0;963,3;963,9;963,3;2491,6;27;12,8;27,1;23,4;14,8;11,8;56;40;42;195;3,5;,4;
2019/06/19;1600 UTC;0;962,5;963,3;962,5;2501,8;27,9;11;28,3;26,9;13,1;10,1;42;32;35;143;4,3;1,2;
2019/06/19;1700 UTC;0;961,9;962,5;961,8;2112,6;27,8;10,9;28,2;27,4;11,3;9,7;36;32;35;126;6,8;2,5;
2019/06/19;1800 UTC;0;961,5;961,9;961,5;1567,4;27,4;10,8;27,8;27,2;11,2;10,2;37;34;36;110;6,2;2,9;
2019/06/19;1900 UTC;0;961,4;961,5;961,4;1276,4;27,6;10,7;28,3;27,4;11,7;10,2;37;33;35;164;6;2,2;
2019/06/19;2000 UTC;0;961,6;961,6;961,4;517,5;25,5;11,9;27,7;25,5;12,1;10,4;43;35;43;170;5,1;1,3;
2019/06/19;2100 UTC;0;961,9;961,9;961,6;48,2;23,2;12,4;25,5;23,2;12,7;12;51;43;51;168;3;1,1;
2019/06/19;2200 UTC;0;962,2;962,2;961,9;;23,2;12,1;23,3;22,7;12,6;12;53;50;50;170;2,2;,5;
2019/06/19;2300 UTC;0;962,4;962,4;962,2;;23,5;11,4;23,9;23,1;12,1;11,3;50;46;47;140;2,3;,8;
2019/06/20;0000 UTC;0;962,5;962,5;962,4;;21;12,2;23,5;20,8;12,3;11,4;58;47;57;129;2,1;0;
2019/06/20;0100 UTC;0;962,8;962,8;962,5;;19;12,6;21,4;19;12,9;11,9;66;56;66;5;0;0;
2019/06/20;0200 UTC;0;963,1;963,1;962,8;;17,1;12,9;19,1;15,8;13,1;11,6;83;66;76;319;3,7;0;
2019/06/20;0300 UTC;0;963;963,1;963;;17;12,7;18,5;16,5;13,1;12;77;69;76;311;,8;0;
2019/06/20;0400 UTC;0;962,7;963;962,7;;15,9;12,4;17,2;15,6;12,7;11,9;80;74;80;268;2,3;1;
2019/06/20;0500 UTC;0;962,4;962,6;962,4;;14,7;12,1;15,9;14,6;12,4;12;85;80;84;336;2,8;,6;
2019/06/20;0600 UTC;0;962,2;962,4;962,1;;13,8;11,9;14,7;13,7;12,1;11,7;88;84;88;332;1,9;1;
2019/06/20;0700 UTC;0;962,3;962,3;962,2;;14;11,6;14,1;12,9;12,2;11,2;91;86;86;303;2,2;,6;
2019/06/20;0800 UTC;0;962,7;962,7;962,3;;12,3;10,9;14;12,1;11,7;10,6;92;86;91;319;2,4;,5;
2019/06/20;0900 UTC;0;963;963;962,7;;13,5;11,4;13,6;12,3;11,7;10,9;92;87;87;274;2,9;2;
2019/06/20;1000 UTC;0;963,7;963,7;963;;13,1;11,2;13,7;13;11,5;10,9;89;86;88;286;2,9;,3;
2019/06/20;1100 UTC;0;964,7;964,7;963,7;235,3;14,3;12,2;14,3;13;12,2;11,1;89;87;87;344;2,2;,2;
2019/06/20;1200 UTC;0;965,5;965,5;964,7;1010;18,5;13,6;18,5;14,3;14,3;12,1;87;73;73;317;1,8;,4;
2019/06/20;1300 UTC;0;966;966;965,5;1683,9;21,4;14;21,6;18,5;14,7;13,1;74;61;63;358;2,7;,4;
2019/06/20;1400 UTC;0;965,7;966,1;965,7;2189,2;24;13,3;24;21,1;14,6;13,1;65;51;51;358;3,2;1,2;
2019/06/20;1500 UTC;0;965,2;965,7;965,2;2482,3;26,3;12,3;26,6;23,7;13,8;11,8;52;40;42;355;4,8;2,1;
2019/06/20;1600 UTC;0;964,4;965,2;964,4;2507,7;27,6;11,9;27,6;26;13,1;11,7;44;38;38;17;5;1,7;
2019/06/20;1700 UTC;0;963,7;964,4;963,7;2320,5;28,5;11,9;28,7;27,2;12,4;10,7;39;33;36;350;5,2;1,9;
2019/06/20;1800 UTC;0;963,1;963,7;963,1;1927,8;28,5;12;28,9;28;12,6;10,9;38;34;36;318;4,8;,8;
2019/06/20;1900 UTC;0;963;963,1;963;1328,7;28,4;11,5;29,1;28,1;12,8;10,8;38;33;35;2;3,3;1;
2019/06/20;2000 UTC;0;963,2;963,2;963;535,2;26,4;12;28,4;26,4;12;10,7;41;33;41;345;3,3;1,1;
2019/06/20;2100 UTC;0;963,6;963,7;963,2;32,8;23,3;12,3;26,4;23,3;12,3;11,7;50;41;50;45;2,8;0;
2019/06/20;2200 UTC;0;963,9;963,9;963,6;;22;12,3;23,5;22;12,9;12,3;54;50;54;13;2,5;,3;
2019/06/20;2300 UTC;0;964,4;964,4;963,9;;20,8;13;22;20,6;13;12,3;61;54;61;312;3,2;1,5;
2019/06/21;0000 UTC;0;964,7;964,8;964,4;;19;13,1;20,8;19;13,1;12,8;69;61;69;357;3;1;
2019/06/21;0100 UTC;0;965,3;965,3;964,7;;18,1;13,2;19,1;17,9;13,2;12,9;73;68;73;325;3;,5;
2019/06/21;0200 UTC;0;965,8;965,8;965,3;;16,8;12,9;18,5;16,7;13,3;12,8;78;71;78;353;3,9;1,4;
2019/06/21;0300 UTC;0;965,9;965,9;965,8;;16,5;13,6;16,9;16,3;13,9;12,8;84;77;83;342;2,6;1,7;
2019/06/21;0400 UTC;0;965,6;965,9;965,6;;16,2;13,9;17;16;14,3;13,5;87;82;86;357;3,4;,8;
2019/06/21;0500 UTC;0;965,6;965,8;965,6;;15;13,4;16,2;14,9;14;13,4;91;86;91;4;2,6;1,1;
2019/06/21;0600 UTC;0;965,5;965,6;965,5;;15,6;14,1;15,6;14,8;14,2;13,4;92;91;91;15;2,4;1,7;
2019/06/21;0700 UTC;0;965,5;965,6;965,4;;15,4;14;15,6;14,9;14,1;13,6;92;90;92;11;4,2;2,7;
2019/06/21;0800 UTC;0;965,4;965,5;965,3;;14,4;13,2;15,4;14,4;14;13,2;93;91;93;355;4,2;1,4;
2019/06/21;0900 UTC;0;965,9;965,9;965,4;;14;13;14,4;13,8;13,2;12,8;94;93;94;354;2,4;1,1;
2019/06/21;1000 UTC;0;966,8;966,8;965,9;;13,9;13;14,2;13,7;13,3;12,8;94;94;94;343;2;0;
2019/06/21;1100 UTC;0;967,6;967,6;966,8;241;15,3;14,4;15,3;13,9;14,4;13;94;94;94;4;1,5;,3;
2019/06/21;1200 UTC;0;968,4;968,4;967,6;1037,9;17,4;14,8;17,4;15,3;14,9;14,3;94;84;85;357;4;2,2;
2019/06/21;1300 UTC;0;968,4;968,5;968,4;1706,2;20,6;14,8;20,6;17,3;15,4;14,6;85;69;69;346;6,8;3,6;
2019/06/21;1400 UTC;0;968,1;968,4;968;2200,4;23,8;14,9;23,8;20,3;15,8;14,4;71;57;58;336;5,8;2,5;
2019/06/21;1500 UTC;0;967,3;968,1;967,3;2475,8;25,5;14,3;25,6;23,8;15,5;13,9;58;49;50;316;6,2;2,2;
2019/06/21;1600 UTC;0;966,2;967,3;966,2;2532,4;27,3;12,6;27,5;25,5;14,8;11,9;51;39;40;293;7,8;2,9;
2019/06/21;1700 UTC;0;965,7;966,2;965,6;2612,2;26,9;11,8;28,7;26,9;13,7;11,4;42;35;39;325;6,5;2,4;
2019/06/21;1800 UTC;0;965,4;965,7;965,4;1721,1;27,2;11;28,5;26,2;12,9;10,2;42;33;36;319;5,5;2;
2019/06/21;1900 UTC;0;965,2;965,4;965,1;1318,4;26,9;9,9;27,8;26,9;11,1;9,2;36;31;34;306;6,2;2,8;
2019/06/21;2000 UTC;0;965,3;965,3;965,1;498,9;24,9;11,1;26,9;24,9;11,1;9,6;42;34;42;296;5,6;2,2;
2019/06/21;2100 UTC;0;965,9;965,9;965,3;33,1;21,9;12,6;24,9;21,8;12,6;11;56;42;56;30;3,5;,4;
2019/06/21;2200 UTC;0;966,3;966,3;965,9;;20,7;13,8;21,9;20,7;13,9;12,8;64;56;64;7;3,6;1,2;
2019/06/21;2300 UTC;0;966,7;966,7;966,3;;19,3;13,2;20,7;19,2;13,8;13,1;68;64;68;353;2,6;1,2;
2019/06/22;0000 UTC;0;967,1;967,1;966,7;;17,8;12,5;19,3;17,8;13,2;12,4;71;68;71;339;2,2;1,2;
2019/06/22;0100 UTC;0;967,5;967,5;967,1;;16,8;12,2;17,8;16,8;12,5;12,1;74;71;74;338;2,8;1,5;
2019/06/22;0200 UTC;0;967,9;967,9;967,5;;15,8;12,2;17,3;15,8;12,7;12;80;73;79;342;3;1;
2019/06/22;0300 UTC;0;967,9;968;967,9;;15,7;12,4;16,6;15,7;12,9;12,2;81;77;81;359;3;1,3;
2019/06/22;0400 UTC;0;967,6;967,9;967,6;;15,1;12,4;15,7;15;12,5;12,2;84;80;84;2;2,4;,9;
2019/06/22;0500 UTC;0;967,2;967,6;967,2;;15,1;12,6;15,4;15,1;12,8;12,4;86;84;85;354;1,7;0;
2019/06/22;0600 UTC;0;966,8;967,2;966,8;;13,7;12,3;15,1;13,6;12,7;12,1;91;85;91;355;1,4;,5;
2019/06/22;0700 UTC;0;966,8;966,8;966,7;;13;11,9;13,7;13;12,3;11,9;94;91;94;3;1,5;,6;
2019/06/22;0800 UTC;0;966,8;966,9;966,8;;13,1;12,2;13,2;12,8;12,3;11,8;94;94;94;8;1,8;,2;
2019/06/22;0900 UTC;0;967,3;967,3;966,8;;13,2;12,4;13,2;12,9;12,4;12;95;94;95;353;1,6;0;
2019/06/22;1000 UTC;0;967,7;967,7;967,3;;12,4;11,5;13,2;12,4;12,3;11,5;95;95;95;343;1,4;0;
2019/06/22;1100 UTC;,2;968,4;968,4;967,7;217,7;13,4;12,6;13,4;12,3;12,6;11,4;95;95;95;343;1,1;0;
2019/06/22;1200 UTC;0;969,2;969,2;968,4;1008,7;16,6;14,5;16,6;13,4;14,7;12,6;95;87;87;344;2,6;1,4;
2019/06/22;1300 UTC;0;969,2;969,3;969,1;1661,5;20,4;14,2;20,5;16,6;15,3;14,1;87;67;68;306;4,9;3,1;
2019/06/22;1400 UTC;0;968,8;969,2;968,8;2178,1;23,9;14,9;23,9;20,4;15,3;14,4;69;57;57;288;5,1;1,9;
2019/06/22;1500 UTC;0;967,8;968,8;967,8;2485,7;25,9;13;26;23,9;15,2;12,9;58;45;45;278;5,8;2,5;
2019/06/22;1600 UTC;0;966,9;967,8;966,9;2257,8;26,6;10,4;27,6;25,1;13,4;8,9;46;33;36;269;6,2;2,2;
2019/06/22;1700 UTC;0;966,4;967;966,4;2305;27,2;9,3;27,7;26,1;11,6;9,3;39;32;33;288;5,9;1,7;
2019/06/22;1800 UTC;0;965,9;966,4;965,9;1865,2;26,5;9,9;27,5;26,5;10,3;8,9;35;32;35;265;5,1;1;
2019/06/22;1900 UTC;0;965,8;965,9;965,8;1444,7;26,6;9,5;27,4;26,1;10,6;9,4;38;33;34;330;4,7;1,8;
2019/06/22;2000 UTC;0;965,9;965,9;965,7;550,7;24,5;10,6;26,8;24,5;10,6;9,6;41;34;41;329;3,7;1,1;
2019/06/22;2100 UTC;0;965,8;966;965,8;44;22,6;11;24,5;22,6;11,9;10,7;49;42;48;324;2,4;,9;
2019/06/22;2200 UTC;0;965,7;965,8;965,7;;21,1;11,3;22,6;21,1;11,4;11;54;48;54;3;1,8;0;
2019/06/22;2300 UTC;0;965,9;965,9;965,7;;20;11,3;21,5;19,9;11,6;11;57;52;57;15;1,3;,1;
2019/06/23;0000 UTC;0;966,4;966,4;965,9;;19,3;12,1;20,5;19,2;12,1;11,4;63;56;63;2;2;0;
2019/06/23;0100 UTC;0;966,7;966,7;966,4;;17,9;12,1;19,5;17,9;12,3;11,8;69;62;69;10;2,2;,7;
2019/06/23;0200 UTC;0;966,8;966,9;966,7;;18;12,2;18,3;17,3;12,4;12,1;72;68;69;302;2,2;,2;
2019/06/23;0300 UTC;0;966,7;966,8;966,7;;17,5;12,5;18;17;12,6;12,1;74;69;73;336;1,8;,2;
2019/06/23;0400 UTC;0;966,4;966,7;966,4;;17,2;12,8;17,5;16,9;12,8;12,3;75;72;75;324;2,8;1,2;
2019/06/23;0500 UTC;0;965,9;966,4;965,9;;17;12,4;17,5;16,8;12,8;12,3;76;74;75;303;2,7;1;
2019/06/23;0600 UTC;0;965,1;965,9;965,1;;15,8;12,3;17,1;15,8;12,5;12,1;79;74;79;331;2,4;0;
2019/06/23;0700 UTC;0;964,5;965,1;964,5;;14,4;12,1;15,8;14,3;12,4;11,8;86;80;86;352;1;0;
2019/06/23;0800 UTC;0;964,6;964,6;964,5;;14,7;12;14,8;14,1;12,4;11,7;87;84;84;308;1,9;1,4;
2019/06/23;0900 UTC;0;965,1;965,1;964,6;;14,4;11,9;15;14,4;12,2;11,8;85;83;85;333;2,1;1,5;
2019/06/23;1000 UTC;0;965,9;965,9;965,1;;13,5;11,7;14,4;12,9;12;11,2;91;85;89;333;2,8;1,6;
2019/06/23;1100 UTC;0;966,2;966,2;965,9;235,7;15,2;12,3;15,2;13,4;12,4;11,5;89;83;83;318;2,7;1,4;
2019/06/23;1200 UTC;0;966,6;966,6;966,2;1032,3;17,8;13,4;17,9;15,2;13,6;12,3;84;76;76;340;2,9;1,3;
2019/06/23;1300 UTC;0;966,6;966,8;966,6;1701,7;21,9;12,6;21,9;17,5;13,9;12,6;76;56;56;311;2,7;1,3;
2019/06/23;1400 UTC;0;966,2;966,6;966,2;2198,9;24,4;12,9;24,7;21,7;13,1;12,1;56;47;49;243;3,9;1,6;
2019/06/23;1500 UTC;0;965,3;966,2;965,3;2459,4;26,3;9,5;27;24,3;13;9,4;49;34;35;209;5,5;1,7;
2019/06/23;1600 UTC;0;964,3;965,3;964,3;2501,1;27,2;9,2;28,1;26,1;10,1;8,9;36;31;32;239;5,2;1,4;
2019/06/23;1700 UTC;0;963,4;964,3;963,3;2333,7;27,3;9,5;28,2;26,8;10,5;8,9;35;31;33;235;5,7;2,2;
2019/06/23;1800 UTC;0;962,8;963,4;962,7;1967,9;27,3;8,8;28;26,9;10;8,5;34;30;31;227;5,3;2,3;
2019/06/23;1900 UTC;0;962,4;962,8;962,3;1348,5;27,2;9;27,8;26,8;9,9;8,5;33;30;32;190;8,2;,9;
2019/06/23;2000 UTC;0;962,1;962,4;962,1;554,6;24,6;10,6;27,2;24,5;11,1;8,8;43;32;42;274;3,3;,1;
2019/06/23;2100 UTC;0;962;962,1;962;36,1;22,5;10,1;24,6;22,5;11,3;10,1;47;42;45;233;1,7;0;
2019/06/23;2200 UTC;0;961,9;962;961,9;;20,8;10,3;22,6;20,8;10,4;10,1;51;45;51;120;1,2;0;
2019/06/23;2300 UTC;0;962;962,1;961,9;;19,9;10,5;21,2;19,7;10,6;10,3;55;50;54;162;,4;0;
2019/06/24;0000 UTC;0;962;962,1;962;;18,8;10,5;20,1;18,8;10,9;10,4;58;54;58;226;2,1;,1;
2019/06/24;0100 UTC;0;962;962,1;961,9;;16,9;10,9;19,3;16,9;11,1;10,5;68;58;68;95;3,4;0;
2019/06/24;0200 UTC;0;961,9;962;961,9;;14,7;10,8;17;14,7;11,1;10,5;77;67;77;276;2,7;,3;
2019/06/24;0300 UTC;0;961,6;961,9;961,6;;14,8;10,9;16,3;14,7;11,5;10,9;78;72;77;322;2,5;0;
2019/06/24;0400 UTC;0;961,8;961,8;961,6;;13,9;10,9;14,8;13,8;11,3;10,9;83;77;82;349;2,6;,1;
2019/06/24;0500 UTC;0;961,6;961,9;961,6;;14;11,1;14;13,6;11,1;10,7;84;82;83;335;2;0;
2019/06/24;0600 UTC;0;961;961,6;961;;12,9;10,6;14,2;12,8;11,1;10,3;86;80;86;341;2,3;,1;
2019/06/24;0700 UTC;0;960,5;961;960,5;;12,5;10,4;12,9;12,4;10,7;9,9;88;85;87;318;2,1;,7;
2019/06/24;0800 UTC;0;960,7;960,7;960,4;;12,2;10,2;12,8;12;10,6;9,8;89;85;88;320;2,9;1,9;
2019/06/24;0900 UTC;0;961,2;961,2;960,7;;11,8;10;12,4;11,7;10,4;9,8;89;86;89;338;3,2;,3;
2019/06/24;1000 UTC;0;961,9;961,9;961,2;;11,7;10;12,1;11,5;10,2;9,6;89;88;89;339;3,2;,6;
2019/06/24;1100 UTC;0;962,6;962,6;961,9;239,9;12,7;10,7;12,7;11,7;10,7;9,8;89;87;88;349;3,1;1,2;
2019/06/24;1200 UTC;0;962,9;963;962,6;1073;16;12,1;16,1;12,7;12,5;10,8;88;77;78;339;2,4;1,3;
2019/06/24;1300 UTC;0;962,8;963,1;962,8;1740;21,1;13,6;21,1;16;13,6;12;78;62;62;320;2,8;1,2;
2019/06/24;1400 UTC;0;962,2;962,8;962,2;2244;24,3;13;24,3;21,1;13,7;12;62;49;49;232;4;1,8;
2019/06/24;1500 UTC;0;961,1;962,2;961,1;2522;27,4;10,2;27,4;24,2;13,2;9,2;49;33;34;194;5,9;2,2;
2019/06/24;1600 UTC;0;959,9;961,1;959,9;2540,8;27,6;9,3;28,1;27;10,3;9,2;35;31;32;169;7,7;2,5;
2019/06/24;1700 UTC;0;958,8;959,9;958,8;2351,9;28,5;9,9;28,7;27,6;10,4;9,2;34;31;31;174;8,2;3,3;
2019/06/24;1800 UTC;0;958,3;958,8;958,3;1967,4;28,6;9;28,8;28;9,9;8,4;32;29;29;208;7,6;1,3;
2019/06/24;1900 UTC;0;957,8;958,3;957,8;1371,6;27,8;9,1;28,6;27,7;9,6;8,7;31;29;31;197;6,6;1,9;
2019/06/24;2000 UTC;0;957,8;957,9;957,8;563,4;25,4;9,9;27,9;25,4;9,9;8,7;38;31;38;187;5,7;1,7;
2019/06/24;2100 UTC;0;957,9;957,9;957,8;28,7;22,7;10,4;25,4;22,3;10,4;9,9;47;38;46;160;3,5;0;
2019/06/24;2200 UTC;0;958,2;958,2;957,8;;21,4;10,1;23,2;21,3;10,6;9,9;49;44;49;188;1,9;,4;
2019/06/24;2300 UTC;0;958,4;958,4;958,1;;20,4;10,4;21,7;20,4;10,5;10;52;48;52;67;1,9;0;
2019/06/25;0000 UTC;0;958,5;958,5;958,4;;18,8;11,1;20,6;18,7;11,2;10,4;61;53;61;270;1,7;0;
2019/06/25;0100 UTC;0;958,6;958,6;958,5;;18,7;11,1;18,9;18,1;11,1;11;63;60;61;233;3,6;,7;
2019/06/25;0200 UTC;0;958,4;958,6;958,3;;17,2;11;19;17,2;11,3;10,9;67;61;67;191;4,3;,8;
2019/06/25;0300 UTC;0;958,3;958,4;958,3;;15,3;11;18,2;15,3;11,5;10,8;76;64;75;273;4,3;0;
2019/06/25;0400 UTC;0;958,2;958,4;958,2;;14,5;11;16,2;14,4;11,6;10,7;80;73;80;258;2,6;,9;
2019/06/25;0500 UTC;0;957,8;958,3;957,7;;15,4;11,5;15,4;14,1;11,8;10,9;82;77;78;251;3,7;1,9;
2019/06/25;0600 UTC;0;957,2;957,8;957,2;;14,6;11,1;15,4;14,4;11,5;10,8;81;76;80;224;3,9;,9;
2019/06/25;0700 UTC;0;956,7;957,2;956,6;;15,1;11,1;15,6;14,3;11,4;10,7;80;75;77;247;4,1;2,1;
2019/06/25;0800 UTC;0;956,4;956,8;956,4;;12,8;10,3;15,1;12,8;11,2;10,3;85;77;85;332;4,1;1;
2019/06/25;0900 UTC;0;956,6;956,6;956,4;;13,2;10,7;13,5;12,8;11;10,4;87;84;85;271;3,1;1,1;
2019/06/25;1000 UTC;0;957;957;956,6;;12,1;10,4;13,2;12;10,8;9,9;89;84;89;356;2,6;0;
2019/06/25;1100 UTC;0;957,6;957,6;957;233,2;14,6;11,8;14,6;12,1;11,9;10;89;83;83;18;,6;0;
2019/06/25;1200 UTC;0;958,4;958,4;957,6;1061,7;19,1;14,2;19,1;14,4;14,2;11,4;83;73;73;325;1,6;,1;
2019/06/25;1300 UTC;0;958,9;959;958,4;1717,3;24,3;13,6;24,3;19,2;14,3;13,3;73;51;51;221;4;,9;
2019/06/25;1400 UTC;0;958,2;958,9;958,2;2201,3;27,7;13;27,8;24;14,4;12,5;52;39;40;207;6,2;1,6;
2019/06/25;1500 UTC;0;957,7;958,3;957,7;2494,7;29,9;10,3;30,1;27,4;13,4;9,8;41;29;30;188;9,4;3,2;
2019/06/25;1600 UTC;0;956,8;957,7;956,7;2513,8;30,1;8,9;30,5;29;10,5;8,3;30;26;27;188;12;5;
2019/06/25;1700 UTC;0;956,1;956,8;956,1;2281,7;29,8;9,8;30,4;28,8;9,8;8;29;25;29;159;12;3,3;
2019/06/25;1800 UTC;0;956,1;956,2;955,9;1698,3;30;8,7;30,6;28,6;10;8,6;30;26;27;186;10,6;4,5;
2019/06/25;1900 UTC;0;956,1;956,2;956;774,3;28,3;9,5;30;27,9;10;8,5;32;27;31;122;8,9;1,9;
2019/06/25;2000 UTC;0;956,4;956,4;956,1;292,8;26,5;10,8;28,3;26,5;11;9,3;38;31;38;168;4,3;,8;
2019/06/25;2100 UTC;0;956,9;956,9;956,4;36,3;25,7;10,3;26,5;25,5;10,9;10,1;39;37;38;154;2,1;,6;
2019/06/25;2200 UTC;0;957,3;957,3;956,9;;24;11,4;25,7;24;11,4;10,3;45;38;45;228;1,9;,2;
2019/06/25;2300 UTC;0;957,7;957,7;957,3;;24,7;10,5;24,7;23,7;11,3;10,5;45;41;41;210;1,9;,2;
2019/06/26;0000 UTC;0;957,8;957,8;957,7;;23,2;11,1;25;22,9;11,4;10,3;48;40;47;174;3,3;,3;
2019/06/26;0100 UTC;0;958;958;957,7;;22,2;12;23,2;22,2;12;11;52;46;52;50;2,5;,3;
2019/06/26;0200 UTC;0;957,5;958;957,5;;21,5;11,3;22,2;21,5;12;11,3;53;51;52;109;1,6;,1;
2019/06/26;0300 UTC;0;957,5;957,6;957,4;;21,2;11,4;21,5;21,1;11,8;11,3;55;52;53;17;1,2;0;
2019/06/26;0400 UTC;0;957,7;958;957,4;;20,1;13,4;22,6;20,1;13,4;11;66;48;66;116;5,9;0;
2019/06/26;0500 UTC;0;957,2;957,8;957,2;;21,8;11,6;21,9;20;13,4;11,3;66;52;52;299;,8;0;
2019/06/26;0600 UTC;0;956,6;957,2;956,6;;19,6;11,3;21,9;19,6;11,8;11,3;59;52;59;239;3,8;1,4;
2019/06/26;0700 UTC;0;956,5;956,7;956,4;;17,7;11,6;19,6;17,4;11,7;11,3;68;59;67;235;3,8;1,1;
2019/06/26;0800 UTC;0;956,7;956,8;956,5;;17;11,6;18,1;16,8;11,7;11,3;71;65;70;164;3,6;0;
2019/06/26;0900 UTC;0;956,8;956,8;956,7;;16;11,8;17,4;15,9;11,8;11,4;76;69;76;153;3,2;0;
2019/06/26;1000 UTC;0;957,1;957,1;956,8;;16,3;12,1;16,3;15,7;12,1;11,7;78;76;77;61;2;,8;
2019/06/26;1100 UTC;0;957,9;957,9;957,1;234;18,3;12,9;18,3;16,3;12,9;12,1;77;71;71;80;2,8;,2;
2019/06/26;1200 UTC;0;958,6;958,6;957,9;1052;23,2;13,3;23,2;18,3;13,8;13;71;54;54;195;3,7;1,2;
2019/06/26;1300 UTC;0;959,3;959,3;958,6;1693,4;26,7;12,2;26,7;23,2;13,6;11,6;53;40;41;186;9,3;2,4;
2019/06/26;1400 UTC;0;959;959,3;959;2177,7;27,9;10,9;27,9;26,3;12;10,5;41;34;35;167;9,3;3,8;
2019/06/26;1500 UTC;0;958,3;959,1;958,3;2471,1;30;9,4;30;28;11,5;9,3;35;28;28;180;11,2;4,9;
2019/06/26;1600 UTC;0;957,4;958,3;957,4;2544,3;30,2;8,6;30,5;29,5;9,6;8,3;28;25;26;188;12,5;5,6;
2019/06/26;1700 UTC;0;956,7;957,4;956,6;2211,2;30,1;8,8;30,8;29,7;9,4;8;27;25;27;167;12,1;4,6;
2019/06/26;1800 UTC;0;956,3;956,7;956,2;1553,6;29,9;7,9;30,6;29,4;8,9;7,6;27;25;25;174;9,8;4,5;
2019/06/26;1900 UTC;0;956,5;956,5;956,2;829,4;28,4;8,9;30,2;28,4;9;7,6;30;25;30;151;10,5;1,5;
2019/06/26;2000 UTC;0;957;957;956,5;426,7;27,6;10;28,4;27,6;10;8,8;33;30;33;170;5;1,4;
2019/06/26;2100 UTC;0;957,6;957,6;957;66,7;25,9;10,2;27,6;25,6;11,1;9,9;40;33;37;166;3,1;,2;
2019/06/26;2200 UTC;0;958,6;958,6;957,6;;24,7;10,8;25,8;24,5;10,9;10;42;37;42;106;9;4,1;
2019/06/26;2300 UTC;0;959,4;959,4;958,6;;22,5;12,9;24,7;22,5;13;10,9;55;42;55;89;9;1,7;
2019/06/27;0000 UTC;0;959,8;959,9;959,4;;21,9;12,3;22,6;21,9;12,9;12,3;55;53;54;85;4;0;
2019/06/27;0100 UTC;0;960,3;960,3;959,8;;20,9;12,8;22,1;20,9;12,9;12,3;60;54;60;10;1;,1;
2019/06/27;0200 UTC;0;960,3;960,4;960,2;;21;12,9;21,8;20,8;12,9;12,7;60;56;60;88;2,3;,8;
2019/06/27;0300 UTC;0;960,6;960,6;960,3;;20,2;13,1;21,1;20,2;13,1;12,8;64;59;64;103;4;1,9;
2019/06/27;0400 UTC;0;960,6;960,8;960,5;;19,8;13,1;20,4;19,7;13,1;13;66;63;66;48;6,1;1,2;
2019/06/27;0500 UTC;0;960,4;960,8;960,4;;18,8;13,5;19,8;18,8;13,6;13,1;72;66;71;12;2,6;,9;
2019/06/27;0600 UTC;0;960,3;960,5;960,3;;18,4;13,7;18,8;18,2;13,7;13,4;75;71;74;355;2,5;,9;
2019/06/27;0700 UTC;0;960,6;960,6;960,3;;17,7;13,7;18,4;17,7;13,8;13,6;78;74;77;352;1,9;0;
2019/06/27;0800 UTC;0;961;961;960,6;;17,3;13,6;17,7;17,2;13,8;13,5;79;77;79;321;2,3;1,1;
2019/06/27;0900 UTC;0;961,4;961,4;961;;17,2;13,5;17,6;17,2;13,7;13,4;79;77;79;327;2,3;,5;
2019/06/27;1000 UTC;0;962,1;962,1;961,4;;16,7;13,7;17,2;16,7;13,7;13,5;82;79;82;355;2,4;0;
2019/06/27;1100 UTC;0;962,7;962,7;962,1;220;17,6;14,2;17,6;16,6;14,3;13,6;83;81;81;356;2,4;,2;
2019/06/27;1200 UTC;0;963,5;963,6;962,7;984,1;20,8;13,9;21,2;17,6;14,8;13,6;81;63;65;294;3,5;1,9;
2019/06/27;1300 UTC;0;963,5;963,6;963,4;1017,6;22,6;13,7;22,8;20,7;14,4;13,5;66;57;57;303;4,9;2;
2019/06/27;1400 UTC;0;963,1;963,5;963,1;1227,3;23,6;13,9;23,6;22,6;14,1;13,3;58;54;54;271;4,4;1,9;
2019/06/27;1500 UTC;0;962,6;963,2;962,6;1303,8;24,7;13,7;24,9;23,4;14,2;13,3;55;50;51;223;3,9;,1;
2019/06/27;1600 UTC;0;961,7;962,6;961,7;1551,5;25,6;14,1;25,7;23,7;14,3;13,5;55;49;49;307;3,4;,9;
2019/06/27;1700 UTC;0;961,1;961,8;961,1;2226,8;26,6;13,9;26,6;25,2;14,4;13,4;50;45;46;329;3,4;1;
2019/06/27;1800 UTC;0;960,5;961,1;960,5;1597,8;27,2;13,6;27,4;26,2;14,1;12,8;46;42;43;146;2,8;,1;
2019/06/27;1900 UTC;0;960,2;960,5;960,2;1252,8;26,9;13,7;27,7;26,6;14,2;13,1;45;41;44;129;3,1;1,1;
2019/06/27;2000 UTC;0;960,5;960,5;960,1;334;24,8;13,6;26,9;24,8;14,1;13,2;51;43;50;146;2,8;,7;
2019/06/27;2100 UTC;0;960,6;960,6;960,4;44,9;22,6;13,9;24,8;22,6;14,1;13,5;58;49;58;115;1,9;1,1;
2019/06/27;2200 UTC;0;960,8;960,8;960,6;;22;13,8;23,6;22;13,8;13,3;60;54;60;13;1,8;0;
2019/06/27;2300 UTC;0;961;961,1;960,8;;21,4;14,1;22,4;21,4;14,5;13,9;63;60;63;16;,8;0;
2019/06/28;0000 UTC;0;961,6;961,6;960,9;;20,4;14,5;21,6;20,4;14,6;14,2;69;63;69;24;1,2;0;
2019/06/28;0100 UTC;0;961,8;961,9;961,6;;19,3;14,6;20,5;19,3;14,7;14,4;74;69;74;360;1,4;,1;
2019/06/28;0200 UTC;0;961,7;961,9;961,7;;19,1;14,2;19,4;18,7;14,7;14,2;76;73;73;347;1,9;1,3;
2019/06/28;0300 UTC;0;961,6;961,7;961,6;;18,2;14,3;19,2;18,1;14,4;13,9;78;73;78;341;2;0;
2019/06/28;0400 UTC;0;961,4;961,6;961,4;;17,6;14,4;18,2;17,4;14,4;14,1;81;78;81;332;1,7;,3;
2019/06/28;0500 UTC;0;961,1;961,4;961,1;;17,2;14,3;18,9;17,2;14,8;14,2;83;76;83;358;3,4;,1;
2019/06/28;0600 UTC;0;960,7;961,2;960,7;;16,3;14;17,2;16,3;14,4;13,8;86;83;86;6;1,5;,6;
2019/06/28;0700 UTC;0;960,7;960,7;960,5;;16,2;14;16,5;16;14,2;13,8;88;86;86;3;2,2;,7;
2019/06/28;0800 UTC;0;960,6;960,7;960,4;;16,9;14,2;16,9;15,7;14,7;13,8;90;84;84;335;1,5;0;
2019/06/28;0900 UTC;0;961,3;961,3;960,6;;15,6;13,7;16,9;15,6;14,2;13,7;88;84;88;358;,3;0;
2019/06/28;1000 UTC;0;962;962;961,3;;16,4;14;16,4;15,5;14,4;13,7;90;86;86;328;2,1;1,6;
2019/06/28;1100 UTC;0;962,7;962,7;962;182,8;16,5;14,6;16,5;16;14,6;13,8;89;86;88;349;2,1;,5;
2019/06/28;1200 UTC;0;963,5;963,5;962,7;984,9;19,6;15,5;19,6;16,5;15,7;14,6;88;77;77;342;2,9;1,2;
2019/06/28;1300 UTC;0;963,7;963,8;963,5;1457,4;23,1;15,1;23,3;19,6;16;15,1;78;61;61;327;3;1,1;
2019/06/28;1400 UTC;0;963,2;963,7;963,2;2116,8;27,6;15,5;27,6;23,1;15,9;14,4;62;47;48;261;4,7;1,6;
2019/06/28;1500 UTC;0;962,3;963,2;962,3;2420,2;29,5;11,7;29,7;26,9;15,5;11,7;48;33;33;237;6,4;2,7;
2019/06/28;1600 UTC;0;961,1;962,3;961,1;2447,5;31,4;11,3;31,4;29,3;13,3;10,9;35;29;29;217;6,8;1,5;
2019/06/28;1700 UTC;0;960,1;961,1;960,1;2286,8;30,9;10,1;31,9;30,8;11,6;9,6;30;26;28;240;5,5;2,2;
2019/06/28;1800 UTC;0;959,6;960,2;959,6;1916,4;30,8;10,2;31,3;30,2;11;9,9;30;27;28;246;6,6;2,1;
2019/06/28;1900 UTC;0;959,4;959,7;959,3;1338,7;29,9;10,7;31,2;29,7;10,9;9,9;30;27;30;252;5,4;2,3;
2019/06/28;2000 UTC;0;959,4;959,4;959,3;544,2;28;11,1;30;28;11,1;10,1;35;29;35;245;4,9;,9;
2019/06/28;2100 UTC;0;959,7;959,7;959,4;35,1;25,9;11,6;28;25,9;11,8;11;41;35;41;257;3;1,3;
2019/06/28;2200 UTC;0;960,1;960,1;959,7;;25,6;11,6;26,3;25,4;11,6;11,3;42;40;42;267;2,6;1,2;
2019/06/28;2300 UTC;0;960,5;960,5;960,1;;23,3;12,7;25,6;23,3;12,7;11,6;51;41;51;262;2,8;1,8;
2019/06/29;0000 UTC;0;960,8;960,8;960,5;;21,8;12,9;23,3;21,7;12,9;12,6;57;51;57;257;3,1;1,6;
2019/06/29;0100 UTC;0;961,1;961,1;960,8;;20,2;12,5;21,8;20,2;12,8;12,5;61;57;61;251;3,1;,9;
2019/06/29;0200 UTC;0;961,4;961,5;961,1;;19,3;12,6;20,3;19,1;12,8;12,5;65;61;65;244;2,7;,7;
2019/06/29;0300 UTC;0;961,2;961,5;961,2;;18,7;12,6;19,6;18,6;12,8;12,4;68;64;68;252;2,9;1,1;
2019/06/29;0400 UTC;0;961,4;961,4;961,1;;18,6;12,7;18,8;18,2;12,7;12,4;69;68;69;255;2,5;0;
2019/06/29;0500 UTC;0;961;961,4;961;;18,1;12,6;18,9;18,1;12,8;12,5;70;67;70;278;0;0;
2019/06/29;0600 UTC;0;960,7;961;960,7;;17,6;12,6;18,1;16,8;12,8;12,3;75;70;73;290;0;0;
2019/06/29;0700 UTC;0;960,6;960,7;960,5;;16,9;12,6;17,7;16,9;12,7;12,4;76;72;76;299;0;0;
2019/06/29;0800 UTC;0;960,9;960,9;960,6;;16,4;12,5;16,9;16;12,7;12,3;79;75;77;341;0;0;
2019/06/29;0900 UTC;0;961,4;961,4;960,9;;15,8;12,3;16,7;15,8;12,6;12,3;80;76;80;305;1,5;,1;
2019/06/29;1000 UTC;0;961,7;961,8;961,4;;15,2;12,2;15,7;15,2;12,4;12,1;83;80;82;309;2,2;1,6;
2019/06/29;1100 UTC;0;962,3;962,3;961,7;224,4;17,2;13,2;17,2;15,2;13,3;12,2;83;77;77;316;2,2;0;
2019/06/29;1200 UTC;0;963;963;962,3;1063,4;20,6;13,6;20,6;17,2;13,9;13,2;77;64;64;296;4,4;2,3;
2019/06/29;1300 UTC;0;962,9;963;962,9;1707;23,9;13,7;24,1;20,6;14,2;13;65;52;53;268;6;2,4;
2019/06/29;1400 UTC;0;962,4;962,9;962,4;2201,8;26,6;12,5;27,4;23,4;14,5;12,2;54;40;41;250;7,3;3,2;
2019/06/29;1500 UTC;0;961,7;962,4;961,7;2493,6;28,8;12,4;28,9;26,5;13,5;11,2;42;34;37;233;7,2;,8;
2019/06/29;1600 UTC;0;960,6;961,7;960,6;2506,8;29,4;11,1;29,8;28,5;12,5;10,1;37;30;32;222;6,1;1,8;
2019/06/29;1700 UTC;0;959,5;960,6;959,5;2332,8;30,4;10,4;30,7;29,1;11,4;9,2;33;27;29;223;5,5;1,8;
2019/06/29;1800 UTC;0;958,9;959,5;958,9;1958,8;30;9,5;30,5;29,3;10,5;9,1;31;27;28;209;5,5;1,3;
2019/06/29;1900 UTC;0;958,6;958,9;958,6;1370,5;29,8;10,1;30,4;29;10,7;9,4;31;28;29;193;4,9;,8;
2019/06/29;2000 UTC;0;958,7;958,7;958,6;547,2;26,8;11,2;30;26,8;11,3;9,6;38;29;38;243;3,5;,2;
2019/06/29;2100 UTC;0;958,8;958,8;958,7;31,1;24,9;10,7;26,8;24,8;11,8;10,7;42;37;41;178;2,3;0;
2019/06/29;2200 UTC;0;959,2;959,3;958,8;;24,6;10,8;25,6;24,5;11;10,4;42;39;42;253;2,3;1,8;
2019/06/29;2300 UTC;0;959,7;959,7;959,3;;23,9;11,3;24,7;23,1;11,6;10,7;48;42;45;260;2,8;1,8;
2019/06/30;0000 UTC;0;960;960;959,7;;22,6;11,2;23,9;21,3;11,7;11,1;53;45;49;285;2,1;0;
2019/06/30;0100 UTC;0;960,3;960,3;960;;19,8;12,4;22,6;19,3;12,5;11,1;64;49;63;312;1,6;,2;
2019/06/30;0200 UTC;0;960,6;960,7;960,3;;18,4;12,5;19,8;18,2;12,6;12,3;69;63;68;316;2,7;0;
2019/06/30;0300 UTC;0;960,1;960,6;960,1;;17,6;12,2;19,1;17,6;12,5;11,8;71;64;71;296;1,7;0;
2019/06/30;0400 UTC;0;960,2;960,2;960,1;;16,2;12;17,6;16,2;12,4;12;77;71;77;348;0;0;
2019/06/30;0500 UTC;0;960,5;960,6;960,1;;15,8;11,9;16,2;15,7;12,1;11,7;78;76;77;336;0;0;
2019/06/30;0600 UTC;0;960,3;960,7;960,3;;16;11,6;16,2;15,7;12;11,6;78;75;75;287;0;0;
2019/06/30;0700 UTC;0;960,1;960,3;959,9;;14,9;11,5;16,3;14,9;11,8;11,3;80;74;80;306;0;0;
2019/06/30;0800 UTC;0;960,5;960,5;960,1;;14,3;11,5;15,4;14,1;11,8;11,3;84;79;83;8;0;0;
2019/06/30;0900 UTC;0;961;961;960,5;;13,9;11,6;14,5;13,6;11,7;11,3;87;83;86;32;0;0;
2019/06/30;1000 UTC;0;961,7;961,7;961;;14;11,7;14,1;13,6;11,8;11,3;87;85;86;179;0;0;
2019/06/30;1100 UTC;0;962,4;962,4;961,7;222,7;16,6;12,8;16,7;14;12,8;11,7;86;77;78;321;0;0;
2019/06/30;1200 UTC;0;963;963;962,4;1049,6;21,5;14,6;21,5;16,7;15;12,8;79;65;65;255;2,3;0;
2019/06/30;1300 UTC;0;963,2;963,2;963,1;1701,4;25,4;15,5;25,5;21,5;15,8;14,6;66;54;54;232;5,2;1,1;
2019/06/30;1400 UTC;0;962,5;963,2;962,5;2183,4;28,3;15,1;28,3;25,4;15,7;14,7;54;45;45;206;4,9;,3;
2019/06/30;1500 UTC;0;961,3;962,5;961,3;2477,9;29;13,3;29,1;27,7;15,4;13;46;38;38;213;6,5;1,8;
2019/06/30;1600 UTC;0;960,4;961,3;960,4;2509,2;29,6;11,7;30;28,9;13,4;11,1;38;32;33;189;9,1;3,4;
2019/06/30;1700 UTC;0;959,5;960,4;959,5;2341,7;29,7;11,4;30,1;29,3;12;10,7;34;30;32;182;8,9;3,1;
2019/06/30;1800 UTC;0;958,8;959,5;958,7;1964;30;11;30,5;29,4;11,8;10,3;33;30;31;242;7,3;1,3;
2019/06/30;1900 UTC;0;958,6;958,8;958,6;1374,5;30;10,5;30,4;29,7;11,7;10;32;29;30;229;5,3;,3;
2019/06/30;2000 UTC;0;958,6;958,6;958,5;567,8;27,6;10,5;30,1;27,6;10,9;10,2;34;30;34;171;4,9;1,6;
2019/06/30;2100 UTC;0;958,8;958,8;958,6;30,8;23,8;11,2;27,6;23,8;11,4;10,5;45;34;45;180;3,9;1,1;
2019/06/30;2200 UTC;0;959,3;959,3;958,8;;23,1;11,1;23,8;22,8;11,4;11;48;45;47;168;2,8;,1;
2019/06/30;2300 UTC;0;959,6;959,6;959,3;;23,2;11,5;23,6;22,9;11,5;11,1;48;46;48;182;1,7;,2;
2019/07/01;0000 UTC;0;959,8;959,8;959,6;;20,9;11,5;23,2;20,6;12;11,2;55;48;55;235;1,6;0;
2019/07/01;0100 UTC;0;960,2;960,2;959,8;;19,9;12;22;19,9;12,3;11,5;60;53;60;311;1,3;0;
2019/07/01;0200 UTC;0;960,3;960,4;960,1;;18,6;12,5;20,4;18,6;12,6;12,1;68;60;68;278;2,1;,1;
2019/07/01;0300 UTC;0;960,1;960,3;960,1;;17,8;12,5;18,6;17,6;12,7;12,4;72;68;72;330;2;0;
2019/07/01;0400 UTC;0;959,9;960,1;959,9;;16,3;12,5;17,8;16,3;12,7;12,1;78;71;78;318;2,9;,5;
2019/07/01;0500 UTC;0;960;960;959,9;;15,5;12,5;16,4;15,3;12,5;11,9;83;77;83;315;1,6;0;
2019/07/01;0600 UTC;0;959,7;960,1;959,7;;15,1;12,4;15,5;14,7;12,5;12,2;85;82;84;317;1,5;,1;
2019/07/01;0700 UTC;0;959,7;959,8;959,6;;14,4;11,9;15,1;14,2;12,4;11,5;86;83;85;327;2,1;,4;
2019/07/01;0800 UTC;0;960,1;960,1;959,7;;14,6;11,9;14,9;14;12,2;11,3;86;83;84;316;3,3;,6;
2019/07/01;0900 UTC;0;960,1;960,2;960,1;;14,1;11,7;14,6;14,1;12;11,6;86;84;85;286;2,7;1,2;
2019/07/01;1000 UTC;0;960,5;960,5;960,1;;13,2;11,2;14,1;13,2;11,8;11,2;87;85;87;318;2,7;0;
2019/07/01;1100 UTC;0;960,7;960,9;960,4;229;15,9;12,6;16;12,7;12,7;10,9;90;80;80;225;3,5;,3;
2019/07/01;1200 UTC;0;961,9;961,9;960,6;1012,5;19,1;13,5;19,1;15,7;13,8;12,2;81;70;70;2;3,5;0;
2019/07/01;1300 UTC;0;962;962,1;961,9;1626,4;24;13,4;24;18,3;14,7;13,1;74;51;51;213;3,2;,6;
2019/07/01;1400 UTC;0;961,7;962,1;961,7;2142,6;27,5;13,1;27,5;23,8;13,6;12,5;52;41;41;193;3,7;1;
2019/07/01;1500 UTC;0;960,7;961,7;960,7;2396,6;28,7;12;29,3;27,3;12,8;11;41;34;36;153;7,2;1,6;
2019/07/01;1600 UTC;0;959,5;960,7;959,5;2204,8;28,7;11;30;28,2;12,6;10,7;37;32;33;132;6;2,4;
2019/07/01;1700 UTC;0;958,7;959,6;958,7;2237,6;29,3;10,8;30,4;28,5;11,8;10,2;35;30;32;102;6,4;2,6;
2019/07/01;1800 UTC;0;957,9;958,7;957,9;1862,9;29,8;10,3;30,7;28,8;11,7;10,2;33;29;30;114;5,5;1,3;
2019/07/01;1900 UTC;0;957,4;957,9;957,4;1264,3;28,8;10;30,7;28,8;11;9,4;32;28;31;89;4,8;2,5;
2019/07/01;2000 UTC;0;957,4;957,5;957,3;547,7;27,5;10,7;28,9;27,5;10,7;9,8;35;31;35;94;4;1,5;
2019/07/01;2100 UTC;0;957,4;957,5;957,4;31,7;26;10,3;27,4;25,8;11,3;10,3;38;35;37;140;2,5;,7;
2019/07/01;2200 UTC;0;957,6;957,6;957,4;;25,7;10,1;26,1;25;10,4;9,9;39;37;37;137;2,7;1;
2019/07/01;2300 UTC;0;957,7;957,8;957,5;;22,5;10,5;25,8;22,5;10,5;9,4;46;36;46;81;2,6;0;
2019/07/02;0000 UTC;0;958;958;957,7;;21,7;11,5;24,1;21,6;11,5;9,3;52;39;52;219;1,4;0;
2019/07/02;0100 UTC;0;957,8;958;957,8;;19,3;11,9;21,7;19,3;12,1;11,2;63;52;62;228;2,4;,8;
2019/07/02;0200 UTC;0;957,5;957,8;957,5;;18;12,6;19,2;18;12,9;11,8;71;62;71;277;2,4;,1;
2019/07/02;0300 UTC;0;957,4;957,5;957,3;;16,1;12,4;18;16,1;12,9;12,3;79;71;79;335;2,2;,3;
2019/07/02;0400 UTC;0;956,6;957,4;956,6;;15,1;12,1;16,3;15,1;12,6;11,7;83;77;83;116;2,7;0;
2019/07/02;0500 UTC;0;956,1;956,6;956,1;;14,8;11,9;16,2;14,3;12,4;11,2;84;76;83;13;2,7;0;
2019/07/02;0600 UTC;0;955,9;956,1;955,8;;14,4;11,6;15,7;14,3;12,1;11,3;84;77;84;19;1,4;0;
2019/07/02;0700 UTC;0;955,4;955,9;955,4;;14,2;11,5;14,5;14,1;11,7;11,4;84;83;84;30;0;0;
2019/07/02;0800 UTC;0;955,4;955,5;955,2;;13,8;11,1;14,7;13,8;11,6;11,1;84;81;84;281;0;0;
2019/07/02;0900 UTC;0;955,3;955,6;955,2;;14;10,8;14,5;13,8;11,5;10,6;84;79;81;276;1,9;,9;
2019/07/02;1000 UTC;0;955,6;955,7;955,3;;13,5;10,6;14;13,3;10,9;10,6;84;81;83;301;1,9;0;
2019/07/02;1100 UTC;0;956,2;956,2;955,6;230,9;14,5;11,5;14,5;13,2;11,5;10,5;85;82;82;329;,6;0;
2019/07/02;1200 UTC;0;956,7;956,8;956,2;757,9;16,7;12,6;16,7;14,5;12,9;11,3;82;76;76;360;1,4;,2;
2019/07/02;1300 UTC;0;956,7;956,8;956,6;1363,7;22,6;12;22,6;16,8;14,1;11,6;77;50;51;241;2,5;,4;
2019/07/02;1400 UTC;0;956,1;956,8;956,1;1940,7;26,3;12,6;26,3;22,6;13;11,3;52;40;43;210;3,8;1,1;
2019/07/02;1500 UTC;0;955,2;956,2;955,2;2169,9;28,6;10,7;28,7;26,4;12,9;10,4;43;33;33;184;5,6;2,1;
2019/07/02;1600 UTC;0;954,2;955,2;954,2;2159,8;29,5;10,2;29,8;28,6;11,4;10,2;34;30;30;164;7,6;1,7;
2019/07/02;1700 UTC;0;953,2;954,2;953,2;1977,1;29,5;10;30,1;28,9;11,1;9,6;32;29;30;157;8,1;2,7;
2019/07/02;1800 UTC;0;952,4;953,2;952,4;1655,3;29,6;10,2;29,8;28,7;10,7;9,4;32;29;30;167;7,2;2,5;
2019/07/02;1900 UTC;0;952,2;952,4;952,1;1072,4;28,7;9;29,6;28,5;10,3;8,9;31;29;29;143;6;1,8;
2019/07/02;2000 UTC;0;952,4;952,4;952,2;460,5;27,2;10,2;28,8;27,2;10,2;9,3;34;29;34;157;4,9;,9;
2019/07/02;2100 UTC;0;952,5;952,5;952,3;53,3;24,5;11,3;27,2;24,4;11,5;10,2;44;34;44;177;2,7;,6;
2019/07/02;2200 UTC;0;952,7;952,7;952,5;;24,5;11,2;25,1;24;11,4;11;45;41;43;189;1,6;,8;
2019/07/02;2300 UTC;0;952,8;952,8;952,7;;22,6;10,8;24,7;22,6;11,3;10,7;47;43;47;232;1,8;0;
2019/07/03;0000 UTC;0;953,1;953,1;952,8;;20,8;11,6;23,7;20,6;11,8;10,9;56;46;56;235;,8;,1;
2019/07/03;0100 UTC;0;953,4;953,4;953,1;;20,4;11,7;20,9;19,7;12,2;11,6;62;55;58;220;1,4;0;
2019/07/03;0200 UTC;0;953,4;953,4;953,3;;17,6;12,3;20,4;17,6;12,5;11,7;71;57;71;21;1,3;0;
2019/07/03;0300 UTC;0;953,7;953,8;953,4;;17,4;12,5;18,4;17,3;12,6;12,2;73;68;73;1;,2;0;
2019/07/03;0400 UTC;0;953,6;953,7;953,6;;16,9;12,2;17,6;16,8;12,6;12,2;75;72;74;3;,5;0;
2019/07/03;0500 UTC;0;953,6;953,6;953,5;;16,4;12,1;16,9;16,2;12,4;12,1;77;74;75;315;1,8;,5;
2019/07/03;0600 UTC;0;953,4;953,6;953,4;;15,8;12,2;16,4;15,3;12,2;11,9;80;75;80;283;2,7;,4;
2019/07/03;0700 UTC;0;953,3;953,4;953,3;;16,1;12,2;16,2;15,8;12,3;12,1;80;77;77;344;2,4;0;
2019/07/03;0800 UTC;0;953,9;954;953,2;;16,3;12,1;16,3;15,9;12,4;12;79;76;76;131;2,7;0;
2019/07/03;0900 UTC;0;954;954;953,7;;16,4;12;16,7;15,9;12,4;11,7;79;73;75;299;0;0;
2019/07/03;1000 UTC;0;954,4;954,4;954;;16,3;12;16,7;16,1;12;11,7;76;73;75;198;1,9;0;
2019/07/03;1100 UTC;0;955,1;955,1;954,4;154,7;17;12;17;15,8;12,4;11,8;79;72;72;56;0;0;
2019/07/03;1200 UTC;0;955,4;955,6;955,1;721,4;19,9;12,8;19,9;17;12,8;12,2;74;63;64;85;0;0;
2019/07/03;1300 UTC;0;955,7;955,8;955,4;1645,9;24,2;12,6;24,2;19,9;13;12,1;64;48;48;190;4,1;1,6;
2019/07/03;1400 UTC;0;955,2;955,7;955,1;2148,7;27;11,4;27,5;24,2;12,6;11;48;36;38;202;4;1,3;
2019/07/03;1500 UTC;0;954,3;955,2;954,2;2417,5;29,4;9,6;29,6;27;12,1;9,6;38;29;29;164;6,1;2,6;
2019/07/03;1600 UTC;0;953;954,3;953;2426,1;29,8;10;30,6;29,4;10,8;9;31;28;29;158;8,2;3,7;
2019/07/03;1700 UTC;0;952;953;951,9;2218,5;30,6;9,8;31,1;29,6;10,5;8,9;30;26;28;172;11,7;4,4;
2019/07/03;1800 UTC;0;951,5;952;951,4;1879,9;30,2;9,3;31,1;30,1;9,9;8,6;28;25;27;155;10,4;3,7;
2019/07/03;1900 UTC;0;951,6;951,6;951,5;1243,5;29,5;7,3;30,4;29,5;10,4;7,3;30;25;25;156;8,7;3,5;
2019/07/03;2000 UTC;0;952,2;952,2;951,6;251,3;27,3;8,9;29,5;27,3;8,9;7,4;31;25;31;174;7,5;1,4;
2019/07/03;2100 UTC;0;952,4;952,5;952,2;20,2;24,6;10,1;27,3;24,6;10,3;8,9;40;31;40;187;3,8;,7;
2019/07/03;2200 UTC;0;952,4;952,5;952,3;;22,9;9,8;24,6;22,9;10,2;9,7;44;40;43;19;2,2;,3;
2019/07/03;2300 UTC;0;952,8;952,8;952,4;;22,4;9,7;23;22,4;10,1;9,7;45;43;44;201;1,9;0;
2019/07/04;0000 UTC;0;953,3;953,3;952,8;;21;10,4;22,8;21;10,4;9,7;51;44;51;169;2,1;,2;
2019/07/04;0100 UTC;0;953,5;953,5;953,2;;20,2;10,7;21,5;20,2;10,7;10,2;55;48;55;22;2,3;0;
2019/07/04;0200 UTC;0;953,8;953,8;953,5;;20;10,7;21,6;19,9;10,7;10,2;55;49;55;95;1,9;0;
2019/07/04;0300 UTC;0;953,7;953,9;953,6;;20,1;10,8;20,7;19,1;11,3;10,8;60;54;55;347;1,5;0;
2019/07/04;0400 UTC;0;953,9;953,9;953,7;;21;10,5;21;19,7;11;10,5;57;51;51;96;0;0;
2019/07/04;0500 UTC;0;954,5;954,5;953,7;;19,9;12;21,1;19,9;12;10,6;60;51;60;150;8,8;2,1;
2019/07/04;0600 UTC;0;954,2;954,5;953,9;;20,5;13,5;21;19,5;13,7;12,2;66;59;64;52;8,8;,3;
2019/07/04;0700 UTC;0;954,3;954,6;954,1;;19,3;14,8;20,5;19,1;14,8;13,6;75;65;75;34;4,5;2,3;
2019/07/04;0800 UTC;0;954,6;954,8;954,2;;18,3;15,2;19,5;18,3;15,2;14,8;82;75;82;13;4,4;,9;
2019/07/04;0900 UTC;,4;955,1;955,2;954,3;;18;15,9;18,4;17,9;15,9;15,2;87;82;87;31;4,2;1,1;
2019/07/04;1000 UTC;0;955,5;955,5;954,9;;17,5;15,9;18;17,4;16;15,7;91;88;90;332;2,4;,4;
2019/07/04;1100 UTC;0;956,1;956,1;955,4;100,7;17,8;16,2;17,8;17,5;16,2;15,9;91;90;90;341;4,9;,9;
2019/07/04;1200 UTC;0;956,6;956,6;956,2;463,6;19,1;16,7;19,1;17,8;16,7;16,1;90;86;86;308;4,3;1,4;
2019/07/04;1300 UTC;0;956,5;956,8;956,4;966,3;20,6;16,7;20,8;18,9;17,1;16,3;86;77;79;306;4,2;2,1;
2019/07/04;1400 UTC;0;956,1;956,6;956,1;1303,9;22,2;16,7;22,5;20,6;17,6;16,5;79;71;71;287;4,4;2,1;
2019/07/04;1500 UTC;0;955,3;956,1;955,3;1400,1;25,1;16,4;25,1;21,9;17,6;16,2;73;59;59;178;3,8;,4;
2019/07/04;1600 UTC;0;954,9;955,3;954,9;1354,6;26,1;15,7;26,1;25;17,3;15;61;52;53;160;8,8;3,4;
2019/07/04;1700 UTC;0;954,4;955;954,4;1459,9;25,9;15,5;27,3;25,3;16,1;14,9;54;49;53;158;8,8;3,2;
2019/07/04;1800 UTC;0;954,4;954,5;954,3;658,4;25,2;15,5;26,3;25,1;15,8;15;55;52;55;152;8,8;2,8;
2019/07/04;1900 UTC;0;954,5;954,6;954,2;243,4;24;14,2;25,4;24;15,6;13,7;57;51;54;170;9,6;3,3;
2019/07/04;2000 UTC;0;954,9;955;954,3;52,6;22,3;15;24;22,3;15,1;14;64;54;63;178;8,9;2,6;
2019/07/04;2100 UTC;0;955,6;955,6;954,9;12,7;21,8;16;22,4;21,8;16;15;70;63;70;168;10,1;4,1;
2019/07/04;2200 UTC;,8;956,2;956,2;955,5;;19,4;17,2;21,8;19,4;17,2;16;87;70;87;183;11,5;3,4;
2019/07/04;2300 UTC;1,2;956,5;956,5;956,1;;18,9;17,5;19,4;18,9;17,5;17,2;92;87;91;180;7,4;2,9;
2019/07/05;0000 UTC;1;956,3;956,5;956,2;;18,7;17,2;18,9;18,7;17,4;17,2;92;91;91;202;6,4;,6;
2019/07/05;0100 UTC;,4;956,4;956,4;955,7;;18,5;17,2;18,7;18,4;17,3;17,1;92;91;92;149;3,9;0;
2019/07/05;0200 UTC;,8;956,9;956,9;956,3;;18,3;17;18,6;18,3;17,3;16,9;92;92;92;182;5,4;2;
2019/07/05;0300 UTC;1,6;957,1;957,4;956,2;;18,1;16,9;18,3;18,1;17;16,9;93;92;93;168;5,4;1,3;
2019/07/05;0400 UTC;3,4;956,4;957,2;956,4;;17,1;16;18,1;17,1;16,9;16;93;93;93;185;4,2;,2;
2019/07/05;0500 UTC;11,2;956,6;957;956,3;;17;16;17,3;17;16,3;16;94;93;94;172;4,3;1,6;
2019/07/05;0600 UTC;6,4;956,4;957,7;956,4;;16,7;15,7;17,1;16,7;16,1;15,7;94;94;94;176;4,6;1,2;
2019/07/05;0700 UTC;3,2;956,7;956,8;956,2;;16,4;15,4;16,7;16,4;15,8;15,4;94;94;94;172;5;1,1;
2019/07/05;0800 UTC;4,6;957;957;956,7;;16,2;15,3;16,4;16;15,4;15,1;94;94;94;173;6;2,3;
2019/07/05;0900 UTC;,6;957,2;957,3;956,9;;16,3;15,4;16,3;16,2;15,4;15,3;94;94;94;168;6;,8;
2019/07/05;1000 UTC;0;958,1;958,1;957,2;;16,4;15,4;16,4;16,3;15,5;15,4;94;94;94;154;3,6;,2;
2019/07/05;1100 UTC;,2;959,1;959,1;958,1;21;16,6;15,6;16,6;16,3;15,7;15,4;94;94;94;113;3,6;1,5;
2019/07/05;1200 UTC;0;959,4;959,5;958,9;230,4;17;16;17,1;16,5;16,1;15,5;94;94;94;172;5,1;1,6;
2019/07/05;1300 UTC;0;959,4;959,6;959,3;863;17,9;16,1;18,3;17;16,9;15,7;94;88;89;157;6;1,8;
2019/07/05;1400 UTC;0;959,7;959,8;959,4;617,6;18,6;16;18,6;17,9;16,1;15,7;89;83;85;138;5,7;1,6;
2019/07/05;1500 UTC;0;959,8;960;959,8;1192,5;20,5;16,3;20,7;18,5;17,1;15,8;85;77;77;130;7,3;2,8;
2019/07/05;1600 UTC;,2;960,2;960,2;959,6;966,6;16,9;15,1;20,5;16,4;17;14,3;90;76;89;30;7,3;3,3;
2019/07/05;1700 UTC;0;960,3;960,4;960,1;817,2;16,6;14,2;17,1;16,5;15;13,9;89;84;86;45;7,8;3,5;
2019/07/05;1800 UTC;0;960,5;960,5;960,2;830,2;16,9;13,9;17,5;16,5;14,4;13,7;86;80;82;41;7,1;3,4;
2019/07/05;1900 UTC;0;960,7;960,7;960,3;480,8;16,8;13,8;17,1;16,7;14,2;13,7;84;82;83;38;5,8;2,6;
2019/07/05;2000 UTC;0;960,7;961;960,7;611,7;17,7;12,6;17,9;16,8;14,2;12,6;83;72;72;47;6,5;2,3;
2019/07/05;2100 UTC;0;961,2;961,2;960,7;41,7;15,2;12,7;17,7;15,2;13;12,2;85;71;85;37;5,4;,1;
2019/07/05;2200 UTC;0;961,5;961,5;961,2;;15,2;11,7;15,8;15;12,7;11,7;85;79;80;42;3,5;1,3;
2019/07/05;2300 UTC;0;962,2;962,3;961,5;;15,4;12;15,6;15,1;12,1;11,6;81;78;80;31;3,8;1,1;
2019/07/06;0000 UTC;0;962,8;962,8;962,2;;14,9;12,2;15,4;14,9;12,5;11,9;84;80;84;14;2,8;,1;
2019/07/06;0100 UTC;0;963,3;963,4;962,8;;14,1;11,8;15;14,1;12,6;11,8;86;84;86;83;2,9;,5;
2019/07/06;0200 UTC;0;963,6;963,7;963,3;;13,3;11,1;14,1;13,3;11,8;11,1;90;86;86;81;3,2;1,1;
2019/07/06;0300 UTC;0;963,8;963,8;963,6;;12,1;7,6;13,5;12,1;10,9;7,6;86;73;74;78;5;2,5;
2019/07/06;0400 UTC;0;964;964;963,8;;11;6,2;12,1;10,9;7,6;6,1;75;68;73;77;5,5;2,3;
2019/07/06;0500 UTC;0;963,9;964;963,8;;9,4;5,4;11;9,4;6,2;5,2;76;71;76;84;5,4;1,2;
2019/07/06;0600 UTC;0;963,9;964;963,8;;9;5,1;9,8;8,8;5,4;5;78;73;77;56;6,8;3,7;
2019/07/06;0700 UTC;0;964;964,2;963,9;;8,1;4,7;9;8,1;5,3;4,6;81;77;79;44;6,8;2,8;
2019/07/06;0800 UTC;0;964,3;964,3;964;;7,5;3,5;8,2;7,4;4,9;3,4;81;74;76;41;5,3;2,8;
2019/07/06;0900 UTC;0;964,9;964,9;964,2;;6,6;2,2;7,6;6,5;3,4;2,2;76;70;73;44;6,6;2,6;
2019/07/06;1000 UTC;0;965,2;965,2;964,8;;5,7;1,4;6,6;5,6;2,1;1,3;76;71;74;38;5,8;2,7;
2019/07/06;1100 UTC;0;965,7;965,7;965,3;234,3;6,1;1,3;6,2;5,4;1,7;1;75;71;71;39;5,7;3,1;
2019/07/06;1200 UTC;0;966,2;966,2;965,7;1198,2;7,3;1,4;7,3;6,1;2,6;,9;74;65;66;29;5,7;3,5;
2019/07/06;1300 UTC;0;966,6;966,7;966,2;1906,3;9,2;2,3;9,2;7,1;2,5;,8;68;59;62;33;6;2,4;
2019/07/06;1400 UTC;0;966,7;966,8;966,6;2446,4;10,5;1,5;10,8;9,1;2,7;1;62;52;54;22;4,6;1,9;
2019/07/06;1500 UTC;0;966,3;966,7;966,3;2780,7;12;,4;12,5;10,4;2,9;-,3;56;42;45;74;4,5;1,8;
2019/07/06;1600 UTC;0;966;966,4;966;2824,7;13,8;-,7;14,1;12;1,5;-2,2;48;33;37;70;3,9;2,1;
2019/07/06;1700 UTC;0;965,4;966;965,4;2639,9;14,2;-2,7;14,5;13,3;,4;-5;39;26;31;69;5,6;2,3;
2019/07/06;1800 UTC;0;965,3;965,4;965,2;2245,6;14,9;-2,3;15,1;13,9;-1,3;-3,7;34;27;31;55;4,7;2;
2019/07/06;1900 UTC;0;965,2;965,4;965,2;1612,4;14,9;-3,3;15,4;14,7;-2,1;-4,8;32;25;28;47;5,5;2,4;
2019/07/06;2000 UTC;0;965,5;965,5;965,2;594,2;13,9;-1,7;15;13,9;-1,4;-3,3;35;28;34;33;5,5;1,3;
2019/07/06;2100 UTC;0;965,6;965,6;965,5;30,4;11,3;-,4;13,9;11,2;,3;-2,3;46;32;44;47;2,8;,1;
2019/07/06;2200 UTC;0;965,8;965,8;965,6;;10,3;,1;11,7;10,3;1,2;-,3;52;44;49;338;1,3;0;
2019/07/06;2300 UTC;0;966;966;965,8;;10,7;-1,8;11;10,3;,2;-1,8;50;41;42;327;,3;0;
2019/07/07;0000 UTC;0;966,1;966,1;965,9;;8,8;-1,5;10,7;8,4;-,6;-2,6;53;40;49;348;1,3;0;
2019/07/07;0100 UTC;0;966,4;966,4;966;;7,3;,1;9;7,3;,1;-1,5;60;48;60;325;2;0;
2019/07/07;0200 UTC;0;966,8;966,8;966,4;;5,9;,6;7,5;5,9;,7;-,1;68;60;68;335;1,4;,1;
2019/07/07;0300 UTC;0;967,1;967,1;966,8;;5,1;1,3;5,9;5,1;1,6;,5;77;68;76;342;3,6;1;
2019/07/07;0400 UTC;0;967;967,2;967;;4,4;1,2;5,5;4,4;1,7;1,1;80;75;80;2;2,6;1,5;
2019/07/07;0500 UTC;0;966,6;967;966,6;;3,7;1,3;4,4;3,7;1,4;1,1;85;80;85;356;2,6;1,6;
2019/07/07;0600 UTC;0;966,4;966,6;966,4;;3,5;1,3;3,7;3,5;1,6;1,2;87;85;86;349;2,4;1,5;
2019/07/07;0700 UTC;0;966,3;966,5;966,3;;3,4;1,4;3,6;3,2;1,6;1,1;88;86;87;339;2,4;,4;
2019/07/07;0800 UTC;0;966,4;966,4;966,3;;2,7;1;3,3;2,7;1,6;,9;89;87;89;2;2,3;1,3;
2019/07/07;0900 UTC;0;966,4;966,4;966,2;;2,3;1,1;2,7;2,2;1,3;,9;92;88;91;350;2,3;,7;
2019/07/07;1000 UTC;0;966,9;966,9;966,3;;2,3;1,1;2,5;1,9;1,3;,6;92;91;92;351;2,3;0;
2019/07/07;1100 UTC;0;967,1;967,2;966,9;237,2;4,5;2,7;4,5;2,2;3;1,1;92;88;88;340;1,5;0;
2019/07/07;1200 UTC;0;967,4;967,4;967,1;1203,3;7,5;4,4;7,5;4,5;4,4;2,5;88;78;81;359;3,2;1,5;
2019/07/07;1300 UTC;0;967,7;967,8;967,4;1907,9;10,1;4,1;10,2;7,2;4,8;2,9;81;66;67;341;6,1;3,5;
2019/07/07;1400 UTC;0;967,4;967,8;967,4;2449,3;13,9;4,1;13,9;10;4,8;3,2;68;51;52;330;8,9;4,1;
2019/07/07;1500 UTC;0;966,7;967,4;966,7;2768,8;15,9;,9;15,9;13,5;4,3;,6;52;36;36;333;9,7;3,9;
2019/07/07;1600 UTC;0;966;966,7;966;2816,5;17,3;-,3;17,8;15,9;2,1;-,7;39;29;30;347;7,2;3,5;
2019/07/07;1700 UTC;0;965,2;966;965,2;2622,2;18,1;-,6;18,8;17,2;,5;-1,6;31;27;28;354;7,3;2,9;
2019/07/07;1800 UTC;0;964,7;965,3;964,7;2209,6;19,3;-,1;19,5;18;,9;-,8;31;26;27;320;6,3;2,7;
2019/07/07;1900 UTC;0;964,6;964,7;964,5;1574,3;18,3;2,3;19,3;18,3;2,5;-,4;34;27;34;359;6,6;3,7;
2019/07/07;2000 UTC;0;965,2;965,2;964,6;538,2;16,9;3,7;18,4;16,9;3,9;2,1;42;34;42;14;6,7;3,5;
2019/07/07;2100 UTC;0;965,4;965,4;965,2;36;13,6;4,5;16,9;13,6;4,7;3,8;54;42;54;4;6;1,5;
2019/07/07;2200 UTC;0;965,5;965,6;965,3;;12;4,5;13,6;11,8;4,8;4,4;61;54;60;356;4,4;2,4;
2019/07/07;2300 UTC;0;966,2;966,2;965,5;;10,2;4,3;12;10,2;4,6;4,1;67;60;67;345;4,8;2,4;
2019/07/08;0000 UTC;0;966,9;966,9;966,2;;9,3;4,3;10,3;9,3;4,4;4,2;71;67;71;346;4,2;2,4;
2019/07/08;0100 UTC;0;966,8;966,9;966,8;;8;3,9;9,7;8;4,4;3,9;76;69;76;350;4,8;1,4;
2019/07/08;0200 UTC;0;966,9;966,9;966,6;;7,7;3,9;8,1;7,4;4,2;3,8;79;76;77;347;3,6;1,7;
2019/07/08;0300 UTC;0;966,6;966,9;966,5;;6,7;3,6;8,1;6,7;4,1;3,5;81;76;80;352;3,4;2;
2019/07/08;0400 UTC;0;966,6;966,7;966,5;;6;3,5;6,7;6;3,6;3,4;84;80;84;345;2,9;2;
2019/07/08;0500 UTC;0;966,3;966,6;966,3;;5,8;3,7;6,3;5,6;3,9;3,4;87;84;86;340;3,4;1,9;
2019/07/08;0600 UTC;0;966,1;966,3;966,1;;6,3;4,3;6,4;5,4;4,4;3,3;89;86;87;332;4,3;2,7;
2019/07/08;0700 UTC;0;965,9;966,1;965,8;;5,5;3,7;6,4;5,5;4,3;3,7;88;86;88;339;5,2;2,4;
2019/07/08;0800 UTC;0;966,1;966,2;965,9;;5,5;4,2;5,6;4,7;4,3;3,3;92;88;91;327;4;1,8;
2019/07/08;0900 UTC;0;966,5;966,6;966,1;;4,6;3,6;5,5;4,3;4,2;3,1;93;90;93;346;3,2;1,6;
2019/07/08;1000 UTC;0;966,8;966,8;966,4;;4,7;3,7;5,1;4;4,2;3;94;93;93;330;3,1;1,7;
2019/07/08;1100 UTC;0;967,8;967,8;966,8;224;6,4;5;6,4;4,6;5;3,4;94;91;91;340;4,1;2,5;
2019/07/08;1200 UTC;0;968,3;968,3;967,8;1165,4;9,1;6;9,1;6,4;6,3;5;91;80;81;341;6;3,6;
2019/07/08;1300 UTC;0;968,7;968,7;968,3;1874,6;13,4;5,9;13,5;9,1;7,7;5,9;82;60;60;315;8;4,3;
2019/07/08;1400 UTC;0;968,1;968,7;968,1;2410,4;16,5;6,2;16,6;13,3;7,1;5,6;61;51;51;290;8;2,7;
2019/07/08;1500 UTC;0;967,1;968,1;967,1;2737,3;19,1;4,9;19,2;16;6,9;4,1;52;38;39;271;6,3;3,1;
2019/07/08;1600 UTC;0;966,1;967,2;966,1;2775,9;20,9;4,2;21,3;19,1;5,6;3,5;40;32;33;275;6,4;1,8;
2019/07/08;1700 UTC;0;965,2;966,1;965,2;2565,6;21,5;3,2;22,1;20,7;4,5;2,2;34;28;30;337;5,2;1,4;
2019/07/08;1800 UTC;0;964,5;965,2;964,4;2164,9;22,7;3,7;22,8;21,5;3,9;1,7;31;26;29;307;5,1;2;
2019/07/08;1900 UTC;0;964,1;964,5;964;1532,3;22,3;3,5;22,8;22;3,9;2,6;30;27;29;316;5,2;2,2;
2019/07/08;2000 UTC;0;964,2;964,2;964,1;543,2;20,2;4,5;22,2;20,2;5,1;2,9;37;28;36;359;4,7;,9;
2019/07/08;2100 UTC;0;964,4;964,5;964,2;34,4;17,1;4,9;20,2;17,1;5,2;4,6;45;36;44;11;2,5;0;
2019/07/08;2200 UTC;0;964,6;964,6;964,4;;15,5;7;17,3;15,5;7;4,6;57;43;57;13;3,5;1,9;
2019/07/08;2300 UTC;0;964,9;965;964,6;;13,8;7,7;15,5;13,8;7,9;7;67;57;67;12;3,5;1,6;
2019/07/09;0000 UTC;0;965,2;965,2;964,9;;12,6;7,5;13,8;12,5;7,8;7,4;71;67;71;344;2,5;,5;
2019/07/09;0100 UTC;0;965,4;965,5;965,2;;11,2;7;12,7;11,2;7,5;7;75;70;75;360;2,3;1,1;
2019/07/09;0200 UTC;0;965,4;965,4;965,3;;10,2;6,8;11,2;10,2;7,1;6,7;80;75;79;7;2,1;,4;
2019/07/09;0300 UTC;0;965,6;965,7;965,4;;9,2;6,9;10,3;9,2;7;6,6;85;79;85;350;2;,9;
2019/07/09;0400 UTC;0;965,5;965,7;965,5;;9,1;6,2;9,2;8,6;6,9;6,2;88;82;82;342;2,3;1,3;
2019/07/09;0500 UTC;0;965,4;965,7;965,4;;8;5,5;9,1;8;6,1;5,1;84;80;84;343;3;1,2;
2019/07/09;0600 UTC;0;965,2;965,4;965,2;;8;5,2;8,1;7,7;5,5;5,2;85;83;83;347;2,9;,4;
2019/07/09;0700 UTC;0;965,2;965,3;965,2;;7,5;5,2;8;7,3;5,2;4,8;85;82;85;355;2,3;1,4;
2019/07/09;0800 UTC;0;965,3;965,3;965,1;;7,2;5,5;7,7;7,1;5,5;4,9;89;84;89;8;2;,2;
2019/07/09;0900 UTC;0;966;966;965,3;;7,2;5,5;7,5;7;5,7;5,2;90;87;89;358;1,5;0;
2019/07/09;1000 UTC;0;966,3;966,3;965,9;;6,8;5,3;7,3;6,8;5,6;5,3;90;89;90;345;,9;0;
2019/07/09;1100 UTC;,2;967,2;967,2;966,3;206,3;8;6,3;8;6,7;6,3;5,2;91;89;89;351;1;0;
2019/07/09;1200 UTC;0;967,6;967,6;967,1;1153;11;7,4;11;8;7,5;6;89;78;78;346;2,9;1,9;
2019/07/09;1300 UTC;0;967,7;967,8;967,6;1830,5;14,5;8;14,6;11;8,6;7,2;78;65;65;351;3,8;2,1;
2019/07/09;1400 UTC;0;967,2;967,7;967,2;2359,4;18,1;8,5;18,3;14,3;9;7,4;66;53;53;352;3,7;1,3;
2019/07/09;1500 UTC;0;966,4;967,2;966,4;2667,6;21,9;7,5;22;18,1;9;7,3;55;39;39;303;3,7;2,1;
2019/07/09;1600 UTC;0;965,2;966,4;965,2;2699,5;23,6;6;23,7;21,7;8,1;5,9;41;32;32;235;4,4;,8;
2019/07/09;1700 UTC;0;964,1;965,2;964,1;2522;24,9;4,5;25,5;23,5;6,8;3,7;33;26;27;144;4;1,1;
2019/07/09;1800 UTC;0;963,7;964,1;963,7;2126,4;25,2;3,8;25,6;24,6;5,4;2,9;29;24;25;199;3,4;,6;
2019/07/09;1900 UTC;0;963,6;963,7;963,6;1492,8;24,4;4,2;25,2;24,4;5;2,9;29;24;27;342;4,2;2,6;
2019/07/09;2000 UTC;0;963,7;963,7;963,6;500,6;22,5;5,5;24,4;22,5;5,5;3,8;33;27;33;356;4,4;1,1;
2019/07/09;2100 UTC;0;964;964;963,7;36,1;18,8;7,4;22,5;18,8;7,4;5,2;48;33;48;16;2,2;,3;
2019/07/09;2200 UTC;0;964,4;964,4;964;;17,1;7,3;18,8;16,8;8,1;7,3;54;48;53;4;3;1,3;
2019/07/09;2300 UTC;0;964,7;964,7;964,4;;15,9;7,2;17,2;15,9;7,2;6,8;56;51;56;2;3;1;
2019/07/10;0000 UTC;0;965,1;965,1;964,7;;15,1;7,5;15,9;15,1;7,5;7,1;60;56;60;333;2,1;1,5;
2019/07/10;0100 UTC;0;965,4;965,4;965,1;;13,1;7,9;15,1;13,1;7,9;7,5;71;60;71;357;2,1;0;
2019/07/10;0200 UTC;0;965,5;965,5;965,4;;12,3;8;13,1;12,3;8,2;7,9;75;71;75;345;2,4;1,3;
2019/07/10;0300 UTC;0;965,4;965,6;965,4;;11,4;7,7;12,3;11,4;8,1;7,7;79;75;78;346;2;,7;
2019/07/10;0400 UTC;0;965,3;965,5;965,3;;11,4;7,3;11,4;11;7,8;7,3;80;76;76;330;2,2;1,7;
2019/07/10;0500 UTC;0;965;965,3;965;;10,7;6,9;11,4;10,7;7,3;6,9;78;76;77;331;2,2;,5;
2019/07/10;0600 UTC;0;964,7;965;964,7;;8,7;7;10,8;8,7;7;6,4;89;77;89;341;2,4;,5;
2019/07/10;0700 UTC;0;964,2;964,7;964,2;;9,7;6,4;9,7;8,7;7,1;6,2;89;80;80;355;2,7;0;
2019/07/10;0800 UTC;0;964,2;964,3;964,1;;7,7;6,1;9,7;7,6;6,3;5,5;90;80;90;7;,6;0;
2019/07/10;0900 UTC;0;964,3;964,3;964,1;;8,1;6;8,4;7,6;6,6;5,8;92;85;87;338;0;0;
2019/07/10;1000 UTC;0;964,6;964,6;964,3;0;7,3;5,8;8,1;7,2;6,1;5,7;91;86;91;289;,2;0;
2019/07/10;1100 UTC;0;965,5;965,5;964,6;225;8,6;6,6;8,6;6,9;6,6;5,4;91;87;88;345;2;,7;
2019/07/10;1200 UTC;0;966,2;966,2;965,5;1107;11,4;7,9;11,4;8,6;8,1;6,5;88;76;79;340;2,3;1,7;
2019/07/10;1300 UTC;0;966,1;966,3;966,1;1787,3;14,8;8,4;14,8;11,4;8,8;7,6;80;65;66;356;2,7;1,2;
2019/07/10;1400 UTC;0;965,7;966,2;965,7;2323,4;18,6;7,9;18,9;14,7;8,9;7,8;66;49;50;18;2,7;,6;
2019/07/10;1500 UTC;0;964,9;965,7;964,9;2632,8;21,4;8;21,6;18,5;8,3;6,9;51;40;42;79;3,8;,5;
2019/07/10;1600 UTC;0;963,7;964,9;963,7;2671,9;23,8;6,4;23,9;21,4;8,9;6,1;43;32;33;264;4,4;,2;
2019/07/10;1700 UTC;0;962,9;963,7;962,9;2487,9;24;4,9;24,7;23,6;7;4,2;34;27;29;235;5,5;1,2;
2019/07/10;1800 UTC;0;962,2;962,9;962,2;2118,1;25,2;3,8;25,3;24;6;3,7;31;25;25;150;4,6;1,1;
2019/07/10;1900 UTC;0;961,9;962,2;961,9;1519;25;2,4;25,8;24,5;3,8;,8;25;21;23;141;3,1;,7;
2019/07/10;2000 UTC;0;961,8;961,9;961,7;536,6;22,5;3,9;25;22,5;4;1,8;30;23;30;94;3,1;1;
2019/07/10;2100 UTC;0;961,7;961,8;961,6;34,5;20,2;3,6;22,5;20,1;4,8;3,6;36;29;34;75;1,7;,9;
2019/07/10;2200 UTC;0;961,9;962;961,7;;18,7;5,7;20,2;18,7;5,7;3,6;43;34;43;39;1,6;0;
2019/07/10;2300 UTC;0;962,2;962,2;961,9;;18,1;5;20;18,1;5,7;4,8;43;37;42;354;,7;0;
2019/07/11;0000 UTC;0;962,3;962,3;962,1;;17,6;5,2;18,1;16,5;5,6;5,1;47;42;44;299;1,6;,1;
2019/07/11;0100 UTC;0;962,5;962,5;962,3;;13,7;6,4;17,8;13,7;6,4;5;61;43;61;347;2,6;0;
2019/07/11;0200 UTC;0;962,5;962,5;962,5;;12,6;6,4;14,9;12,6;7;6,4;66;59;66;9;1,9;0;
2019/07/11;0300 UTC;0;962,3;962,5;962,3;;12,2;7,6;13;11,5;7,6;6,5;75;66;74;300;3,2;1,4;
2019/07/11;0400 UTC;0;962,3;962,4;962,3;;11,9;7,7;12,8;11,9;7,7;7,3;75;70;75;356;3,2;,4;
2019/07/11;0500 UTC;0;961,8;962,3;961,8;;11;7,6;11,9;10,5;7,7;7,1;82;75;79;338;2,8;1,2;
2019/07/11;0600 UTC;0;961,3;961,8;961,3;;10,1;7,1;11;10,1;7,6;7,1;83;79;82;321;2,9;1,4;
2019/07/11;0700 UTC;0;960,8;961,3;960,7;;8,6;6,6;10,1;8,6;7,4;6,5;88;82;88;18;3,7;,1;
2019/07/11;0800 UTC;0;961,2;961,2;960,6;;8,8;6,8;9;7,9;7;6,2;90;86;87;324;2,4;1,3;
2019/07/11;0900 UTC;0;961,7;961,7;961,2;;7,6;6,3;8,8;7,6;6,9;6,2;92;87;92;352;2,4;,5;
2019/07/11;1000 UTC;0;962,5;962,5;961,8;;7;5,9;7,6;6,9;6,4;5,7;94;92;93;343;2;,6;
2019/07/11;1100 UTC;0;963,5;963,5;962,5;227,9;9,1;7,8;9,3;7;8,1;6;94;92;92;355;2;0;
2019/07/11;1200 UTC;0;964,2;964,2;963,5;1075,2;11,8;9;11,8;9,1;9;7,7;92;83;83;343;1,8;,4;
2019/07/11;1300 UTC;0;964,5;964,6;964,2;1774,2;15,2;9,6;15,2;11,8;9,9;8,9;83;67;69;7;2,5;,8;
2019/07/11;1400 UTC;0;963,7;964,5;963,7;2306,3;19,2;9,1;19,4;15,2;10,1;8,8;69;52;52;357;2,3;,1;
2019/07/11;1500 UTC;0;963;963,7;963;2629,1;22,6;7,4;22,6;19,2;10,1;6,4;54;37;38;333;2,6;,2;
2019/07/11;1600 UTC;0;961,8;963;961,8;2658,3;23,4;5;23,6;22,2;7,5;4,1;38;29;30;101;2,4;,7;
2019/07/11;1700 UTC;0;960,9;961,8;960,9;2486,2;23,9;3,8;24,1;23,1;5,5;3,5;31;27;27;243;4,3;,9;
2019/07/11;1800 UTC;0;960,3;960,9;960,3;2084,1;24,4;3,1;24,5;23,5;5,1;3;29;25;25;329;4,2;1,6;
2019/07/11;1900 UTC;0;959,8;960,3;959,8;1462,8;23,4;3,7;24,4;23,3;4,1;2,6;28;25;28;57;4,4;1,5;
2019/07/11;2000 UTC;0;959,8;959,8;959,7;493,3;21,8;5,4;23,4;21,8;5,7;3,2;35;27;34;26;3,1;,7;
2019/07/11;2100 UTC;0;960;960;959,8;42,3;19,5;5,3;21,8;19,5;6,5;5,2;40;34;39;359;1,7;0;
2019/07/11;2200 UTC;0;960,3;960,3;960;;18;5,4;19,5;17,9;5,5;4,2;44;38;44;357;,8;0;
2019/07/11;2300 UTC;0;960,7;960,7;960,3;;17;5,8;18,2;16,9;5,8;5,3;48;43;48;9;1;0;
2019/07/12;0000 UTC;0;961,1;961,1;960,7;;16,1;5,5;17;15,9;6,1;5,3;51;47;49;359;1,3;0;
2019/07/12;0100 UTC;0;961,5;961,6;961,1;;14,8;5,8;16,1;14,2;6,2;5,3;58;49;55;340;2,8;1,6;
2019/07/12;0200 UTC;0;961,2;961,6;961,2;;14;6,6;15,4;13,8;6,6;5,7;61;53;61;335;2,8;,8;
2019/07/12;0300 UTC;0;961,2;961,2;961,1;;12,9;6,4;14,1;12,9;6,8;6,3;65;60;65;323;2,6;1;
2019/07/12;0400 UTC;0;960,8;961,2;960,8;;12,2;5,9;13;12,2;6,6;5,9;66;64;65;320;2,3;1,3;
2019/07/12;0500 UTC;0;960,2;960,9;960,2;;11,5;6;12,5;11,5;6,1;5,6;69;65;69;333;1,8;,1;
2019/07/12;0600 UTC;0;959,8;960,2;959,8;;10,7;5,6;11,5;10,7;6,1;5,6;71;69;71;326;2,1;1;
2019/07/12;0700 UTC;0;960;960;959,7;;10,5;5,2;10,9;10,4;5,9;5,2;72;70;70;335;1,7;,4;
2019/07/12;0800 UTC;0;960,2;960,3;960;;8,7;5,7;10,5;8,6;5,8;5,1;82;70;82;346;1,5;0;
2019/07/12;0900 UTC;0;960,5;960,5;960,2;;8,2;5,6;8,7;8,1;5,7;5,1;84;80;84;356;0;0;
2019/07/12;1000 UTC;0;960,9;960,9;960,5;;7,9;5,1;8,3;7,9;6;5,1;87;83;83;323;1,1;0;
2019/07/12;1100 UTC;0;961,6;961,6;960,9;228,3;10,8;6,5;10,8;7,8;6,5;5,1;83;75;75;293;2;,7;
2019/07/12;1200 UTC;0;962,1;962,1;961,6;1097,8;13,2;8,1;13,2;10,6;8,9;6,6;80;70;71;331;2,5;,3;
2019/07/12;1300 UTC;0;962,6;962,6;962,1;1792,9;15,5;7,4;15,8;13,1;8,6;7,2;72;58;58;14;2,4;1;
2019/07/12;1400 UTC;0;962,4;962,6;962,4;2304;19,6;8,3;19,6;15,5;8,3;7,3;59;47;48;45;2,4;,4;
2019/07/12;1500 UTC;0;961,7;962,4;961,7;2605,1;23,2;7,8;23,3;19,5;8,9;7,8;48;37;37;337;2,3;,3;
2019/07/12;1600 UTC;0;960,7;961,7;960,7;2634,6;26,1;8;26,2;23,1;8,6;6,7;39;30;32;186;3;,3;
2019/07/12;1700 UTC;0;960;960,7;960;2435,5;26;7,6;26,3;25;8,5;6,9;35;30;31;34;3,7;1,9;
2019/07/12;1800 UTC;0;959,5;960,1;959,5;2068;26,1;6,3;26,3;25,7;7,9;6,2;32;28;28;51;4,3;2,2;
2019/07/12;1900 UTC;0;959,4;959,5;959,3;1478,5;25,9;5,9;26,5;25,9;6,8;5,1;29;26;28;107;4,6;2,2;
2019/07/12;2000 UTC;0;959,6;959,6;959,4;482,5;24,2;6,9;26,2;24,2;7,5;5,3;34;27;33;11;4;0;
2019/07/12;2100 UTC;0;959,8;959,8;959,6;43,3;22,9;6,5;24,3;22,2;7,7;6,5;37;32;35;235;,5;0;
2019/07/12;2200 UTC;0;960;960;959,8;;21,5;6,1;23,3;21,2;7;6,1;39;34;37;302;0;0;
2019/07/12;2300 UTC;0;960,4;960,4;960;;20,5;7,3;21,9;20,4;7,5;5,9;43;36;42;354;,9;0;
2019/07/13;0000 UTC;0;960,7;960,7;960,4;;18,2;8,8;20,5;17,8;9,4;7,2;57;42;54;333;,7;0;
2019/07/13;0100 UTC;0;960,9;960,9;960,7;;17,8;8,3;18,5;17,1;8,7;8,3;57;53;54;301;1,7;,9;
2019/07/13;0200 UTC;0;961,1;961,2;960,9;;14,6;8,9;17,8;14,6;9,1;8,1;69;54;69;335;2;,1;
2019/07/13;0300 UTC;0;961;961,1;961;;13,2;9,2;14,8;13,1;9,4;8,9;77;69;77;356;2;0;
2019/07/13;0400 UTC;0;960,8;961;960,8;;13;8,3;13,2;12,7;9,2;8,3;77;73;73;333;2,5;1,2;
2019/07/13;0500 UTC;0;960,3;960,8;960,3;;12,7;8,8;13,2;12,7;8,9;8,1;78;72;78;303;3,5;2,3;
2019/07/13;0600 UTC;0;960,2;960,3;960,1;;11,3;8,3;12,7;11,3;9;8,3;82;78;82;332;3,3;0;
2019/07/13;0700 UTC;0;960;960,2;960;;10,8;8,2;11,4;10,8;8,5;8,2;84;82;84;328;,9;,1;
2019/07/13;0800 UTC;0;960,2;960,2;960;;10,5;8,3;11,6;10,4;8,6;7,9;86;81;86;310;1,9;1;
2019/07/13;0900 UTC;0;960,8;960,8;960,1;;10,6;8,2;11,1;10,5;8,6;7,9;86;83;85;328;3,4;,8;
2019/07/13;1000 UTC;0;961,3;961,3;960,8;;9,6;8;10,6;9,4;8,2;7,7;90;85;90;353;1,6;0;
2019/07/13;1100 UTC;0;962,1;962,1;961,3;201,2;11,7;8,8;12,1;9,6;9,4;8;90;82;82;351;0;0;
2019/07/13;1200 UTC;0;962,9;962,9;962,1;613,9;13,3;10,2;13,4;11,7;10,8;8,9;85;81;81;350;,8;0;
2019/07/13;1300 UTC;0;963,1;963,1;962,8;1284,2;17,2;10,6;17,2;13,3;11,2;10,1;83;63;65;352;2,3;,6;
2019/07/13;1400 UTC;0;962,5;963,1;962,5;1706;20,6;10,6;20,9;17,1;10,9;9,8;66;51;53;34;2,1;,8;
2019/07/13;1500 UTC;0;961,5;962,5;961,5;2599;27;10,1;27;20,6;11,4;8,1;53;34;35;251;2,9;,7;
2019/07/13;1600 UTC;0;960,3;961,5;960,3;2589,1;28,8;7,3;28,8;26,1;10,7;5,3;37;24;26;251;3,4;,5;
2019/07/13;1700 UTC;0;959,4;960,3;959,4;2399,1;28,3;7;29,1;27,6;8,3;6,1;28;24;26;144;3,6;,8;
2019/07/13;1800 UTC;0;958,8;959,4;958,8;1973,7;28;7,3;28,9;27,8;7,8;6,7;28;25;27;68;5,4;2,1;
2019/07/13;1900 UTC;0;958,7;958,8;958,6;1427,8;27,6;7,3;28,5;27,6;7,9;6,4;28;25;28;94;5;2,8;
2019/07/13;2000 UTC;0;958,8;958,8;958,7;470,5;26,3;8,2;27,6;26,3;8,6;7;32;27;32;99;4,8;,7;
2019/07/13;2100 UTC;0;958,9;959;958,8;46,9;23,5;8,2;26,3;23,5;9,3;8;40;32;38;71;2;,8;
2019/07/13;2200 UTC;0;959;959;958,9;;23;7,3;23,9;23;8;7,1;37;34;37;39;2;,3;
2019/07/13;2300 UTC;0;959,4;959,4;959;;20,6;8,6;23;20,6;8,6;7,2;46;36;46;350;1,9;0;
2019/07/14;0000 UTC;0;959,7;959,7;959,4;;19,1;9,3;20,9;19,1;9,3;8,5;53;46;53;22;,6;0;
2019/07/14;0100 UTC;0;960,1;960,1;959,6;;18,4;9,7;19,1;18,3;9,9;9,3;57;53;57;328;1,8;,1;
2019/07/14;0200 UTC;0;960,2;960,2;960,1;;17,5;9,8;18,9;17,5;10,1;9,6;61;56;61;300;3,1;1,1;
2019/07/14;0300 UTC;0;960,1;960,3;960,1;;15,8;10;17,5;15,8;10,2;9,8;68;61;68;340;2,1;0;
2019/07/14;0400 UTC;0;960,1;960,2;960,1;;14,4;10,1;16,1;14,3;10,1;9,9;76;68;76;344;1,2;0;
2019/07/14;0500 UTC;0;959,8;960,1;959,8;;13,8;9,4;14,5;13,8;10;9,4;76;74;75;330;1,1;,3;
2019/07/14;0600 UTC;0;959,5;959,8;959,5;;13,6;9,7;14,8;13,5;9,8;9,4;78;71;78;303;2,5;1,2;
2019/07/14;0700 UTC;0;959,2;959,5;959,2;;11,7;9,5;13,7;11,7;9,9;9,4;86;78;86;324;2,3;0;
2019/07/14;0800 UTC;0;959,3;959,3;959,1;;11,9;9,2;13,3;11,7;10,1;9,2;87;79;84;333;2,8;,5;
2019/07/14;0900 UTC;0;959,7;959,7;959,3;;10,5;8,7;12,4;10,5;9,8;8,6;88;83;88;2;1,9;,1;
2019/07/14;1000 UTC;0;960,1;960,1;959,6;;10,5;8,1;11,4;9,9;9,3;8,1;92;84;85;324;3,4;2;
2019/07/14;1100 UTC;0;961;961;960,1;217,3;13;10,1;13;10,2;10,2;8,1;90;83;83;24;3,4;0;
2019/07/14;1200 UTC;0;961,3;961,3;960,9;1073,7;16,6;11,3;16,6;13;11,5;9,8;84;71;71;9;2,6;,1;
2019/07/14;1300 UTC;0;961,3;961,3;961,2;1754,4;20,2;12,2;20,7;16,6;12,8;11,2;71;59;60;316;1,9;,1;
2019/07/14;1400 UTC;0;960,9;961,3;960,9;2272,7;25,4;11,4;25,4;20,2;13,1;10,6;62;41;41;264;3,2;,9;
2019/07/14;1500 UTC;0;960,1;960,9;960,1;2599,8;28,4;7,4;28,7;25,4;11,6;6,9;42;25;27;280;3,3;,6;
2019/07/14;1600 UTC;0;959;960,1;959;2646,4;29,3;5,5;30,3;28,3;7,7;4,5;27;20;22;146;6;2,8;
2019/07/14;1700 UTC;0;958,1;959;958,1;2482,2;29,9;5,2;29,9;29,1;6,3;4,1;23;20;21;125;9,7;3,4;
2019/07/14;1800 UTC;0;957,3;958,1;957,3;2072,2;30,1;5,5;30,1;29,2;5,8;4,6;22;20;21;132;8,3;3,1;
2019/07/14;1900 UTC;0;957,1;957,3;957,1;1519,1;29,6;5,6;30,4;29,6;6,5;4,6;22;20;22;174;7,7;2,7;
2019/07/14;2000 UTC;0;957,3;957,3;957,1;518,5;27,1;7,2;29,7;27,1;7,2;5,2;28;22;28;164;6,1;,9;
2019/07/14;2100 UTC;0;957,5;957,5;957,2;80,2;26,4;6,2;27,2;26,3;7,7;6,2;30;27;28;135;3,5;,9;
2019/07/14;2200 UTC;0;957,8;957,8;957,5;;24,4;6,2;26,5;24,4;6,7;6;31;27;31;94;2,8;,9;
2019/07/14;2300 UTC;0;958,4;958,4;957,8;;22,2;7,8;25,4;21,5;8;6,2;42;30;40;245;2,4;,2;
2019/07/15;0000 UTC;0;958,7;958,7;958,4;;22,8;7,4;23,7;21,1;8,2;6,4;43;33;37;5;3,9;,2;
2019/07/15;0100 UTC;0;958,8;958,8;958,7;;19,3;8,2;22,7;19,2;8,6;7,2;49;37;49;306;2,6;,3;
2019/07/15;0200 UTC;0;958,8;958,9;958,6;;15;9,9;20,2;15;9,9;8,5;71;47;71;16;4;,8;
2019/07/15;0300 UTC;0;958,6;958,8;958,6;;16,9;8,8;18,4;15;10,6;8,8;74;55;59;314;2,9;1,3;
2019/07/15;0400 UTC;0;958,4;958,7;958,4;;16,5;9,7;18;15,2;9,9;8,7;70;55;64;280;2,9;,5;
2019/07/15;0500 UTC;0;957,9;958,4;957,9;;16,2;9,5;17,7;15,7;9,8;9,1;68;58;64;297;3,2;,1;
2019/07/15;0600 UTC;0;957,6;957,9;957,5;;15;10;16,9;14,7;10,4;9,6;74;63;72;316;3,9;,3;
2019/07/15;0700 UTC;0;957,3;957,8;957,2;;14,3;9,6;15,2;14,3;10,3;9,5;73;70;73;350;3,2;1,8;
2019/07/15;0800 UTC;0;957,4;957,5;957,2;;14,4;9,7;14,5;14;9,8;9,6;76;73;73;14;3,1;0;
2019/07/15;0900 UTC;0;957,7;957,7;957,2;;14,9;9,9;15,6;14,4;10,3;9,7;75;70;72;200;2,7;,2;
2019/07/15;1000 UTC;0;957,9;958;957,7;;18,2;8,8;18,2;14,9;10;8,7;72;54;55;262;2,9;1,8;
2019/07/15;1100 UTC;0;958,5;958,6;957,9;92,8;14,3;10,9;18,9;14,2;11;8,5;80;51;80;340;2,9;0;
2019/07/15;1200 UTC;0;959,1;959,1;958,5;842,4;20,2;12;20,3;14,3;12,4;10,7;80;59;59;306;1;0;
2019/07/15;1300 UTC;0;959,4;959,4;959,1;1665,2;23,8;11;23,8;20;12,7;10,6;60;44;45;334;1,8;,2;
2019/07/15;1400 UTC;0;959,2;959,4;959,1;2216,9;25,3;10,8;25,4;23;12,1;10,1;49;40;40;24;2,5;,2;
2019/07/15;1500 UTC;0;958,4;959,2;958,4;2446,8;28,6;8,8;28,6;25,3;11,3;8,2;41;29;29;185;3,1;1,1;
2019/07/15;1600 UTC;0;957,3;958,4;957,3;2569;29,8;7,5;29,9;28,1;9,3;6,5;29;24;25;205;5,3;1,8;
2019/07/15;1700 UTC;0;956,6;957,3;956,6;2371,7;30,2;8,4;30,9;29,6;9;6,9;27;23;26;152;6,1;2,2;
2019/07/15;1800 UTC;0;956,3;956,6;956,3;1976,2;29,8;8,4;30,6;29,7;9,2;7,7;27;24;26;129;5,9;2;
2019/07/15;1900 UTC;0;956;956,3;956;1050,4;28,2;9,3;29,9;28;9,5;8,1;31;26;31;95;5,7;,8;
2019/07/15;2000 UTC;0;956,1;956,2;956;510,9;27,4;8,8;28,8;27,4;9,8;8,2;32;27;31;111;4;1,5;
2019/07/15;2100 UTC;0;956,9;956,9;956,1;41,8;24,9;11;27,4;24,9;11;8,3;42;31;42;96;10;3,1;
2019/07/15;2200 UTC;0;957,8;958,2;956,9;;20,8;14,2;24,8;20,8;14,3;11,6;66;42;66;30;10,6;4,8;
2019/07/15;2300 UTC;0;959,4;959,5;957,8;;20,2;13,4;21;20,2;14,2;13,3;66;62;65;34;9,2;4,9;
2019/07/16;0000 UTC;0;960;960;959,4;;18,8;13,9;20,1;18,7;13,9;13,4;73;65;73;26;9,2;4;
2019/07/16;0100 UTC;0;960,5;960,5;960;;18,2;13,9;18,8;18,2;14;13,9;76;73;76;26;8,7;3,5;
2019/07/16;0200 UTC;0;960,2;960,5;960,2;;18;12,8;18,2;18;13,9;12,8;76;71;72;15;8,5;3,9;
2019/07/16;0300 UTC;,2;960,1;961;960,1;;16,1;13,7;18;16;13,7;12,6;86;71;86;336;8,5;3,2;
2019/07/16;0400 UTC;0;960;960,1;959,7;;15,8;13,8;16,1;15,8;13,8;13,6;88;85;88;314;4,9;0;
2019/07/16;0500 UTC;,2;960;960,1;959,6;;15,8;13,9;15,9;15,6;13,9;13,6;89;87;89;52;2;,1;
2019/07/16;0600 UTC;,2;959;960;958,8;;16,1;13,7;16,5;15,6;13,9;13,6;89;84;86;291;3,6;0;
2019/07/16;0700 UTC;0;958,9;959,2;958,8;;15,5;14;16,1;15,4;14;13,7;91;86;91;22;2,1;,1;
2019/07/16;0800 UTC;0;959,4;959,9;958,9;;15,6;14;15,7;15,4;14,1;13,9;91;90;90;123;6,2;0;
2019/07/16;0900 UTC;0;959,7;959,7;959,2;;15;13,7;15,6;15;14;13,6;92;90;92;187;1,4;,5;
2019/07/16;1000 UTC;0;960;960;959,4;;14,8;13,8;15;14,2;13,8;13,1;93;91;93;103;2,1;0;
2019/07/16;1100 UTC;,2;961;961;960;169,6;14,9;13,9;15,1;14,4;14;13,1;94;92;94;302;1;0;
2019/07/16;1200 UTC;0;961,8;961,8;961;973,8;17,1;15,1;17,2;14,9;16;14;94;88;88;69;,6;0;
2019/07/16;1300 UTC;0;962,4;962,4;961,8;1727,1;19;14,8;19,2;17,1;15,6;14,4;88;75;77;40;3,1;,9;
2019/07/16;1400 UTC;0;962,6;962,6;962,3;2123,7;20;13,1;20,4;18,6;15,3;13;78;64;64;30;6,3;3,4;
2019/07/16;1500 UTC;0;961,9;962,6;961,9;2468,9;21,5;13,9;21,5;20;14;12,6;65;59;62;8;6,3;2;
2019/07/16;1600 UTC;0;961,1;962;961,1;2555,4;22,7;13,3;23;21,3;14,1;12,8;62;54;55;15;4,7;1,2;
2019/07/16;1700 UTC;0;960,5;961,1;960,5;2035,8;22,6;12,4;23,4;22;13,4;11,6;56;50;53;41;4,9;2,6;
2019/07/16;1800 UTC;0;960,2;960,5;960,1;1882,6;23,1;10,3;24;22,4;12,3;9,9;52;42;44;23;6;2,7;
2019/07/16;1900 UTC;0;960,2;960,2;960,1;1398,3;23,2;10,9;23,8;22,9;11,1;9,8;46;42;46;2;5,4;2,8;
2019/07/16;2000 UTC;0;960,4;960,4;960,2;649,9;22,1;9,7;23,3;22,1;10,9;9,6;47;43;45;9;5,5;2,1;
2019/07/16;2100 UTC;0;960,9;960,9;960,4;102,4;19,2;10,9;22,1;19,2;11;9,8;59;45;59;360;3,7;,3;
2019/07/16;2200 UTC;0;961,5;961,5;960,9;;17,6;10,6;19,3;17,6;10,9;10,4;63;58;63;17;1,7;,2;
2019/07/16;2300 UTC;0;962,4;962,4;961,5;;16,4;11,3;17,6;16,2;11,4;10,3;72;63;72;357;6,7;4;
2019/07/17;0000 UTC;0;963,3;963,3;962,4;;15,2;9,5;16,6;15,2;11,3;9,5;72;69;69;1;7,9;4,4;
2019/07/17;0100 UTC;0;964,3;964,3;963,3;;14,2;8,5;15,2;13,8;9,5;8,4;72;69;69;351;7,9;3,5;
2019/07/17;0200 UTC;0;965,1;965,1;964,3;;12,9;7,9;14,2;12,9;8,5;7,9;72;68;72;348;7,9;3,7;
2019/07/17;0300 UTC;0;965,3;965,3;965;;11,7;8;12,9;11,6;8,2;7,9;78;72;78;350;6,9;3,1;
2019/07/17;0400 UTC;0;965,5;965,5;965,3;;10,8;6,5;11,8;10,7;8;6,5;80;75;75;334;6,3;3,1;
2019/07/17;0500 UTC;0;965,3;965,5;965,3;;10;4,6;10,9;10;6,5;4,5;75;68;69;5;6,9;2,6;
2019/07/17;0600 UTC;0;965,1;965,4;965,1;;8,6;4;10,1;8,6;4,5;3,8;73;68;73;4;5,7;3;
2019/07/17;0700 UTC;0;964,9;965,2;964,8;;7,2;3,4;8,7;6,6;4,1;3,4;82;73;77;331;5,1;1,9;
2019/07/17;0800 UTC;0;964,5;964,9;964,5;;5,9;2,7;7,2;5,8;3,4;2,6;82;77;80;347;3,5;1,8;
2019/07/17;0900 UTC;0;964,9;964,9;964,5;;5,9;2,6;6,2;5,7;2,9;2,4;81;78;79;9;3,5;,8;
2019/07/17;1000 UTC;0;965,5;965,5;964,9;;6,8;3,4;7,3;5,9;3,5;2,5;79;76;79;8;3,2;1,8;
2019/07/17;1100 UTC;0;966,1;966,1;965,5;232,1;8,1;4,9;8,1;6,6;4,9;3,3;81;79;80;360;2,9;1,8;
2019/07/17;1200 UTC;0;966,9;966,9;966,1;1140,6;10,9;6;11,2;8,1;6,5;4,8;80;70;72;360;4,5;2,7;
2019/07/17;1300 UTC;0;966,9;967,3;966,8;1865;14,8;6,8;14,9;11;7,3;5,9;72;58;59;345;7,3;4,6;
2019/07/17;1400 UTC;0;967;967,2;966,9;2243,5;16,3;6;17,6;14,8;7,2;5,6;60;47;51;5;8,7;4,6;
2019/07/17;1500 UTC;0;966,4;967,1;966,4;2585,8;19,4;5,3;19,4;16,3;6,8;5,3;52;40;40;350;8,1;4,1;
2019/07/17;1600 UTC;0;965,2;966,4;965,2;2777,6;20,8;2,8;21,2;19,1;5,7;2,8;41;30;31;336;8,9;4,7;
2019/07/17;1700 UTC;0;964,4;965,2;964,4;2688,7;21,7;3,1;22,2;20,5;4,5;2,7;33;29;29;348;8,9;3,5;
2019/07/17;1800 UTC;0;964,1;964,4;964;2152,3;22;2,2;22,7;21,6;3,5;1,1;30;25;27;345;7,1;3,7;
2019/07/17;1900 UTC;0;964,1;964,2;963,9;1639,9;21,6;3,6;22,4;21,6;4;1,1;32;25;31;356;8,3;3,8;
2019/07/17;2000 UTC;0;964,4;964,4;964,1;540,1;19,6;8,6;21,6;19,6;8,7;3;49;30;49;17;8,1;3,9;
2019/07/17;2100 UTC;0;964,9;964,9;964,4;50,3;17,2;9;19,6;17,2;9,1;8,4;59;49;59;12;8,4;3;
2019/07/17;2200 UTC;0;965;965;964,8;;15,6;8,8;17,2;15,5;9,1;8,8;64;59;64;5;6,6;3,3;
2019/07/17;2300 UTC;0;965,1;965,1;964,9;;13,8;8,6;15,7;13,7;9;8,5;71;64;71;352;6,4;2,6;
2019/07/18;0000 UTC;0;965,4;965,4;965,1;;13,4;8,9;14,2;13,4;9;8,5;74;70;74;2;5,8;3;
2019/07/18;0100 UTC;0;965,7;965,8;965,4;;11,9;9;13,5;11,9;9,3;8,9;83;74;83;351;5,5;2,4;
2019/07/18;0200 UTC;0;965,6;965,7;965,6;;10,9;8,9;11,9;10,9;9,2;8,9;88;83;88;355;3,8;2,2;
2019/07/18;0300 UTC;0;965,5;965,6;965,4;;10,8;9,2;10,9;10,5;9,2;8,8;90;88;90;8;3,4;2;
2019/07/18;0400 UTC;0;965,3;965,5;965,3;;10,1;8,7;10,8;10;9,2;8,6;91;89;91;356;3;2,2;
2019/07/18;0500 UTC;0;964,7;965,3;964,7;;9,4;8,3;10,1;9,2;8,6;8;93;91;93;348;2,9;1,6;
2019/07/18;0600 UTC;0;964,2;964,7;964,2;;8,5;7,4;9,4;8,3;8,3;7,2;93;93;93;338;2,9;1,6;
2019/07/18;0700 UTC;0;964;964,2;963,9;;8,5;7,5;8,7;8,1;7,7;7;94;93;94;353;3,4;1,5;
2019/07/18;0800 UTC;0;963,8;964;963,8;;7,6;6,8;8,5;7,6;7,6;6,7;94;94;94;348;2,8;1,6;
2019/07/18;0900 UTC;0;964,3;964,3;963,8;;7,6;6,7;7,8;7,5;7;6,6;95;94;94;351;3;1,4;
2019/07/18;1000 UTC;0;965;965;964,3;,1;7,1;6,2;7,7;7;6,8;6,2;94;94;94;3;2,6;,1;
2019/07/18;1100 UTC;0;965,7;965,7;965;200,4;8,6;7,8;8,6;7,1;7,8;6,2;95;94;95;357;2,4;1;
2019/07/18;1200 UTC;0;966,5;966,5;965,7;910,3;11,8;9,7;11,9;8,6;9,8;8;95;86;87;355;3,4;1,6;
2019/07/18;1300 UTC;0;966,9;967;966,5;1661,5;15,7;10,6;15,7;11,8;10,9;9,2;87;72;72;347;4,8;2,7;
2019/07/18;1400 UTC;0;966,7;967;966,7;2129,6;19,1;9;19,5;15,6;10,9;8,9;72;51;52;306;8,1;4;
2019/07/18;1500 UTC;0;965,9;966,7;965,9;2667,2;22;8,9;22,4;19,1;10;8,7;52;43;43;320;7,7;3;
2019/07/18;1600 UTC;0;965,1;965,9;965,1;2163,4;22,7;7,7;23,4;21,9;9,6;7,7;44;38;38;300;6,6;2,5;
2019/07/18;1700 UTC;0;964,6;965,1;964,6;1867,4;23,6;8,2;24,1;22,5;9;7,7;40;35;37;320;5,2;2,4;
2019/07/18;1800 UTC;0;963,8;964,6;963,8;2019,1;24,6;8,3;24,8;23,4;8,9;7,6;38;34;35;318;5,3;2,6;
2019/07/18;1900 UTC;0;963,5;963,8;963,5;1537,7;24,1;7,4;25,3;24;8,9;7,2;38;33;34;340;5,8;2,4;
2019/07/18;2000 UTC;0;963,8;963,8;963,5;465,6;23,3;8,2;24,4;23,3;8,4;7,2;38;34;38;351;4,1;2;
2019/07/18;2100 UTC;0;964,1;964,1;963,6;95,7;20,1;9,4;23,3;20,1;9,8;7,8;50;38;50;22;4,8;2,3;
2019/07/18;2200 UTC;0;964,6;964,6;964,1;;17,7;8,4;20,1;17,7;9,5;8,4;55;50;55;353;4,1;1,5;
2019/07/18;2300 UTC;0;964,9;964,9;964,6;;15,6;8,2;17,7;15,6;8,5;7,9;61;55;61;349;4,1;1,1;
2019/07/19;0000 UTC;0;965,2;965,2;964,9;;13,9;8;15,7;13,7;8,3;7,8;68;61;68;334;3,1;1,1;
2019/07/19;0100 UTC;0;965,3;965,3;965,2;;14,7;7,8;14,8;13,8;8,3;7,8;68;63;64;319;4,3;2,3;
2019/07/19;0200 UTC;0;965,4;965,5;965,3;;13,7;6,9;14,7;13,1;7,8;6,9;66;63;64;324;4,3;2,4;
2019/07/19;0300 UTC;0;964,9;965,4;964,9;;11,8;7;13,7;11,8;7,3;6,7;72;64;72;1;3,8;1,2;
2019/07/19;0400 UTC;0;965,2;965,2;964,9;;11,5;7,1;11,9;11,3;7,2;6,9;75;72;74;3;2,4;,2;
2019/07/19;0500 UTC;0;965,2;965,4;965,1;;11,7;7,3;11,8;11,2;7,3;6,9;75;74;74;359;1,8;,1;
2019/07/19;0600 UTC;0;964,8;965,2;964,8;;10,4;7,4;11,7;10,4;7,6;6,8;82;74;82;355;2,6;1,5;
2019/07/19;0700 UTC;0;964,7;964,9;964,5;;10,3;7,6;10,9;10,2;7,8;7,2;84;80;83;357;3,8;,8;
2019/07/19;0800 UTC;0;965;965;964,7;;9,9;7,4;10,4;9,9;7,6;7,3;85;82;85;352;2,9;,3;
2019/07/19;0900 UTC;0;965,2;965,2;964,8;;10,1;7,5;10,2;9,4;7,7;7,1;87;84;84;351;2,6;1,2;
2019/07/19;1000 UTC;0;965,8;965,8;965,1;,2;10;7,5;10,1;9,5;7,6;7,2;87;84;85;350;3,2;1,4;
2019/07/19;1100 UTC;0;966,3;966,3;965,8;349,2;12,5;9;12,6;10;9,4;7,4;85;79;79;339;3,1;1,4;
2019/07/19;1200 UTC;0;966,6;966,6;966,3;1187,2;15,8;9,4;15,8;12,5;9,8;8,9;80;66;66;354;4,6;2;
2019/07/19;1300 UTC;0;966,9;967;966,6;1763,6;18,7;9,6;18,8;15,7;10,1;8,8;66;55;55;306;7,6;3,4;
2019/07/19;1400 UTC;0;966,3;966,9;966,3;2062;21,8;9;22,1;18,8;10,3;8,9;56;44;44;295;6,9;3,8;
2019/07/19;1500 UTC;0;965,5;966,3;965,5;1810,4;23,6;9;24,2;21,2;10,4;8,6;47;39;40;284;6,5;2,6;
2019/07/19;1600 UTC;0;964,3;965,5;964,3;1500,1;25,3;9,2;25,3;23,4;10;8,6;42;36;36;250;7,5;2,8;
2019/07/19;1700 UTC;0;963,5;964,3;963,5;1914,2;24,9;9,2;25,7;24,1;9,9;8,5;40;34;37;271;7;3,3;
2019/07/19;1800 UTC;0;962,7;963,5;962,7;1762,5;26,7;8,7;26,8;24,9;9,7;8,6;38;32;32;251;6,8;2;
2019/07/19;1900 UTC;0;962,5;962,7;962,5;1366,2;25,9;8,8;26,7;25,6;9,4;8,1;35;32;34;282;5,5;2,7;
2019/07/19;2000 UTC;0;963;963;962,5;477,1;24,4;9,6;25,9;24,4;9,9;8,5;40;34;39;302;5,1;1,5;
2019/07/19;2100 UTC;0;963,4;963,4;963;50;22,4;9,3;24,4;22,3;9,7;9,2;44;39;43;297;2,5;1,2;
2019/07/19;2200 UTC;0;963,6;963,6;963,3;;20,2;9,8;22,5;20,2;9,9;8,9;51;42;51;15;2,4;,1;
2019/07/19;2300 UTC;0;963,8;963,8;963,6;;18,7;10,9;20,2;18,5;10,9;9,9;61;51;60;324;2,7;1,5;
2019/07/20;0000 UTC;0;964,3;964,3;963,8;;17,5;10,6;19;17,5;10,9;10,4;64;58;64;328;3,1;1,5;
2019/07/20;0100 UTC;0;964,7;964,7;964,3;;16,3;10,7;17,5;16;10,8;10,5;71;64;69;323;3,7;1,7;
2019/07/20;0200 UTC;0;964,8;964,8;964,6;;15;10,3;16,4;15;10,7;10,3;74;69;74;327;3;1;
2019/07/20;0300 UTC;0;964,7;964,8;964,6;;14,2;9,7;15,5;14,2;10,4;9,7;76;70;74;336;3,1;1,1;
2019/07/20;0400 UTC;0;964,5;964,7;964,5;;14,8;9,1;15;14,2;9,7;9,1;74;68;69;321;2,8;1,2;
2019/07/20;0500 UTC;0;963,9;964,5;963,8;;13,8;8,7;14,8;13,8;9,1;8,6;71;67;71;45;2,4;0;
2019/07/20;0600 UTC;0;963,2;963,9;963,2;;13,8;8,7;14,2;13,5;8,7;8,5;72;69;71;23;2,3;0;
2019/07/20;0700 UTC;0;963,1;963,2;962,9;;13,9;8,6;14,2;13,8;8,7;8,5;71;69;71;1;2;,1;
2019/07/20;0800 UTC;0;963,4;963,4;963;;12,4;8,8;13,9;11,7;9,4;8;85;70;79;335;2,2;,5;
2019/07/20;0900 UTC;0;963,9;963,9;963,3;;11,2;8,4;12,8;11,2;8,8;8,2;83;76;82;36;2,3;0;
2019/07/20;1000 UTC;0;964,2;964,3;963,8;2,8;11,6;8,5;12;11,2;8,6;7,8;82;78;81;312;2,9;1,7;
2019/07/20;1100 UTC;0;965;965;964,2;227,8;12,2;8,8;12,2;11,2;8,9;8,1;82;78;80;340;2,9;1;
2019/07/20;1200 UTC;0;965,5;965,5;965;1088,2;16,9;10,1;16,9;12,2;11;8,8;80;63;64;316;4,6;2,1;
2019/07/20;1300 UTC;0;966,1;966,1;965,5;1744,9;20;10,7;20;16,9;10,8;9,4;64;53;55;315;5,1;1,9;
2019/07/20;1400 UTC;0;965,7;966,1;965,7;2292,3;23,2;8,9;23,3;19,7;10,7;8,9;55;40;40;273;8,8;2,9;
2019/07/20;1500 UTC;0;965;965,7;965;2628,2;24;8;24,9;23,1;9,5;7,6;41;35;36;266;7;3,4;
2019/07/20;1600 UTC;0;963,9;965;963,9;2675,8;25,2;7;25,6;24;9;6,4;37;30;31;227;7;2,2;
2019/07/20;1700 UTC;0;962,9;964;962,9;2477,6;25,5;6,5;26,4;24,9;7,5;5,9;32;28;30;253;5,9;1,5;
2019/07/20;1800 UTC;0;962,5;962,9;962,5;2063,3;25,9;5,8;26,4;25,2;7,3;5,6;31;27;28;307;7,5;1,4;
2019/07/20;1900 UTC;0;962;962,5;962;1491;25,5;6,3;26,3;25,2;6,6;4,9;30;26;29;340;5,3;2,6;
2019/07/20;2000 UTC;0;962,1;962,1;962;474,2;23,8;5,9;25,6;23,8;6,6;5,5;33;28;32;335;5,7;2;
2019/07/20;2100 UTC;0;962,1;962,2;962,1;49;21,2;5,8;23,9;21;6,1;5,7;37;31;37;304;3,5;2,1;
2019/07/20;2200 UTC;0;962,2;962,2;962,1;;20,3;6;21,2;20,3;6;5,5;39;36;39;297;3,6;2,3;
2019/07/20;2300 UTC;0;962,3;962,4;962,2;;17,8;7;20,3;17,8;7,1;5,9;49;39;49;325;3,8;1,2;
2019/07/21;0000 UTC;0;962,5;962,6;962,3;;16,2;8,2;17,8;16,2;8,5;7;59;49;59;328;4,6;1,8;
2019/07/21;0100 UTC;0;963;963;962,5;;16,5;8,7;17,1;16;9;8,2;61;58;60;284;5,1;2,7;
2019/07/21;0200 UTC;0;963,1;963,1;963;;15,5;8,7;16,5;15,5;8,8;8,6;64;60;64;291;4,8;2,5;
2019/07/21;0300 UTC;0;963,1;963,2;962,9;;14,7;8,5;15,7;14,2;8,8;8,3;69;63;66;317;4,2;1,1;
2019/07/21;0400 UTC;0;962,9;963,1;962,8;;13,6;8,5;14,7;13,6;8,7;8,3;71;66;71;316;2,3;0;
2019/07/21;0500 UTC;0;962,4;962,9;962,4;;14,3;8,8;14,4;13,6;8,9;8,6;72;70;70;287;2,5;,5;
2019/07/21;0600 UTC;0;962,1;962,4;962;;13,7;8,8;14,4;13,6;8,9;8,7;73;70;72;297;3,5;1,3;
2019/07/21;0700 UTC;0;961,7;962,1;961,7;;12,5;8,5;13,7;12,5;8,8;8,4;76;72;76;345;2,9;,8;
2019/07/21;0800 UTC;0;961,5;961,7;961,5;;12;8,4;12,5;12;8,6;8,3;79;76;79;355;2,3;,7;
2019/07/21;0900 UTC;0;961,9;961,9;961,5;;12,2;8,4;12,3;11,9;8,6;8,3;79;77;78;324;2,7;,8;
2019/07/21;1000 UTC;0;962,4;962,4;961,9;,6;12,2;8,3;12,7;11,9;8,7;8,2;79;76;77;307;3,6;1,7;
2019/07/21;1100 UTC;0;963,2;963,2;962,4;288,3;14;9,4;14;12;9,6;8,2;79;74;74;318;3,3;,8;
2019/07/21;1200 UTC;0;964;964;963,2;1037,1;17,5;10;17,5;14;10;9,1;75;61;61;289;6,3;2,7;
2019/07/21;1300 UTC;0;964,2;964,4;964;1567,3;21,1;9,8;21,1;17,5;10,4;9,6;61;48;48;259;8,8;5,4;
2019/07/21;1400 UTC;0;964,2;964,4;964,2;2335;24,2;9,7;24,2;21,2;10,1;9,1;48;39;40;248;9,3;4,5;
2019/07/21;1500 UTC;0;963,7;964,2;963,6;2646,8;25,5;9,1;26,1;23,7;10,2;8,9;40;35;35;222;11;2,2;
2019/07/21;1600 UTC;0;962,6;963,6;962,6;2657,5;26,1;8,5;26,9;25,5;9,8;8,5;36;33;33;234;9,6;3,6;
2019/07/21;1700 UTC;0;961,7;962,5;961,6;2306;27,3;9;27,3;25,9;9,5;8,4;34;31;32;215;8,2;2,3;
2019/07/21;1800 UTC;0;961;961,7;961;2021,4;27,5;8,9;27,6;26,5;9,3;8,3;33;30;31;248;7,5;2,8;
2019/07/21;1900 UTC;0;960,7;961;960,7;1521,2;26,9;8,2;27,7;26,9;8,9;7,5;32;29;31;240;9,2;1,7;
2019/07/21;2000 UTC;0;960,9;960,9;960,6;426;25,2;9;26,9;24,8;9,2;7,8;37;30;36;12;4,6;,3;
2019/07/21;2100 UTC;0;961;961;960,8;95,5;21,1;9,3;25,2;21,1;9,6;8,5;47;35;47;207;2,4;0;
2019/07/21;2200 UTC;0;961,4;961,4;961;;20,6;9,5;21,7;20,6;9,6;9;49;45;49;50;,6;0;
2019/07/21;2300 UTC;0;962,1;962,1;961,4;;20,3;9,6;21,3;20,3;9,7;9,3;50;47;50;107;2,7;0;
2019/07/22;0000 UTC;0;962,7;962,7;962,1;;19,3;9,7;20,7;19,3;9,9;9,5;54;50;54;266;3,3;1,4;
2019/07/22;0100 UTC;0;962,7;962,8;962,6;;18,8;10,2;19,5;17,9;10,6;9,7;61;54;57;258;3,7;2,7;
2019/07/22;0200 UTC;0;963;963,2;962,7;;18;10,2;18,8;17,9;10,4;10,2;61;57;60;259;4;2,2;
2019/07/22;0300 UTC;0;962,5;963;962,4;;16,3;10,4;18,1;16,3;10,5;10;68;60;68;290;4,4;1,8;
2019/07/22;0400 UTC;0;962,5;962,6;962,4;;16,5;10,5;16,5;15,9;10,5;10,2;69;68;68;258;3,7;1,2;
2019/07/22;0500 UTC;0;962,5;962,6;962,5;;16,3;10,4;16,6;16;10,5;10,3;69;67;68;254;3,6;2,1;
2019/07/22;0600 UTC;0;962,5;962,5;962,3;;15,2;10,3;16,3;15;10,5;10,2;73;68;73;283;3;,3;
2019/07/22;0700 UTC;0;962,1;962,5;962,1;;14,3;10,3;15,2;14,3;10,5;10,2;77;73;77;254;2,8;1,8;
2019/07/22;0800 UTC;0;962,2;962,2;962;;14,2;10,4;14,4;14,1;10,6;10,2;78;77;78;283;3;,7;
2019/07/22;0900 UTC;0;962,6;962,7;962,2;;14,2;10,2;14,5;14,2;10,5;10,2;78;76;77;261;4,2;2,5;
2019/07/22;1000 UTC;0;963,1;963,1;962,5;;14;10,2;14,3;13,9;10,4;10,1;78;77;78;274;4,8;1,7;
2019/07/22;1100 UTC;0;963,6;963,6;963,1;239,6;16,3;11,4;16,3;13,8;11,5;10,1;79;72;72;288;3,6;1,8;
2019/07/22;1200 UTC;0;964,2;964,2;963,6;1286,8;19,9;11,3;20;16,3;12;11,1;72;57;57;281;6,1;3,4;
2019/07/22;1300 UTC;0;964,6;964,7;964,2;1021,5;21,6;10,7;21,7;19,8;11,6;10,6;59;50;50;254;8,8;5,6;
2019/07/22;1400 UTC;0;964,7;964,7;964,5;1255,9;23,7;10,5;23,7;21,6;11,3;10,3;50;43;43;173;9,5;1,3;
2019/07/22;1500 UTC;0;964;964,7;964;882,3;23,8;10;24;23,4;10,9;9,7;44;41;42;247;7,1;3,9;
2019/07/22;1600 UTC;0;963,5;964;963,5;1151,7;25,7;10;25,7;23,7;10,7;10;43;37;37;230;7,1;1,6;
2019/07/22;1700 UTC;0;962,5;963,5;962,5;1192,9;25,8;9,9;26,3;25;10,8;9,8;40;36;37;236;6,4;1,6;
2019/07/22;1800 UTC;0;961,9;962,6;961,9;1148,4;26,3;10,4;26,6;25,7;11;9,6;38;35;37;262;5;,9;
2019/07/22;1900 UTC;0;961,6;961,9;961,6;1128,9;26,2;11,4;27,2;25,6;11,7;9,6;41;34;40;1;3,7;2,2;
2019/07/22;2000 UTC;0;961,8;961,8;961,6;495,4;23,9;11,5;26,4;23,9;11,6;10,7;46;38;46;12;3,7;,1;
2019/07/22;2100 UTC;0;962;962;961,8;68,5;22,5;11,3;23,9;22,5;12;11,3;49;46;49;321;2,2;,3;
2019/07/22;2200 UTC;0;962,1;962,1;961,8;;21,4;11,8;22,5;21;11,8;11,2;55;49;54;350;3;,4;
2019/07/22;2300 UTC;0;962,8;962,8;962,1;;19,7;12,1;21,4;19,7;12,2;11,7;61;54;61;1;1,5;,3;
2019/07/23;0000 UTC;0;963;963,1;962,8;;18,8;12,2;19,8;18,7;12,3;12;66;61;66;328;2,8;,3;
2019/07/23;0100 UTC;0;963,3;963,3;963;;18,4;12,2;18,8;18,1;12,3;12;68;66;67;325;2,5;1,4;
2019/07/23;0200 UTC;0;963,5;963,6;963,3;;16,8;12,4;18,4;16,8;12,8;12;76;67;75;259;3,3;1,4;
2019/07/23;0300 UTC;0;963,8;963,8;963,5;;16,3;12,5;17,7;15,8;12,9;12;79;71;79;354;2,6;0;
2019/07/23;0400 UTC;0;963,7;963,9;963,6;;16,2;11,8;16,5;16,1;12,6;11,8;79;75;75;337;1,3;,1;
2019/07/23;0500 UTC;0;963,6;963,7;963,5;;15,7;11,7;16,2;15,7;11,9;11,5;77;74;77;328;2,2;,8;
2019/07/23;0600 UTC;0;963,4;963,6;963,4;;15,3;11,1;15,8;15,3;11,8;11,1;77;76;76;311;2,3;1;
2019/07/23;0700 UTC;0;963,2;963,4;963,2;;14,6;11;15,3;14,4;11,2;11;80;76;79;312;2,6;1,7;
2019/07/23;0800 UTC;0;963,3;963,3;963,2;;14;11,3;14,7;13,7;11,3;10,7;84;79;84;321;2,8;1,6;
2019/07/23;0900 UTC;0;963,7;963,7;963,3;;13,5;10,7;14,1;13,5;11,3;10,6;84;82;83;304;3;1,7;
2019/07/23;1000 UTC;0;964,3;964,3;963,7;,9;13,1;10,5;13,5;12,8;10,8;10,3;87;83;84;310;2,9;1,4;
2019/07/23;1100 UTC;0;964,7;964,7;964,3;277,9;15,2;11,6;15,2;12,6;11,8;10,2;87;79;79;324;2,3;,4;
2019/07/23;1200 UTC;0;965,1;965,1;964,7;1140,6;18,5;12,8;18,8;15,2;12,8;11,5;80;66;70;317;2,9;1,6;
2019/07/23;1300 UTC;0;965,4;965,5;965,1;1831,5;22,4;12,1;22,4;18,4;13,3;11,7;70;52;52;262;4,4;2;
2019/07/23;1400 UTC;0;964,8;965,4;964,8;2358,6;25,2;11;25,2;22;12,3;11;53;41;41;220;6,8;1,9;
2019/07/23;1500 UTC;0;963,9;964,8;963,9;2672,1;27,3;10,7;27,3;25,2;11,4;10,1;41;35;36;208;6,8;2,3;
2019/07/23;1600 UTC;0;962,8;963,9;962,8;2707;28,4;9,3;28,8;27,1;10,8;8,8;36;29;30;208;5,9;2,1;
2019/07/23;1700 UTC;0;961,8;962,8;961,8;2515,5;28,5;8,4;29;27,9;9,8;8,2;32;28;28;220;6,6;1,6;
2019/07/23;1800 UTC;0;961,1;961,8;961,1;2165,1;29,1;8,3;29,4;28,2;9,2;8,2;30;27;27;204;6,2;1,3;
2019/07/23;1900 UTC;0;961;961,1;960,9;1530,4;28,2;8,3;29,2;28,2;9,1;7,6;29;26;29;233;5,9;,8;
2019/07/23;2000 UTC;0;961,2;961,2;961;466,6;26,4;8,5;28,3;26,4;8,8;7,7;32;28;32;251;4,9;,7;
2019/07/23;2100 UTC;0;961,6;961,6;961,2;60,9;24,4;9,2;26,4;24,1;10,1;8,4;41;32;38;215;1,9;,1;
2019/07/23;2200 UTC;0;961,9;961,9;961,6;;24,3;8,9;24,9;23,6;9,4;8,9;40;37;38;208;,9;,3;
2019/07/23;2300 UTC;0;962,5;962,5;961,9;;23,1;9,4;24,4;23,1;9,5;8,9;42;37;42;224;,9;0;
2019/07/24;0000 UTC;0;962,6;962,7;962,5;;21,4;10,2;23,1;21,4;10,3;8,9;49;42;49;348;1,6;0;
2019/07/24;0100 UTC;0;962,9;962,9;962,6;;17,9;10,8;21,4;17,9;10,8;10,1;63;49;63;38;0;0;
2019/07/24;0200 UTC;0;963,3;963,3;962,9;;17,2;11,3;18;17,1;11,3;10,8;68;63;68;333;2,1;1,3;
2019/07/24;0300 UTC;0;963,1;963,3;963;;15,8;11;17,3;15,8;11,3;11;74;68;73;334;2,2;,3;
2019/07/24;0400 UTC;0;962,8;963,1;962,8;;15;11;16,4;14,8;11,4;10,9;78;71;77;352;3,8;1;
2019/07/24;0500 UTC;0;962,7;963;962,7;;14,5;10,6;15,5;14,5;11,3;10,6;78;75;77;324;5,4;,9;
2019/07/24;0600 UTC;0;962,4;962,7;962,4;;14;10,6;14,6;13,8;10,8;10,4;80;77;80;325;2,8;,8;
2019/07/24;0700 UTC;0;962,3;962,4;962,3;;14;10,3;14,5;14;10,7;10,3;80;77;78;341;2,1;,9;
2019/07/24;0800 UTC;0;962,3;962,4;962,3;;13,9;10,3;14,1;13,6;10,5;10,2;81;78;79;316;2,8;1,6;
2019/07/24;0900 UTC;0;962,7;962,7;962,3;;13,5;10,3;14;13,5;10,5;10,3;81;79;81;324;2,8;,3;
2019/07/24;1000 UTC;0;962,8;962,8;962,7;;13,2;10,5;13,5;12,7;10,5;9,8;85;81;84;317;2;,3;
2019/07/24;1100 UTC;0;963,5;963,5;962,8;285,8;13,8;11;13,9;12,8;11,2;10,1;86;82;83;344;1,6;0;
2019/07/24;1200 UTC;0;964,2;964,2;963,5;1123,1;16,9;12,2;16,9;13,8;12,2;11;84;73;74;352;2,1;,4;
2019/07/24;1300 UTC;0;964,5;964,5;964,1;1820,6;21,6;13;21,7;16,9;13,5;12,3;74;57;58;349;2,3;1;
2019/07/24;1400 UTC;0;963,9;964,5;963,9;2355,5;25,4;12,3;25,8;21,6;13,6;11,6;59;42;44;242;5,2;2,1;
2019/07/24;1500 UTC;0;963,2;963,9;963,2;2668,1;28,3;10,2;28,6;25,5;12,7;10,1;44;32;32;234;5,9;1,8;
2019/07/24;1600 UTC;0;962,2;963,2;962,2;2708;29,2;9,9;29,5;28;10,7;9,3;33;29;30;219;6,6;2,2;
2019/07/24;1700 UTC;0;961,2;962,3;961,2;2495,3;28,9;9;30;28,6;10,5;8,9;31;27;29;218;7,5;1,5;
2019/07/24;1800 UTC;0;960,4;961,2;960,4;2102,9;29,6;8,4;30,1;28,7;9,8;8,2;30;26;27;217;4,8;1,3;
2019/07/24;1900 UTC;0;960,4;960,4;960,3;1535,5;29,2;8,8;30,2;29,1;9,3;8,1;29;26;28;239;6,3;2,3;
2019/07/24;2000 UTC;0;960,9;960,9;960,4;463,2;27,6;8,9;29,3;27,6;9;8;31;27;31;236;5,7;,2;
2019/07/24;2100 UTC;0;961,4;961,4;960,9;52,6;26,3;8,7;27,6;26,3;9,6;8,7;35;31;33;277;1,9;0;
2019/07/24;2200 UTC;0;961,4;961,5;961,4;;24,4;9,2;26,4;24,3;9,2;8,6;38;33;38;24;1,4;0;
2019/07/24;2300 UTC;0;961,8;961,8;961,4;;21,8;10,8;24,4;21,8;10,8;9,1;50;38;50;6;1,6;,5;
2019/07/25;0000 UTC;0;962,3;962,3;961,8;;21,1;11,2;21,8;20,9;11,7;10,7;56;50;53;323;2;,3;
2019/07/25;0100 UTC;0;962,6;962,6;962,2;;20,5;11;21,2;20,4;11,7;10,8;56;52;54;340;2;,3;
2019/07/25;0200 UTC;0;962,7;962,7;962,6;;19,7;10,7;20,7;19,7;11,4;10,7;58;54;56;308;2,2;,7;
2019/07/25;0300 UTC;0;962,7;962,8;962,7;;17,1;12,7;19,7;17,1;12,7;10,6;75;56;75;15;2,2;1;
2019/07/25;0400 UTC;0;962,5;962,7;962,5;;17;11,8;17,7;16,8;12,8;11,8;76;70;71;350;2;1,3;
2019/07/25;0500 UTC;0;962,5;962,5;962,4;;17,1;11,3;17,7;16,6;11,8;11,2;73;67;69;293;2,8;,9;
2019/07/25;0600 UTC;0;962,2;962,5;962,2;;15,7;11,3;17,1;15,6;11,6;11,1;75;69;75;4;2,2;,5;
2019/07/25;0700 UTC;0;962;962,2;961,9;;15,3;11,6;16,1;15,2;11,8;11,3;79;75;79;9;2,5;,8;
2019/07/25;0800 UTC;0;961,8;962;961,7;;14,6;11,7;15,4;14,1;11,8;11,4;84;78;83;358;2,4;,3;
2019/07/25;0900 UTC;0;962,3;962,3;961,8;;14,7;11,4;16;14,6;12;11,3;83;75;80;7;1,8;,2;
2019/07/25;1000 UTC;0;962,8;962,8;962,3;3,1;14,1;11,7;14,7;13,6;11,7;11,2;87;80;85;345;1,1;0;
2019/07/25;1100 UTC;0;963,1;963,1;962,7;384,3;16,3;12,6;16,3;14,1;12,9;11,5;85;79;79;4;1,5;,2;
2019/07/25;1200 UTC;0;963,5;963,5;963,1;772,1;18,6;12,6;18,8;16,3;13,7;12,6;80;68;68;318;2,7;1,5;
2019/07/25;1300 UTC;0;963,7;963,7;963,5;1151,1;22,2;13;22,2;18,6;13,4;12,4;70;56;56;321;5,1;1,8;
2019/07/25;1400 UTC;0;963,2;963,7;963,2;1419,4;25,7;13,7;25,7;22,2;14,4;12,6;57;48;48;318;4,4;1,6;
2019/07/25;1500 UTC;0;962,5;963,2;962,5;2093,5;27,4;11,4;28,6;25,7;14,3;11,2;48;36;37;271;6,4;3,5;
2019/07/25;1600 UTC;0;961,4;962,5;961,4;2305,6;29,6;10,6;30,1;27,3;12,3;10,1;39;30;31;268;9,3;4,5;
2019/07/25;1700 UTC;0;960,7;961,4;960,7;2411,1;29,8;10;30,8;29,2;11;9,4;31;28;29;293;8,6;3;
2019/07/25;1800 UTC;0;960,3;960,7;960,3;1820,9;30,2;9,6;30,9;29,1;10,1;8,5;30;26;28;309;6,5;2,3;
2019/07/25;1900 UTC;0;960,2;960,3;960,2;1189,7;28,7;9;30,3;28,7;10,3;8,7;31;27;29;299;5;1,9;
2019/07/25;2000 UTC;0;960,6;960,6;960,2;377,5;27,2;10,1;28,7;27,2;10,1;9;34;29;34;304;3,9;1,4;
2019/07/25;2100 UTC;0;961,1;961,1;960,5;108,3;25,5;10;27,2;25,5;10,8;10;38;34;38;307;3,5;1,4;
2019/07/25;2200 UTC;0;961,4;961,4;961;;24,2;9,6;25,5;24,2;10;9,5;40;37;40;305;3,5;1,4;
2019/07/25;2300 UTC;0;961,9;961,9;961,4;;22,6;11,6;24,2;22,1;11,6;9,6;51;40;50;327;3,1;1,3;
2019/07/26;0000 UTC;0;962,3;962,3;961,9;;20,8;12,2;22,6;20,8;12,2;11,4;58;50;58;353;3,8;,4;
2019/07/26;0100 UTC;0;962,7;962,7;962,3;;20;11,6;20,9;20;12,4;11,5;61;55;58;335;2,8;1,3;
2019/07/26;0200 UTC;0;963,2;963,2;962,7;;18,8;11,2;20,7;18,8;12;11,2;62;57;62;334;2,6;,9;
2019/07/26;0300 UTC;0;963,4;963,4;963,1;;18,6;12,4;18,8;18;12,6;11,3;69;62;67;8;2,9;1,5;
2019/07/26;0400 UTC;0;963,4;963,5;963,4;;18,4;12,2;18,7;18;12,5;12,2;69;66;67;24;2,8;1,8;
2019/07/26;0500 UTC;0;963,1;963,4;963,1;;17,4;13,9;18,4;17,3;14;12,2;80;67;80;23;3,1;1,8;
2019/07/26;0600 UTC;0;962,9;963,1;962,9;;16,6;14,2;17,4;16,5;14,4;13,8;86;80;86;12;3,1;2;
2019/07/26;0700 UTC;0;962,8;962,9;962,8;;15,1;13,4;16,6;15,1;14,2;13,4;90;86;89;3;3,1;1,7;
2019/07/26;0800 UTC;0;963,2;963,2;962,8;;14,4;13,1;15,1;14,4;13,4;13,1;92;89;92;347;2,4;,1;
2019/07/26;0900 UTC;0;963,7;963,7;963,2;;14,4;13,3;14,5;14,1;13,3;13;93;92;93;6;1,8;0;
2019/07/26;1000 UTC;0;964,4;964,4;963,7;2,3;13,8;12,8;14,4;13,7;13,3;12,7;94;93;94;350;1,8;,6;
2019/07/26;1100 UTC;0;964,8;964,8;964,4;304,9;14,8;13,9;14,8;13,7;13,9;12,7;94;94;94;349;2,3;,9;
2019/07/26;1200 UTC;0;965,6;965,6;964,9;1052,9;18,6;14,5;18,6;14,8;14,9;14;94;77;77;337;5,1;2,9;
2019/07/26;1300 UTC;0;965,9;966;965,6;1041;19,5;14,8;19,7;18,5;14,8;13,6;78;71;74;356;5,6;1,3;
2019/07/26;1400 UTC;0;965,5;965,9;965,5;1946,1;24,2;12,8;24,3;19,6;15,1;12,2;74;49;49;262;6;2,6;
2019/07/26;1500 UTC;0;964,8;965,5;964,8;2490,4;28,2;9,3;28,7;24,1;13,3;9,2;50;30;31;252;6,1;2,9;
2019/07/26;1600 UTC;0;963,9;964,9;963,9;2156,1;28,9;9,3;29;27,7;9,9;8,7;32;29;29;257;7,7;2,6;
2019/07/26;1700 UTC;0;963,2;963,9;963,1;1811,8;29,4;8,5;29,6;28,6;9,2;7,4;29;26;27;226;7,7;1,4;
2019/07/26;1800 UTC;0;962,8;963,2;962,8;931,3;28,7;6,8;29,3;28,4;8,6;6,2;28;24;25;176;4;,9;
2019/07/26;1900 UTC;0;962,6;962,8;962,6;1051,9;28,7;6,6;30,3;28,5;7,8;5,8;27;22;25;232;3,5;1;
2019/07/26;2000 UTC;0;963;963;962,6;509,3;27,8;7,1;29,2;27,8;7,5;6,2;28;24;27;270;3,3;,9;
2019/07/26;2100 UTC;0;963,4;963,4;963;65,7;24,8;7,6;27,8;24,8;8,5;7,1;34;27;33;192;2;0;
2019/07/26;2200 UTC;0;963,9;963,9;963,4;;24,5;6,7;25,6;24,3;7,6;6,6;33;31;32;275;1;,1;
2019/07/26;2300 UTC;0;964,1;964,1;963,8;;23,4;7,7;24,7;23,1;7,7;6,6;37;32;37;323;1,7;,8;
2019/07/27;0000 UTC;0;964,4;964,4;964,1;;21,7;9,5;23,4;21,2;9,7;7,7;47;37;46;9;1,3;0;
2019/07/27;0100 UTC;0;964,9;964,9;964,4;;19,5;10;21,7;19,3;10,6;9,5;54;46;54;342;2,6;,9;
2019/07/27;0200 UTC;0;964,9;965;964,9;;17,9;10;19,6;17,9;10,6;9,9;60;54;60;16;1,8;0;
2019/07/27;0300 UTC;0;964,9;965;964,8;;16,8;9,9;18,7;16,8;10,4;9,7;64;57;64;350;3,6;,1;
2019/07/27;0400 UTC;0;964,8;965;964,8;;16,9;9,8;16,9;16,1;10;9,7;67;63;63;309;1,6;,5;
2019/07/27;0500 UTC;0;964,7;964,8;964,7;;16,1;10,4;17,4;16;10,4;9,5;69;60;69;320;1,3;0;
2019/07/27;0600 UTC;0;964,6;964,8;964,6;;15,4;10,1;16,3;15,3;10,5;10;71;67;71;325;1,9;,9;
2019/07/27;0700 UTC;0;964,4;964,6;964,3;;14,5;9,8;15,5;14,5;10,2;9,8;73;70;73;336;1,7;1;
2019/07/27;0800 UTC;0;964,5;964,5;964,3;;13;9,7;14,5;13;10;9,6;80;73;80;8;1,9;0;
2019/07/27;0900 UTC;0;964,9;964,9;964,5;;13,3;9,7;13,3;12,7;9,9;9,7;83;79;79;324;2,2;1,3;
2019/07/27;1000 UTC;0;965,6;965,6;964,9;;12,9;9,4;13,4;12,9;9,7;9,4;80;78;79;342;2,2;,1;
2019/07/27;1100 UTC;0;966,2;966,2;965,6;298,1;14,8;10,2;15,1;12,9;10,7;9,4;81;74;74;335;2,1;,5;
2019/07/27;1200 UTC;0;966,7;966,7;966,2;1128,4;17,9;11,8;17,9;14,8;11,8;10,3;75;67;68;348;1,8;,8;
2019/07/27;1300 UTC;0;966,9;966,9;966,7;1819,2;22,7;10,2;23;17,9;12,4;10,2;68;45;45;271;5,4;2,6;
2019/07/27;1400 UTC;0;966,4;966,9;966,4;2343,7;26,5;9,1;26,7;22,6;11,3;8,8;47;33;33;258;6,8;3,3;
2019/07/27;1500 UTC;0;965,8;966,4;965,8;2657,3;28,5;7,6;28,7;26,5;9,9;7,5;35;27;27;234;7;1,7;
2019/07/27;1600 UTC;0;964,4;965,8;964,4;2719,9;28,4;8,1;29,3;28,2;8,3;6,6;28;25;28;155;7,1;2;
2019/07/27;1700 UTC;0;963,5;964,4;963,5;2176,7;28,2;7,5;29,9;28,2;8,8;6,8;29;24;27;299;4,3;2;
2019/07/27;1800 UTC;0;962,8;963,5;962,8;1652,8;28,5;7,2;29,7;28;8,7;6,8;29;25;26;351;7,5;1,5;
2019/07/27;1900 UTC;0;962,7;962,8;962,6;1139;28,6;7,7;29,1;27,4;8,1;6,7;29;25;27;359;3,8;1,2;
2019/07/27;2000 UTC;0;962,8;962,8;962,6;522,9;27,2;8;28,8;27,2;8,1;6,7;30;26;30;337;3,8;,9;
2019/07/27;2100 UTC;0;963,2;963,2;962,7;58,5;25,4;7,1;27,2;25,3;8,2;7,1;32;29;31;301;2,2;1,3;
2019/07/27;2200 UTC;0;963,4;963,4;963,2;;23,8;7;25,4;23,4;7,1;6,8;35;31;34;58;1,8;0;
2019/07/27;2300 UTC;0;963,9;963,9;963,4;;22,9;8,4;23,9;22,7;8,6;6,9;40;34;40;49;1,8;,1;
2019/07/28;0000 UTC;0;964,2;964,2;963,9;;20,8;9,1;22,9;20,3;9,5;8,4;49;40;47;359;4,4;0;
2019/07/28;0100 UTC;0;964,5;964,5;964,2;;19,6;9,2;21,2;19,6;9,5;8,6;51;45;51;356;1,3;0;
2019/07/28;0200 UTC;0;964,6;964,7;964,5;;18,8;10;19,7;18,7;10;9,2;56;51;56;337;2,1;,3;
2019/07/28;0300 UTC;0;964,5;964,7;964,5;;17,8;10,3;18,8;17,5;10,3;9,8;62;56;61;312;2,3;1,4;
2019/07/28;0400 UTC;0;964,2;964,5;964,2;;16,1;10,2;17,8;16,1;10,4;10,1;68;61;68;351;2,3;,1;
2019/07/28;0500 UTC;0;964;964,7;964;;16,1;9,6;16,9;14,1;11,1;9,5;81;63;66;359;4;,2;
2019/07/28;0600 UTC;0;964,1;964,1;963,9;;13,7;10,1;16,1;13,7;10,5;9,5;79;66;79;23;2,2;1;
2019/07/28;0700 UTC;0;963,8;964,1;963,8;;12,7;10,3;13,7;12,7;11;10,1;86;79;85;360;2,4;1,6;
2019/07/28;0800 UTC;0;963,9;963,9;963,7;;11,8;9,3;13;11,8;10,8;9,3;87;84;85;2;2,6;1,4;
2019/07/28;0900 UTC;0;964,3;964,3;963,9;;12;9,5;12;11,6;9,5;9;86;84;85;338;2,3;,8;
2019/07/28;1000 UTC;0;964,5;964,7;964,3;;12,2;10,6;12,2;11,5;10,6;9,2;90;85;90;328;2,5;1,2;
2019/07/28;1100 UTC;0;965,3;965,3;964,5;293,9;13,5;11,9;13,5;11,9;12;10,2;92;89;90;4;3,4;,9;
2019/07/28;1200 UTC;0;966;966;965,3;1095,9;16,9;13,2;16,9;13,5;13,2;11,8;90;79;79;354;4,3;2,5;
2019/07/28;1300 UTC;0;966,2;966,3;966;1821,4;19,8;12,6;20,2;16,9;13,6;12,5;79;61;63;352;6,8;4,2;
2019/07/28;1400 UTC;0;965,8;966,3;965,8;2354,8;23,2;12,8;23,4;19,8;13,5;12,4;64;52;52;352;6,5;2,5;
2019/07/28;1500 UTC;0;964,8;965,8;964,8;2675,2;25,9;7,9;26,8;23;13,2;7,8;53;31;32;282;5,7;2,9;
2019/07/28;1600 UTC;0;963,6;964,8;963,6;2636,8;27,4;6,7;28;25,9;9,5;6,7;35;27;27;298;5,8;2,6;
2019/07/28;1700 UTC;0;962,3;963,6;962,3;2600,5;28,3;5,1;29,1;27,4;7,3;4,7;28;22;23;297;7,5;3,1;
2019/07/28;1800 UTC;0;961,6;962,3;961,6;2197,8;28,1;4,3;29,2;27,7;5,8;3,8;23;21;22;301;8,2;3,5;
2019/07/28;1900 UTC;0;961,5;961,6;961,5;1579,3;27,6;5,2;28,8;27,6;5,4;3,7;24;21;24;307;8,2;2,4;
2019/07/28;2000 UTC;0;961,7;961,7;961,4;486,3;26,2;5,4;27,6;26,2;5,9;4,6;27;23;26;317;4,9;1,8;
2019/07/28;2100 UTC;0;962,2;962,2;961,7;60,4;23,2;5,4;26,3;23,2;6,3;5,3;32;26;32;342;3,7;,1;
2019/07/28;2200 UTC;0;962,5;962,5;962,2;;21,4;10,4;23,5;21,3;10,5;5,1;50;31;50;12;4,1;1,9;
2019/07/28;2300 UTC;0;962,8;962,8;962,5;;18,7;9,4;21,3;18,7;10,5;9,4;54;49;54;348;4,1;1,9;
2019/07/29;0000 UTC;0;963,2;963,2;962,8;;18;10,5;18,8;17,8;10,5;9,5;62;55;62;346;4,4;2,6;
2019/07/29;0100 UTC;0;963,6;963,6;963,2;;17,7;12,1;18,5;17,7;12,2;10,8;70;62;70;325;5,6;3,7;
2019/07/29;0200 UTC;0;963,7;963,8;963,6;;16,5;12,8;17,7;16,1;12,8;12,1;80;70;79;338;5,2;2,7;
2019/07/29;0300 UTC;0;963,5;963,7;963,5;;15,7;12,8;16,8;15,5;13;12,5;83;78;83;2;4,6;2,3;
2019/07/29;0400 UTC;0;963,3;963,5;963,3;;15,9;12,9;16,1;15,6;13;12,6;83;81;82;13;4,1;2,6;
2019/07/29;0500 UTC;0;962,9;963,4;962,9;;14,6;12,4;16;14,6;12,9;12,3;87;81;87;11;4,3;2,5;
2019/07/29;0600 UTC;0;962,5;962,9;962,5;;14,5;12,5;14,8;14,3;12,6;12,2;88;86;88;3;4,6;2,7;
2019/07/29;0700 UTC;0;962,5;962,7;962,4;;14;12,2;14,6;13,9;12,5;12,1;89;87;89;1;4,2;1,8;
2019/07/29;0800 UTC;0;962,5;962,6;962,4;;14,1;12,3;14,2;13,8;12,4;12,1;90;89;89;358;3,5;1,3;
2019/07/29;0900 UTC;0;962,7;962,7;962,5;;14,1;12,2;14,2;14;12,4;12,1;89;88;88;358;2,8;1,1;
2019/07/29;1000 UTC;0;963,3;963,3;962,7;,6;13,8;12,1;14,1;13,7;12,2;11,9;90;88;89;359;2,8;,5;
2019/07/29;1100 UTC;0;963,8;963,8;963,3;337,7;15,4;12,8;15,4;13,8;12,8;12,2;90;84;85;354;3,9;2;
2019/07/29;1200 UTC;0;964,3;964,3;963,8;845;18,2;13,1;18,3;15,4;13,4;12,6;85;71;72;353;4,5;2,4;
2019/07/29;1300 UTC;0;964,6;964,7;964,3;1510,3;20;12,4;20,3;18,3;13;11,9;72;61;61;345;5,6;2,1;
2019/07/29;1400 UTC;0;964,1;964,6;964,1;2009,9;23,2;11,8;23,3;19,9;12,9;10,8;62;47;49;284;6,1;3,4;
2019/07/29;1500 UTC;0;963;964,1;963;2079,9;25,7;10,3;25,9;22,9;12;10,2;49;37;38;250;6,1;2,2;
2019/07/29;1600 UTC;0;962;963;962;2152,4;27,3;9,3;27,4;25,7;11;9,2;38;32;32;254;7,9;3;
2019/07/29;1700 UTC;0;961,1;962;961,1;1744,1;27,8;8,7;28,2;26,8;9,8;8,7;33;30;30;270;7,9;3,2;
2019/07/29;1800 UTC;0;960,4;961,1;960,4;1722,1;27,6;8,2;28,8;27,5;9,1;7,8;31;27;29;313;6,5;1,8;
2019/07/29;1900 UTC;0;960,2;960,4;960,1;1347,9;27,7;7;29,1;27,5;9,1;6,7;31;25;27;297;4,9;1,3;
2019/07/29;2000 UTC;0;960,4;960,4;960,2;438,5;27;7,4;27,7;26,9;8,3;6,9;30;27;29;327;4,4;2;
2019/07/29;2100 UTC;0;960,8;960,8;960,4;96,2;24,6;8;27;24,6;8;7;35;28;35;312;4,3;1;
2019/07/29;2200 UTC;0;961;961;960,8;;23,3;8,1;24,6;23,2;8,3;7,7;38;35;38;332;1,7;,6;
2019/07/29;2300 UTC;0;961,5;961,5;961;;20,6;10,2;23,3;20,1;10,8;8;53;38;51;5;3,3;1,3;
2019/07/30;0000 UTC;0;961,8;961,8;961,5;;19,3;11;20,6;19,3;11,3;10,2;59;52;59;325;2,4;1,3;
2019/07/30;0100 UTC;0;961,8;961,9;961,7;;18,2;10,8;19,3;18;11,4;10,7;65;59;62;14;2,5;,2;
2019/07/30;0200 UTC;0;961,9;961,9;961,7;;17,2;11,6;18,2;17,2;11,6;10,7;69;62;69;8;2,2;0;
2019/07/30;0300 UTC;0;961,8;961,9;961,8;;17,2;11,7;17,3;16,5;11,9;11,4;73;69;70;334;1,6;,3;
2019/07/30;0400 UTC;0;961,6;961,8;961,6;;16,5;11,5;17,6;16,5;11,9;11,4;72;69;72;10;2;,1;
2019/07/30;0500 UTC;0;961,1;961,6;961,1;;15,2;11,8;16,6;15,1;11,9;11,3;81;72;80;340;2;,3;
2019/07/30;0600 UTC;0;960,5;961,1;960,4;;14,8;11,7;15,3;14,7;12,1;11,6;84;79;81;336;1,6;,2;
2019/07/30;0700 UTC;0;960,2;960,5;960,2;;15,1;10,6;15,3;14,5;11,6;10,6;81;74;75;328;2,6;1;
2019/07/30;0800 UTC;0;960,2;960,3;960,1;;14,7;10,7;15,1;13,6;10,9;10,4;82;75;77;324;2,6;1,7;
2019/07/30;0900 UTC;0;960,6;960,6;960,2;;13,9;10,4;14,7;13,6;10,7;10,1;80;77;80;316;2,6;1,4;
2019/07/30;1000 UTC;0;961,1;961,1;960,6;1,4;12,8;10,2;13,9;12,8;10,5;10,1;84;79;84;359;2,4;,6;
2019/07/30;1100 UTC;0;961,5;961,5;961;276,6;14,8;11,5;14,8;12,2;11,6;10,1;89;81;81;335;3;1,5;
2019/07/30;1200 UTC;0;962,3;962,3;961,5;1138,8;18,5;12,1;18,5;14,9;12,6;11,4;80;65;66;351;3,2;,3;
2019/07/30;1300 UTC;0;962,9;962,9;962,3;1692,9;21,6;12;21,6;18,4;12,9;11,6;69;54;54;27;2,3;,4;
2019/07/30;1400 UTC;0;962,3;962,9;962,3;2078,8;25;9,8;26;21,5;12,5;9,8;55;37;38;233;4,5;1,1;
2019/07/30;1500 UTC;0;961,6;962,3;961,6;948,7;26,1;10,1;26,1;24,5;11,1;9,5;42;36;37;184;4,5;1,7;
2019/07/30;1600 UTC;0;960,4;961,6;960,4;2192;28,1;9,9;29,6;26,1;11,1;9,1;38;29;32;159;7,3;3;
2019/07/30;1700 UTC;0;959,7;960,4;959,7;1766;27,6;10;29,5;27,6;10,4;9,4;33;29;33;157;8,1;2,2;
2019/07/30;1800 UTC;0;959;959,7;959;1638,9;28,8;10;29,5;27,5;11;9,5;34;30;31;155;6,6;2,1;
2019/07/30;1900 UTC;0;958,6;959;958,6;1441,4;28,2;9;29,1;27,6;10,3;9;33;29;30;101;6,5;3,7;
2019/07/30;2000 UTC;0;959,1;959,1;958,6;601,2;25,3;11,1;28,2;25,3;11,4;9;42;30;41;44;6,5;2;
2019/07/30;2100 UTC;0;959,4;959,4;959,1;76,1;22,5;11,9;25,3;22,5;12,3;11,2;52;41;51;19;3,6;,6;
2019/07/30;2200 UTC;0;960,6;960,6;959,5;;21,7;12,2;22,5;21,4;12,2;11,1;55;50;55;60;7,4;3,1;
2019/07/30;2300 UTC;0;960,7;960,8;960,4;;21,2;11,5;21,9;21,1;12,7;11,3;57;52;54;6;7,2;,4;
2019/07/31;0000 UTC;0;961,2;961,2;960,7;;21;10,5;22,1;20,8;11,4;10,2;54;47;51;15;3,8;2;
2019/07/31;0100 UTC;0;961,7;961,8;961,2;;20,1;10,6;21,2;20;10,9;10,5;56;51;54;9;5,4;2,6;
2019/07/31;0200 UTC;0;961,7;961,8;961,7;;18,2;11,1;20,1;18,2;11,1;10,5;63;54;63;15;4,3;2,2;
2019/07/31;0300 UTC;0;961,7;961,8;961,6;;16,9;11,4;18,2;16,5;11,4;10,8;70;63;70;2;3,2;,5;
2019/07/31;0400 UTC;0;961,3;961,7;961,3;;15,5;10,9;17;15,4;11,5;10,7;74;69;74;325;2,1;1,2;
2019/07/31;0500 UTC;0;960,6;961,3;960,6;;15,4;10,8;16;15;11,1;10,6;76;72;74;318;2,7;1;
2019/07/31;0600 UTC;0;960,3;960,6;960,3;;13,7;10,5;15,5;13,7;11;10,5;81;74;81;2;1,8;0;
2019/07/31;0700 UTC;0;960;960,3;959,9;;13,7;10,6;13,9;13,1;10,8;10,4;85;81;81;317;2,5;1,6;
2019/07/31;0800 UTC;0;960,1;960,1;959,7;;12,8;10,5;13,9;12,8;11;10,4;86;81;86;330;2,5;,2;
2019/07/31;0900 UTC;0;960,7;960,7;960,1;;12;10,4;12,8;11,7;10,6;9,8;90;86;90;336;1,2;0;
2019/07/31;1000 UTC;0;961,6;961,6;960,7;1,1;10,8;9,6;12;10,7;10,4;9,5;92;90;92;36;,9;0;
2019/07/31;1100 UTC;0;962,3;962,3;961,6;321,1;15,2;12,2;15,2;10,8;12,2;9,6;93;82;82;329;0;0;
2019/07/31;1200 UTC;0;962,8;962,8;962,3;1194,1;16,1;11,7;16,2;14,3;12,4;11,2;83;75;75;336;2,7;1,7;
2019/07/31;1300 UTC;0;963,1;963,1;962,8;1904,2;19,8;12,2;19,9;16;12,8;11,8;77;61;62;356;3,6;,9;
2019/07/31;1400 UTC;0;962,7;963,1;962,7;2410,8;24,5;9,5;24,5;19,8;12,8;9,5;62;38;39;340;3,3;1;
2019/07/31;1500 UTC;0;962;962,7;961,9;2745,2;26,1;8;26,4;24,5;11,1;7,5;42;32;32;311;5,7;2;
2019/07/31;1600 UTC;0;960,9;962;960,9;2767,9;27,1;8,8;27,9;25,9;10,2;7,7;36;29;32;80;4,2;1,6;
2019/07/31;1700 UTC;0;959,5;960,9;959,5;2579,4;28,3;7,4;28,6;27;9,6;6,5;33;26;27;13;4,6;1,7;
2019/07/31;1800 UTC;0;959;959,6;959;2233,8;28;5,7;28,9;27,7;7,5;5;27;23;24;26;4,6;1,9;
2019/07/31;1900 UTC;0;958,8;959;958,8;1641,6;27,9;5,3;28,7;27,7;6,7;4,2;26;22;24;53;5,1;1,9;
2019/07/31;2000 UTC;0;959,1;959,1;958,8;515,8;26,8;6,9;27,9;26,7;6,9;5,2;28;24;28;75;4;1,4;
2019/07/31;2100 UTC;0;959,2;959,2;959;54,5;23,9;5,7;26,7;23,9;7,2;5,7;31;27;31;59;3,3;1,1;
2019/07/31;2200 UTC;0;959,3;959,3;959,2;;23,2;5,8;23,9;22,7;5,9;5,6;33;31;32;16;2;1;
2019/07/31;2300 UTC;0;959,6;959,6;959,3;;21,6;6,2;23,5;21,6;6,2;5,7;37;32;37;24;1,9;0;
2019/08/01;0000 UTC;0;960;960;959,6;;19,2;6,8;21,6;19,1;7,3;6,2;45;37;44;315;3,4;1,2;
2019/08/01;0100 UTC;0;960;960,1;959,9;;16,8;7,2;19,7;16,8;7,2;6,8;53;43;53;355;3,2;1,7;
2019/08/01;0200 UTC;0;960;960,1;960;;16,9;7,7;18,1;16,4;7,9;7,2;56;51;55;341;2,8;,8;
2019/08/01;0300 UTC;0;959,9;960;959,9;;15,8;8,7;16,9;15,8;8,7;7,7;63;55;63;330;2,4;1,4;
2019/08/01;0400 UTC;0;959,7;959,9;959,7;;15,1;9,5;15,9;15,1;9,6;8,8;69;63;69;325;2,6;,4;
2019/08/01;0500 UTC;0;959,1;959,7;959,1;;14,4;10;15,1;14,2;10,1;9,4;75;69;75;326;2,6;,1;
2019/08/01;0600 UTC;0;958,8;959,1;958,7;;14,1;10,2;14,7;13,8;10,3;9,8;78;75;78;298;2,1;,6;
2019/08/01;0700 UTC;0;958,4;958,8;958,4;;13,3;10,2;14,4;13,2;10,5;9,6;81;76;81;314;2,2;,3;
2019/08/01;0800 UTC;0;958,2;958,4;958,1;;12,1;9,3;13,4;12,1;10,3;9,3;83;81;83;331;1,9;,6;
2019/08/01;0900 UTC;0;958,1;958,2;957,9;;12,1;9,2;12,2;11,7;9,6;9,1;86;82;83;317;2;,7;
2019/08/01;1000 UTC;0;958,6;958,6;958,1;1,5;11,4;9;12,6;11,4;9,8;8,8;86;81;85;335;3,1;1,2;
2019/08/01;1100 UTC;0;959,3;959,3;958,6;340,7;12,7;9,8;12,8;11,3;10,2;8,9;87;83;83;346;2,5;1,4;
2019/08/01;1200 UTC;0;960,1;960,1;959,3;1184,4;16,4;10,5;16,4;12,7;10,8;9,9;83;68;68;15;2,9;,9;
2019/08/01;1300 UTC;0;960,5;960,5;960,1;1866,3;20,4;9,8;20,5;16,4;11;9,7;68;50;50;2;3,4;1,5;
2019/08/01;1400 UTC;0;960;960,5;960;2363,5;26,5;10,1;26,5;20,4;10,8;9,5;52;34;36;319;3,5;1,3;
2019/08/01;1500 UTC;0;959;960;959;2683,6;29,8;9,4;29,8;26;10,6;9;37;28;28;249;5,5;2,4;
2019/08/01;1600 UTC;0;958;959,1;958;2692,8;30,2;7,9;31,3;28,8;10;7,4;30;23;25;228;6,4;2,1;
2019/08/01;1700 UTC;0;956,8;958;956,8;2401,9;31,5;7,6;31,9;30;9,1;6,8;26;21;23;154;6,5;2,1;
2019/08/01;1800 UTC;0;956;956,8;956;2123,3;31,3;6,4;32,3;30,8;7,3;5,9;23;20;21;166;8,4;2,6;
2019/08/01;1900 UTC;0;955,7;956;955,7;1147,7;30,3;6,4;31,6;30,3;7,5;6,3;24;21;22;177;6,4;1,9;
2019/08/01;2000 UTC;0;955,9;955,9;955,7;371,2;28,4;7,4;30,3;28,4;8,3;6,4;28;22;27;130;4,5;1,1;
2019/08/01;2100 UTC;0;956,3;956,3;955,9;77,3;26,9;7,6;28,7;26,6;8,4;7,4;31;26;29;133;2;1;
2019/08/01;2200 UTC;0;957;957;956,3;;25,9;7;27,4;25,8;7,6;6,9;30;28;30;141;1,8;0;
2019/08/01;2300 UTC;0;957,4;957,4;957;;24,9;7,2;26,4;24,5;7,4;6,7;33;30;32;195;1,6;0;
2019/08/02;0000 UTC;0;957,7;957,7;957,4;;22,4;8,5;25;21,4;8,9;7,1;44;32;41;299;2,1;1,3;
2019/08/02;0100 UTC;0;958,1;958,1;957,6;;20,8;9,5;23,3;20,6;9,5;8,4;49;39;49;294;2,7;,2;
2019/08/02;0200 UTC;0;958,1;958,2;958;;18,6;10,1;20,8;18,5;10,1;9,5;58;49;58;333;3;,6;
2019/08/02;0300 UTC;0;958,3;958,5;958;;18,6;10;19,1;17,8;10,3;9,7;61;55;57;284;3,8;,7;
2019/08/02;0400 UTC;0;958,2;958,3;958;;17,3;10,2;19;16,6;10,5;9,6;66;55;63;328;2,6;,3;
2019/08/02;0500 UTC;0;958,1;958,3;958;;17,2;10,5;17,3;16,9;10,6;10;65;63;65;360;2,6;0;
2019/08/02;0600 UTC;0;957,6;958;957,5;;17,5;10,1;17,7;16,8;10,5;10,1;65;62;62;288;3,5;,4;
2019/08/02;0700 UTC;0;957,7;957,7;957,3;;16,2;9,9;17,6;16,2;10,1;9,9;67;61;67;300;3,6;0;
2019/08/02;0800 UTC;0;957,6;957,8;957,4;;17,4;9,8;17,4;15,3;10,3;9,8;72;61;61;324;1;0;
2019/08/02;0900 UTC;0;958;958;957,6;;16,5;9,6;17,5;16,4;9,8;9,5;64;61;64;327;,9;0;
2019/08/02;1000 UTC;0;958,2;958,2;958;1,9;15,1;10;16,7;15,1;10;9,5;72;63;72;280;2,3;,2;
2019/08/02;1100 UTC;0;958,8;958,8;958,2;249;17,5;10,9;17,5;15,1;11,4;10,1;75;65;65;277;2,1;,4;
2019/08/02;1200 UTC;0;959,4;959,4;958,7;652,1;20,8;10,3;20,8;17,5;11,9;10,1;66;51;51;234;2,9;,8;
2019/08/02;1300 UTC;0;959,5;959,6;959,4;1166,2;25;11,2;25;20,8;11,2;10,2;52;41;42;198;4,1;1,5;
2019/08/02;1400 UTC;0;959,1;959,5;959,1;1959,2;28,9;9,1;29,7;25,1;11,5;8,5;42;28;29;177;6,5;3,4;
2019/08/02;1500 UTC;0;958,3;959,2;958,3;2500,2;31,7;9,2;31,7;28,9;9,8;8,3;29;24;25;194;6,5;1,9;
2019/08/02;1600 UTC;0;957,5;958,3;957,5;2614,8;32,3;7,9;32,7;30,7;9,5;7,8;26;22;22;170;8,1;2,8;
2019/08/02;1700 UTC;0;956,7;957,5;956,7;2508,9;32,3;7,7;32,8;31,6;8,7;6,8;23;21;22;153;8,5;3;
2019/08/02;1800 UTC;0;956,2;956,7;956,2;2170,9;32;7,4;32,7;31,8;8,4;6,9;23;21;22;142;8,1;2,9;
2019/08/02;1900 UTC;0;956,1;956,2;956;1471,2;31,7;7,5;32,3;31,3;8,2;6,3;23;20;22;151;11,3;3,3;
2019/08/02;2000 UTC;0;956,3;956,3;956,1;536,7;30,1;8,3;31,8;30,1;8,3;7,5;26;22;26;161;7,3;1,6;
2019/08/02;2100 UTC;0;956,7;956,7;956,3;99,9;28,1;8,3;30,1;27,8;9;8,3;30;26;29;131;4,8;2,3;
2019/08/02;2200 UTC;0;957,4;957,4;956,7;;27,1;8,5;28,1;27,1;8,5;8,1;31;29;31;119;6,2;2,7;
2019/08/02;2300 UTC;0;957,9;957,9;957,4;;26;9;27,1;26;9,1;8,5;34;31;34;109;5;1,8;
2019/08/03;0000 UTC;0;958,5;958,5;957,9;;25,2;9,6;26;24,8;9,7;9;38;34;37;116;2,9;1,4;
2019/08/03;0100 UTC;0;959,1;959,1;958,5;;23,9;10,8;25,2;23,9;10,9;9,6;44;37;44;96;3,5;1,3;
2019/08/03;0200 UTC;0;960,1;960,1;958,9;;19,5;13;23,9;19,5;13;10,9;66;44;66;21;8,2;3,5;
2019/08/03;0300 UTC;0;961,7;961,7;960,1;;17,5;13,5;19,5;17,5;13,5;13;77;66;77;28;6,7;,4;
2019/08/03;0400 UTC;0;961,2;961,8;960,8;;16,3;12;17,5;16,3;13,4;12;77;75;76;28;8,7;5,1;
2019/08/03;0500 UTC;0;961,1;962;961,1;;15,3;11,4;16,4;15,3;12,1;11,3;78;75;78;359;8,7;4,3;
2019/08/03;0600 UTC;0;961,1;961,6;960,9;;14,5;10,8;15,3;14,5;11,4;10,8;80;78;78;10;7,8;4;
2019/08/03;0700 UTC;0;961,4;961,5;961;;14,1;10,5;14,5;14,1;10,8;10,5;79;78;79;23;7,8;3,2;
2019/08/03;0800 UTC;0;961,2;961,4;961,2;;13,7;10,3;14,1;13,7;10,5;10,3;81;79;80;32;5,8;3,3;
2019/08/03;0900 UTC;0;961,5;961,5;961,1;;13,1;10,2;13,7;13,1;10,3;10,2;83;80;83;16;5,9;2,3;
2019/08/03;1000 UTC;0;962,5;962,5;961,5;,2;13,3;10,2;13,4;13,1;10,3;10,2;83;81;81;44;5,9;2,8;
2019/08/03;1100 UTC;0;963,6;963,6;962,5;219,5;13,8;10,5;13,8;13,2;10,5;10,1;82;79;80;30;6,8;3;
2019/08/03;1200 UTC;0;963,3;963,7;963,3;929,2;15,5;10,5;15,6;13,8;10,8;10,1;80;72;72;4;7,3;4,2;
2019/08/03;1300 UTC;0;964,7;964,7;963,3;985;16,1;10,3;16,2;15,4;10,7;10,1;73;68;68;18;8,4;3,8;
2019/08/03;1400 UTC;0;965,2;965,2;964,7;649,9;15,9;10,2;16,3;15,9;10,4;10;69;67;69;26;8,5;4,9;
2019/08/03;1500 UTC;0;965,5;965,7;965,2;673,4;15,3;9,3;16,1;15,3;10,3;9,3;70;67;67;33;9;5,2;
2019/08/03;1600 UTC;0;964,8;965,5;964,8;1003,6;15,7;9,1;16,2;15,1;9,6;9;68;64;65;13;8,9;4,3;
2019/08/03;1700 UTC;0;964;964,8;963,9;1694,5;17,5;9,3;18;15,7;9,9;9;66;58;58;1;7,5;3,5;
2019/08/03;1800 UTC;0;963,5;964;963,5;1768;18,1;9,6;19;17,4;10,1;9,2;60;55;58;17;5,9;2,8;
2019/08/03;1900 UTC;0;963,3;963,5;963,2;1061;18,8;9,6;19,4;17,9;10,2;9,3;59;54;55;4;6,4;2,9;
2019/08/03;2000 UTC;0;963,7;963,7;963,3;535,4;17,4;9,5;19;17,4;10;9,4;60;55;60;32;6,6;3,8;
2019/08/03;2100 UTC;0;963,7;963,8;963,6;103;16,1;9,4;17,4;16,1;9,6;9,4;65;60;65;16;6,6;1,6;
2019/08/03;2200 UTC;0;963,9;964;963,7;;15,1;9,6;16,1;14,9;9,7;9,4;71;65;70;9;2,7;1,2;
2019/08/03;2300 UTC;0;964,6;964,6;963,9;;14,4;9,4;15,1;14,4;9,6;9,4;72;70;72;16;3,8;2,1;
2019/08/04;0000 UTC;0;965;965;964,6;;12,9;9;14,5;12,8;9,4;8,9;78;72;78;5;3,8;1,8;
2019/08/04;0100 UTC;0;965,6;965,6;964,9;;12,5;8,9;13,2;12,5;9,2;8,9;79;76;79;347;4,1;1,4;
2019/08/04;0200 UTC;0;965,5;965,7;965,4;;12;8,9;12,5;11,9;9,1;8,7;82;79;81;340;3,7;2,2;
2019/08/04;0300 UTC;0;965,3;965,5;965,3;;11,9;9;12;11,6;9;8,7;83;81;83;359;3,7;1,8;
2019/08/04;0400 UTC;0;965,6;965,7;965,3;;12,3;9,3;12,4;11,7;9,4;8,9;84;82;82;358;3,2;2,2;
2019/08/04;0500 UTC;0;964,8;965,6;964,8;;12,7;9,7;12,7;12,1;9,7;9,2;83;82;82;360;6,1;3,4;
2019/08/04;0600 UTC;0;963,9;965,1;963,9;;12,6;9,7;12,8;12,6;9,8;9,6;82;81;82;353;6,6;3,2;
2019/08/04;0700 UTC;0;964,5;964,5;963,5;;12,7;10;12,7;12,3;10,2;9,7;87;82;83;17;6,9;2,7;
2019/08/04;0800 UTC;0;964,9;964,9;964,3;;12,5;9,8;12,7;12,5;9,9;9,8;84;83;83;6;6,2;2,3;
2019/08/04;0900 UTC;0;965,2;965,3;964,6;;12,6;9,4;12,7;12,4;9,8;9,4;83;81;81;20;5,9;2,6;
2019/08/04;1000 UTC;0;966;966;965,2;;12,3;9,5;12,7;12,2;9,6;9,3;84;80;83;8;5,6;2,9;
2019/08/04;1100 UTC;,2;967;967,2;966;43,6;11,9;9,2;12,3;11,9;9,6;9,1;85;83;84;9;6,5;3,3;
2019/08/04;1200 UTC;,6;967,8;967,8;967;96,5;11,6;9,8;11,9;11,5;9,8;9,1;89;83;89;2;6,5;2,6;
2019/08/04;1300 UTC;,8;968,6;968,7;967,8;187,5;11,9;10;11,9;11,6;10,1;9,6;89;87;88;343;6;2,9;
2019/08/04;1400 UTC;,8;969,2;969,2;968,6;237,6;12;10,2;12;11,8;10,4;9,9;90;88;89;338;5,7;2,8;
2019/08/04;1500 UTC;,6;969;969,2;969;427,8;12,2;10,3;12,3;11,9;10,7;10,2;90;87;88;349;6,7;3,6;
2019/08/04;1600 UTC;1;968,7;969,1;968,7;282,3;12;10,4;12,2;12;10,6;10,2;90;88;90;343;6,7;3;
2019/08/04;1700 UTC;1,6;968;968,7;967,8;265,7;11,9;10,5;12;11,8;10,6;10,1;91;89;91;337;6,7;2,6;
2019/08/04;1800 UTC;,8;968,4;968,4;968;175;12;10,7;12;11,9;10,7;10,4;92;90;92;351;5,9;2,3;
2019/08/04;1900 UTC;2,2;968,1;968,6;968,1;119,7;12;10,8;12,1;11,9;10,8;10,6;92;91;92;349;5;2,7;
2019/08/04;2000 UTC;1;969,2;969,2;968;92,8;12,2;11,1;12,2;11,9;11,1;10,7;93;92;93;33;5,3;1,1;
2019/08/04;2100 UTC;1,2;969,9;969,9;969,2;15,5;12,4;11;12,5;12,2;11,3;11;93;91;91;58;4;2,1;
2019/08/04;2200 UTC;1,8;969,8;970;969,6;;12;11;12,5;12;11;10,9;93;91;93;344;5,6;3;
2019/08/04;2300 UTC;2;968,4;969,9;968;;11,6;10,6;12;11,6;11;10,6;94;93;94;333;9,4;5,7;
2019/08/05;0000 UTC;0;968,2;968,6;967,9;;11,7;10,1;11,9;11,6;10,6;10,1;94;89;90;336;10,5;5,1;
2019/08/05;0100 UTC;0;968,7;968,7;968;;11,5;9,8;11,8;11,5;10,1;9,8;90;89;90;336;9,4;3,8;
2019/08/05;0200 UTC;0;968,6;968,8;968,4;;11,3;9,8;11,6;11,2;9,9;9,7;91;89;91;354;6,5;2,8;
2019/08/05;0300 UTC;0;969,2;969,2;968,6;;11,3;9,6;11,5;11,2;9,9;9,6;91;89;89;5;5,9;2,6;
2019/08/05;0400 UTC;0;968,9;969,5;968,9;;11,5;9,4;11,6;11,3;9,6;9,4;89;87;87;3;6,1;3,4;
2019/08/05;0500 UTC;0;968,6;969,1;968,2;;11,3;9,1;11,5;11,3;9,4;9,1;88;86;87;4;9,2;3,7;
2019/08/05;0600 UTC;0;968,5;968,7;968,2;;11,3;9,3;11,3;11,1;9,4;9,2;89;86;88;350;6,7;3;
2019/08/05;0700 UTC;0;968,1;968,6;967,6;;10,3;8,8;11,3;10,3;9,4;8,7;91;88;90;347;6,8;2,5;
2019/08/05;0800 UTC;0;967,8;968,2;967,7;;10,3;8,8;10,4;9,8;8,9;8,5;92;90;90;359;5,1;3;
2019/08/05;0900 UTC;0;968,4;968,4;967,8;;10,2;8,6;10,6;10,2;9;8,6;91;89;90;1;5,1;2,3;
2019/08/05;1000 UTC;0;968,7;968,7;968,3;2,1;9,8;8,4;10,3;9,8;8,8;8,4;91;90;91;344;4,7;1,9;
2019/08/05;1100 UTC;0;969;969;968,5;172,3;10,5;9,1;10,5;9,7;9,1;8,3;92;91;91;342;4,6;2,5;
2019/08/05;1200 UTC;0;969,9;969,9;968,8;1235,3;13,6;10,5;13,6;10,5;10,9;9,1;92;81;82;342;7;3,6;
2019/08/05;1300 UTC;0;969,8;970;969,8;1406,1;14,9;11,3;14,9;13,6;11,6;10,3;84;78;79;350;8,1;4,7;
2019/08/05;1400 UTC;0;970,2;970,4;969,8;2253;17,8;11,6;18,6;14,9;13,1;11,1;80;65;67;315;8,1;5;
2019/08/05;1500 UTC;0;969,4;970,2;969,4;1850,5;19,1;12;19,8;17,8;12,7;11,5;69;62;64;305;9,6;5;
2019/08/05;1600 UTC;0;968,8;969,5;968,8;1844,6;20,1;12,4;20,1;19,1;12,7;11,7;65;61;61;300;9,6;3,7;
2019/08/05;1700 UTC;0;968,1;968,8;968,1;1438,3;20,2;12,4;20,5;19,7;13,2;12;64;60;61;293;7,8;3,3;
2019/08/05;1800 UTC;0;967,6;968,1;967,6;1211,4;20,5;12,6;20,8;20;13,2;12,2;63;59;61;316;6,4;3;
2019/08/05;1900 UTC;0;967,6;967,8;967,5;801;19,6;12,6;21,1;19,5;13;12,2;65;59;64;340;6,1;2,8;
2019/08/05;2000 UTC;0;967,8;967,8;967,6;505,3;18,4;12,4;20,5;18,4;13,3;12,1;68;60;68;346;5,5;3,4;
2019/08/05;2100 UTC;0;968,4;968,6;967,8;95,3;17,1;12,2;18,5;16,9;12,5;12;74;67;73;333;5,5;2,9;
2019/08/05;2200 UTC;0;968,6;968,7;968,4;;16,2;11,9;17,2;16,2;12,2;11,9;76;73;76;314;5,5;2,6;
2019/08/05;2300 UTC;0;968,7;968,7;968,4;;14,8;11,8;16,2;14,8;12,1;11,7;82;76;82;346;5,1;2;
2019/08/06;0000 UTC;0;968,6;969;968,6;;15,3;12;15,3;14,5;12;11,7;84;80;81;330;5;2,9;
2019/08/06;0100 UTC;0;968,3;969;968,3;;14,3;11,8;15,6;14,3;12;11,8;85;79;85;353;5;2,4;
2019/08/06;0200 UTC;0;968,4;968,9;968,3;;14,4;11,7;14,5;13,8;11,9;11,5;86;84;84;348;4,3;2,7;
2019/08/06;0300 UTC;0;968,3;968,5;968,3;;14,4;11,6;14,5;14;11,7;11,4;85;83;83;339;4,3;2,4;
2019/08/06;0400 UTC;0;968;968,5;968;;13,4;11,2;14,6;13,4;11,6;11,1;86;82;86;350;4,3;1,5;
2019/08/06;0500 UTC;0;968;968;967,7;;12,9;11;13,4;12,6;11,2;10,8;89;86;88;355;3,3;2;
2019/08/06;0600 UTC;0;967,9;968,1;967,9;;12,5;10,9;13;12,5;11,2;10,8;90;88;90;351;3;,6;
2019/08/06;0700 UTC;0;968;968;967,8;;12,2;10,7;12,6;12,2;11,2;10,7;91;90;91;11;2,9;,2;
2019/08/06;0800 UTC;0;968,9;968,9;968;;12,8;11,4;13,3;12,2;11,8;10,8;92;90;91;157;5,2;2,4;
2019/08/06;0900 UTC;0;969,3;969,3;968,9;;13;11,6;13,2;12,8;11,7;11,5;92;91;91;110;5,2;,7;
2019/08/06;1000 UTC;0;969,2;969,3;969,1;8,3;12,8;11,7;13,1;12,7;11,7;11,5;93;91;93;46;3;1,1;
2019/08/06;1100 UTC;0;969,7;969,7;969,1;195,6;13,2;12;13,2;12,7;12,1;11,5;93;92;93;353;3;,5;
2019/08/06;1200 UTC;0;970,7;970,7;969,7;741,5;15,9;13;16;13,1;13,9;11,9;93;83;83;144;3,4;,3;
2019/08/06;1300 UTC;0;971,1;971,2;970,7;1228,7;17,1;12,9;17,2;15,7;13,4;12,4;83;76;76;39;1,9;,5;
2019/08/06;1400 UTC;0;970,9;971,2;970,9;1468;18,8;12,7;19;17,1;13,7;12,4;78;67;68;4;2,1;,1;
2019/08/06;1500 UTC;0;969,9;970,9;969,9;2164;21,1;13,2;21,3;18,8;13,6;12,3;68;58;61;300;3,8;1,9;
2019/08/06;1600 UTC;0;969;969,9;969;2262,5;22,4;13,1;22,6;21;13,7;12,2;61;54;56;274;5,6;2,1;
2019/08/06;1700 UTC;0;967,7;969;967,7;1890,8;23,9;13;24,1;22,1;13,6;12,3;57;49;51;259;5,1;1,7;
2019/08/06;1800 UTC;0;966,8;967,7;966,8;1797,7;24,4;12,9;25,3;22,9;13,5;12,3;53;47;49;254;7,3;2,2;
2019/08/06;1900 UTC;0;966,5;966,9;966,5;666,5;23,3;13,2;24,4;22,9;13,5;12,5;54;48;53;278;4,3;2,1;
2019/08/06;2000 UTC;0;966,6;966,6;966,5;458,3;23,1;13,2;23,5;23,1;13,4;12,8;54;51;54;271;4;1,6;
2019/08/06;2100 UTC;0;966,6;966,7;966,5;112,7;21,6;14,2;23,1;21,6;14,3;13,1;63;53;63;64;3,3;0;
2019/08/06;2200 UTC;0;967;967;966,6;;21,2;13,2;21,6;21,2;14,3;13,2;64;60;60;22;,2;0;
2019/08/06;2300 UTC;0;967,1;967,2;967;;20,9;13,6;21,5;20,6;14,1;13,2;66;60;63;7;1,3;0;
2019/08/07;0000 UTC;0;967,4;967,4;967,1;;20,7;13,7;20,9;20,5;13,8;13,5;65;63;65;311;1,3;0;
2019/08/07;0100 UTC;0;967,6;967,6;967,4;;19,8;14;20,6;19,8;14;13,6;69;64;69;326;1,7;0;
2019/08/07;0200 UTC;0;967,4;967,6;967,4;;19,6;14,1;19,8;19,6;14,1;13,9;71;69;71;293;2,2;,7;
2019/08/07;0300 UTC;0;967,1;967,5;967;;18,6;14,3;19,6;18,3;14,5;14,2;78;71;76;321;3,8;2,2;
2019/08/07;0400 UTC;0;966,7;967,1;966,7;;17,3;14,1;18,6;17,3;14,3;14;81;76;81;320;3,8;,3;
2019/08/07;0500 UTC;0;966,4;966,7;966,4;;16,8;14,1;17,4;16,8;14,4;13,9;84;81;84;277;4,7;1,8;
2019/08/07;0600 UTC;0;966,3;966,4;966,3;;16,5;13,5;16,8;16,3;14,2;13,5;85;82;82;284;4,1;2,1;
2019/08/07;0700 UTC;0;966;966,3;966;;16,2;13,3;16,6;16,1;13,6;13,2;83;82;83;292;4,7;2,6;
2019/08/07;0800 UTC;0;966;966;965,9;;15,2;12,9;16,2;15,2;13,3;12,9;86;83;86;299;4,7;2;
2019/08/07;0900 UTC;0;966,7;966,7;966;;14,8;12,8;15,2;14,3;12,9;12,3;89;86;88;322;3,5;1;
2019/08/07;1000 UTC;0;967,3;967,3;966,7;2,5;14,2;12,3;14,9;14,2;12,8;12,3;88;86;88;347;2,3;0;
2019/08/07;1100 UTC;0;967,9;967,9;967,3;390,1;17,5;13,8;17,5;14,2;13,9;12,3;88;79;79;307;4;2;
2019/08/07;1200 UTC;0;968,6;968,6;967,9;1289,7;20,1;14;20,1;17,5;14,4;13,7;79;68;68;296;5,5;3,1;
2019/08/07;1300 UTC;0;968,8;969;968,6;1990,6;24;14,6;24;19,8;15,2;13,8;70;56;56;254;8,9;5,7;
2019/08/07;1400 UTC;0;968,5;968,9;968,5;2509,7;26;14,4;26,7;24;15,1;14;56;47;49;249;10;3,4;
2019/08/07;1500 UTC;0;967,6;968,5;967,6;2831,7;27,7;14,1;28;25,8;15;13,9;49;43;44;239;9,8;4,3;
2019/08/07;1600 UTC;0;966,5;967,6;966,5;2800,3;28,2;13,6;28,7;27,2;14,8;13,1;45;39;41;234;9,8;2,8;
2019/08/07;1700 UTC;0;965,5;966,5;965,5;2650,3;29;12,9;29,6;28;14,4;12,4;42;36;37;203;8,6;2,6;
2019/08/07;1800 UTC;0;965;965,5;965;2089,5;28,6;12,7;30;27,5;13,9;11,5;40;33;38;236;6,1;1,6;
2019/08/07;1900 UTC;0;964,3;965;964,3;1568;28,8;12;29,6;27,7;13,2;11,8;41;34;36;249;5,6;1,8;
2019/08/07;2000 UTC;0;964,4;964,4;964,2;515;27,4;12,3;28,9;27,4;13;11,3;41;34;39;188;4,6;,2;
2019/08/07;2100 UTC;0;964,4;964,4;964,3;52,9;24,7;12,8;27,4;24,7;13,6;12,3;48;39;48;216;1,4;0;
2019/08/07;2200 UTC;0;964,8;964,8;964,4;;24,1;12,7;24,7;23,9;12,9;12,5;50;47;49;194;0;0;
2019/08/07;2300 UTC;0;965,2;965,2;964,8;;22,3;13;24,6;22,3;13,2;12,7;56;48;56;310;1,9;0;
2019/08/08;0000 UTC;0;965,6;965,6;965,2;;21,4;13,5;23,2;21,1;13,5;12,7;61;52;61;336;3,9;1,1;
2019/08/08;0100 UTC;0;965,7;965,7;965,6;;20,9;14,2;21,5;20,6;14,2;13,4;66;60;66;286;6,1;2,4;
2019/08/08;0200 UTC;0;966;966;965,7;;19,5;14,3;20,9;19,5;14,3;14,1;72;66;72;292;4,6;2;
2019/08/08;0300 UTC;0;966;966,1;966;;18,9;13,8;19,6;18,8;14,3;13,8;73;71;73;269;4,8;2,1;
2019/08/08;0400 UTC;0;965,7;966;965,7;;18,3;13,5;18,9;18,2;13,9;13,5;74;73;74;257;3,8;2,2;
2019/08/08;0500 UTC;0;965,3;965,7;965,3;;18,3;13;18,5;18;13,5;13;74;71;71;264;3,7;1;
2019/08/08;0600 UTC;0;965,1;965,3;965,1;;17,3;12,9;18,4;17,2;13,1;12,8;76;71;76;295;2,3;,6;
2019/08/08;0700 UTC;0;965,1;965,1;965;;16,4;12,7;17,3;16,3;13;12,6;79;75;79;305;2,3;1,2;
2019/08/08;0800 UTC;0;965,3;965,3;965,1;;16,1;12,7;16,7;16,1;12,9;12,6;80;78;80;307;2,4;,8;
2019/08/08;0900 UTC;0;965,9;965,9;965,3;;16;12,8;16,1;15,8;12,8;12,6;82;80;81;333;2,9;,3;
2019/08/08;1000 UTC;0;966,6;966,6;965,9;4,3;15,5;12,8;16,1;15,4;12,9;12,6;84;81;84;324;2,4;1;
2019/08/08;1100 UTC;0;967,1;967,1;966,6;406,1;17,6;14,1;17,6;15,5;14,1;12,8;84;80;80;312;3,2;1,1;
2019/08/08;1200 UTC;0;967,5;967,5;967,1;1298,6;21;14,2;21;17,6;14,8;13,8;80;65;65;316;4;1,7;
2019/08/08;1300 UTC;0;967,6;967,7;967,5;2002,9;23,6;14,2;23,8;20,9;14,6;13,6;66;55;56;264;5,5;3,1;
2019/08/08;1400 UTC;0;967,1;967,6;967,1;2527,5;27,6;13,4;27,6;23,3;14,7;13,2;56;42;42;253;5,7;2,4;
2019/08/08;1500 UTC;0;966,2;967,2;966,2;2864,8;28,8;11,2;29,2;27,2;13,5;10,9;42;33;34;221;6;1,5;
2019/08/08;1600 UTC;0;965,3;966,2;965,2;2907,6;30;10,3;30;28,5;11,5;9,7;34;29;29;253;7,7;2,3;
2019/08/08;1700 UTC;0;964,2;965,3;964,2;2515,8;29,6;9,5;30,5;27,8;11,2;9,5;34;28;29;261;7,7;2,2;
2019/08/08;1800 UTC;0;963,3;964,2;963,3;2117,6;29,4;9,4;30,4;28,2;10,9;9,1;32;28;29;249;6,1;1,6;
2019/08/08;1900 UTC;0;962,9;963,3;962,9;1676;29,8;10;30,3;29,1;10,6;9;31;27;29;240;4,1;1,3;
2019/08/08;2000 UTC;0;963,1;963,1;962,9;453,1;28,5;9,4;29,8;28,4;10,5;8,6;33;27;30;326;3,7;,9;
2019/08/08;2100 UTC;0;963,2;963,2;963,1;61,2;26,3;10;28,5;26,2;10,8;9,4;37;30;36;249;1,6;0;
2019/08/08;2200 UTC;0;963,4;963,4;963,2;;25,3;10,1;26,3;25,1;10,1;9,7;39;36;39;18;,4;0;
2019/08/08;2300 UTC;0;963,7;963,7;963,4;;24,4;10,9;25,3;24,4;10,9;10;43;38;43;360;0;0;
2019/08/09;0000 UTC;0;964;964;963,7;;22;11,6;24,4;22;11,8;10,5;52;43;52;6;,6;0;
2019/08/09;0100 UTC;0;964,1;964,1;964;;20,1;12,2;22;20,1;12,3;11,6;60;52;60;23;,6;0;
2019/08/09;0200 UTC;0;964,2;964,2;964,1;;20,1;11,6;20,8;19,5;12,3;11,5;63;57;58;339;2,7;,8;
2019/08/09;0300 UTC;0;964,1;964,2;964,1;;19,1;12,2;20,1;18,9;12,4;11,5;65;58;65;292;2,2;1,3;
2019/08/09;0400 UTC;0;964,1;964,2;964,1;;18,1;12,3;19,1;18;12,7;12,1;70;64;69;318;2,4;,5;
2019/08/09;0500 UTC;0;963,9;964,1;963,9;;16,9;12,2;18,3;16,9;12,4;12;74;68;74;290;2,2;,8;
2019/08/09;0600 UTC;0;963,6;963,9;963,6;;16,7;12,4;16,9;16,2;12,7;12;77;74;76;307;3,1;,8;
2019/08/09;0700 UTC;0;963,4;963,6;963,3;;15,7;12,4;16,9;15,5;12,5;12,1;81;75;81;245;4,4;2;
2019/08/09;0800 UTC;0;963;963,4;963;;15,2;12,2;16,4;15;12,6;11,9;83;77;83;341;4,6;,2;
2019/08/09;0900 UTC;0;963,3;963,3;962,9;;15,4;11,9;16,2;15,2;12,3;11,7;83;77;80;327;1,7;,9;
2019/08/09;1000 UTC;0;963,7;963,7;963,3;5,1;15,1;11,9;15,4;15;12,1;11,8;82;80;81;328;3,1;1,7;
2019/08/09;1100 UTC;0;964,4;964,4;963,7;420,6;17,2;13;17,3;14,8;13,6;11,8;84;76;76;311;3,1;,1;
2019/08/09;1200 UTC;0;964,6;964,6;964,4;1312,6;19,2;14,2;19,2;17,2;14,6;12,7;77;72;73;342;2,5;,9;
2019/08/09;1300 UTC;0;964,6;964,7;964,5;2029;24,5;13,4;24,7;19,1;14,9;13,3;73;49;50;283;4,4;2,2;
2019/08/09;1400 UTC;0;964;964,6;964;2544,6;27,9;13,4;28,3;24,5;14,4;13;51;40;41;249;5,6;2,9;
2019/08/09;1500 UTC;0;963;964;963;2858,9;29,7;12,4;29,9;27,8;13,6;11,8;42;33;34;208;6,6;2,4;
2019/08/09;1600 UTC;0;962,1;963;962,1;2725,7;30,6;11,5;31,3;28,9;13;11,4;36;30;31;182;7,6;2,6;
2019/08/09;1700 UTC;0;961;962,1;961;2532,8;31,6;11,3;31,6;29,5;12,1;10,2;33;28;29;201;7,6;2,4;
2019/08/09;1800 UTC;0;960,3;961,1;960,3;2342;31,7;9,8;32;30,9;11,2;9,4;29;26;26;256;6;2,3;
2019/08/09;1900 UTC;0;960;960,4;959,9;1450,6;31,2;9,6;31,8;30,1;10,2;8,4;28;24;26;238;8,1;2,2;
2019/08/09;2000 UTC;0;960,1;960,1;960;397,8;29,4;8,8;31,4;29,4;9,8;7,9;28;23;28;215;8,1;,6;
2019/08/09;2100 UTC;0;960,5;960,5;960,1;62,3;26,6;8,9;29,4;26,6;10,6;8,9;35;28;33;230;2,8;0;
2019/08/09;2200 UTC;0;960,9;960,9;960,5;;26,4;8,9;26,7;25,8;9,1;8,8;35;33;33;210;,9;0;
2019/08/09;2300 UTC;0;961,3;961,3;960,9;;24,3;9,5;26,5;24,3;10,1;8,8;40;33;39;172;1,7;,1;
2019/08/10;0000 UTC;0;961,5;961,5;961,3;;24;10,4;25,3;22,6;10,5;9,5;46;37;42;310;2;,3;
2019/08/10;0100 UTC;0;961,7;961,7;961,5;;21,3;11,9;24;21,3;11,9;10,3;55;42;55;325;1,7;0;
2019/08/10;0200 UTC;0;961,8;961,8;961,7;;19,5;12,2;21,3;19,3;12,5;11,9;64;55;63;305;2,4;1,3;
2019/08/10;0300 UTC;0;961,9;962,2;961,8;;18,2;12,6;19,6;18,1;12,7;12,2;70;63;70;337;3,6;,5;
2019/08/10;0400 UTC;0;961,8;962;961,8;;18;12,3;19;17,8;12,7;12;70;65;69;313;2,6;,6;
2019/08/10;0500 UTC;0;961,5;961,8;961,5;;17,8;12,2;18,1;17,4;12,5;12,1;73;69;70;324;2,3;0;
2019/08/10;0600 UTC;0;961,7;961,8;961,5;;16,4;12,4;17,8;16,4;12,5;12;77;70;77;351;2,7;,4;
2019/08/10;0700 UTC;0;961,5;961,7;961,4;;16,9;12,1;17;16,3;12,5;12,1;78;73;74;343;1,7;0;
2019/08/10;0800 UTC;0;961,7;961,8;961,4;;17;11,9;17,2;16,7;12,1;11,8;74;71;72;331;1,3;0;
2019/08/10;0900 UTC;0;962,2;962,2;961,7;;17;12,7;17,2;16,8;12,8;12;77;72;76;6;2;0;
2019/08/10;1000 UTC;0;962,6;962,6;962,2;4,3;15,5;12,5;17;15,5;12,8;12,5;82;75;82;341;1,4;0;
2019/08/10;1100 UTC;0;963,3;963,3;962,6;284;18,1;13,8;18,1;15,5;13,8;12,4;83;76;76;304;1;0;
2019/08/10;1200 UTC;0;963,6;963,6;963,3;1318,1;23,4;13,4;23,5;18,2;14,6;13;76;52;53;250;3,4;1,6;
2019/08/10;1300 UTC;0;963,9;964,1;963,6;2011,7;25,5;13,6;25,5;23,4;13,7;12,1;54;45;48;181;4,5;,4;
2019/08/10;1400 UTC;0;963,2;963,9;963,2;2547,9;29,4;11,4;29,8;25,5;14,1;11,4;49;32;33;184;6,4;2,6;
2019/08/10;1500 UTC;0;962,6;963,2;962,6;2858,7;30,4;11,3;31,1;29,3;12,5;10,4;35;28;31;149;9,4;3;
2019/08/10;1600 UTC;0;961,5;962,6;961,5;2903;31,4;10,8;31,9;30,2;11,6;9,8;32;26;28;150;7,5;3,1;
2019/08/10;1700 UTC;0;960,4;961,5;960,3;2761,9;32,4;7,8;32,5;31,3;11,6;5,2;30;18;22;157;9,3;2,7;
2019/08/10;1800 UTC;0;959,8;960,4;959,8;2167;32,4;7,1;32,8;30,9;9,5;5,8;25;19;21;153;8,4;3;
2019/08/10;1900 UTC;0;959,8;959,9;959,7;1666,6;31,2;8,5;32,4;31,2;9,5;7,2;26;21;24;137;8,4;2,7;
2019/08/10;2000 UTC;0;960,3;960,4;959,8;386,2;30;7,6;31,4;30;9;6,4;25;22;25;142;7,6;1,7;
2019/08/10;2100 UTC;0;960,7;960,7;960,3;70,2;27,5;8,5;30;27,5;8,5;7,3;30;24;30;171;6,1;1,1;
2019/08/10;2200 UTC;0;961,2;961,2;960,7;;26,6;8,3;27,5;26,5;8,9;8,3;32;30;31;165;3,4;1,4;
2019/08/10;2300 UTC;0;961,7;961,7;961,2;;26,3;8;26,6;26,2;8,4;7,9;32;31;31;166;4,1;1,6;
2019/08/11;0000 UTC;0;962,2;962,2;961,7;;25,5;7,7;26,4;24,8;8,3;7,5;35;31;32;145;4;,6;
2019/08/11;0100 UTC;0;962,4;962,5;962,2;;24,6;8,1;25,6;24,5;8,3;7,6;36;32;35;165;2,5;1,2;
2019/08/11;0200 UTC;0;962,5;962,5;962,4;;24;8,5;24,9;23,2;9,3;7,9;41;34;37;135;2,9;1,4;
2019/08/11;0300 UTC;0;962,4;962,5;962,4;;19,1;10,7;24;18,7;10,9;8,6;59;37;58;22;2,9;0;
2019/08/11;0400 UTC;0;962,2;962,4;962,2;;16,9;11,1;20;16,9;11,2;9,8;68;52;68;18;1,2;0;
2019/08/11;0500 UTC;0;962;962,2;962;;16,5;11;17,9;16,5;11,2;10,6;70;64;70;345;1,4;0;
2019/08/11;0600 UTC;0;961,8;962;961,8;;15,6;10,7;17;15,6;11,1;10,7;73;67;73;344;3,3;,7;
2019/08/11;0700 UTC;0;961,7;961,8;961,7;;15,4;10,2;16,2;15;11;10,2;75;71;71;322;2,9;1,4;
2019/08/11;0800 UTC;0;961,5;961,7;961,5;;15;10,6;15,6;14,8;10,6;10;76;70;75;303;3,3;2,1;
2019/08/11;0900 UTC;0;962,1;962,1;961,5;;14,5;10,6;15,5;14,3;10,8;10,5;79;73;77;297;3,7;1,3;
2019/08/11;1000 UTC;0;962,9;962,9;962,1;8,2;13,3;10,3;14,5;13,3;10,6;10,3;82;77;82;323;2,7;,2;
2019/08/11;1100 UTC;0;963,5;963,5;962,8;402,5;15,8;11,6;15,8;13,3;11,6;10,4;83;76;76;349;1,8;0;
2019/08/11;1200 UTC;0;964;964;963,5;1250,8;19;11,6;19,1;15,8;11,9;10,8;76;61;62;357;3,6;1,6;
2019/08/11;1300 UTC;0;964,2;964,3;964;1961,3;23,1;11,3;23,4;19;12,4;11;62;47;47;1;3,9;1,8;
2019/08/11;1400 UTC;0;963,8;964,2;963,8;2498,5;27;11;27,3;23,1;11,8;9,9;48;35;37;358;4,9;2,5;
2019/08/11;1500 UTC;0;963;963,8;963;2824,2;29,5;11,1;29,8;26,9;11,9;10,4;38;32;32;12;4,7;2;
2019/08/11;1600 UTC;0;962;963;962;2828;31,6;9,5;31,8;29,4;11,7;9,2;33;25;25;355;5,5;2,3;
2019/08/11;1700 UTC;0;961,1;962;961;2554,9;32,2;7,3;33;31,3;9,9;7,1;26;20;21;223;7,1;1,6;
2019/08/11;1800 UTC;0;960,2;961;960,2;2215,6;32,7;7;33,2;31,8;8,2;6,1;22;19;20;179;6;2,3;
2019/08/11;1900 UTC;0;959,9;960,2;959,9;1612;32,2;6,4;32,8;31,8;7,1;5,5;21;19;20;261;5,1;2;
2019/08/11;2000 UTC;0;960;960;959,9;390,3;30,5;6,1;32,2;30,4;7,3;5,5;23;19;22;324;5,3;1,7;
2019/08/11;2100 UTC;0;960,2;960,2;960;81,5;28,1;6,9;30,5;28,1;7,2;6,6;26;22;26;306;3,3;1,5;
2019/08/11;2200 UTC;0;960,7;960,7;960,2;;24,7;7,3;28,1;24,7;7,6;6,2;33;26;33;23;2,4;,5;
2019/08/11;2300 UTC;0;961,1;961,1;960,7;;23,5;11;24,8;23,5;11;7,1;45;33;45;7;2,9;1,1;
2019/08/12;0000 UTC;0;961,7;961,7;961,1;;22,5;12,3;23,6;22,3;12,3;11;53;45;53;11;2,9;1,3;
2019/08/12;0100 UTC;0;961,7;961,8;961,7;;21,1;12,3;22,6;21,1;12,6;12,3;58;53;57;352;2,4;,5;
2019/08/12;0200 UTC;0;961,8;961,8;961,7;;20,1;11,4;21,1;20,1;12,4;11,4;60;56;57;16;3,8;,3;
2019/08/12;0300 UTC;0;961,7;961,8;961,7;;19;11,3;20,2;19;11,4;11,2;61;57;61;353;3,4;,3;
2019/08/12;0400 UTC;0;961,5;961,7;961,4;;18,2;11,8;19,1;18,2;11,9;11,4;66;61;66;360;1,9;0;
2019/08/12;0500 UTC;0;961,2;961,5;961,1;;17,8;11,6;18,8;17,7;12;11,4;67;65;67;334;1,9;,9;
2019/08/12;0600 UTC;0;960,8;961,2;960,7;;17,4;12,1;18,1;17,2;12,2;11,6;71;67;71;329;1,9;1,3;
2019/08/12;0700 UTC;0;960,5;960,8;960,5;;17,3;11,8;17,6;16,8;12,4;11,4;74;69;70;324;1,9;,5;
2019/08/12;0800 UTC;0;960,5;960,5;960,4;;15,7;11,8;17,4;15,4;11,9;11;78;70;78;333;2,9;1,3;
2019/08/12;0900 UTC;0;960,8;960,8;960,5;;16,1;11,6;16,2;15;12,1;11,4;81;74;74;316;3;1,3;
2019/08/12;1000 UTC;0;961,3;961,3;960,8;8,2;15,4;11,4;16,1;15,1;11,8;11,4;79;75;77;320;4,7;1,6;
2019/08/12;1100 UTC;0;961,9;961,9;961,2;417,1;17,5;12,7;17,5;15,2;12,8;11,4;78;73;73;331;3;1,7;
2019/08/12;1200 UTC;0;962,6;962,6;961,9;1288,9;20,9;13,8;20,9;17,6;13,9;12,4;74;63;64;349;3;1,2;
2019/08/12;1300 UTC;0;962,9;963;962,6;2014,8;27;12,2;27,1;21;14,1;12;64;39;40;277;4,3;2,3;
2019/08/12;1400 UTC;0;962,5;963;962,5;2534,5;30,4;11;30,7;27;13,2;10,5;40;30;30;225;6,7;1,6;
2019/08/12;1500 UTC;0;961,5;962,5;961,5;2857,2;32,5;10,2;32,7;30,4;11,7;9,8;31;25;25;205;8;2,3;
2019/08/12;1600 UTC;0;960,7;961,6;960,7;2883,4;33,1;9,6;33,4;32,2;11,1;8,9;26;23;24;224;8,2;1,9;
2019/08/12;1700 UTC;0;959,8;960,8;959,8;2456,4;31,9;8,9;34,4;31,9;10;8,2;24;21;24;193;6,9;1,8;
2019/08/12;1800 UTC;0;959,1;959,8;959,1;2312;34,1;8,2;34,1;32;9,6;7,8;24;20;20;200;8,8;2,1;
2019/08/12;1900 UTC;0;958,6;959,2;958,6;1529,1;33,3;8;34,2;31,7;9,3;7,7;25;20;21;184;7,8;1,6;
2019/08/12;2000 UTC;0;958,8;958,8;958,6;385,2;31,4;8,4;33,5;31,4;8,8;7,4;24;21;24;169;5,1;1,8;
2019/08/12;2100 UTC;0;959,1;959,1;958,7;80;29;8,8;31,4;29;9,2;8,1;29;24;28;141;3,9;,6;
2019/08/12;2200 UTC;0;959,5;959,5;959,1;;28,8;8,3;29,1;28,6;9,1;8,3;29;27;28;149;2,5;,9;
2019/08/12;2300 UTC;0;959,9;960;959,5;;27,8;8,4;28,9;27,7;8,5;8,2;30;28;30;131;2;,8;
2019/08/13;0000 UTC;0;960,3;960,3;959,9;;25,5;9,9;27,7;24,6;10,9;8,3;42;30;37;238;3;1,2;
2019/08/13;0100 UTC;0;960,6;960,6;960,3;;23,4;10,3;26,2;23,2;10,5;9,3;44;35;43;272;2,7;0;
2019/08/13;0200 UTC;0;960,7;960,7;960,6;;22,2;12,2;23,8;22,1;12,2;10,2;53;43;53;288;1,6;0;
2019/08/13;0300 UTC;0;960,8;960,8;960,6;;20,7;12,3;22,2;20,5;12,7;12;61;53;58;50;1,4;,2;
2019/08/13;0400 UTC;0;960,6;960,8;960,6;;20,7;12,2;20,9;19,2;12,8;12,2;65;58;58;343;3;0;
2019/08/13;0500 UTC;0;960,1;960,6;960,1;;20,5;11,8;21,1;20,4;12,2;11,7;59;56;58;331;1,5;0;
2019/08/13;0600 UTC;0;959,8;960,1;959,8;;19,1;12,3;21;19,1;12,3;11,3;65;55;65;263;2,8;1,8;
2019/08/13;0700 UTC;0;959,2;959,8;959,2;;18;12,5;19;17,9;12,6;12,2;70;65;70;293;3,4;1,8;
2019/08/13;0800 UTC;0;959,3;959,5;959,2;;17,1;12,2;18;16,6;12,6;12,1;75;70;73;308;2,8;1,2;
2019/08/13;0900 UTC;0;959,8;959,8;959,3;;17,3;12,1;17,5;17;12,2;12;73;71;72;294;3,6;1,5;
2019/08/13;1000 UTC;0;960,3;960,3;959,8;11,7;16,3;12,2;17,4;16,3;12,2;12;77;71;77;324;3,6;1,2;
2019/08/13;1100 UTC;0;960,7;960,7;960,3;364,3;19,7;12,8;19,7;16,1;13,2;12,2;78;64;64;302;2,7;1;
2019/08/13;1200 UTC;0;961,3;961,4;960,7;1239,4;23,2;14,5;23,2;19,7;14,5;12,7;65;58;58;5;2,3;0;
2019/08/13;1300 UTC;0;961,7;961,7;961,3;2023,3;29;11;29,2;23,2;13,7;10,9;58;32;33;204;5,1;1,1;
2019/08/13;1400 UTC;0;961,7;961,9;961,6;2507,5;30,8;11,4;31,3;29;12,8;10;37;28;30;98;6,4;1,7;
2019/08/13;1500 UTC;0;961,3;961,7;961,3;2744,5;30,1;11,5;30,8;29,3;12,5;10,5;36;29;32;47;6,6;2,8;
2019/08/13;1600 UTC;0;960,6;961,3;960,6;2768,5;31,4;9,9;32,2;30,1;12,6;9,9;33;26;27;66;5,6;3;
2019/08/13;1700 UTC;0;959,6;960,6;959,6;2685,2;32,8;8,7;33;31,4;10,9;8,3;27;23;23;22;6;2,2;
2019/08/13;1800 UTC;0;959;959,6;959;2190,5;32,8;8,7;33,4;32,2;10,2;7,9;25;22;23;28;5,2;1,2;
2019/08/13;1900 UTC;0;959;959;958,9;1443,8;31,9;8,8;32,8;31,9;9,8;8,3;25;23;24;83;5,1;1,8;
2019/08/13;2000 UTC;0;959,1;959,2;959;280;30,9;9,6;32;30,7;9,8;8,6;27;24;27;129;3,4;1;
2019/08/13;2100 UTC;0;960,2;960,2;959,1;107,9;26,3;14,6;30,9;26,3;14,7;9,5;48;26;48;12;9,6;4,9;
2019/08/13;2200 UTC;0;961;961;960,2;;23,1;14,4;26,3;23,1;14,6;14,4;58;48;58;2;10,2;4,9;
2019/08/13;2300 UTC;0;961,9;961,9;961;;20,4;13,5;23,1;20,4;14,5;13,5;65;58;65;2;9,7;5,4;
2019/08/14;0000 UTC;0;962,5;962,5;961,9;;18,8;13,1;20,4;18,8;13,5;13,1;70;65;70;16;9,8;5,3;
2019/08/14;0100 UTC;0;962,9;962,9;962,5;;17,4;12,5;18,8;17,4;13,1;12,5;73;70;73;11;9,9;5,2;
2019/08/14;0200 UTC;0;963,6;963,6;962,9;;16,3;12,1;17,4;16,3;12,5;12,1;76;73;76;16;10,5;5,5;
2019/08/14;0300 UTC;0;964;964,1;963,6;;16,1;11,9;16,4;16;12,1;11,9;77;76;76;11;11,6;7;
2019/08/14;0400 UTC;0;963,8;964,1;963,8;;16,1;11,7;16,3;16;11,9;11,7;76;75;75;11;11,2;6;
2019/08/14;0500 UTC;0;963,9;963,9;963,8;;15,5;11,3;16,1;15,4;11,7;11,3;77;75;76;8;12,3;5,1;
2019/08/14;0600 UTC;0;963,8;964;963,7;;15,2;10,8;15,5;15,2;11,3;10,8;76;75;75;10;9;4,6;
2019/08/14;0700 UTC;0;963,8;963,8;963,7;;15;10,4;15,2;15;10,9;10,4;76;74;74;2;9,5;4,7;
2019/08/14;0800 UTC;0;964;964;963,7;;14,4;10,4;15;14,4;10,4;10,3;77;74;77;3;8,6;3,6;
2019/08/14;0900 UTC;0;964,2;964,3;963,7;;14,8;10,6;14,9;14,4;10,7;10,4;77;76;76;358;6,7;4,1;
2019/08/14;1000 UTC;,2;965,4;965,4;964,2;2,8;14,3;11,4;14,8;14,2;11,6;10,7;84;76;82;4;9,2;4,1;
2019/08/14;1100 UTC;0;966,5;966,5;965,4;167,6;14,5;10,8;14,5;14,1;11,3;10,8;83;79;79;10;7,8;4,1;
2019/08/14;1200 UTC;0;967,3;967,3;966,5;639,4;16;10,5;16;14,5;10,9;10,3;79;70;70;6;9,6;5,2;
2019/08/14;1300 UTC;0;967,8;967,9;967,3;2179,4;19,2;10,9;19,2;16;11,4;10,4;70;58;59;348;10,1;6,1;
2019/08/14;1400 UTC;0;967,4;967,9;967,4;2521,7;21;10,9;21,2;19,1;11,2;10,4;59;52;53;340;10,2;5,2;
2019/08/14;1500 UTC;0;966,9;967,4;966,9;2791,6;21,8;10,4;22,2;20,7;11,3;10,3;53;48;48;344;10,5;6,2;
2019/08/14;1600 UTC;0;966,2;967;966,2;2824,4;23,5;11,2;23,5;21,4;11,5;10,3;50;45;46;343;10,1;5,6;
2019/08/14;1700 UTC;0;965,2;966,2;965,2;2606,1;24;11,1;24,5;23;11,5;10,6;46;43;44;344;11,2;6,1;
2019/08/14;1800 UTC;0;964,4;965,2;964,4;2199,9;24,5;11;24,9;23,8;11,5;10,6;45;42;43;347;10,2;4,8;
2019/08/14;1900 UTC;0;964,2;964,5;964,1;1585,7;23;10,4;25,1;22,7;11,3;10;45;41;45;10;10,9;5,8;
2019/08/14;2000 UTC;0;964,8;964,8;964,2;353,9;20,4;9,8;23;20,4;10,4;9,6;51;44;51;8;11,7;7,3;
2019/08/14;2100 UTC;0;965,6;965,6;964,8;105,4;17,7;9,2;20,4;17,7;9,8;9,2;57;50;57;4;13;6,8;
2019/08/14;2200 UTC;0;966,3;966,3;965,6;;15,6;8,7;17,7;15,6;9,3;8,6;64;57;63;8;13,7;6,6;
2019/08/14;2300 UTC;0;966,8;966,8;966,3;;14,2;8,2;15,6;14,2;8,7;8,2;67;63;67;6;12,5;6;
2019/08/15;0000 UTC;0;967,4;967,4;966,8;;13,4;8;14,2;13,4;8,3;8;71;67;70;2;11,4;6,5;
2019/08/15;0100 UTC;0;967,8;967,8;967,4;;12,8;7,7;13,4;12,7;8;7,6;71;70;71;5;10,8;5,5;
2019/08/15;0200 UTC;0;968;968;967,8;;12,4;7,4;12,8;12,3;7,6;7,4;72;71;72;1;9,5;5,3;
2019/08/15;0300 UTC;0;967,6;968;967,6;;11,8;7,1;12,4;11,7;7,4;7,1;73;71;73;5;9;5,1;
2019/08/15;0400 UTC;0;967,4;967,6;967,4;;11,3;7,2;11,8;11,2;7,2;7,1;76;73;76;4;8,7;4,4;
2019/08/15;0500 UTC;0;967,2;967,4;967,2;;10,8;7,1;11,3;10,8;7,2;7,1;78;76;78;5;8,6;3,7;
2019/08/15;0600 UTC;0;966,9;967,3;966,9;;10,6;7,2;10,8;10,4;7,2;7,1;80;78;80;6;5,9;3,4;
2019/08/15;0700 UTC;0;966,8;966,9;966,7;;10,3;7,4;10,6;10,3;7,4;7,2;82;80;82;5;5,8;3,1;
2019/08/15;0800 UTC;0;966,7;966,8;966,5;;10;7,5;10,5;10;7,5;7,3;84;82;84;4;4,9;2,9;
2019/08/15;0900 UTC;0;967,4;967,4;966,7;;9,4;7,4;10,1;9,3;7,7;7,3;88;84;88;357;4,7;2,1;
2019/08/15;1000 UTC;0;968,2;968,2;967,4;11,9;9,6;7,8;9,8;9,2;8;7,3;89;88;88;353;3,8;2,1;
2019/08/15;1100 UTC;0;969;969;968,2;461,7;12;8,9;12;9,6;9;7,8;89;81;81;357;4,8;2,8;
2019/08/15;1200 UTC;0;969,5;969,5;969;1313,4;15,4;9,1;15,5;12;9,8;8,9;82;66;66;342;7,9;4,7;
2019/08/15;1300 UTC;0;969,8;969,8;969,4;2030,5;18,9;10,1;18,9;15,4;10,2;9,2;66;57;57;348;7,6;3,2;
2019/08/15;1400 UTC;0;969,4;969,9;969,4;2570,1;21,8;9,9;21,9;18,5;10,4;9,2;57;46;47;321;7,6;4,4;
2019/08/15;1500 UTC;0;968,4;969,4;968,4;2908,4;24,6;10;24,9;21,9;10,5;9,4;47;39;40;309;9,3;3,4;
2019/08/15;1600 UTC;0;967,2;968,4;967,2;2935,4;25,8;9,7;26,6;23,9;10,5;9,2;41;35;36;295;7,1;3,3;
2019/08/15;1700 UTC;0;965,8;967,2;965,8;2725,3;26,1;9,2;27,5;25,7;10,2;9,2;36;33;35;287;6,9;3,4;
2019/08/15;1800 UTC;0;964,8;965,9;964,8;2314,6;27,8;10;27,8;26,1;10,1;9,2;36;33;33;300;7,1;2,9;
2019/08/15;1900 UTC;0;964,3;964,8;964,3;1706,5;27,2;9,7;27,9;26,9;10,1;9,2;34;32;33;336;7;2,6;
2019/08/15;2000 UTC;0;964,8;964,8;964,3;352,7;26,2;10;27,4;26,1;10,4;9,4;37;33;36;345;6,1;2;
2019/08/15;2100 UTC;0;964,8;964,9;964,7;82,4;23,2;10;26,2;23,2;10;9,5;43;35;43;305;4,3;1,6;
2019/08/15;2200 UTC;0;965,2;965,2;964,8;;22,5;9,9;23,3;22,1;10,2;9,8;46;43;45;310;4,2;2,1;
2019/08/15;2300 UTC;0;965,6;965,6;965,2;;19,7;10,8;22,6;19,7;10,8;9,6;57;44;57;12;4,2;1,3;
2019/08/16;0000 UTC;0;966,1;966,1;965,6;;18;10,7;19,9;17,8;11,4;10,6;63;57;63;357;2,8;,2;
2019/08/16;0100 UTC;0;966,4;966,4;966,1;;16,3;10,4;18;16,3;10,8;10,3;68;63;68;327;3;1,9;
2019/08/16;0200 UTC;0;966,6;966,7;966,4;;16,9;10,4;17,1;15,4;10,9;10,2;72;65;65;322;5;3,3;
2019/08/16;0300 UTC;0;966,4;966,7;966,4;;15,8;9,6;16,9;15;10,4;9,1;70;65;67;328;5;2;
2019/08/16;0400 UTC;0;966,2;966,4;966,2;;14,3;9,2;15,8;14,2;9,6;9;72;67;72;357;3,1;1,8;
2019/08/16;0500 UTC;0;965,7;966,2;965,7;;13,6;9,4;14,3;13,5;9,5;9,2;76;72;75;13;2,6;1,6;
2019/08/16;0600 UTC;0;965,3;965,7;965,3;;12,8;9;13,8;12,8;9,6;8,9;78;74;78;9;2,9;1,9;
2019/08/16;0700 UTC;0;965,1;965,3;965,1;;11,5;9,5;12,8;11,4;9,5;9;88;78;88;360;2,6;1,2;
2019/08/16;0800 UTC;0;965,4;965,4;965,1;;10,2;8,4;11,5;10,2;9,5;8,4;89;87;88;358;2,2;1,2;
2019/08/16;0900 UTC;0;965,7;965,8;965,3;;10,1;8,2;10,8;10,1;9;8;90;86;88;8;2,2;0;
2019/08/16;1000 UTC;0;966,4;966,4;965,7;12,1;9,9;8,3;10,1;9,7;8,4;8;90;88;90;13;1,7;0;
2019/08/16;1100 UTC;0;967,1;967,1;966,3;523,8;12,5;9,6;12,5;9,9;9,6;8,3;90;82;83;351;2,7;1,4;
2019/08/16;1200 UTC;0;967,4;967,5;967,1;1422,4;17,2;10,6;17,2;12,6;10,7;9,4;82;65;65;339;3,4;2,1;
2019/08/16;1300 UTC;0;967,4;967,6;967,4;2162,3;21,5;10,7;21,5;17,2;10,9;10,1;65;50;50;295;6,9;2,8;
2019/08/16;1400 UTC;0;966,8;967,4;966,8;2674,4;25;9,1;25;21,5;11,3;9,1;50;36;37;273;5,7;2,9;
2019/08/16;1500 UTC;0;965,8;966,8;965,8;2969,1;26,2;6,8;26,8;24,8;9,2;6,8;37;29;29;246;7,3;2,8;
2019/08/16;1600 UTC;0;964,7;965,8;964,7;3007,8;26,7;6,4;27,7;25,8;7,3;5,3;30;25;28;302;6,4;2,5;
2019/08/16;1700 UTC;0;963,7;964,7;963,7;2770,6;27,3;6,1;28;26,7;7,4;5,9;29;25;26;304;8,4;3,5;
2019/08/16;1800 UTC;0;962,5;963,7;962,5;2383,3;28,1;6;28,4;27,3;7,1;5,1;27;24;25;278;7,6;2,3;
2019/08/16;1900 UTC;0;962,1;962,5;962,1;1778,9;27,7;5,4;28,1;27,3;6,1;5;26;24;24;283;7,6;1,4;
2019/08/16;2000 UTC;0;962;962,1;962;365;26,4;6,1;27,9;26,4;6,5;5,3;28;24;27;265;4,1;1,9;
2019/08/16;2100 UTC;0;962,1;962,2;961,9;83,5;23,6;6,3;26,4;23,6;6,4;5,9;33;27;33;52;4,1;0;
2019/08/16;2200 UTC;0;962,4;962,4;962,2;;21,7;7,2;23,6;21,7;7,2;6,2;39;33;39;11;1,2;,3;
2019/08/16;2300 UTC;0;962,7;962,7;962,4;;19,8;7,3;21,7;19,8;7,5;6,9;44;39;44;15;1,5;,1;
2019/08/17;0000 UTC;0;962,9;962,9;962,7;;19,8;7,1;20,1;19,5;7,7;7,1;46;43;44;344;2;1,4;
2019/08/17;0100 UTC;0;963,3;963,4;962,9;;18;7;20,3;18;7,7;6,8;50;42;49;6;3,5;1,4;
2019/08/17;0200 UTC;0;963,5;963,6;963,3;;16,6;8,6;18,1;16,6;8,8;7,1;60;49;59;8;3,5;,6;
2019/08/17;0300 UTC;0;963,3;963,6;963,3;;15,9;8;16,6;15,6;9,4;8;64;59;59;339;2,5;,4;
2019/08/17;0400 UTC;0;962,8;963,3;962,8;;15;8;16,1;14,8;8,2;7,6;65;58;63;44;2,5;0;
2019/08/17;0500 UTC;0;962,2;962,8;962,2;;14,9;7,7;15,7;14,9;8,2;7,6;63;59;62;355;1,7;,6;
2019/08/17;0600 UTC;0;961,5;962,2;961,5;;15,1;8,4;15,1;14,5;8,5;7,6;66;62;64;298;2,5;1,2;
2019/08/17;0700 UTC;0;961;961,5;961;;13,7;8,4;15,1;13,5;8,5;8,2;71;64;71;312;2,1;1,1;
2019/08/17;0800 UTC;0;961;961;960,9;;13,2;8,5;13,8;12,9;8,5;8,3;74;70;73;334;2,1;,2;
2019/08/17;0900 UTC;0;961,3;961,3;960,9;;12,3;8;13,2;12,3;8,5;8;75;72;75;331;2,6;,1;
2019/08/17;1000 UTC;0;961,8;961,8;961,3;11,9;12,5;8,4;12,6;12,1;8,6;8;77;75;76;323;2;,7;
2019/08/17;1100 UTC;0;962,3;962,3;961,8;543,9;14,7;9,9;14,7;12,5;9,9;8,4;76;73;73;334;3,1;1,7;
2019/08/17;1200 UTC;0;962,8;962,9;962,3;1442,4;20,4;11,2;20,4;14,7;11,4;9,7;73;56;56;329;5,9;2;
2019/08/17;1300 UTC;0;963,1;963,1;962,8;2137,9;24,5;10,6;24,5;20,4;11,6;10,2;56;41;42;254;8,3;4;
2019/08/17;1400 UTC;0;962,6;963,1;962,6;2630,2;27,3;9,5;27,3;24,5;10,7;8,9;42;32;33;215;9,1;2;
2019/08/17;1500 UTC;0;961,6;962,6;961,6;2894,6;28,8;8,6;28,9;26,9;9,6;8,6;33;28;28;221;8,4;2,6;
2019/08/17;1600 UTC;0;960,3;961,6;960,3;2960,5;29;7,7;30;28,1;9,1;7,3;30;25;26;242;7,6;2,9;
2019/08/17;1700 UTC;0;959;960,3;959;2745,6;29,2;6,1;30,4;29;8,2;5,8;26;22;23;249;6,9;2,2;
2019/08/17;1800 UTC;0;958;959;958;2316;30,3;5,8;30,8;29,1;7,2;5,7;24;21;21;202;7,3;1,5;
2019/08/17;1900 UTC;0;957,6;958;957,5;1735,5;29,3;5,7;30,7;29,2;6,7;4,7;23;20;22;71;10,5;2,1;
2019/08/17;2000 UTC;0;957,4;957,5;957,4;336;28,6;6,1;29,9;28,6;7,1;5,4;25;22;24;177;3,7;1,3;
2019/08/17;2100 UTC;0;957,8;957,8;957,4;78;26,2;6,6;28,6;26,2;7;5,7;29;24;29;112;3,1;,8;
2019/08/17;2200 UTC;0;958;958;957,7;;26,5;6,2;26,6;25;6,6;5,9;29;27;27;257;1,5;,1;
2019/08/17;2300 UTC;0;958,2;958,2;958;;24,6;6,5;26,5;24,5;6,5;5,9;31;27;31;241;1,3;,3;
2019/08/18;0000 UTC;0;958,7;958,7;958,2;;21,5;7,8;24,5;21,3;7,8;5,9;41;32;41;1;1,6;0;
2019/08/18;0100 UTC;0;959;959;958,7;;20,6;7,9;22,2;20,2;8,3;7,5;44;40;44;296;2,5;,1;
2019/08/18;0200 UTC;0;959,3;959,3;959;;18,5;8,4;20,6;18,5;8,6;7,8;52;44;52;346;2,9;0;
2019/08/18;0300 UTC;0;959,3;959,4;959,2;;17,5;8,7;18,6;17,5;8,9;8,4;56;52;56;293;2;1;
2019/08/18;0400 UTC;0;959,4;959,4;959,3;;16,3;8,8;18;16,1;8,8;8,5;61;54;61;324;2,5;,9;
2019/08/18;0500 UTC;0;958,9;959,4;958,8;;16,3;8,5;16,8;15,9;8,8;8,4;63;58;60;323;3,5;2,2;
2019/08/18;0600 UTC;0;958,8;958,9;958,8;;15;8,9;16,5;15;8,9;8,4;67;59;67;308;3,8;1,6;
2019/08/18;0700 UTC;0;958,4;958,8;958,4;;14,5;8,8;15,5;14,5;9;8,7;69;65;69;306;4,3;1,6;
2019/08/18;0800 UTC;0;958,4;958,5;958,4;;14,7;8,7;14,7;14,1;8,9;8,6;70;67;67;325;3;1,4;
2019/08/18;0900 UTC;0;958,9;958,9;958,4;;14,4;8,4;14,8;14,1;8,7;8,4;68;66;68;327;2,4;0;
2019/08/18;1000 UTC;0;959,6;959,6;958,9;25;14,5;8,8;14,8;13,5;9;8,4;72;68;69;359;1,5;0;
2019/08/18;1100 UTC;0;960,3;960,3;959,6;528,4;18,4;10,3;18,4;14,5;10,5;8,8;69;59;59;272;2;,4;
2019/08/18;1200 UTC;0;961,1;961,1;960,3;897,7;19;11,5;19;17;11,6;9,8;65;57;62;2;2;0;
2019/08/18;1300 UTC;0;961,1;961,3;961,1;1049,7;23,9;9,9;23,9;18,9;11;9,5;62;41;41;227;3,5;,4;
2019/08/18;1400 UTC;0;960,4;961,1;960,4;2574,9;29,7;8,4;29,8;23,9;10,5;8,3;42;26;26;194;8,1;3;
2019/08/18;1500 UTC;0;959,7;960,4;959,7;2893,9;30,3;7,8;31;28,7;8,7;7,4;27;24;25;192;9,4;3,3;
2019/08/18;1600 UTC;0;959;959,7;959;2847,6;31,9;6,3;32,5;30,3;8,3;6,1;25;20;20;195;9,4;3,4;
2019/08/18;1700 UTC;0;958,2;959;958,2;2239,9;32;6,2;32,8;30,8;7,4;6,1;23;19;20;180;8,7;3,5;
2019/08/18;1800 UTC;0;957,4;958,2;957,4;2184,9;32;6,3;33,1;31,2;7,6;5,4;22;19;20;183;10,8;3,7;
2019/08/18;1900 UTC;0;956,9;957,4;956,9;1640,1;31,8;7,3;32,5;31,3;7,8;5,8;23;20;22;192;8,5;2,7;
2019/08/18;2000 UTC;0;957;957;956,9;426,6;30,4;8,3;32;30,4;8,3;7;25;22;25;199;6,5;1,8;
2019/08/18;2100 UTC;0;957,3;957,3;956,9;98;27,1;8,6;30,4;26,9;8,6;8;32;25;31;157;5,9;,2;
2019/08/18;2200 UTC;0;957,7;957,7;957,3;;27;8,4;27,3;26,9;8,7;8,3;31;31;31;136;1,9;1;
2019/08/18;2300 UTC;0;958,2;958,2;957,7;;26,3;8,7;27,4;25,5;8,7;8,3;34;30;33;198;2,1;,6;
2019/08/19;0000 UTC;0;958,5;958,5;958,2;;24,2;9;26,4;24;9,3;8,4;39;33;38;221;2,5;,1;
2019/08/19;0100 UTC;0;958,9;958,9;958,5;;23,5;9,8;24,2;23;10;9;43;38;42;202;2,6;,9;
2019/08/19;0200 UTC;0;959;959;958,9;;21,2;10,6;23,6;20,9;10,6;9,8;51;42;51;249;2,1;,2;
2019/08/19;0300 UTC;0;958,8;959;958,8;;19,3;10,8;21,7;19,3;10,9;10,4;58;50;58;48;1,8;0;
2019/08/19;0400 UTC;0;958,2;958,8;958,2;;18,2;10,9;19,8;18,2;11;10,6;63;56;63;283;2,3;0;
2019/08/19;0500 UTC;0;957,9;958,2;957,9;;17,2;10,9;18,2;17;11,2;10,9;68;63;67;342;3;0;
2019/08/19;0600 UTC;0;957,7;958;957,6;;17,5;11;18,2;17,2;11,3;10,9;67;63;66;325;1,7;,4;
2019/08/19;0700 UTC;0;957,6;957,8;957,6;;17,8;10,8;17,8;16,9;11,1;10,7;68;63;64;295;1,7;0;
2019/08/19;0800 UTC;0;957,9;957,9;957,4;;16,3;11,4;17,8;15,4;11,9;10,8;78;64;73;28;4,1;0;
2019/08/19;0900 UTC;0;958,3;958,4;957,9;;15,8;11,1;16,7;15,4;11,4;10,9;76;69;74;16;3,3;1,3;
2019/08/19;1000 UTC;0;959,1;959,1;958,3;7,5;15,2;11,4;15,9;15,1;11,4;11;78;74;78;20;1,9;1,3;
2019/08/19;1100 UTC;0;959,8;959,8;959,1;221,5;16,7;12,7;16,7;15,2;12,7;11,4;79;76;77;2;2,3;,8;
2019/08/19;1200 UTC;0;960,6;960,6;959,8;891,4;19,7;14,1;19,7;16,7;14,1;12,5;77;70;70;343;4,1;2,1;
2019/08/19;1300 UTC;0;960,8;961;960,6;1415,6;21,5;14,2;21,5;19,7;14,3;13,5;70;63;63;355;6,8;2,6;
2019/08/19;1400 UTC;0;960,5;960,9;960,5;2028,5;24,1;14,4;24,1;21,4;15;13,8;63;54;55;352;6,6;4;
2019/08/19;1500 UTC;0;959,8;960,5;959,8;2184,7;25,5;13,4;25,7;24,1;14,4;13;54;46;47;338;7,3;3,1;
2019/08/19;1600 UTC;0;959,2;959,8;959,2;1235,4;25,2;12,8;26,1;24,9;13,6;12,1;47;42;46;13;5,1;2,2;
2019/08/19;1700 UTC;0;958,6;959,2;958,6;1300,7;25,5;13,9;26,4;25,2;14,3;12,6;49;44;49;16;4,8;3,1;
2019/08/19;1800 UTC;0;958;958,6;958;996;25,1;13,9;25,8;24,9;14,6;13,9;51;49;50;2;6,8;3,7;
2019/08/19;1900 UTC;0;958,6;958,6;958;458,3;22;14,2;25,1;22;14,3;13,7;61;50;61;27;8,2;3,8;
2019/08/19;2000 UTC;,8;958,7;958,9;958,5;61;17,7;15,4;22;17,6;15,6;14,2;88;61;87;11;7,5;3,6;
2019/08/19;2100 UTC;0;958,6;958,9;958,6;42;17,1;14,8;17,7;17;15,6;14,8;88;86;87;2;5,9;3,3;
2019/08/19;2200 UTC;0;959,2;959,3;958,6;;16,8;14,5;17,1;16,7;14,8;14,5;88;86;86;31;5,2;2,2;
2019/08/19;2300 UTC;0;959,5;959,5;959,2;;15,8;13,6;16,8;15,8;14,5;13,6;87;85;87;9;6;3;
2019/08/20;0000 UTC;0;960,2;960,2;959,5;;15,6;13,2;15,8;15,6;13,6;13,2;87;85;85;11;6,4;3,6;
2019/08/20;0100 UTC;0;960,5;960,5;960,2;;15,1;12,9;15,7;15,1;13,2;12,8;87;85;87;7;6,9;3,3;
2019/08/20;0200 UTC;0;961,1;961,1;960,5;;14,5;12,2;15,1;14,5;12,9;12,2;87;86;86;10;7,4;4,1;
2019/08/20;0300 UTC;0;960,9;961,2;960,9;;13,7;11,6;14,5;13,7;12,2;11,6;87;86;87;4;7,4;3,6;
2019/08/20;0400 UTC;0;961;961;960,8;;13,4;11,3;13,7;13,4;11,6;11,3;87;87;87;8;6,5;3,3;
2019/08/20;0500 UTC;0;960,9;961;960,8;;13,5;11,3;13,5;13,3;11,3;11,2;88;86;86;10;6,5;2,2;
2019/08/20;0600 UTC;0;960,2;960,9;960,2;;13,5;11,3;13,5;13,4;11,4;11,3;88;86;87;7;5,6;2,6;
2019/08/20;0700 UTC;0;960,5;960,7;960,2;;13,8;11,4;13,8;13,5;11,5;11,3;87;85;85;16;4,8;2,5;
2019/08/20;0800 UTC;0;960,8;960,9;960,4;;13,7;11,4;13,8;13,5;11,4;11,3;87;85;86;13;5,1;2,5;
2019/08/20;0900 UTC;0;961,2;961,2;960,8;;13,8;11,4;13,9;13,7;11,4;11,4;86;85;85;3;5,8;2,6;
2019/08/20;1000 UTC;0;961,9;961,9;961,1;4,8;13,9;11,4;14;13,7;11,5;11,4;86;85;85;5;4,8;1,9;
2019/08/20;1100 UTC;0;962,5;962,5;961,9;193,4;14,5;12;14,5;13,9;12;11,5;86;85;85;7;3,9;1,8;
2019/08/20;1200 UTC;0;963;963,1;962,4;772,9;16,7;12,7;16,7;14,5;12,8;11,9;85;77;78;19;5,6;3,2;
2019/08/20;1300 UTC;0;963,4;963,5;962,9;1774;18,5;13,1;18,6;16,6;13,4;12,4;79;70;71;13;7,2;4,2;
2019/08/20;1400 UTC;0;963,1;963,4;963,1;2348,2;21,5;13,9;21,5;18,5;14,1;12,9;71;62;62;358;7,3;3,5;
2019/08/20;1500 UTC;0;962,4;963,1;962,4;2694,6;23,9;14;24,4;21,4;14,8;13,7;62;53;54;355;6,2;3,2;
2019/08/20;1600 UTC;0;961,8;962,4;961,8;2748,4;25,9;14,2;26;23,8;14,8;13,5;56;47;48;356;6,4;2,9;
2019/08/20;1700 UTC;0;961,1;961,8;961,1;2170;26,8;13,9;26,9;25,6;14,3;13,4;49;44;45;32;5,6;2,7;
2019/08/20;1800 UTC;0;960,9;961,1;960,8;1847,1;26,9;13,5;27,1;26,2;13,9;13,3;46;43;44;30;5,2;2,8;
2019/08/20;1900 UTC;0;960,8;960,9;960,7;1100,9;26,1;13,7;27,3;26;14;13;47;43;46;25;4,9;2,8;
2019/08/20;2000 UTC;0;961,1;961,1;960,7;510,8;25;13,6;26,4;25;14;13,4;49;46;49;31;6,3;3,1;
2019/08/20;2100 UTC;0;961,6;961,6;961,1;133,2;23,5;13,9;25;23,5;14;13,7;55;49;55;25;5,3;2,9;
2019/08/20;2200 UTC;0;962,1;962,1;961,6;;21,8;13,8;23,5;21,8;14;13,8;61;55;61;7;5,8;2,8;
2019/08/20;2300 UTC;0;962,9;962,9;962,1;;20,7;13,7;21,8;20,6;13,9;13,7;65;61;64;10;5,7;3,4;
2019/08/21;0000 UTC;0;963,8;963,8;962,9;;19,7;13,3;20,7;19,6;13,7;13,3;67;64;67;12;6,9;3,8;
2019/08/21;0100 UTC;0;964,2;964,2;963,8;;18,3;12,9;19,7;18,3;13,3;12,9;71;67;71;13;7;3,5;
2019/08/21;0200 UTC;0;964,3;964,4;964,2;;17;12,6;18,3;17;12,9;12,6;75;71;75;6;7,7;3,7;
2019/08/21;0300 UTC;0;964;964,3;964;;15,6;12,3;17;15,5;12,5;12,2;81;75;81;3;6,4;2,6;
2019/08/21;0400 UTC;0;963,8;964;963,8;;15;12;15,6;15;12,3;12;82;80;82;25;4,9;2,8;
2019/08/21;0500 UTC;0;963,6;963,8;963,6;;14,5;11,6;15,1;14,5;12;11,6;83;82;83;19;5,5;3,3;
2019/08/21;0600 UTC;0;963;963,6;963;;13,5;11,3;14,5;13,5;11,6;11,3;86;83;86;8;5,3;2,6;
2019/08/21;0700 UTC;0;962,9;963;962,8;;13,1;11,2;13,5;12,8;11,3;10,9;89;86;88;10;4,1;2,1;
2019/08/21;0800 UTC;0;962,8;962,9;962,7;;12,7;10,8;13,1;12,7;11,1;10,8;89;88;88;2;4,2;2,5;
2019/08/21;0900 UTC;0;963;963;962,7;;12,4;10,8;12,7;12,3;10,9;10,6;90;88;90;2;4,2;2,4;
2019/08/21;1000 UTC;0;963,8;963,8;963;18,9;12,6;10,8;12,7;12,3;10,9;10,7;90;89;89;7;4,5;2,2;
2019/08/21;1100 UTC;0;964,3;964,3;963,7;506,7;14,2;11,7;14,2;12,6;11,7;10,8;89;85;85;356;4,5;1,7;
2019/08/21;1200 UTC;0;964,7;964,7;964,2;1340,9;17,2;12,6;17,3;14,1;13;11,6;86;74;74;338;5;2,9;
2019/08/21;1300 UTC;0;964,8;964,8;964,7;2073,9;19,9;13,4;19,9;16,9;13,4;12,4;75;66;66;354;5,5;1,5;
2019/08/21;1400 UTC;0;964,2;964,8;964,2;2617,7;21,9;13,5;22,9;19,7;14,1;13;66;57;59;58;3,2;1,3;
2019/08/21;1500 UTC;0;963,4;964,2;963,4;2959,8;24,5;13,5;25,3;21,9;14,3;13,4;59;49;51;56;4,4;1,6;
2019/08/21;1600 UTC;0;962,4;963,4;962,4;2997,8;26,5;13,5;26,8;24,5;14,6;13,5;51;44;45;40;5,1;2,4;
2019/08/21;1700 UTC;0;961,5;962,4;961,5;2784,8;26,8;13,2;27,7;26,2;14,2;12,9;45;41;43;76;6,3;3,4;
2019/08/21;1800 UTC;0;961;961,5;961;2352,5;27,3;11,5;28;26,6;13,9;11;44;36;37;39;6,9;3,1;
2019/08/21;1900 UTC;0;961,1;961,1;961;1492,7;27,6;12,1;27,7;26,9;12,3;11,2;40;36;38;28;6,9;2,4;
2019/08/21;2000 UTC;0;961,4;961,4;961;369,4;25,7;12,3;27,7;25,7;12,5;11,5;43;37;43;19;6,3;2,9;
2019/08/21;2100 UTC;0;961,5;961,5;961,3;106,6;23,5;12,3;25,7;23,4;12,3;11,9;50;42;49;5;5,3;1,3;
2019/08/21;2200 UTC;0;961,9;961,9;961,5;;21,6;12,3;23,6;21,6;12,5;12,1;55;49;55;12;3;1,7;
2019/08/21;2300 UTC;0;962,4;962,4;961,9;;20,1;12,7;21,6;19,9;12,7;12,3;63;55;63;359;4,9;2,5;
2019/08/22;0000 UTC;0;963,3;963,3;962,4;;19,1;12,8;20,3;19,1;13;12,8;67;63;67;358;7,4;3,8;
2019/08/22;0100 UTC;0;963,8;963,8;963,3;;16,8;11,6;19,1;16,8;12,9;11,5;71;67;71;9;9,9;4,9;
2019/08/22;0200 UTC;0;964;964;963,8;;15,5;11,2;16,8;15,5;11,5;11,2;75;71;75;3;8;3,9;
2019/08/22;0300 UTC;0;963,9;964,1;963,9;;14,5;11;15,5;14,4;11,2;10,9;80;75;80;4;7,6;2,8;
2019/08/22;0400 UTC;0;963,4;963,9;963,4;;13,3;10,7;14,5;13,2;11;10,5;84;80;84;2;4,3;2,1;
2019/08/22;0500 UTC;0;963,2;963,5;963,2;;13,2;10,3;13,5;13,2;10,9;10,3;85;82;83;11;6;3,5;
2019/08/22;0600 UTC;0;963;963,2;963;;12,8;10,5;13,2;12,8;10,6;10,3;86;83;86;11;6;3,4;
2019/08/22;0700 UTC;0;963,2;963,2;963;;12,4;10,4;12,8;12,3;10,5;10,2;88;86;88;5;6;3,2;
2019/08/22;0800 UTC;0;963,2;963,2;963,1;;12,3;10,3;12,5;12,2;10,5;10,3;88;87;88;3;6,1;3,7;
2019/08/22;0900 UTC;0;963,5;963,5;963,1;;11,6;10,1;12,3;11,4;10,4;9,9;91;88;91;5;6,1;2,4;
2019/08/22;1000 UTC;0;964,2;964,2;963,5;20,8;11,9;10,3;11,9;11,3;10,4;9,8;91;90;90;4;4,1;2,2;
2019/08/22;1100 UTC;0;964,7;964,7;964,2;603,8;13,9;11,2;13,9;11,9;11,3;10,2;90;84;84;360;4,6;2,7;
2019/08/22;1200 UTC;0;965,2;965,2;964,7;1507,2;17,7;12,5;17,7;13,9;12,5;11,2;84;71;71;347;7,4;4,1;
2019/08/22;1300 UTC;0;965,2;965,4;965,1;2243,6;19,8;11,1;20,5;17,6;12,3;11;71;56;57;357;8,3;4,3;
2019/08/22;1400 UTC;0;964,7;965,2;964,7;2779,8;22,4;11,4;22,4;19,7;11,8;10,7;58;50;50;358;8,1;3,4;
2019/08/22;1500 UTC;0;963,8;964,7;963,8;3099,1;24,1;10,8;24,7;22,2;11,8;10,7;50;43;43;14;7,3;3,5;
2019/08/22;1600 UTC;0;962,8;963,8;962,8;3126,3;25,8;10,5;26;23,7;11,5;9,7;45;37;38;41;7,3;2,4;
2019/08/22;1700 UTC;0;961,9;962,8;961,9;2903,4;26,4;8,4;27,2;25,5;10,7;7,6;38;31;32;11;6,3;2,2;
2019/08/22;1800 UTC;0;961,2;961,9;961,2;2458,1;27,2;7,7;27,8;26,2;9,2;7,5;33;29;29;39;6,3;1,6;
2019/08/22;1900 UTC;0;961;961,2;961;1804,9;26,7;9,6;27,6;26,5;9,8;7,2;34;28;34;33;7,9;3,6;
2019/08/22;2000 UTC;0;961,4;961,4;961;289,4;25,2;9,8;27,4;25,2;10;8,4;38;30;38;48;8,7;4,7;
2019/08/22;2100 UTC;0;961,8;961,8;961,4;99,1;23,1;9,8;25,2;23,1;10;9,6;43;38;43;42;8,3;3,7;
2019/08/22;2200 UTC;0;962,2;962,2;961,8;;21,1;9,6;23,1;21,1;9,9;9,6;48;43;48;30;6,3;2,9;
2019/08/22;2300 UTC;0;962,8;962,8;962,2;;19,9;9,3;21,2;19,9;9,6;9,2;50;47;50;20;5,8;2,6;
2019/08/23;0000 UTC;0;963,4;963,4;962,8;;18,7;10,4;19,9;18,5;10,4;9,2;59;50;58;10;6,5;3,9;
2019/08/23;0100 UTC;0;964;964;963,3;;16,9;10,9;18,7;16,9;10,9;10,4;68;58;68;23;9,4;5,1;
2019/08/23;0200 UTC;0;964,3;964,4;963,9;;15,3;10,7;16,9;15,3;11;10,7;74;68;74;15;10,5;4,8;
2019/08/23;0300 UTC;0;964,1;964,3;964,1;;14,2;10,6;15,3;14,1;10,7;10,5;79;74;79;358;9,2;3,9;
2019/08/23;0400 UTC;0;963,1;964,1;963,1;;12,7;10,1;14,1;12,6;10,6;10;84;79;84;338;6,8;2,7;
2019/08/23;0500 UTC;0;962,7;963,3;962,6;;11,7;10,1;12,7;11,3;10,1;9,3;90;84;90;13;4,8;,9;
2019/08/23;0600 UTC;0;962,4;963,2;962,3;;11,7;9,7;12,7;11,7;10,4;9,6;90;84;88;3;6;1,6;
2019/08/23;0700 UTC;0;961,9;962,5;961,9;;11,5;9,8;11,7;11,2;9,9;9,5;90;88;89;13;3,4;1,9;
2019/08/23;0800 UTC;0;962;962,1;961,4;;11,3;9,7;11,6;10,9;9,9;9,2;91;88;90;22;3,4;,2;
2019/08/23;0900 UTC;0;963,5;963,5;962;;11,7;10;11,7;11,2;10;9,5;90;89;89;34;5,4;2,6;
2019/08/23;1000 UTC;0;963,9;964,1;963,4;23,2;11,6;10,1;11,9;11,6;10,2;9,9;90;89;90;3;5,9;2,5;
2019/08/23;1100 UTC;0;964,4;964,4;963,7;474,3;13,8;11,3;13,8;11,6;11,3;10,1;91;85;85;13;7,2;3,9;
2019/08/23;1200 UTC;0;966,2;966,5;964,4;605,1;14,9;11,2;15;13,8;11,5;10,9;85;79;79;25;10,7;4,1;
2019/08/23;1300 UTC;0;965;966,4;963,7;1242,3;17,6;12,4;17,8;14,5;13,7;11,1;86;71;71;316;8,9;3,8;
2019/08/23;1400 UTC;0;963,9;965;963,9;2480,5;20,9;12,2;20,9;17,3;13,3;11,5;74;56;58;300;7,5;2,1;
2019/08/23;1500 UTC;0;963,2;964;963,2;3010,3;22,8;11,1;22,9;20,6;12,1;10,6;58;47;48;27;4,8;1,7;
2019/08/23;1600 UTC;0;962,2;963,2;962,2;3069,7;24,4;10,2;24,8;22,2;11,4;10;49;40;41;27;5,6;2;
2019/08/23;1700 UTC;0;961,3;962,2;961,3;2853,3;25,8;9,7;25,9;24,3;10,4;9,1;40;36;36;94;5,9;2,7;
2019/08/23;1800 UTC;0;961,1;961,3;961;2425,4;25,9;9,6;26,1;25;9,9;8,1;37;33;36;47;7,4;3,2;
2019/08/23;1900 UTC;0;960,8;961,1;960,7;1683,7;25,2;10,1;25,9;24,7;10,1;9;38;35;38;41;8,3;2,6;
2019/08/23;2000 UTC;0;961;961;960,8;269,4;25,2;9,1;25,8;25,1;10;8,9;38;35;36;67;7;2,7;
2019/08/23;2100 UTC;0;961,2;961,2;961;91;23,8;9,5;25,2;23,8;9,6;9;40;36;40;81;5,7;1,5;
2019/08/23;2200 UTC;0;961,4;961,4;961,2;;22,2;9,4;23,8;22,1;9,6;9,2;45;40;44;57;3,7;1,8;
2019/08/23;2300 UTC;0;961,8;961,8;961,3;;20,5;9,7;22,3;20;10;9,3;52;44;50;27;4,7;1,9;
2019/08/24;0000 UTC;0;962,5;962,5;961,8;;18,1;9,3;20,6;18,1;9,8;9,2;56;50;56;355;3,1;1,1;
2019/08/24;0100 UTC;0;962,7;962,7;962,4;;17,4;9,1;18,7;17,4;9,8;9,1;59;56;58;7;4,7;1,8;
2019/08/24;0200 UTC;0;963,4;963,4;962,6;;16;10,2;18,3;15,9;10,2;9;68;57;68;360;5,6;3,2;
2019/08/24;0300 UTC;0;963,5;963,6;963,4;;14,3;9,9;16,2;14,2;10,4;9,7;75;68;75;297;6,5;,9;
2019/08/24;0400 UTC;0;963,4;963,6;963,4;;13,8;9,5;14,5;13,3;10;9,1;77;73;76;336;3;1,4;
2019/08/24;0500 UTC;0;963;963,4;963;;12,7;9,6;13,7;12,3;10,1;9,2;83;76;81;16;2,9;1,8;
2019/08/24;0600 UTC;0;962,9;963;962,8;;12,3;9,5;12,9;11,5;9,7;9;86;80;83;6;4,3;2,7;
2019/08/24;0700 UTC;0;963,2;963,2;962,8;;11,3;9,1;12,4;11,1;9,5;8,7;87;83;87;5;4,3;1,8;
2019/08/24;0800 UTC;0;963,3;963,4;963,2;;11;9,3;11,3;10,8;9,6;8,8;89;86;89;3;3,7;2,4;
2019/08/24;0900 UTC;,2;963,8;963,8;963,3;;10,7;9,2;11,1;10,5;9,8;8,9;92;89;90;4;3,7;2,3;
2019/08/24;1000 UTC;0;964,5;964,5;963,8;26,2;10,1;9;10,7;10,1;9,3;8,9;93;90;92;1;3,5;,9;
2019/08/24;1100 UTC;0;965,3;965,3;964,5;626,4;12,7;10,7;12,7;10,1;10,7;9;93;87;87;360;3,4;1,4;
2019/08/24;1200 UTC;0;966,1;966,1;965,3;1556,7;16,2;11;16,4;12,7;11,7;10,4;87;71;71;350;7,3;4,1;
2019/08/24;1300 UTC;0;966,3;966,4;966,1;2302,8;19,7;10,2;19,8;16,1;11,4;10,1;72;54;54;329;9,4;4,7;
2019/08/24;1400 UTC;0;965,6;966,3;965,6;2831,4;22,8;10,4;22,9;19,7;11,1;9,9;55;46;46;360;8,2;3,4;
2019/08/24;1500 UTC;0;964,5;965,6;964,5;3163;23,5;8,6;24,4;21,9;10,5;8,3;47;38;39;9;7,3;3,4;
2019/08/24;1600 UTC;0;963,5;964,5;963,5;3190,8;25,2;6,7;25,4;23,3;8,8;5,7;39;29;31;1;6,5;3,2;
2019/08/24;1700 UTC;0;962,6;963,5;962,6;2961,8;26;6,7;26,9;24,7;7,2;5;32;27;29;22;7,1;1,9;
2019/08/24;1800 UTC;0;961,9;962,6;961,9;2504;26,4;5,6;27,7;25,7;7;5,2;30;25;27;280;6,4;1,6;
2019/08/24;1900 UTC;0;961,9;962;961,8;1850,9;26,4;5,9;27,2;26,1;6,5;5,5;28;26;27;327;6,6;3,4;
2019/08/24;2000 UTC;0;962;962;961,8;334,2;24,9;6,6;26,9;24,9;7,3;5,9;31;27;31;10;7,3;3,8;
2019/08/24;2100 UTC;0;962,5;962,5;962;92,4;22,1;7,8;24,8;22,1;7,9;6,7;40;31;40;18;7,8;3,5;
2019/08/24;2200 UTC;0;963,2;963,2;962,5;;20,2;7,2;22,1;20,2;8;7,1;43;40;43;7;6,9;3,6;
2019/08/24;2300 UTC;0;964;964;963,2;;18,6;8,3;20,2;18,5;8,4;7,2;51;43;51;1;6,5;3,4;
2019/08/25;0000 UTC;0;964,5;964,5;964;;17,8;9,2;18,7;17,8;9,3;8,3;57;51;57;360;9,4;5,8;
2019/08/25;0100 UTC;0;964,9;964,9;964,4;;16,3;9,2;17,9;16,3;9,3;9,1;63;57;63;358;11,4;5,5;
2019/08/25;0200 UTC;0;965,5;965,5;964,9;;15,4;8,5;16,3;15,2;9,2;8,4;64;63;63;358;8,6;4,3;
2019/08/25;0300 UTC;0;965,2;965,6;965,2;;14,6;8,5;15,4;14,5;8,5;8,3;67;63;67;5;7,7;4,6;
2019/08/25;0400 UTC;0;965;965,3;965;;13,2;8,9;14,6;13,2;9,1;8,4;75;67;75;353;7,8;3,8;
2019/08/25;0500 UTC;0;964,7;965;964,6;;12,7;9,2;13,3;12,6;9,3;8,9;79;75;79;6;7;3,5;
2019/08/25;0600 UTC;0;964,3;964,7;964,3;;12;9,2;12,9;12;9,3;8,9;83;78;83;360;5,4;2,8;
2019/08/25;0700 UTC;0;964,1;964,5;964,1;;10,5;8,5;12;10,5;9,1;8,4;87;82;87;341;4,4;1,6;
2019/08/25;0800 UTC;0;964,1;964,1;964;;10,5;8,6;10,7;10,1;8,8;8,2;89;87;88;351;3,6;2,1;
2019/08/25;0900 UTC;0;964,9;964,9;964,1;;10,5;8,8;10,6;10,4;8,8;8,5;89;88;89;1;3,3;1,7;
2019/08/25;1000 UTC;0;965,5;965,5;964,9;27;10,9;9;10,9;10,3;9,1;8,5;90;88;88;8;3,8;2,1;
2019/08/25;1100 UTC;0;966,1;966,1;965,5;652,1;13,3;10,1;13,3;10,8;10,1;8,9;88;80;81;360;5,3;3,4;
2019/08/25;1200 UTC;0;966,3;966,3;966;1596,2;16,9;10,7;16,9;13,3;11;9,9;81;67;67;349;6,9;3,6;
2019/08/25;1300 UTC;0;966,2;966,3;966,2;2331,6;20,6;10,9;20,6;16,9;11,4;10,1;67;54;54;357;7,5;3,5;
2019/08/25;1400 UTC;0;965,7;966,2;965,7;2856,5;24,7;10,5;24,7;20,1;11,3;9,4;54;41;41;303;7,2;3,2;
2019/08/25;1500 UTC;0;964,9;965,7;964,9;3155,5;25,2;9,8;25,9;23,6;10,3;8,8;41;35;38;357;6,6;3,1;
2019/08/25;1600 UTC;0;963,8;964,9;963,8;3174,9;26,5;9;27,1;25;10,3;8,8;39;33;33;33;7,4;3,1;
2019/08/25;1700 UTC;0;962,8;963,8;962,8;2940,9;28,1;7,3;28,6;26,4;9,6;7,3;34;27;27;31;6,9;3;
2019/08/25;1800 UTC;0;962,1;962,8;962,1;2494,1;29,1;6;29,3;27,7;7,4;4,7;27;21;23;359;5,7;1,9;
2019/08/25;1900 UTC;0;962;962,2;961,9;1830,4;28,4;7,9;29,9;28,1;8,1;5,5;28;22;28;40;6,6;3,3;
2019/08/25;2000 UTC;0;962,2;962,2;961,9;289;26,6;9,2;28,7;26,6;9,4;7,9;33;27;33;34;7,2;4,5;
2019/08/25;2100 UTC;0;962,4;962,4;962,2;88,3;24,7;9,3;26,6;24,7;9,6;9,1;38;33;38;38;7,3;3,7;
2019/08/25;2200 UTC;0;962,9;962,9;962,4;;22,3;9,5;24,8;22,3;9,8;9,3;44;38;44;16;7,1;2,8;
2019/08/25;2300 UTC;0;963,1;963,1;962,9;;20,2;9,3;22,3;20,2;9,7;9,3;50;44;50;354;6,1;3,2;
2019/08/26;0000 UTC;0;963,6;963,6;963,1;;20;10,7;20,6;19,8;10,7;9,3;55;49;55;360;8,3;5,2;
2019/08/26;0100 UTC;0;964;964,1;963,6;;18;10,8;20;18;10,8;10,7;63;55;63;6;9,9;4,3;
2019/08/26;0200 UTC;0;964,4;964,5;964;;16,6;10,6;18,1;16,6;10,8;10,5;68;63;68;9;7;3,6;
2019/08/26;0300 UTC;0;964,4;964,5;964,3;;15,2;10,5;16,6;15,2;10,7;10,5;73;68;73;6;6,8;3,3;
2019/08/26;0400 UTC;0;964;964,5;964;;14,2;10,4;15,2;14,2;10,6;10,3;78;73;78;3;5,5;3,6;
2019/08/26;0500 UTC;0;963,7;964;963,6;;13,1;10,2;14,2;12,9;10,5;9,9;84;78;83;360;6,2;2,6;
2019/08/26;0600 UTC;0;963,5;963,7;963,5;;12,6;10,4;13,1;12,5;10,4;10;86;83;86;1;4,6;2,4;
2019/08/26;0700 UTC;0;963,5;963,6;963,4;;11,8;9,8;12,7;11,8;10,5;9,6;88;84;88;353;4,3;,9;
2019/08/26;0800 UTC;0;963,7;963,7;963,4;;11,9;9,9;12;11,3;10;9,4;89;87;88;1;4,3;2,7;
2019/08/26;0900 UTC;0;964,1;964,2;963,7;;10,7;9,1;11,9;10,7;9,9;9,1;90;87;90;355;4,3;1,6;
2019/08/26;1000 UTC;0;964,3;964,3;964,1;31,1;11;9,3;11;10,6;9,4;9;90;90;90;3;3;1,6;
2019/08/26;1100 UTC;0;964,7;964,7;964,3;636,4;13,6;10,8;13,6;11;10,8;9,3;90;82;83;356;4,8;2,7;
2019/08/26;1200 UTC;0;965,2;965,3;964,8;1539,5;17,1;11,1;17,6;13,6;11,7;10,5;83;66;68;351;5,2;2,7;
2019/08/26;1300 UTC;0;964,8;965,2;964,8;2267,8;22,9;11,6;23;17,2;12,6;11,3;68;49;49;302;8,5;4,5;
2019/08/26;1400 UTC;0;964,2;964,8;964,2;2797,1;27,1;11,3;27,1;22,8;12,1;11,2;50;37;37;286;7,8;3,3;
2019/08/26;1500 UTC;0;963,4;964,2;963,4;3071,2;28,3;9,2;29,6;27;11,4;9,2;38;29;30;286;7,4;3,3;
2019/08/26;1600 UTC;0;962,6;963,4;962,6;2973,7;29,9;9,3;30,3;28,3;10;8,7;31;27;28;214;7,2;2;
2019/08/26;1700 UTC;0;961,5;962,6;961,5;2881,1;30,9;8,3;31,5;29,5;9,4;7;28;23;25;142;8,1;1,4;
2019/08/26;1800 UTC;0;960,9;961,5;960,9;2406;31,7;5,9;32,2;30,5;8,8;5,4;25;19;20;190;4,8;1,1;
2019/08/26;1900 UTC;0;960,6;960,9;960,6;1723,9;31,3;7;32,1;30,6;7,5;4,9;24;18;22;34;5,4;1,4;
2019/08/26;2000 UTC;0;960,7;960,8;960,6;363,9;30;6,7;31,4;30;7,7;6,5;24;21;23;348;3,8;2,1;
2019/08/26;2100 UTC;0;961;961;960,7;99,8;26,9;7,1;30;26,9;7,7;6,4;29;23;29;295;3,4;1,1;
2019/08/26;2200 UTC;0;961,3;961,3;961;;25,4;6,2;26,9;25;7,1;6,2;30;29;29;302;4,1;2,4;
2019/08/26;2300 UTC;0;961,7;961,7;961,3;;22,8;8,6;25,6;22,8;8,6;6;40;29;40;1;4,1;1,4;
2019/08/27;0000 UTC;0;962,3;962,3;961,7;;22,3;9,3;22,8;21,7;9,5;8,7;45;40;44;321;4,2;2,7;
2019/08/27;0100 UTC;0;962,5;962,5;962,3;;21,5;7,8;22,4;20,4;9,4;7,8;48;41;41;324;4,6;2,7;
2019/08/27;0200 UTC;0;963;963;962,5;;18,7;9,3;21,5;18,7;9,4;7,8;55;41;55;352;4;1,6;
2019/08/27;0300 UTC;0;963;963,2;963;;18;9,4;18,7;18;9,7;9,2;58;55;57;360;3,9;1,4;
2019/08/27;0400 UTC;0;962,4;963;962,4;;16,6;10,4;18;16,6;10,4;9,3;67;57;67;339;3,4;1,6;
2019/08/27;0500 UTC;0;962;962,4;962;;15,8;10,9;16,6;15,8;11;10,5;72;67;72;12;3,1;1,9;
2019/08/27;0600 UTC;0;962,1;962,2;961,9;;15,2;11,7;15,9;15,2;12,1;10,7;79;72;79;21;2,8;1,2;
2019/08/27;0700 UTC;0;962;962,1;961,9;;15,1;12,2;15,8;14,9;12,3;11,8;83;79;83;18;2,7;1,2;
2019/08/27;0800 UTC;0;962,3;962,3;962;;13,4;11,5;15,1;13,4;12,2;11,5;88;83;88;359;2,9;1,8;
2019/08/27;0900 UTC;0;963,3;963,3;962,3;;12,8;11,3;13,4;12,7;11,8;11,1;91;88;91;353;3;1,6;
2019/08/27;1000 UTC;0;964;964;963,3;34,5;13;11,2;13,2;12,8;11,6;11,2;91;89;89;351;3,1;1,1;
2019/08/27;1100 UTC;0;964,9;964,9;964;580,9;15,2;12,2;15,2;13;12,2;11,3;89;82;83;351;3,3;1,9;
2019/08/27;1200 UTC;0;965,4;965,4;964,9;1203,4;19;12,5;19;15,2;13;12,2;83;66;66;351;3,9;1,9;
2019/08/27;1300 UTC;0;965,6;965,6;965,4;1253,9;21,8;12,8;21,8;18,8;13,2;12,1;66;57;57;339;4,9;2,3;
2019/08/27;1400 UTC;0;965,4;965,7;965,4;2234,2;24,8;12,6;25,4;21,8;13,7;12,1;57;45;46;347;4,1;1;
2019/08/27;1500 UTC;0;964,5;965,4;964,5;3017,9;28,8;10,9;29;24,8;12,7;10,5;47;32;33;260;6,5;1,7;
2019/08/27;1600 UTC;0;963,7;964,5;963,7;2801,7;29,8;10;30,4;28,3;11,1;9,4;33;29;29;330;4,8;2,3;
2019/08/27;1700 UTC;0;962,7;963,7;962,7;2202,4;29,6;9,3;31;29,1;10,1;8,9;30;26;28;41;5;,6;
2019/08/27;1800 UTC;0;962,1;962,7;962,1;1632,3;29,8;8;30,4;29;10;7,5;30;25;26;277;5;1,9;
2019/08/27;1900 UTC;0;962;962,1;961,9;1053,2;29,5;8,5;30,2;29,2;9,4;7,9;29;25;27;305;4;1,4;
2019/08/27;2000 UTC;0;962,2;962,2;962;483,2;27,9;9,7;29,5;27,9;9,7;8,1;32;27;32;4;4;,4;
2019/08/27;2100 UTC;0;962,3;962,3;962,1;103,1;26,3;9,4;27,9;26,3;10,6;9,2;36;32;34;10;2,3;,1;
2019/08/27;2200 UTC;0;962,6;962,6;962,3;;24,1;11,7;26,3;23,8;11,8;9,4;47;34;46;1;1,8;,6;
2019/08/27;2300 UTC;0;962,9;962,9;962,6;;23,2;10,2;24,3;23,2;11,6;10,2;46;42;44;2;4,1;2;
2019/08/28;0000 UTC;0;963,2;963,2;962,9;;21,7;10,1;23,2;21,7;10,3;9,8;48;44;48;1;3,9;1;
2019/08/28;0100 UTC;0;963,1;963,2;963;;21,3;9,5;22;21,2;10;9,5;48;45;47;9;2,7;1;
2019/08/28;0200 UTC;0;963;963,2;963;;21,2;11,6;22;21,1;11,6;9,3;54;45;54;3;4,6;2,7;
2019/08/28;0300 UTC;0;963,1;963,1;963;;19,4;12,7;21,2;19,3;12,7;11,5;65;54;65;344;4,4;2;
2019/08/28;0400 UTC;0;962,7;963,1;962,7;;19;13,6;19,5;18,6;13,6;12,6;71;65;71;16;4,2;2,5;
2019/08/28;0500 UTC;0;962,8;962,8;962,6;;18,1;13,3;19,4;18,1;13,7;13,2;73;70;73;4;5,6;2,9;
2019/08/28;0600 UTC;0;962,4;962,8;962,4;;17,5;13,3;18,2;17,4;13,3;13,2;76;73;76;2;5,1;3;
2019/08/28;0700 UTC;0;962,4;962,4;962,3;;17;13,1;17,5;17;13,3;13,1;77;76;77;9;5,1;2,7;
2019/08/28;0800 UTC;0;962,5;962,5;962,3;;15,9;12,7;17,1;15,9;13,1;12,7;82;77;82;350;4,7;2,4;
2019/08/28;0900 UTC;0;963;963;962,5;;15,6;12,8;16,1;15,5;13,1;12,7;84;82;84;359;4;2,2;
2019/08/28;1000 UTC;0;963,7;963,7;963;12,5;15,2;12,9;15,6;15,1;13,1;12,7;86;84;86;3;3,7;1,5;
2019/08/28;1100 UTC;0;964,5;964,5;963,7;551,2;17,2;13,3;17,3;15,1;13,5;12,8;87;77;78;358;5,2;2,9;
2019/08/28;1200 UTC;0;964,6;964,7;964,5;1449,2;20,4;13,5;20,8;17,2;14,1;13,3;78;64;64;342;7,3;4,3;
2019/08/28;1300 UTC;0;964,4;964,8;964,3;2461;24,1;13,8;24,9;20,4;14,5;13,5;65;51;53;353;7,7;3,1;
2019/08/28;1400 UTC;0;964;964,4;964;2230,9;26,5;11,7;26,5;24,1;13,9;11,4;53;39;40;319;7,1;3,4;
2019/08/28;1500 UTC;0;963,1;964;963,1;3103,7;28,2;10,7;28,9;26,2;12;10,5;40;33;34;306;5,9;2,3;
2019/08/28;1600 UTC;0;962,2;963,1;962,2;2825,7;30,5;9,6;30,5;28;11,3;8,6;34;27;27;294;6;2;
2019/08/28;1700 UTC;0;961,3;962,2;961,3;2706,7;30,4;8,9;31;29,1;10,1;7,1;30;24;26;289;7,8;2,8;
2019/08/28;1800 UTC;0;960,7;961,3;960,7;2195,8;30;8,1;31,3;29,6;9,6;7,8;27;24;26;262;6,4;2,2;
2019/08/28;1900 UTC;0;960,5;960,7;960,5;1900,5;30;8,1;31,1;29,9;8,7;7,5;26;24;25;286;6,7;3,9;
2019/08/28;2000 UTC;0;960,5;960,6;960,4;362,3;28,6;7,4;30,2;28,6;8,1;6,9;27;24;26;262;6,2;2,6;
2019/08/28;2100 UTC;0;960,8;960,8;960,5;102,3;25,6;7,1;28,6;25,6;8,3;7,1;32;26;31;277;5,4;1,2;
2019/08/28;2200 UTC;0;961,4;961,4;960,7;;22,4;7,3;25,6;22,4;7,3;6;38;29;38;2;3,3;1,6;
2019/08/28;2300 UTC;0;961,8;961,8;961,3;;22,8;9,7;23,3;22,3;10,2;7,4;44;38;44;320;4,6;2;
2019/08/29;0000 UTC;0;962;962,1;961,8;;20,7;9,4;22,8;20,6;9,7;8,8;48;43;48;346;3,8;1,1;
2019/08/29;0100 UTC;0;962,3;962,3;962;;20,5;9,7;21;19,5;10,9;9,2;57;47;50;324;3,9;2,4;
2019/08/29;0200 UTC;0;962;962,3;962;;18;10;20,5;18;10,3;9,4;60;50;60;332;3,7;1,1;
2019/08/29;0300 UTC;0;961,8;962,1;961,8;;17,4;11,5;18,6;17,4;11,6;10;68;60;68;339;3,1;1,6;
2019/08/29;0400 UTC;0;961,4;961,8;961,4;;17,6;12,1;18,3;17,3;12,3;11,5;71;67;70;320;3,3;1,4;
2019/08/29;0500 UTC;0;960,8;961,4;960,8;;16,7;12,1;17,6;16,2;12,1;11,1;74;70;74;331;2,5;1,1;
2019/08/29;0600 UTC;0;960,4;960,8;960,4;;15,4;12;17;15,4;12,5;11,8;80;74;80;339;3,1;,1;
2019/08/29;0700 UTC;0;960,4;960,5;960,4;;14,7;12,1;15,5;14,5;12,3;11,7;84;80;84;342;2,6;1,4;
2019/08/29;0800 UTC;0;960,3;960,5;960,3;;14,1;11,9;14,7;13,9;12,1;11,6;87;84;87;345;2,6;1,1;
2019/08/29;0900 UTC;0;960,8;960,8;960,3;;14,3;12;14,7;13,9;12,3;11,4;87;83;86;346;2,8;1,5;
2019/08/29;1000 UTC;0;961,3;961,3;960,8;28;14,1;11,8;14,6;13,7;12,1;11,2;88;83;86;353;3;1,1;
2019/08/29;1100 UTC;0;961,9;961,9;961,3;589,7;16,2;11,9;16,5;14,1;12,6;11,8;86;74;76;357;4,3;2,6;
2019/08/29;1200 UTC;0;962,2;962,3;961,9;1286;19,6;11,4;19,6;16,2;12,6;11,2;76;59;59;354;4,7;3,1;
2019/08/29;1300 UTC;0;962,2;962,3;962,1;2120,8;22,2;10,9;22,7;19,6;11,9;10,9;60;49;49;353;4,7;2;
2019/08/29;1400 UTC;0;961,8;962,2;961,8;2740,6;27,1;10,6;27,1;22,2;12;9,7;51;35;36;298;5,6;1,7;
2019/08/29;1500 UTC;0;961;961,8;961;3048,5;29,2;9;29,2;26,4;10,2;8,5;35;28;28;284;5,9;2,4;
2019/08/29;1600 UTC;0;959,8;961;959,8;3063,3;30,1;8,5;30,4;28,1;9,3;8;30;26;26;252;6,2;2,1;
2019/08/29;1700 UTC;0;958,9;959,8;958,9;2802,4;30,9;8,2;31;29,3;8,8;7,7;27;24;24;260;4,7;1,2;
2019/08/29;1800 UTC;0;958,1;958,9;958,1;2255,1;29,5;7,6;31,2;29,5;9;7,3;26;23;25;242;5,4;2;
2019/08/29;1900 UTC;0;957,8;958,1;957,8;1052,2;30,6;7,9;30,7;29,4;8,5;7,5;26;24;24;306;5,4;1,9;
2019/08/29;2000 UTC;0;957,9;957,9;957,8;411;29,7;7,6;30,7;29,7;8,2;7,4;26;24;25;328;4,5;2;
2019/08/29;2100 UTC;0;958,4;958,4;957,9;160,7;27,3;8,2;29,7;27,3;8,2;7,7;30;25;30;319;3,6;1,4;
2019/08/29;2200 UTC;0;958,7;958,8;958,4;;25,3;8,4;27,3;25,3;8,5;8,2;34;30;34;22;2;0;
2019/08/29;2300 UTC;0;959,3;959,3;958,7;;23,5;9,6;25,3;23,5;9,6;8,4;41;34;41;15;,2;0;
2019/08/30;0000 UTC;0;959,9;959,9;959,3;;22,2;9,7;23,8;22,2;10,2;9,4;45;40;45;5;4,5;,3;
2019/08/30;0100 UTC;0;960,2;960,2;959,9;;20,9;9,4;22,4;20,9;9,6;8,8;48;43;48;304;4,3;1,6;
2019/08/30;0200 UTC;0;960,2;960,3;960,1;;19,7;9,4;20,9;19,7;9,6;9,2;51;48;51;355;2,7;1,2;
2019/08/30;0300 UTC;0;960,1;960,3;960;;19,5;9,4;20,4;19;9,7;9,3;54;49;52;324;3,6;1,3;
2019/08/30;0400 UTC;0;959,8;960,1;959,8;;19,4;9,5;19,7;18,7;9,7;9,3;55;52;53;317;2,8;,5;
2019/08/30;0500 UTC;0;959,3;959,8;959,3;;17,9;9,5;19,4;17,9;9,7;9,3;58;53;58;336;2,7;1,6;
2019/08/30;0600 UTC;0;959;959,3;959;;17,3;9,3;17,9;17,2;9,6;9,3;60;58;59;339;2,7;1,3;
2019/08/30;0700 UTC;0;959;959;958,9;;15,7;9,3;17,4;15,7;9,3;9,1;66;59;66;357;2,4;,1;
2019/08/30;0800 UTC;0;959;959;958,8;;15,5;9,2;15,7;15,3;9,4;9,2;67;66;66;328;2;1,2;
2019/08/30;0900 UTC;0;959,5;959,5;958,9;;14,8;9,1;15,5;14,8;9,2;9,1;69;66;69;333;2;,9;
2019/08/30;1000 UTC;0;960,3;960,3;959,5;35,3;15,3;9,3;15,3;14,5;9,3;9,1;70;67;67;325;2,1;1,3;
2019/08/30;1100 UTC;0;960,8;960,8;960,3;643,8;18,1;10,2;18,2;15,3;10,4;9,3;67;59;60;352;2,2;1,3;
2019/08/30;1200 UTC;0;961,1;961,1;960,8;1513,2;21,4;11,2;21,4;18;11,5;10,1;61;52;52;1;2,7;1;
2019/08/30;1300 UTC;0;961;961,1;961;2218,4;26,4;10,3;27;21,4;11,7;10,2;52;36;37;254;5,4;2,3;
2019/08/30;1400 UTC;0;960,5;961;960,5;2719,4;29,8;10,1;29,9;26,4;11,4;9,7;37;29;29;192;6,9;2,7;
2019/08/30;1500 UTC;0;959,5;960,5;959,5;3017,4;31,5;9,2;31,8;29,2;10,9;8,8;30;25;25;186;7,9;2,8;
2019/08/30;1600 UTC;0;958,3;959,5;958,3;3028,4;32,4;8,4;33,3;31,1;9,8;8,4;26;22;23;218;7,2;2,3;
2019/08/30;1700 UTC;0;957,1;958,3;957,1;2826,6;32,7;8,9;33,2;31,6;9,6;8;25;21;23;163;8,1;1,9;
2019/08/30;1800 UTC;0;956,3;957,2;956,3;2258,7;32,3;7,6;33,5;32,1;9;7,5;23;21;22;218;6,6;2,1;
2019/08/30;1900 UTC;0;955,9;956,3;955,9;1638,2;32,5;8,3;33,2;32;8,8;7,5;23;21;22;152;6,4;1,7;
2019/08/30;2000 UTC;0;956,2;956,2;955,9;520,9;31,4;8,3;32,6;31,3;8,9;7,6;25;21;24;108;4,7;1,6;
2019/08/30;2100 UTC;0;956,4;956,5;956,2;153,1;28,8;8,6;31,4;28,8;9;8;28;23;28;110;2,7;,2;
2019/08/30;2200 UTC;0;956,7;956,7;956,4;;27,8;8,6;28,8;27,8;8,7;8,2;30;28;30;108;2;,7;
2019/08/30;2300 UTC;0;957,1;957,1;956,7;;26;8,6;28,4;26;8,8;8,4;33;29;33;54;2;0;
2019/08/31;0000 UTC;0;957,4;957,4;957,1;;25,5;9;26,6;25,3;9;8,6;35;32;35;352;,5;0;
2019/08/31;0100 UTC;0;957,4;957,5;957,4;;23,4;10,9;25,6;22,5;11,1;8,8;48;35;45;305;2,4;1,3;
2019/08/31;0200 UTC;0;957,6;957,6;957,3;;22,1;11;23,3;22;11,1;10,6;50;45;49;295;2,5;1,6;
2019/08/31;0300 UTC;0;957,8;957,8;957,6;;20;11,2;22,3;20;11,3;11;57;49;57;275;2,6;1,3;
2019/08/31;0400 UTC;0;957,5;957,9;957,4;;18,9;11,5;20,6;18,8;11,5;11,1;62;55;62;329;2,9;,2;
2019/08/31;0500 UTC;0;957,2;957,5;957,2;;19,5;10,8;19,9;18,9;11,6;10,7;62;56;57;339;2,8;,3;
2019/08/31;0600 UTC;0;956,9;957,2;956,9;;18,4;11,2;19,6;18,4;11,4;10,8;63;57;63;320;4,2;1,5;
2019/08/31;0700 UTC;0;956,7;956,9;956,7;;17,3;10,8;19,2;17,3;11,3;10,8;66;59;66;344;4,2;1,3;
2019/08/31;0800 UTC;0;956,9;956,9;956,6;;16,9;11;17,7;16,7;11,1;10,9;69;65;68;337;3;1,3;
2019/08/31;0900 UTC;0;957,4;957,4;956,9;;17;10,7;17,5;16,8;11,1;10,7;68;66;66;307;2,9;,5;
2019/08/31;1000 UTC;0;958;958;957,4;35,4;16,8;11,1;17,1;16,2;11,1;10,7;70;66;69;286;3;,6;
2019/08/31;1100 UTC;0;958,3;958,3;958;627,5;21,2;11,6;21,2;16,8;11,9;11,2;69;54;54;273;3,9;1,9;
2019/08/31;1200 UTC;0;958,5;958,5;958,3;1471,4;26,3;11,6;26,4;21,2;12;11,1;54;39;40;227;4,7;,9;
2019/08/31;1300 UTC;0;958,7;958,7;958,4;2173;30,1;9,9;30,8;26,3;12,1;9,9;40;28;29;202;7,3;2,3;
2019/08/31;1400 UTC;0;958,5;958,9;958,5;2691,1;32,4;9,8;32,6;30,1;10,7;9,3;29;25;25;207;7,9;3,5;
2019/08/31;1500 UTC;0;957,6;958,5;957,6;2728,8;34,7;9,5;34,7;32,2;10,5;8,8;26;21;21;201;10;3,8;
2019/08/31;1600 UTC;0;956,7;957,6;956,7;2961,7;34,6;8,2;36;34,2;10;8,2;22;19;20;208;11,2;3,8;
2019/08/31;1700 UTC;0;955,5;956,7;955,5;2441,1;36,2;9,1;36,6;33,6;9,7;8,4;22;19;19;175;10,4;3,9;
2019/08/31;1800 UTC;0;954,5;955,5;954,5;1934;36,7;9,3;36,7;33,9;9,7;8,4;22;19;19;181;10;3,4;
2019/08/31;1900 UTC;0;953,9;954,5;953,9;1599,6;35,3;8,8;36,7;34,6;9,4;8,3;21;18;20;176;8;3;
2019/08/31;2000 UTC;0;954;954,1;953,9;433,9;34;8,5;35,5;34;9,2;7,9;22;19;21;168;8;2,4;
2019/08/31;2100 UTC;0;954,3;954,3;954;147,2;31;10;34;31;10;8,4;27;21;27;170;8,1;,8;
2019/08/31;2200 UTC;0;954,5;954,5;954,3;;28,9;10,1;31,1;28,9;10,1;9,7;31;27;31;200;2,1;,4;
2019/08/31;2300 UTC;0;955,4;955,4;954,5;;26,5;10,8;28,8;26,3;11,1;9,9;38;31;38;337;2,3;,4;
2019/09/01;0000 UTC;0;957,6;957,6;955,3;;25,1;14,1;27,5;25,1;14,1;10,6;50;36;50;85;14;7,4;
2019/09/01;0100 UTC;0;958,4;958,4;957,4;;22,8;15,1;25,1;22,8;15,1;14,1;62;50;62;38;14;7,7;
2019/09/01;0200 UTC;0;959,6;959,6;958,4;;22,1;15,2;22,8;22;15,4;15,1;66;62;65;18;12,4;4,3;
2019/09/01;0300 UTC;0;958,6;959,8;958,6;;21,3;15,2;22,1;21,2;15,3;15,2;69;65;68;3;7,9;3,6;
2019/09/01;0400 UTC;,2;957,7;958,6;957,5;;19,8;15,2;21,3;19,8;15,3;14,8;75;67;75;338;8,5;3,2;
2019/09/01;0500 UTC;0;958,8;958,8;956,8;;18,9;15,8;19,8;18,8;15,8;15,1;82;75;82;57;7,6;1,9;
2019/09/01;0600 UTC;,6;957,3;959,7;957,3;;18,4;16,1;19;18;16,2;15,8;89;82;87;342;7;3,5;
2019/09/01;0700 UTC;0;957;957,7;957;;18;15,9;18,4;17,8;16,2;15,8;90;86;88;336;5,4;2,6;
2019/09/01;0800 UTC;0;957,2;957,2;956,7;;17,9;15,5;18;17,7;15,9;15,5;88;85;86;341;6;2;
2019/09/01;0900 UTC;2,2;956,3;958,1;956,2;;17,5;15,7;18;17,3;15,7;15,5;90;86;89;300;6,6;3,2;
2019/09/01;1000 UTC;3,8;958,1;959;956,3;11,8;17,5;16,1;17,7;17,3;16,1;15,7;92;89;91;325;6,5;,7;
2019/09/01;1100 UTC;0;958,1;958,2;957,8;191,9;18,2;16,8;18,2;17,5;16,8;16,1;92;91;92;282;3,7;1,2;
2019/09/01;1200 UTC;0;957,2;958,1;957,2;565,9;20;17,9;20;18,1;18;16,6;92;88;88;270;7,5;3,7;
2019/09/01;1300 UTC;0;957,3;957,3;957,2;1921;24,1;18,2;24,6;20;19,4;17,7;88;69;70;249;8,3;4;
2019/09/01;1400 UTC;0;957,4;957,5;957,3;2165,8;28,2;17;28,2;23,8;19,1;16,9;73;51;51;242;8,3;2,3;
2019/09/01;1500 UTC;0;956,7;957,5;956,7;2106,6;29;15,6;29,4;27,5;17,2;14,7;52;41;44;265;6,3;3,5;
2019/09/01;1600 UTC;0;956,8;956,8;955,9;1730,9;28,8;13,8;30,6;28,8;15,8;13;44;35;40;86;7,5;1,3;
2019/09/01;1700 UTC;1;957,4;957,5;956,6;280,6;22,3;19;28,8;22,2;19;14,2;82;40;82;55;10,1;1,7;
2019/09/01;1800 UTC;,2;956,2;957,4;956,2;1176,5;22,9;18;23;22,3;19,7;17,9;84;73;74;44;7;3,3;
2019/09/01;1900 UTC;8,4;957,2;957,9;956,1;111,1;19,4;17,5;22,9;19,2;18,3;17,1;89;74;89;45;13,7;5,2;
2019/09/01;2000 UTC;4;955,9;957,5;955,9;226,8;19,4;17,9;19,4;19,1;18;17,3;92;89;91;360;11,2;2,9;
2019/09/01;2100 UTC;2,4;958,4;958,4;955,9;62,8;19,5;17,7;19,5;19,1;18;17,5;91;89;89;57;6;2,5;
2019/09/01;2200 UTC;1;958,1;958,5;957,4;;19,2;17,6;19,5;19;17,7;17,5;91;89;91;39;4,9;,1;
2019/09/01;2300 UTC;0;957,8;958,6;957,6;3,2;19,6;16,3;20,2;19,1;17,7;16,3;91;80;81;53;6,3;2,2;
2019/09/02;0000 UTC;1;957,3;958,1;957,3;1,1;18,4;16,3;19,7;18,4;16,4;16,1;87;81;87;9;5,9;1,4;
2019/09/02;0100 UTC;2;958,6;959,1;957,1;;18,4;16;18,9;18,3;16,4;15,8;89;83;86;171;9,1;2,3;
2019/09/02;0200 UTC;2,2;957,8;958,8;957,4;;18,2;16;18,4;17,7;16,2;16;90;86;87;158;7,3;,6;
2019/09/02;0300 UTC;0;957,9;958,3;957,3;;18,3;15,6;18,5;17,9;16;15,4;88;82;84;171;4,7;1,6;
2019/09/02;0400 UTC;0;957,3;957,9;957,3;;17,6;15,6;18,5;17,6;15,7;15,2;88;82;88;347;4,3;,2;
2019/09/02;0500 UTC;0;956,7;957,5;956,7;;17,3;15,5;17,6;17,3;15,8;15,5;90;88;89;335;2,1;,1;
2019/09/02;0600 UTC;0;956,5;957;956,4;;17,1;15,5;17,5;17;15,7;15,4;91;88;91;318;2,1;0;
2019/09/02;0700 UTC;0;956,5;956,6;956;;17;15,4;17,1;17;15,6;15,3;91;90;90;192;2,1;,4;
2019/09/02;0800 UTC;0;956,3;956,6;956,1;;16,6;15,2;17,1;16,6;15,6;15,2;91;90;91;175;3,4;0;
2019/09/02;0900 UTC;0;957,3;957,3;956,3;;16,8;15,5;16,8;16,6;15,5;15,2;92;91;92;220;,6;0;
2019/09/02;1000 UTC;0;957,7;957,7;957,1;25,1;16,7;15,4;16,8;16,4;15,6;15,1;93;92;93;97;,1;0;
2019/09/02;1100 UTC;0;958,3;958,3;957,7;542,2;18,7;17,2;18,7;16,7;17,2;15,5;93;90;91;99;0;0;
2019/09/02;1200 UTC;0;958,7;958,7;958,2;1336,5;20,7;17,6;20,7;18,8;17,7;16,6;91;82;83;188;4;1,4;
2019/09/02;1300 UTC;0;958,9;958,9;958,7;1460,6;22;17,5;22,1;20,4;18,1;17,1;84;76;76;154;3,2;1;
2019/09/02;1400 UTC;0;958,8;959;958,8;1916,7;23,1;17,3;23,9;21,7;18,5;17,1;78;68;70;194;4,4;1,7;
2019/09/02;1500 UTC;0;958,1;958,9;958,1;2321,7;24,7;18,4;24,9;23,1;18,4;16,9;73;65;68;189;5,4;1,5;
2019/09/02;1600 UTC;0;957,4;958,2;957,4;2400,9;25,7;18,2;26,3;24,3;18,9;17,2;68;60;63;136;3,9;1,3;
2019/09/02;1700 UTC;0;956,6;957,4;956,6;2508,4;26,3;18,2;27,1;25,7;18,8;17,5;63;58;61;105;5,2;2,1;
2019/09/02;1800 UTC;0;955,8;956,6;955,8;2121,8;27,3;18,3;28,1;26,2;18,9;17,3;62;54;58;231;3,9;,8;
2019/09/02;1900 UTC;0;955,6;955,9;955,6;1250,1;27,1;17,8;28,1;26,9;18,8;17,5;60;54;57;111;3,8;1,3;
2019/09/02;2000 UTC;0;955,8;955,8;955,6;533,9;26,2;18,3;27,6;26,2;18,9;17,6;63;55;62;48;3,1;1,8;
2019/09/02;2100 UTC;0;956,2;956,2;955,8;150,7;25,1;18,2;26,2;25,1;18,6;18,1;67;62;65;78;3,7;1,6;
2019/09/02;2200 UTC;0;956,4;956,4;956,2;;23,6;17,8;25,1;23,6;18,3;17,7;70;65;70;27;2,7;0;
2019/09/02;2300 UTC;0;957;957;956,4;;23,4;17,2;24,2;23,4;17,8;17,2;70;66;68;38;1,7;0;
2019/09/03;0000 UTC;0;957,3;957,3;957;;23,1;17,1;23,9;23;17,3;17;70;66;69;354;1,1;0;
2019/09/03;0100 UTC;0;957,6;957,6;957,3;;21,8;17,5;23,1;21,7;17,5;17,1;77;69;77;26;0;0;
2019/09/03;0200 UTC;0;957,9;957,9;957,6;;20,2;18,1;21,8;20,2;18,3;17,4;88;77;88;10;1,4;,3;
2019/09/03;0300 UTC;0;957,8;957,9;957,8;;19,4;17,8;20,2;19,4;18,2;17,8;91;88;90;332;1,7;,6;
2019/09/03;0400 UTC;0;957,6;957,9;957,6;;18,9;17,4;19,4;18,9;17,8;17,4;91;90;91;13;1,7;0;
2019/09/03;0500 UTC;0;957,1;957,6;957,1;;18,2;17,1;19;18,2;17,7;17;93;91;93;27;2,1;,2;
2019/09/03;0600 UTC;0;956,8;957,1;956,8;;17,8;16,8;18,3;17,8;17,2;16,8;94;93;94;1;2,4;1,5;
2019/09/03;0700 UTC;0;956,8;957,1;956,8;;17,7;16,8;17,8;17,5;16,8;16,6;94;94;94;13;2,1;,1;
2019/09/03;0800 UTC;2;957,1;958,5;956,6;;17,4;16,5;17,9;17,3;17;16,4;94;94;94;232;7,9;2,1;
2019/09/03;0900 UTC;,2;957,9;957,9;957,1;;17,3;16,4;17,8;17,3;16,9;16,4;95;94;94;73;7,1;2,1;
2019/09/03;1000 UTC;0;958,3;958,3;957,9;35,9;17,4;16,4;17,4;17,3;16,5;16,4;94;94;94;345;3,9;0;
2019/09/03;1100 UTC;0;959,3;959,3;958,3;459,4;18,6;17,6;18,7;17,4;17,7;16,4;94;94;94;248;1,8;0;
2019/09/03;1200 UTC;0;959,1;959,3;958,6;803,1;21,1;19,4;21,1;18,4;19,4;17,3;94;90;90;291;2,7;,5;
2019/09/03;1300 UTC;0;959,8;959,9;959;1474,1;22,6;19,1;23,5;20,9;19,9;18,4;90;77;81;191;2,9;1;
2019/09/03;1400 UTC;0;959,1;959,8;959,1;2010,6;25;19,5;25,9;22,6;20,3;18,6;82;66;71;222;5,9;1,4;
2019/09/03;1500 UTC;0;958,4;959,2;958,3;1477,6;28,1;17,7;28,3;24,6;19,7;17,5;73;53;53;188;4,5;1,1;
2019/09/03;1600 UTC;0;959,1;959,1;958,4;873,3;26;17,1;28,2;25,8;18,5;17;63;51;58;202;4,2;1,2;
2019/09/03;1700 UTC;,8;958,2;959,3;958,2;1538,6;26,2;20,2;26,5;24,3;21,8;17,2;81;58;70;215;6,6;,7;
2019/09/03;1800 UTC;0;957,5;958,2;957,5;1390,1;27,2;17,1;27,3;26,1;19,8;17,1;69;53;54;252;3,9;2;
2019/09/03;1900 UTC;0;957,2;957,5;957,1;1700,3;27,7;17,4;28,1;27,1;18,3;16,5;56;52;53;337;4,5;1,4;
2019/09/03;2000 UTC;0;957,6;957,7;957,1;522;27,1;17,5;27,9;26,9;18,2;16,2;58;49;56;4;3,4;1,4;
2019/09/03;2100 UTC;0;958,2;958,3;957,6;76,6;23,7;18,6;27,1;23,7;18,6;17,2;73;55;73;29;7,3;3,3;
2019/09/03;2200 UTC;0;959,3;959,3;958;;23,4;18,9;23,7;23,3;18,9;18,5;76;73;76;61;5,8;3,5;
2019/09/03;2300 UTC;,2;959,8;960,2;959,3;;21,9;18,6;23,4;21,9;19;18,5;83;75;81;31;7,3;3,6;
2019/09/04;0000 UTC;0;959,3;959,8;958,9;;21,1;18,6;21,9;21,1;18,7;18,6;86;81;86;335;6,7;2,2;
2019/09/04;0100 UTC;0;959,4;959,4;959,2;;20,9;18,4;21,1;20,6;18,6;18,3;87;86;86;336;4,2;1,2;
2019/09/04;0200 UTC;0;959,5;959,7;959,2;;20,4;18,2;21;20,4;18,4;18;87;84;87;340;3;1,2;
2019/09/04;0300 UTC;0;959,5;959,6;959,4;;20,1;17,8;20,5;20;18,2;17,7;87;85;87;332;3,4;1,9;
2019/09/04;0400 UTC;0;959,3;959,5;959,2;;19,4;17,4;20,1;19,4;17,8;17,4;89;87;88;340;3,4;1,4;
2019/09/04;0500 UTC;0;959,3;959,6;959,2;;19;17,7;19,6;18,9;18,1;17,3;92;88;92;17;2,1;,7;
2019/09/04;0600 UTC;0;958,9;959,3;958,8;;19,1;17,5;19,2;18,8;17,8;17,3;92;90;91;328;2,1;,7;
2019/09/04;0700 UTC;0;959;959,1;958,8;;18,8;17,5;19,3;18,5;17,6;17;92;90;92;15;2,9;1,7;
2019/09/04;0800 UTC;0;959,2;959,5;959;;18,8;17,4;18,9;18,5;17,6;17,2;93;92;92;5;3,2;1,5;
2019/09/04;0900 UTC;0;960;960;959,2;;18,2;17,1;18,8;18,1;17,4;16,9;93;92;93;21;2,7;,6;
2019/09/04;1000 UTC;0;961,1;961,1;960;11,9;18,3;17,2;18,5;18,2;17,4;17,1;93;93;93;278;3;,9;
2019/09/04;1100 UTC;0;961,7;961,7;961,1;374,4;18,9;17,7;18,9;18,1;17,7;17;93;93;93;2;3,2;1,7;
2019/09/04;1200 UTC;0;962,4;962,5;961,7;1072;20,9;17,9;21,3;18,8;19;17,7;93;82;83;355;4;2,1;
2019/09/04;1300 UTC;0;962,6;962,8;962,3;1922,5;23;18,1;23,1;20,9;18,8;17,4;84;73;74;20;5,3;2,6;
2019/09/04;1400 UTC;0;963,3;963,3;962,5;1337,8;23,6;18;24,2;22,9;18,7;17,8;75;69;71;123;5;1,6;
2019/09/04;1500 UTC;0;962,1;963,3;962,1;707,1;24,7;18,4;25;23,6;19,1;17,6;72;64;68;306;4,2;1;
2019/09/04;1600 UTC;0;960,9;962,1;960,9;2485;28,7;17,8;28,7;24,8;19,4;17,8;68;52;52;266;6,7;3,6;
2019/09/04;1700 UTC;0;960,3;960,9;960,2;2599,8;30,8;15,6;30,8;28,4;18,2;15,3;53;40;40;279;6,7;1,7;
2019/09/04;1800 UTC;0;959,5;960,3;959,5;2312,3;30,3;16,8;31,8;30,3;17,8;13,4;47;33;44;24;4,8;2,4;
2019/09/04;1900 UTC;0;959,3;959,5;959,3;1442,5;30,3;15,1;30,8;30,2;17,3;14,5;45;38;40;2;4,8;,6;
2019/09/04;2000 UTC;0;959,5;959,6;959,2;533,7;28,7;18,1;30,7;28,7;18,1;14,7;53;38;53;24;5,8;3;
2019/09/04;2100 UTC;0;960;960;959,5;177,9;26,3;17,9;28,7;26,3;18,3;17,5;60;52;60;352;5,8;1,6;
2019/09/04;2200 UTC;0;960,6;960,6;960;;24,4;17,7;26,3;24,4;17,9;17,6;66;60;66;345;4,9;2,3;
2019/09/04;2300 UTC;0;961,4;961,4;960,6;;23,1;17,6;24,5;23,1;17,8;17,5;72;66;71;8;5,5;3,1;
2019/09/05;0000 UTC;0;961,9;961,9;961,4;;21,5;16,2;23,5;21,5;17,6;16,2;72;68;72;21;6,7;3,3;
2019/09/05;0100 UTC;0;962,6;962,6;961,9;;19,8;14,9;21,5;19,8;16,2;14,9;74;72;73;17;8,4;4,9;
2019/09/05;0200 UTC;0;963;963,1;962,6;;17,9;13,9;19,8;17,9;15;13,9;78;73;77;11;9,8;4,7;
2019/09/05;0300 UTC;0;963,4;963,4;963;;16,8;13,6;17,9;16,8;13,9;13,6;81;77;81;8;8,4;4;
2019/09/05;0400 UTC;0;963,1;963,4;963,1;;16,3;13,4;16,8;16,2;13,6;13,4;83;81;83;4;6,5;4;
2019/09/05;0500 UTC;0;962,5;963,1;962,5;;15,7;13,1;16,2;15,7;13,4;13,1;85;83;85;359;6,7;3,9;
2019/09/05;0600 UTC;0;962,4;962,6;962,2;;15,5;13,1;15,7;15,5;13,2;13;86;85;85;12;6,2;3,4;
2019/09/05;0700 UTC;0;962,1;962,5;962,1;;15;12,7;15,6;15;13;12,7;87;85;86;4;6,4;3,6;
2019/09/05;0800 UTC;0;962,2;962,4;962,1;;15,1;12,6;15,3;14,9;12,8;12,6;87;85;85;6;7,3;4,2;
2019/09/05;0900 UTC;0;962,7;962,7;962,2;;14,9;12,4;15,1;14,8;12,6;12,4;85;85;85;5;7,2;3,8;
2019/09/05;1000 UTC;0;963,7;963,7;962,7;57,8;15,4;12,6;15,4;14,9;12,7;12,4;85;84;84;3;7,1;3,8;
2019/09/05;1100 UTC;0;964,3;964,3;963,7;521,7;17,2;13,3;17,3;15,3;13,6;12,6;84;78;78;346;6,8;4,3;
2019/09/05;1200 UTC;0;964,9;964,9;964,3;1436,2;19,8;13,7;19,9;17,2;14,1;13,4;79;68;68;342;10,4;5,8;
2019/09/05;1300 UTC;0;964,8;964,9;964,7;2167,9;22,1;14,1;22,3;19,5;14,3;13,5;69;60;60;351;10,4;5,2;
2019/09/05;1400 UTC;0;964,6;964,8;964,5;2520,2;23,7;14,3;23,8;21,9;15;13,7;61;55;55;350;9,6;5,2;
2019/09/05;1500 UTC;0;963,7;964,6;963,7;2898;25,7;14,7;26;23,3;15,3;13,9;57;51;51;334;8,6;4,6;
2019/09/05;1600 UTC;0;963;963,7;963;2982,3;26,8;15,1;27,1;25;15,4;14,3;53;48;49;346;9,3;5;
2019/09/05;1700 UTC;0;962;963;962;2834,9;27,8;15,4;27,8;26,5;15,8;14,5;50;45;47;356;10,4;4,6;
2019/09/05;1800 UTC;0;961,4;962;961,4;2463,9;27,1;14,7;28,4;26,7;15,6;13,9;47;43;47;10;10,4;5,6;
2019/09/05;1900 UTC;0;962,2;962,2;961,4;1778,1;24,2;13,5;27,1;23,9;14,7;13,1;52;46;51;19;12,7;6,8;
2019/09/05;2000 UTC;0;962,6;962,7;962,1;762,6;21,8;12,9;24,2;21,7;13,4;12,6;58;51;57;2;13,6;6,2;
2019/09/05;2100 UTC;0;962,7;962,8;962,5;198,9;19,8;12,7;21,8;19,8;13;12,6;64;57;64;3;12,4;4,7;
2019/09/05;2200 UTC;0;963,3;963,3;962,7;;18,2;12,6;19,8;18,2;12,7;12,4;70;64;70;5;11,4;5;
2019/09/05;2300 UTC;0;964,2;964,2;963,3;;17,3;11,8;18,2;17,3;12,5;11,8;70;69;70;10;11,6;5,9;
2019/09/06;0000 UTC;0;965;965;964,2;;16,6;11,3;17,3;16,5;11,8;11,3;71;69;71;357;13;5,9;
2019/09/06;0100 UTC;0;965,1;965,2;964,9;;16,3;11,1;16,5;16,2;11,4;11;73;71;71;356;10,2;5,3;
2019/09/06;0200 UTC;0;964,7;965,1;964,7;;15,9;11,1;16,3;15,8;11,2;11,1;73;71;73;358;9,9;4,9;
2019/09/06;0300 UTC;0;964,4;964,7;964,4;;15,4;11,2;16;15,4;11,2;11,1;76;73;76;337;10,6;5;
2019/09/06;0400 UTC;0;963,7;964,4;963,7;;14,8;11,3;15,4;14,8;11,4;11,2;80;76;80;341;8,8;3,2;
2019/09/06;0500 UTC;0;963,5;963,7;963,3;;14,6;11,6;14,8;14,6;11,6;11,3;83;80;83;344;5,1;2,1;
2019/09/06;0600 UTC;0;962,8;963,5;962,7;;14,3;11,8;14,6;14,2;11,8;11,6;85;82;85;352;4;2,4;
2019/09/06;0700 UTC;0;962,7;962,7;962,4;;14,6;12;14,8;14,2;12,1;11,8;85;83;84;360;4,6;2,8;
2019/09/06;0800 UTC;0;963;963;962,7;;14,5;11,9;14,8;14,4;12;11,7;84;83;84;4;6,3;3,4;
2019/09/06;0900 UTC;0;963,4;963,4;963;;14,4;12,1;14,5;14,2;12,1;11,8;86;84;86;4;6;2,5;
2019/09/06;1000 UTC;0;963,9;964;963,4;32,2;14,5;12,3;14,5;14,2;12,3;12,1;87;86;87;6;4,5;2,6;
2019/09/06;1100 UTC;0;964,6;964,6;963,9;639,4;16,4;12,9;16,4;14,5;13,2;12,4;87;80;80;5;4,7;2,9;
2019/09/06;1200 UTC;0;964,7;964,9;964,6;1537,2;19,2;13,7;19,2;16,4;13,9;12,8;80;70;70;359;7;4,3;
2019/09/06;1300 UTC;0;964,4;964,7;964,3;2226,4;22,2;14,4;22,3;19,1;14,9;13,4;71;61;61;347;7,7;4;
2019/09/06;1400 UTC;0;963,6;964,4;963,5;2780,4;25,8;15;25,8;21,8;15,7;14;62;51;51;324;6,7;2,9;
2019/09/06;1500 UTC;0;962,8;963,6;962,8;3099,8;28,4;15,4;28,4;25,5;15,9;14,7;53;45;45;306;7,5;2,9;
2019/09/06;1600 UTC;0;961,5;962,8;961,5;3118,3;29,7;14,9;30,1;28,1;16,2;14,7;47;40;41;302;6,3;2,9;
2019/09/06;1700 UTC;0;960,5;961,5;960,5;2865,1;31,2;14,8;31,5;29,6;16,2;13,9;42;35;37;269;5,8;2,4;
2019/09/06;1800 UTC;0;959,9;960,5;959,9;2399,4;31,7;14,1;32;30,6;14,8;13,2;37;33;34;271;8,5;1,7;
2019/09/06;1900 UTC;0;959,6;959,9;959,5;1692,5;31,4;14,1;31,9;31,2;14,8;13,4;36;33;35;326;4,7;2,2;
2019/09/06;2000 UTC;0;959,7;959,7;959,5;541,6;30,6;14,8;31,8;30,6;15,1;14;39;34;38;331;5,5;2,3;
2019/09/06;2100 UTC;0;960,4;960,4;959,7;131,5;26,1;15,2;30,6;26,1;15,7;14,8;51;38;51;15;9,2;4,3;
2019/09/06;2200 UTC;0;961,1;961,1;960,4;;23,4;14,9;26,1;23,4;15,3;14,9;59;51;59;5;9,8;4,8;
2019/09/06;2300 UTC;0;962,5;962,5;961,1;;21,4;14,8;23,4;21,4;15;14,7;66;59;66;6;9,8;4;
2019/09/07;0000 UTC;0;963,1;963,1;962,5;;20,3;14,6;21,5;20,2;14,8;14,6;70;66;70;335;6,8;3,3;
2019/09/07;0100 UTC;0;963,4;963,4;963,1;;19,5;14,6;20,3;19,4;14,7;14,4;74;70;73;343;5,9;3,3;
2019/09/07;0200 UTC;0;963,2;963,5;963,2;;18,6;14,2;19,5;18,6;14,6;14,2;75;73;75;337;6;2,9;
2019/09/07;0300 UTC;0;963,4;963,5;963,2;;17,7;14;18,7;17,7;14,2;14;79;75;79;348;4,6;2;
2019/09/07;0400 UTC;0;963;963,4;963;;17,3;14,1;18;17,3;14,2;14;82;79;82;345;3,9;2,1;
2019/09/07;0500 UTC;0;962,4;963;962,4;;16,6;14;17,3;16,5;14,1;13,8;84;81;84;345;4,1;2;
2019/09/07;0600 UTC;0;962,4;962,6;962,3;;16,2;13,8;17,1;16,2;14;13,6;86;82;86;350;3,5;1,6;
2019/09/07;0700 UTC;0;962,3;962,4;962,2;;17,1;14,1;17,1;16,1;14,2;13,8;87;83;83;331;4,1;2,3;
2019/09/07;0800 UTC;0;962,4;962,4;962,1;;16,5;13,9;17,1;16,5;14,1;13,9;85;82;84;332;4;2;
2019/09/07;0900 UTC;0;963,2;963,2;962,4;;16,7;14;16,8;16,4;14,1;13,9;85;84;84;326;3,5;2;
2019/09/07;1000 UTC;0;963,9;963,9;963,2;70,1;16,7;14,4;16,9;16,6;14,4;13,9;86;84;86;345;3;,1;
2019/09/07;1100 UTC;0;964,3;964,3;963,9;742,7;19,6;15,8;19,6;16,7;15,8;14,4;86;76;79;341;3;1,5;
2019/09/07;1200 UTC;0;964,6;964,6;964,3;1616,8;23,8;16;23,9;19,6;16,2;15,3;79;61;62;288;7,2;3,1;
2019/09/07;1300 UTC;0;964,2;964,6;964,2;2323,4;27,2;15,2;28;23,8;16,6;14,8;62;46;48;245;8;3,9;
2019/09/07;1400 UTC;0;963,6;964,2;963,6;2844,9;29,9;15,5;30;27,1;16;15,1;49;42;42;248;9,4;3,3;
2019/09/07;1500 UTC;0;962,8;963,6;962,8;3159,5;30,9;15,4;31,1;29,7;16,3;14,6;43;38;39;234;9,1;2,8;
2019/09/07;1600 UTC;0;961,8;962,8;961,8;3159,3;32;15,3;32,3;30,6;16,4;14,4;40;34;37;216;8;2,1;
2019/09/07;1700 UTC;0;960,9;961,9;960,9;2912,1;32,7;13,7;33,3;31,6;15,7;13,4;37;31;32;238;7,1;1,5;
2019/09/07;1800 UTC;0;960,3;960,9;960,3;2444,9;33,3;13;33,7;32,6;14,8;13;34;29;29;218;7,2;1,8;
2019/09/07;1900 UTC;0;960;960,3;960;1704,9;32,8;12,7;34;32,7;14,1;12,3;32;28;30;256;6,6;1,7;
2019/09/07;2000 UTC;0;960,2;960,2;960;516;32,4;12,6;33,3;32,4;13,5;12,6;31;29;30;202;5,6;,7;
2019/09/07;2100 UTC;0;960,5;960,5;960,2;115,5;29,4;13,8;32,4;29,3;14,6;12,8;39;30;39;249;4;2,2;
2019/09/07;2200 UTC;0;961;961;960,5;;27,8;13,9;29,5;27,8;14,2;13,7;43;38;42;167;2,9;,1;
2019/09/07;2300 UTC;0;961,5;961,5;961;;27,6;14;27,8;27,1;14,1;13,8;44;42;43;245;2,8;2;
2019/09/08;0000 UTC;0;962,2;962,2;961,5;;25,6;15;27,8;25,3;15;13,9;52;43;52;357;3;,4;
2019/09/08;0100 UTC;0;962,4;962,5;962,2;;24,4;15,2;25,6;24,4;15,3;15;57;52;57;276;2,3;0;
2019/09/08;0200 UTC;0;962,3;962,4;962,3;;23,8;15,6;24,4;23,3;15,7;15,2;62;57;60;284;1,8;,2;
2019/09/08;0300 UTC;0;962,4;962,4;962,3;;23,1;15,3;23,8;22,6;15,7;15,3;64;60;61;331;2,7;,7;
2019/09/08;0400 UTC;0;962,1;962,4;962,1;;21,4;15,8;23,2;21,4;15,8;15,3;70;61;70;33;3,1;,1;
2019/09/08;0500 UTC;0;961,7;962,1;961,7;;21,2;15,7;21,5;20,9;15,9;15,5;72;70;71;358;2;,6;
2019/09/08;0600 UTC;0;961,6;961,8;961,6;;20,2;15,8;21,3;20,1;15,8;15,5;76;70;76;317;2,4;1,2;
2019/09/08;0700 UTC;0;961,9;961,9;961,6;;19,8;15,6;20,2;19,6;15,8;15,4;78;75;76;319;2,4;1,6;
2019/09/08;0800 UTC;0;962,2;962,2;961,9;;19,8;15,3;20;19,5;15,5;15,3;77;75;75;337;2,3;1,1;
2019/09/08;0900 UTC;0;963;963;962,2;;18,9;15;19,8;18,9;15,3;15;78;75;78;318;2;,1;
2019/09/08;1000 UTC;0;963,7;963,7;963;83;19,5;15,7;19,5;18,5;15,7;14,9;80;78;79;293;2;,9;
2019/09/08;1100 UTC;0;964,3;964,4;963,7;771,4;23;16,5;23;19,5;16,5;15,5;79;65;67;312;2,2;,5;
2019/09/08;1200 UTC;0;964,8;964,8;964,3;1514,9;26,9;15,3;27,1;23;16,9;15,3;68;49;49;277;3,9;1,6;
2019/09/08;1300 UTC;0;964,6;964,9;964,6;2295;29,9;15;30,5;26,8;16,9;14,8;51;39;40;250;4,9;1,4;
2019/09/08;1400 UTC;0;964,2;964,7;964,2;2868,4;32,8;14,1;32,9;29,9;16,1;13,1;42;31;32;218;5,7;1,5;
2019/09/08;1500 UTC;0;963,3;964,2;963,3;3179,8;33,3;13,7;33,9;32,6;14,9;12,8;33;28;31;243;7,6;2;
2019/09/08;1600 UTC;0;962,2;963,3;962,2;3200,9;34,2;13,9;34,4;32,9;14,3;12,1;32;27;29;234;6,4;1,6;
2019/09/08;1700 UTC;0;961,3;962,2;961,3;2184,2;33;13,1;34,5;32,7;14,1;12;31;27;30;29;5,9;,7;
2019/09/08;1800 UTC;0;960,6;961,3;960,6;1922,1;34,1;12,4;35,1;32,7;13,5;11,2;30;25;27;305;5,8;1,9;
2019/09/08;1900 UTC;0;960,3;960,6;960,3;1414,6;33,8;11,1;34,5;33,2;13,1;10,9;29;24;25;320;4,9;1,9;
2019/09/08;2000 UTC;0;960,2;960,3;960,2;543,6;33,1;12,1;34,2;33,1;12,9;10,7;29;24;28;269;4,1;1,3;
2019/09/08;2100 UTC;0;960,2;960,3;960,1;120,8;30,7;11,4;33,1;30,7;12,1;10,7;31;26;31;285;2,5;,8;
2019/09/08;2200 UTC;0;960,5;960,5;960,2;;29,9;11,6;30,8;29,7;11,6;11,3;33;30;32;273;2,3;,6;
2019/09/08;2300 UTC;0;960,7;960,7;960,5;;28,3;11,7;30,4;28;11,7;11;36;31;36;339;2,2;,3;
2019/09/09;0000 UTC;0;961,1;961,1;960,7;;26,1;12,8;28,6;26,1;12,8;11,6;44;35;44;353;1,6;,1;
2019/09/09;0100 UTC;0;961,3;961,3;961,1;;25,5;13,1;26,6;25,5;13,2;12,5;46;42;46;343;2,5;,6;
2019/09/09;0200 UTC;0;961,1;961,4;961,1;;23,4;13,9;25,5;23;14,3;13,1;58;46;55;359;2,3;,8;
2019/09/09;0300 UTC;0;961;961,2;961;;22,4;14,4;23,8;22,4;14,4;13,7;60;53;60;302;3,6;1,5;
2019/09/09;0400 UTC;0;960,8;961,1;960,8;;21,9;14,2;22,5;21,8;14,6;14,1;62;60;62;339;4;0;
2019/09/09;0500 UTC;0;960,2;960,8;960,2;;20,5;14,5;21,9;20,5;14,5;14,1;68;62;68;339;1,4;0;
2019/09/09;0600 UTC;0;959,8;960,2;959,8;;20,2;14;20,6;19,9;14,5;14;69;67;68;312;2,2;,1;
2019/09/09;0700 UTC;0;959,8;959,8;959,7;;19,5;14,2;20,2;19,4;14,2;13,8;72;67;72;345;1,7;,8;
2019/09/09;0800 UTC;0;960,1;960,1;959,8;;19,3;14;19,5;19,1;14,3;13,9;73;71;72;347;1,9;0;
2019/09/09;0900 UTC;0;960,6;960,6;960,1;;19,5;13,5;19,5;18,3;14;13,1;73;69;69;250;2,8;1,8;
2019/09/09;1000 UTC;0;961,4;961,4;960,6;80,1;19;13,7;19,5;18,7;13,7;13,3;72;68;71;325;3,1;,3;
2019/09/09;1100 UTC;0;961,7;961,7;961,4;771,6;22,9;14,6;22,9;19;15,4;13,6;74;58;59;300;3,7;2,2;
2019/09/09;1200 UTC;0;962;962;961,7;1642,5;26,1;14,7;26,1;22,9;14,8;13,9;60;49;49;256;5,4;3;
2019/09/09;1300 UTC;0;961,9;962,1;961,9;2368,5;29,8;13,6;29,8;26,1;14,8;13,1;50;36;37;219;7,1;1,5;
2019/09/09;1400 UTC;0;961,3;961,9;961,3;2884;31,3;13,4;31,8;29,4;14,6;12,5;39;31;34;222;6,7;1,7;
2019/09/09;1500 UTC;0;960,3;961,3;960,3;3189,1;33,1;12,2;33,7;31,3;14,2;11,7;34;27;28;217;7,2;1,5;
2019/09/09;1600 UTC;0;959,2;960,3;959,2;3195,5;34,1;11,7;34,5;32,8;13,3;11,2;30;25;26;203;7,9;2,5;
2019/09/09;1700 UTC;0;958,2;959,2;958,2;2972;34,7;9;35,3;33,6;12,8;8,2;27;19;21;237;6,6;2,2;
2019/09/09;1800 UTC;0;957,3;958,2;957,3;2500;34,4;9;35,3;34,2;10,6;8,6;23;20;21;241;9,2;3,2;
2019/09/09;1900 UTC;0;956,9;957,3;956,9;1861,5;34,2;8,7;35,1;34;10,3;7,9;23;20;21;251;9,5;3,3;
2019/09/09;2000 UTC;0;957,2;957,2;956,8;577;32,6;8,6;34,5;32,6;9,6;8,2;23;20;23;203;7,5;,8;
2019/09/09;2100 UTC;0;957,6;957,7;957,2;107,3;29,3;9,5;32,6;29,2;10,5;8,1;31;22;29;188;3,6;0;
2019/09/09;2200 UTC;0;958;958;957,6;;28,5;9,2;29,3;28,3;9,6;9,2;30;29;30;215;,7;0;
2019/09/09;2300 UTC;0;958,4;958,4;958;;27,1;9,8;29,1;27,1;9,8;8,9;34;29;34;243;3,6;2;
2019/09/10;0000 UTC;0;958,9;958,9;958,4;;26,3;9,7;27,1;25,8;10;9,5;36;33;35;247;3,7;2,5;
2019/09/10;0100 UTC;0;958,7;959;958,7;;25,7;9,6;26,4;25,6;9,7;9;36;34;36;253;3,9;3,3;
2019/09/10;0200 UTC;0;958,9;958,9;958,7;;23,3;9,9;25,7;23,3;10,1;9,6;43;36;43;258;4;2,1;
2019/09/10;0300 UTC;0;959;959,1;958,8;;22,3;10,2;23,4;22,2;10,2;9,9;46;43;46;299;3,2;1,4;
2019/09/10;0400 UTC;0;958,8;959,1;958,8;;21,8;9,4;22,3;21,5;10,2;9,3;48;44;45;294;3,2;1,3;
2019/09/10;0500 UTC;0;958,3;958,8;958,3;;21,4;8,9;21,8;21,4;9,4;8,9;45;44;45;282;3,5;1,7;
2019/09/10;0600 UTC;0;957,8;958,3;957,8;;19,5;9,2;21,4;19,5;9,3;8,9;51;45;51;304;3,3;1,8;
2019/09/10;0700 UTC;0;957,8;957,9;957,7;;19,1;9,4;19,8;19;9,5;9,2;54;51;53;308;3,2;1,1;
2019/09/10;0800 UTC;0;958,2;958,2;957,8;;19,2;9,6;19,6;19,1;9,6;9,4;54;52;54;318;2,4;1,7;
2019/09/10;0900 UTC;0;958,7;958,7;958,2;;18,8;10;19,4;18,7;10;9,6;57;53;57;312;2,6;1,1;
2019/09/10;1000 UTC;0;959,2;959,2;958,7;97,5;19,4;10,6;19,4;18,7;10,7;10;58;56;57;318;2,2;,9;
2019/09/10;1100 UTC;0;959,9;959,9;959,2;826,7;22,2;12,5;22,2;19,4;12,7;10,6;58;53;54;346;2,1;1,3;
2019/09/10;1200 UTC;0;960,6;960,6;959,9;1676,6;27,5;11,9;27,5;22,2;14;11,4;55;37;38;260;4,5;1,8;
2019/09/10;1300 UTC;0;960,4;960,7;960,4;2345,2;30,8;11,7;30,8;27,5;12,8;11;38;30;31;208;6,2;2;
2019/09/10;1400 UTC;0;960;960,5;960;2884,6;34,1;11;34,1;30,8;12,5;10,5;32;24;25;201;7;2,6;
2019/09/10;1500 UTC;0;959,1;960;959,1;3202,8;35,5;10,5;35,5;33,7;11,8;10;26;21;22;177;8,6;3,2;
2019/09/10;1600 UTC;0;958,2;959,1;958,2;3156,3;35,8;9,8;36,4;35,1;11,4;9,4;23;20;21;170;8,6;1,6;
2019/09/10;1700 UTC;0;957,1;958,2;957,1;2962,7;36,2;9,5;37,3;35,1;11,2;9,2;23;19;20;177;6,8;2,4;
2019/09/10;1800 UTC;0;956,6;957,1;956,6;2411,5;36,2;8,8;37,1;35;11,8;8,7;22;18;19;179;6,9;1,9;
2019/09/10;1900 UTC;0;956,3;956,6;956,2;1298,8;35,6;9,7;36,2;34,9;10,6;8,6;22;19;21;114;5,6;2,1;
2019/09/10;2000 UTC;0;956,4;956,4;956,2;782,5;34,7;9,9;35,9;34,7;10,8;8,9;23;20;22;351;4,9;,2;
2019/09/10;2100 UTC;0;956,4;956,5;956,4;134,5;32,2;9,5;34,7;32,1;11,9;9,3;26;21;25;36;1,6;0;
2019/09/10;2200 UTC;0;956,6;956,6;956,4;;31;9,1;32,3;30,8;9,8;9;27;25;26;340;0;0;
2019/09/10;2300 UTC;0;957,1;957,1;956,6;;29,5;9,3;31,7;29,2;9,8;8,7;29;24;29;357;1;0;
2019/09/11;0000 UTC;0;957,7;957,7;957;;27,4;11,5;30,6;27,3;12;9,3;38;27;37;344;2,6;,2;
2019/09/11;0100 UTC;0;958;958,1;957,7;;27;11,6;27,9;26,9;11,8;11,2;38;36;38;349;1,2;0;
2019/09/11;0200 UTC;0;958,1;958,2;958;;24,3;13;27;24,2;13,3;11,7;49;38;49;333;2;1;
2019/09/11;0300 UTC;0;957,9;958,1;957,9;;23,6;13,7;25,2;23,6;13,7;12,9;54;47;54;34;4;,2;
2019/09/11;0400 UTC;0;957,5;957,9;957,5;;22,4;13,3;23,6;22,4;13,7;13,2;56;53;56;5;2,4;0;
2019/09/11;0500 UTC;0;957,2;957,5;957,2;;22,2;13,8;22,6;21,8;14;13,3;60;56;59;344;3,9;,6;
2019/09/11;0600 UTC;0;956,7;957,2;956,6;;21,3;13,4;22,2;21,1;14,1;13,3;63;59;61;8;2,2;0;
2019/09/11;0700 UTC;0;956,6;956,7;956,5;;21,6;13,2;21,8;19,8;14,6;13,2;72;59;59;292;1,2;,2;
2019/09/11;0800 UTC;0;957;957,1;956,6;;21;13,4;21,7;20,3;13,5;13,1;65;59;62;353;2,5;0;
2019/09/11;0900 UTC;0;957,5;957,5;956,9;;19,3;13,9;21;19;14,7;13,1;76;61;71;349;1,7;,8;
2019/09/11;1000 UTC;0;958;958;957,5;106,5;20;13,9;20;18,8;14,4;13,8;75;68;68;326;1,9;1,2;
2019/09/11;1100 UTC;0;958,4;958,4;958;716,3;23,9;14,3;24;20;15,3;13,9;69;55;55;313;3;,8;
2019/09/11;1200 UTC;0;958,8;958,8;958,4;1663,2;27,6;13,3;27,6;23,8;14,6;12,3;56;40;42;304;4,6;2;
2019/09/11;1300 UTC;0;958,5;958,8;958,5;2327,3;32,3;13,4;32,3;27,6;13,8;12,2;42;31;32;232;4,9;1,1;
2019/09/11;1400 UTC;0;957,7;958,6;957,7;2862,1;35;10,2;35,5;31,8;13,1;9,8;32;21;22;242;7,9;2,3;
2019/09/11;1500 UTC;0;956,6;957,7;956,6;3227,5;37,2;8,7;37,4;35;11,3;8;23;17;18;192;7,9;2,1;
2019/09/11;1600 UTC;0;955,9;956,6;955,9;3237,4;37,4;6,1;37,6;36,6;8,7;5,3;18;14;15;214;8,9;1,8;
2019/09/11;1700 UTC;0;955;955,9;955;2803,1;37,2;7,3;37,8;36,2;8,6;5,6;18;14;16;237;7,5;1,3;
2019/09/11;1800 UTC;0;954,3;955;954,3;2149,9;36,4;6,8;37,9;36,3;8,2;5,4;17;14;16;156;5,6;1,2;
2019/09/11;1900 UTC;0;954;954,3;954;1767,8;36,9;5;37,6;36,4;8,1;5;18;14;14;176;6,2;2,3;
2019/09/11;2000 UTC;0;954,3;954,3;953,9;653,5;34,9;8,9;37;34,9;9;5,1;21;14;20;255;5,1;,1;
2019/09/11;2100 UTC;0;954,6;954,6;954,3;169,3;32,9;8;34,8;32,6;10,3;7,1;24;19;21;186;1,8;,3;
2019/09/11;2200 UTC;0;954,9;954,9;954,6;;32;7;33;32;8;6,6;22;19;21;188;2,2;,8;
2019/09/11;2300 UTC;0;955,2;955,2;954,9;;30,6;8,1;32,4;30,2;8,1;6,9;25;21;25;226;1,9;0;
2019/09/12;0000 UTC;0;955,8;955,8;955,2;;29,8;8,4;30,6;28,8;8,7;8;28;25;26;218;1,1;,2;
2019/09/12;0100 UTC;0;955,9;956;955,7;;28,5;8,7;29,9;27,9;9;8,1;30;26;29;236;3;,2;
2019/09/12;0200 UTC;0;956,1;956,1;955,9;;24,7;10,8;28,5;24,6;11,4;8,7;43;29;42;130;2,2;0;
2019/09/12;0300 UTC;0;956;956,2;956;;24,6;11;26,3;24,3;11,4;10;44;36;43;296;1;0;
2019/09/12;0400 UTC;0;955,4;956;955,4;;23,1;11,4;25,5;23,1;11,4;10,2;48;39;48;33;1,7;,4;
2019/09/12;0500 UTC;0;955,6;955,6;955,3;;22,2;12;23,1;21,1;12,2;11,3;56;48;52;353;2;,2;
2019/09/12;0600 UTC;0;955,3;955,6;955,3;;20,5;12,7;22,2;19,9;12,9;11,9;63;52;61;334;2;,4;
2019/09/12;0700 UTC;0;955,5;955,5;955,2;;20,5;12,2;21,9;20,1;12,7;11,8;61;53;59;310;6,2;1,4;
2019/09/12;0800 UTC;0;955,6;955,6;955,3;;18,9;12,7;20,5;18,5;13,2;12,4;70;59;67;343;6,2;,5;
2019/09/12;0900 UTC;0;956,2;956,2;955,6;;19,3;12,3;19,9;18,4;12,7;12,2;68;61;64;331;3;1;
2019/09/12;1000 UTC;0;956,7;956,8;956,2;85,7;19,7;12,9;19,7;18,9;12,9;12,1;66;62;65;326;2,2;,4;
2019/09/12;1100 UTC;0;957,5;957,5;956,7;625,8;21,9;13,7;21,9;19,4;13,7;12,6;67;59;60;318;2,5;,9;
2019/09/12;1200 UTC;0;957,2;957,6;957,2;1692;28,1;10,3;28,4;21,9;13,9;10,2;59;32;33;285;6,9;3,1;
2019/09/12;1300 UTC;0;957,1;957,2;957;2433,8;32,9;11,8;32,9;28,1;12,2;10,5;35;26;28;242;6,9;2,5;
2019/09/12;1400 UTC;0;957;957,2;957;2841;35,9;9,4;36,1;32,9;11,8;8,2;28;19;20;170;7;2,9;
2019/09/12;1500 UTC;0;957;957,4;956,9;3174,6;34;10,3;36,2;32,9;12,2;8,4;28;18;23;140;9,8;3,7;
2019/09/12;1600 UTC;0;956,4;957,1;956,3;3216,3;36,8;8,4;36,9;34;11,1;8,4;24;18;18;164;8,3;3,1;
2019/09/12;1700 UTC;0;955,6;956,4;955,6;2955,9;37;7,9;37,1;36;10,1;7,6;20;17;17;139;8,1;3,2;
2019/09/12;1800 UTC;0;955,1;955,6;955,1;2489,1;37,3;6,9;37,7;36,5;8,9;6;18;14;16;167;6,8;2,8;
2019/09/12;1900 UTC;0;954,9;955,1;954,9;1814,9;36,6;5,2;37,3;36,6;7,1;4;16;13;14;130;7;2,3;
2019/09/12;2000 UTC;0;955,3;955,3;954,9;757,8;35,5;5,9;36,8;35,5;7;4,5;17;14;16;93;7;2,2;
2019/09/12;2100 UTC;0;955,5;955,5;955,3;131,9;33,3;6;35,6;33,3;7,4;6;20;16;18;127;3,8;,3;
2019/09/12;2200 UTC;0;955,8;955,8;955,5;;32,4;5,2;33,3;32,3;6;5,1;19;18;18;199;1,3;0;
2019/09/12;2300 UTC;0;956,2;956,2;955,7;;30,5;5,7;32,7;30,5;6;4,7;21;18;21;329;1;0;
2019/09/13;0000 UTC;0;957;957;956,2;;29,1;8,2;30,6;28,2;8,9;5,6;28;21;27;243;1,2;0;
2019/09/13;0100 UTC;0;957,3;957,3;957;;26,8;8,9;31,1;26,8;8,9;6,1;32;21;32;220;2,9;,2;
2019/09/13;0200 UTC;0;957,5;957,5;957,3;;26;9;31,1;26;9,2;7;34;22;34;278;2,5;0;
2019/09/13;0300 UTC;0;957,7;958,1;957,5;;22,8;12,1;26;22,8;12,1;9;51;34;51;106;9,1;,7;
2019/09/13;0400 UTC;0;957,1;957,7;957,1;;24;10,1;27;22,7;12,1;8,2;51;31;41;35;3;0;
2019/09/13;0500 UTC;0;957,2;957,3;956,6;;21;12,8;25,5;21;12,8;9,6;59;37;59;59;8,2;1,6;
2019/09/13;0600 UTC;0;957,1;957,4;956,8;;21,6;13,7;22,5;19,5;14,2;12,3;70;53;61;15;8,2;2,7;
2019/09/13;0700 UTC;0;956,9;957,2;956,9;;20,9;15,8;21,7;20,5;15,8;13,8;73;61;73;8;6;3,4;
2019/09/13;0800 UTC;0;957,1;957,2;956,9;;20,5;15,8;21;20,3;15,9;15,7;75;73;75;5;5,6;3,3;
2019/09/13;0900 UTC;0;958,3;958,3;957,1;;19,4;15,6;20,5;19,4;15,8;15,4;78;74;78;4;5,8;2,8;
2019/09/13;1000 UTC;0;959;959,1;958,3;93,6;19,3;15,9;19,4;19,1;15,9;15,5;81;78;80;355;5,4;2,9;
2019/09/13;1100 UTC;0;959,8;959,9;959;752,8;21;15,7;21,1;19,3;16,1;15,7;80;72;72;2;7;4;
2019/09/13;1200 UTC;0;960,3;960,3;959,8;1582,4;23;15,6;23,5;21;16,3;15,5;72;62;63;359;7,5;4,1;
2019/09/13;1300 UTC;0;960,3;960,5;960,3;2320,6;25,3;16;25,8;23;16,3;15,5;63;55;57;359;7,1;3,4;
2019/09/13;1400 UTC;0;959,9;960,3;959,9;2864,5;29;15,5;29;25,3;16,6;14,7;57;42;44;348;7,2;3,6;
2019/09/13;1500 UTC;0;959,2;959,9;959,2;3131,9;30,9;14,6;31,9;28,7;15,7;13,9;44;34;37;352;6,6;3,2;
2019/09/13;1600 UTC;0;958,2;959,2;958,2;3180,9;32,7;13,2;33,4;30,9;15,2;13,1;38;30;31;12;6,6;1,9;
2019/09/13;1700 UTC;0;957,4;958,3;957,4;2874,4;33,6;14,3;34,4;32,7;14,5;12,8;32;28;31;33;7,6;3,9;
2019/09/13;1800 UTC;0;956,8;957,4;956,8;2421,8;33,2;14,1;34,1;33,1;14,8;13,5;32;30;31;34;8,2;4,7;
2019/09/13;1900 UTC;0;956,7;956,8;956,6;1762,2;32,8;13,7;33,6;32,8;14,4;13,5;32;30;32;31;8,5;4,6;
2019/09/13;2000 UTC;0;957;957;956,6;851,4;31,6;13,5;33,1;31,6;14,1;13,2;33;31;33;12;8,6;4,4;
2019/09/13;2100 UTC;0;957,6;957,6;957;135,6;28,6;15,3;31,6;28,6;15,3;13,6;44;33;44;16;8,8;4,9;
2019/09/13;2200 UTC;0;958,3;958,3;957,5;;25,4;15,5;28,6;25,4;15,6;15,3;54;44;54;15;10;5,3;
2019/09/13;2300 UTC;0;959,1;959,1;958,3;;23,1;15,2;25,4;23,1;15,6;15,2;61;54;61;5;10,1;4,2;
2019/09/14;0000 UTC;0;959,7;959,7;959;;21,6;14,7;23,2;21,6;15,3;14,7;65;61;65;6;10,4;5,4;
2019/09/14;0100 UTC;0;960,1;960,2;959,7;;19,7;14,4;21,6;19,7;14,7;14,4;72;65;72;6;8,9;3,9;
2019/09/14;0200 UTC;0;960,5;960,6;960,1;;18,8;14,3;19,8;18,8;14,5;14,3;75;71;75;6;7,4;3,9;
2019/09/14;0300 UTC;0;960,5;960,6;960,4;;18;14,1;18,9;17,9;14,3;14,1;78;75;78;360;6,3;3,4;
2019/09/14;0400 UTC;0;960,1;960,5;960,1;;17,6;13,7;18,1;17,5;14,1;13,7;79;77;78;9;8,1;3,7;
2019/09/14;0500 UTC;0;959,7;960,1;959,7;;16,9;13,6;17,6;16,9;13,8;13,6;81;78;81;6;7,6;3,5;
2019/09/14;0600 UTC;0;959,2;959,7;959,2;;16,7;13,6;16,9;16,6;13,7;13,5;82;81;82;3;7,9;3,9;
2019/09/14;0700 UTC;0;959,1;959,6;959,1;;16,2;13,6;16,7;16,2;13,7;13,4;85;82;85;354;7,9;3,5;
2019/09/14;0800 UTC;0;959,8;960;959,1;;16,1;13,6;16,2;15,7;13,8;13,3;86;84;85;2;6;2,8;
2019/09/14;0900 UTC;0;959,9;959,9;959,5;;16,8;13,7;16,9;16,1;13,8;13,6;85;82;82;17;7,1;4,3;
2019/09/14;1000 UTC;0;960,5;960,5;959,9;107,5;17,2;14;17,2;16,6;14;13,6;83;81;81;358;8,1;3,6;
2019/09/14;1100 UTC;0;961,2;961,2;960,5;564,6;19,1;14,6;19,1;17,2;14,6;14,1;82;75;75;349;5,9;3,4;
2019/09/14;1200 UTC;0;961,4;961,4;961,2;684,6;21;15;21;19,1;15;14,4;75;69;69;346;8;4,2;
2019/09/14;1300 UTC;0;961,3;961,5;961,3;2113,2;24,6;15;25,1;21;15,6;14,8;69;55;55;343;8;4,3;
2019/09/14;1400 UTC;0;960,6;961,3;960,6;2061,9;27,2;16;27,2;24;16,2;14,7;58;49;50;342;8;3,1;
2019/09/14;1500 UTC;0;959,5;960,6;959,5;2955,9;29,5;15,1;29,6;25,9;16;14,8;52;41;42;3;7,7;2,7;
2019/09/14;1600 UTC;0;958,3;959,5;958,3;3198;32,3;14,9;32,5;29,5;16;14,1;44;34;35;334;6,4;1,3;
2019/09/14;1700 UTC;0;957,1;958,3;957,1;2848,5;34,1;12,9;34,2;31,7;15,6;11,8;36;26;28;336;5,6;2,2;
2019/09/14;1800 UTC;0;956,1;957,1;956,1;2355,5;34,9;12,4;35;33,5;13,7;11,9;29;25;26;297;6,7;,6;
2019/09/14;1900 UTC;0;955,9;956,2;955,9;1674,1;34,7;12,4;35,6;34,4;13,3;10,9;28;23;26;10;5,2;2,9;
2019/09/14;2000 UTC;0;956;956;955,9;797,9;33,8;11,3;34,8;33,8;12,5;10,4;27;23;25;8;5,2;1,4;
2019/09/14;2100 UTC;0;956,4;956,4;956;149,9;29,8;15,6;33,8;29,8;15,8;11,1;42;25;42;15;6,1;2,9;
2019/09/14;2200 UTC;0;956,8;956,8;956,4;;28,1;15,4;29,8;28;15,7;15,4;47;42;46;5;5,5;2,8;
2019/09/14;2300 UTC;0;957,5;957,5;956,8;;27,3;15,3;28,1;27,1;15,7;15,3;49;46;48;4;6,1;3,3;
2019/09/15;0000 UTC;0;958,2;958,2;957,5;;26,5;15,3;27,3;26,4;15,4;15,2;51;48;50;360;6,2;2,8;
2019/09/15;0100 UTC;0;958,5;958,5;958,2;;25,2;15,7;26,5;25,2;15,7;15,2;56;50;56;358;4,9;2,5;
2019/09/15;0200 UTC;0;958,8;958,8;958,5;;24,4;16,7;25,4;24,4;16,7;15,7;62;55;62;2;4,5;2,3;
2019/09/15;0300 UTC;0;958,7;958,9;958,7;;23,5;16,9;24,4;23,4;17;16,7;67;62;66;3;4,3;2,8;
2019/09/15;0400 UTC;0;958,4;958,8;958,4;;22,4;16,9;23,5;22,4;16,9;16,8;71;66;71;13;4,3;1,9;
2019/09/15;0500 UTC;0;958;958,4;958;;21,1;16,3;22,4;21,1;16,9;16,3;74;71;74;3;3,8;2;
2019/09/15;0600 UTC;0;957,5;958;957,3;;20,1;16,1;21,1;19,9;16,4;16,1;79;74;78;348;5;3;
2019/09/15;0700 UTC;0;957,6;957,8;957,5;;18,7;15,8;20,2;18,7;16,3;15,8;83;78;83;355;5;1,8;
2019/09/15;0800 UTC;0;958,1;958,1;957,6;;18,3;15,9;18,9;18,2;16,2;15,9;86;83;86;354;3,8;2;
2019/09/15;0900 UTC;0;958,6;958,6;958,1;;18,1;15,7;18,3;18;16;15,5;87;85;86;356;2,7;1,8;
2019/09/15;1000 UTC;0;959,4;959,4;958,6;73,3;18,1;15,8;18,1;17,7;15,8;15,4;88;86;87;7;3,1;1,2;
2019/09/15;1100 UTC;0;960,3;960,3;959,5;658,5;20,7;16,6;20,7;18,1;16,6;15,8;87;77;78;357;3,6;2,1;
2019/09/15;1200 UTC;0;960,7;960,7;960,3;1568,7;24,2;16,8;24,4;20,7;17,3;16,2;78;63;63;341;4,4;2,7;
2019/09/15;1300 UTC;0;960,4;960,8;960,4;2255,2;29,2;15,5;29,3;24,2;17,4;15,5;64;43;43;293;5,1;2,9;
2019/09/15;1400 UTC;0;959,9;960,4;959,9;2774;32,6;12,2;32,9;28,9;16;11,8;45;29;29;234;8,2;3,4;
2019/09/15;1500 UTC;0;959,1;959,9;959,1;3080,8;34,1;10,8;35,3;32,3;13,1;10,5;30;23;24;261;7,3;3,7;
2019/09/15;1600 UTC;0;958;959,1;958;3099,8;36,4;10,1;36,4;34,1;11,7;9,1;25;20;20;260;7,8;3,8;
2019/09/15;1700 UTC;0;957;958;957;2854,1;36,2;9,6;36,7;35,4;10,7;8,7;21;19;20;270;7,9;3,1;
2019/09/15;1800 UTC;0;956,4;957;956,4;2364;37,1;8,3;37,1;35,9;10,5;7,8;21;17;17;259;7,2;2,7;
2019/09/15;1900 UTC;0;956,1;956,4;956,1;1707,6;36;7,4;37,1;35,9;8,5;6;18;15;17;278;6,3;2,9;
2019/09/15;2000 UTC;0;956,1;956,2;956;734,7;34,3;8,6;36,1;34,3;8,6;6,7;21;16;21;271;6,6;2,3;
2019/09/15;2100 UTC;0;956,2;956,2;956,1;138,7;32;9,8;34,3;32;9,8;8,2;25;20;25;276;4;1,1;
2019/09/15;2200 UTC;0;956,5;956,5;956,2;;31,1;9;32;31;10;9;27;25;25;278;2,6;1,6;
2019/09/15;2300 UTC;0;957,1;957,1;956,5;;28,2;9,8;31,3;28,2;9,8;8,9;32;25;32;358;2,5;0;
2019/09/16;0000 UTC;0;957,7;957,7;957,1;;26,7;10,5;28,6;26,7;10,5;9,7;36;31;36;353;1,3;,1;
2019/09/16;0100 UTC;0;958;958;957,7;;24;11,9;27,1;24;11,9;10,5;47;36;47;348;2,8;,4;
2019/09/16;0200 UTC;0;958,2;958,2;958;;24,3;11,5;24,3;23,7;12,2;11,5;48;45;45;317;2,4;,7;
2019/09/16;0300 UTC;0;958,4;958,4;958,2;;23,2;11,9;24,3;22,7;12;11,5;50;45;49;325;2;,7;
2019/09/16;0400 UTC;0;958,1;958,4;958,1;;22,7;12,2;23,3;22,4;12,4;11,8;52;49;52;266;2,7;1,7;
2019/09/16;0500 UTC;0;957,7;958,1;957,7;;22;12,9;23,5;21,3;12,9;12,2;58;50;56;283;2,9;,3;
2019/09/16;0600 UTC;0;957,5;957,7;957,4;;21,5;12,6;22,5;21,5;12,9;12,5;57;54;57;317;2,3;,1;
2019/09/16;0700 UTC;0;957,7;957,7;957,4;;20,6;12,5;22;20,6;12,8;12,5;60;55;60;344;1,6;,1;
2019/09/16;0800 UTC;0;958;958;957,7;;20;12,8;20,6;19,9;13,3;12,8;66;60;63;342;1,2;0;
2019/09/16;0900 UTC;0;958,5;958,5;958;;19,5;12,4;20,3;19,5;12,8;12,4;64;61;64;322;1,5;,2;
2019/09/16;1000 UTC;0;959,2;959,2;958,5;118,2;19;13,4;19,5;18,5;13,4;12,4;70;64;70;332;1;,1;
2019/09/16;1100 UTC;0;959,5;959,6;959,2;815,6;22,7;14,4;22,9;19;14,7;13,3;72;59;59;335;2,6;1,1;
2019/09/16;1200 UTC;0;959,8;959,8;959,5;1656,5;28,2;13,4;28,2;22,7;15,1;13;60;40;40;271;5,1;2,6;
2019/09/16;1300 UTC;0;959,5;959,8;959,4;2350,7;31,5;11,9;32;27,9;14,4;11,8;41;29;30;233;6,9;1,8;
2019/09/16;1400 UTC;0;959;959,5;959;2846,6;33,4;11,5;34,1;31,3;13,3;10,8;31;25;26;214;7,1;1,9;
2019/09/16;1500 UTC;0;958,5;959,1;958,5;3145,1;33,9;10,8;34,7;32,8;11,9;10,4;27;23;24;199;6,3;2,2;
2019/09/16;1600 UTC;0;957,7;958,5;957,7;3097,9;36,5;9,8;36,5;33,9;11,6;9,1;25;20;20;205;7,5;1,2;
2019/09/16;1700 UTC;0;956,9;957,7;956,9;2851,6;36,1;7,6;36,8;35;10;7,3;21;17;18;250;7,5;2,5;
2019/09/16;1800 UTC;0;956,2;956,9;956,2;2369,9;36,7;8,3;36,8;35,3;9,5;6,8;20;17;18;226;7,5;1,6;
2019/09/16;1900 UTC;0;956,2;956,2;956,1;1733,8;35,7;7,6;36,7;35,3;8,4;6,5;18;16;18;268;5,5;1,8;
2019/09/16;2000 UTC;0;956,1;956,2;956,1;796;34,3;8,2;35,8;34,3;8,3;6,4;20;17;20;237;3,7;,5;
2019/09/16;2100 UTC;0;955,9;956,2;955,9;140,6;32,1;7,6;34,3;32,1;8,7;7;22;19;22;211;2,1;,1;
2019/09/16;2200 UTC;0;956,4;956,5;955,9;;31,7;8;32,1;30,7;8,4;7,5;25;22;23;278;1,7;,4;
2019/09/16;2300 UTC;0;956,9;956,9;956,4;;30,2;8,5;31,7;29,8;8,5;8;26;23;26;341;1,6;0;
2019/09/17;0000 UTC;0;957,4;957,4;956,8;;27,5;9,8;30,2;27,5;10;8,5;33;26;33;338;,3;0;
2019/09/17;0100 UTC;0;957,3;957,5;957,3;;26,8;10,5;27,6;26,8;10,5;9,6;36;33;36;290;2;1,4;
2019/09/17;0200 UTC;0;957,3;957,4;957,3;;24,2;12,1;26,8;24,2;12,1;10,3;47;36;47;260;2;,2;
2019/09/17;0300 UTC;0;957,2;957,3;957,1;;23,4;12,3;24,2;22,6;12,8;12;54;47;50;322;2,6;1,7;
2019/09/17;0400 UTC;0;956,7;957,2;956,7;;22,6;12,3;23,4;21,7;12,6;12,2;56;50;52;313;3;1,8;
2019/09/17;0500 UTC;0;956,2;956,7;956,2;;20,7;13,3;22,7;20,6;13,3;12,3;62;52;62;289;3,6;0;
2019/09/17;0600 UTC;0;955,6;956,2;955,5;;20,7;13,1;21;20;13,3;13;65;61;62;312;2,4;,4;
2019/09/17;0700 UTC;0;955,1;955,6;955,1;;19,9;12,7;20,7;19,8;13,1;12,6;63;61;63;342;2;,7;
2019/09/17;0800 UTC;0;955,5;955,5;955,1;;19;12,5;20;18,9;12,7;12,4;66;63;66;354;1,7;0;
2019/09/17;0900 UTC;0;956;956;955,5;;19;12,3;19,1;18,5;12,6;12,3;68;65;65;318;2;1,1;
2019/09/17;1000 UTC;0;956,6;956,6;956;129,7;20,3;12,3;20,3;18,8;12,4;12,2;66;60;60;318;2,2;,3;
2019/09/17;1100 UTC;0;956,9;957;956,6;790,6;22,2;14,1;22,2;20,3;14,1;12,3;63;59;60;22;2,4;0;
2019/09/17;1200 UTC;0;957,1;957,1;956,9;1636,2;27,9;12;27,9;22,2;14,5;11,1;60;35;37;260;2,9;1,1;
2019/09/17;1300 UTC;0;956,9;957,1;956,9;2331,9;31,8;10,3;31,8;27,9;12,2;10,2;37;26;27;220;4,5;1,1;
2019/09/17;1400 UTC;0;956,3;956,9;956,3;2856,3;34,5;8,5;34,9;31,6;10,5;7,5;27;19;20;197;6,1;2,1;
2019/09/17;1500 UTC;0;955,3;956,3;955,3;3174,2;36,1;6,8;36,3;34,5;8,8;6,8;21;17;17;201;6,9;1,7;
2019/09/17;1600 UTC;0;954,2;955,3;954,2;3152,6;36,4;6,8;36,6;35,6;8,4;6,1;19;15;16;158;7;2,1;
2019/09/17;1700 UTC;0;952,9;954,2;952,9;2449,5;36,3;7,8;36,4;35,4;8,5;6,1;19;16;18;132;7,5;2,4;
2019/09/17;1800 UTC;0;951,9;952,9;951,9;2392,2;37,1;7,8;37,1;35,9;8,3;6,4;18;16;17;164;6,5;2,1;
2019/09/17;1900 UTC;0;951,7;951,9;951,7;1725,8;36,5;5,8;37,4;36,1;7,2;5,2;17;14;15;249;7,3;1,7;
2019/09/17;2000 UTC;0;951,6;951,7;951,5;829,3;35,1;6,3;36,5;35,1;7,6;5,2;18;15;17;185;4,7;1,6;
2019/09/17;2100 UTC;0;951,8;951,8;951,6;136,9;32,4;8;35,1;32,4;8,3;6,2;22;17;22;150;3,8;,2;
2019/09/17;2200 UTC;0;951,8;951,9;951,7;;31,8;7,4;32,9;31,8;7,9;6,9;22;20;22;166;2,5;1,3;
2019/09/17;2300 UTC;0;952,2;952,2;951,8;;29,8;7,7;32;29,8;7,7;7,3;25;22;25;192;2,1;,8;
2019/09/18;0000 UTC;0;952,5;952,5;952,2;;28,3;8;30;28,2;8,7;7,7;29;25;28;204;1,4;0;
2019/09/18;0100 UTC;0;952,7;952,7;952,5;;26,6;9;28,6;25,9;9,1;8;34;28;33;239;2,6;,5;
2019/09/18;0200 UTC;0;952,7;952,8;952,5;;22,7;14,2;29,4;22,6;14,3;8,1;60;27;59;335;3;,4;
2019/09/18;0300 UTC;0;952,6;953;952,6;;23,8;10,1;25,1;22,5;14,2;9,8;59;38;42;194;2,2;0;
2019/09/18;0400 UTC;0;952,1;952,6;952,1;;23;10,1;24,8;23;10,4;9,4;45;38;44;355;2,5;0;
2019/09/18;0500 UTC;0;951,8;952,1;951,8;;20,6;11,2;22,9;20,6;11,5;10;55;44;55;359;2,3;0;
2019/09/18;0600 UTC;0;951,4;951,8;951,3;;19,8;10,8;20,9;19,7;11,4;10,8;57;54;56;319;1,7;,1;
2019/09/18;0700 UTC;0;951,4;951,8;951,3;;19,6;10,3;20,1;19,1;10,8;9,9;58;53;55;284;1,7;,2;
2019/09/18;0800 UTC;0;951,6;951,9;951,4;;19,7;9,8;20,6;19;10,5;9,5;58;50;53;266;2,5;,1;
2019/09/18;0900 UTC;0;952,1;952,1;951,6;;18,7;9,7;19,8;18,2;10,2;9,6;59;52;56;269;3,1;,4;
2019/09/18;1000 UTC;0;952,8;952,8;952,1;145,4;19;11,1;19;17,5;11,1;9,5;63;55;60;314;2,4;,1;
2019/09/18;1100 UTC;0;953,4;953,4;952,8;806;21,6;12,3;21,6;19;12,6;11,1;60;53;55;55;1,4;0;
2019/09/18;1200 UTC;0;953,7;953,7;953,4;1453,8;27,7;9,9;28;21,6;13,3;9,7;56;32;33;216;2,8;,5;
2019/09/18;1300 UTC;0;953,6;953,8;953,6;2170,7;32,8;8,6;32,8;27,7;10,9;8,6;33;23;23;194;8,8;3;
2019/09/18;1400 UTC;0;953;953,7;953;2769,2;35,4;6,2;36;32,6;8,9;5,6;23;16;17;202;10,4;3,6;
2019/09/18;1500 UTC;0;952,2;953,1;952,1;3010,8;37,2;5,6;37,4;35,4;6,9;4,9;17;14;14;191;10,8;4,5;
2019/09/18;1600 UTC;0;951,1;952,2;951;3045,7;37,6;5,7;38,4;36,7;6,2;4,8;15;13;14;171;11,7;3,8;
2019/09/18;1700 UTC;0;949,7;951,1;949,7;2756,6;38,7;5,5;38,7;37,4;6,3;4,8;14;13;13;167;11,6;3,7;
2019/09/18;1800 UTC;0;949,4;950;949,4;2045,7;37,7;5,2;38,8;37,2;5,8;4,3;14;12;14;158;11,6;3,6;
2019/09/18;1900 UTC;0;949,2;949,4;949,2;1641;37,2;5,6;38,3;36,7;6,7;5;15;13;14;153;9,6;3,2;
2019/09/18;2000 UTC;0;949,3;949,4;949,2;872,9;35,3;7,2;37,2;35,3;7,4;4,9;18;14;18;162;8,3;1,8;
2019/09/18;2100 UTC;0;949,5;949,5;949,2;141,4;32,3;7,5;35,3;32,3;7,5;5,9;22;17;22;165;5,2;,9;
2019/09/18;2200 UTC;0;949,9;949,9;949,5;;30,2;7,1;32,3;30,2;7,5;6,9;24;21;24;181;2,9;1,6;
2019/09/18;2300 UTC;0;950,4;950,4;949,9;;29,3;7,2;30,2;29,3;7,3;7;25;24;25;172;3,3;1,8;
2019/09/19;0000 UTC;0;950,9;950,9;950,4;;29,8;7,9;29,8;29,1;8;7,2;26;25;25;169;4;1,7;
2019/09/19;0100 UTC;0;951,3;951,4;950,9;;27,2;8,5;29,8;27,2;8,5;7,9;31;25;31;184;4,4;1,9;
2019/09/19;0200 UTC;0;951,6;951,6;951,3;;25,9;9,6;27,4;25,9;9,8;8,5;36;31;36;128;3;,1;
2019/09/19;0300 UTC;0;951,8;951,9;951,5;;24,7;11,4;27,6;24,7;11,4;9,3;43;32;43;331;3;0;
2019/09/19;0400 UTC;0;951,7;951,8;951,5;;24,2;11;25,2;24;12;11;47;42;44;29;1,1;0;
2019/09/19;0500 UTC;0;951,5;951,7;951,5;;23;12;24,2;22,9;12;10,8;50;43;50;22;4;2,5;
2019/09/19;0600 UTC;0;951,5;951,5;951,2;;20,7;12,8;23,1;20,6;13,4;12,2;63;50;61;358;4,5;1,9;
2019/09/19;0700 UTC;0;951,8;951,9;951;;20,1;15,1;21,2;20,1;15,3;12,9;73;61;73;353;4,3;,4;
2019/09/19;0800 UTC;0;952,3;952,3;951,7;;18,9;15,2;20,1;18,9;15,5;14,7;79;73;79;3;5,8;1,9;
2019/09/19;0900 UTC;0;952,7;952,7;952,3;;18,2;15,2;18,9;18,2;15,4;15,1;82;79;82;360;4,1;2,5;
2019/09/19;1000 UTC;0;953,2;953,3;952,7;93,8;18,4;15,5;18,4;17,7;15,6;15,1;86;82;83;1;3,7;2,3;
2019/09/19;1100 UTC;0;953,8;953,8;953,2;596,5;20,4;15,7;20,4;18,4;15,8;15,4;83;74;74;355;4,4;2,1;
2019/09/19;1200 UTC;0;954,1;954,1;953,7;1240,4;22,6;16,2;22,6;20,3;16,2;15,3;74;66;67;23;4,9;1,7;
2019/09/19;1300 UTC;0;953,7;954,1;953,7;1858,4;25,8;15,3;25,8;22,3;16;15,1;67;52;52;354;3,9;1,6;
2019/09/19;1400 UTC;0;953,1;953,7;953,1;1825,2;30;13,6;30;25,7;16,1;12,9;53;37;37;201;4;,5;
2019/09/19;1500 UTC;0;952,3;953,1;952,3;2040,5;31,2;12,7;31,6;29,3;14,1;12,3;39;31;32;243;4,2;1,5;
2019/09/19;1600 UTC;0;951,5;952,3;951,5;1557,1;33,7;12;33,7;31,1;13,6;11,3;33;26;27;222;3,3;,9;
2019/09/19;1700 UTC;0;950,4;951,5;950,4;2147,8;35,9;11;36,1;33,7;12,5;10,7;27;22;22;182;9,6;3,8;
2019/09/19;1800 UTC;0;949,4;950,4;949,4;1905,9;35,6;10,5;36,2;35,2;11,8;10,3;24;21;22;141;10,3;2,6;
2019/09/19;1900 UTC;0;949,1;949,4;949,1;1428,8;36,2;11,5;36,2;35,6;11,6;10,5;23;21;23;146;6,5;1,9;
2019/09/19;2000 UTC;0;949,3;949,3;948,9;725,2;34,9;12;36,4;34,9;12;10,3;25;21;25;147;6,7;1,3;
2019/09/19;2100 UTC;0;949,7;949,8;949,3;162,3;32,5;11,9;34,9;32,4;12,2;11,3;29;24;28;151;3,7;,2;
2019/09/19;2200 UTC;0;950,1;950,1;949,7;;28,3;10,2;32,5;28,3;12,2;10,2;32;28;32;309;1,7;0;
2019/09/19;2300 UTC;0;950,4;950,4;950;;27,5;9,3;28,4;27,5;10,2;9,2;33;31;32;134;2,6;0;
2019/09/20;0000 UTC;0;950,9;950,9;950,4;;27,5;9,1;27,6;27,1;9,4;8,9;33;31;32;63;1,3;0;
2019/09/20;0100 UTC;0;951,6;951,6;950,9;;26,6;9,7;27,5;26,5;9,8;8,8;35;31;35;104;1,9;,2;
2019/09/20;0200 UTC;0;951,7;951,8;951,5;;25,3;10,1;27,1;25,3;10,1;9,2;38;33;38;67;1,9;,2;
2019/09/20;0300 UTC;0;952,4;952,4;951,6;;25,7;11;26,4;25;11,4;9;41;35;40;39;2,4;1;
2019/09/20;0400 UTC;0;952,7;953;952,4;;23;15,6;26,2;22,8;15,6;10,8;63;38;63;10;5,5;3,4;
2019/09/20;0500 UTC;0;952,6;952,8;952,4;;21,5;16;23,1;21,3;16,2;15,6;71;63;71;343;6,1;1,9;
2019/09/20;0600 UTC;0;953,7;954,2;952,6;;22,5;16,6;22,5;21,5;16,7;16,1;72;69;69;27;8,6;3,6;
2019/09/20;0700 UTC;0;953,2;953,8;953,1;;22,1;16,5;22,5;22;16,6;16,4;71;69;71;322;6,6;2,5;
2019/09/20;0800 UTC;0;953,7;953,7;953,1;;21,1;16,4;22,1;21;16,5;16,3;75;71;75;319;4,4;2,1;
2019/09/20;0900 UTC;0;954,3;954,3;953,7;;20,4;16,1;21,1;20,2;16,3;16;77;75;76;328;3,9;1,7;
2019/09/20;1000 UTC;0;954,8;954,8;954,2;68,2;20,8;16;21;20,4;16,2;15,9;76;73;74;323;4,4;1,9;
2019/09/20;1100 UTC;0;955;955,2;954,8;486,7;23,8;15,8;23,8;20,8;16,3;15,8;74;61;61;271;3,6;2;
2019/09/20;1200 UTC;0;955,1;955,2;954,9;1307,3;27,5;14,9;27,5;23,8;16,2;14,7;62;46;46;227;5,5;,9;
2019/09/20;1300 UTC;0;955,6;955,8;955,1;1133;29,6;10,9;29,7;27,4;15,1;10,6;47;31;31;207;4,3;,3;
2019/09/20;1400 UTC;0;956,9;956,9;955,5;1433,6;28,6;14,4;32,4;28,6;14,4;9,4;42;25;42;78;11;5;
2019/09/20;1500 UTC;0;957,1;957,4;956,7;1353,3;27,2;15,7;28,7;27;16,7;14,7;52;42;50;39;14,3;5,7;
2019/09/20;1600 UTC;0;956,1;957,1;956,1;1683,8;28,8;15,5;30;27,2;16,5;15,5;51;42;45;350;9,5;3,9;
2019/09/20;1700 UTC;0;955,4;956,1;955,4;1754,1;28,8;16,5;31;28,7;16,7;15,5;48;41;47;13;5,9;2,1;
2019/09/20;1800 UTC;0;955,8;956,1;955,2;904,2;26,3;16,8;29,6;26,3;17,2;16,5;56;47;56;48;10,8;6;
2019/09/20;1900 UTC;0;955,2;955,9;955,2;1150,9;26,5;17;26,8;25,9;17,2;16,3;57;55;56;8;10,5;3,5;
2019/09/20;2000 UTC;0;955,3;955,5;955,2;714;25,5;16,8;26,5;25,5;17,2;16,7;58;56;58;1;6,5;3,5;
2019/09/20;2100 UTC;0;955,6;955,9;955,3;182,8;24,8;16,6;25,6;24,8;17;16,6;61;58;61;328;5,8;2,4;
2019/09/20;2200 UTC;0;955,8;955,8;955,6;;23,5;16,4;24,8;23,3;16,6;16,3;65;61;65;324;4,5;,4;
2019/09/20;2300 UTC;0;956,3;956,3;955,7;;23,6;16,2;23,6;23;16,5;16,2;66;64;64;318;3,1;,4;
2019/09/21;0000 UTC;0;956,9;957,6;956,3;;23,1;16,7;23,6;22,9;16,7;16,2;67;63;67;133;6,5;,2;
2019/09/21;0100 UTC;0;956,9;957,1;956,8;;22,6;17;23,1;22,3;17,4;16,7;72;67;71;258;3;1,3;
2019/09/21;0200 UTC;0;957,1;957,5;956,9;;22;17,1;22,6;21,8;17,3;16,7;75;71;74;320;3,1;1,1;
2019/09/21;0300 UTC;0;958;958;957,1;;21,4;16,9;22,4;21,4;17,1;16,7;76;71;76;21;3,2;1,1;
2019/09/21;0400 UTC;0;958,9;959,1;957,8;;21,9;17,7;22,2;21,4;17,7;16,9;77;74;77;80;8,3;4,5;
2019/09/21;0500 UTC;0;958,2;959;958,2;;20,9;17,8;22,1;20,9;17,9;17,7;82;76;82;8;10,1;3,4;
2019/09/21;0600 UTC;0;958,6;958,6;958,2;;20,5;17,9;20,9;20,5;18;17,8;85;82;85;354;5,9;2,5;
2019/09/21;0700 UTC;0;958,8;958,8;958,4;;20,6;17,9;20,6;20,4;18;17,8;86;85;85;37;4,2;2,3;
2019/09/21;0800 UTC;0;958,3;958,8;958,3;;20,1;17,8;20,6;20;17,9;17,7;87;85;87;336;3,9;2,1;
2019/09/21;0900 UTC;0;957,8;958,3;957,7;;19,9;17,4;20,1;19,9;17,8;17,4;87;85;85;292;5,5;3;
2019/09/21;1000 UTC;0;958,2;958,2;957,6;33;19,5;17,2;19,9;19,5;17,4;17,1;87;85;86;5;6,5;2,8;
2019/09/21;1100 UTC;0;958,6;958,6;958,2;359,1;20,1;16,5;20,1;19,5;17,2;16,3;86;80;80;358;6,3;3,2;
2019/09/21;1200 UTC;0;958,7;958,7;958,5;1225,1;22,5;16,8;22,7;20,1;17,1;16,4;80;70;70;352;7,3;4,8;
2019/09/21;1300 UTC;0;958,5;958,7;958,4;2251,2;25,9;17,3;25,9;22,3;17,5;16,4;70;59;59;3;7,3;3,4;
2019/09/21;1400 UTC;0;958,7;958,7;958,5;2865,5;27,9;16,1;28,6;25,3;17,4;16,1;59;47;49;7;6,9;2,8;
2019/09/21;1500 UTC;0;958,1;958,7;958,1;3010;29;16,1;30,1;27,7;16,5;15,6;50;42;46;79;6,1;1,3;
2019/09/21;1600 UTC;0;957,4;958,1;957,4;2681,9;30,8;15;31,5;28,9;16,2;14,9;46;38;38;34;4,4;2;
2019/09/21;1700 UTC;0;956,6;957,4;956,6;2749,3;31,6;15,5;32,5;30,6;16,2;14,8;40;36;38;36;6,4;3,3;
2019/09/21;1800 UTC;0;956,2;956,7;956,2;2303,1;31,4;15,2;31,9;30,9;15,9;14,8;39;36;37;39;6,8;3,1;
2019/09/21;1900 UTC;0;956,1;956,3;956;1664,2;30,3;15,3;31,8;30,2;15,6;14,8;40;36;40;39;7;4,3;
2019/09/21;2000 UTC;0;956,4;956,4;956,1;868,4;29,3;15,8;30,9;29,3;16;15,2;44;40;44;20;7,2;4,2;
2019/09/21;2100 UTC;0;956,6;956,6;956,4;190,1;27,6;15,8;29,3;27,6;15,9;15,6;49;44;49;19;7,2;3;
2019/09/21;2200 UTC;0;957,1;957,1;956,6;,8;25,4;16,3;27,7;25,4;16,3;15,8;57;49;57;4;6,3;3,4;
2019/09/21;2300 UTC;0;957,8;957,8;957,1;;22,8;15,4;25,4;22,8;16,3;15,4;63;57;63;11;7,7;4,1;
2019/09/22;0000 UTC;0;958,6;958,6;957,8;;21,7;14,9;22,8;21,7;15,4;14,9;66;63;66;13;8,7;4,9;
2019/09/22;0100 UTC;0;959;959,1;958,6;;20,4;14,4;21,7;20,4;15;14,4;69;66;68;11;10,3;5,4;
2019/09/22;0200 UTC;0;959,2;959,2;959;;19,1;14;20,4;19,1;14,5;14;72;69;72;10;8,8;4,8;
2019/09/22;0300 UTC;0;959,4;959,5;959,2;;18,3;13,7;19,1;18,3;14;13,7;75;72;75;10;9,9;4,9;
2019/09/22;0400 UTC;0;959;959,4;959;;17,6;13,5;18,3;17,6;13,7;13,5;77;75;77;12;8,6;4,3;
2019/09/22;0500 UTC;0;958,7;959;958,6;;17,3;13,4;17,7;17,2;13,6;13,4;78;77;78;15;8,6;4,1;
2019/09/22;0600 UTC;0;958,4;958,7;958,3;;16,8;13,3;17,3;16,8;13,5;13,3;80;78;80;12;9,1;4,5;
2019/09/22;0700 UTC;0;958,5;958,5;958,4;;16,6;13,2;16,9;16,6;13,3;13,2;80;79;80;3;9;4,6;
2019/09/22;0800 UTC;0;959,1;959,1;958,5;;16,4;13,2;16,6;16,4;13,2;13,2;81;80;81;9;7,7;3,5;
2019/09/22;0900 UTC;0;959,7;959,7;959,1;;16,3;13,2;16,7;16,3;13,3;13,2;82;81;82;4;6,9;3,8;
2019/09/22;1000 UTC;0;960,4;960,4;959,7;128,9;17,1;13,5;17,1;16,3;13,5;13,2;82;79;79;6;7,1;4;
2019/09/22;1100 UTC;0;961,2;961,2;960,4;757,9;19,1;14;19,1;17,1;14;13,4;79;72;72;356;9;5,4;
2019/09/22;1200 UTC;0;961,5;961,6;961,2;1131,9;21,1;14,1;21,5;19;14,7;13,7;72;64;64;357;9,1;4,6;
2019/09/22;1300 UTC;0;961,8;961,8;961,5;1943,2;23,6;14,6;24,2;21;15,1;14;65;56;57;1;8,1;4,4;
2019/09/22;1400 UTC;0;961,5;961,8;961,5;2874,6;27,2;14,4;28,1;23,6;15,3;14,2;57;45;45;5;8,9;4,4;
2019/09/22;1500 UTC;0;960,6;961,5;960,6;2665,3;28,7;14,7;29,1;26,5;15,4;14,2;48;42;42;8;7,8;3,8;
2019/09/22;1600 UTC;0;959,9;960,7;959,9;3101,8;29,5;14,8;31,4;28,1;15,5;14;44;37;41;6;8,1;4;
2019/09/22;1700 UTC;0;959,4;959,9;959,4;2798,1;29,3;14,3;30,7;29,1;15,4;14,3;41;38;40;34;9,6;5,4;
2019/09/22;1800 UTC;0;959;959,4;959;2292,6;29,8;14,5;30,6;28,9;15,2;14,5;42;38;39;360;10,7;5,3;
2019/09/22;1900 UTC;0;959,2;959,3;959;1739,4;28,4;14,7;30,5;28,4;15,2;14,4;43;39;43;22;11,4;6,7;
2019/09/22;2000 UTC;0;960,1;960,1;959,2;878,4;26,5;14,3;28,5;26,5;14,7;14,2;47;43;47;17;11,8;6,1;
2019/09/22;2100 UTC;0;961,1;961,1;960,1;174,4;23,4;13,8;26,6;23,4;14,4;13,8;55;47;55;14;12,7;6,2;
2019/09/22;2200 UTC;0;961,7;961,7;961,1;1,4;22,1;13,6;23,4;22;13,8;13,6;59;55;59;12;13,2;6;
2019/09/22;2300 UTC;0;962,6;962,6;961,7;;20,6;13,3;22,1;20,6;13,6;13,1;63;59;63;12;13,2;5,8;
2019/09/23;0000 UTC;0;963,5;963,5;962,6;;19,5;12,9;20,6;19,5;13,3;12,9;66;63;66;4;11,6;6,1;
2019/09/23;0100 UTC;0;963,7;963,8;963,5;;18,5;11,6;19,5;18,5;13;11,6;66;63;64;2;12,8;6,6;
2019/09/23;0200 UTC;0;964,1;964,1;963,7;;17,7;11;18,6;17,7;11,8;11;67;64;65;360;14,3;6,7;
2019/09/23;0300 UTC;0;964,1;964,3;964,1;;17,1;10,7;17,7;17;11;10,6;67;65;66;356;13,1;7,5;
2019/09/23;0400 UTC;0;963,5;964,1;963,5;;16,5;10,7;17,1;16,5;10,7;10,6;69;66;69;354;13,4;7,2;
2019/09/23;0500 UTC;0;963;963,5;963;;16,2;10,6;16,5;16,1;10,8;10,6;71;69;69;356;13,3;6,1;
2019/09/23;0600 UTC;0;962,5;963;962,5;;15,9;10,2;16,2;15,8;10,6;10,2;71;69;69;354;11;6,3;
2019/09/23;0700 UTC;0;962,9;962,9;962,5;;15,4;10,1;16;15,4;10,2;10;71;68;71;349;11,7;5,2;
2019/09/23;0800 UTC;0;963,2;963,2;962,9;;15,1;10;15,5;15;10,1;10;72;70;72;347;10;5,2;
2019/09/23;0900 UTC;0;963,6;963,6;963,2;;14,9;10,1;15,1;14,9;10,1;10;73;72;73;350;8;4,6;
2019/09/23;1000 UTC;0;964,1;964,1;963,6;197,6;15,9;10,3;15,9;14,8;10,4;10,1;74;69;69;348;9,3;5,2;
2019/09/23;1100 UTC;0;965;965;964;1018,6;17,7;10;18;15,9;10,4;9,9;69;60;60;341;9,5;6,4;
2019/09/23;1200 UTC;0;965,1;965,1;965;1893,9;20,3;10,1;20,4;17,7;10,6;9,9;61;52;52;341;9,9;6,1;
2019/09/23;1300 UTC;0;964,9;965,1;964,9;2597,1;22,3;9,4;23;20,3;10,6;9,4;52;43;44;344;11,2;6,5;
2019/09/23;1400 UTC;0;964,5;965;964,5;3099,3;23,2;9,1;24,1;22,2;9,9;9;45;40;41;356;12,1;6,4;
2019/09/23;1500 UTC;0;963,6;964,6;963,6;3370,6;25,6;9,3;27;23,1;10,4;8,9;41;34;36;354;11,2;5,6;
2019/09/23;1600 UTC;0;962,7;963,6;962,6;3383;27,3;9,4;28,1;25,1;10,3;9;37;32;33;356;10,2;5,1;
2019/09/23;1700 UTC;0;961,7;962,7;961,7;3064,5;29;10;29,1;27,2;10,4;9,1;33;30;31;6;9,8;4,9;
2019/09/23;1800 UTC;0;961,1;961,7;961,1;2563,2;28,3;9,6;29,8;27,8;10,3;9,4;33;30;31;4;9,2;5;
2019/09/23;1900 UTC;0;961;961,1;960,9;1885,3;27;9,6;29,5;27;10,3;9,5;34;30;34;7;10,4;6,2;
2019/09/23;2000 UTC;0;961,4;961,4;960,9;948,4;24,6;10,3;27,8;24,6;10,3;9,7;41;33;41;4;13,2;7,1;
2019/09/23;2100 UTC;0;961,9;961,9;961,4;176,4;22;10,4;24,6;22;10,4;10,1;48;40;48;10;12,8;5,8;
2019/09/23;2200 UTC;0;962,4;962,4;961,9;2,5;20,4;10,2;22;20,4;10,4;10,2;52;48;52;4;11,7;7,3;
2019/09/23;2300 UTC;0;962,6;962,6;962,4;;19,2;9,7;20,5;19,2;10,3;9,7;54;52;54;6;11,6;6,1;
2019/09/24;0000 UTC;0;962,9;962,9;962,6;;18,4;9,6;19,3;18,4;9,7;9,5;56;54;56;5;11;5,4;
2019/09/24;0100 UTC;0;963,1;963,1;962,9;;17,6;9,5;18,4;17,6;9,7;9,5;59;56;59;3;9,9;5,3;
2019/09/24;0200 UTC;0;963,3;963,3;963,1;;16,5;10;17,6;16,5;10;9,5;65;59;65;3;9,7;4,7;
2019/09/24;0300 UTC;0;963,4;963,4;963,2;;15,8;10,1;16,5;15,8;10,1;9,9;69;65;69;356;7,8;3,7;
2019/09/24;0400 UTC;0;963,1;963,4;963,1;;14,6;10;15,8;14,6;10,2;9,9;74;69;74;349;6,4;2,4;
2019/09/24;0500 UTC;0;962,8;963,1;962,8;;14,9;10,3;15;14,4;10,4;10;76;74;74;5;5,1;3,2;
2019/09/24;0600 UTC;0;962,1;962,8;962,1;;14,2;10,1;14,9;14,2;10,3;10;76;74;76;3;5,6;3,6;
2019/09/24;0700 UTC;0;961,7;962,1;961,7;;14;10,3;14,3;14;10,3;10,1;78;76;78;356;6,2;3,5;
2019/09/24;0800 UTC;0;962;962;961,7;;13,6;10,3;14,1;13,5;10,5;10,2;81;78;81;351;5,4;2,5;
2019/09/24;0900 UTC;0;962,4;962,4;962;;14;10,4;14;13,4;10,4;10,1;81;79;79;360;3,6;2,4;
2019/09/24;1000 UTC;0;962,7;962,7;962,4;134,3;15;10,6;15;13,9;10,8;10,4;80;75;75;352;5,2;3;
2019/09/24;1100 UTC;0;963;963,1;962,7;833,6;17,6;10,9;17,7;15;11;10,3;75;64;65;346;6;3,6;
2019/09/24;1200 UTC;0;963;963,4;963;1522,7;20,6;11,5;20,6;17,7;11,6;10,5;65;56;56;346;6,5;3,2;
2019/09/24;1300 UTC;0;962,7;963;962,7;2135,3;24,8;12,5;24,8;20,5;12,6;11,3;56;46;46;307;6,8;3,5;
2019/09/24;1400 UTC;0;962,5;962,7;962,5;2615,6;27;12,1;27,5;24,3;12,9;11,5;47;39;40;270;6,8;2,9;
2019/09/24;1500 UTC;0;961,2;962,5;961,2;3208,5;29,5;12,8;29,5;26,6;13,1;11,9;41;36;36;255;6,9;2,1;
2019/09/24;1600 UTC;0;960;961,2;960;3203;30,5;12,1;30,8;28,8;13,1;11,7;36;32;32;332;6,3;1;
2019/09/24;1700 UTC;0;958,9;960;958,9;2517;30,9;12;32,7;30,4;13;11,9;34;29;31;267;5,6;2,1;
2019/09/24;1800 UTC;0;958;958,9;958;1815,9;31,6;13,1;32,5;30,8;13,1;11,9;33;30;32;342;5,1;1,9;
2019/09/24;1900 UTC;0;957,8;958;957,8;1331,2;30,6;12,8;31,7;30,6;13,2;12,4;34;32;34;37;4,9;2,4;
2019/09/24;2000 UTC;0;957,9;957,9;957,8;807,8;29,5;12,5;30,6;29,5;13,3;12,4;37;33;35;18;7,2;2,9;
2019/09/24;2100 UTC;0;958,3;958,3;957,9;205,5;27,4;12,6;29,5;27,4;13,1;12,4;40;35;40;7;5,8;3;
2019/09/24;2200 UTC;0;958,4;958,5;958,3;1,3;25;13,1;27,5;25;13,1;12,6;48;40;48;353;5,8;2,3;
2019/09/24;2300 UTC;0;958,4;958,4;958,3;;24,3;13,1;25,4;24,2;13,2;12,8;50;46;50;3;4,6;2,4;
2019/09/25;0000 UTC;0;959;959;958,4;;23;13,3;24,4;22,5;13,4;12,9;56;49;55;333;4,5;2,2;
2019/09/25;0100 UTC;0;959,1;959,2;959;;21,3;13,6;23,1;21,3;13,6;13,2;61;54;61;358;4,3;1,7;
2019/09/25;0200 UTC;0;959,4;959,6;959,1;;21,7;14,4;22,3;21,3;14,4;13,6;63;58;63;359;5,8;3,7;
2019/09/25;0300 UTC;0;959,8;959,8;959,3;;20,4;14,7;21,7;20,2;15,6;14,4;75;63;70;21;7,6;3,4;
2019/09/25;0400 UTC;2,4;960,3;961,2;959,8;;17,4;15,2;20,4;17,4;15,4;14,3;87;69;87;21;7,4;4;
2019/09/25;0500 UTC;,2;959;960,3;958,9;;17,3;15,2;17,4;17,2;15,4;15,2;89;87;87;4;9,9;3,8;
2019/09/25;0600 UTC;0;958,9;959,4;958,9;;17,1;15,3;17,4;17,1;15,4;15,1;89;87;89;344;6;2,3;
2019/09/25;0700 UTC;0;959,7;959,7;958,9;;17,2;14,6;17,5;17;15,4;14,6;90;84;85;359;8,2;4,3;
2019/09/25;0800 UTC;0;960,4;960,4;959,6;;16,8;14,5;17,2;16,7;14,7;14,5;87;84;87;19;7,2;3,1;
2019/09/25;0900 UTC;0;960,7;960,7;960,4;;16,6;14,8;16,9;16,6;14,8;14,4;89;86;89;347;5,2;2,2;
2019/09/25;1000 UTC;0;961,2;961,2;960,6;61,6;16,9;14,9;17;16,6;15;14,7;89;87;88;351;3,8;1,8;
2019/09/25;1100 UTC;0;961,4;961,4;960,9;205,2;17,4;14,9;17,4;16,9;15,2;14,9;88;85;85;358;5,1;2,8;
2019/09/25;1200 UTC;0;961,4;961,6;961,4;375,3;18;15,2;18;17,4;15,4;15;86;84;84;357;6,3;4;
2019/09/25;1300 UTC;0;961,5;961,5;961;457,5;18,2;15;18,4;18;15,6;15;84;81;82;5;7,1;4;
2019/09/25;1400 UTC;6,2;961,2;962,9;960,8;103;16,4;15,1;18,4;16,3;15,2;14,3;92;80;92;342;10,7;2,7;
2019/09/25;1500 UTC;,4;961,3;961,5;961;161,3;16,9;15,7;16,9;16,4;15,7;15,2;93;92;93;2;5,7;2,1;
2019/09/25;1600 UTC;0;960,6;961,3;960,5;350,9;17,2;15,9;17,5;16,9;16,3;15,7;93;92;92;3;3,3;2,1;
2019/09/25;1700 UTC;0;960,1;960,6;960,1;359,4;17,7;16,5;17,8;17,2;16,5;16;93;92;93;352;3,3;,3;
2019/09/25;1800 UTC;0;958,6;960,1;958,6;381,3;17,8;16,7;18,2;17,5;17;16,2;93;92;93;7;4,8;2,7;
2019/09/25;1900 UTC;0;958,5;958,6;957,9;279,3;18,3;17,1;18,3;17,8;17,2;16,6;93;93;93;16;6,2;1,1;
2019/09/25;2000 UTC;0;959,7;959,7;958,5;66,5;18,6;17,2;18,6;18,2;17,2;17;93;91;91;94;3,2;,2;
2019/09/25;2100 UTC;0;959,3;959,7;959,3;22,3;18,5;17,2;18,6;18,5;17,2;17,1;92;91;92;28;1,8;0;
2019/09/25;2200 UTC;0;959,2;959,5;959,2;;18,6;17,4;18,6;18,4;17,4;17,1;93;92;93;350;0;0;
2019/09/25;2300 UTC;0;959,9;959,9;959,2;;18,5;17,4;18,6;18,4;17,5;17,2;93;93;93;358;1,3;,1;
2019/09/26;0000 UTC;0;960,6;960,8;959,9;;18,5;17,4;18,6;18,4;17,5;17,3;93;93;93;351;1,7;,4;
2019/09/26;0100 UTC;0;960,8;961;960,4;;18,2;17,1;18,5;18,2;17,4;17,1;93;93;93;319;3,1;0;
2019/09/26;0200 UTC;0;960,7;960,8;960,4;;18,1;17,1;18,2;18,1;17,1;17;94;93;94;11;1,8;0;
2019/09/26;0300 UTC;0;960,7;960,9;960,6;;18,1;17,1;18,3;18,1;17,2;17;94;93;93;200;2,4;,1;
2019/09/26;0400 UTC;0;959,7;960,7;959,7;;18;16,9;18,2;18;17,1;16,9;93;93;93;214;3,6;,2;
2019/09/26;0500 UTC;0;959,2;959,7;959,1;;17,7;16,6;18;17,7;16,9;16,6;93;93;93;55;3,6;0;
2019/09/26;0600 UTC;0;958,7;959,2;958,6;;17,7;16,6;17,8;17,6;16,7;16,6;94;93;94;341;0;0;
2019/09/26;0700 UTC;0;958,8;959;958,6;;17,7;16,7;17,7;17,6;16,7;16,6;94;94;94;343;0;0;
2019/09/26;0800 UTC;0;959,3;959,4;958,7;;17,8;16,8;17,8;17,5;16,8;16,5;94;94;94;42;0;0;
2019/09/26;0900 UTC;0;959,9;959,9;959,3;;17,2;16,2;17,9;17,2;16,9;16,2;94;94;94;1;2,4;,1;
2019/09/26;1000 UTC;0;960,1;960,1;959,8;50,6;17,2;16,2;17,3;17;16,2;16;94;94;94;7;2,4;,3;
2019/09/26;1100 UTC;0;961,1;961,2;960,1;137,5;17,3;16,3;17,4;17,1;16,3;16,1;94;94;94;16;3;,8;
2019/09/26;1200 UTC;,2;961,3;961,4;961;345,5;17,9;16,7;18;17,3;16,8;16,3;94;92;93;359;3;1;
2019/09/26;1300 UTC;0;961,7;961,7;961,3;354,3;18,1;16,6;18,1;17,8;16,8;16,5;93;91;91;7;3,3;1;
2019/09/26;1400 UTC;0;961,4;961,7;961,4;301,8;18,2;16,8;18,4;18;16,9;16,5;92;90;92;15;3,3;,7;
2019/09/26;1500 UTC;,2;961,2;961,5;961;415,3;18,8;16,7;18,9;18,1;17,1;16,5;92;88;88;10;3,1;,8;
2019/09/26;1600 UTC;0;960,9;961,3;960,7;433,5;18,9;17;19,1;18,6;17;16,5;89;86;89;54;2,6;,7;
2019/09/26;1700 UTC;0;959,7;960,9;959,7;754,4;19,6;17,3;19,6;18,6;17,7;16,7;89;86;87;352;3,2;,3;
2019/09/26;1800 UTC;0;959,2;959,7;959,2;1226,3;21,1;16,6;21,1;19,6;18;16,1;87;74;75;62;2,5;0;
2019/09/26;1900 UTC;,2;958,9;959,2;958,8;1143,1;20,9;15,8;21,7;20,9;17,2;15,8;78;71;73;32;2;0;
2019/09/26;2000 UTC;0;958,8;959;958,7;343,5;21,3;16,6;21,3;20,7;16,8;15,6;78;72;75;281;1;0;
2019/09/26;2100 UTC;0;959,3;959,3;958,8;307,8;20,4;16,5;21,9;20,4;16,7;15,6;78;69;78;263;1,4;0;
2019/09/26;2200 UTC;0;959,9;959,9;959,3;1;19,4;16,9;20,4;19,3;16,9;16,6;86;78;86;223;,4;0;
2019/09/26;2300 UTC;0;960,1;960,1;959,9;;19,5;15,9;19,7;19,3;17,4;15,5;88;77;80;222;0;0;
2019/09/27;0000 UTC;0;960,7;960,7;960,1;;19,5;15,2;19,5;18,7;16;15,1;81;76;76;192;0;0;
2019/09/27;0100 UTC;0;960,8;960,9;960,7;;19,2;15,4;19,6;18,4;15,7;14,8;82;75;79;334;0;0;
2019/09/27;0200 UTC;0;960,7;960,8;960,5;;17,5;15,8;19,2;17,5;15,9;15,2;90;79;90;235;2,5;,2;
2019/09/27;0300 UTC;0;960,4;960,7;960,3;;17,3;15,5;18;17,3;16,5;15,5;92;89;89;272;3,2;,1;
2019/09/27;0400 UTC;0;960,1;960,5;960,1;;16,5;15,4;17,3;16,4;15,7;15;93;89;93;5;1,1;0;
2019/09/27;0500 UTC;,2;959,9;960,1;959,8;;16,2;15,2;16,6;16,2;15,6;15,2;94;93;94;336;1,2;0;
2019/09/27;0600 UTC;0;959,4;959,9;959,4;;15,4;14,4;16,3;15,2;15,3;14,2;94;94;94;354;1;0;
2019/09/27;0700 UTC;0;959,4;959,5;959,3;;15,1;14,2;15,9;15,1;15;14,2;94;94;94;3;2,5;,9;
2019/09/27;0800 UTC;0;959,8;959,8;959,3;;15,8;15;15,8;15;15;14,2;95;94;95;18;2,4;0;
2019/09/27;0900 UTC;0;959,9;960;959,8;;15,4;14,6;16;15,4;15,1;14,6;95;95;95;336;1,1;,1;
2019/09/27;1000 UTC;0;960,4;960,4;959,8;155,1;15,4;14,6;15,4;15,1;14,6;14,3;95;95;95;347;2;,9;
2019/09/27;1100 UTC;0;961,2;961,2;960,4;672;16,4;15,7;16,9;15,2;16,1;14,4;95;95;95;3;2,8;,5;
2019/09/27;1200 UTC;0;961,5;961,5;961,2;1782,8;19,7;18,8;19,7;16,4;18,9;15,7;95;95;95;352;4,9;2,6;
2019/09/27;1300 UTC;0;961,4;961,5;961,3;2880,4;22;16,5;22,1;19,7;19,1;15,8;95;70;71;345;5,5;3,3;
2019/09/27;1400 UTC;0;960,9;961,4;960,9;3409,9;23,9;15,3;24,8;22;16,9;14,4;72;56;59;356;7,1;2,8;
2019/09/27;1500 UTC;0;960,3;960,9;960,3;2839,3;24,6;14,2;25,1;23,4;16,5;14,1;62;52;52;356;6,8;2,8;
2019/09/27;1600 UTC;0;959,4;960,3;959,4;3096,8;25,9;13;26,8;24,3;15,8;12,4;56;43;45;10;7,2;3,7;
2019/09/27;1700 UTC;0;958,6;959,4;958,5;3454,1;26,9;12,6;27;25,6;14,1;11,1;47;38;41;30;6,8;3,5;
2019/09/27;1800 UTC;0;957,9;958,6;957,9;2852;27,2;10,8;27,5;26,4;12,6;9,8;41;34;36;30;6,8;2;
2019/09/27;1900 UTC;0;957,8;958;957,8;2110,3;26,9;9,3;27,8;26,5;11,7;9,3;39;33;33;36;4,9;2,3;
2019/09/27;2000 UTC;0;957,8;957,8;957,7;1012,7;26,4;10;27,3;26,4;11,1;9;37;32;36;26;5,3;2,9;
2019/09/27;2100 UTC;0;958,3;958,3;957,8;151,5;24,3;10,9;26,4;24,3;10,9;10;43;35;43;32;7,1;3,2;
2019/09/27;2200 UTC;0;958,7;958,7;958,3;1,8;21;11,9;24,3;21;11,9;11;56;43;56;359;6,7;2;
2019/09/27;2300 UTC;0;959,3;959,3;958,7;;20,3;11,7;21,3;20,3;12,1;11,6;58;55;58;341;6;3,8;
2019/09/28;0000 UTC;0;960,4;960,5;959,3;;19,5;12,2;20,6;19,3;12,3;11,8;64;58;63;359;8,5;4,1;
2019/09/28;0100 UTC;0;960,8;960,8;960,4;;18,5;11,4;19,8;18,4;12,2;11,3;64;60;64;353;11,9;6,4;
2019/09/28;0200 UTC;0;960,8;961;960,8;;17,3;11,7;18,4;17,2;11,7;11,4;70;64;70;345;10,9;6;
2019/09/28;0300 UTC;0;961,1;961,1;960,8;;16,3;11,4;17,4;16,3;11,8;11,4;73;69;73;354;9,5;3,6;
2019/09/28;0400 UTC;0;960,6;961,1;960,6;;15,6;10,8;16,4;15,6;11,4;10,8;73;72;73;353;8,3;4,3;
2019/09/28;0500 UTC;0;960,2;960,6;960,2;;15,1;10,8;15,7;14,8;10,9;10,7;77;73;76;355;7,7;4;
2019/09/28;0600 UTC;0;960,1;960,2;960;;14;10,7;15,1;14;10,9;10,6;80;76;80;7;7,1;2,3;
2019/09/28;0700 UTC;0;960,2;960,3;960;;13,8;10,7;14,4;13,8;10,8;10,6;81;78;81;9;4,9;2,6;
2019/09/28;0800 UTC;0;960,3;960,3;960,1;;13,1;10,6;13,9;13,1;10,8;10,6;85;81;85;10;4,5;2,2;
2019/09/28;0900 UTC;0;960,6;960,6;960,2;;12,4;10,4;13,3;12,3;10,8;10,3;88;84;88;358;3,5;1,8;
2019/09/28;1000 UTC;0;961,2;961,2;960,6;284,4;13,8;11,5;13,8;12,3;11,5;10,4;88;85;86;359;3,6;2,1;
2019/09/28;1100 UTC;0;961,4;961,5;961,2;1191;16,9;12,1;16,9;13,8;12,6;11,4;86;74;74;349;7,3;3,7;
2019/09/28;1200 UTC;0;961,8;961,9;961,4;2104,8;19,8;12,4;20,6;16,8;13,4;12,1;75;61;62;347;8,5;4,2;
2019/09/28;1300 UTC;0;961,9;961,9;961,7;2861,6;22,6;13;22,8;19,8;13,6;12,5;64;54;55;351;8,1;4,7;
2019/09/28;1400 UTC;0;961,4;961,9;961,4;3365,9;24,1;12,9;24,9;22,6;14,2;12,5;56;48;50;2;8;2,4;
2019/09/28;1500 UTC;0;960,6;961,4;960,6;3606,6;26,2;13,9;26,4;24,1;14,5;12,7;51;45;47;7;6,5;2,3;
2019/09/28;1600 UTC;0;959,5;960,6;959,5;3657;27,8;13,7;27,8;25,9;14,4;12,7;47;41;42;50;6;1,8;
2019/09/28;1700 UTC;0;958,5;959,5;958,5;2796;28,1;13,2;28,4;26,7;14,1;11,9;43;37;40;95;4,5;1,8;
2019/09/28;1800 UTC;0;957,7;958,5;957,7;2150,7;28,3;12;28,6;26,9;13,5;10,8;40;34;36;73;4,5;,5;
2019/09/28;1900 UTC;0;957,3;957,7;957,3;1952,7;28,5;12,2;28,8;27,6;12,9;11;38;35;36;47;5,4;1,7;
2019/09/28;2000 UTC;0;957,3;957,3;957,2;1025;27,8;11,3;28,7;27,7;12,7;11;38;34;36;82;6,1;2,5;
2019/09/28;2100 UTC;0;957,5;957,5;957,3;153;26;11,6;27,8;25,9;11,9;10,7;41;35;41;56;5,5;1,9;
2019/09/28;2200 UTC;0;957,8;957,9;957,5;1,9;23,5;12,5;26;23,3;12,6;11,5;51;40;50;40;3,6;1,3;
2019/09/28;2300 UTC;0;958,3;958,3;957,8;;22;12,4;23,9;22;12,6;12,2;55;48;55;6;5,2;2,1;
2019/09/29;0000 UTC;0;959;959;958,3;;20;13,1;21,9;20;13,4;12,4;64;55;64;6;6,2;2,8;
2019/09/29;0100 UTC;0;959,4;959,5;959;;18,9;12,9;20,1;18,8;13,1;12,9;69;64;68;5;7;2,8;
2019/09/29;0200 UTC;0;959,6;959,6;959,4;;17,8;12,8;19;17,7;13;12,7;73;68;72;8;4,9;3;
2019/09/29;0300 UTC;0;959,6;959,7;959,5;;16,6;12,5;17,9;16,6;12,8;12,5;77;72;77;5;6,7;2,9;
2019/09/29;0400 UTC;0;959,2;959,6;959,2;;15,5;12,3;16,6;15,4;12,6;12,3;82;77;82;359;5,3;2,9;
2019/09/29;0500 UTC;0;958,8;959,2;958,8;;14,2;11,9;15,5;14,2;12,4;11,8;86;82;86;352;5,2;2,1;
2019/09/29;0600 UTC;0;958,4;958,8;958,4;;13,5;11,6;14,4;13,5;12;11,5;88;85;88;357;4,3;1,9;
2019/09/29;0700 UTC;0;958;958,4;958;;13,1;11,4;13,6;13,1;11,7;11,3;89;88;89;358;3,4;2,1;
2019/09/29;0800 UTC;0;958,4;958,4;958;;12,5;11;13,3;12,4;11,6;10,9;91;89;91;4;3,4;1,2;
2019/09/29;0900 UTC;0;958,7;958,7;958,4;;12;10,8;12,5;11,9;11,2;10,5;92;91;92;357;2,8;1,5;
2019/09/29;1000 UTC;0;959;959;958,7;295,6;13,3;12;13,4;11,8;12;10,6;93;91;91;357;3,2;1,8;
2019/09/29;1100 UTC;0;959,5;959,5;959;1239,3;16,5;13,1;16,5;13,3;13,1;12;91;80;80;2;4,4;2,3;
2019/09/29;1200 UTC;0;959,7;959,8;959,5;2177,2;19,1;12,9;19,1;16,1;13,3;12,4;81;67;67;23;5,7;2,9;
2019/09/29;1300 UTC;0;959,4;959,7;959,3;2945,3;22;12,7;22,2;18,8;13,7;12,3;69;55;55;360;5,6;3,2;
2019/09/29;1400 UTC;0;958,9;959,4;958,9;3460;25,1;12;25,1;22;14,3;11,7;58;44;44;3;5,4;2,8;
2019/09/29;1500 UTC;0;958,1;958,9;958,1;3704,4;28,2;9,6;28,2;25,1;12,8;7,5;44;29;31;8;5,4;1,9;
2019/09/29;1600 UTC;0;957,3;958,1;957,3;3750;28,9;5,8;29,1;27,8;9,8;5;32;22;23;81;4,7;1,1;
2019/09/29;1700 UTC;0;956,2;957,3;956,1;3441,5;29,4;5,4;29,5;28,7;8,8;5,4;28;22;22;50;6,4;1,8;
2019/09/29;1800 UTC;0;955,2;956,2;955,2;2897,2;30,2;6,6;30,7;29,2;8,4;5,7;26;22;23;82;4,8;2,4;
2019/09/29;1900 UTC;0;954,8;955,2;954,8;2148,8;30,6;8,1;30,6;29,8;8,1;5,5;25;21;25;283;5,7;,9;
2019/09/29;2000 UTC;0;955,1;955,1;954,8;1029,4;29,3;3,7;31,2;29,3;7,3;3,4;25;19;20;32;6,5;3,6;
2019/09/29;2100 UTC;0;955,3;955,3;955,1;141,1;26,7;5,7;29,3;26,7;6,2;4,1;27;20;26;44;6,5;2,4;
2019/09/29;2200 UTC;0;955,6;955,6;955,2;2,2;24,6;6;26,9;24,5;6,1;5,4;31;25;30;16;4,9;2,1;
2019/09/29;2300 UTC;0;955,9;955,9;955,6;;22,9;7,1;24,6;22,9;7,1;5,8;36;30;36;7;3,7;2,3;
2019/09/30;0000 UTC;0;956,6;956,6;955,9;;21,5;9,3;23,1;21,3;9,3;7,1;46;36;46;4;4,6;1,7;
2019/09/30;0100 UTC;0;957;957;956,6;;20,3;9,6;21,5;20,3;9,7;9,2;50;46;50;6;3,2;1,5;
2019/09/30;0200 UTC;0;957,4;957,4;957;;19,1;10,5;20,9;19,1;10,5;9,6;57;49;57;354;4,1;2,1;
2019/09/30;0300 UTC;0;957,1;957,4;957,1;;18,1;11,3;19,6;18,1;11,3;10,5;64;56;64;354;3,2;1,8;
2019/09/30;0400 UTC;0;956,9;957,1;956,9;;18,6;12,2;18,6;18;12,2;11,3;67;64;66;345;2,7;1,3;
2019/09/30;0500 UTC;0;956,5;956,9;956,5;;17,3;12;18,7;17,2;12,3;11,9;72;66;71;349;2,6;,9;
2019/09/30;0600 UTC;0;956,1;956,5;956,1;;16,5;11,6;17,3;16,5;11,9;11,6;73;70;73;353;2,2;,9;
2019/09/30;0700 UTC;0;956,2;956,2;955,8;;15,9;11,4;16,6;15,8;11,6;11;74;72;74;15;2,5;1,2;
2019/09/30;0800 UTC;0;956,7;956,7;956,2;;16,3;10,1;16,9;15,8;11,7;10;76;66;67;328;2,3;,2;
2019/09/30;0900 UTC;0;957,2;957,2;956,7;;15,5;9,9;16,5;15,1;10,2;9,8;72;66;69;276;1,7;,2;
2019/09/30;1000 UTC;0;957,5;957,6;957,2;317,7;15,9;11,5;15,9;14,9;11,6;9,9;77;69;75;355;1,9;,6;
2019/09/30;1100 UTC;0;958,3;958,3;957,5;1250,4;19,2;11,5;19,2;15,9;12,5;10,9;77;59;61;353;3,6;2,2;
2019/09/30;1200 UTC;0;958,3;958,3;958,2;2151,7;24,3;13,5;24,3;19,2;13,8;10,9;61;51;51;318;6,3;2,9;
2019/09/30;1300 UTC;0;958,2;958,3;958,2;2890,5;27,7;14,1;27,7;24,1;14,5;12,9;53;42;43;315;6,9;3,3;
2019/09/30;1400 UTC;0;957,6;958,2;957,6;3393;30,3;11,8;30,3;27,3;14;10,7;43;31;32;295;7,7;4,6;
2019/09/30;1500 UTC;0;957;957,6;957;3639,8;31,4;11,1;31,7;29,7;12;9,7;32;27;29;277;10;3;
2019/09/30;1600 UTC;0;955,9;957;955,9;3639,2;32,5;11,2;32,8;30,8;11,8;9,3;29;25;27;296;7,5;2,9;
2019/09/30;1700 UTC;0;955;956;955;3347,2;32,1;9,8;32,8;31,5;11,3;9,2;28;25;25;331;7,5;2,8;
2019/09/30;1800 UTC;0;954,3;955;954,3;2814,5;32,6;10,2;33,3;32;11,5;9,5;28;24;25;291;5,9;2;
2019/09/30;1900 UTC;0;954;954,3;954;2082,3;33,1;10,2;33,2;32,5;11;9,3;27;24;25;103;5,9;1,1;
2019/09/30;2000 UTC;0;953,8;954;953,7;1006,2;31,7;10;33,5;31,7;10,9;9,1;27;23;26;198;4,1;1,1;
2019/09/30;2100 UTC;0;953,9;953,9;953,7;146,6;28,6;11,3;31,7;28,6;11,6;9,9;34;26;34;25;3,4;,3;
2019/09/30;2200 UTC;0;954,3;954,3;953,9;1;26,9;11;28,6;26,9;11,6;11;38;34;37;49;1,6;0;
2019/09/30;2300 UTC;0;954,5;954,5;954,3;;25,3;10,8;27,5;25,1;11,9;10,3;42;35;40;359;3,6;1,6;
2019/10/01;0000 UTC;0;955,1;955,1;954,5;;23,4;10,8;25,4;23,4;11;10,6;45;40;45;356;3,6;1,1;
2019/10/01;0100 UTC;0;955,5;955,5;955,1;;21,8;10,4;23,3;21,4;10,9;10,3;50;45;48;10;2,2;1,3;
2019/10/01;0200 UTC;0;955,9;955,9;955,5;;20,9;9,7;22;20,5;10,5;9,6;51;47;49;9;3,4;2,1;
2019/10/01;0300 UTC;0;955,7;955,9;955,7;;20,9;10,3;21,1;20,3;10,3;9;51;46;51;15;3,9;2,6;
2019/10/01;0400 UTC;0;955,5;955,7;955,5;;18,9;11,6;20,9;18,9;11,6;10,3;63;51;63;1;3,9;1,7;
2019/10/01;0500 UTC;0;955,3;955,5;955,3;;17,5;11,6;18,9;17,2;11,9;11,3;69;63;68;8;3;1,4;
2019/10/01;0600 UTC;0;954,8;955,3;954,8;;17;11,9;17,7;17;12;11,5;72;68;72;357;2,6;1,7;
2019/10/01;0700 UTC;0;954,9;955;954,8;;16,4;13,4;17,3;16,4;13,9;11,7;82;72;82;4;3,1;2,1;
2019/10/01;0800 UTC;0;955,4;955,4;954,8;;15,8;13,4;16,4;15,8;13,8;13,3;86;82;86;349;3;1;
2019/10/01;0900 UTC;0;956;956;955,4;;15;12,8;16;15;13,6;12,7;87;84;87;14;2,1;,3;
2019/10/01;1000 UTC;0;956,3;956,3;955,9;305,2;16,6;14,1;16,6;14,9;14,1;12,8;88;84;85;350;2,5;1,1;
2019/10/01;1100 UTC;0;956,9;956,9;956,3;1225,1;20,3;14,4;20,3;16,6;15;13,8;85;69;69;356;3,6;1,8;
2019/10/01;1200 UTC;0;957;957,2;956,9;2123,1;25,7;15,3;25,7;20,3;15,3;14,1;70;51;53;306;6,2;3,5;
2019/10/01;1300 UTC;0;956,9;957,1;956,9;2861,7;30,1;14,6;30,1;25,7;15,6;14,2;52;39;39;265;6,5;3,4;
2019/10/01;1400 UTC;0;956,5;957;956,5;3349,8;32,1;14,1;32,4;30,1;14,9;13,2;40;32;34;261;7,9;4;
2019/10/01;1500 UTC;0;955,8;956,5;955,8;3569,4;33,9;13,2;34,6;31,1;14,5;12,5;35;28;29;238;7,9;1,9;
2019/10/01;1600 UTC;0;955,1;955,9;955,1;3555,2;35;12,2;35,3;33,6;14;12,1;30;25;25;222;6,9;2,5;
2019/10/01;1700 UTC;0;954,1;955,1;954,1;3290,1;35,3;11,6;35,5;34,3;13,4;10,1;27;22;24;150;7,4;2;
2019/10/01;1800 UTC;0;953,5;954,1;953,5;2745,8;36,1;9,8;36,4;34,7;11,7;9,4;25;20;20;236;5,4;1,8;
2019/10/01;1900 UTC;0;953,1;953,5;953,1;2061,2;35,4;9,6;36,3;35,1;10,9;8,9;23;20;21;46;6,7;1,3;
2019/10/01;2000 UTC;0;953,1;953,2;953,1;1078,9;34,8;9,2;35,7;34,8;10,4;7,6;22;19;21;92;5,2;3;
2019/10/01;2100 UTC;0;953,4;953,4;953,1;171,7;31,8;10,4;34,8;31,8;10,4;8,6;27;20;27;49;4,8;0;
2019/10/01;2200 UTC;0;953,6;953,6;953,4;2,4;29,8;10,6;31,8;29,8;10,7;10,2;30;27;30;65;0;0;
2019/10/01;2300 UTC;0;953,9;953,9;953,5;;28,7;10,5;30;28,7;10,9;10,4;32;30;32;342;1,2;0;
2019/10/02;0000 UTC;0;954,3;954,3;953,9;;27;11,1;28,7;27;11,1;10,4;37;32;37;328;1,8;,4;
2019/10/02;0100 UTC;0;954,6;954,6;954,3;;25,5;10,8;27;25,5;11,2;10,5;40;36;40;352;2,8;0;
2019/10/02;0200 UTC;0;955;955;954,6;;24,5;11,2;25,5;23,8;12,1;10,9;48;40;43;356;3;,5;
2019/10/02;0300 UTC;0;955,2;955,3;955;;22,8;12;24,6;22,5;12;11,1;51;43;51;3;3,4;1,4;
2019/10/02;0400 UTC;0;955,1;955,2;955;;22,5;11,4;23,3;22,1;12;11,3;53;47;49;316;2,5;0;
2019/10/02;0500 UTC;0;955,2;955,2;955,1;;20,6;13;22,7;20,6;13;11,3;62;49;62;19;,9;0;
2019/10/02;0600 UTC;0;954,6;955,2;954,6;;20,3;13,7;21,3;20,3;13,8;12,2;66;57;66;348;,3;0;
2019/10/02;0700 UTC;0;954;954,6;954;;19,7;12,4;21,5;19,7;13,6;11,8;66;55;63;258;3,4;1,4;
2019/10/02;0800 UTC;0;954,3;954,3;953,9;;18,4;12,9;19,7;18,1;13;12,4;72;63;70;354;2,4;0;
2019/10/02;0900 UTC;0;955;955;954,3;;18,5;12,8;18,8;18,3;13;12,7;71;68;69;348;2,1;0;
2019/10/02;1000 UTC;0;956,1;956,1;955;297,9;20,2;13,8;20,2;18,4;14,4;12,8;72;67;67;345;2,1;0;
2019/10/02;1100 UTC;0;956,8;956,8;956,1;1174,1;23,7;14,7;23,7;20,2;14,7;13,5;67;57;57;334;3,4;2;
2019/10/02;1200 UTC;0;957,3;957,3;956,8;2054,9;28,3;15,3;28,6;23,7;15,9;14,4;57;44;45;264;5;1,6;
2019/10/02;1300 UTC;0;957,5;957,5;957,3;2778,1;31,8;14;31,8;27,9;16,2;13,8;47;34;34;233;4,8;1,9;
2019/10/02;1400 UTC;0;957,3;957,5;957,3;3250,1;34,4;13,5;34,5;31,6;15,6;12,9;36;28;28;206;5,7;1,5;
2019/10/02;1500 UTC;0;956,6;957,3;956,6;3468,4;35,7;12,2;36,1;33,7;14,1;12,1;29;24;24;174;7,6;3,2;
2019/10/02;1600 UTC;0;955,7;956,6;955,7;3486,1;36;12,2;36,6;34,5;13,4;10,7;27;23;24;186;7,6;2,5;
2019/10/02;1700 UTC;0;954,8;955,7;954,8;3096,9;36,5;12;36,6;35,5;13,1;11,6;26;23;23;126;7,8;3,4;
2019/10/02;1800 UTC;0;954;954,9;954;2692;36,6;12,2;37,2;35,9;13,1;11,4;25;21;23;147;7,8;2,1;
2019/10/02;1900 UTC;0;953,6;954;953,6;1949,2;35,6;10,5;36,7;35,5;12,6;10,5;24;22;22;120;6,4;2,8;
2019/10/02;2000 UTC;0;953,4;953,6;953,4;908,6;35,2;11,9;35,9;35,1;12;10,2;25;21;24;65;5,3;1,1;
2019/10/02;2100 UTC;0;953,5;953,5;953,4;142,4;32,5;11,6;35,4;32,5;12,4;10,6;28;23;28;161;3,8;,9;
2019/10/02;2200 UTC;0;953,7;953,7;953,5;,8;31,1;11,7;32,5;31,1;11,7;11,4;31;28;30;161;2,3;1;
2019/10/02;2300 UTC;0;954,3;954,3;953,7;;30,2;12,1;31,1;30,1;12,1;11,6;33;30;33;169;3;1,5;
2019/10/03;0000 UTC;0;955;955;954,3;;29,8;11,8;30,2;29,5;12,1;11,8;34;33;33;171;3,2;1,6;
2019/10/03;0100 UTC;0;955,5;955,5;955;;29,3;11,8;29,8;28,9;11,9;11,6;35;33;34;164;3,6;1,7;
2019/10/03;0200 UTC;0;955,7;955,7;955,4;;28,7;12,1;29,5;28,7;12,2;11,7;36;34;36;163;4,1;1,6;
2019/10/03;0300 UTC;0;955,7;955,8;955,7;;26,6;12,9;28,8;25,5;13,3;12,1;46;36;43;96;3,3;0;
2019/10/03;0400 UTC;0;956;956,1;955,6;;25,7;14,9;26,9;24,9;14,9;12,9;51;42;51;93;7,7;4,1;
2019/10/03;0500 UTC;0;956,1;956,2;956;;25,1;16,2;25,7;25,1;16,4;14,9;58;51;58;45;7,7;3;
2019/10/03;0600 UTC;0;955,5;956,2;955,5;;24,8;16,3;25,2;24,8;16,3;16,2;59;58;59;37;6,4;3,8;
2019/10/03;0700 UTC;0;955,3;955,5;955,1;;24,1;16,4;25,4;24,1;16,4;16,3;62;57;62;40;9;2,5;
2019/10/03;0800 UTC;0;955,8;955,8;955,3;;22,7;16,5;24,2;22,5;16,7;16,3;69;62;68;16;4,7;1,6;
2019/10/03;0900 UTC;0;956,5;956,5;955,8;;22,7;16,6;23,3;22,3;16,7;16,4;69;66;68;11;3,8;1,8;
2019/10/03;1000 UTC;0;957;957;956,4;208,7;23,9;17,3;23,9;22,7;17,3;16,6;69;66;67;31;3,5;,4;
2019/10/03;1100 UTC;0;957,8;957,8;957;1259;25,8;17,7;26,1;23,9;18;17;67;60;61;3;5,9;3,5;
2019/10/03;1200 UTC;0;958;958;957,6;1756;28,5;16;28,5;25,7;18,4;16;62;47;47;349;7,5;4;
2019/10/03;1300 UTC;0;958;958,1;957,9;2811,6;31,4;14,3;31,4;28,3;16,5;14,1;48;35;35;347;7,8;3,9;
2019/10/03;1400 UTC;0;957,7;958;957,7;3260,7;33,3;11,9;33,7;31,1;14,6;11,5;36;26;27;357;8,2;4,5;
2019/10/03;1500 UTC;0;957,1;957,8;957,1;3492,6;34;8,9;35,3;33;12,6;8,9;28;21;21;335;8,8;4,5;
2019/10/03;1600 UTC;0;956,2;957,1;956,2;3530;35,6;10,4;36;34;11,5;7,4;24;18;22;352;8,6;3,3;
2019/10/03;1700 UTC;0;955,4;956,2;955,3;3182;35,7;8,3;36,4;35;11,4;7,5;23;18;19;339;8,2;3,8;
2019/10/03;1800 UTC;0;954,7;955,4;954,7;2821,3;36,7;6,4;37,2;35,6;9,8;6,2;20;16;16;349;8,1;4,1;
2019/10/03;1900 UTC;0;954,4;954,8;954,4;2066,6;35,3;6,9;36,7;35;8,6;5,6;19;15;17;357;8;3,5;
2019/10/03;2000 UTC;0;954,6;954,6;954,4;933,8;33,9;7,9;35,3;33,9;9;6,9;20;17;20;15;7,5;3,2;
2019/10/03;2100 UTC;0;955;955;954,6;146,2;30,9;5,1;33,9;30,9;7,6;5,1;20;19;20;10;6,5;2,3;
2019/10/03;2200 UTC;0;955,6;955,6;955;;27,4;6,3;31;27,3;6,3;5;26;20;26;358;5,5;2,3;
2019/10/03;2300 UTC;0;956,5;956,5;955,6;;25,4;7,6;27,5;25,2;7,6;6,4;32;26;32;355;5,3;2,3;
2019/10/04;0000 UTC;0;957,5;957,5;956,5;;24,3;12,3;25,4;24,3;12,3;7,9;47;32;47;2;7,4;4,3;
2019/10/04;0100 UTC;0;958,2;958,2;957,5;;22,5;13,5;24,4;22,5;13,6;12,5;57;47;57;5;9,3;4,4;
2019/10/04;0200 UTC;0;958,5;958,5;958,2;;20,9;13,5;22,6;20,9;13,8;13,5;62;57;62;1;7,9;5;
2019/10/04;0300 UTC;0;958,5;958,6;958,3;;19,2;13,9;20,9;19,2;14;13,5;71;62;71;11;9,6;5,5;
2019/10/04;0400 UTC;0;958,1;958,5;958,1;;17,7;13;19,3;17,7;13,9;13;74;71;74;17;9,6;5,2;
2019/10/04;0500 UTC;0;957,8;958,1;957,7;;16,4;12,2;17,7;16,4;13;12,2;76;74;76;5;9,6;3,9;
2019/10/04;0600 UTC;0;957,6;957,9;957,6;;15,6;11,8;16,4;15,4;12,2;11,6;79;76;78;360;7,7;4;
2019/10/04;0700 UTC;0;957,7;957,7;957,6;;15;11,4;15,6;15;11,7;11,4;79;78;79;7;6,5;3,2;
2019/10/04;0800 UTC;0;958,1;958,1;957,6;;14,4;11,6;15,1;14,1;11,7;11,2;83;79;83;5;5,8;2,6;
2019/10/04;0900 UTC;0;958,3;958,3;958,1;;13,9;11,5;14,5;13,7;11,8;11,3;86;83;86;357;4,6;2,8;
2019/10/04;1000 UTC;0;959;959;958,3;347,6;15,6;12,2;15,6;13,6;12,3;11,2;86;80;81;357;4;2,4;
2019/10/04;1100 UTC;0;959,6;959,6;959;1281,5;18,7;12,7;18,9;15,5;13;12,2;81;67;68;344;6,6;4,3;
2019/10/04;1200 UTC;0;959,3;959,7;959,3;2190;23;13,5;23;18,7;13,5;12,5;68;54;55;343;7;3,1;
2019/10/04;1300 UTC;0;959;959,3;958,9;2928,9;26,5;11,8;27,3;23;14,1;11,4;55;38;40;302;6,5;3,6;
2019/10/04;1400 UTC;0;958,5;959;958,5;3406,8;30,2;11,7;30,2;26,5;12,6;11;41;32;32;291;6,5;2,4;
2019/10/04;1500 UTC;0;957,5;958,5;957,5;3591;32,2;10;33;29,5;12,1;9,7;33;24;26;237;6;2;
2019/10/04;1600 UTC;0;956,7;957,5;956,7;3632;34,1;8,5;34,5;32,1;11;7,2;26;19;21;262;6,7;2,5;
2019/10/04;1700 UTC;0;955,6;956,7;955,6;3364,3;34,6;5,7;35,2;33,5;7,8;3,8;21;15;17;28;5,4;1,5;
2019/10/04;1800 UTC;0;954,7;955,6;954,7;2812,3;34,8;5,1;35,4;34,2;6,4;3,3;17;14;16;26;4,4;1,4;
2019/10/04;1900 UTC;0;954,2;954,7;954,2;2111,5;34,4;3,6;35,4;34,3;5,6;2,7;17;13;15;43;5,3;2,2;
2019/10/04;2000 UTC;0;954;954,2;953,9;953,9;33,9;4,3;34,8;33,9;6,3;2,1;18;13;16;350;4,5;1,4;
2019/10/04;2100 UTC;0;953,7;954;953,7;142,9;31;5,8;33,9;31;6,8;4,1;21;16;21;359;2,6;0;
2019/10/04;2200 UTC;0;954,1;954,1;953,7;1,2;29,1;5,7;31;28,9;6;4,9;23;20;23;56;1,7;,7;
2019/10/04;2300 UTC;0;954,8;954,8;954;;26,7;8,4;29,5;26,3;10,3;5,6;36;22;32;348;3,4;1,6;
2019/10/05;0000 UTC;0;955,5;955,5;954,8;;24,8;8,3;26,7;24,7;8,4;7,9;35;31;35;9;3,4;1,2;
2019/10/05;0100 UTC;0;956,1;956,1;955,5;;24,5;8,5;25;24,4;8,5;8;36;34;36;339;2,8;1,2;
2019/10/05;0200 UTC;0;956,2;956,2;956,1;;24,8;8,6;24,9;23,6;9,4;8,5;40;36;36;314;4,5;2,2;
2019/10/05;0300 UTC;0;956,1;956,3;956;;21,3;11,2;25;21,1;11,2;8,5;52;35;52;19;4,1;1,6;
2019/10/05;0400 UTC;0;956,1;956,3;956;;20,2;10,7;21,6;20,2;12,3;10,1;59;49;54;22;4,1;,2;
2019/10/05;0500 UTC;0;955,9;956,1;955,9;;19,2;12,3;20,4;19;12,3;10;64;52;64;16;2,7;1,6;
2019/10/05;0600 UTC;0;955,4;955,9;955,4;;18,7;13,1;19,8;18,7;13,1;12,4;70;63;70;5;3,8;2,1;
2019/10/05;0700 UTC;0;955,3;955,4;955,2;;17,9;13,8;18,8;17,8;14;13,2;78;70;77;11;3,1;1,6;
2019/10/05;0800 UTC;0;955,8;955,8;955,3;;17,9;14,9;17,9;17,5;15;13,4;83;76;83;352;2,4;,8;
2019/10/05;0900 UTC;0;956,5;956,5;955,8;;17;14,6;17,9;16,9;15,1;14,5;86;83;86;19;1,7;,1;
2019/10/05;1000 UTC;0;956,7;956,7;956,5;319,8;19,4;15,9;19,4;17;16;14,7;87;80;80;329;1,5;,2;
2019/10/05;1100 UTC;0;957,1;957,1;956,7;1204,4;22,7;16;22,7;19,4;16,7;15,9;80;66;66;342;3,1;1,3;
2019/10/05;1200 UTC;0;957;957,2;957;2110,2;27;13,1;27,1;22,7;16,3;12,5;66;42;42;257;6,3;2,8;
2019/10/05;1300 UTC;0;956,4;957;956,4;2844,9;31,7;12,1;31,7;27;13,9;11,7;43;30;30;236;7,1;1,9;
2019/10/05;1400 UTC;0;955,8;956,5;955,8;3335,8;33,4;11,1;34,2;30,8;12,4;10,8;31;25;26;220;7,5;2,4;
2019/10/05;1500 UTC;0;954,8;955,8;954,8;3573,3;35,3;10,7;35,3;33,1;11,3;9,6;26;22;22;199;6,9;2,4;
2019/10/05;1600 UTC;0;953,7;954,8;953,7;3550,7;34,9;7,1;36;34,1;11;6,8;23;17;18;202;8,7;2,5;
2019/10/05;1700 UTC;0;952,8;953,7;952,8;3259,8;35,7;7,3;36,7;34,7;9;6;20;16;18;175;7,5;2,2;
2019/10/05;1800 UTC;0;952,3;952,8;952,2;2750;36,2;5,8;36,7;34,9;8;5,3;18;15;15;208;7,5;1,9;
2019/10/05;1900 UTC;0;951,5;952,3;951,5;2006,5;36,3;7,6;36,3;35,3;7,8;4,8;18;14;17;197;5,2;1,4;
2019/10/05;2000 UTC;0;951,3;951,5;951,3;874,1;35,3;6,2;36,4;35,1;7,6;5;18;15;17;157;4,4;,5;
2019/10/05;2100 UTC;0;951,5;951,5;951,3;150,1;32,3;7;35,4;32,3;8;6,4;21;17;21;218;3;0;
2019/10/05;2200 UTC;0;952,2;952,2;951,5;1,6;30,4;7,9;32,3;30,3;8;7,2;25;21;25;243;1,7;1,2;
2019/10/05;2300 UTC;0;952,9;952,9;952,1;;30,4;7,8;30,5;29,4;8,2;7,7;26;24;24;186;1,7;,2;
2019/10/06;0000 UTC;0;953,7;953,7;952,9;;28,8;8;31,3;28,7;8,4;7,7;27;23;27;210;1,3;,3;
2019/10/06;0100 UTC;0;954,4;954,4;953,7;;27,1;9,2;28,8;26,4;11,7;8;39;27;32;135;,9;0;
2019/10/06;0200 UTC;0;954,1;954,4;954,1;;25,2;10,5;27,1;25,1;12;8,4;41;32;40;312;,9;,1;
2019/10/06;0300 UTC;0;954,1;954,2;953,9;;21,2;11,4;25,3;20,8;11,7;10,5;55;40;54;353;3,5;2,1;
2019/10/06;0400 UTC;0;953,9;954,3;953,8;;20,7;10,6;21,8;20,5;11,6;10,6;56;50;53;350;6,3;2,2;
2019/10/06;0500 UTC;0;953,9;954;953,8;;21;13,6;21,6;20,5;13,6;10,6;63;52;63;16;3,8;2,7;
2019/10/06;0600 UTC;0;953,6;953,9;953,4;;20;16;21,2;19,7;16,2;13,2;78;63;77;10;4,3;2,1;
2019/10/06;0700 UTC;0;953,9;953,9;953,6;;19,4;16,1;20,3;19,4;16,4;15,9;81;77;81;12;5,6;2,9;
2019/10/06;0800 UTC;0;954,3;954,3;953,8;;18,4;15,4;19,4;18,1;16,1;15,2;84;80;83;357;5,6;2,8;
2019/10/06;0900 UTC;0;955,2;955,2;954,3;;18,4;15,3;18,6;17,9;15,7;15,2;86;82;82;13;4,7;2,9;
2019/10/06;1000 UTC;0;956,4;956,4;955,2;314,6;19,4;15,6;19,4;18;15,7;15,1;84;79;79;4;4,7;2,6;
2019/10/06;1100 UTC;0;956,9;956,9;956,3;1164,4;21,8;16;21,9;19,4;16,1;15,5;79;69;70;2;7,1;3,8;
2019/10/06;1200 UTC;0;957;957,1;956,9;2032;24,7;15,9;25;21,9;16,5;15,6;70;57;58;340;7,3;4,6;
2019/10/06;1300 UTC;0;956,6;957,1;956,6;2761,5;28,6;16,4;28,6;24,6;16,7;15,7;58;48;48;335;7,7;3,5;
2019/10/06;1400 UTC;0;955,9;956,6;955,9;2631,8;31,1;14,7;31,2;28,6;16,2;14,5;48;37;37;295;6,9;2,3;
2019/10/06;1500 UTC;0;955;955,9;955;2899;34,8;13,7;34,8;31;15,1;12,8;38;28;28;252;8,2;3,4;
2019/10/06;1600 UTC;0;954,2;955;954,2;3428;35,4;13,2;35,9;33,6;14,2;12,4;30;26;26;199;7,6;2,2;
2019/10/06;1700 UTC;0;953,1;954,2;953,1;2317,4;33,7;13,1;36,8;33,7;14,3;12,7;30;25;29;202;8,4;2;
2019/10/06;1800 UTC;1,2;952,8;953,1;952,5;381,8;23,4;17,5;33,7;23,2;20,2;13;71;28;69;51;12,6;7,2;
2019/10/06;1900 UTC;3;952,9;953;952,4;416,1;23,5;17,2;26,4;22,1;18,1;15,5;71;54;68;313;14;5,5;
2019/10/06;2000 UTC;0;952,6;953;952,5;954,4;25,8;17,5;26,2;23,6;18,5;16,4;73;58;60;30;11,7;,4;
2019/10/06;2100 UTC;0;954,2;954,2;952,6;265,6;23;17,6;26,4;22,6;18,4;16,4;75;56;72;7;7,5;3,6;
2019/10/06;2200 UTC;0;955,4;955,4;954,2;3,2;22,1;18,4;23,4;22,1;18,4;17,3;80;69;80;358;8,4;4,1;
2019/10/06;2300 UTC;0;956,2;956,2;955,4;;21,7;17,1;22,3;21,6;18,6;17,1;81;75;75;347;10,1;4,9;
2019/10/07;0000 UTC;0;958,1;958,2;956,2;;20,6;16,7;21,7;20,5;17;16,6;79;74;78;354;8,9;3,9;
2019/10/07;0100 UTC;0;958,4;958,5;958,1;;20,1;16,8;20,6;20,1;17,1;16,7;82;78;81;8;6,3;3,3;
2019/10/07;0200 UTC;0;958,5;958,7;958,4;;18,7;15,6;20,2;18,7;16,8;15,6;83;80;83;6;7,5;4,7;
2019/10/07;0300 UTC;0;958,7;958,7;958,4;;18,2;15,1;18,7;18,1;15,6;15,1;83;82;82;14;8,3;4,4;
2019/10/07;0400 UTC;0;958,4;958,7;958,3;;18;14,8;18,3;18;15,1;14,8;83;81;82;12;8,2;4,3;
2019/10/07;0500 UTC;0;957,6;958,4;957,6;;17,6;14,8;18;17,6;14,9;14,7;83;82;83;6;8,8;3,9;
2019/10/07;0600 UTC;0;957;957,6;956,9;;17,5;14,7;17,7;17,4;14,8;14,7;84;83;84;8;7,9;3,6;
2019/10/07;0700 UTC;0;957,1;957,2;956,8;;17,5;14,8;17,5;17,4;14,8;14,7;85;84;84;355;7,6;2,2;
2019/10/07;0800 UTC;0;957,3;957,3;956,8;;17,3;15,1;17,5;17,2;15,1;14,8;87;84;87;356;4,7;,8;
2019/10/07;0900 UTC;0;957,6;957,6;957,2;;17,2;15;17,3;17;15,1;14,9;88;87;87;8;4,5;2,3;
2019/10/07;1000 UTC;0;958;958;957,6;127,3;17,9;15;17,9;17,2;15,1;14,9;87;83;83;10;5,1;2,9;
2019/10/07;1100 UTC;0;958,5;958,5;958;524,2;19;15,3;19,1;17,9;15,6;14,9;83;79;79;8;5,3;2,8;
2019/10/07;1200 UTC;0;958,7;958,9;958,5;1506,7;21;15,9;21,2;19;16,3;15,3;80;72;73;349;6,7;3;
2019/10/07;1300 UTC;0;958,9;958,9;958,7;1812,9;23,2;16,6;23,5;21;17,1;15,8;73;65;66;20;5,9;3;
2019/10/07;1400 UTC;0;958,6;958,9;958,6;2154,4;23,8;16,9;24,9;23;17,6;16,2;68;61;65;37;6,1;2,5;
2019/10/07;1500 UTC;0;957,9;958,6;957,9;3085,4;26,4;17,2;26,9;23,9;17,6;16,4;65;55;57;17;5,3;2,6;
2019/10/07;1600 UTC;0;957,1;957,9;957,1;3492;27,9;16,5;28,6;26,2;17,7;16,2;58;49;50;48;5,1;1,9;
2019/10/07;1700 UTC;0;956,1;957,1;956,1;3073,6;28,6;16,2;29,2;27,4;17,4;16,2;53;47;47;23;5,1;1,8;
2019/10/07;1800 UTC;0;955,4;956,1;955,4;2674,7;29,2;15,7;30,2;28,5;16,9;15,4;48;42;44;42;6,9;3,5;
2019/10/07;1900 UTC;0;955,3;955,4;955,2;1984,6;28,1;16,3;30,1;28;16,8;15,5;49;43;49;31;8,4;4,9;
2019/10/07;2000 UTC;0;955,3;955,3;955,2;855,7;28,1;16,4;28,8;28;16,6;15,9;49;47;49;24;8,2;3,6;
2019/10/07;2100 UTC;0;955,7;955,7;955,2;196;26;16,3;28,1;26;16,5;16,2;55;49;55;31;8,4;5,3;
2019/10/07;2200 UTC;0;956,6;956,6;955,7;6,6;23,5;16,1;26;23,5;16,5;16,1;63;55;63;8;8,9;4,3;
2019/10/07;2300 UTC;0;957,8;957,8;956,6;;22;15,4;23,6;22;16,2;15,4;67;63;66;12;10,1;5,9;
2019/10/08;0000 UTC;0;958,4;958,5;957,8;;20,8;15;22;20,8;15,4;15;70;67;70;9;10,3;4,6;
2019/10/08;0100 UTC;0;958,7;958,7;958,4;;19,9;14,7;20,8;19,9;15,1;14,7;72;70;72;8;10,3;3,6;
2019/10/08;0200 UTC;0;958,5;958,8;958,5;;19,1;14,8;19,9;19;14,8;14,7;77;72;77;354;7,3;3;
2019/10/08;0300 UTC;0;958,5;958,7;958,4;;18,2;15;19,1;18,2;15,1;14,8;82;77;82;357;5,4;2,4;
2019/10/08;0400 UTC;0;957,4;958,5;957,4;;17,6;14,9;18,3;17,6;15,1;14,8;84;81;84;349;4;2,3;
2019/10/08;0500 UTC;0;956,9;957,5;956,9;;17,7;15,2;18,1;17,5;15,3;14,9;86;83;85;336;3,6;1,4;
2019/10/08;0600 UTC;0;956,7;957,1;956,7;;18,2;15,2;18,4;17,7;15,3;15,2;85;82;83;25;3,6;1,8;
2019/10/08;0700 UTC;0;956,3;956,7;955,9;;18,4;15;18,4;17,8;15,3;15;84;81;81;13;4,7;2,7;
2019/10/08;0800 UTC;0;956,9;956,9;956,3;;17,8;15,3;18,4;17,8;15,4;15,1;85;81;85;4;4,7;1,9;
2019/10/08;0900 UTC;0;957,7;957,8;956,9;;18,2;14,9;18,3;17,8;15,4;14,9;85;81;81;14;4,5;2,5;
2019/10/08;1000 UTC;0;958,2;958,2;957,6;119,4;18,5;15;18,5;18;15,2;14,8;82;80;80;2;4,8;2,1;
2019/10/08;1100 UTC;0;959,6;959,6;958,2;172,5;19,1;15,4;19,1;18,5;15,4;15,1;81;79;79;14;3,7;1,8;
2019/10/08;1200 UTC;0;959,9;960,1;959,6;455,8;20,1;15,2;20,2;19;15,6;15;80;73;73;9;4,8;2,4;
2019/10/08;1300 UTC;0;959,9;960,2;959,9;753,3;21,4;16;21,4;20;16,5;15,1;77;72;72;360;4,8;2,2;
2019/10/08;1400 UTC;0;959,6;959,9;959,5;1880,7;23,3;16,5;23,3;21,4;16,9;15,8;72;65;66;34;4,5;,9;
2019/10/08;1500 UTC;0;959;959,6;959;2192,7;24,9;16,6;26;23,3;17,6;16,3;66;58;60;18;4;1,5;
2019/10/08;1600 UTC;0;958,5;959;958,5;2120;25,7;17;26,9;24,9;17,6;16,8;62;55;59;59;4;1,9;
2019/10/08;1700 UTC;0;957,8;958,5;957,8;1425,8;26,5;17,5;27;25,7;17,8;17;60;56;58;23;3,8;1,7;
2019/10/08;1800 UTC;0;957,4;957,9;957,4;1001,7;26,4;17,3;26,6;26;17,6;16,9;59;56;57;62;6,8;2,6;
2019/10/08;1900 UTC;0;957,1;957,5;957,1;1148,4;25,2;18,1;26,6;24,9;18,1;16,8;65;56;64;52;9;4,4;
2019/10/08;2000 UTC;0;957,2;957,3;957,1;474,3;23,2;18;25,3;23,2;18,2;17,5;73;64;73;7;7,5;2,5;
2019/10/08;2100 UTC;0;957,9;958;957,1;120,1;22,7;17,8;23,2;22,7;18,1;17,7;74;72;74;25;4,6;1,9;
2019/10/08;2200 UTC;0;958,3;958,3;957,9;1,8;22,1;17,9;22,7;22,1;17,9;17,7;77;74;77;5;5,2;2,6;
2019/10/08;2300 UTC;0;959;959;958,3;;21,8;17,7;22,1;21,7;17,9;17,7;78;77;78;355;6,6;2,7;
2019/10/09;0000 UTC;0;959,6;959,6;959;;21,2;17,7;21,8;21,1;17,7;17,6;81;78;80;332;5,5;1,5;
2019/10/09;0100 UTC;0;959,9;959,9;959,6;;20,9;17,7;21,3;20,7;17,8;17,6;83;80;82;21;4,1;2,3;
2019/10/09;0200 UTC;0;959,9;960,1;959,8;;20,7;17,2;21;20,7;17,8;17,2;82;81;81;6;4,5;2,6;
2019/10/09;0300 UTC;0;959,5;959,9;959,5;;20,3;17,2;20,7;20,2;17,2;17,1;82;81;82;9;4,1;2;
2019/10/09;0400 UTC;0;959,3;959,6;959,2;;19,9;17,1;20,3;19,9;17,3;17;84;82;84;15;5,2;2,8;
2019/10/09;0500 UTC;0;958,9;959,3;958,9;;19,6;17,3;19,9;19,6;17,3;17,1;87;84;87;339;5,1;1,9;
2019/10/09;0600 UTC;0;958,7;958,9;958,7;;19;17,4;19,6;19;17,4;17,3;90;87;90;3;3,4;1,7;
2019/10/09;0700 UTC;0;958,4;958,7;958,2;;18,9;17,4;19;18,9;17,5;17,3;91;90;91;334;4,5;2,6;
2019/10/09;0800 UTC;0;958,8;959;958,3;;18,6;17,1;18,9;18,6;17,4;17,1;92;91;91;342;5,4;2,3;
2019/10/09;0900 UTC;0;959,1;959,1;958,7;;18,5;16,8;18,6;18,4;17,1;16,8;91;90;90;294;4,7;2,6;
2019/10/09;1000 UTC;0;959,7;959,8;959;114,3;18,7;17;18,7;18,4;17,1;16,8;91;90;90;28;6,2;3,5;
2019/10/09;1100 UTC;0;960,1;960,1;959,6;305,4;19,2;17,6;19,2;18,7;17,6;17;91;90;91;347;6,2;2,2;
2019/10/09;1200 UTC;0;961,3;961,3;960,1;608,4;20;17,6;20;19,2;17,8;17,2;91;85;86;17;4,6;1,4;
2019/10/09;1300 UTC;0;960,8;961,3;960,7;1584,4;22,5;18,5;22,5;19,9;18,6;17,3;87;78;78;342;5,2;2,8;
2019/10/09;1400 UTC;,2;960,7;960,8;960,7;3253;24,5;18,5;25,5;22,3;19,4;17,7;79;65;69;351;5,2;1,5;
2019/10/09;1500 UTC;0;959,7;960,7;959,7;3451,2;27,2;17,3;28;24,6;19,1;17;69;52;55;302;6,3;3;
2019/10/09;1600 UTC;0;958,5;959,7;958,5;3576,6;29,8;17,8;29,8;27,2;18,1;16,7;56;48;48;339;6,9;3,5;
2019/10/09;1700 UTC;0;957,6;958,6;957,6;3343,9;30,4;15,2;31,1;28,9;17,9;15,2;49;40;40;321;6,9;3,1;
2019/10/09;1800 UTC;0;957;957,7;957;1764,4;30;15,5;31;29,3;16,3;14,8;43;39;42;343;6,2;2,6;
2019/10/09;1900 UTC;0;956,6;957;956,6;1663;30,1;14,6;30,8;29,5;15,9;14,4;42;38;39;345;4,8;2,3;
2019/10/09;2000 UTC;0;956,7;956,7;956,4;564,5;27,1;17,7;30,1;27,1;17,8;14,3;56;39;56;19;8,2;4,2;
2019/10/09;2100 UTC;0;957,3;957,3;956,7;212,6;25;17;27,2;25;17,8;16,8;61;55;61;348;9,3;3,8;
2019/10/09;2200 UTC;0;957,7;957,7;957,3;3,8;23,5;18,1;25;23,5;18,1;17,1;72;61;72;350;6,5;1,9;
2019/10/09;2300 UTC;0;958,2;958,2;957,7;;23,3;17,7;23,5;22,8;18,2;17,7;75;71;71;318;4,3;2,6;
2019/10/10;0000 UTC;0;959,3;959,3;958,2;;22,4;18;23,3;22,4;18,1;17,7;76;71;76;352;4,7;1,6;
2019/10/10;0100 UTC;0;959,5;959,6;959,3;;21,8;17;22,6;21,8;18;17;76;73;74;357;5,7;3;
2019/10/10;0200 UTC;0;959,4;959,7;959,3;;21,1;16,9;21,8;21,1;17;16,8;77;74;77;359;5,4;2,9;
2019/10/10;0300 UTC;0;958,9;959,4;958,9;;20,3;16,6;21,1;20,3;16,9;16,6;80;77;79;10;5,7;2,3;
2019/10/10;0400 UTC;0;958,2;958,9;958,2;;19,6;16;20,3;19,6;16,6;16;81;79;80;13;5,7;3,1;
2019/10/10;0500 UTC;0;957,9;958,4;957,8;;18,9;15,8;19,6;18,9;16;15,8;82;80;82;7;5,3;2,2;
2019/10/10;0600 UTC;0;957,6;957,9;957,4;;18,5;15,7;19;18,4;15,9;15,6;84;82;84;10;5,4;2,9;
2019/10/10;0700 UTC;0;957,6;957,7;957,4;;17,8;15,8;18,5;17,6;15,8;15,4;88;84;88;9;5,2;0;
2019/10/10;0800 UTC;0;958;958;957,6;;17,5;15,4;17,8;17,3;15,8;15,3;89;87;88;4;0;0;
2019/10/10;0900 UTC;0;958,6;958,6;958;;17,1;15,5;17,5;16,6;15,5;15;91;88;90;4;3,7;1;
2019/10/10;1000 UTC;0;959,4;959,4;958,6;180,9;17,9;15,7;17,9;16,9;15,8;15,2;90;87;87;2;4,2;1,8;
2019/10/10;1100 UTC;0;960,3;960,3;959,4;1062,3;20,5;15,8;21;17,9;16,7;15,5;87;73;75;356;6,1;2,8;
2019/10/10;1200 UTC;0;960,7;960,7;960,3;1260,6;21,7;16;22,7;20;16,9;15,5;77;68;70;348;7,1;3,3;
2019/10/10;1300 UTC;0;960,4;960,8;960,4;2376,8;25;16;25,7;21,6;17,1;16;71;57;58;314;7,4;3,3;
2019/10/10;1400 UTC;0;960;960,4;960;3381;27,8;16;28,6;25;16,9;15,9;59;48;49;298;8,1;2,3;
2019/10/10;1500 UTC;0;959,1;960;959,1;3489,8;29,5;15,9;30,4;27,3;17,1;15,6;52;42;44;265;5,9;2,2;
2019/10/10;1600 UTC;0;958;959,1;958;3556,5;31,5;15,2;32,5;29,5;16,6;14,8;44;36;37;263;6,9;3;
2019/10/10;1700 UTC;0;957,3;958;957,3;2732,5;31,1;14,4;32,6;30,3;16,3;14;41;34;36;262;7,2;2,7;
2019/10/10;1800 UTC;0;956,4;957,3;956,4;2534,3;32,5;15,8;33,3;30,9;16,1;14;40;33;37;258;7,1;3;
2019/10/10;1900 UTC;0;956;956,4;956;1108;30,9;14,8;32,5;30,4;15,7;14,2;39;35;38;264;6;1,8;
2019/10/10;2000 UTC;0;956,2;956,3;956;668,7;30,9;15,8;31,6;29,9;16,4;15;44;37;40;242;4,8;1,5;
2019/10/10;2100 UTC;0;956,5;956,5;956,2;245,5;28,1;16,6;30,9;28,1;16,9;15,6;50;40;50;240;4,3;,3;
2019/10/10;2200 UTC;0;957;957,1;956,5;4,2;26,3;17;28,1;26,3;17;16,5;57;50;57;238;3,7;1,6;
2019/10/10;2300 UTC;0;957,6;957,6;957;;25,7;16,9;26,3;25,7;17,2;16,9;59;57;58;253;4,2;2;
2019/10/11;0000 UTC;0;958,3;958,3;957,6;;24,9;17;25,7;24,5;17,2;16,9;63;58;62;244;4,4;2,3;
2019/10/11;0100 UTC;0;958,6;958,6;958,2;;23,9;17;24,9;23,9;17;16,8;65;61;65;243;5,6;2,1;
2019/10/11;0200 UTC;0;958,8;958,9;958,6;;22,8;17,1;23,9;22,8;17,2;17;70;65;70;254;4,5;1,9;
2019/10/11;0300 UTC;0;958,7;958,9;958,6;;21,5;16,9;22,8;21,5;17,2;16,9;75;70;75;9;4;0;
2019/10/11;0400 UTC;0;958,8;958,9;958,6;;20,5;17;21,6;20,5;17,2;16,7;80;75;80;351;0;0;
2019/10/11;0500 UTC;0;958,4;958,8;958,4;;20,6;17,1;20,7;20;17,2;16,7;82;79;80;328;1,4;0;
2019/10/11;0600 UTC;0;958,1;958,4;958,1;;20,4;16,7;21;20,4;17,1;16,6;80;77;79;290;4,3;2,1;
2019/10/11;0700 UTC;0;958,2;958,2;958;;19,3;16,6;20,4;19,2;16,8;16,3;84;79;84;352;3,7;0;
2019/10/11;0800 UTC;0;958,5;958,5;958,2;;19,3;16,9;19,5;19,1;17,1;16,4;86;84;86;323;0;0;
2019/10/11;0900 UTC;0;958,8;958,8;958,5;,9;18,5;16,5;19,3;18,4;16,9;16,2;89;85;89;339;0;0;
2019/10/11;1000 UTC;0;959,5;959,5;958,8;374,6;20,3;17,4;20,3;18,4;17,8;16,5;89;83;83;343;,1;0;
2019/10/11;1100 UTC;0;959,9;959,9;959,4;1366;23,4;16,9;23,4;20,3;18;16,9;84;67;67;321;5;1,2;
2019/10/11;1200 UTC;0;960;960;959,9;2275,3;26,2;16,8;26,3;23,4;17,3;16,2;67;55;56;284;5,2;2,3;
2019/10/11;1300 UTC;0;959,6;960;959,6;3009,2;29,4;15,5;29,6;26;17,3;15,2;57;42;43;280;6,9;3;
2019/10/11;1400 UTC;0;959;959,6;959;3475,5;31,4;12,7;31,9;29,4;15,7;12,7;43;32;32;242;7;2,5;
2019/10/11;1500 UTC;0;958,4;959;958,3;3712,6;33,5;12,6;33,9;31,4;14,6;12;33;27;28;223;8,9;2,4;
2019/10/11;1600 UTC;0;957,9;958,4;957,8;3746,6;33,3;12,5;34,5;32,7;13,4;11,6;29;26;28;241;8,6;2,5;
2019/10/11;1700 UTC;0;957,2;957,9;957,2;2365,8;32,9;12,6;34,7;32,2;13,8;12;31;27;29;289;7,3;2;
2019/10/11;1800 UTC;0;956,5;957,2;956,5;3064,4;34,3;12,2;35,3;33;13,7;12,2;29;26;26;233;6,6;1,2;
2019/10/11;1900 UTC;0;956,2;956,5;956,2;1795,3;34;12,3;35;32,6;13,5;12;30;26;27;289;6;1,9;
2019/10/11;2000 UTC;0;956,4;956,4;956,1;979;32,7;12,8;34,7;32,7;13,3;11,9;31;26;30;235;4,6;0;
2019/10/11;2100 UTC;0;956,7;956,7;956,4;289,3;31,8;13,2;32,8;31,8;13,4;12,5;32;30;32;193;1,6;0;
2019/10/11;2200 UTC;0;957,1;957,1;956,7;6,7;29,6;13,3;31,8;29,3;13,6;13;38;32;37;261;2,4;1;
2019/10/11;2300 UTC;0;957,4;957,4;957,1;;27,4;14,1;29,6;27,4;14,1;13,2;44;37;44;222;3,4;0;
2019/10/12;0000 UTC;0;957,8;957,8;957,4;;26,5;14,3;27,5;26,5;14,4;14;47;44;47;234;2,9;,4;
2019/10/12;0100 UTC;0;958;958;957,8;;26,2;14,2;26,8;25,5;14,4;14,2;50;46;47;254;3,1;2,1;
2019/10/12;0200 UTC;0;958,1;958,2;957,9;;24,4;14,4;26,2;24,4;14,4;14,1;54;48;54;314;2,9;0;
2019/10/12;0300 UTC;0;958,1;958,2;958,1;;22,9;14,8;24,3;22,8;15;14,4;61;54;60;281;1,8;,3;
2019/10/12;0400 UTC;0;957,9;958,1;957,9;;23;14,7;23,3;22,4;14,9;14,7;62;59;59;257;3,1;1,8;
2019/10/12;0500 UTC;0;958;958,1;957,9;;21,1;15,1;23;20,8;15,1;14,5;69;59;69;311;3,1;0;
2019/10/12;0600 UTC;0;958;958,1;958;;21,5;15,5;21,6;20,9;15,5;15;70;67;69;304;0;0;
2019/10/12;0700 UTC;0;957,8;958;957,8;;21;15,7;21,8;20,6;15,7;15,3;73;67;72;232;3;,8;
2019/10/12;0800 UTC;0;958,2;958,2;957,8;;19,8;15,5;21,1;19,6;15,6;15,2;77;71;76;322;3;1,4;
2019/10/12;0900 UTC;0;958,9;958,9;958,2;5,4;19,6;15,3;20,2;19,5;15,5;15,2;77;74;76;350;2,3;1,3;
2019/10/12;1000 UTC;0;959,5;959,5;958,9;420,8;22,3;16,1;22,3;19,5;16,3;15,2;77;68;68;2;2,5;,7;
2019/10/12;1100 UTC;0;959,8;959,8;959,5;1311,6;26,5;16,2;26,9;22,3;17,3;16,1;70;52;53;305;4,7;2,2;
2019/10/12;1200 UTC;0;959,8;959,9;959,8;2212,6;29;16,7;29,1;26,4;17;15,8;54;47;48;276;4,5;1,6;
2019/10/12;1300 UTC;0;959,4;959,8;959,4;2954,5;31,6;15,8;31,6;29;17,2;15,7;48;38;39;265;5,1;1,7;
2019/10/12;1400 UTC;0;958,8;959,4;958,8;3464,2;32,9;13,6;33,6;31,7;16,1;13,6;39;31;31;215;5,2;1,2;
2019/10/12;1500 UTC;0;958,1;958,8;958,1;3751,7;35,1;13,8;35,5;32,8;14,7;12,7;32;26;28;299;7,3;2,6;
2019/10/12;1600 UTC;0;957;958,1;957;3465,2;34,9;11,7;36,1;33,7;13,7;11,1;28;24;24;270;7,7;2;
2019/10/12;1700 UTC;0;955,9;957;955,9;2900,7;35,3;12,3;36,4;34,3;12,7;10,6;26;23;25;284;5,9;2,1;
2019/10/12;1800 UTC;0;955;955,9;955;2362,7;36,5;10,6;36,9;33,8;12,6;10,4;27;21;21;273;6,2;2,2;
2019/10/12;1900 UTC;0;954,4;955;954,4;2186,4;36,1;11,6;36,8;35,6;11,7;9,6;23;20;23;261;5,5;1,5;
2019/10/12;2000 UTC;0;954,1;954,4;954,1;865,3;32,7;11,9;36,2;32,7;11,9;10,5;28;22;28;270;4,9;1,6;
2019/10/12;2100 UTC;0;954,4;954,4;954;168,1;31,1;12,7;33,5;31,1;12,9;11,5;33;27;33;187;4,9;,2;
2019/10/12;2200 UTC;0;954,8;954,8;954,4;1,9;28;13;31,1;28;13,5;12,5;40;33;40;189;2,7;,8;
2019/10/12;2300 UTC;0;955,1;955,1;954,8;;28,8;12,1;29,6;27,8;13,2;11,9;40;34;36;223;2,1;0;
2019/10/13;0000 UTC;0;955,5;955,5;955,1;;28,3;12,4;28,8;28,2;12,5;12;38;35;38;219;,9;0;
2019/10/13;0100 UTC;0;956,1;956,1;955,5;;24,3;14;28,4;24,3;14;12,4;53;37;53;5;2,8;1,3;
2019/10/13;0200 UTC;0;956;956,1;956;;24,9;14,3;25,3;24,2;14,5;14,1;54;51;52;1;2,9;,2;
2019/10/13;0300 UTC;0;955,8;956,1;955,8;;24,3;14,5;25,6;23,4;15;14,2;59;50;54;266;4,1;1,8;
2019/10/13;0400 UTC;0;955,5;955,8;955,5;;23,5;14,8;24,4;23,2;14,8;14,4;59;54;58;331;3,5;,3;
2019/10/13;0500 UTC;0;955,2;955,5;955,2;;23,3;14,4;24,5;23,3;14,8;14,3;58;54;58;288;2,5;1,4;
2019/10/13;0600 UTC;0;955,1;955,3;955,1;;21,8;14,8;23,3;21,8;15;14,5;65;58;65;352;3,3;0;
2019/10/13;0700 UTC;0;955,2;955,2;955,1;;21,2;14,8;21,8;20,4;15,1;14,7;70;65;67;324;2,4;1,4;
2019/10/13;0800 UTC;0;955,7;955,7;955,2;;21;14,5;21,2;20,6;14,7;14,4;68;66;66;334;2,1;1;
2019/10/13;0900 UTC;0;956,5;956,5;955,7;4,6;19,9;14,6;21;19,9;14,6;14,3;71;66;71;27;1,7;0;
2019/10/13;1000 UTC;0;957,3;957,3;956,5;403,5;22,4;15,4;22,4;19,9;15,6;14,6;72;64;64;339;2,6;1,2;
2019/10/13;1100 UTC;0;957,8;957,8;957,3;1298,9;26,6;16,4;26,6;22,4;16,4;15,2;64;53;54;334;3;,9;
2019/10/13;1200 UTC;0;958,1;958,1;957,8;2148,7;30,2;14,4;30,9;26,6;16,3;14,3;54;37;38;258;3,6;1,1;
2019/10/13;1300 UTC;0;957,7;958,1;957,7;2885,5;34,3;13,6;34,4;29,8;15,8;12,8;40;28;29;222;5;1,3;
2019/10/13;1400 UTC;0;957,5;957,8;957,4;3359,5;35,5;13,4;35,5;34,2;14,2;12,4;29;26;27;121;6,2;1,4;
2019/10/13;1500 UTC;0;956,8;957,5;956,8;2073,2;34,6;11,8;35,7;33,3;13,9;11,5;29;25;25;118;5,3;2;
2019/10/13;1600 UTC;0;955,9;956,8;955,9;1852,6;35;11,4;36,2;34,2;12,8;10,9;26;22;24;184;5,3;,9;
2019/10/13;1700 UTC;,8;955,2;955,9;955,2;699,8;27,2;15,9;35,4;27;18,3;11,1;58;23;50;251;9,9;4,7;
2019/10/13;1800 UTC;,2;954,6;955,3;954,6;456,3;28,2;15,9;28,7;27,2;17,2;15,1;52;43;47;159;9,9;2,4;
2019/10/13;1900 UTC;0;953,8;954,6;953,8;680,4;30,2;16,9;30,2;27,3;18,1;15,1;57;41;45;194;5,4;,3;
2019/10/13;2000 UTC;0;953,6;953,9;953,6;682,2;32,7;16,1;32,9;30,2;18,1;14,4;48;34;37;276;2,6;1,3;
2019/10/13;2100 UTC;0;953,9;954;953,5;159,1;30,3;15,8;32,8;30,3;16,9;15,2;44;35;41;269;3;1,6;
2019/10/13;2200 UTC;0;954,5;954,5;953,9;,4;29,2;15,4;30,7;29;16,7;14;46;36;43;32;2,3;,1;
2019/10/13;2300 UTC;0;955;955;954,5;;27,2;15,2;30;27,2;15,5;14,4;48;39;48;360;2,6;,4;
2019/10/14;0000 UTC;0;955,5;955,5;955;;26,5;16,2;27,5;26;16,8;15;56;48;53;248;2,7;1;
2019/10/14;0100 UTC;0;955,9;956,3;955,5;;28,8;13,8;28,9;25,6;16,9;13,7;58;40;40;124;5,3;,6;
2019/10/14;0200 UTC;0;956,1;956,1;955,9;;27;15,2;29;26,5;15,9;13,6;52;39;49;155;4,3;2;
2019/10/14;0300 UTC;0;956;956,2;956;;27,6;13,2;27,9;26,3;15,6;13,1;50;41;41;93;3,9;2,5;
2019/10/14;0400 UTC;0;955,9;956;955,7;;23,4;17,5;27,6;23,4;17,5;13,2;69;41;69;60;3,8;0;
2019/10/14;0500 UTC;0;955,6;955,9;955,6;;22,2;16,4;23,5;22,1;17,6;16;71;67;70;278;1,9;0;
2019/10/14;0600 UTC;0;955,3;955,6;955,2;;22;15,9;22,4;21,6;16,4;15,6;72;66;68;273;1,3;0;
2019/10/14;0700 UTC;0;955,4;955,5;955,3;;24,6;15,3;24,6;22;16,7;15;70;55;56;11;3;,7;
2019/10/14;0800 UTC;0;955,8;955,8;955,4;;22,9;15,3;24,6;22,8;16,3;15,3;67;56;62;144;4,7;,8;
2019/10/14;0900 UTC;0;956,2;956,2;955,8;4,7;23,2;15,3;23,7;22,4;15,7;14,9;65;58;61;247;2,5;1;
2019/10/14;1000 UTC;0;956,7;956,7;956,2;410,8;23,5;16,4;24,6;22,2;17,1;15,3;68;60;65;334;2,5;0;
2019/10/14;1100 UTC;0;957,2;957,2;956,7;1288;26,4;16,8;26,5;23,5;18;16,6;69;56;56;291;4,6;1,4;
2019/10/14;1200 UTC;0;957,5;957,6;957,2;2126,4;28,3;17;29;26,3;18;15,5;57;45;50;22;4;1,9;
2019/10/14;1300 UTC;0;957,6;957,8;957,5;2852,1;30,9;14,8;31;28,3;17,5;14,6;51;37;38;17;5,8;2,4;
2019/10/14;1400 UTC;0;957,3;957,6;957,3;3344,4;33,1;13,9;33,6;30,9;15,3;13,5;38;31;31;25;5,1;1,4;
2019/10/14;1500 UTC;0;956,7;957,3;956,7;3591,5;35,8;10,3;35,9;33;15,1;10,3;32;21;21;155;7,3;2,1;
2019/10/14;1600 UTC;0;955,7;956,8;955,7;3619;36,4;12,2;37;34,7;12,5;10,1;25;21;23;53;7,3;1,4;
2019/10/14;1700 UTC;0;954,7;955,7;954,7;1154,4;34,4;12,5;36,7;34;12,7;10,9;27;22;27;27;4,8;,4;
2019/10/14;1800 UTC;0;954,1;954,7;954,1;1228,5;34,3;13,1;37;33,4;13,8;10,4;30;21;28;207;4,9;,7;
2019/10/14;1900 UTC;0;953,3;954,1;953,3;2176,3;35,4;11;37,3;34,4;13,2;9,9;28;20;23;212;8,7;1,9;
2019/10/14;2000 UTC;0;953,4;953,4;953,2;967,1;35,6;8,8;36,3;35,3;11,9;7,4;24;17;19;231;5,9;,6;
2019/10/14;2100 UTC;0;953,9;953,9;953,3;199,7;31;11,3;35,8;31;12,7;5,4;31;15;30;330;5,5;2,2;
2019/10/14;2200 UTC;0;954,2;954,2;953,9;5,1;28;13;31;27,9;13,3;11,4;41;30;40;343;4,4;,5;
2019/10/14;2300 UTC;0;954,6;954,6;954,2;;28,4;13,1;28,6;27,3;13,4;12,7;42;39;39;264;2,7;1,8;
2019/10/15;0000 UTC;0;956,7;956,7;954,6;;27,8;14;28,6;27,5;14,2;12,8;43;38;43;45;9,1;3,6;
2019/10/15;0100 UTC;0;957,5;957,5;956,7;;25,3;16;27,8;25,2;16,2;14;57;43;57;25;8,2;1,8;
2019/10/15;0200 UTC;0;958;958;957,5;;26,1;15,6;26,3;25,2;16;15,5;57;52;53;8;11,6;5,5;
2019/10/15;0300 UTC;0;958,6;958,6;958;;24,1;16,9;26,1;24,1;17,1;15,6;64;53;64;6;15,6;7;
2019/10/15;0400 UTC;0;958,5;958,7;958,4;;22,5;16;24,1;22,5;16,9;16;67;64;67;2;14,6;7,1;
2019/10/15;0500 UTC;0;958,1;958,5;958,1;;21,7;15,9;22,5;21,7;16,1;15,9;70;67;70;1;15,4;7,3;
2019/10/15;0600 UTC;0;957,8;958,1;957,8;;21,4;16,3;21,7;21,3;16,3;15,9;73;70;73;357;13,2;6,6;
2019/10/15;0700 UTC;0;957,8;957,9;957,7;;20,9;16,2;21,4;20,9;16,3;16,2;74;73;74;349;11,9;3,8;
2019/10/15;0800 UTC;0;958,5;958,5;957,7;;21,2;16,1;21,2;20,9;16,2;15,9;74;72;73;350;9,3;4,1;
2019/10/15;0900 UTC;0;958,4;958,6;958,4;2,1;21;16;21,4;20,9;16,2;16;74;72;73;325;10,4;4,6;
2019/10/15;1000 UTC;0;958,9;958,9;958,4;128,3;22,2;15,8;22,2;21;16;15,7;73;67;67;327;10,2;4,9;
2019/10/15;1100 UTC;0;959,5;959,5;958,9;712,6;23,5;15,6;23,8;22,2;16,1;15,6;67;61;61;331;10,6;4,9;
2019/10/15;1200 UTC;0;959,9;959,9;959,5;1254;25;15,9;25,3;23,4;16,4;15,4;62;55;57;350;9,3;4,9;
2019/10/15;1300 UTC;0;959,9;959,9;959,7;2048,9;26,2;15,7;27,3;24,9;16,6;15,5;58;51;52;349;9,3;4,3;
2019/10/15;1400 UTC;0;959,6;959,9;959,6;2763,8;28,3;15,8;28,8;26,2;16,8;15,3;54;45;47;2;8,6;4,5;
2019/10/15;1500 UTC;0;959;959,6;959;1811,3;29,2;15,4;29,4;27,8;16;15;47;43;43;358;7,8;3,5;
2019/10/15;1600 UTC;0;958,2;959;958,2;3217,2;31,7;14,8;32;29;15,8;14,3;44;35;36;10;8,1;3,2;
2019/10/15;1700 UTC;0;957,4;958,3;957,4;2460;32,7;14,2;32,9;30,5;15,1;13,9;38;33;33;2;7,5;3,1;
2019/10/15;1800 UTC;0;956,9;957,4;956,8;1870;32;13,7;33,1;31,4;14,5;13,4;35;32;33;9;7,2;3,6;
2019/10/15;1900 UTC;0;956,5;956,9;956,5;2044,3;31,7;14,1;33,2;31,7;14,3;13;34;30;34;16;8,1;4,1;
2019/10/15;2000 UTC;0;956,8;956,8;956,5;782,7;30,5;15,3;32,1;30,5;15,4;14,2;40;35;40;4;10,1;5,5;
2019/10/15;2100 UTC;0;957,2;957,2;956,8;300,9;27,5;15,6;30,5;27,5;15,7;15,3;48;40;48;8;12,8;6;
2019/10/15;2200 UTC;0;957,9;957,9;957,1;11,1;25;15,5;27,5;25;15,7;15,5;56;48;56;12;12,8;5,6;
2019/10/15;2300 UTC;0;958,8;958,8;957,9;;22,3;15,1;25;22,3;15,6;15,1;64;56;64;11;13;6,2;
2019/10/16;0000 UTC;0;959,4;959,4;958,8;;21,1;14,9;22,3;21,1;15,1;14,8;68;64;68;6;10,9;6,2;
2019/10/16;0100 UTC;0;959,9;959,9;959,4;;20,4;14,9;21,1;20,3;14,9;14,8;71;68;71;5;11,1;6,6;
2019/10/16;0200 UTC;0;960,1;960,1;959,9;;19,6;14,8;20,4;19,6;14,9;14,8;74;71;74;11;11,1;4,3;
2019/10/16;0300 UTC;0;959,9;960,1;959,9;;19;14,7;19,6;19;14,8;14,6;76;74;76;3;8,1;3,5;
2019/10/16;0400 UTC;0;959,6;960;959,6;;18,7;14,8;19;18,6;14,8;14,7;78;76;78;2;8,5;4,2;
2019/10/16;0500 UTC;0;959,4;959,6;959,3;;18,3;14,6;18,7;18,3;14,8;14,5;79;78;79;3;8,2;3,3;
2019/10/16;0600 UTC;0;959,1;959,4;959,1;;17,9;14,5;18,4;17,9;14,6;14,4;80;79;80;7;8,3;3,6;
2019/10/16;0700 UTC;0;959,3;959,4;959,1;;17,7;14,6;18;17,7;14,6;14,4;82;80;82;355;8,3;3,7;
2019/10/16;0800 UTC;0;959,1;959,3;959;;17,5;14,7;17,8;17,5;14,9;14,6;84;82;84;354;6,1;,4;
2019/10/16;0900 UTC;0;959,5;959,5;959;7,9;17,7;15,1;17,8;17,4;15,1;14,7;85;84;84;353;5,4;2,3;
2019/10/16;1000 UTC;0;960,1;960,1;959,4;431;20;15,6;20,1;17,7;15,7;15;85;76;76;356;4,8;1,5;
2019/10/16;1100 UTC;0;960,6;960,6;960,1;1299,4;23,3;15,8;23,3;20;16,3;15,6;76;63;63;344;8,3;5;
2019/10/16;1200 UTC;0;960,2;960,7;960,2;2186,1;26,9;15,5;27;23,3;16,4;15,5;63;50;50;328;9,2;4,1;
2019/10/16;1300 UTC;0;960,1;960,3;960,1;2923,5;29,4;14,3;29,8;26,9;15,6;14,3;50;40;40;315;9,6;4,1;
2019/10/16;1400 UTC;0;959,6;960,1;959,6;3390,9;31,2;12,6;31,7;29,1;15,3;12,6;41;32;32;325;8,1;3,1;
2019/10/16;1500 UTC;0;958,7;959,6;958,7;3601,7;33;11,6;34,1;31,1;14,3;11,6;34;27;27;333;10,7;2,4;
2019/10/16;1600 UTC;0;957,7;958,7;957,7;3572,5;34,1;11,9;34,2;32,2;12,6;11,2;29;26;26;226;7,2;2,2;
2019/10/16;1700 UTC;0;956,6;957,7;956,6;3323,5;34;11,8;35,2;33,4;12,6;10,8;27;24;26;304;4,9;2,3;
2019/10/16;1800 UTC;0;955,9;956,6;955,9;2093;33,8;11,2;35,6;32,9;12,3;10,9;28;23;25;299;4,8;1,8;
2019/10/16;1900 UTC;0;955,4;955,9;955,4;1395,3;33,4;12;34,6;33,3;12,4;11,1;28;25;27;28;4,9;2,1;
2019/10/16;2000 UTC;0;955,4;955,5;955,3;1085,5;33,6;11,4;34,3;33,4;12,1;11,2;27;25;26;35;4,2;1,2;
2019/10/16;2100 UTC;0;955,9;955,9;955,4;246,9;31,7;13,2;33,6;31,7;13,2;11,5;32;26;32;46;4,9;2,5;
2019/10/16;2200 UTC;0;956,5;956,5;955,9;7,5;29,6;13,4;31,7;29,6;14,1;13,3;38;32;37;3;6,8;3,5;
2019/10/16;2300 UTC;0;957;957;956,5;;27,8;13,7;29,6;27,8;13,9;13,4;42;37;42;345;6,4;3,4;
2019/10/17;0000 UTC;0;957,7;957,7;957;;27,3;14,6;27,9;27,3;14,6;13,7;46;42;46;352;7,9;4,3;
2019/10/17;0100 UTC;0;958,6;958,6;957,7;;25,1;16,3;27,4;25,1;16,4;14,6;58;46;58;5;10;5,3;
2019/10/17;0200 UTC;0;958,9;958,9;958,6;;24,3;16;25,1;24,3;16,4;16;61;58;60;350;10;4,9;
2019/10/17;0300 UTC;0;958,8;958,9;958,8;;23,2;15,6;24,3;23,2;16;15,6;62;60;62;359;8,5;4,4;
2019/10/17;0400 UTC;0;958,9;958,9;958,8;;21,7;15,6;23,2;21,6;15,7;15,5;69;62;69;3;7,9;3,8;
2019/10/17;0500 UTC;0;958,5;958,9;958,5;;20,8;15,7;21,6;20,8;15,7;15,6;73;69;73;1;7,7;4,4;
2019/10/17;0600 UTC;0;957,9;958,5;957,9;;20,2;15,8;20,8;20,1;15,8;15,6;76;73;76;357;7,3;3,4;
2019/10/17;0700 UTC;0;957,7;957,9;957,7;;19,6;15,6;20,2;19,6;15,8;15,6;78;76;78;4;5,4;3,2;
2019/10/17;0800 UTC;0;958;958;957,7;;18,6;15,5;19,6;18,6;15,7;15,5;82;78;82;351;4,7;2,4;
2019/10/17;0900 UTC;0;958,4;958,4;957,9;9,1;18,5;15,8;18,8;18,3;15,9;15,5;85;82;84;353;4,4;2;
2019/10/17;1000 UTC;0;958,9;958,9;958,4;427,8;21;16,6;21;18,5;16,6;15,9;84;76;76;1;3,6;1,8;
2019/10/17;1100 UTC;0;959,4;959,4;958,9;1301,1;23,3;16,9;23,5;21;17,1;16,4;76;66;67;3;5;3,1;
2019/10/17;1200 UTC;0;959,6;959,6;959,4;2164;27;16,6;27,1;23,4;17,2;16,3;67;53;53;349;5,4;2,8;
2019/10/17;1300 UTC;0;959,2;959,6;959,2;2888,9;30,6;15,4;30,6;26,7;17,1;15;54;40;40;308;5,4;1,9;
2019/10/17;1400 UTC;0;958,7;959,2;958,7;3368;33,7;12,5;34,1;30,3;15,3;12,1;41;27;28;265;7,4;3,2;
2019/10/17;1500 UTC;0;958,1;958,7;958,1;3509,8;34,6;13,1;35,1;32,9;13,3;12,1;29;26;27;288;7;2,4;
2019/10/17;1600 UTC;0;956,8;958,1;956,8;3455,4;36,2;12,4;36,6;33,6;13,8;12;29;23;24;274;7,1;2,4;
2019/10/17;1700 UTC;0;956,1;956,8;956,1;2945,6;35,8;11,8;37;35;13;11,6;27;23;24;232;7,1;2;
2019/10/17;1800 UTC;0;955,3;956,1;955,3;1751,8;35,7;12,1;36,7;34,6;13,2;11,6;27;23;24;308;5;1,3;
2019/10/17;1900 UTC;0;954,7;955,3;954,7;996,2;33,7;12,6;36,4;33,7;12,8;11,4;28;23;28;18;4,1;1,4;
2019/10/17;2000 UTC;0;954,4;954,7;954,4;924,4;35,5;12,5;35,5;33,7;13,8;11,6;29;24;25;290;3;,3;
2019/10/17;2100 UTC;0;954,5;954,5;954,4;288,8;32,7;13,2;35,5;32,7;13,3;11,7;31;24;31;304;2,1;0;
2019/10/17;2200 UTC;0;954,7;954,7;954,5;2;30,3;12,5;32,7;30,3;13,2;12,5;34;31;34;353;1,7;0;
2019/10/17;2300 UTC;0;955,3;955,3;954,7;;28;15,1;30,3;28;15,5;12,5;46;34;45;14;,1;0;
2019/10/18;0000 UTC;0;956,1;956,1;955,3;;27,3;15,6;28,2;26,9;15,6;14,9;50;44;49;337;0;0;
2019/10/18;0100 UTC;0;956,3;956,4;956,1;;26,7;15,4;27,3;26,4;15,6;15,4;51;49;50;345;0;0;
2019/10/18;0200 UTC;0;956,4;956,6;956,3;;26,3;15,8;26,7;25,2;15,9;15,4;55;50;52;321;2,6;0;
2019/10/18;0300 UTC;0;956,3;956,4;956,2;;24,6;16,9;26,4;24,5;16,9;15,6;62;52;62;360;5,2;1,6;
2019/10/18;0400 UTC;0;956,4;956,5;956,3;;23,7;18,4;24,6;23,6;18,5;16,9;73;62;72;8;4,2;2,4;
2019/10/18;0500 UTC;0;956,6;956,7;956,4;;22,8;18,6;23,7;22,6;18,6;18,4;78;73;77;11;4,2;2,1;
2019/10/18;0600 UTC;0;956,3;956,6;956,2;;21,8;18,3;22,9;21,8;18,6;18,3;81;76;81;353;3,4;1;
2019/10/18;0700 UTC;0;956,7;956,7;956,2;;21,2;18,3;21,8;21;18,5;18,1;84;81;84;20;2,4;0;
2019/10/18;0800 UTC;0;956,7;956,8;956,5;;20,9;18,5;21,5;20,4;18,8;17,8;87;83;87;343;1,5;0;
2019/10/18;0900 UTC;0;957,7;957,7;956,7;9,4;20,4;18,6;20,9;20,3;18,9;18,1;89;86;89;22;2,7;1,8;
2019/10/18;1000 UTC;0;958,6;958,6;957,8;223,1;21,5;18,4;21,5;20,4;18,9;18,3;90;83;83;5;4,1;2,6;
2019/10/18;1100 UTC;0;958,8;958,9;958,6;712,1;23,9;18,1;24,2;21,4;18,9;18;83;70;70;326;8,3;4,2;
2019/10/18;1200 UTC;0;959,2;959,2;958,8;1129,7;26,7;17,8;27,2;23,9;19,2;17,8;70;58;58;321;8,3;2,3;
2019/10/18;1300 UTC;0;958,8;959,2;958,8;2891;30,5;14,8;30,9;26,7;18;14,6;59;38;39;281;6,6;2,9;
2019/10/18;1400 UTC;0;958,3;958,8;958,3;3204,3;33,2;11,6;33,6;30,1;16,8;11,2;43;26;27;243;6;2,2;
2019/10/18;1500 UTC;0;957,7;958,3;957,7;2673,1;34,6;10,7;34,9;32,6;12;10,2;27;23;23;249;6,5;1,2;
2019/10/18;1600 UTC;0;956,8;957,7;956,8;2836,2;35,5;10,3;36,6;34,4;11;9,1;24;19;22;231;6,8;,6;
2019/10/18;1700 UTC;0;956,1;956,8;956,1;1266,7;34,7;10,9;35,5;34,4;11,7;10,3;25;22;24;124;4;1,3;
2019/10/18;1800 UTC;0;955,2;956,1;955,2;1962,7;35,4;9,9;36,9;34,5;12;9,7;24;20;21;330;4,6;,9;
2019/10/18;1900 UTC;0;954,1;955,2;954,1;1903,4;35,7;10,4;36,8;35,3;11,2;9,7;22;20;22;86;4,6;,9;
2019/10/18;2000 UTC;0;953,8;954,1;953,7;1095,6;35,3;10,6;36,3;35,3;11,1;10,1;23;21;22;26;4,2;1,9;
2019/10/18;2100 UTC;0;954;954;953,8;197,8;32,2;11,6;35,4;32,2;11,7;10,4;28;22;28;31;3,3;,1;
2019/10/18;2200 UTC;0;954,6;954,6;954;,4;31,7;11,3;32,2;31,5;11,5;10,8;29;28;29;333;1,1;0;
2019/10/18;2300 UTC;0;955,2;955,2;954,6;;29,6;14,3;31,7;29,3;14,3;11,3;39;29;39;157;5,2;1,7;
2019/10/19;0000 UTC;0;955,9;955,9;955,2;;29;14,6;29,6;28,4;14,9;14,3;44;39;41;94;4,2;1,7;
2019/10/19;0100 UTC;0;956,2;956,3;955,9;;28,9;14,4;29,1;28,6;14,8;14,3;43;41;41;84;3,7;2,4;
2019/10/19;0200 UTC;0;957,5;957,5;956,2;;27,1;16,2;29;27,1;16,2;14,4;51;41;51;88;9,3;5,5;
2019/10/19;0300 UTC;0;957,5;957,7;957,4;;24,4;17,5;27,1;24,3;17,6;16,2;66;51;66;84;10,6;5;
2019/10/19;0400 UTC;0;957,1;957,5;956,8;;23,7;17,5;24,4;23,7;17,5;17,2;68;65;68;42;8,8;4,3;
2019/10/19;0500 UTC;0;957,9;957,9;957,1;;21,8;17,4;23,7;21,8;18,1;17,3;77;68;76;49;12,7;5,1;
2019/10/19;0600 UTC;0;958,8;958,8;957,9;;20,2;17;21,8;20,2;17,7;16,9;82;76;82;38;11,7;5,6;
2019/10/19;0700 UTC;6,8;958,7;959,6;958,7;;19,1;17,4;20,1;18,7;17,5;16,9;91;82;90;25;10,8;4,6;
2019/10/19;0800 UTC;,8;959,2;959,3;958,7;;19,3;17,7;19,3;19;17,7;17,2;90;88;90;7;9,3;2,6;
2019/10/19;0900 UTC;,2;958,9;959,3;958,6;5,5;19,2;17,9;19,4;19,2;17,9;17,7;92;90;92;332;8,8;2,1;
2019/10/19;1000 UTC;,6;958,5;958,9;958,5;266,4;20,1;18,3;20,1;19,2;18,5;17,9;93;90;90;290;8,5;4,5;
2019/10/19;1100 UTC;0;958,4;958,5;958,3;708,1;21,8;18,8;21,8;20,1;18,9;18,3;90;82;83;294;8,5;2,4;
2019/10/19;1200 UTC;0;958,6;958,6;958,4;2226;25,5;19;25,9;21,8;19,6;18,2;83;64;67;311;7,4;3;
2019/10/19;1300 UTC;0;958,3;958,6;958,3;1984,7;26,8;19,7;27,1;25,5;20,6;18,6;70;63;66;351;5;0;
2019/10/19;1400 UTC;,2;957,9;958,3;957,9;2659,8;28,7;18,5;29,5;26;20,1;18,5;67;53;54;344;6,2;1;
2019/10/19;1500 UTC;0;957,3;957,9;957,3;3692;30;18,8;30,8;28,2;20,1;17,8;59;46;51;42;5,9;0;
2019/10/19;1600 UTC;0;956,4;957,3;956,4;3678,2;32,4;16,6;32,7;29,8;19,1;15,9;52;37;39;335;4,6;0;
2019/10/19;1700 UTC;0;955,5;956,4;955,4;3337,7;33,1;14,9;33,5;31,8;17,1;13,9;41;32;33;73;3,8;,2;
2019/10/19;1800 UTC;0;954,9;955,4;954,9;2811,5;33,7;14,3;34;33;15,3;13,4;34;30;31;88;5;0;
2019/10/19;1900 UTC;0;954,2;954,9;954,2;2113,1;33,3;14,9;34,1;33,3;15,2;13,2;34;29;33;37;6;,7;
2019/10/19;2000 UTC;0;954,1;954,2;954;822,3;31,3;16,2;33,6;31,3;16,6;14,1;41;31;40;10;6;0;
2019/10/19;2100 UTC;0;954,2;954,2;954;310,5;30,1;16,7;31,4;30,1;17;16,2;45;40;45;5;4,4;0;
2019/10/19;2200 UTC;0;954,6;954,6;954,2;20;27,9;17,6;30,1;27,8;17,6;16,8;54;45;54;358;0;0;
2019/10/19;2300 UTC;0;955,6;955,6;954,6;;26,7;17,7;27,9;26;18,3;17,6;62;54;58;357;8,1;4;
2019/10/20;0000 UTC;0;956,6;956,6;955,6;;25,1;17,2;26,9;25,1;17,6;17,1;62;56;62;360;10,3;5,6;
2019/10/20;0100 UTC;0;957,6;957,6;956,6;;23,5;17,2;25,2;23,5;17,3;17;68;61;68;356;11,2;5,3;
2019/10/20;0200 UTC;0;957,8;958,1;957,6;;22,5;17,5;23,6;22,4;17,5;17,2;74;68;73;1;10;4;
2019/10/20;0300 UTC;0;957,6;957,8;957,5;;21,6;17,3;22,5;21,6;17,5;17,3;77;73;77;351;7,9;2,5;
2019/10/20;0400 UTC;0;956,8;957,6;956,8;;21;17,1;21,6;21;17,4;17,1;78;77;78;355;6;3,2;
2019/10/20;0500 UTC;0;956,3;956,8;956,3;;20,3;16,8;21;20,3;17,1;16,8;80;78;80;358;6,3;2,9;
2019/10/20;0600 UTC;0;956;956,4;955,9;;19,7;16,3;20,3;19,7;16,8;16,3;81;80;81;8;6,5;3,4;
2019/10/20;0700 UTC;0;955,9;956;955,7;;19,2;15,8;19,7;19,1;16,3;15,8;82;81;81;13;6,8;3,6;
2019/10/20;0800 UTC;0;956,1;956,1;955,8;;18,5;15,2;19,2;18,4;15,7;15,2;82;80;81;8;8,7;4,5;
2019/10/20;0900 UTC;0;956,8;956,8;956,1;11;18,2;14,8;18,5;18;15,2;14,7;82;80;80;5;9;4,8;
2019/10/20;1000 UTC;0;957,2;957,2;956,8;237,6;18,8;14,6;18,8;18,2;14,8;14,6;80;77;77;2;9;4,4;
2019/10/20;1100 UTC;0;957,5;957,6;957,2;918,4;21,6;15;21,6;18,8;15,1;14,3;77;66;66;345;10,1;5,8;
2019/10/20;1200 UTC;0;957,7;957,7;957,5;2302,5;23,9;15,3;24,3;20,9;15,8;14,3;68;57;58;338;10,5;4,1;
2019/10/20;1300 UTC;0;957,3;957,9;957,3;3103,5;25,4;15,1;26;24;15,9;14,6;58;52;53;345;8,2;4,7;
2019/10/20;1400 UTC;0;956,6;957,4;956,6;3497,7;27;15,5;27,5;25,4;16;14,8;53;47;49;350;8,9;4;
2019/10/20;1500 UTC;0;955,9;956,7;955,9;3810,9;28,8;15,2;29,2;27,1;16,1;14,4;49;42;44;340;8,9;3,9;
2019/10/20;1600 UTC;0;954,9;955,9;954,9;3611,4;30,4;14,6;30,6;28,8;15,9;14,2;45;37;38;347;7,1;3,3;
2019/10/20;1700 UTC;0;953,9;954,9;953,9;2885,1;31,7;14,7;31,7;29,5;16,2;13,7;41;36;36;357;8,3;4,4;
2019/10/20;1800 UTC;0;953,2;953,9;953,2;2011,6;29,7;14,3;31,7;29,4;15;13,9;41;35;39;26;8,4;3,4;
2019/10/20;1900 UTC;0;952,6;953,2;952,6;1001,5;29,5;14,2;30;29,4;14,7;13,7;40;38;39;20;7,3;3,5;
2019/10/20;2000 UTC;0;952,2;952,6;952,1;663,7;28,8;14,1;29,7;28,8;14,4;13,6;41;38;40;8;6,4;2,7;
2019/10/20;2100 UTC;0;952,2;952,2;952;352,2;27,6;13,6;29,3;27,6;14;13,4;42;38;42;11;7,3;4,1;
2019/10/20;2200 UTC;0;953,2;953,2;952,2;9,6;25,7;13,6;27,7;25,7;13,9;13,6;47;42;47;4;7,5;4,1;
2019/10/20;2300 UTC;0;953,9;953,9;953,2;;25;13,2;25,7;25;13,6;13,2;48;47;48;6;7,6;3,7;
2019/10/21;0000 UTC;0;954,8;954,8;953,9;;23;12,9;25;23;13,3;12,8;53;48;53;358;10,2;4,7;
2019/10/21;0100 UTC;0;955,5;955,5;954,8;;21,1;12,8;23;21,1;13;12,7;59;53;59;6;9,9;5;
2019/10/21;0200 UTC;0;955,7;955,8;955,5;;19,9;12,5;21,1;19,9;12,8;12,5;63;59;63;16;9;4,2;
2019/10/21;0300 UTC;0;955,5;955,7;955,1;;18,9;11,3;19,9;18,9;12,5;11,3;63;61;61;7;9,5;4,5;
2019/10/21;0400 UTC;0;955,3;955,5;955,3;;18,2;11,2;18,9;18,2;11,4;11,2;64;61;64;12;8,6;4,1;
2019/10/21;0500 UTC;0;955,6;955,6;955,1;;17,8;11,1;18,2;17,8;11,3;11;65;64;65;12;9,3;2,6;
2019/10/21;0600 UTC;0;956,7;956,7;955,3;;16,8;12,9;17,8;16,8;12,9;11;78;65;78;116;4,8;,9;
2019/10/21;0700 UTC;0;956,9;957;956,5;;16,8;11,5;17,3;16,8;12,8;11,4;78;70;71;49;8,2;4,2;
2019/10/21;0800 UTC;0;957,2;957,2;956,7;;16,5;11,3;16,8;16,4;11,9;11,3;75;71;72;51;8,2;2,5;
2019/10/21;0900 UTC;0;956,7;957,2;956,7;;14,6;12,2;16,5;14,6;12,6;11;85;70;85;257;5,4;,6;
2019/10/21;1000 UTC;0;955,5;956,7;955,4;46,1;14,6;13,2;14,8;14,3;13,2;12,2;91;85;91;326;4;2,2;
2019/10/21;1100 UTC;,2;955,5;955,8;955,3;171,5;15,1;13,5;15,2;14,5;13,5;13;92;89;90;348;5;2,9;
2019/10/21;1200 UTC;1;955,2;955,5;955;553,7;16,7;14,2;16,8;15,1;14,7;13,5;91;85;85;335;5,6;3,1;
2019/10/21;1300 UTC;0;955;955,2;954,9;1354,3;18,5;15,2;18,8;16,6;15,9;14;88;80;81;349;5,6;3,1;
2019/10/21;1400 UTC;0;954,8;955,1;954,7;2088,6;20,9;15,8;21;18,4;16,6;15;82;72;72;327;5,6;2,7;
2019/10/21;1500 UTC;0;954,9;955,1;954,7;1992,3;22,3;16,4;22,5;20,9;17,4;15,6;74;69;69;272;5,2;1,2;
2019/10/21;1600 UTC;0;953,8;955;953,8;1568,2;22,6;16,9;23;22,2;17,1;16;72;66;70;308;3,5;,6;
2019/10/21;1700 UTC;0;952,9;953,8;952,9;1196,5;23,6;17,2;23,6;22,5;17,5;16,3;71;65;68;348;3;,8;
2019/10/21;1800 UTC;0;952,5;952,9;952,5;1256,9;23,6;16,3;24,2;23,6;17,7;16,2;68;62;64;24;3,8;2,3;
2019/10/21;1900 UTC;0;952,4;952,5;952,2;669,3;22,6;15,2;24,2;22,6;17,5;15,2;67;62;63;8;8,1;3,8;
2019/10/21;2000 UTC;0;953,6;953,6;952,4;55,9;20,9;15,3;22,6;20,9;15,3;14,7;71;63;71;20;10,9;4,5;
2019/10/21;2100 UTC;0;955,2;955,2;953,6;2,1;17,9;16;20,9;17,9;16,1;15,3;89;71;89;25;10,8;3;
2019/10/21;2200 UTC;0;950,7;955,2;950,7;;17,7;16,2;17,9;17,7;16,4;16,1;91;89;91;296;11,4;6,4;
2019/10/21;2300 UTC;0;952,5;952,5;950,7;;17,9;16,4;17,9;17,6;16,5;16,2;92;91;91;311;11,4;1,5;
2019/10/22;0000 UTC;0;952,5;953;952,4;;17,9;16,4;17,9;17,7;16,5;16,3;92;91;91;271;4;1,7;
2019/10/22;0100 UTC;0;954,4;954,4;952,4;;18,1;16,6;18,1;17,8;16,6;16,3;92;90;91;54;7,1;3,4;
2019/10/22;0200 UTC;0;955,2;955,2;954,3;;18;16,5;18,3;18;16,8;16,5;92;91;91;88;8;1,4;
2019/10/22;0300 UTC;,2;955,3;955,5;955,2;;17,7;16,4;18;17,6;16,5;16,3;92;91;92;156;3,3;,6;
2019/10/22;0400 UTC;0;955,1;955,3;955;;17,9;16,2;17,9;17,6;16,5;16,2;93;90;90;106;3,1;1,1;
2019/10/22;0500 UTC;0;954,9;955,1;954,9;;17,5;16,2;17,9;17,5;16,3;16;92;90;92;146;2,6;,2;
2019/10/22;0600 UTC;0;954,3;954,9;954,2;;16,9;15,7;17,5;16,8;16,2;15,5;93;92;93;138;2,4;,1;
2019/10/22;0700 UTC;0;954,4;954,4;954,2;;16,8;15,6;17,1;16,8;15,9;15,6;93;93;93;110;3;1,7;
2019/10/22;0800 UTC;0;954,7;954,7;954,3;;16,5;15,4;16,8;16,5;15,7;15,4;93;93;93;105;3;,7;
2019/10/22;0900 UTC;0;955,3;955,3;954,6;9,5;16,4;15,4;16,5;16,3;15,5;15,3;94;93;94;74;2,2;,4;
2019/10/22;1000 UTC;0;955,7;955,7;955,2;222,5;16,5;15,5;16,7;16,3;15,7;15,3;94;94;94;27;4,8;2,5;
2019/10/22;1100 UTC;0;956,2;956,2;955,6;585,1;17,5;15,9;17,7;16,5;16,3;15,5;94;90;90;15;4,8;2,4;
2019/10/22;1200 UTC;0;956,6;956,8;956,2;1491,2;20;16,8;20,2;17,5;17,3;15,9;91;81;82;344;4,4;1,8;
2019/10/22;1300 UTC;0;956,7;956,7;956,6;2455,9;22,1;17;22,4;19,6;18,1;16,2;84;72;73;15;3,9;1,4;
2019/10/22;1400 UTC;0;956,4;956,8;956,4;2042,9;23,4;17,4;23,6;21,4;17,9;16,4;76;67;69;39;4,3;1,9;
2019/10/22;1500 UTC;0;955,9;956,4;955,9;2682,7;24,8;17,3;25,1;23,4;18,1;15,9;71;61;63;73;5,6;2,3;
2019/10/22;1600 UTC;0;955,5;956;955,5;2351,9;24,5;16,4;25,4;24,2;17,9;15,8;64;58;61;43;5,5;1,7;
2019/10/22;1700 UTC;0;954,9;955,5;954,9;1935,7;25;16,3;26,2;24,5;17,5;15,9;62;55;59;66;5,2;2,6;
2019/10/22;1800 UTC;0;954,8;954,9;954,8;1050,3;24,8;16,3;25,4;24,7;17;15,8;61;56;59;97;4,6;1,9;
2019/10/22;1900 UTC;0;955,4;955,4;954,7;266,9;20,8;18,5;24,9;20,8;18,5;16,1;87;58;87;91;8,1;4,1;
2019/10/22;2000 UTC;0;955,2;955,4;955,2;343;20,8;18,7;21,1;20,5;18,8;18,4;89;86;88;71;8,1;,7;
2019/10/22;2100 UTC;0;955,4;955,4;955,2;264,3;20,9;18,9;21,3;20,8;19,2;18,5;89;86;88;14;2,6;0;
2019/10/22;2200 UTC;0;955,1;955,4;955,1;16,9;20,4;18,6;21,1;20,4;19;18,6;89;87;89;238;2,8;1;
2019/10/22;2300 UTC;0;955,7;955,7;955,1;;19,4;18,1;20,4;19,4;18,6;18;92;89;92;289;2,8;,2;
2019/10/23;0000 UTC;0;956;956;955,7;;19;17,7;19,4;18,9;18,1;17,6;93;92;92;278;1,9;0;
2019/10/23;0100 UTC;0;956,4;956,4;956;;18,7;17,5;19;18,7;17,7;17,4;93;92;93;173;1,3;,1;
2019/10/23;0200 UTC;0;956,3;956,5;956,3;;18,6;17,5;18,8;18,3;17,5;17;93;92;93;117;2,2;,2;
2019/10/23;0300 UTC;0;955,9;956,3;955,9;;18,5;17,4;18,8;18,4;17,7;17,3;93;93;93;247;,7;0;
2019/10/23;0400 UTC;0;955,7;955,9;955,5;;18,1;17,1;18,5;18,1;17,4;17;94;93;94;7;2,2;,3;
2019/10/23;0500 UTC;0;955,9;956;955,7;;17,7;16,8;18,1;17,3;17,1;16,3;94;94;94;8;4,9;1,9;
2019/10/23;0600 UTC;0;955,7;955,9;955,6;;17,7;16,9;17,9;17,5;17;16,6;95;94;95;2;3,9;,9;
2019/10/23;0700 UTC;0;955,8;955,8;955,7;;17,3;16,5;17,8;17,3;16,9;16,5;95;95;95;11;3,2;1,4;
2019/10/23;0800 UTC;0;956,3;956,3;955,8;;16,9;16;17,3;16,9;16,5;16;95;95;95;16;4,5;2,5;
2019/10/23;0900 UTC;0;956,8;956,8;956,2;16,1;16,6;15,7;16,9;16,3;16;15,4;95;94;94;5;4,5;2,4;
2019/10/23;1000 UTC;0;957,6;957,6;956,8;549,4;18;15,9;18;16,6;15,9;15,4;94;87;87;7;6,5;3,2;
2019/10/23;1100 UTC;0;958,1;958,1;957,6;1500;19,7;16,1;20;18;16,7;15,7;88;78;80;356;5,4;2,8;
2019/10/23;1200 UTC;,2;958,5;958,6;958,1;2377,7;22,4;16,1;22,6;19,7;17,3;15,6;82;66;68;333;7,2;3,9;
2019/10/23;1300 UTC;0;958,7;958,8;958,5;3107,2;24,7;16,1;25,1;22,4;17,3;15,7;70;57;59;330;7,2;1,9;
2019/10/23;1400 UTC;0;958,1;958,7;958,1;3589,1;27,6;16,8;27,6;24,6;17,5;15,6;61;50;52;309;5,1;1,2;
2019/10/23;1500 UTC;0;957,7;958,1;957,7;3869,2;28,1;15,1;28,6;27,1;17,4;15,1;53;45;45;252;4,2;,9;
2019/10/23;1600 UTC;0;956,5;957,7;956,5;3734,6;29;14,8;30;27,8;16,8;14,3;50;41;42;121;4,5;,9;
2019/10/23;1700 UTC;0;955,7;956,5;955,7;2957,9;29,2;14,4;30,7;29;17,1;13,6;45;36;40;33;5,1;1,8;
2019/10/23;1800 UTC;0;955,1;955,7;955,1;2373,9;31,5;12,8;32,2;29,2;15,7;12,6;42;32;32;116;4,8;1;
2019/10/23;1900 UTC;0;954,5;955,1;954,5;1594,2;30,9;13,1;31,6;30;14,4;12,3;39;32;34;67;5,4;2,4;
2019/10/23;2000 UTC;0;954,3;954,5;954,3;1267;30,3;12,8;30,9;30,2;13,6;12,4;36;33;34;71;5,8;2,4;
2019/10/23;2100 UTC;0;954,4;954,4;954,2;271;28,3;13,9;30,3;28,3;13,9;12,4;41;34;41;52;4,1;,5;
2019/10/23;2200 UTC;0;954,8;954,8;954,4;12,4;26,9;12,8;28,6;26,9;13,4;12,3;42;37;42;56;3,4;1,5;
2019/10/23;2300 UTC;0;955,3;955,3;954,8;;25,3;13,7;26,9;25,3;13,9;12,9;49;42;49;30;2,9;,8;
2019/10/24;0000 UTC;0;956,3;956,4;955,3;;23,6;15,3;25,3;23,6;15,3;13,5;60;49;60;10;11,8;4,3;
2019/10/24;0100 UTC;0;957,3;957,3;956,3;;21,9;15,6;23,6;21,9;15,7;15,3;68;60;68;360;9,2;3,9;
2019/10/24;0200 UTC;0;957,4;957,5;957,2;;21;15,4;21,9;21;15,7;15,4;70;68;70;15;7,1;3,4;
2019/10/24;0300 UTC;0;957,2;957,4;957,2;;20;15;21,1;19,9;15,4;14,9;73;70;73;7;6,1;3,1;
2019/10/24;0400 UTC;0;957;957,3;957;;19,2;14,8;20;19,2;15;14,8;76;73;76;10;5,2;2,5;
2019/10/24;0500 UTC;0;956,6;957,1;956,5;;18,3;14,9;19,3;18,3;15,1;14,7;80;75;80;4;4,3;2,7;
2019/10/24;0600 UTC;0;956,6;956,6;956,4;;17,8;14,9;18,3;17,4;15;14,6;84;80;83;1;4,1;2,1;
2019/10/24;0700 UTC;0;956,6;956,6;956,4;;16,8;14,8;17,8;16,8;15,1;14,6;88;83;88;355;3,3;2,1;
2019/10/24;0800 UTC;0;956,8;956,8;956,6;;17,4;15,1;17,5;16,6;15,2;14,7;89;86;86;4;3,4;2,3;
2019/10/24;0900 UTC;0;957,4;957,4;956,8;14,3;17,5;15;17,5;17;15,1;14,7;87;85;85;6;3,6;2,1;
2019/10/24;1000 UTC;0;958;958;957,4;293,3;18,6;15,5;18,7;17,5;15,7;15;85;82;82;5;3,8;2;
2019/10/24;1100 UTC;0;958;958,1;958;1377,4;21,9;16,3;21,9;18,6;16,7;15,5;83;70;71;343;5;2,9;
2019/10/24;1200 UTC;0;957,8;958;957,8;2331,1;25,6;16,7;26,2;21,9;18;16,1;71;57;58;279;6;2,5;
2019/10/24;1300 UTC;0;957,4;957,8;957,4;3049,7;29,6;17,7;29,9;25,5;18,7;17,2;62;49;49;238;7;2,4;
2019/10/24;1400 UTC;0;957;957,5;957;3543,2;31,3;16,7;32;29,3;18,4;15,6;50;38;41;223;7,1;1,4;
2019/10/24;1500 UTC;0;956,3;957;956,3;3254,3;31,5;15,6;32,9;31,1;17,9;13,6;44;32;38;108;5,6;1,8;
2019/10/24;1600 UTC;0;955,4;956,4;955,4;3269,9;33,4;16,2;33,5;31,3;16,8;14,4;40;32;36;87;6,9;1,2;
2019/10/24;1700 UTC;0;954,7;955,4;954,7;3073,6;33,1;14,7;33,9;32,3;15,9;13,8;36;31;33;135;7,7;2,3;
2019/10/24;1800 UTC;0;954,1;954,7;954,1;2954,1;33,7;13,3;34,1;33;14,8;12,5;34;27;29;143;10,1;3,4;
2019/10/24;1900 UTC;0;953,5;954,1;953,5;2278,9;33,9;13;34,2;33,6;13,6;9,9;30;23;28;119;8,9;2,1;
2019/10/24;2000 UTC;0;953,3;953,5;953,2;1267,8;33,3;12;33,9;33,3;13,3;11,7;29;27;27;129;7,5;2,2;
2019/10/24;2100 UTC;0;953,6;953,6;953,2;373;31,5;10,9;33,3;31,5;12,2;10,7;29;26;28;98;5,6;2,7;
2019/10/24;2200 UTC;0;954,4;954,4;953,6;13,6;29,1;11,7;31,5;29;11,8;11;35;28;34;86;4,6;1,7;
2019/10/24;2300 UTC;0;954,9;954,9;954,3;;28,4;11,8;29,1;27,9;12,7;11,5;39;34;36;76;3,8;2;
2019/10/25;0000 UTC;0;955,6;955,6;954,9;;27;12,6;28,6;27;12,6;11,3;41;34;41;53;3,8;1,4;
2019/10/25;0100 UTC;0;956,3;956,3;955,6;;25,3;12,7;27;25,3;13,3;12,6;46;41;45;32;2,8;1,3;
2019/10/25;0200 UTC;0;956,6;956,7;956,3;;23,4;14;25,7;23,3;14;12,5;56;44;56;1;6,9;2,3;
2019/10/25;0300 UTC;0;956,6;956,6;956,5;;22,2;15,2;23,4;21,7;15,5;14,1;67;56;64;327;4,2;2,6;
2019/10/25;0400 UTC;0;956,5;956,6;956,4;;21,6;15,4;22,3;21,6;15,6;14,9;68;64;68;323;4,9;2,5;
2019/10/25;0500 UTC;0;956,2;956,5;956,2;;21,1;15,5;21,8;20,9;15,7;15,4;71;68;70;320;4,4;2,1;
2019/10/25;0600 UTC;0;956;956,2;955,9;;20,3;15,1;21,1;20,3;15,5;15,1;73;70;72;306;3,8;1,8;
2019/10/25;0700 UTC;0;956,5;956,5;956;;19,3;15,1;20,4;19,3;15,2;15;77;72;77;299;3;1,8;
2019/10/25;0800 UTC;0;957;957;956,5;;19,4;15,2;19,7;19,2;15,3;15;77;76;77;311;2,8;1,3;
2019/10/25;0900 UTC;0;957,8;957,8;957;16;19;15,2;19,4;18,5;15,2;14,9;80;77;78;333;2,2;,7;
2019/10/25;1000 UTC;0;958,4;958,4;957,8;560,4;21,4;16,3;21,4;19;16,3;15,2;78;71;73;326;3;1,9;
2019/10/25;1100 UTC;0;959,1;959,1;958,4;1486,8;24,6;15,7;24,8;21,5;17,2;15,7;73;57;58;293;3,9;2,3;
2019/10/25;1200 UTC;0;958,9;959,1;958,8;2364,1;26,8;16,4;27,1;24,5;17,2;15,7;60;52;53;220;4,1;,7;
2019/10/25;1300 UTC;0;958,4;958,9;958,4;3089,7;30,2;16,1;30,5;26,8;17,5;15,5;54;41;43;207;4,4;,9;
2019/10/25;1400 UTC;0;957,8;958,4;957,8;3545,7;32,1;16;32,5;30;17,5;15,5;45;37;38;134;5,8;1,7;
2019/10/25;1500 UTC;0;957;957,8;957;3825,2;34,2;12,8;34,5;32,1;16,6;12,8;39;27;27;136;5,4;2;
2019/10/25;1600 UTC;0;956,2;957;956,2;3624;35,2;10,8;35,6;33,9;14,1;10;29;22;23;120;7,6;3,3;
2019/10/25;1700 UTC;0;955,2;956,2;955,2;3462,1;35,2;11,3;35,7;34,4;12,6;10,7;26;23;24;85;9,2;3,2;
2019/10/25;1800 UTC;0;954,7;955,3;954,7;2912,4;35,4;9,5;36,1;34,7;11,4;8,8;24;19;21;113;9,4;4,5;
2019/10/25;1900 UTC;0;954,3;954,7;954,3;2264;35,8;6,4;35,9;35,2;10,2;6,4;22;16;16;106;9;3,8;
2019/10/25;2000 UTC;0;954,2;954,3;954,1;1355,8;34,8;7,6;36;34,5;8,5;5,8;20;16;19;95;8,1;3;
2019/10/25;2100 UTC;0;954,5;954,5;954,2;394,8;32,7;10,2;34,8;32,7;10,4;7,5;25;19;25;87;5,9;1,5;
2019/10/25;2200 UTC;0;954,7;954,7;954,5;13,9;30,9;10,9;32,7;30,7;11,3;10;30;25;29;63;4;1,3;
2019/10/25;2300 UTC;0;955;955;954,7;;29,7;10,9;31;29,7;11,1;10,8;31;29;31;71;4;1,8;
2019/10/26;0000 UTC;0;955,5;955,5;955;;28;11,2;29,7;28;11,3;10,9;35;31;35;29;3,6;,4;
2019/10/26;0100 UTC;0;956,4;956,4;955,5;;26,6;12,3;28;26,3;12,3;11,2;41;35;41;14;7,2;2,9;
2019/10/26;0200 UTC;0;956,5;956,7;956,3;;24,5;13,4;26,6;24,3;13,5;12,4;51;41;50;319;7,2;2,3;
2019/10/26;0300 UTC;0;956,4;956,6;956,3;;22,7;14,1;24,7;22,7;14,3;13,4;58;50;58;346;4;1,2;
2019/10/26;0400 UTC;0;956,2;956,5;956,2;;22,3;14,5;22,8;22;14,9;14,1;63;58;61;353;3,1;1,8;
2019/10/26;0500 UTC;0;955,8;956,2;955,8;;21,7;15,2;22,3;21,4;15,3;14,4;68;61;67;354;2,3;,9;
2019/10/26;0600 UTC;0;955,6;955,8;955,6;;21,2;15,1;21,7;20,8;15,5;15;71;67;68;25;2,6;1,7;
2019/10/26;0700 UTC;0;955,9;956;955,6;;20,7;14,7;21,3;20,5;15,1;14,6;70;67;69;18;4,3;2,5;
2019/10/26;0800 UTC;0;956,5;956,5;955,9;;19,5;14,5;20,7;19,5;14,7;14,3;73;67;73;11;4,3;2,3;
2019/10/26;0900 UTC;0;957,2;957,2;956,5;17,5;19,7;15,4;19,8;19,4;15,5;14,4;77;73;76;5;3,9;2,3;
2019/10/26;1000 UTC;0;958,2;958,2;957,2;555,2;20,8;15,9;20,8;19,7;16;15,4;78;73;73;1;5,7;3,4;
2019/10/26;1100 UTC;0;958,7;958,8;958,2;1309,5;23,9;15,5;23,9;20,7;16,3;15,4;74;59;59;358;6,7;3,7;
2019/10/26;1200 UTC;0;958,7;958,8;958,6;2355,9;26,8;15,5;26,9;23,9;16,3;15;60;49;50;349;7,9;3,5;
2019/10/26;1300 UTC;0;958,6;958,8;958,6;2995,7;29,2;15,7;29,2;26,7;15,9;15,1;51;43;44;352;6,8;2,5;
2019/10/26;1400 UTC;0;957,9;958,6;957,8;3551,2;33,1;15,6;33,1;29,2;16,2;14,6;45;35;35;353;6,2;2,1;
2019/10/26;1500 UTC;0;957,2;957,9;957,2;3765;34;13,1;35;32,6;15,7;12,1;36;25;28;326;5,7;2;
2019/10/26;1600 UTC;0;956,2;957,2;956,2;3359,8;35;10,8;35,8;32,8;14,6;9,7;30;22;23;335;6,1;2,9;
2019/10/26;1700 UTC;0;955,1;956,2;955,1;3512,6;35,8;9,9;36,2;34,6;12,1;9,4;24;20;21;59;5,6;2,7;
2019/10/26;1800 UTC;0;954,2;955,1;954,2;3020,7;36,5;10,2;37;35,2;10,7;8,6;22;19;20;72;5,6;2,9;
2019/10/26;1900 UTC;0;953,7;954,2;953,7;980,2;35,5;10;36,5;33,9;10,5;9;23;20;21;51;5,6;2,2;
2019/10/26;2000 UTC;0;953,5;953,7;953,5;1381,5;35,4;8,5;36,1;35,1;9,9;7,9;21;18;19;76;5;2,8;
2019/10/26;2100 UTC;0;953,6;953,6;953,5;418,5;33,1;9;35,4;33,1;9,4;8,4;23;19;23;53;5,3;1,6;
2019/10/26;2200 UTC;0;954,1;954,1;953,6;11,6;29,7;10,4;33,1;29,7;10,4;8,8;30;22;30;16;3,6;1,2;
2019/10/26;2300 UTC;0;955,1;955,1;954;;27,4;10,9;29,7;27,3;10,9;10,4;36;30;36;1;3,7;1,3;
2019/10/27;0000 UTC;0;956,1;956,1;955,1;;25,8;11,7;27,4;25,6;11,7;10,9;42;36;41;354;3,4;1,5;
2019/10/27;0100 UTC;0;957,1;957,1;956,1;;25,3;14,1;25,9;25,2;14,1;11,6;50;41;50;337;5,6;3,1;
2019/10/27;0200 UTC;0;957,3;957,4;957;;24,9;14;25,9;24,6;14,5;14;52;49;51;328;6,5;2,8;
2019/10/27;0300 UTC;0;956,9;957,4;956,9;;24,6;14,6;24,9;24,3;14,6;14;54;51;54;313;4,8;2,8;
2019/10/27;0400 UTC;0;956,5;956,9;956,5;;22,2;15,1;24,6;21,8;15,1;14,6;65;54;64;339;4,4;1,4;
2019/10/27;0500 UTC;0;956,2;956,5;956,2;;22;15;22,5;21,9;15,2;14,9;65;62;65;315;3,6;2;
2019/10/27;0600 UTC;0;956,2;956,2;956;;21,5;14,8;22;21,3;15,3;14,8;68;65;66;320;4,7;2,9;
2019/10/27;0700 UTC;0;956,6;956,6;956,2;;20,3;14,6;21,6;20,3;14,9;14,6;70;65;70;317;4,6;,9;
2019/10/27;0800 UTC;0;957,1;957,1;956,6;;20,7;15,1;20,7;19,6;15,1;14,6;73;70;71;291;3,2;1,4;
2019/10/27;0900 UTC;0;957,7;957,7;957,1;17,8;21,5;15,6;21,5;20,7;15,6;15,2;71;69;69;296;3,2;1,2;
2019/10/27;1000 UTC;0;958,3;958,3;957,7;562,7;23,9;15,8;24;21,5;16,6;15,6;69;61;61;312;3,1;1,6;
2019/10/27;1100 UTC;0;958,8;958,8;958,3;1449,8;26,2;15,6;26,4;23,8;16,7;15,6;63;52;52;288;4,3;1,9;
2019/10/27;1200 UTC;0;958,8;958,8;958,6;2332,1;29;14,9;29,5;26,2;16,6;14,9;53;42;42;270;6,4;2,7;
2019/10/27;1300 UTC;0;958,4;958,9;958,4;3029,1;31,4;14,6;31,9;29;15,7;14,2;43;35;36;197;6,4;2,5;
2019/10/27;1400 UTC;0;957,6;958,5;957,6;3480,3;34,4;14,3;34,4;31,4;15,4;13,5;37;30;30;207;7;2;
2019/10/27;1500 UTC;0;956,7;957,6;956,7;3686,5;34,5;14;35,3;33,6;14,8;13,3;31;28;29;218;7,2;2,5;
2019/10/27;1600 UTC;0;955,4;956,7;955,4;3740,9;36,3;14,1;36,7;34,3;14,9;12,9;30;25;27;204;7,8;2,5;
2019/10/27;1700 UTC;0;954,3;955,4;954,3;2834,3;35,7;14,6;37,4;34,5;14,6;12,5;29;24;28;192;8,8;3;
2019/10/27;1800 UTC;0;953,6;954,3;953,6;1577,4;34,5;13,7;36,9;34,5;14,4;13,1;29;25;29;193;8;2,1;
2019/10/27;1900 UTC;0;952,7;953,6;952,7;1385,5;36,4;14;36,8;34,4;14,7;13,4;30;25;26;137;5,7;1,4;
2019/10/27;2000 UTC;0;953;953;952,6;619,4;31,3;15,9;36,5;29,9;16,3;12,3;42;26;39;211;6,9;,6;
2019/10/27;2100 UTC;7,2;953;953,9;953;159,2;25,6;17,2;31,4;22,7;19,3;15,3;78;39;60;165;13,1;,9;
2019/10/27;2200 UTC;0;953,3;953,3;953;48,7;29,1;13,7;29,2;25,4;18,1;13,2;63;38;39;40;3,4;0;
2019/10/27;2300 UTC;0;954,1;954,1;953;1,1;24,3;18,3;30,3;23,7;19,3;12,2;75;34;69;38;4,7;,9;
2019/10/28;0000 UTC;0;954,9;954,9;954,1;;27,2;14,9;27,2;24,3;18,5;14,9;69;47;47;85;2,7;0;
2019/10/28;0100 UTC;3,2;955,8;957,4;954,9;7,5;24,1;18,1;27,7;18,6;18,1;13,5;79;46;69;294;24,1;1,9;
2019/10/28;0200 UTC;,2;956,7;956,8;955,7;15;25;16,7;26,3;23,8;18,4;16,7;71;60;60;164;11,5;5;
2019/10/28;0300 UTC;,4;956,5;959,1;956,3;5,5;21,3;18,4;26,1;17,3;18,6;13,5;87;47;83;238;22;4,9;
2019/10/28;0400 UTC;,2;956,5;957,3;956,4;2,2;21,3;18;21,3;21;18,7;18;86;82;82;241;10,2;3,6;
2019/10/28;0500 UTC;0;955,8;956,5;955,8;1,3;21,5;18,2;21,5;20,6;18,2;17,1;85;80;81;215;8,4;1,7;
2019/10/28;0600 UTC;0;955,5;955,8;955,4;;21,5;17,3;22,1;21,4;18,2;17,2;81;76;77;220;6,5;,5;
2019/10/28;0700 UTC;,2;956,5;956,5;955,5;;20,9;17,3;21,5;20,9;17,4;17;81;76;80;220;6,9;,9;
2019/10/28;0800 UTC;0;958,5;958,5;956,5;;20,4;17,5;21,3;19,9;17,6;16,7;85;75;83;68;7,1;2,6;
2019/10/28;0900 UTC;0;958,8;959,1;958,5;5,6;19,9;17,6;20,8;19,9;17,7;17,2;87;81;87;357;5,2;1,2;
2019/10/28;1000 UTC;,2;959,9;960;958,8;85,8;20,2;17,7;20,5;19,9;18,3;17,3;88;84;85;37;5,1;3;
2019/10/28;1100 UTC;0;960;960,2;959,9;154,3;19,8;18,2;20,3;19,8;18,2;17,6;90;85;90;43;8,1;3,2;
2019/10/28;1200 UTC;0;959,8;960,3;959,8;325,6;20,4;18,6;20,5;19,8;18,9;18;91;89;89;295;5,2;,8;
2019/10/28;1300 UTC;0;959,5;959,9;959;536,9;21,1;19,4;21,1;20,4;19,4;18,7;91;89;90;30;5,4;1;
2019/10/28;1400 UTC;0;958,9;959,6;958,8;1195,6;23,9;20;23,9;21;20,1;19,2;90;78;79;164;6,7;2,4;
2019/10/28;1500 UTC;0;958,2;959;958,2;2790;26,1;19,1;26,4;23,9;20,3;18,7;79;64;66;175;8,5;3,7;
2019/10/28;1600 UTC;,2;956,8;958,2;956,8;2285,2;24,7;18,8;26,6;24,7;20;18,3;71;63;69;161;9,3;3;
2019/10/28;1700 UTC;0;955,9;956,8;955,9;2357,2;28,4;19,2;28,4;24,7;19,9;18,4;70;56;58;194;8,4;2,1;
2019/10/28;1800 UTC;0;954,9;955,9;954,9;2005;27,4;19,3;28,4;27,2;20,1;18,3;63;55;61;133;6,5;1,2;
2019/10/28;1900 UTC;,2;954,2;954,9;954,2;1189,4;27,7;17,8;27,7;27,1;19,7;17,5;63;54;55;163;4,1;1,2;
2019/10/28;2000 UTC;,2;954,5;954,5;954;1557,1;28,5;16,2;29,5;27,7;18,6;16;57;45;47;192;4,3;1,7;
2019/10/28;2100 UTC;,2;954,6;954,9;954,5;440;26;16,5;29,1;26;17;16;57;46;56;151;4,1;,6;
2019/10/28;2200 UTC;,2;955;955;954,5;8,7;24,6;17,3;26;24,2;18,2;16,7;68;56;64;131;2,9;,9;
2019/10/28;2300 UTC;,2;955,3;955,3;955;;24,2;16,7;24,7;24;17,7;16,7;66;63;63;150;2,2;,5;
2019/10/29;0000 UTC;,2;956,1;956,1;955,2;;23,6;17,5;24,3;22,5;17,9;16,8;75;63;69;47;3,2;,6;
2019/10/29;0100 UTC;0;956,4;956,7;956,1;;22,6;17,9;23,6;22,5;18;17,1;75;68;74;22;3,6;,1;
2019/10/29;0200 UTC;,2;956,4;956,4;956,2;;22,4;17,5;23;22,3;18,1;17,4;76;73;74;55;1,5;0;
2019/10/29;0300 UTC;0;955,7;956,4;955,7;;22,1;17,6;22,4;21,4;18;17,3;80;73;76;271;2,3;,6;
2019/10/29;0400 UTC;0;955,3;955,7;955,3;;20,8;17,9;22,3;20,6;18,1;17,4;85;75;84;233;2,6;,2;
2019/10/29;0500 UTC;0;954,7;955,3;954,7;;20,2;17,9;20,8;20,2;18;17,8;87;83;87;172;2;,7;
2019/10/29;0600 UTC;,2;954,1;954,7;954,1;;19,8;18,1;20,3;19,7;18,1;17,6;90;86;90;183;2,8;1,3;
2019/10/29;0700 UTC;0;954,3;954,4;953,9;;20,4;18,4;20,4;19,8;18,6;18,1;90;89;89;352;2,7;0;
2019/10/29;0800 UTC;0;954,3;954,4;954,2;;20,1;18,3;21;20;18,7;18;90;85;90;315;0;0;
2019/10/29;0900 UTC;0;955,7;955,7;954,3;14,1;19,5;18,1;20,5;19,5;18,6;18;91;88;91;14;2;,6;
2019/10/29;1000 UTC;0;956,6;956,6;955,7;316,3;21;19;21;19,5;19;18,1;92;88;88;325;2;,1;
2019/10/29;1100 UTC;0;956,8;957;956,6;738,8;22,9;20,1;22,9;21;20,2;18,8;88;84;84;338;1,5;,3;
2019/10/29;1200 UTC;0;957,3;957,3;956,8;1860,1;26,2;18,5;26,5;22,9;20,7;18,5;85;62;62;274;3,7;1,1;
2019/10/29;1300 UTC;0;957,1;957,3;957;3069,7;28,4;19;28,5;26,1;19,9;17,5;65;55;57;235;3,7;,8;
2019/10/29;1400 UTC;0;956,7;957,1;956,7;3569;30,7;17,8;31,3;28,4;20;16,8;60;43;46;218;5,4;1,4;
2019/10/29;1500 UTC;,2;956,1;956,7;956,1;3375,4;30,7;17,9;31,7;30,2;18,7;16,2;49;41;47;137;4,1;,9;
2019/10/29;1600 UTC;0;954,9;956,1;954,9;3867,5;32,8;15,8;32,9;30,7;18,5;15,3;48;35;36;186;6,3;2;
2019/10/29;1700 UTC;0;953,5;954,9;953,5;3468,5;33;16;33,5;32,2;17,7;14,6;40;33;36;162;7,7;2,9;
2019/10/29;1800 UTC;0;952,6;953,5;952,6;2950,6;33,1;15,2;33,8;32,6;17,7;14,2;40;32;34;172;7,7;2,9;
2019/10/29;1900 UTC;0;952,8;952,8;952,6;2233,7;33,2;14,9;34,1;33,1;15,4;13,8;35;30;33;172;5,8;2,9;
2019/10/29;2000 UTC;0;952,4;952,8;952,4;1052,9;32,7;15;33,6;31,4;16,5;14,4;40;31;34;168;5,6;1,6;
2019/10/29;2100 UTC;0;952,9;952,9;952,4;457,2;30,7;16,6;32,9;30,7;17;14,7;43;34;43;164;3,7;1,3;
2019/10/29;2200 UTC;0;952,9;953,2;952,8;37,3;28,3;17,8;30,7;28,3;18,7;16,5;54;43;53;174;3;1,1;
2019/10/29;2300 UTC;0;954,4;954,4;952,9;;28,6;17,6;28,7;28,1;18,2;17,2;55;50;51;195;2,2;,9;
2019/10/30;0000 UTC;0;954,7;955;954,3;;24;18,1;29,1;24;18,6;16,6;70;47;69;248;9,8;4,7;
2019/10/30;0100 UTC;0;956,3;956,3;954,5;;23,8;18,2;24,1;23,5;18,3;18;72;69;71;288;8,4;2,9;
2019/10/30;0200 UTC;,2;956,2;958,9;956;2,8;20,6;18,3;24,6;18,8;19;15,7;87;68;86;172;17,3;2,7;
2019/10/30;0300 UTC;0;955,7;956,2;955,6;,8;20,9;17,9;21,6;20,6;19;17,8;88;81;83;1;5,4;,4;
2019/10/30;0400 UTC;0;955,2;955,7;955,1;;20,8;18,5;21,2;20,8;18,7;17,9;87;83;87;273;4,5;,3;
2019/10/30;0500 UTC;0;955,1;956,8;955,1;;20,8;18,9;20,8;20,5;19;18,4;90;87;89;321;8,2;1,2;
2019/10/30;0600 UTC;0;954,9;955,3;954,1;;20,7;18,5;21;20,5;18,9;18,4;89;86;87;319;3,9;1,7;
2019/10/30;0700 UTC;0;955;955,2;954,8;;20,1;17,9;20,7;19,9;18,5;17,9;90;87;87;326;3,9;0;
2019/10/30;0800 UTC;0;956;956;955;;20;17,9;20,4;19,8;18,2;17,7;89;86;88;273;2,1;,9;
2019/10/30;0900 UTC;0;956,2;956,3;956;15,3;20,2;17,9;20,5;19,8;18,2;17,9;89;86;87;243;2,1;,1;
2019/10/30;1000 UTC;0;956,5;956,5;956,2;553,4;22,7;18,8;22,7;20;19,1;17,9;88;78;79;304;1,9;,3;
2019/10/30;1100 UTC;0;956,7;956,8;956,5;1492,1;24,4;19,4;24,4;22,6;19,4;18,2;79;72;74;293;3;,9;
2019/10/30;1200 UTC;0;956,4;956,7;956,4;2369,1;26,1;19,3;26,1;24,2;19,9;18,4;74;65;67;304;5,7;1,6;
2019/10/30;1300 UTC;0;956,4;956,5;956,3;3094;28,4;19,1;28,4;26,1;19,8;18,1;68;56;57;323;4,9;,6;
2019/10/30;1400 UTC;0;956,2;956,4;956,2;3569,6;29,9;18,7;29,9;28;20,4;18;62;49;51;160;4,2;,4;
2019/10/30;1500 UTC;0;956,1;956,3;956;3793,6;30,6;18,3;31,1;29,8;19,6;17,3;54;45;48;49;4,8;2,2;
2019/10/30;1600 UTC;0;955,3;956,1;955,3;3775;32,1;17,9;32,4;30,6;19,8;16,8;49;41;43;95;4;1,3;
2019/10/30;1700 UTC;0;954,4;955,3;954,4;3455;33,8;17,5;33,8;31,9;19,8;16,7;46;37;38;81;3,9;,3;
2019/10/30;1800 UTC;0;953,6;954,4;953,6;2903,4;34,2;15,8;34,2;33;18,6;15,3;41;33;33;343;4,4;0;
2019/10/30;1900 UTC;0;953,2;953,6;953,1;2226,8;33,6;14,9;34,5;33,4;17,8;14,7;39;32;33;60;4,4;1,5;
2019/10/30;2000 UTC;0;953,1;953,2;953;1361;33,3;14,6;33,9;33,3;16,1;13,7;36;29;32;41;4;1,1;
2019/10/30;2100 UTC;0;953,4;953,4;953,1;482,4;31,2;17,1;33,3;31,2;17,1;14,2;43;32;43;36;3;,3;
2019/10/30;2200 UTC;0;953,8;953,8;953,4;14,9;29,9;16,8;31,2;29,9;17,7;16,5;46;43;45;25;2,1;0;
2019/10/30;2300 UTC;0;954,7;954,7;953,8;;28,5;18;30,3;28,5;18,2;16,6;53;44;53;32;1,9;0;
2019/10/31;0000 UTC;0;955,5;955,6;954,7;;27,2;17,6;29,1;27,2;18,2;16,9;56;48;56;302;2,8;1;
2019/10/31;0100 UTC;0;955,9;955,9;955,3;;26,9;17,2;27,4;26,8;18;17,2;57;54;55;311;2,9;1;
2019/10/31;0200 UTC;0;957,8;958,1;955,8;;23,2;15,3;27,6;23,2;17,8;14,5;61;51;61;11;13,2;7,3;
2019/10/31;0300 UTC;0;956;957,8;956;;23;15;23,7;22,5;15,5;14,9;64;59;61;311;12,1;3;
2019/10/31;0400 UTC;0;955,9;956,7;955,9;;22;15,7;23,3;21,9;16;14,7;69;59;67;202;5,4;,2;
2019/10/31;0500 UTC;0;956,3;956,3;955,8;;21,4;16,5;22,1;21,3;16,8;15,7;74;67;74;86;4,1;,2;
2019/10/31;0600 UTC;0;956,3;956,6;956;;20;17,1;21,4;19,8;17,1;16,5;83;74;83;36;4;,5;
2019/10/31;0700 UTC;0;956,6;956,6;956,2;;19,9;16,7;20,2;19,6;17,3;16,7;86;81;82;36;1,9;0;
2019/10/31;0800 UTC;0;957,3;957,3;956,6;;19,7;17,1;20,3;19,6;17,2;16,8;85;81;85;356;1,3;,2;
2019/10/31;0900 UTC;0;957,6;957,6;957,3;25,6;19,8;16,7;19,8;19,2;17;16,3;86;82;82;334;1,5;,4;
2019/10/31;1000 UTC;0;958,3;958,3;957,6;611,6;21,7;17,7;21,7;19,8;17,8;16,6;82;76;78;349;2,6;1,1;
2019/10/31;1100 UTC;0;958,6;958,7;958,3;1539,2;24,9;17,7;24,9;21,7;18,5;17,4;78;63;64;354;3,2;1,4;
2019/10/31;1200 UTC;0;958,5;958,7;958,5;2415,1;27,2;16,8;27,5;25;18,3;15,7;65;51;53;314;6,3;3,2;
2019/10/31;1300 UTC;0;958;958,6;958;3077,3;29,6;17,6;29,6;27,1;17,8;15,6;53;46;48;277;6,5;2,7;
2019/10/31;1400 UTC;0;957,7;958,2;957,6;3602,2;30,5;18,1;31;29,4;18,3;16,1;50;42;48;311;5,9;2,1;
2019/10/31;1500 UTC;0;957,6;957,8;957,6;3809;32,1;17,6;32,4;30,5;18,7;15,1;49;38;42;332;5,1;,8;
2019/10/31;1600 UTC;0;956,7;957,6;956,7;3696;32,8;16;32,9;31,6;18,7;15,9;44;36;36;64;4,9;1,9;
2019/10/31;1700 UTC;0;955,5;956,7;955,5;2896,4;33;17,7;33,6;31,6;18,3;14,9;43;33;40;70;7;1,8;
2019/10/31;1800 UTC;0;954,6;955,5;954,6;2829,7;33,8;15,7;33,8;32,7;17,6;15;41;34;34;69;4,5;1,7;
2019/10/31;1900 UTC;0;953,9;954,6;953,9;2026,9;32,8;16,3;33,9;32,6;17,4;15,2;40;33;37;30;7,3;3,5;
2019/10/31;2000 UTC;0;953,9;953,9;953,7;1414,1;32,2;16,7;32,9;32,2;17,2;15,1;41;35;39;9;7,9;2,8;
2019/10/31;2100 UTC;0;954;954,1;953,8;483,6;30,3;16,1;32,2;30,3;17,1;15,8;43;37;42;34;6,3;2,2;
2019/10/31;2200 UTC;0;955,1;955,1;954;25,1;28;17,8;30,4;27,8;17,9;16,1;54;42;54;6;5,6;2,5;
2019/10/31;2300 UTC;0;956,1;956,1;955,1;;25,7;18,2;28,1;25,7;18,4;17,8;63;54;63;356;5,6;1,7;
2019/11/01;0000 UTC;;956,5;956,6;956,1;;25,3;18,2;25,7;25;18,4;18,1;66;63;64;4;5,6;2,1;
2019/11/01;0100 UTC;;957,2;957,2;956,5;;24,7;18,3;25,6;24,6;18,4;18,1;68;64;68;358;6,8;3,6;
2019/11/01;0200 UTC;;957,8;957,9;957,2;;23,6;18,2;24,7;23,3;18,5;18,2;73;68;72;308;5,6;1,4;
2019/11/01;0300 UTC;;957,7;958,1;957,7;;23,3;17,8;23,6;23;18,3;17,8;74;71;71;13;2,6;1,6;
2019/11/01;0400 UTC;;957;957,7;957;;21,5;17,4;23,3;21,5;17,9;17,3;78;71;78;351;2,9;1,7;
2019/11/01;0500 UTC;;956,6;957;956,6;;21,9;16,6;22,5;21,3;17,5;16,6;78;71;72;2;4,3;2,7;
2019/11/01;0600 UTC;;956,7;956,7;956,5;;21,9;15,6;22,1;21,2;16,5;15,6;74;67;67;4;6,5;3,6;
2019/11/01;0700 UTC;;956,9;956,9;956,5;;20,8;15,8;22;20,8;15,8;15,5;73;67;73;354;6,5;2,6;
2019/11/01;0800 UTC;;957,4;957,4;956,9;;21,2;16,4;21,4;20,9;16,4;15,8;75;71;74;13;5;3;
2019/11/01;0900 UTC;;958,1;958,1;957,4;32,3;21;16,7;21,2;20,6;16,7;16,3;78;74;77;2;6,3;3,1;
2019/11/01;1000 UTC;;959,1;959,1;958,1;630,6;22,9;17,5;22,9;21;17,8;16,8;77;72;72;349;6,8;3,6;
2019/11/01;1100 UTC;;959,7;959,7;959,1;1539,4;24,6;17,3;24,6;22,8;17,6;16,7;72;63;64;5;9,7;5;
2019/11/01;1200 UTC;;959,9;959,9;959,7;2414,3;26,7;17,6;26,8;24,6;18,1;17,1;64;56;57;336;9,7;4,9;
2019/11/01;1300 UTC;;959,6;959,9;959,6;3150,4;28,7;17,7;28,7;26,7;18,4;17,3;58;51;51;333;8,8;4,2;
2019/11/01;1400 UTC;;959;959,6;959;3616,4;31,1;17,6;31,6;28,7;19;17,3;54;44;44;298;8,1;3,4;
2019/11/01;1500 UTC;;958,3;959;958,3;3610,1;31,9;18,1;32,7;30,7;18,6;16,2;48;39;44;319;7,2;2,8;
2019/11/01;1600 UTC;;957,1;958,3;957,1;2746,4;32,6;16,7;32,9;31,3;18,7;15,4;44;36;39;323;8,3;1,5;
2019/11/01;1700 UTC;;955,7;957,1;955,7;3230,2;33,6;16,1;33,7;32,2;17,7;14,6;40;32;35;13;7,5;2,3;
2019/11/01;1800 UTC;;954,5;955,7;954,5;3068,5;34;13,7;34,4;33,3;16,6;13,7;37;29;29;12;5,6;2,3;
2019/11/01;1900 UTC;;954,1;954,5;954;2028,7;33,2;15,4;34,5;32,6;15,5;13;34;28;34;347;5,7;2,1;
2019/11/01;2000 UTC;;954,1;954,3;954,1;625,5;32,5;15,4;33,9;31,7;16,3;14;39;30;36;350;6,7;4,1;
2019/11/01;2100 UTC;;954,8;954,8;954,1;516,9;30,9;14,9;32,6;30,9;15,8;14,2;38;33;38;354;7,8;3,8;
2019/11/01;2200 UTC;;955,4;955,4;954,8;23,1;27,6;15,7;31;27,6;15,7;14,7;48;37;48;348;6,9;2,1;
2019/11/01;2300 UTC;;956,5;956,5;955,4;;27,1;16,4;27,6;26,7;16,4;15,6;52;48;52;270;6,2;3,4;
2019/11/02;0000 UTC;;957,6;957,6;956,5;;26,5;16,8;28,4;25,7;17,1;15,6;59;46;55;359;8,9;4,8;
2019/11/02;0100 UTC;;958,3;958,3;957,6;;24,6;17,3;26,5;24,6;17,3;16,8;64;55;64;3;8,9;2,9;
2019/11/02;0200 UTC;;958,7;958,7;958,3;;23,7;17,2;24,6;23,6;17,5;17,1;67;64;67;358;8;3,6;
2019/11/02;0300 UTC;;958,7;958,8;958,7;;22,7;16,9;23,7;22,7;17,3;16,9;70;67;70;2;7,3;3,4;
2019/11/02;0400 UTC;;958,2;958,7;958,2;;21,5;17;22,7;21,5;17;16,9;75;70;75;6;6,5;2,7;
2019/11/02;0500 UTC;;958;958,3;958;;20,7;17;21,6;20,7;17;16,9;79;75;79;4;5,2;2,1;
2019/11/02;0600 UTC;;957,7;958,1;957,7;;20,1;17;20,8;20,1;17,1;16,9;83;79;82;355;4,4;2,5;
2019/11/02;0700 UTC;;958,2;958,2;957,7;;19,7;16,9;20,1;19,6;17,1;16,9;85;83;84;356;4,4;2;
2019/11/02;0800 UTC;;958,5;958,5;958,1;;19,6;16,9;19,8;18,9;17;16,7;87;84;84;325;4;1,9;
2019/11/02;0900 UTC;;958,7;958,7;958,4;28,9;19,5;16,9;19,6;19;16,9;16,5;86;84;85;338;3,9;2,1;
2019/11/02;1000 UTC;;959,1;959,1;958,7;599,5;21,8;17,5;21,9;19,5;18;16,9;85;76;77;344;3,9;2,1;
2019/11/02;1100 UTC;;959;959,2;959;1544,1;24,8;18,2;24,9;21,8;18,7;17,4;78;66;67;335;5,6;2,5;
2019/11/02;1200 UTC;;958,7;959,1;958,6;2426,3;27,4;16,9;27,4;24,7;18,4;16,7;68;52;53;292;8,8;5,6;
2019/11/02;1300 UTC;;958,2;958,7;958,2;3161,4;29,6;16,2;29,9;27,4;17,7;16;53;44;44;256;8,9;4;
2019/11/02;1400 UTC;;957,5;958,2;957,5;3650;30,7;17,1;31;29,3;18;15,9;47;41;44;269;8,9;3,2;
2019/11/02;1500 UTC;;956,5;957,5;956,5;3866,3;32,1;16;32,3;30,4;17,7;15,5;45;37;38;267;8;2,4;
2019/11/02;1600 UTC;;955,8;956,5;955,7;3844,2;32,5;14,7;33,2;31,5;17,6;14,4;42;33;34;236;7,8;2,2;
2019/11/02;1700 UTC;;954,7;955,8;954,7;3672,8;33,8;14,2;34,3;32,5;17,4;13,1;38;28;31;273;7,6;1,3;
2019/11/02;1800 UTC;;953,8;954,7;953,8;2996,8;33,9;13,8;34,4;32,9;15,2;12,6;33;27;30;262;5,6;1,6;
2019/11/02;1900 UTC;;953,3;953,8;953,3;2298,5;33,8;13,6;34,6;33,5;14,8;12,5;32;28;30;232;5,4;1,5;
2019/11/02;2000 UTC;;953,3;953,4;953,2;1398,1;33,5;14,3;34,3;33,1;14,6;12,3;32;27;32;298;5;,4;
2019/11/02;2100 UTC;;953,4;953,4;953,2;504;32,1;13,6;34;32,1;15,4;12,3;36;27;33;231;2,1;,1;
2019/11/02;2200 UTC;;953,6;953,6;953,3;15,6;30;12,8;32,1;29,9;14,1;12,4;36;31;35;188;,9;0;
2019/11/02;2300 UTC;;954;954;953,6;;29,3;13,8;30,4;29,3;13,8;12,5;39;34;39;347;,9;,2;
2019/11/03;0000 UTC;;954,6;954,6;954;;28,1;15,2;29,3;27,2;16,6;13,7;52;39;45;358;4,4;,3;
2019/11/03;0100 UTC;;955,1;955,1;954,6;;27,6;15;28,4;27,4;16;14,9;49;45;46;272;3,1;1,6;
2019/11/03;0200 UTC;;955,1;955,2;955,1;;27,4;15,4;27,9;27,1;15,4;15;49;45;48;246;3,5;2,7;
2019/11/03;0300 UTC;;954,6;955,1;954,6;;24,7;16,1;27,4;24,7;16,2;15,4;59;48;59;332;3,5;,1;
2019/11/03;0400 UTC;;954,3;954,6;954,3;;24,6;16,2;24,8;23,7;16,5;16,1;63;59;60;350;1,8;0;
2019/11/03;0500 UTC;;953,9;954,3;953,9;;23,6;16,2;24,6;23,6;16,4;16,2;64;60;64;335;2,2;,5;
2019/11/03;0600 UTC;;954;954;953,8;;22,4;16,6;23,5;22,2;16,7;16,2;71;64;69;336;2,1;,2;
2019/11/03;0700 UTC;;954,1;954,1;953,9;;22,1;16;22,7;22;16,6;16;71;68;68;1;1,5;,4;
2019/11/03;0800 UTC;;954,6;954,6;954,1;;21,6;15,8;22,5;21,6;16,1;15,7;70;66;70;10;1,5;0;
2019/11/03;0900 UTC;;955,1;955,1;954,6;31,4;21,8;16,4;21,8;20,5;16,6;15,8;77;70;71;320;1,8;,8;
2019/11/03;1000 UTC;;955,6;955,6;955,1;643;24,4;17;24,4;21,8;17,4;16,4;71;63;63;306;2,4;,8;
2019/11/03;1100 UTC;;955,7;955,9;955,6;1579,4;26,5;16,9;26,6;24,4;18;16,6;65;56;56;276;4,2;2,4;
2019/11/03;1200 UTC;;955,3;955,7;955,3;2458,8;30,2;18,1;30,2;26,4;18,5;16,9;58;47;48;222;6,7;1,8;
2019/11/03;1300 UTC;;954,6;955,3;954,6;3189,7;32,4;17,1;32,4;29,6;19;16,9;49;40;40;196;7,4;2,3;
2019/11/03;1400 UTC;;954,3;954,7;954,3;3668,2;33,6;14,8;34,1;32,3;18,1;14,8;42;32;32;218;8,5;2,1;
2019/11/03;1500 UTC;;953,9;954,3;953,9;3997,5;35,4;13,9;35,6;33,6;16;12,9;34;27;28;165;7,9;2,1;
2019/11/03;1600 UTC;;953,2;953,9;953,2;4120;36,6;12,5;36,6;34,3;15;11,9;29;23;24;151;7,6;1,4;
2019/11/03;1700 UTC;;952,2;953,2;952,2;3866,2;36,7;12;36,9;35,1;13,8;11,4;27;22;23;294;5,5;1,4;
2019/11/03;1800 UTC;;951,2;952,2;951,2;3224,9;35,9;11,6;37,3;35,5;13,5;10,4;26;21;23;119;5,5;1,9;
2019/11/03;1900 UTC;;950,7;951,2;950,6;2337,4;36,4;12,2;36,8;35,3;13,4;11;26;22;23;106;6;1,1;
2019/11/03;2000 UTC;;950,4;950,7;950,4;1391,7;35,4;11,6;36,5;35,3;12,4;10,2;25;21;24;278;3,7;,4;
2019/11/03;2100 UTC;;950,6;950,6;950,4;515,4;33,7;11,6;35,4;33,6;12,8;10,9;28;23;26;156;2,9;1,3;
2019/11/03;2200 UTC;;951;951;950,6;25,7;31,5;11,6;33,8;31,4;11,8;10,6;30;26;30;168;2,6;1,9;
2019/11/03;2300 UTC;;951,8;951,8;951;;30,9;12,4;31,7;30,9;12,4;11,3;32;29;32;170;2,7;1,7;
2019/11/04;0000 UTC;;952,6;952,6;951,8;;29,7;12,5;31;29,7;12,9;12;36;31;35;166;2,5;1,3;
2019/11/04;0100 UTC;;952,9;952,9;952,6;;28,3;12,6;29,9;27,8;14,1;12,2;43;34;38;236;2;,7;
2019/11/04;0200 UTC;;953;953;952,9;;26,8;13,2;28,5;26,4;13,3;12,1;44;37;43;325;1,7;,8;
2019/11/04;0300 UTC;;952,8;953;952,8;;25,5;14,1;26,8;24,9;14,5;13,1;52;43;49;337;1,9;1,2;
2019/11/04;0400 UTC;;952,6;953;952,6;;23,4;14,9;25,5;22,3;16;13,9;68;49;59;204;4,2;,3;
2019/11/04;0500 UTC;;952,9;953,2;952,5;;23,5;15,4;24,8;22,6;15,9;14,7;64;56;61;339;6,4;,7;
2019/11/04;0600 UTC;;952,4;953;952,4;;22,9;16,5;23,9;22,9;16,5;15,2;67;59;67;359;4;2,1;
2019/11/04;0700 UTC;;952,9;952,9;952,4;;22,1;17,1;22,9;21,7;17,2;16,3;74;67;73;342;3,7;,2;
2019/11/04;0800 UTC;;953,4;953,4;952,9;;21,4;17,5;22,2;21,3;17,8;17,1;79;73;78;343;1,5;,8;
2019/11/04;0900 UTC;;953,6;953,6;953,4;43,5;21,6;18;21,7;21,2;18,1;17,6;81;79;80;335;1,6;,8;
2019/11/04;1000 UTC;;954,1;954,2;953,6;589,3;23,9;17;23,9;21,6;18,5;17;80;65;65;277;3,2;1,4;
2019/11/04;1100 UTC;;954,4;954,4;953,9;1267;26,2;17,6;26,3;23,8;18,1;16,6;66;59;59;348;4,1;,4;
2019/11/04;1200 UTC;;954,3;954,5;954,3;2478,5;29,5;18,3;29,5;26,2;18,8;17,5;60;51;51;170;3,4;1,3;
2019/11/04;1300 UTC;;953,8;954,3;953,8;3133;31,7;18,4;32,1;29,3;19,1;17,7;53;43;45;147;6,2;1,6;
2019/11/04;1400 UTC;;953;953,8;953;3593;33,6;16,9;33,9;31,7;19,4;16,9;47;37;37;153;6,3;2,3;
2019/11/04;1500 UTC;;952,4;953;952,4;2496,2;33,8;16,9;34,4;32,8;18,9;16,4;43;36;37;128;6,8;2;
2019/11/04;1600 UTC;;951,5;952,4;951,5;2564,6;34,5;15,9;37;33,8;18;13,5;38;26;33;237;6,9;1,1;
2019/11/04;1700 UTC;;950,7;951,5;950,6;1888,8;34,9;15,1;37,3;34,3;16,4;14;33;26;31;205;8;1,9;
2019/11/04;1800 UTC;;949,7;950,6;949,7;1842,3;35,1;14,7;36,8;34,5;16,2;13,5;33;27;29;180;9,5;2,3;
2019/11/04;1900 UTC;;949,4;951,4;949,4;1011;29,4;19,3;35,1;22,9;19,9;14,4;63;30;54;32;17,8;1;
2019/11/04;2000 UTC;;949,4;949,5;949,3;762,3;32,1;18,9;32,9;29,4;21,9;17,3;59;41;46;183;3,4;,6;
2019/11/04;2100 UTC;;949,6;949,6;949,4;852,2;31,2;19,8;32,2;29;21,1;16,8;55;41;51;252;9,1;1,4;
2019/11/04;2200 UTC;;950,3;950,3;949,6;24,8;30;16,4;31,8;29,8;19,8;15,3;52;37;44;304;3;0;
2019/11/04;2300 UTC;;951,3;951,3;950,3;;29,7;16,8;30,3;28,9;18;16,5;52;44;46;223;1,8;,4;
2019/11/05;0000 UTC;;952;952;951,3;;27,7;17,5;29,8;27,7;18,5;16,3;55;45;54;5;2,3;0;
2019/11/05;0100 UTC;;952,6;952,6;952;;27,3;18,4;28,1;27,2;18,4;17,3;58;53;58;194;2,5;,8;
2019/11/05;0200 UTC;;952,5;952,6;952,4;;27;17,5;27,4;26,6;18,8;17,2;60;55;56;197;1,9;,8;
2019/11/05;0300 UTC;;952,4;952,5;952,3;;26,2;17,9;27,3;26,2;17,9;17,1;60;54;60;187;1,8;,3;
2019/11/05;0400 UTC;;952;952,4;952;;25,8;17,8;26,2;25,3;18,4;17,7;66;60;61;181;1,8;1,1;
2019/11/05;0500 UTC;;951,7;952;951,7;;24,7;18,8;26,3;24,4;18,9;17,7;71;59;70;295;2,5;,3;
2019/11/05;0600 UTC;;952;952;951,5;;25,1;18,4;25,8;24,7;18,9;18,2;70;63;66;236;2,4;0;
2019/11/05;0700 UTC;;953,3;953,3;952;;23,8;18,7;25,1;23,3;19,3;18,4;77;66;73;299;3;1,5;
2019/11/05;0800 UTC;;954,6;954,6;953,3;;23,6;19,3;25,2;23,5;19,3;18,3;77;66;77;244;9,1;2,7;
2019/11/05;0900 UTC;;955,3;955,3;954,6;22;22,7;19,6;23,6;22,6;19,6;19,3;83;77;83;264;6,7;3;
2019/11/05;1000 UTC;;955,7;955,7;955,3;428,7;24,2;20,3;24,2;22,6;20,5;19,6;84;79;79;262;6,3;3,5;
2019/11/05;1100 UTC;;956;956,1;955,7;1403,3;26;20,7;26;24,2;21;20,3;80;73;73;248;9;5;
2019/11/05;1200 UTC;;956,1;956,2;956;2329,7;28,6;20,8;28,6;25,9;21,7;20,1;73;63;63;236;9;2,7;
2019/11/05;1300 UTC;;956,1;956,3;956,1;3045,2;30,6;20,8;30,6;28,2;21,7;19,8;65;54;56;229;8,2;1,8;
2019/11/05;1400 UTC;;955,9;956,2;955,9;3353,6;32,2;17,9;32,4;30,2;20,8;17,9;56;43;43;186;7,9;3,1;
2019/11/05;1500 UTC;;955,2;955,9;955,2;3794,4;33,7;19,7;33,7;31,9;19,9;17,7;46;40;44;192;9,7;2,8;
2019/11/05;1600 UTC;;954;955,3;954;3574;34,8;17,7;34,9;33;19,5;16,7;44;35;36;165;9,6;3;
2019/11/05;1700 UTC;;952,7;954;952,7;2800,9;34,2;17,1;35,4;33,5;18,6;15,8;39;33;36;177;8,8;2,7;
2019/11/05;1800 UTC;;951,3;952,7;951,3;1944,8;33,9;17,4;35,4;33,3;19,4;16,1;41;33;37;214;9,2;1,8;
2019/11/05;1900 UTC;;951,2;951,4;951,1;1888,1;34,9;17,5;35,2;33,7;18;15,9;39;33;36;183;8,7;2,5;
2019/11/05;2000 UTC;;952,2;952,2;951,2;1303,8;33,1;15,3;35,4;33,1;17,2;15,2;36;32;34;167;9,9;1,8;
2019/11/05;2100 UTC;;954;954;952,2;169,7;27;18,6;33,1;27;18,6;15,7;60;34;60;46;12,2;4,6;
2019/11/05;2200 UTC;;954,8;954,8;954;13,7;25,5;18,7;27;25,5;18,7;18;66;60;66;39;9,2;4;
2019/11/05;2300 UTC;;956,2;956,2;954,8;;24,1;18,8;25,5;24;19,3;18,6;74;66;72;10;9,9;5;
2019/11/06;0000 UTC;;957,4;957,4;956,2;;23;18,6;24,1;22,9;19,1;18,5;77;71;76;358;12,3;6,1;
2019/11/06;0100 UTC;;959;959;957,2;;22,8;18,5;23;22,7;18,6;18,3;77;76;77;359;12,9;2,1;
2019/11/06;0200 UTC;;959,8;960,1;959;;21,5;19,2;22,8;21,5;19,4;18,5;87;77;87;11;4,8;2,1;
2019/11/06;0300 UTC;;957,4;959,8;957,4;;21,1;19,3;21,5;21,1;19,5;19,2;90;87;89;330;6,8;4,4;
2019/11/06;0400 UTC;;956,6;957,6;956,6;;20,9;18,9;21,2;20,9;19,2;18,8;89;87;88;319;9,2;4,1;
2019/11/06;0500 UTC;;955,7;956,6;955,7;;20,6;18,8;21;20,6;18,9;18,7;89;87;89;300;7,6;3,5;
2019/11/06;0600 UTC;;955,1;955,8;955,1;;20,6;19,1;20,6;20,5;19,1;18,8;91;89;91;280;7,5;1,8;
2019/11/06;0700 UTC;;956;956;954,8;;21,1;19,5;21,1;20,6;19,6;19,1;91;90;91;123;5,9;,9;
2019/11/06;0800 UTC;;956,7;956,7;956;;21,2;19,3;21,2;21,1;19,7;19,3;92;89;89;181;4,1;,9;
2019/11/06;0900 UTC;;957,1;957,2;956,7;24,8;21,2;19,6;21,3;21,1;19,7;19,3;91;89;91;353;3,8;1,6;
2019/11/06;1000 UTC;;957,6;957,6;957;282,3;21,8;19,9;21,8;21,2;19,9;19,6;91;89;89;6;5,3;2,8;
2019/11/06;1100 UTC;;957,3;957,6;957,2;1085,5;23;19,8;23;21,8;20,4;19,4;89;82;82;359;7,9;4,3;
2019/11/06;1200 UTC;;957,6;957,6;957,3;2076;24,7;19,7;24,9;23;20,3;19,5;83;73;74;10;8,1;4,5;
2019/11/06;1300 UTC;;957,4;957,6;957,4;2686,1;25,6;19,6;26,7;24,5;20,6;18,9;75;66;69;356;7,8;4;
2019/11/06;1400 UTC;;957,6;957,6;957,2;1922;26,7;18,6;27;25,5;20,2;18,5;70;60;61;331;8;4,4;
2019/11/06;1500 UTC;;957,7;957,7;957,6;1437,9;26,5;18,2;27,1;26,4;19,4;18,1;64;60;61;354;7,5;3,9;
2019/11/06;1600 UTC;;956,9;957,7;956,9;1423,2;26,8;18,1;27,1;26,3;19;18;63;58;59;355;6,8;3,4;
2019/11/06;1700 UTC;;956,4;956,9;956,4;1049,1;26,7;19,2;27,1;26,6;19,2;18,1;64;59;64;352;6,2;2,8;
2019/11/06;1800 UTC;;955,4;956,4;955,4;1015,4;26,8;18,3;27,1;26,5;19,1;18,2;64;59;60;9;7,8;3,7;
2019/11/06;1900 UTC;;955,8;955,8;955,1;1210,4;26,7;17,9;27,5;26,7;19,1;17,8;61;58;58;1;8,1;3,5;
2019/11/06;2000 UTC;;955,6;955,8;955,4;344,2;25,9;18;26,7;25,8;18,3;17,7;63;58;62;13;8;4;
2019/11/06;2100 UTC;;955,7;955,9;955,6;291,3;25;17,8;25,9;25;18,1;17,5;64;61;64;15;9,2;3,6;
2019/11/06;2200 UTC;;955,6;955,7;955,5;33,1;24,1;17,2;25;24,1;17,8;17,1;66;63;65;12;8,1;3,9;
2019/11/06;2300 UTC;;955,9;955,9;955,6;;23,4;16,9;24,1;23,2;17,2;16,9;68;65;67;9;7,7;4,5;
2019/11/07;0000 UTC;;957,7;957,7;955,9;;22,5;16,7;23,4;22,5;16,9;16,6;70;67;70;10;10,7;3,8;
2019/11/07;0100 UTC;;958,3;958,5;957,7;;22;16,5;22,5;21,9;16,8;16,5;72;70;71;10;8,4;4,4;
2019/11/07;0200 UTC;;958,1;958,3;958,1;;21,2;16,2;22;21,2;16,4;16,2;73;71;73;4;8,7;4,4;
2019/11/07;0300 UTC;;957,3;958,1;957,3;;20,5;15,8;21,3;20,5;16,2;15,8;75;73;75;2;8,8;5;
2019/11/07;0400 UTC;;957;957,3;957;;20;15,9;20,5;20;15,9;15,8;77;75;77;3;8,3;2,7;
2019/11/07;0500 UTC;;956,1;957;956;;19,6;16;20,1;19,6;16;15,9;80;77;80;4;5,1;2,6;
2019/11/07;0600 UTC;;955,6;956,1;955,6;;19,4;15,9;19,6;19,4;16,1;15,9;81;80;80;9;4,5;2;
2019/11/07;0700 UTC;;955,5;955,7;955,4;;19;15,8;19,4;18,9;15,9;15,7;82;80;82;14;6,2;2,4;
2019/11/07;0800 UTC;;955,8;955,9;955,5;;18,7;15,8;19;18,4;15,9;15,8;85;82;83;359;5;2,7;
2019/11/07;0900 UTC;;956,4;956,4;955,7;15,4;18,6;16;18,7;18,5;16;15,8;85;83;85;329;4,8;2;
2019/11/07;1000 UTC;;957,3;957,3;956,4;168,4;19,2;16,3;19,2;18,6;16,3;15,9;85;83;83;349;3,3;1,8;
2019/11/07;1100 UTC;;957,9;957,9;957,3;305,2;20;16,4;20;19,2;16,6;16,1;83;80;80;10;3,5;,5;
2019/11/07;1200 UTC;;957,9;958,1;957,8;669,5;21,4;17;21,4;20;17;16,2;81;75;76;334;2,9;,4;
2019/11/07;1300 UTC;;957,4;958,1;957,4;1895,1;24,4;17,4;24,8;21,4;18,4;16,8;76;64;65;329;2,9;1,1;
2019/11/07;1400 UTC;;956,7;957,4;956,7;2077,9;26,3;18,2;26,8;24,3;19,1;17,3;67;58;61;276;4;1,2;
2019/11/07;1500 UTC;;955,8;956,7;955,8;1588,3;26,8;18,3;27;26;19;17,4;65;59;60;10;4,3;,5;
2019/11/07;1600 UTC;;955,4;955,8;955,4;1488,6;27,2;18;27,6;26,6;19,3;17,9;62;56;57;86;2,4;,7;
2019/11/07;1700 UTC;;954,7;955,4;954,7;1174,1;28,1;18,4;28,5;26,8;19,1;17,9;61;54;56;137;2,8;1;
2019/11/07;1800 UTC;;954;954,7;954;1134,9;28,4;18,7;28,5;27,8;19,1;18;58;53;56;91;3,8;2,1;
2019/11/07;1900 UTC;;952,6;954;952,6;2324,3;30,7;16,5;30,8;28,4;19,1;16,5;57;42;43;104;4,1;2,1;
2019/11/07;2000 UTC;;952,4;952,6;952,3;1421,4;30,3;16,5;31;30,1;17,6;16,3;47;42;43;55;5,1;2,1;
2019/11/07;2100 UTC;;952,8;952,8;952,2;567,3;29,1;17,1;30,4;29,1;17,2;15,9;48;42;48;37;4,8;1,4;
2019/11/07;2200 UTC;;953,1;953,1;952,8;40,1;28,2;17,7;29,2;28,2;17,7;16,9;53;48;53;53;3,1;1,3;
2019/11/07;2300 UTC;;954,2;954,2;953,1;;27,5;18,6;28,2;27,4;18,6;17,7;59;53;58;65;4,1;1,4;
2019/11/08;0000 UTC;;954,5;954,6;954,2;;26,4;18,8;27,5;26,4;18,8;18,5;63;58;63;21;6;2,7;
2019/11/08;0100 UTC;;955,2;955,2;954,5;;24,9;19,1;26,4;24,9;19,2;18,8;70;63;70;350;6,3;2,8;
2019/11/08;0200 UTC;;954,3;955,3;954,3;;23,5;18,4;24,9;23,5;19,2;18,4;73;69;73;279;5,8;2,3;
2019/11/08;0300 UTC;;953,6;954,3;953,5;;22,6;18,2;23,5;22,4;18,4;17,9;77;73;77;19;4,3;1,5;
2019/11/08;0400 UTC;;954,1;954,4;953,6;;22,7;18,8;22,9;22,5;19;18,3;79;77;79;26;5,1;2,6;
2019/11/08;0500 UTC;;953,4;954,1;953,4;;21,2;18,4;22,7;21,2;18,8;18,4;84;79;84;303;5,1;,7;
2019/11/08;0600 UTC;;953,4;953,6;953,1;;21;18,4;21,2;20,8;18,6;18,2;86;84;85;346;2,3;,6;
2019/11/08;0700 UTC;;953,7;953,9;953,4;;20,6;18,2;21,2;20,5;18,8;18,2;88;85;86;278;1,4;0;
2019/11/08;0800 UTC;;954,2;954,2;953,7;;20,4;18,5;20,9;20,4;18,7;18,2;88;86;88;162;1;0;
2019/11/08;0900 UTC;;954,8;954,8;954,2;17;20,4;18,6;20,7;20,3;18,8;18,5;90;88;90;181;2,4;,3;
2019/11/08;1000 UTC;;955,9;955,9;954,8;249,4;21,7;19,2;21,7;20,4;19,4;18,7;90;86;86;122;1,3;0;
2019/11/08;1100 UTC;;956,1;956,1;955,8;757,9;23,6;19,6;23,6;21,7;19,9;18,9;86;77;78;207;3,2;,9;
2019/11/08;1200 UTC;;956,4;956,4;956;866,5;25,1;19,8;25,3;23,6;20,4;19,3;78;72;72;161;4,9;1,6;
2019/11/08;1300 UTC;;956,4;956,5;956,4;1165,8;25,6;20;25,8;25,1;20,4;19,6;74;69;71;130;5,3;2,1;
2019/11/08;1400 UTC;;956,3;956,4;956,2;890,1;25,8;19,7;25,9;25,5;20,1;19,5;72;68;69;139;5,3;2;
2019/11/08;1500 UTC;;956,1;956,3;956,1;583,3;26,6;20;26,6;25,3;20,2;19,2;72;67;67;157;5,7;2,1;
2019/11/08;1600 UTC;;955,1;956,1;955;2919,7;28,7;19,3;29,2;26,6;20,9;19,3;68;55;57;153;6,4;2,4;
2019/11/08;1700 UTC;;954,4;955,1;954,2;1963,4;28,9;16,1;29,4;28,2;19,5;15,3;59;43;46;129;7,3;2;
2019/11/08;1800 UTC;;954;954,5;953,9;1557,6;25,6;19,5;29,1;25,5;20,2;15,6;69;44;69;13;8,3;3;
2019/11/08;1900 UTC;;953,8;954,5;953,8;375,5;23,2;18,6;25,8;23,2;19,6;18,6;78;66;76;14;7,7;3,4;
2019/11/08;2000 UTC;;954,1;954,1;953,7;416,7;23;18,8;23,5;22,9;18,8;18;77;72;77;359;6,1;3,4;
2019/11/08;2100 UTC;;954,3;954,3;954,1;229;23,1;18,9;23,2;23;19,2;18,8;78;77;77;2;6,2;2,8;
2019/11/08;2200 UTC;;954,9;954,9;954,3;12,2;22,4;19;23,1;22,4;19;18,6;81;76;81;357;5,6;1,7;
2019/11/08;2300 UTC;;954,8;955;954,8;;21,9;19,3;22,4;21,9;19,3;19;85;81;85;6;4,7;2,7;
2019/11/09;0000 UTC;;955,4;955,4;954,8;;21,3;19,5;21,9;21,3;19,7;19,3;90;85;90;353;4,7;1,8;
2019/11/09;0100 UTC;;956;956;955,4;;21,6;19,9;21,6;21,2;20;19,5;91;90;90;322;3,2;1,6;
2019/11/09;0200 UTC;;955,8;956,1;955,8;;21,5;19,8;21,7;21,5;20;19,7;90;89;90;4;3,9;1,3;
2019/11/09;0300 UTC;;955,6;955,8;955,6;;21,4;19,8;21,5;21,4;20;19,8;91;90;91;359;2,8;,8;
2019/11/09;0400 UTC;;955,2;955,6;955,2;;21,3;19,4;21,4;21,3;19,8;19,4;91;88;88;335;3,1;1;
2019/11/09;0500 UTC;;954,9;955,3;954,9;;21;19;21,4;21;19,4;19;89;88;89;339;2,7;,4;
2019/11/09;0600 UTC;;954,5;954,9;954,5;;20,8;19;21,2;20,8;19,1;18,9;89;88;89;358;2,5;,2;
2019/11/09;0700 UTC;;954,4;954,5;954,4;;20,7;19,1;20,9;20,6;19,1;18,9;91;89;91;342;1,4;0;
2019/11/09;0800 UTC;;954,7;954,7;954,4;;20,7;19;20,8;20,6;19,1;19;91;90;90;12;1,5;,4;
2019/11/09;0900 UTC;;955,5;955,5;954,7;4,8;20,7;19,3;20,8;20,5;19,3;19;92;90;91;347;2,6;1,1;
2019/11/09;1000 UTC;;956,4;956,5;955,5;91;21,2;19,2;21,2;20,7;19,4;19,1;91;88;88;348;3,6;1,9;
2019/11/09;1100 UTC;;957,3;957,3;956,4;196,3;21,7;19,4;21,7;21,2;19,6;19,1;90;87;87;10;4,6;2,6;
2019/11/09;1200 UTC;;957,8;957,9;957,3;547,1;22,5;19,8;22,5;21,7;20;19,4;87;85;85;349;5,3;3,1;
2019/11/09;1300 UTC;;958,1;958,1;957,6;570,2;22,8;19,6;22,9;22,4;20,1;19,4;86;81;82;348;6,7;2,6;
2019/11/09;1400 UTC;;958,2;958,3;958,1;779,2;23,5;20;23,6;22,8;20,4;19,6;84;81;81;17;5,8;2,4;
2019/11/09;1500 UTC;;957,5;958,2;957,5;1050,1;25,2;19,9;25,2;23,4;20,3;19,3;82;72;73;354;5,4;2;
2019/11/09;1600 UTC;;956,7;957,5;956,7;1297,8;25,9;19,6;25,9;25,1;20,3;19,3;74;68;68;2;4,5;1,8;
2019/11/09;1700 UTC;;955,3;956,7;955,3;1545,1;27,6;19,5;27,7;25,9;20,3;18,8;70;60;61;344;4,7;2,1;
2019/11/09;1800 UTC;;953,7;955,3;953,7;2066,6;28,3;19,9;29,7;27,6;20,3;18,7;63;54;60;15;5,4;2,7;
2019/11/09;1900 UTC;;952,7;953,7;952,7;2520,9;29,6;18,4;30,4;28,4;20,4;18,2;61;51;51;358;6,4;3,4;
2019/11/09;2000 UTC;;953;953;952,7;1471,4;29,9;17,9;30,2;29,3;19,1;17,4;53;47;49;1;6,4;1,3;
2019/11/09;2100 UTC;;953,4;953,4;952,9;655,2;28,5;18,2;30,2;28,5;18,3;16,6;54;44;53;338;3,2;1,5;
2019/11/09;2200 UTC;;953,8;953,8;953,3;14,9;26,6;18,4;28,5;26,6;18,5;17,9;61;53;61;21;2,9;,6;
2019/11/09;2300 UTC;;954,2;954,2;953,7;;25,7;18,1;26,7;25,7;18,5;18,1;64;60;63;6;2,7;1,3;
2019/11/10;0000 UTC;;954,6;954,6;954,2;;24,5;17,9;25,7;24,5;18,2;17,8;67;63;67;4;3,4;1,3;
2019/11/10;0100 UTC;;955,5;955,5;954,5;;24;18,5;24,6;23,9;18,5;17,9;72;67;71;346;3,1;1,8;
2019/11/10;0200 UTC;;955,7;955,9;955,5;;24,1;18,6;24,2;23,8;18,6;18,5;73;71;71;343;3,1;1,2;
2019/11/10;0300 UTC;;955,3;955,8;955,2;;24,1;18,9;24,3;23,8;18,9;18,6;73;71;73;19;2,9;1,6;
2019/11/10;0400 UTC;;955,1;955,5;955,1;;23,7;19,4;24,2;23,4;19,4;18,9;78;73;77;4;3,4;1,8;
2019/11/10;0500 UTC;;954,8;955,2;954,8;;23;19,4;23,7;22,9;19,4;19,3;80;77;80;19;3,4;1;
2019/11/10;0600 UTC;;954,8;954,8;954,5;;22,2;19,3;23;22,2;19,5;19,3;84;80;84;343;2,8;,1;
2019/11/10;0700 UTC;;955,7;955,7;954,8;;21,9;19,2;22,6;21,9;19,5;19,2;85;82;85;200;1,5;0;
2019/11/10;0800 UTC;;955,6;955,7;955,4;;21,8;19,4;21,9;21,7;19,5;19,3;87;85;86;256;1,7;0;
2019/11/10;0900 UTC;;956,4;956,5;955,6;13,5;22,7;19,6;22,7;21,8;19,6;19,4;86;82;83;236;3,3;,6;
2019/11/10;1000 UTC;;958,2;958,2;956,4;24,9;21,4;19,8;22,9;21,4;20,1;19,5;90;82;90;143;8;2,3;
2019/11/10;1100 UTC;;959,2;959,3;958,2;57,9;20,3;18,7;21,4;20,3;19,7;18,6;91;90;90;121;7,4;1,9;
2019/11/10;1200 UTC;;959,5;959,5;959,2;203,4;20,7;19,1;20,7;20,3;19,1;18,7;91;90;91;41;4,6;1,6;
2019/11/10;1300 UTC;;958,9;959,5;958,9;551,4;21,5;19,8;21,5;20,7;19,8;19,1;91;89;90;320;4,5;2;
2019/11/10;1400 UTC;;958,4;958,9;958,3;1147,5;21,9;19,9;22,1;21,5;20;19,4;90;86;88;295;7,5;3;
2019/11/10;1500 UTC;;957,8;958,4;957,8;884;22,4;20;22,4;21,7;20,3;19,4;88;85;86;306;5,7;2,6;
2019/11/10;1600 UTC;;957,3;957,8;957,3;1382,2;24;21;24,1;22,4;21,4;19,9;87;83;83;315;4,8;2,2;
2019/11/10;1700 UTC;;956,6;957,3;956,6;935,2;24;21;24,4;23,8;21,6;20,6;85;82;83;303;4;1,3;
2019/11/10;1800 UTC;;956,2;956,7;956,2;868,2;26;22,3;26;24;22,7;21,1;86;80;80;278;3,9;,9;
2019/11/10;1900 UTC;;956,1;956,3;955,9;846,4;25,8;20,3;26,1;25,3;22,3;20,2;80;71;72;184;3,9;,1;
2019/11/10;2000 UTC;;955,6;956,1;955,6;310,2;25;21,4;26;25;21,4;19,4;80;68;80;359;1,5;,1;
2019/11/10;2100 UTC;;955,8;955,9;955,6;329,2;24,5;21,1;25,3;24,5;21,8;21,1;82;79;82;14;2,3;,7;
2019/11/10;2200 UTC;;956,2;956,2;955,7;25;23,7;21,2;24,5;23,7;21,5;21,1;86;81;86;17;2,1;,3;
2019/11/10;2300 UTC;;956,4;956,5;956,2;;23;20,6;23,7;22,9;21,2;20,5;87;85;86;6;1,9;,1;
2019/11/11;0000 UTC;;956,4;956,5;956,4;;23;20,1;23,1;22,9;20,6;20;87;84;84;334;1,4;0;
2019/11/11;0100 UTC;;957,2;957,2;956,4;;22,5;20,2;23;22,5;20,3;20,1;87;84;87;14;,7;0;
2019/11/11;0200 UTC;;957,1;957,3;957;;22,4;20,2;22,8;22,3;20,5;20,1;88;86;87;353;1,9;,3;
2019/11/11;0300 UTC;;957,2;957,4;957,1;;21,6;19,5;22,4;21,6;20,3;19,5;89;87;88;338;1,7;,1;
2019/11/11;0400 UTC;;956,7;957,2;956,7;;21,2;19,7;21,7;20,9;19,8;19,2;91;88;91;22;1,4;0;
2019/11/11;0500 UTC;;956,2;956,7;956,2;;20,8;19,6;21,2;20,5;19,9;19,2;93;91;93;12;1,4;,2;
2019/11/11;0600 UTC;;955,8;956,2;955,8;;21;19,8;21,1;20,7;19,9;19,5;93;93;93;354;1,2;,2;
2019/11/11;0700 UTC;;955,9;956;955,8;;20,9;19,9;21;20,7;19,9;19,6;94;93;94;48;2,7;,7;
2019/11/11;0800 UTC;;955,9;955,9;955,8;;20,5;19,4;20,9;20,4;19,8;19,4;94;93;93;360;2,9;1,6;
2019/11/11;0900 UTC;;956,1;956,1;955,8;23,2;20,5;19,2;20,6;20,3;19,4;19,1;93;92;92;339;3,2;,9;
2019/11/11;1000 UTC;;957,1;957,1;956,1;338,5;21,2;19,9;21,3;20,5;19,9;19,2;92;92;92;19;3,3;,9;
2019/11/11;1100 UTC;;957,4;957,4;957;844,4;23;19,6;23;21,2;20,2;19,5;92;81;81;353;5,8;2,6;
2019/11/11;1200 UTC;;957,7;957,7;957,4;1517,7;25,1;19,9;25,1;23;20,4;19,4;83;72;73;356;6,3;3,5;
2019/11/11;1300 UTC;;957,8;957,9;957,6;1464,1;25,7;19,7;26,2;25,1;20,8;19,5;74;68;69;358;6,8;2,6;
2019/11/11;1400 UTC;;957,5;957,8;957,5;1807;27,3;20,4;27,4;25,5;21,3;19,6;74;66;66;11;6,7;3,1;
2019/11/11;1500 UTC;;957,2;957,5;957,2;2837,8;27,9;19,7;28,9;26,7;21,1;19,4;69;59;61;1;7,7;4,2;
2019/11/11;1600 UTC;;956,7;957,2;956,7;2926,8;28,7;19,1;29,8;27,9;21,6;18,7;64;55;56;34;7,7;4,1;
2019/11/11;1700 UTC;;955,9;956,7;955,9;3088,5;29,7;18,2;30,7;28,7;19,4;18,2;56;49;50;41;8,6;4,7;
2019/11/11;1800 UTC;;954,8;955,9;954,8;3144,9;30,4;18;31,3;29,6;19,3;17,6;52;46;48;6;8,6;4;
2019/11/11;1900 UTC;;954,1;954,8;954,1;2227,1;30,6;17,8;30,9;29,9;18,5;17,2;51;45;46;10;8,1;3,8;
2019/11/11;2000 UTC;;954,5;954,5;954,1;1101,6;29,3;18,2;30,6;29,1;18,6;16,9;52;45;51;12;9,1;5,1;
2019/11/11;2100 UTC;;955,1;955,1;954,5;425,4;26,4;18,1;29,4;26,4;18,5;17,8;61;51;60;356;11,8;5,3;
2019/11/11;2200 UTC;;955,8;955,9;955,1;34,5;24,6;17,9;26,4;24,6;18,2;17,7;66;60;66;2;11,4;4,2;
2019/11/11;2300 UTC;;956,3;956,3;955,8;;23,8;17,4;24,8;23,8;17,9;17,4;68;65;68;353;10,1;4,9;
2019/11/12;0000 UTC;;957,4;957,4;956,3;;23,3;16,5;23,8;23,3;17,5;16,5;69;64;66;348;10,8;5,7;
2019/11/12;0100 UTC;;958,2;958,3;957,4;;22,7;16,3;23,5;22,6;16,6;16,3;69;65;67;360;10,8;4,4;
2019/11/12;0200 UTC;;958,2;958,3;958,1;;21,6;16,3;22,7;21,6;16,5;16,3;72;67;72;358;8,3;4,6;
2019/11/12;0300 UTC;;957,7;958,2;957,7;;20,7;16,3;21,6;20,6;16,5;16,3;76;72;76;5;7,9;3,2;
2019/11/12;0400 UTC;;957;957,7;957;;20,1;16,3;20,7;20;16,4;16,2;79;76;78;2;6,9;3,6;
2019/11/12;0500 UTC;;956,4;957;956,3;;20,1;16,3;20,2;19,8;16,3;16,2;80;78;79;8;6,8;3,8;
2019/11/12;0600 UTC;;956,2;956,4;956,1;;20;16,1;20,2;19,8;16,3;16,1;79;78;78;8;6,7;3,9;
2019/11/12;0700 UTC;;956;956,2;955,9;;19,3;15,9;20;19,3;16,1;15,9;81;78;81;9;7;3,9;
2019/11/12;0800 UTC;;956,3;956,3;956;;19,1;15,9;19,3;18,9;16;15,9;83;81;82;7;7;2,8;
2019/11/12;0900 UTC;;956,8;956,9;956,3;30,2;19,4;15,9;19,4;19,1;15,9;15,9;82;80;80;2;5,1;2,7;
2019/11/12;1000 UTC;;957,4;957,4;956,8;371,7;20,5;16,2;20,5;19,3;16,3;15,9;81;76;76;2;5,1;2,7;
2019/11/12;1100 UTC;;957,6;957,6;957,3;998,9;22,3;16;22,6;20,5;16,8;16;77;67;68;349;7,7;4,4;
2019/11/12;1200 UTC;;958;958;957,6;1808,4;24,4;16,9;24,8;22,3;17,3;16;69;61;63;342;7,7;3,4;
2019/11/12;1300 UTC;;958,2;958,3;958;2689,9;26,4;17,7;26,4;24,4;17,8;16,2;64;57;59;356;7,2;3,5;
2019/11/12;1400 UTC;;957,8;958,3;957,8;3514,9;29,4;17,3;29,9;26,3;18,3;16,2;59;46;48;338;6,4;2,6;
2019/11/12;1500 UTC;;957,1;957,9;957,1;3846,5;30,3;16,4;30,9;28,7;17,5;15,8;49;42;43;284;7,6;2,6;
2019/11/12;1600 UTC;;956,2;957,1;956,2;3173,4;31,3;17;32,5;29,8;17,5;15,7;46;38;42;317;8,3;2,9;
2019/11/12;1700 UTC;;955,3;956,2;955,3;3646,4;32;16,1;33,8;31,3;17,5;15;42;35;38;335;6,3;2;
2019/11/12;1800 UTC;;954,5;955,3;954,5;1206;30,9;16,3;32,1;30,7;16,8;15,3;43;37;42;9;6,6;3,1;
2019/11/12;1900 UTC;;954,1;954,5;954,1;2353,4;31,7;16,5;33;30,7;17,7;15,6;43;36;40;1;6,9;3,9;
2019/11/12;2000 UTC;;953,8;954,1;953,8;1219,9;30,7;16,5;32,3;30,2;17,3;15,7;44;38;43;358;7,9;4,3;
2019/11/12;2100 UTC;;953,8;953,8;953,7;570,4;28,9;17,2;30,7;28,8;18;16,7;51;42;49;14;8;3,6;
2019/11/12;2200 UTC;;954;954;953,8;45,4;26,7;17,1;28,9;26,7;17,2;17;56;49;55;4;7,7;3,6;
2019/11/12;2300 UTC;;954,6;954,6;954;;25,5;16,8;26,8;25,5;17,1;16,8;59;55;59;1;9,4;5,6;
2019/11/13;0000 UTC;;955,3;955,3;954,6;;24,2;16,8;25,5;24,2;16,9;16,7;63;59;63;4;10,6;5,6;
2019/11/13;0100 UTC;;956,4;956,4;955,3;;22,9;16,7;24,2;22,8;16,8;16,7;68;63;68;7;9,9;4,5;
2019/11/13;0200 UTC;;956,7;956,8;956,4;;21,6;16,6;22,9;21,6;16,7;16,6;73;68;73;4;8,5;4,2;
2019/11/13;0300 UTC;;956,7;956,9;956,6;;20,7;16,5;21,6;20,6;16,6;16,5;77;73;77;2;7,5;3,2;
2019/11/13;0400 UTC;;956,3;956,7;956,3;;20,1;16,5;20,7;20,1;16,6;16,5;80;77;80;3;6;2,9;
2019/11/13;0500 UTC;;955,9;956,4;955,8;;19,8;16,5;20,1;19,7;16,6;16,4;81;80;81;5;5,5;2,7;
2019/11/13;0600 UTC;;955,5;955,9;955,4;;19,5;16,5;19,8;19,4;16,6;16,4;83;81;83;360;6,6;3,2;
2019/11/13;0700 UTC;;955,4;955,5;955,3;;19,2;16,5;19,5;19,1;16,6;16,4;85;83;84;2;5,8;3,5;
2019/11/13;0800 UTC;;955,3;955,4;955,2;;18,7;16,4;19,2;18,7;16,5;16,4;87;84;86;358;5,8;2,5;
2019/11/13;0900 UTC;;955,5;955,5;955,3;31,6;18,8;16,4;18,9;18,6;16,4;16,3;87;85;86;359;4,8;2,6;
2019/11/13;1000 UTC;;956;956;955,4;681,1;21,4;16,7;21,5;18,8;17;16,4;86;74;74;349;5,5;3,1;
2019/11/13;1100 UTC;;956,8;956,8;956;1607,7;24,7;17,7;24,7;21,2;17,8;16,4;76;64;65;334;7,7;3,1;
2019/11/13;1200 UTC;;956,8;957,1;956,8;1762,2;25,9;17;26,5;24,7;18,2;16,8;65;58;58;289;9;2,8;
2019/11/13;1300 UTC;;956,7;956,8;956,6;2716,5;28,4;16,6;29,2;25,8;18,8;16,4;60;49;49;262;7,5;3,1;
2019/11/13;1400 UTC;;956,3;956,8;956,2;2303,4;29,1;17,6;29,8;27,9;18,2;16,5;53;47;50;256;6,5;2,7;
2019/11/13;1500 UTC;;955,9;956,3;955,8;2524,3;29,8;16,6;31,3;29,1;18,5;15,7;51;41;45;241;7,8;1,7;
2019/11/13;1600 UTC;;955,1;955,9;955,1;2281;32,2;18,2;32,3;29,3;18,4;16,4;49;41;44;257;7,3;3,1;
2019/11/13;1700 UTC;;954,5;955;954,5;2084,2;30,2;17,7;32,3;30,1;18,2;16,5;47;40;47;275;7,3;2,2;
2019/11/13;1800 UTC;;953,2;954,5;953,2;1789,2;31,3;17,8;32,6;30,2;18,4;16,9;48;40;44;291;5,9;2,1;
2019/11/13;1900 UTC;;951,9;953,2;951,9;1250,1;30,9;17,4;31,4;30,6;18,1;16,9;47;42;45;289;6,2;2,4;
2019/11/13;2000 UTC;;951,4;951,9;951,4;916,6;30,9;17,8;31,1;30,2;17,9;17,1;47;44;46;284;4,9;,9;
2019/11/13;2100 UTC;;951,8;951,9;951,4;314,4;28,9;16,3;31;28,9;18,1;16,3;50;44;47;282;4,8;1,7;
2019/11/13;2200 UTC;;952,7;952,7;951,7;25,5;26,5;17,7;28,9;26,5;17,7;15,7;59;45;58;259;5,5;1,8;
2019/11/13;2300 UTC;;953,6;953,6;952,7;;25,4;17,4;26,6;25,3;17,7;16,4;61;54;61;195;4,2;,2;
2019/11/14;0000 UTC;;952,8;954,9;952,8;;22,6;19,8;25,6;21,9;20,3;17,3;90;61;84;293;9,7;4,1;
2019/11/14;0100 UTC;;954;954;952,8;;22,4;19,5;22,6;22,1;19,9;19,4;85;83;84;279;7,8;2,4;
2019/11/14;0200 UTC;;955,3;955,3;953,8;,6;22,5;19,4;22,5;22,2;19,5;19,2;84;82;83;222;7,2;2,5;
2019/11/14;0300 UTC;;954,6;955,7;954,5;;21,8;19,5;22,6;21,7;19,5;19,2;87;82;87;211;7,2;,4;
2019/11/14;0400 UTC;;954,9;954,9;954,3;;21,5;19,1;22,2;21,5;19,5;18,9;87;83;86;193;5,5;1,5;
2019/11/14;0500 UTC;;954,4;955,9;953,6;;19,7;17,9;21,8;19,4;19,3;17,7;90;84;90;194;8,9;,3;
2019/11/14;0600 UTC;;954,7;954,7;954,2;;20;18,6;20;19,6;18,6;17,9;92;90;92;181;3,3;,3;
2019/11/14;0700 UTC;;954,7;955;954,6;;20,3;18,8;20,4;19,9;18,9;18,5;92;91;91;337;2,8;,6;
2019/11/14;0800 UTC;;954,8;954,8;954,7;;20,3;19;20,5;20,3;19,1;18,8;92;91;92;335;2;,4;
2019/11/14;0900 UTC;;955,2;955,2;954,8;11;20,1;19;20,3;20;19;18,9;93;92;93;345;2,1;,3;
2019/11/14;1000 UTC;;955,4;955,5;955,2;246,1;20,5;19,5;20,5;20,1;19,5;19;94;93;94;339;2,7;1,3;
2019/11/14;1100 UTC;;955,1;955,5;955,1;814,6;22,3;20,2;22,3;20,5;20,6;19,4;94;87;88;262;4,8;2,5;
2019/11/14;1200 UTC;;954,9;955,1;954,8;1442,9;24,5;20,2;24,6;22,2;21,1;20;88;76;77;213;6;1,1;
2019/11/14;1300 UTC;;954,9;955,1;954,8;1612,5;25,8;20,1;26,1;24,4;21,2;19,7;77;69;71;205;6,1;1,2;
2019/11/14;1400 UTC;;954,7;955;954,7;3330,3;28,4;20;28,8;25,6;21,8;19,5;72;58;60;218;6,1;1,5;
2019/11/14;1500 UTC;;953,8;954,8;953,8;3437;29,5;19,9;30,4;28,2;21,9;19,5;64;55;57;210;6,4;2,2;
2019/11/14;1600 UTC;;953,6;953,8;953,5;2216,1;29,1;19,6;30,4;28,9;21,1;19,1;60;53;56;211;6,4;1,7;
2019/11/14;1700 UTC;;952,7;953,6;952,7;1644,2;30;19,8;30,1;28,9;20,5;18,7;60;53;55;190;10;3;
2019/11/14;1800 UTC;;951,9;952,7;951,9;2041,4;28,7;21,6;31,3;24,7;22,7;18,6;77;49;66;193;10;,8;
2019/11/14;1900 UTC;;951;951,9;951;2039,3;29;20;30,2;28,3;22;19,5;69;53;58;201;5,4;1;
2019/11/14;2000 UTC;;950,8;951;950,6;575,8;28,6;20,8;29,7;28,5;21,3;19,9;64;57;63;185;4,4;1;
2019/11/14;2100 UTC;;952,4;952,6;950,7;146,4;21,4;19,4;28,6;21,2;21;16,9;89;50;89;105;14,9;7,4;
2019/11/14;2200 UTC;;952,3;952,4;951,6;5,2;22;19,3;22,1;21,4;19,5;18,8;88;84;85;105;12,6;3,1;
2019/11/14;2300 UTC;;953,7;953,7;952,3;,8;21,9;19,6;22,2;21,8;19,6;19,3;87;84;87;184;6;0;
2019/11/15;0000 UTC;;954,1;954,2;953,7;;22;19,7;22,1;21,7;20;19,5;89;85;87;205;,6;0;
2019/11/15;0100 UTC;;954,3;954,3;954;;21,7;19,9;22;21,7;20;19,7;89;87;89;198;1,7;,7;
2019/11/15;0200 UTC;;954,4;954,5;954,3;;21,9;19,8;21,9;21,7;19,9;19,7;89;88;88;214;2,4;,5;
2019/11/15;0300 UTC;;954,5;954,6;954,4;;21,7;20;21,9;21,6;20;19,8;90;88;90;237;2,4;0;
2019/11/15;0400 UTC;;954;954,5;954;;21,6;20;21,7;21,6;20,1;20;91;90;91;121;1,3;,2;
2019/11/15;0500 UTC;;953,5;954;953,4;;21,5;20;21,6;21,5;20,1;19,9;91;90;91;181;2,6;,4;
2019/11/15;0600 UTC;;952,9;953,5;952,9;;21,4;20;21,6;21,4;20,1;19,9;92;91;91;174;2,6;,6;
2019/11/15;0700 UTC;;952,7;952,9;952,6;;21,3;19,9;21,4;21,3;20;19,8;91;91;91;183;2,1;,2;
2019/11/15;0800 UTC;;952,9;952,9;952,7;;21,4;20;21,5;21,3;20;19,9;92;91;92;183;3,3;,9;
2019/11/15;0900 UTC;;953,3;953,3;952,9;18;21,4;20,1;21,5;21,4;20,1;20;92;92;92;184;3,5;1;
2019/11/15;1000 UTC;;953,9;954;953,3;97,1;21,7;20,5;21,7;21,4;20,5;20,2;93;92;93;188;4,2;1,1;
2019/11/15;1100 UTC;;953,9;954,3;953,9;488,5;22,5;21;22,7;21,7;21,4;20,4;93;91;91;197;3,4;,7;
2019/11/15;1200 UTC;;954,4;954,4;953,8;951,7;24,5;21,2;24,5;22,5;21,6;20,6;91;82;82;173;4,3;1,8;
2019/11/15;1300 UTC;;954,1;954,6;953,9;1533,7;25,2;20,7;25,2;23,6;21,4;20,2;84;76;76;175;7;2,4;
2019/11/15;1400 UTC;;954,2;954,3;954,1;1623,2;25;19,5;25,8;24,8;20,9;19,3;77;69;72;160;7;3,1;
2019/11/15;1500 UTC;;953,9;954,2;953,9;1820,1;25,2;19,7;25,9;25;20,4;19,1;74;67;72;170;8,8;4,1;
2019/11/15;1600 UTC;;953,6;954;953,5;1360,9;24,5;19,2;26,4;24,5;20,5;19,1;74;66;72;174;8,5;3,9;
2019/11/15;1700 UTC;;952,7;953,6;952,7;1386,1;25,5;19,6;25,9;23,7;20,5;18,9;78;69;70;180;9,2;4;
2019/11/15;1800 UTC;;951,5;952,8;951,5;2343,7;25,9;19,4;26,5;24,6;20,6;19;74;66;67;173;9,2;4,2;
2019/11/15;1900 UTC;;950,4;951,5;950,4;2219,8;26,4;19,8;27,8;25,8;20,7;19,1;70;62;67;174;8,4;3,5;
2019/11/15;2000 UTC;;950,2;950,5;950,2;1262,3;26,1;19,1;27,2;26,1;20,1;19,1;68;63;66;183;7,5;2,2;
2019/11/15;2100 UTC;;950,3;950,4;950,1;405,5;25,8;19,3;26,1;25,1;19,8;18,8;72;65;67;177;6,5;1,9;
2019/11/15;2200 UTC;;951,2;951,2;950,3;95,5;23,9;19,8;25,9;23,9;19,8;19,1;78;66;78;266;5,3;,1;
2019/11/15;2300 UTC;;951,9;951,9;951,2;;22,3;20;23,9;22,3;20,2;19,8;87;78;87;183;2,3;0;
2019/11/16;0000 UTC;;952,6;952,6;951,9;;21,4;19,6;22,3;21,4;20;19,6;89;87;89;183;1,2;,1;
2019/11/16;0100 UTC;;952,9;953;952,6;;21;19,4;21,5;21;19,9;19,3;91;89;90;62;1,2;0;
2019/11/16;0200 UTC;;953,2;953,3;952,8;;20,9;19,5;21;20,7;19,5;19,3;92;90;92;8;5,3;1,9;
2019/11/16;0300 UTC;;953,2;953,4;953,1;;21;18,6;21,7;20,9;20,1;18,6;92;86;86;356;6,2;3,1;
2019/11/16;0400 UTC;;952,4;953,2;952,4;;20,1;18,6;21;20,1;18,6;18,5;91;86;91;352;6,2;2,9;
2019/11/16;0500 UTC;;951,9;952,4;951,9;;19,4;18,1;20,1;19,3;18,6;18,1;92;91;92;326;5,1;1,8;
2019/11/16;0600 UTC;;951,8;951,9;951,8;;18,9;17,8;19,3;18,9;18;17,7;93;92;93;360;3,5;1,9;
2019/11/16;0700 UTC;;951,9;952;951,7;;18,8;17,1;19;18,8;17,9;17,1;93;90;90;339;4,4;2,1;
2019/11/16;0800 UTC;;952,1;952,1;951,9;;18,2;16,4;18,8;18,2;17,1;16,4;90;89;89;1;4,3;2,8;
2019/11/16;0900 UTC;;952,7;952,7;952,1;49;17,9;15,4;18,2;17,6;16,4;15,1;89;82;85;355;4,3;1,5;
2019/11/16;1000 UTC;;953;953;952,7;709,4;19,7;15,3;19,8;17,9;16;15;85;75;75;349;4,1;2,6;
2019/11/16;1100 UTC;;953,2;953,2;953;1678,6;21,6;14;21,8;19,7;15,9;13,4;78;59;62;343;8,1;4,5;
2019/11/16;1200 UTC;;953,4;953,4;953,2;2558,3;23,6;13,2;23,8;21,7;14,5;12,8;62;52;52;349;8,4;4,1;
2019/11/16;1300 UTC;;953,3;953,4;953,2;3304,2;25,5;14,4;25,6;23,5;14,4;12,6;54;47;50;349;7,4;3,4;
2019/11/16;1400 UTC;;953;953,4;953;3789,7;27;13,8;27,4;25,2;15,1;12,8;50;43;44;11;6,3;2,8;
2019/11/16;1500 UTC;;952,3;953;952,3;4020,5;28,5;14,5;28,5;26,9;15,8;13;48;40;42;352;6,4;2,8;
2019/11/16;1600 UTC;;951,9;952,3;951,9;4007,8;29;13,3;29,7;28,2;15,4;12,7;44;35;38;18;6,4;2,8;
2019/11/16;1700 UTC;;951,4;951,9;951,4;3724;30;13,8;30,3;29;15,1;11,7;41;34;37;42;5,8;2,2;
2019/11/16;1800 UTC;;950,9;951,4;950,9;3294,3;29,6;11,4;30,5;29,5;14,4;11,4;40;32;32;36;6;2,4;
2019/11/16;1900 UTC;;950,5;950,9;950,4;2496,3;30;12,7;30,5;29,6;14,2;11,3;38;32;35;22;6;2,3;
2019/11/16;2000 UTC;;950,4;950,5;950,3;1558,1;28,9;12,2;30;28,9;13,7;11,6;38;32;36;34;6,5;3,6;
2019/11/16;2100 UTC;;950,5;950,5;950,3;652;27,4;13,1;29;27,4;13,6;12,1;41;36;41;40;7,5;3,7;
2019/11/16;2200 UTC;;951;951;950,5;55,3;24,7;14,7;27,4;24,7;14,7;13,1;54;41;54;23;6,5;2,3;
2019/11/16;2300 UTC;;951,7;951,8;951;;23,3;14,9;24,9;22,9;15,1;14,4;61;53;59;2;5,1;2,4;
2019/11/17;0000 UTC;;952,6;952,6;951,7;;21;15,5;23,3;21;15,5;14,9;71;59;71;347;5,1;1,6;
2019/11/17;0100 UTC;;953,4;953,4;952,6;;20,1;15,4;21,1;20,1;15,5;15,3;74;70;74;346;4,6;2;
2019/11/17;0200 UTC;;953,6;953,6;953,3;;19,9;14,8;20,3;19,6;15,4;14,8;76;72;73;350;5,2;2,7;
2019/11/17;0300 UTC;;953,7;953,7;953,6;;18,7;14,9;20,1;18,7;15,1;14,8;78;72;78;352;5,2;,3;
2019/11/17;0400 UTC;;953,5;953,7;953,5;;18,9;14,8;19,3;18,5;15,4;14,8;80;75;77;7;4,2;2,4;
2019/11/17;0500 UTC;;953,4;953,5;953,3;;18;14,7;19;17,9;14,8;14,4;81;76;81;5;4,8;2,9;
2019/11/17;0600 UTC;;953,4;953,5;953,2;;17,6;14,4;18,1;17,5;14,7;14,3;83;81;81;7;6,1;1;
2019/11/17;0700 UTC;;953,6;953,6;953,3;;17;12,8;17,6;16,9;14,3;12,8;82;76;76;10;6,5;3,2;
2019/11/17;0800 UTC;;954;954,1;953,6;;15,7;12,5;17;15,7;12,8;12,3;81;76;81;5;6,9;,7;
2019/11/17;0900 UTC;;954,7;954,7;954;57,4;15,8;13,2;15,8;15,4;13,2;12,5;86;81;85;357;4,8;2,3;
2019/11/17;1000 UTC;;955;955;954,7;760,1;18;14;18,1;15,8;14,3;13,2;85;75;77;4;4,9;2,9;
2019/11/17;1100 UTC;;955,1;955,1;954,9;1729;20,3;13,6;20,5;18;14,4;13,2;77;65;65;3;6,7;3,7;
2019/11/17;1200 UTC;;955,2;955,2;955;2597,5;23,9;15;23,9;20,3;15,3;13,4;66;56;58;346;6,2;3,1;
2019/11/17;1300 UTC;;955,2;955,4;955,2;3343,1;25,7;14,4;25,7;23,1;15;13,5;58;47;49;1;6;2,3;
2019/11/17;1400 UTC;;954,7;955,2;954,7;3829,2;27,8;12,5;28,1;25,6;15,1;11,8;50;37;39;349;4,6;1,4;
2019/11/17;1500 UTC;;954,1;954,7;954,1;4058,5;29,4;11,5;29,7;27,8;14,3;9,9;42;30;33;43;4,1;1;
2019/11/17;1600 UTC;;953,5;954,1;953,5;3966,4;30,7;12,3;30,7;29,1;13,2;10,1;37;29;32;30;4,8;1,5;
2019/11/17;1700 UTC;;953;953,5;953;3768,3;30,7;8,8;31;29,8;11,9;8,8;32;26;26;73;8,2;3,7;
2019/11/17;1800 UTC;;952,3;953;952,3;3109,3;31;10,2;31;29,9;10,6;7,6;29;24;28;43;7,5;2,9;
2019/11/17;1900 UTC;;951,8;952,4;951,8;2507,8;30,6;9,8;31;29,9;11,1;8,2;30;25;28;354;6,4;1,6;
2019/11/17;2000 UTC;;951,9;951,9;951,7;1574,2;29,7;9,4;30,6;29,6;10,1;8,4;30;25;28;28;6;2,3;
2019/11/17;2100 UTC;;952,3;952,3;951,9;672,2;28,3;9,1;29,7;28,2;9,9;8,6;31;28;30;13;6,7;1,6;
2019/11/17;2200 UTC;;952,8;952,8;952,2;51,9;25,3;10,2;28,3;25,3;10,7;9,1;39;30;39;7;2,8;0;
2019/11/17;2300 UTC;;953,9;953,9;952,8;;24,2;10,9;25,6;24;11,6;10,2;46;38;43;10;5;2,7;
2019/11/18;0000 UTC;;954,8;954,8;953,9;;22,8;13,1;24,5;22,7;13,1;10,6;54;42;54;3;7,2;3,3;
2019/11/18;0100 UTC;;955,5;955,5;954,8;;22,1;14,6;22,8;21,9;14,6;13,2;63;54;63;4;9,1;4,9;
2019/11/18;0200 UTC;;955,8;955,8;955,5;;20,4;14,4;22;20,4;14,7;14,4;68;63;68;10;9,2;3,2;
2019/11/18;0300 UTC;;955,8;955,9;955,7;;19,1;14,1;20,5;19,1;14,5;14,1;73;68;73;8;7,1;3,2;
2019/11/18;0400 UTC;;955,3;955,8;955,3;;18,2;13,8;19,2;18,1;14,1;13,8;76;72;75;6;6,2;3;
2019/11/18;0500 UTC;;955;955,3;954,9;;17,2;13,3;18,2;17,2;13,8;13,3;78;75;78;8;6,3;3,4;
2019/11/18;0600 UTC;;955;955,1;955;;16,2;13,2;17,2;16,1;13,3;13;83;78;83;6;6,3;2,5;
2019/11/18;0700 UTC;;955,2;955,2;954,8;;15,3;12,6;16,4;15,3;13,2;12,6;85;81;84;357;4,9;2,4;
2019/11/18;0800 UTC;;955,5;955,5;955,2;;14,6;12,9;15,4;14,5;13,1;12,5;89;84;89;356;4,3;2,6;
2019/11/18;0900 UTC;;956,3;956,3;955,5;57,3;15,8;12,8;15,8;14,4;12,9;12,5;90;83;83;3;5,3;3,2;
2019/11/18;1000 UTC;;956,6;956,6;956,3;737,2;18,1;13,5;18,1;15,8;13,9;12,8;83;75;75;358;5,8;3,2;
2019/11/18;1100 UTC;;957,5;957,5;956,6;1697,1;21,3;15,1;21,3;18,1;15,3;13,6;76;68;68;345;6,1;2,7;
2019/11/18;1200 UTC;;957,5;957,6;957,4;2547,3;23,8;15,6;24,5;21,1;16,6;14,6;69;59;60;356;5,9;2,6;
2019/11/18;1300 UTC;;957,6;957,7;957,4;3284,2;27,4;17,7;27,5;23,5;17,9;15,7;62;55;55;286;6;2,5;
2019/11/18;1400 UTC;;957,1;957,6;957;3654;29,2;17,9;29,8;27,1;19,4;17,3;57;50;51;316;6;1,4;
2019/11/18;1500 UTC;;956,6;957,1;956,6;3504,3;31,2;17,9;31,7;29,1;19;16,5;53;41;45;170;6;1,9;
2019/11/18;1600 UTC;;955,8;956,6;955,8;2992,2;32;14,7;32,8;30;18,8;14,7;46;33;35;123;5,7;2,1;
2019/11/18;1700 UTC;;955,2;955,8;955,2;3857,4;32,4;13,4;33,5;32;15,9;12,6;37;29;32;78;6,6;2,8;
2019/11/18;1800 UTC;;954,7;955,2;954,6;3224,9;33,1;12,9;33,9;32,2;14,5;10,8;33;25;29;101;7,4;3;
2019/11/18;1900 UTC;;954,2;954,7;954,2;2143,2;32,3;12;33,4;31,5;13,6;11,4;31;28;29;41;7,7;2,4;
2019/11/18;2000 UTC;;954,3;954,3;954,2;1564,1;31,9;10,5;32,7;31,9;13,1;10,5;31;27;27;51;6,2;2,7;
2019/11/18;2100 UTC;;954,8;954,8;954,3;661,5;30,4;12,2;32,1;30,4;12,2;10,2;33;27;33;45;6,1;2,2;
2019/11/18;2200 UTC;;955,2;955,2;954,8;52,6;27,6;12,3;30,4;27,4;12,7;11,9;39;33;39;34;4;1,2;
2019/11/18;2300 UTC;;955,8;955,8;955,2;;25,9;13,2;27,7;25,9;13,3;12,2;46;38;46;356;3,5;,5;
2019/11/19;0000 UTC;;957,3;957,3;955,8;;24,3;17,3;26,4;24,2;17,4;12,7;65;43;65;355;11,9;6,8;
2019/11/19;0100 UTC;;957,6;957,6;957,2;;22,4;16,7;24,3;22,4;17,3;16,7;70;65;70;5;11,9;4,9;
2019/11/19;0200 UTC;;958,2;958,2;957,6;;21;16,6;22,4;21;16,7;16,6;76;70;76;12;9,5;2,7;
2019/11/19;0300 UTC;;958,1;958,4;958;;20,1;16,4;21;20,1;16,6;16,4;80;76;79;13;5,9;2,8;
2019/11/19;0400 UTC;;957,6;958,1;957,5;;19,5;15,8;20,3;19,5;16,5;15,8;80;78;79;9;7,6;4,1;
2019/11/19;0500 UTC;;957,3;957,6;957,1;;18,8;15,6;19,6;18,7;15,8;15,6;82;79;82;4;7,1;3,2;
2019/11/19;0600 UTC;;957,4;957,5;957,3;;18,1;15,6;18,8;18,1;15,6;15,5;85;82;85;3;5,5;2,2;
2019/11/19;0700 UTC;;957,3;957,5;957,2;;17,2;15,4;18,2;17,2;15,7;15,3;89;85;89;349;3,9;1,7;
2019/11/19;0800 UTC;;957,6;957,6;957,4;;17;15,2;17,5;17;15,8;15,2;90;89;89;357;3,8;1,4;
2019/11/19;0900 UTC;;958,4;958,4;957,6;59,8;17,6;15,9;17,6;16,9;15,9;15,2;90;89;90;6;3,1;,6;
2019/11/19;1000 UTC;;958,9;958,9;958,4;680,9;19,9;16,8;19,9;17,6;16,8;16;90;82;82;2;3,5;1,6;
2019/11/19;1100 UTC;;959,3;959,3;958,9;1633,6;22,5;17;22,6;19,9;17,5;16,3;82;71;71;350;3,8;1,3;
2019/11/19;1200 UTC;;959,1;959,3;959,1;2485,5;25,1;18,1;25,1;22,4;18,4;16,8;73;64;65;358;3,4;,6;
2019/11/19;1300 UTC;;959,1;959,1;959,1;3163,5;27,7;18,2;27,9;25,1;18,5;17,2;66;55;56;249;4,3;1,5;
2019/11/19;1400 UTC;;958,5;959,1;958,5;3585,3;29,6;18,2;29,7;27,6;18,8;17,4;57;50;50;259;7,3;,3;
2019/11/19;1500 UTC;;957,7;958,5;957,7;3664,2;31,8;17,5;31,8;29,1;19,8;16,8;53;42;43;195;4,2;1,5;
2019/11/19;1600 UTC;;956,9;957,7;956,9;3621,9;32,6;16,2;33,1;30,8;17,8;14,4;45;33;38;252;4,6;1,1;
2019/11/19;1700 UTC;;955,9;956,9;955,9;3239;33;14,6;34,4;31,8;15,6;13;38;28;33;76;5,3;2,2;
2019/11/19;1800 UTC;;955;955,9;955;2061,3;33,6;12,4;34,1;32;14,9;11,3;34;26;28;37;5,4;1,9;
2019/11/19;1900 UTC;;954,3;955;954,2;2608,3;33,4;11,9;34,1;33;13,1;11,7;29;26;27;50;6,3;3;
2019/11/19;2000 UTC;;954;954,2;953,9;1418,8;32,6;12;33,7;32,4;13,2;11,5;30;27;29;38;6,9;1,2;
2019/11/19;2100 UTC;;953,9;954;953,9;479,7;30,9;13,3;32,6;30,9;13,4;11,4;34;28;34;34;4,4;2,1;
2019/11/19;2200 UTC;;954,3;954,3;953,9;55,7;28,8;14;30,9;28,8;14,1;13,2;41;34;40;42;4,1;1,4;
2019/11/19;2300 UTC;;955,3;955,3;954,3;;26,5;14,9;28,9;26,5;15;14;49;40;49;23;3,2;,1;
2019/11/20;0000 UTC;;956,6;956,6;955,3;;25,5;16,2;27;25,2;16,3;14,7;56;48;56;4;7,4;3;
2019/11/20;0100 UTC;;957,4;957,4;956,6;;24,2;18;25,5;24,1;18,4;16,2;69;56;69;4;9,3;5,1;
2019/11/20;0200 UTC;;958,1;958,1;957,4;;22,5;17,5;24,2;22,5;18;17,4;73;68;73;359;9,8;2,5;
2019/11/20;0300 UTC;;958,2;958,2;957,9;;21,9;17,6;22,5;21,7;17,8;17,4;78;73;77;357;6,7;3,4;
2019/11/20;0400 UTC;;958,5;958,5;958,2;;21,2;17,2;21,9;21,1;17,6;17,2;78;76;78;351;7,6;2,7;
2019/11/20;0500 UTC;;957,9;958,5;957,9;;20,1;17,1;21,3;20,1;17,3;17;83;78;83;357;6,4;2,1;
2019/11/20;0600 UTC;;957,2;957,9;957,2;;19,7;17;20,2;19,7;17,2;16,9;84;83;84;3;4,9;2,8;
2019/11/20;0700 UTC;;957,1;957,3;957;;18,9;16,6;19,8;18,9;17;16,6;87;84;86;359;4,4;1,4;
2019/11/20;0800 UTC;;957,4;957,4;957,1;;18,5;16,5;19;18,5;16,9;16,4;88;86;88;353;3,7;1,6;
2019/11/20;0900 UTC;;958;958;957,4;47;19;16,8;19;18,1;16,8;16,3;90;87;87;353;3,1;1,4;
2019/11/20;1000 UTC;;958,7;958,7;958;650;21,5;17,5;21,5;19;17,7;16,8;87;77;78;351;3,2;1,7;
2019/11/20;1100 UTC;;959,2;959,2;958,7;1548,6;23,2;17,3;23,7;21,5;18;17;78;70;70;6;4,3;2,6;
2019/11/20;1200 UTC;;959,2;959,3;959,2;2387,7;26,5;18;26,8;23;18,6;17,4;72;58;60;316;4,3;2,1;
2019/11/20;1300 UTC;;958,7;959,2;958,7;3132,9;28,3;18;28,7;26,5;19,4;17,2;61;52;53;260;5,4;1,7;
2019/11/20;1400 UTC;;958,1;958,7;958,1;3605,2;30,6;18,2;31;28,3;18,8;17,5;54;46;48;246;5,6;1,1;
2019/11/20;1500 UTC;;957,4;958,1;957,4;3682,1;32,3;17,1;32,7;30;18,7;15,8;48;38;40;3;4,8;,5;
2019/11/20;1600 UTC;;956,3;957,5;956,3;2522;33,4;16,3;33,5;30,5;18,1;15,4;46;35;36;292;4,4;1,8;
2019/11/20;1700 UTC;;955,3;956,3;955,3;1886;29,2;14,4;34;28,7;16,6;14,4;48;32;41;195;6,6;1,4;
2019/11/20;1800 UTC;;955,4;955,5;955,2;592,5;25,7;16;29,5;25,3;16,1;12,2;56;34;55;201;9,3;1,7;
2019/11/20;1900 UTC;;954,6;955,5;954,6;820,5;28,1;15,6;28,1;25,6;16,3;14,4;56;45;47;151;5,1;0;
2019/11/20;2000 UTC;;954,9;955,4;954,6;1397,8;29,4;16,2;29,9;27,4;17,1;14,5;48;43;45;301;9,1;2,8;
2019/11/20;2100 UTC;;955,2;955,2;954,9;516;26,8;17,1;29,5;26,8;17,6;16;56;44;55;304;5,2;2,2;
2019/11/20;2200 UTC;;955,9;955,9;955,2;29,9;25;16,5;26,8;25;17,1;16,4;59;55;59;322;4,8;,3;
2019/11/20;2300 UTC;;956,2;956,2;955,9;;24,3;17,3;25,2;24,3;17,8;16,5;65;59;65;341;3;,3;
2019/11/21;0000 UTC;;957,1;957,1;956,2;;23,5;17,2;24,5;23,5;17,4;16,8;68;64;68;1;3,6;1,8;
2019/11/21;0100 UTC;;957,7;957,7;957,1;;23,3;17,8;23,6;23,2;17,9;17,2;72;67;72;353;5,3;1,9;
2019/11/21;0200 UTC;;957,4;957,7;957,4;;22,8;17,8;23,3;22,7;18,3;17,8;75;72;73;8;5,3;3,1;
2019/11/21;0300 UTC;;956,9;957,4;956,9;;21,6;17,5;22,9;21,6;17,8;17,5;78;73;78;6;6,4;3;
2019/11/21;0400 UTC;;956,6;957,1;956,6;;20,2;17,4;21,6;20,2;17,6;17,3;84;78;84;351;5,1;1,9;
2019/11/21;0500 UTC;;956,3;956,7;956,3;;19,8;17,5;20,4;19,6;17,6;17,1;87;83;87;10;3,6;1,5;
2019/11/21;0600 UTC;;956,3;956,4;956,1;;19,3;17,1;19,9;19,2;17,6;17,1;88;86;87;341;4;1,8;
2019/11/21;0700 UTC;;956,3;956,4;956,2;;18,8;16,9;19,3;18,7;17,1;16,7;89;87;89;358;3,2;,9;
2019/11/21;0800 UTC;;956,6;956,6;956,2;;18,5;16,8;18,9;18,4;16,9;16,6;90;88;90;7;3;,7;
2019/11/21;0900 UTC;;957,4;957,4;956,6;80,9;19,2;17,3;19,2;18,3;17,3;16,6;91;89;89;358;2,7;1,5;
2019/11/21;1000 UTC;;958;958;957,4;571,5;21,2;17,7;21,2;19,2;17,8;17,3;89;81;81;348;4,1;2,2;
2019/11/21;1100 UTC;;958,4;958,4;958;1103,6;24,1;18,4;24,1;21,2;18,6;17,4;81;70;71;319;5,5;2,6;
2019/11/21;1200 UTC;;958,7;958,7;958,4;2273;26,7;18,3;26,8;24,1;18,7;17,7;71;60;60;292;6,1;2,8;
2019/11/21;1300 UTC;;958,3;958,7;958,2;2931,7;29,9;17,3;30;26,7;18,8;16,9;61;47;47;266;6,7;2,9;
2019/11/21;1400 UTC;;957,9;958,3;957,8;3676,1;30;17,2;31,2;29,3;18,1;16,4;49;42;46;263;8,5;2,8;
2019/11/21;1500 UTC;;957,1;957,9;957,1;3218,1;30,6;17;32;29,6;18,1;16,2;48;41;44;207;8,9;1,5;
2019/11/21;1600 UTC;;956,3;957,2;956,3;3595;33;15,9;33,4;30,3;17,7;15,3;45;36;36;215;6;1,4;
2019/11/21;1700 UTC;;955,3;956,3;955,2;3316,4;34,2;15,2;34,3;31,3;16,8;14,1;40;31;32;256;6,5;2;
2019/11/21;1800 UTC;;954;955,3;954;2481,5;33,6;14,2;34,3;31,4;16,1;13,7;37;31;31;186;5,7;1,1;
2019/11/21;1900 UTC;;952,9;954;952,8;2332,8;33,8;13,3;34,3;32,6;15,5;13,2;34;29;29;339;6,3;2,9;
2019/11/21;2000 UTC;;952,6;952,9;952,6;1591,4;33,2;13,5;34,4;32,8;14,5;12,7;32;29;30;292;6,3;2,2;
2019/11/21;2100 UTC;;952,7;952,7;952,5;700,5;31,5;13,6;33,2;31,5;13,7;12,9;34;30;34;349;5,6;1,4;
2019/11/21;2200 UTC;;953,6;953,6;952,7;62,5;29,5;14,8;31,5;29,5;15;13,7;41;34;41;298;3,1;,4;
2019/11/21;2300 UTC;;954,2;954,2;953,6;;26,6;14,9;29,5;26,6;15,7;14,6;49;41;49;153;3,3;0;
2019/11/22;0000 UTC;;954,6;954,7;954,1;;26;15,7;27,5;26;16,1;14,7;54;48;53;319;2,5;,6;
2019/11/22;0100 UTC;;955,5;955,5;954,6;;26,4;16,6;26,6;25,7;16,6;15,8;56;53;55;288;2,2;0;
2019/11/22;0200 UTC;;956,5;956,5;955,5;;23,7;17,3;26,4;23,7;17,3;16,1;68;55;68;84;10;5,8;
2019/11/22;0300 UTC;;956;956,6;956;;21,7;19,1;23,7;21,7;19,1;17,3;85;68;85;75;9,4;3,6;
2019/11/22;0400 UTC;;955,8;956,1;955,8;;22;18,1;22;21,3;19,1;18,1;86;79;79;48;8,2;4,4;
2019/11/22;0500 UTC;;955,2;955,8;955,2;;21,7;17,8;22;21,6;18,1;17,8;79;77;78;25;7,9;2,3;
2019/11/22;0600 UTC;;954,8;955,2;954,8;;21,5;18,2;22;21,5;18,3;17,7;82;78;82;1;4,4;2,3;
2019/11/22;0700 UTC;;954,6;954,9;954,6;;20,7;18,2;21,5;20,7;18,3;18,1;86;82;85;347;3,7;1,9;
2019/11/22;0800 UTC;;954,8;954,8;954,5;;20,4;18,2;20,7;20,2;18,3;18;88;85;87;330;3,6;2;
2019/11/22;0900 UTC;;954,9;955,1;954,8;82,2;20,9;18,4;21;20,2;18,6;18;88;86;86;316;3,7;1,9;
2019/11/22;1000 UTC;;955,8;955,8;954,9;748,3;23,5;18,7;23,6;20,9;19,2;18,4;86;74;74;299;4,1;2,2;
2019/11/22;1100 UTC;;956,4;956,4;955,8;1628,3;27,1;18,5;27,1;23,5;19,5;18;75;59;60;247;4,6;2;
2019/11/22;1200 UTC;;956,9;956,9;956,3;2471,4;29,5;18,3;29,8;27,1;19,3;17,3;60;49;51;191;5,7;1,9;
2019/11/22;1300 UTC;;956,8;957;956,7;3033,5;30,3;17,6;30,7;28,2;18,7;16,4;53;45;47;195;7,9;2,3;
2019/11/22;1400 UTC;;956,2;956,8;956,1;3443,7;31;16;32,6;30,1;17,8;16;47;39;40;184;8;2,2;
2019/11/22;1500 UTC;;955,3;956,2;955,2;3624;33,1;14,8;34,1;30,9;17,5;14,8;43;32;33;227;6,6;2,2;
2019/11/22;1600 UTC;;954,3;955,3;954,3;3731,1;33,6;15,2;34,6;32,7;15,9;13,8;35;30;33;218;6,7;2,1;
2019/11/22;1700 UTC;;952,7;954,3;952,7;2154,9;34,2;15,3;34,8;32;16,1;13,8;36;30;32;185;7,3;2,8;
2019/11/22;1800 UTC;;952,5;952,9;952,2;969,1;25,3;18,3;34,8;24,8;18,7;13,9;68;30;65;351;10,2;4,1;
2019/11/22;1900 UTC;;951,8;952,6;951,8;757,6;27,5;19,9;27,8;25,3;20,6;18,3;68;57;63;356;10,2;,8;
2019/11/22;2000 UTC;;951,8;952,1;951,8;474,1;26,1;17,5;27,5;25,6;21,2;16,4;71;57;59;198;7,4;1,7;
2019/11/22;2100 UTC;;953,3;953,4;951,6;545,2;23,6;18,6;27,1;23,6;18,9;16,7;74;54;74;251;6,8;3;
2019/11/22;2200 UTC;;954;954;953,3;54,4;22,1;19,6;23,6;22,1;19,7;18,6;87;73;86;258;6,4;1,5;
2019/11/22;2300 UTC;;954,8;954,8;953,9;;21,4;18,9;22,1;21,2;19,6;18,8;88;83;86;246;6,9;2,3;
2019/11/23;0000 UTC;;956,1;956,1;954,9;;21,2;19,1;21,5;21;19,3;18,9;89;85;88;331;4,9;1,9;
2019/11/23;0100 UTC;;956,2;956,3;955,9;;20,3;18,9;21,2;20,3;19;18,6;92;87;92;339;6,3;2,9;
2019/11/23;0200 UTC;;956,1;956,5;956,1;;20,5;19,1;20,6;20,3;19,1;18,9;92;91;91;299;5,9;1,2;
2019/11/23;0300 UTC;;955,7;956,1;955,6;;20,6;18,8;20,6;20,4;19,1;18,8;92;90;90;277;4,7;,1;
2019/11/23;0400 UTC;;954,8;955,7;954,8;;20,3;18,6;20,8;20,3;18,8;18,6;90;88;90;138;4,4;0;
2019/11/23;0500 UTC;;953,9;954,8;953,9;;20,6;18,6;20,6;20,2;18,7;18,5;90;89;89;144;2,1;,1;
2019/11/23;0600 UTC;;953,6;953,9;953,5;;20,1;18,3;20,6;20,1;18,6;18,3;89;88;89;231;4,7;0;
2019/11/23;0700 UTC;;953,7;953,8;953,5;;19,7;18,4;20,1;19,7;18,5;18,3;92;89;92;348;1,4;0;
2019/11/23;0800 UTC;;954;954;953,5;;19,7;18,4;20,2;19,7;18,8;18,3;92;91;92;32;1,5;0;
2019/11/23;0900 UTC;;954,7;954,7;954;69,5;20,4;19;20,4;19,4;19;18,1;93;92;92;4;1,4;0;
2019/11/23;1000 UTC;;955,2;955,2;954,7;701,9;22,9;19,3;23;20,4;20,1;19;92;80;80;275;2,5;,9;
2019/11/23;1100 UTC;;955,7;955,8;955,2;1538,6;25,2;19,4;25,3;22,7;20,2;18,4;81;70;70;190;3;,3;
2019/11/23;1200 UTC;;955,7;955,8;955,7;2440;28;19,2;28,1;25,1;20,3;19;72;58;59;179;4,1;1,5;
2019/11/23;1300 UTC;;955,8;956;955,7;3172,6;29,6;19,1;29,9;27,9;20,3;18,8;61;53;53;134;6,1;2,6;
2019/11/23;1400 UTC;;955,5;955,8;955,5;3663,8;32,1;18,9;32,3;29,4;20;18,5;55;45;45;185;6,1;2,7;
2019/11/23;1500 UTC;;954,7;955,5;954,7;2777,5;32,2;16,8;32,8;30,7;20,1;16,6;50;39;40;145;8,1;3,3;
2019/11/23;1600 UTC;;953,3;954,7;953,3;2454,7;33,5;16,2;33,6;31,4;18,2;13,4;43;30;36;95;7,3;3,4;
2019/11/23;1700 UTC;;952,3;953,3;952,3;3376,8;33,9;16,5;34;31,4;18,2;13,9;44;31;35;65;10,4;2,4;
2019/11/23;1800 UTC;;951,4;952,3;951,4;2883,7;33,8;15,7;34,8;32,9;16,3;15;36;32;34;72;9,2;2,6;
2019/11/23;1900 UTC;;950,6;951,4;950,4;2125,9;33,5;13,4;35,1;33,5;16,1;13,1;35;29;30;97;6,1;3,2;
2019/11/23;2000 UTC;;951,6;951,8;950,6;319,2;27,9;16;33,5;27,2;17,4;13,6;55;30;48;102;14,8;5;
2019/11/23;2100 UTC;;951,4;951,6;951;354;28,9;15,9;29;26,7;17,5;15,6;57;44;45;126;9,5;1,7;
2019/11/23;2200 UTC;;951,9;951,9;951,4;74,6;27,6;16,6;29;27,4;17,2;15,8;54;45;51;62;4,1;1,1;
2019/11/23;2300 UTC;;953,1;953,1;951,9;;27,6;17,2;27,7;27,2;17,6;16,9;55;51;53;66;3,9;2;
2019/11/24;0000 UTC;;954,7;954,7;953,1;;24,1;18,5;27,9;24,1;18,9;17,1;71;53;71;354;11,9;5,5;
2019/11/24;0100 UTC;;956;956;954,7;;22,8;17,9;24,1;22,8;18,5;17,9;74;71;74;349;9,7;4,5;
2019/11/24;0200 UTC;;956,3;956,3;956;;21,8;17,7;22,8;21,8;17,9;17,6;77;74;77;354;8;3,5;
2019/11/24;0300 UTC;;956,1;956,4;956;;22,3;17,9;22,4;21,7;18;17,7;78;75;76;356;7,9;3,4;
2019/11/24;0400 UTC;;956;956,4;956;;22;16,7;22,4;22;17,9;16,6;76;71;72;346;9,7;4,9;
2019/11/24;0500 UTC;;955,7;956;955,7;;20,9;17,1;22;20,9;17,2;16,6;79;72;79;343;8,6;3,9;
2019/11/24;0600 UTC;;955,5;955,8;955,4;;20,9;17,2;20,9;20,7;17,2;17,1;80;79;80;355;6,6;3,6;
2019/11/24;0700 UTC;;955,8;955,8;955,5;;19,2;17,4;20,9;19,2;17,4;17;89;80;89;1;7,8;3,8;
2019/11/24;0800 UTC;;955,8;955,8;955,2;;18,9;17,1;19,3;18,9;17,5;17,1;91;89;90;356;9,3;4,2;
2019/11/24;0900 UTC;;957;957;955,7;17,2;18,8;16,6;18,9;18,6;17,1;16,6;90;86;87;355;8,6;3,9;
2019/11/24;1000 UTC;;957,7;957,7;957;168,9;19,5;16,9;19,5;18,8;17,1;16,6;87;85;85;343;8,2;2,7;
2019/11/24;1100 UTC;;957,9;957,9;957,7;719,7;20,3;15,8;20,4;19,5;17,2;15,6;86;75;75;348;9,3;5,7;
2019/11/24;1200 UTC;;958,5;958,5;957,9;997,4;20,5;15,2;20,7;19,9;16;14,8;77;70;72;354;10,2;5,4;
2019/11/24;1300 UTC;;958,5;958,8;958,5;1523,9;22,5;15,5;22,7;19,9;15,7;14,4;72;62;65;334;10,2;5,1;
2019/11/24;1400 UTC;;958,4;958,6;958,4;2020,8;22,8;14,6;23,4;21,9;16;14,5;65;59;60;343;8,4;4,6;
2019/11/24;1500 UTC;;957,9;958,4;957,9;1613,8;22,8;15,3;23,1;22,1;15,3;14,1;63;59;63;357;9;4,6;
2019/11/24;1600 UTC;;957,2;957,9;957,2;2344,6;24,3;15;24,3;22,8;15,3;14,3;63;56;56;356;8,7;4,7;
2019/11/24;1700 UTC;;956,4;957,2;956,4;2403,9;24,8;14,8;25,4;23,3;15,8;14,2;59;53;54;344;8,5;4,5;
2019/11/24;1800 UTC;;955,4;956,4;955,4;2978,2;24,7;14,9;25,8;23,9;16,2;14,4;58;52;54;350;9,1;4,7;
2019/11/24;1900 UTC;;954,5;955,4;954,5;2212,5;25,9;15,7;26,5;24,5;16;14,9;56;51;53;350;8,8;4,4;
2019/11/24;2000 UTC;;954,8;954,8;954,5;1585,2;25,1;15,1;26,1;24,9;15,8;14,8;55;51;54;338;7,5;4;
2019/11/24;2100 UTC;;955,5;955,5;954,7;590,3;23,5;14,7;25,4;23,5;15,4;14,6;58;53;58;339;6,7;3,3;
2019/11/24;2200 UTC;;955,9;955,9;955,5;41,2;22,4;14,8;23,5;22,4;14,9;14,6;62;58;62;343;7,3;3,1;
2019/11/24;2300 UTC;;956,5;956,5;955,9;;21,7;14,3;22,4;21,6;15;13,8;63;61;63;353;8,1;4,1;
2019/11/25;0000 UTC;;956,9;956,9;956,5;;21;13,8;21,7;20,9;14,3;13,7;64;62;63;342;8;3,6;
2019/11/25;0100 UTC;;957,1;957,2;956,9;;20,3;13,1;21;20,3;13,8;13;64;62;63;349;8,7;4,6;
2019/11/25;0200 UTC;;957,3;957,3;957;;18,4;13;20,3;18,4;13,5;13;72;63;71;358;10,1;4,5;
2019/11/25;0300 UTC;;957,3;957,4;957,2;;17,3;12,7;18,4;17,3;13;12,6;74;71;74;358;9,1;3,3;
2019/11/25;0400 UTC;;956,8;957,4;956,8;;16,8;12,5;17,4;16,7;12,7;12,5;76;74;76;354;6,4;3,6;
2019/11/25;0500 UTC;;956,4;956,8;956,3;;16,3;11,9;16,9;16,3;12,4;11,9;76;74;75;5;7,6;3,3;
2019/11/25;0600 UTC;;956,1;956,4;956,1;;15,8;11,7;16,4;15,8;11,9;11,7;77;75;77;357;6,4;3,7;
2019/11/25;0700 UTC;;956,3;956,4;956,1;;15,5;11,4;15,8;15,4;11,7;11,4;77;76;77;4;6,5;3,5;
2019/11/25;0800 UTC;;956,5;956,5;956,1;;15;11,4;15,5;15;11,5;11,3;79;77;79;7;5,6;2,7;
2019/11/25;0900 UTC;;957;957;956,4;61,6;15,3;11,8;15,3;14,9;11,8;11,3;80;79;79;360;5,5;2,4;
2019/11/25;1000 UTC;;957,2;957,2;957;659,4;17,6;12,1;17,7;15,3;12,3;11,8;79;70;70;357;6,6;3,9;
2019/11/25;1100 UTC;;957,6;957,6;957,2;1615;20,4;12,8;20,6;17,6;13,1;11,8;70;62;62;349;7,3;4,2;
2019/11/25;1200 UTC;;957,7;957,7;957,6;2453,6;22,4;13,5;23;20,4;14;12,6;62;56;57;355;7,2;3,4;
2019/11/25;1300 UTC;;957,4;957,7;957,4;3221,4;25,5;14,6;26,1;22,3;15,2;13,4;58;49;51;349;6,3;2,5;
2019/11/25;1400 UTC;;957;957,4;957;3469,7;28,5;16,6;28,5;25;17,1;14,4;54;47;49;278;5,8;1,3;
2019/11/25;1500 UTC;;956,1;957;956,1;3682,2;29;16,9;29,9;27,7;17,2;16;51;45;48;305;5,3;2;
2019/11/25;1600 UTC;;955,4;956,2;955,4;2135,5;29;17,1;30,5;28;18;16,4;51;45;49;30;5;1,7;
2019/11/25;1700 UTC;;954,2;955,4;954,2;1957;30,1;16,8;31,2;28,8;17,6;16,4;49;43;45;67;4,4;1,7;
2019/11/25;1800 UTC;;953,2;954,2;953,2;3213,4;31,8;16,3;32,2;29,7;17,4;15,6;46;38;39;32;5,4;1,2;
2019/11/25;1900 UTC;;952,3;953,2;952,2;2488,9;32,1;16,3;32,6;30,9;17;15,8;42;37;39;344;5,9;2,7;
2019/11/25;2000 UTC;;952,1;952,3;952;1571,4;30,4;16,3;32,1;30,2;17;15,8;43;39;43;15;7,5;3,6;
2019/11/25;2100 UTC;;952,3;952,3;952,1;693,5;28,4;16,7;30,4;28,4;16,8;16,2;49;43;49;18;8,3;4,3;
2019/11/25;2200 UTC;;953;953;952,3;74,7;26,2;16,9;28,4;26,1;16,9;16,6;57;49;57;6;7,8;2,9;
2019/11/25;2300 UTC;;953,7;953,7;953;;24,7;17;26,2;24,6;17;16,9;62;57;62;2;6;3,2;
2019/11/26;0000 UTC;;954,7;954,7;953,6;;23,4;17;24,7;23,4;17,1;16,8;67;62;67;349;6;1,5;
2019/11/26;0100 UTC;;955,3;955,3;954,7;;22,4;17;23,5;22,4;17,1;16,9;71;67;71;347;4,6;2,3;
2019/11/26;0200 UTC;;955,6;955,6;955,3;;21,6;16,8;22,5;21,6;17;16,8;74;71;74;345;4,6;1,5;
2019/11/26;0300 UTC;;955,6;955,8;955,6;;21,2;16,2;21,6;21,2;16,9;16,2;76;73;73;10;4,8;2,5;
2019/11/26;0400 UTC;;955,3;955,6;955,3;;20;15,6;21,2;20;16,2;15,6;76;73;76;6;5,4;2,8;
2019/11/26;0500 UTC;;955,4;955,5;955,3;;18,9;15;20;18,9;15,6;15;78;76;78;5;6,1;3;
2019/11/26;0600 UTC;;955;955,4;955;;18,2;14,6;19;18,2;15;14,6;79;78;79;1;6,1;3,2;
2019/11/26;0700 UTC;;954,9;955;954,7;;17,7;14,5;18,3;17,7;14,6;14,4;82;79;81;6;6,1;3,1;
2019/11/26;0800 UTC;;955,4;955,5;954,9;;17,5;14,4;17,8;17,4;14,6;14,4;83;81;82;4;5,2;2,3;
2019/11/26;0900 UTC;;955,8;955,8;955,2;72,1;17,8;14,9;17,8;17;15;14,3;85;82;83;355;4,3;,3;
2019/11/26;1000 UTC;;956,5;956,5;955,8;689,4;20;15,2;20,2;17,8;15,6;14,9;83;73;74;3;4,9;,6;
2019/11/26;1100 UTC;;956,6;956,6;956,4;1513,5;23;15,9;23,4;19,8;16,5;15,1;75;64;64;349;5,5;2,6;
2019/11/26;1200 UTC;;956,5;956,8;956,5;2467,1;26,2;17;26,8;22,8;17,4;15,8;65;56;57;302;6,5;3;
2019/11/26;1300 UTC;;956,2;956,6;956,2;3025,6;30,4;18,3;30,4;26,2;18,6;17,1;57;48;48;255;7,1;2;
2019/11/26;1400 UTC;;955,6;956,2;955,6;3661,3;32,6;18,9;32,7;30,3;18,9;17,5;48;42;44;254;8,2;3,7;
2019/11/26;1500 UTC;;954,9;955,7;954,9;3799,9;33,9;18;34;31,9;18,8;17,6;44;38;39;259;8,7;3,4;
2019/11/26;1600 UTC;;954,2;954,9;954,2;2291,1;32,8;17,6;35,2;32,3;18,7;17,1;43;37;40;237;8,3;2,5;
2019/11/26;1700 UTC;;952,7;954,2;952,7;2409,3;34,6;17,4;34,7;32,5;18,8;16,3;42;34;36;219;8,2;1,6;
2019/11/26;1800 UTC;;951,3;952,7;951,3;2353,2;34,7;16,7;36;33,4;17,9;15,7;39;32;34;247;8,3;3,4;
2019/11/26;1900 UTC;;950,9;951,3;950,9;2148,6;33,4;16,2;36,4;33,4;17,1;15,3;36;30;36;251;8,8;2,8;
2019/11/26;2000 UTC;;951,1;951,1;950,8;304,7;31,9;17,2;33,5;31,9;17,6;16,5;42;36;42;186;7,8;0;
2019/11/26;2100 UTC;;951,3;951,3;951,1;375,6;31,5;17,4;32,7;31,5;18,3;17,2;43;40;43;96;2,9;0;
2019/11/26;2200 UTC;;952,3;952,3;951,3;40,5;29,2;18,2;31,5;29,2;18,2;17,3;51;43;51;171;1,4;0;
2019/11/26;2300 UTC;;953,1;953,2;952,2;;28,5;18,4;29,6;28,5;18,7;18,2;55;51;54;189;4,1;1,3;
2019/11/27;0000 UTC;;953,9;953,9;953,1;;27;18,7;28,5;27;18,7;18,3;61;54;61;172;2,8;,5;
2019/11/27;0100 UTC;;954,3;954,3;953,8;;25,6;19;27;25,6;19,1;18,7;67;61;67;32;2,1;0;
2019/11/27;0200 UTC;;954,4;954,5;954,3;;25,9;19;26,2;25,4;19,3;19;68;65;66;325;0;0;
2019/11/27;0300 UTC;;953,9;954,4;953,9;;25,4;19;26,1;25,4;19,1;18,9;68;65;68;235;3,2;,9;
2019/11/27;0400 UTC;;953,4;953,9;953,4;;24,7;19,4;25,8;24,4;19,5;18,9;74;67;73;239;3,3;,2;
2019/11/27;0500 UTC;;952,7;953,4;952,7;;24,6;19,5;25,1;24,5;19,6;19,4;74;71;73;253;2,9;1,6;
2019/11/27;0600 UTC;;952,4;952,8;952,4;;24,1;19;24,7;23,8;19,5;19;75;73;73;239;4,6;1,8;
2019/11/27;0700 UTC;;952,3;952,4;952,2;;23,1;18,9;24,1;23,1;19;18,9;77;73;77;241;4,2;,9;
2019/11/27;0800 UTC;;952,2;952,3;952;;23,3;18,9;23,5;22,8;19;18,8;78;76;76;149;3,8;,2;
2019/11/27;0900 UTC;;953,4;953,4;952,2;27;24,6;19,1;24,6;23,2;19,1;18,9;77;71;71;204;4;1;
2019/11/27;1000 UTC;;953,6;953,6;953,4;114,7;23,3;20,5;24,8;23,1;20,6;19,1;85;71;84;209;7,4;,1;
2019/11/27;1100 UTC;;955,1;955,1;953,6;196,2;24,2;20,1;24,2;23,3;20,8;20;84;77;78;90;3,7;2;
2019/11/27;1200 UTC;;955,1;955,2;955;784,2;25,7;21,3;25,7;24,1;21,3;20;80;75;77;339;3,3;0;
2019/11/27;1300 UTC;;954,9;955,2;954,9;1614,2;28;20,5;28,4;25,7;21,5;20,4;77;63;64;228;4,9;1,4;
2019/11/27;1400 UTC;;954,3;954,9;954,3;2193,2;31,8;20,2;32,2;28;21;19,4;64;48;50;189;6,9;2,9;
2019/11/27;1500 UTC;;952,8;954,3;952,7;3311,7;35,5;17;35,6;31,8;19,9;16,2;50;33;33;196;11,6;5,1;
2019/11/27;1600 UTC;;952,5;952,8;952,5;963,3;29,8;19,6;35,6;29,2;19,6;15,8;56;33;54;135;11,6;2,3;
2019/11/27;1700 UTC;;952,9;952,9;952,1;435,3;23,6;20,8;30,7;23,2;20,8;18,2;85;48;84;185;10,6;3,4;
2019/11/27;1800 UTC;;952,6;953;952,6;109,3;22,8;20,6;23,7;21,9;20,6;19,2;89;82;88;158;11,9;1;
2019/11/27;1900 UTC;;952,9;952,9;952,5;335,4;23,4;21;23,4;22,7;21,2;20,5;89;86;86;94;5,4;3,1;
2019/11/27;2000 UTC;;952,7;953,1;952,7;42,3;22,1;20,7;23,5;22,1;21,1;20,1;92;85;92;172;7,3;1;
2019/11/27;2100 UTC;;953,3;953,3;952,6;36,2;22;20,8;22,2;22;20,9;20,7;93;92;93;360;4;0;
2019/11/27;2200 UTC;;954,1;954,1;953,3;3,9;22;20,9;22,1;21,9;21;20,7;93;93;93;317;2,6;0;
2019/11/27;2300 UTC;;954,7;954,7;953,9;;21,9;20,8;22,1;21,9;21;20,8;94;93;94;74;3,1;1,5;
2019/11/28;0000 UTC;;955,5;955,5;954,4;;21,6;20,6;21,9;21,5;20,8;20,4;94;94;94;196;3,1;,4;
2019/11/28;0100 UTC;;955,6;955,8;955,5;;21;20;21,6;21;20,5;20;94;94;94;202;2;0;
2019/11/28;0200 UTC;;955,2;955,6;955,2;;20,5;19,4;21;20,5;20;19,4;94;94;94;236;4,9;1,9;
2019/11/28;0300 UTC;;954,9;955,3;954,8;;20,7;19,6;20,7;20,4;19,7;19,4;94;94;94;241;4,9;1,5;
2019/11/28;0400 UTC;;953,6;954,9;953,6;;20,7;19,6;20,7;20,6;19,7;19,6;94;94;94;295;3,7;0;
2019/11/28;0500 UTC;;953,3;953,6;953,3;;20,9;19,9;20,9;20,7;19,9;19,7;94;94;94;177;2,4;,5;
2019/11/28;0600 UTC;;953,1;953,4;953;;20,6;19,6;20,9;20,6;19,9;19,6;94;94;94;167;2,2;,7;
2019/11/28;0700 UTC;;952,8;953,1;952,8;;20,3;19,3;20,6;20,3;19,6;19,3;94;94;94;135;2,4;,2;
2019/11/28;0800 UTC;;952,9;952,9;952,8;;20,4;19,4;20,4;20,3;19,4;19,3;94;94;94;145;1,1;0;
2019/11/28;0900 UTC;;954;954;952,9;28,7;20,4;19,4;20,4;20,2;19,4;19,2;94;94;94;172;0;0;
2019/11/28;1000 UTC;;954,8;954,8;954;261,1;21,1;20,1;21,1;20,4;20,1;19,4;94;94;94;34;0;0;
2019/11/28;1100 UTC;;955,3;955,3;954,8;254,9;21,5;20,4;21,5;21,1;20,4;20,1;94;94;94;359;0;0;
2019/11/28;1200 UTC;;955,7;955,7;955,3;575,2;22,4;21;22,4;21,3;21;20,3;94;91;92;1;2,2;1,3;
2019/11/28;1300 UTC;;955,7;955,8;955,7;1561,7;23,9;20,3;24,1;22,1;20,8;19,5;91;77;80;359;2,8;1,1;
2019/11/28;1400 UTC;;955,7;955,7;955,6;2122,3;24,6;20;25,4;23,9;21,2;19,7;82;74;76;27;2,5;1,3;
2019/11/28;1500 UTC;;955,6;955,7;955,6;1752,4;25,8;20,6;25,9;24,6;21;19,9;77;73;73;60;3,4;1,8;
2019/11/28;1600 UTC;;955,1;955,7;955;2728,1;26,6;20,6;27,5;25,6;21,3;19,6;73;66;70;60;4,7;2,2;
2019/11/28;1700 UTC;;954,1;955,1;954,1;2408,5;27,5;20,5;27,5;26,2;21,6;19,5;72;65;66;41;5;2,5;
2019/11/28;1800 UTC;;953,6;954,1;953,6;2994,1;26,3;20,5;27,6;25,7;21,3;19,2;72;62;70;32;8,7;5,1;
2019/11/28;1900 UTC;;953,4;953,6;953,3;1301,8;25,1;19,1;26,8;24,9;20,4;18,9;72;67;70;5;10;4,8;
2019/11/28;2000 UTC;;953,6;953,6;953,3;720;23,5;18,5;25,4;23,5;19,5;18,3;74;68;73;13;10,2;5,6;
2019/11/28;2100 UTC;;954,2;954,2;953,6;342;22,5;18;23,5;22,5;18,4;17,9;76;73;76;3;10,5;4,5;
2019/11/28;2200 UTC;;954,6;954,6;954,2;35,8;21,8;18;22,5;21,8;18,1;17,6;79;74;79;1;9,3;4,5;
2019/11/28;2300 UTC;;955,6;955,6;954,6;;21,4;17,8;21,8;21,4;18;17,8;80;79;80;4;8,3;3,2;
2019/11/29;0000 UTC;;956,4;956,4;955,6;;20,8;17,7;21,4;20,8;17,8;17,7;83;80;82;349;8,3;4;
2019/11/29;0100 UTC;;956,6;956,7;956,4;;20,5;16,4;21;20,5;17,7;16,2;82;75;77;355;12,1;5,2;
2019/11/29;0200 UTC;;957,3;957,3;956,6;;19,9;15,8;20,5;19,8;16,5;15,7;78;74;77;352;11,5;4,7;
2019/11/29;0300 UTC;;956,9;957,3;956,9;;19;15,2;19,9;19;15,7;15,1;79;76;79;353;10,4;4,5;
2019/11/29;0400 UTC;;956,4;956,9;956,4;;18,2;15,3;19;18,2;15,3;15,2;83;78;83;3;7,2;2,8;
2019/11/29;0500 UTC;;956;956,4;956;;18,2;15;18,4;18,1;15,3;15;83;81;82;360;6,8;,5;
2019/11/29;0600 UTC;;955,4;956;955,4;;18;14,5;18,3;18;15;14,5;82;79;80;353;6,9;3,2;
2019/11/29;0700 UTC;;955,1;955,4;955,1;;17,5;14,4;18;17,5;14,6;14,4;83;80;82;6;6,5;3;
2019/11/29;0800 UTC;;955,4;955,4;955,1;;16,9;14,3;17,5;16,9;14,4;14,3;84;82;84;3;5,8;0;
2019/11/29;0900 UTC;;955,8;955,8;955,3;38,9;16,7;14,5;16,9;16,6;14,5;14,2;87;84;87;349;3,9;0;
2019/11/29;1000 UTC;;956,2;956,2;955,8;587,2;18,9;14,6;19;16,8;14,9;14,3;87;75;76;349;8;4,6;
2019/11/29;1100 UTC;;956,4;956,4;956;1838;21,3;15,1;21,5;18,9;15,6;14,4;76;67;68;342;8,5;3,5;
2019/11/29;1200 UTC;;956,6;956,7;956,4;1726,7;23,4;16,3;23,4;20,2;16,4;14,7;72;63;64;340;6,2;0;
2019/11/29;1300 UTC;;956,6;956,7;956,5;2530,1;24,5;16,8;24,9;23;17,5;15,6;66;59;62;307;6,2;2,8;
2019/11/29;1400 UTC;;956,2;956,6;956,2;1984,8;26,3;17,5;26,7;24,2;18,5;16,6;65;58;59;327;4,8;0;
2019/11/29;1500 UTC;;955,5;956,2;955,5;1924,9;27,2;18,5;27,3;25,8;18,7;17,1;63;57;59;303;4;1,1;
2019/11/29;1600 UTC;;954,7;955,5;954,7;2452,3;27,9;19,4;28,6;26,7;20;17,8;62;54;60;349;4,4;1,4;
2019/11/29;1700 UTC;;953,8;954,8;953,8;2556;28,3;18,7;29,5;27,2;20;18;61;54;56;340;4,6;1,2;
2019/11/29;1800 UTC;;952,8;953,8;952,8;1826,8;29;18,8;29,4;28,1;20,3;18,3;60;53;54;10;4,2;,3;
2019/11/29;1900 UTC;;952,2;952,8;952,2;1937;28,8;18,6;30,4;28,8;20,4;18,3;57;50;54;49;4,7;1,3;
2019/11/29;2000 UTC;;952;952,2;952;629;28,6;19;29;28,3;19,4;18,6;59;54;56;33;3,7;1,5;
2019/11/29;2100 UTC;;952,3;952,3;952;347,8;27,8;19,1;28,7;27,8;19,5;18,8;60;55;59;3;3,7;0;
2019/11/29;2200 UTC;;953,4;953,4;952,3;26,8;24,6;20,1;27,8;24,6;20,1;18,7;76;59;76;90;4,5;,6;
2019/11/29;2300 UTC;;953,9;953,9;953,4;;23,7;20,3;24,6;23,7;20,3;19,8;82;76;82;263;3,5;1,2;
2019/11/30;0000 UTC;;954,5;954,6;953,9;;23,3;19,9;24,7;23,3;20,3;19,6;82;74;81;270;4,4;0;
2019/11/30;0100 UTC;;955;955;954,5;;22,2;20,3;23,3;22,1;20,3;19,8;89;81;89;249;4,4;0;
2019/11/30;0200 UTC;;955,3;955,3;954,8;;22;20,5;22,2;21,8;20,5;20,2;91;89;91;338;2,3;0;
2019/11/30;0300 UTC;;954,8;955,4;954,8;;22,3;20,5;22,3;22;20,6;20,4;91;89;90;231;2,5;0;
2019/11/30;0400 UTC;;954,7;954,8;954,6;;22,2;20,6;22,3;22,1;20,6;20,5;91;90;91;7;2,9;0;
2019/11/30;0500 UTC;;954,1;954,7;954,1;;22,2;20,6;22,3;22,1;20,7;20,5;91;90;90;359;3,5;,3;
2019/11/30;0600 UTC;;954,2;954,2;954;;22;20,5;22,2;22;20,6;20,5;91;90;91;333;3,5;0;
2019/11/30;0700 UTC;;954;954,2;954;;21;19,6;22;21;20,5;19,6;92;91;92;358;0;0;
2019/11/30;0800 UTC;;954,8;954,8;954;;20,9;19;21;20,6;19,6;18,9;92;89;89;20;0;0;
2019/11/30;0900 UTC;;955,4;955,4;954,8;37,6;20,9;19;20,9;20,6;19,1;18,6;89;88;89;326;0;0;
2019/11/30;1000 UTC;;955,7;955,7;955,4;683,1;22,6;19,1;22,8;20,9;20,1;19;90;81;81;357;0;0;
2019/11/30;1100 UTC;;956,4;956,4;955,7;1330,1;24;19,5;24,7;22,5;20,3;18,9;82;75;76;331;0;0;
2019/11/30;1200 UTC;;956,6;956,7;956,4;1418,2;25,7;20,9;25,8;23,8;21,1;19,5;79;73;75;258;3,4;1,9;
2019/11/30;1300 UTC;;956,2;956,6;956,2;2003,6;27,2;20,9;28;25,7;22,2;20,4;76;67;69;263;3,4;1,3;
2019/11/30;1400 UTC;;955,6;956,2;955,6;1463,7;26,2;21,3;28;26,2;22,6;20,6;75;67;75;220;5,1;2;
2019/11/30;1500 UTC;;954,7;955,9;954,7;2266,9;27,9;22,5;27,9;23,4;22,7;19,6;88;69;73;297;5,5;0;
2019/11/30;1600 UTC;;953,9;954,8;953,9;1596,8;25,9;21,7;28;25,8;23,4;19,9;80;70;77;206;3,8;1,3;
2019/11/30;1700 UTC;;952,4;953,9;952,4;3314,6;29,7;22,4;29,8;25,9;23,6;21,5;80;63;65;193;4,9;1,7;
2019/11/30;1800 UTC;;952,2;952,4;952,1;2035;28,5;21,6;30,5;28,5;22,7;20,1;66;54;66;173;5,4;,5;
2019/11/30;1900 UTC;;951,5;952,4;951,4;1357,2;28,4;22,6;28,5;22,7;23,4;19,5;89;66;71;237;7,6;,4;
2019/11/30;2000 UTC;;951,7;951,8;951,5;665,6;27,3;22,3;28,6;27,3;23,4;21,4;76;66;74;190;6,4;2,2;
2019/11/30;2100 UTC;;952,3;952,3;951,7;282,4;26,5;22,6;27,3;26,5;23,2;22,1;80;73;79;180;6,4;,1;
2019/11/30;2200 UTC;;952,5;952,5;952,2;51,5;24,6;21,6;26,6;24,6;22,6;21,5;83;75;83;183;6,2;2;
2019/11/30;2300 UTC;;954,3;954,3;952,5;;24,3;21,4;24,6;24,2;22;21,4;86;83;84;331;3,8;,7;
2019/12/01;0000 UTC;;954;954,4;954;;22,7;19,3;24,3;22,5;21,2;18,5;84;75;81;199;9;,1;
2019/12/01;0100 UTC;;954,8;954,8;954;;21,5;19,3;22,7;21,5;19,6;19,1;87;81;87;347;2,4;0;
2019/12/01;0200 UTC;;955,6;955,6;954,8;;21,2;19;21,7;21,1;19,6;18,8;88;86;87;316;2,8;0;
2019/12/01;0300 UTC;;956;956;955,5;;21,7;19,4;21,7;21,2;19,5;19;88;85;87;304;0;0;
2019/12/01;0400 UTC;;955,5;956,1;955,5;;21,8;19,3;21,9;21,5;19,6;19,3;88;86;86;356;0;0;
2019/12/01;0500 UTC;;954,9;955,5;954,9;;21,7;19,8;21,8;21,6;19,8;19,3;89;86;89;360;0;0;
2019/12/01;0600 UTC;;954,7;955;954,7;;21,6;19,9;21,8;21,6;19,9;19,7;90;88;90;339;2,2;0;
2019/12/01;0700 UTC;;954,5;954,7;954,4;;21,4;20,1;21,6;21,4;20,1;19,9;92;90;92;351;2,2;0;
2019/12/01;0800 UTC;;954,9;954,9;954,3;;21,6;20,4;21,6;21,4;20,4;20,1;93;92;93;225;0;0;
2019/12/01;0900 UTC;;956;956;954,9;;21,6;20,4;21,7;21,5;20,5;20,3;93;93;93;198;0;0;
2019/12/01;1000 UTC;;956,2;956,5;956;5,3;21,4;20,3;21,7;20,7;20,5;19,5;93;93;93;219;5,4;0;
2019/12/01;1100 UTC;;955,4;956,3;955,4;34,2;21,9;20,6;21,9;21,3;20,6;20,2;93;92;92;204;3,3;,1;
2019/12/01;1200 UTC;;952,8;955,4;952,7;206,2;22,2;20,8;22,2;21,8;20,8;20,5;92;92;92;221;7,8;2,6;
2019/12/01;1300 UTC;;954,6;954,6;952,8;755,2;24,2;21,5;24,2;22,2;21,5;20,7;92;84;85;326;8,4;1,3;
2019/12/01;1400 UTC;;956,3;956,3;954,6;2078,2;25,4;20,9;26;24,1;22,1;20,6;86;76;76;120;6,4;3;
2019/12/01;1500 UTC;;956,6;956,6;956,3;1615;26,3;20,8;26,4;25;21,5;19,8;80;71;72;126;5,8;2,2;
2019/12/01;1600 UTC;;956,4;956,8;956,4;3325,3;27,2;20,6;28,3;26,1;21,9;19,7;74;61;67;134;5,9;1,5;
2019/12/01;1700 UTC;;955,6;956,4;955,6;3134,1;29,5;21,4;29,5;27,2;22,4;19,7;69;61;62;122;4,9;1,6;
2019/12/01;1800 UTC;;954,3;955,6;954,3;2842,9;28,9;20,3;30,1;28,8;22;19,8;65;56;60;168;6,7;2,1;
2019/12/01;1900 UTC;;953,1;954,3;953;1767,8;29,4;20;29,9;28,4;21,6;18,9;63;52;57;85;6,1;0;
2019/12/01;2000 UTC;;953,3;953,3;953,1;871,2;28,9;20,6;29,5;28,9;20,9;19,5;63;56;61;93;0;0;
2019/12/01;2100 UTC;;953,3;953,5;953,1;328,1;27,5;22,4;28,9;27,5;22,5;20,3;74;59;74;351;,5;0;
2019/12/01;2200 UTC;;953,6;953,6;953,1;53,8;26,6;21,1;27,8;26,4;22;20,2;75;64;72;164;0;0;
2019/12/01;2300 UTC;;954,2;954,2;953,6;;25,7;21,6;26,6;25,7;21,6;21,1;78;72;78;189;0;0;
2019/12/02;0000 UTC;;955,3;955,3;954,2;;25,2;21,6;25,7;25,1;21,9;21,5;82;78;81;173;0;0;
2019/12/02;0100 UTC;;955,4;955,4;955,3;;25,1;21,8;25,3;24,9;22,1;21,6;84;80;82;230;0;0;
2019/12/02;0200 UTC;;955,7;955,7;955,3;;24,5;21,9;25,1;24,2;22;21,4;86;82;85;72;7,2;,5;
2019/12/02;0300 UTC;;955,9;955,9;955,5;;21,7;19;24,6;21,5;21,9;19;87;80;85;347;10,6;5,2;
2019/12/02;0400 UTC;;955,4;955,9;955,3;;21,2;18,9;21,8;21,1;19,1;18,9;87;84;87;354;9,2;3,3;
2019/12/02;0500 UTC;;955,1;955,4;954,9;;20,8;18,1;21,2;20,8;19;18,1;89;84;85;6;7;3,1;
2019/12/02;0600 UTC;;955,2;955,2;954,9;;20,5;17,7;20,8;20,5;18;17,6;85;83;84;359;6;2,6;
2019/12/02;0700 UTC;;955,2;955,4;955,2;;20,1;17;20,5;20;17,8;17;85;83;83;338;5;3;
2019/12/02;0800 UTC;;955,6;955,6;955,2;;19,5;16,9;20,1;19,4;17,1;16,9;86;82;85;348;4,7;2,2;
2019/12/02;0900 UTC;;956,1;956,1;955,5;32,3;19,8;16,8;19,9;19,5;17,1;16,7;86;82;82;360;4,7;3;
2019/12/02;1000 UTC;;956,7;956,7;956;507,7;21,1;16,9;21,1;19,8;17,2;16,6;83;76;77;358;5,3;2,9;
2019/12/02;1100 UTC;;957,3;957,3;956,7;1676,8;23,4;17,3;23,5;21,1;17,4;16,2;77;66;68;341;8,9;4,5;
2019/12/02;1200 UTC;;957,2;957,3;957;2390,1;24,4;16,9;24,8;23,1;17,9;16,4;69;61;63;354;8,6;5;
2019/12/02;1300 UTC;;957,2;957,3;957,2;2314,4;24,7;16,8;25,7;24,4;18,3;16,4;65;59;61;331;8,6;5,1;
2019/12/02;1400 UTC;;956,9;957,3;956,8;2224,8;26,7;18,3;26,8;24,7;18,4;16,6;63;57;60;334;7,3;3,9;
2019/12/02;1500 UTC;;956,4;956,9;956,3;3264,9;27,5;18,3;27,8;26;18,8;17,2;62;54;58;11;6,9;3,3;
2019/12/02;1600 UTC;;955,9;956,4;955,9;3161,4;28,6;18,9;28,7;27;19,8;17,7;61;53;56;327;6,6;2,5;
2019/12/02;1700 UTC;;955;955,9;955;2582,7;29,4;19,9;29,5;27,7;20,5;17,5;60;51;57;16;6,9;2;
2019/12/02;1800 UTC;;954,4;955;954,4;2884,8;28,4;17,8;30;28,3;20,2;17,8;57;50;53;4;5,8;1,7;
2019/12/02;1900 UTC;;953,5;954,4;953,5;1433,7;27,9;18,5;29,3;27,9;19,1;17,7;57;51;56;29;5,5;2,4;
2019/12/02;2000 UTC;;953,1;953,5;953;986,5;27,9;18,5;28,7;27,5;19,1;17,9;58;54;57;18;6;2,4;
2019/12/02;2100 UTC;;953,7;953,7;953;659,4;26,4;17,5;28,1;26,3;18,4;17,4;59;55;58;35;8,7;4,3;
2019/12/02;2200 UTC;;953,8;953,9;953,6;94,3;24,6;17;26,5;24,6;17,6;16,9;63;57;63;360;8,6;3,3;
2019/12/02;2300 UTC;;954,7;954,7;953,8;;23,2;17,2;24,7;23,2;17,3;16,9;69;62;69;14;8,1;3,9;
2019/12/03;0000 UTC;;955,8;955,8;954,7;;21,9;16,5;23,2;21,9;17,2;16,5;72;68;72;359;8,4;4,1;
2019/12/03;0100 UTC;;956;956;955,5;;20,6;16,1;22;20,6;16,5;16;76;71;75;8;8,1;3,7;
2019/12/03;0200 UTC;;956,3;956,5;956;;19,4;15,2;20,6;19,4;16,1;15,2;77;75;77;2;7,8;4,2;
2019/12/03;0300 UTC;;955,9;956,4;955,9;;18,3;14,9;19,4;18,3;15,2;14,9;81;77;81;3;7,6;3,6;
2019/12/03;0400 UTC;;955,4;955,9;955,4;;17,7;14,9;18,3;17,4;15;14,8;86;81;84;4;5,8;1,5;
2019/12/03;0500 UTC;;954,9;955,4;954,9;;17,5;14,5;17,7;17,4;14,9;14,3;84;81;82;2;5,3;2,9;
2019/12/03;0600 UTC;;954,7;954,9;954,4;;17,2;14,2;17,5;17,1;14,5;14,2;84;82;83;9;5,3;2,6;
2019/12/03;0700 UTC;;954,4;954,7;954,1;;16,6;14;17,2;16,4;14,2;14;85;83;84;14;5,2;,5;
2019/12/03;0800 UTC;;954,5;954,5;954,3;;16,6;14;16,7;16,5;14,1;13,9;85;84;85;5;5,7;3,4;
2019/12/03;0900 UTC;;955,4;955,4;954,5;37,7;16,4;13,9;16,6;16,4;14;13,8;85;84;85;5;6;3;
2019/12/03;1000 UTC;;955,9;955,9;955,3;336;17,3;14,4;17,3;16,4;14,4;13,9;86;82;83;357;6,2;3,7;
2019/12/03;1100 UTC;;956,4;956,5;955,9;1185,9;18,9;14,6;19,1;17,3;15;14,1;83;74;76;354;8;4,1;
2019/12/03;1200 UTC;;956,8;956,9;956,3;2292,9;21,3;15,5;22,1;18,9;16,5;14,4;76;66;70;360;7,7;2,9;
2019/12/03;1300 UTC;;956,9;957;956,7;2805,1;23,4;16,4;23,6;21,3;16,8;14,5;70;61;65;359;6,3;2,1;
2019/12/03;1400 UTC;;956,8;957;956,8;3111,2;25,9;17,3;26,1;23,4;18;15,8;65;56;59;354;6,1;0;
2019/12/03;1500 UTC;;955,9;956,9;955,9;2951,8;26,1;17,2;26,9;24,9;18,6;16,1;63;56;58;16;5;1,1;
2019/12/03;1600 UTC;;954,7;955,9;954,7;3780,3;28,7;16;29,1;26;18,9;16;62;46;46;354;4,6;2;
2019/12/03;1700 UTC;;953,3;954,7;953,3;3687,2;30,2;16,7;30,2;28,5;17,7;14,2;51;38;44;338;5;1,8;
2019/12/03;1800 UTC;;952,2;953,3;952,2;3196,3;30,1;15,8;30,8;29,6;17,5;14,1;48;37;42;360;5,7;1,4;
2019/12/03;1900 UTC;;951,9;952,2;951,7;2410,3;30,4;15,7;30,9;29,7;17,5;14,1;46;36;41;351;5,7;,3;
2019/12/03;2000 UTC;;951,8;951,9;951,8;1130,7;28,9;16;30,9;28,8;17,1;14,8;47;38;46;14;4,8;0;
2019/12/03;2100 UTC;;952,4;952,4;951,8;582;28,3;16,3;30;28,3;17,3;15,4;49;41;48;29;4;,9;
2019/12/03;2200 UTC;;953,1;953,1;952,3;53,6;27;16;28,5;27;16,3;15,2;51;45;51;24;5,3;,8;
2019/12/03;2300 UTC;;953,3;953,3;953;;24,9;17,4;27,1;24,9;17,4;16;63;51;63;357;4,8;0;
2019/12/04;0000 UTC;;954,8;954,8;953,3;;23,9;18;24,9;23,9;18;17,5;69;63;69;349;0;0;
2019/12/04;0100 UTC;;955,1;955,2;954,7;;23,8;18,2;24,1;23,7;18,3;17,9;72;69;71;336;0;0;
2019/12/04;0200 UTC;;955,2;955,3;955,1;;23,7;17,7;24;23,6;18,2;17,7;71;69;69;325;0;0;
2019/12/04;0300 UTC;;955,1;955,3;955,1;;22,3;17,7;23,7;22,3;17,9;17,5;76;69;75;9;0;0;
2019/12/04;0400 UTC;;955,2;955,4;955;;22,4;17,5;22,5;21,8;18,1;17,5;79;74;74;321;0;0;
2019/12/04;0500 UTC;;954,4;955,3;954,4;;21,2;17,7;22,4;21,2;17,7;17,4;81;74;81;1;3,4;0;
2019/12/04;0600 UTC;;954,1;954,4;954,1;;20,6;17,6;21,2;20,5;17,9;17,6;84;81;83;332;0;0;
2019/12/04;0700 UTC;;954,4;954,4;953,9;;19,9;17,3;20,7;19,9;17,6;17,2;85;82;85;347;0;0;
2019/12/04;0800 UTC;;955;955;954,4;;20,2;17,9;20,3;19,9;17,9;17,3;87;84;87;346;0;0;
2019/12/04;0900 UTC;;955,7;955,7;954,9;19,8;20,3;17,6;20,4;20,2;18;17,3;87;83;85;9;0;0;
2019/12/04;1000 UTC;;956,2;956,2;955,7;175,2;21;18,1;21;20,2;18,1;17,4;85;83;83;11;0;0;
2019/12/04;1100 UTC;;956,5;956,5;956,2;593,2;22,9;19,1;22,9;21;19,1;17,9;83;79;80;14;0;0;
2019/12/04;1200 UTC;;956,9;956,9;956,5;1301,2;25,4;20,7;25,8;22,8;20,9;18,8;80;72;75;154;2,2;,1;
2019/12/04;1300 UTC;;956,8;956,9;956,7;1629,2;26,6;20,5;27,3;25,4;21,1;20;75;66;69;115;2;,1;
2019/12/04;1400 UTC;;956,5;956,8;956,5;2159,3;27,3;20,8;28,4;26,1;21,8;19,9;71;63;68;114;3,1;0;
2019/12/04;1500 UTC;;955,7;956,5;955,7;3161,3;29,7;20,1;30;27,3;22,2;19,4;68;56;56;175;3,6;,6;
2019/12/04;1600 UTC;;954,7;955,7;954,7;2555,3;29,5;19,4;30,9;29,3;21,1;18,7;59;50;55;190;6;0;
2019/12/04;1700 UTC;;953,7;954,7;953,7;2642,7;30,5;19,1;30,9;29,5;20,7;18,8;57;49;51;100;4;,7;
2019/12/04;1800 UTC;;952,9;953,7;952,9;3009,6;30,8;19,5;32;30,5;21,3;18,2;56;45;51;201;3,6;,3;
2019/12/04;1900 UTC;;951,8;952,9;951,8;1505,3;31;20,8;31;27,6;22,5;19,3;73;51;54;165;5,6;,1;
2019/12/04;2000 UTC;;951,7;951,8;951,4;1726,6;30,6;18,4;31,8;30,6;22;18,3;60;46;48;175;3,1;0;
2019/12/04;2100 UTC;;952,5;952,6;951,7;726,6;29,7;18,9;30,8;29,7;20,7;17,6;56;45;52;266;0;0;
2019/12/04;2200 UTC;;953,5;953,5;952,5;87,7;26,6;19,1;29,7;26,6;20;18,8;64;52;63;263;2,7;0;
2019/12/04;2300 UTC;;954,1;954,2;953,5;;24,1;20;27,4;24,1;20,1;19;78;62;78;283;8,5;3,4;
2019/12/05;0000 UTC;;955,3;955,3;954,1;;22,7;19,9;24,1;22,7;20,5;19,7;84;78;84;43;7,9;,8;
2019/12/05;0100 UTC;;956,2;956,2;955,3;;21,9;20,7;22,7;21,8;20,8;20;93;84;92;260;2,9;0;
2019/12/05;0200 UTC;;956,2;956,6;956,2;;21,7;20,3;21,9;21,5;20,7;20;93;91;92;263;5,2;1,6;
2019/12/05;0300 UTC;;954,7;956,2;954,7;;21,9;20,3;22,1;21,7;20,6;20,3;92;90;91;257;5;2,7;
2019/12/05;0400 UTC;;954,2;954,7;954,2;;22;20,4;22;21,8;20,4;20,3;91;90;90;244;5,1;1,1;
2019/12/05;0500 UTC;;954,1;954,3;954,1;;21,7;20,3;22;21,7;20,4;20,3;92;90;92;176;3,4;0;
2019/12/05;0600 UTC;;953,4;954,1;953,4;;21,9;20,6;21,9;21,6;20,6;20,2;93;92;93;251;2,6;1,2;
2019/12/05;0700 UTC;;953;953,4;952,9;;21,9;20,5;22;21,9;20,7;20,5;93;92;92;243;2,6;,5;
2019/12/05;0800 UTC;;953,8;953,8;953;;21,8;20,4;21,9;21,8;20,5;20,4;92;92;92;163;4,1;,3;
2019/12/05;0900 UTC;;954,1;954,1;953,7;25,2;21,8;20,5;21,8;21,7;20,5;20,3;92;92;92;305;1,3;0;
2019/12/05;1000 UTC;;954,7;954,7;954,1;301,3;22,9;20,9;22,9;21,8;21,1;20,5;92;88;88;251;1,5;0;
2019/12/05;1100 UTC;;954,9;955;954,7;995,2;24,8;21,4;24,8;22,9;21,6;20,4;88;81;82;193;3,4;1;
2019/12/05;1200 UTC;;955,1;955,1;954,8;1901,8;26,1;21,1;26,5;24,7;21,9;20,7;82;73;74;198;5,9;2,4;
2019/12/05;1300 UTC;;955,2;955,3;955,1;1505,5;26,3;21,3;27,1;26,1;22;20,7;77;70;74;181;6,4;2,5;
2019/12/05;1400 UTC;;954,6;955,2;954,6;2254,3;28,9;22,2;29,1;26,3;23,2;21,2;75;67;67;169;7,1;2,5;
2019/12/05;1500 UTC;;953,2;954,6;953,1;2441,7;29;21,5;30;28;23,1;21,5;71;63;64;167;7,2;3,4;
2019/12/05;1600 UTC;;952,4;953,1;952,4;1854,4;24,8;22,3;29,3;23,5;22,7;19,8;86;63;86;181;10,2;3,3;
2019/12/05;1700 UTC;;952;952,5;952;2462,8;28;22,8;29,2;24,8;23,9;21,8;87;69;73;170;7,3;3,1;
2019/12/05;1800 UTC;;952,6;952,8;952;264,8;22,4;19,4;28;22,4;22,8;18,3;83;64;83;171;11,7;2,5;
2019/12/05;1900 UTC;;952,6;952,6;952,1;416,3;23,3;20,5;23,5;22,2;20,7;19,4;89;83;84;95;6,7;2;
2019/12/05;2000 UTC;;952,3;952,6;952,2;325,6;23,9;20,3;23,9;23,1;20,9;20,1;84;80;80;4;6,7;0;
2019/12/05;2100 UTC;;952;952,3;951,9;755,1;24,5;20,7;24,6;23,9;21,2;20,3;82;78;79;256;2,2;,3;
2019/12/05;2200 UTC;;952,4;952,4;951,9;122,3;22,8;20,5;24,5;22,8;20,7;20,1;87;78;87;281;2,2;0;
2019/12/05;2300 UTC;;952,9;953;952,5;;22,9;21,2;22,9;22,6;21,2;20,3;90;86;90;108;,8;0;
2019/12/06;0000 UTC;;953,3;953,4;952,7;;22,9;21,1;23;22,9;21,2;21,1;90;89;90;243;1,1;0;
2019/12/06;0100 UTC;;953,9;954;953,3;;22,8;21,4;22,9;22,6;21,4;21;91;90;91;36;0;0;
2019/12/06;0200 UTC;;953,3;953,9;953,3;;22,2;20,8;22,9;22,2;21,4;20,8;92;91;92;189;2,2;,2;
2019/12/06;0300 UTC;;953,2;953,3;953,2;;22,3;20,7;22,3;22,1;20,8;20,7;92;91;91;192;4;,8;
2019/12/06;0400 UTC;;952,8;953,2;952,8;;22,1;20;22,3;22,1;20,7;20;91;88;88;176;6,5;1,6;
2019/12/06;0500 UTC;;952,5;952,8;952,4;;21,8;19,9;22,1;21,8;20;19,9;89;88;89;175;6,6;,4;
2019/12/06;0600 UTC;;952,2;952,6;952,2;;21,6;19,9;21,8;21,6;19,9;19,8;90;89;90;180;5,5;1,1;
2019/12/06;0700 UTC;;952,6;952,6;952,1;;21,7;20,1;21,7;21,6;20,1;19,9;91;90;91;157;5,4;0;
2019/12/06;0800 UTC;;952,6;952,6;952,5;;21,6;20,3;21,7;21,6;20,3;20,1;92;91;92;164;6,4;0;
2019/12/06;0900 UTC;;953,1;953,1;952,6;16,5;21,8;20,6;21,8;21,6;20,6;20,3;93;92;93;179;1,3;0;
2019/12/06;1000 UTC;;953,9;953,9;953,1;133,7;22,5;21,1;22,5;21,8;21,1;20,6;93;92;92;172;1,3;0;
2019/12/06;1100 UTC;;954,9;954,9;953,9;256,2;22,9;20,5;22,9;22,5;21,1;20,5;92;87;87;132;2;0;
2019/12/06;1200 UTC;;955,2;955,3;954,9;795,8;23,9;20,8;24,1;22,9;21,4;20,4;87;81;83;125;4,4;0;
2019/12/06;1300 UTC;;955,2;955,3;955,1;1251,9;24,8;20,6;25,2;23,9;21,2;20,2;83;75;78;162;5,5;2,1;
2019/12/06;1400 UTC;;954,9;955,2;954,9;1780,7;26,6;20,7;26,7;24,8;21,2;20;79;68;70;142;6,8;2;
2019/12/06;1500 UTC;;954,4;954,9;954,3;2028;26,5;20,2;27,1;26;21;20;72;67;69;168;8,8;3,5;
2019/12/06;1600 UTC;;953,8;954,4;953,8;1907,6;27;20,7;27,9;26,3;21,7;19,9;72;64;68;162;8,8;1,8;
2019/12/06;1700 UTC;;952,9;953,9;952,9;1695,8;28,2;21,3;28,2;26,5;21,3;19,8;69;62;66;160;7,6;2,6;
2019/12/06;1800 UTC;;952,3;952,9;952,2;1620,9;27,4;20,7;28,8;26,5;21,5;19,9;70;61;67;153;7,9;2,8;
2019/12/06;1900 UTC;;951,7;952,3;951,7;1496,6;25,9;20,8;27,4;25,8;21,6;19,7;73;65;73;165;8,6;1,4;
2019/12/06;2000 UTC;;951,9;952;951,5;1018,3;25,8;19,8;26,8;25,5;21,1;19,3;76;65;70;83;7,1;3;
2019/12/06;2100 UTC;;952,1;952,1;951,7;461;25;20,6;25,8;24,9;20,7;19,8;77;70;77;348;7;0;
2019/12/06;2200 UTC;;952,8;952,8;952,1;117,9;23,8;20,4;25;23,8;20,8;20;81;75;81;337;0;0;
2019/12/06;2300 UTC;;953,5;953,5;952,8;;22,3;19,9;23,8;22,2;20,5;19,9;87;81;87;349;0;0;
2019/12/07;0000 UTC;;954,2;954,2;953,5;;21,8;20,2;22,3;21,8;20,2;19,9;91;86;91;326;0;0;
2019/12/07;0100 UTC;;954,6;954,6;954,2;;21,9;19,8;21,9;21,6;20,3;19,8;91;88;88;277;0;0;
2019/12/07;0200 UTC;;954,6;954,7;954,6;;21,5;19,6;22;21,5;19,8;19,6;89;87;89;317;0;0;
2019/12/07;0300 UTC;;954,6;954,6;954,5;;21,4;19,9;21,5;21,3;19,9;19,6;92;89;92;348;0;0;
2019/12/07;0400 UTC;;954,5;954,6;954,4;;21,3;19,7;21,4;21,2;19,9;19,6;92;90;91;4;0;0;
2019/12/07;0500 UTC;;954,1;954,5;954,1;;21,3;19,6;21,3;21,1;19,8;19,6;91;90;91;332;0;0;
2019/12/07;0600 UTC;;954,1;954,2;954;;21,2;19,9;21,5;21,2;19,9;19,7;92;90;92;346;0;0;
2019/12/07;0700 UTC;;954,2;954,3;954,1;;21,1;19,9;21,4;21,1;20,1;19,9;93;92;93;348;0;0;
2019/12/07;0800 UTC;;954,7;954,7;954,2;;20,9;19,8;21,2;20,9;20;19,8;93;93;93;354;4,1;,9;
2019/12/07;0900 UTC;;955,4;955,4;954,7;25,5;20,8;19,7;21,1;20,8;20;19,6;93;93;93;354;4,1;0;
2019/12/07;1000 UTC;;955,8;955,8;955,4;309,1;21,5;19,7;21,5;20,8;20,1;19,6;93;90;90;335;4,2;0;
2019/12/07;1100 UTC;;956;956;955,7;766,9;23,1;18,7;23,3;21,5;20,6;18,5;90;76;76;316;5,5;3;
2019/12/07;1200 UTC;;956,3;956,3;956;2139,1;25,8;19,7;26,1;23,1;21,1;18,7;82;67;69;326;5,5;0;
2019/12/07;1300 UTC;;956,5;956,5;956,3;3150,4;28;19,3;28,2;25,8;20,2;18,5;70;59;59;313;6;0;
2019/12/07;1400 UTC;;956,2;956,5;956,2;3801,9;29,8;19,8;29,8;27,1;19,8;17;62;49;55;322;2,1;0;
2019/12/07;1500 UTC;;955,5;956,2;955,5;3813,7;28,8;17,8;30,1;28,6;19,7;16,9;56;45;51;4;0;0;
2019/12/07;1600 UTC;;954,8;955,6;954,8;3082,1;30,4;16,8;31;28,2;19,5;16,5;55;42;44;53;4;,8;
2019/12/07;1700 UTC;;954;954,8;954;3344,8;29,1;17,4;31;29,1;18,8;16,2;50;42;49;44;5,3;1,3;
2019/12/07;1800 UTC;;953,5;954;953,5;2190,2;30,6;17;31,1;29;18,9;16;50;42;44;49;5,8;1;
2019/12/07;1900 UTC;;952,8;953,5;952,7;2583,5;30,6;16,5;31,1;30,4;17,7;15,5;46;39;43;44;6,3;3,1;
2019/12/07;2000 UTC;;952,5;952,8;952,5;1698,2;29,7;15,9;30,6;29,7;16,9;15,1;45;40;43;32;7;3,9;
2019/12/07;2100 UTC;;952,6;952,7;952,5;812,5;28,7;15,6;29,7;28,6;16,4;15,4;46;43;45;25;7;,7;
2019/12/07;2200 UTC;;953,3;953,3;952,6;120,7;25,7;15,6;28,7;25,7;16,2;15,2;53;45;53;2;7;0;
2019/12/07;2300 UTC;;954,1;954,1;953,2;;23,5;16,1;25,7;23,5;16,5;15,5;64;54;63;3;0;0;
2019/12/08;0000 UTC;;954,9;954,9;954,1;;22,3;16,1;24;22,3;16,1;15,7;68;60;68;4;2,2;,1;
2019/12/08;0100 UTC;;955,7;955,7;954,9;;22,1;16;22,7;21,8;16,2;15,8;70;65;68;356;6,5;0;
2019/12/08;0200 UTC;;956,2;956,2;955,7;;21,4;15,3;22,1;21,2;16;15,3;71;67;68;334;5,2;0;
2019/12/08;0300 UTC;;955,7;956,3;955,7;;20,8;14,9;21,4;20;15,5;14,9;75;68;69;10;3,2;0;
2019/12/08;0400 UTC;;955,3;955,7;955,3;;19,3;14,1;20,9;19,3;14,9;14,1;72;66;72;344;3,8;0;
2019/12/08;0500 UTC;;955,2;955,3;955;;18,5;13,7;19,4;18,5;14,2;13,4;74;68;73;358;2,2;0;
2019/12/08;0600 UTC;;955,2;955,2;955,1;;17,8;13,5;18,5;17,7;13,7;13,4;76;73;76;360;0;0;
2019/12/08;0700 UTC;;955,2;955,3;955,1;;17,1;13,8;18,1;17,1;14;13,6;82;76;81;353;0;0;
2019/12/08;0800 UTC;;955,5;955,5;955,2;;16,6;13,6;17,2;16,6;13,8;13,6;83;80;82;354;0;0;
2019/12/08;0900 UTC;;956;956;955,5;60,5;17,4;14,1;17,4;16,5;14,3;13,7;85;81;81;357;0;0;
2019/12/08;1000 UTC;;956,4;956,4;956;729,2;20,2;14,6;20,2;17,4;15,2;14,1;81;69;70;357;0;0;
2019/12/08;1100 UTC;;956,6;956,6;956,3;1560,8;22,9;15,2;22,9;20,2;15,2;14;72;60;62;344;7,4;2,6;
2019/12/08;1200 UTC;;956,6;956,7;956,6;2481,2;26,1;17,9;26,4;22,8;18,4;14,9;65;58;61;317;7,8;3,6;
2019/12/08;1300 UTC;;956,4;956,7;956,4;3216,4;28,8;19,8;28,8;25,6;19,9;17,2;64;56;58;281;7,2;0;
2019/12/08;1400 UTC;;956;956,5;956;3700,8;30,3;18,7;30,5;28,8;20;18,4;58;49;50;241;0;0;
2019/12/08;1500 UTC;;955,6;956;955,5;3346,8;29,6;18,8;31,5;29,3;20,3;17,1;55;45;52;335;4,3;0;
2019/12/08;1600 UTC;;955;955,6;955;2475,6;30,7;17,3;31,9;29,4;19,6;16,4;55;41;45;302;3,2;,1;
2019/12/08;1700 UTC;;954,1;955;954,1;2957,4;31,7;17,2;32,4;29,9;20;16,3;50;38;42;352;3,6;0;
2019/12/08;1800 UTC;;953,4;954,1;953,4;2920,5;32;17,3;32,5;30,8;19,5;15,3;48;37;41;5;4,6;1,4;
2019/12/08;1900 UTC;;952,6;953,4;952,6;2366,9;31,6;18,1;32,5;31;18,7;16,9;45;39;45;1;6,5;2,6;
2019/12/08;2000 UTC;;952,3;952,7;952,2;1552,2;30,8;16,9;31,8;30,1;18,2;16,5;47;40;43;21;6,6;2,4;
2019/12/08;2100 UTC;;952,5;952,5;952,1;807,2;29,6;15,1;30,8;29,6;17,4;15,1;45;41;41;16;7,9;3,3;
2019/12/08;2200 UTC;;953,2;953,2;952,5;108,5;26,9;15,7;29,6;26,9;15,7;14,6;50;40;50;2;8,5;,5;
2019/12/08;2300 UTC;;953,9;953,9;953,2;;24,9;16,4;26,9;24,9;16,8;15,7;60;50;59;353;2,9;,5;
2019/12/09;0000 UTC;;954,7;954,7;953,9;;25;15,6;25,2;24,6;16,5;15,5;60;55;56;340;2,9;0;
2019/12/09;0100 UTC;;955,5;955,5;954,7;;25;14,9;25,2;24,6;15,6;14,8;56;53;53;305;3,4;0;
2019/12/09;0200 UTC;;956;956,2;955,5;;24;18,4;25,3;24;18,4;15;71;53;71;185;0;0;
2019/12/09;0300 UTC;;955,7;956;955,6;;23,3;19,3;24,2;23,3;19,3;18,3;78;71;78;8;0;0;
2019/12/09;0400 UTC;;954,8;955,7;954,8;;23,3;19;23,7;22,9;19,3;18,9;79;76;77;315;0;0;
2019/12/09;0500 UTC;;954,2;954,8;954,2;;22,3;19,4;23,3;22,3;19,5;18,7;84;76;84;235;0;0;
2019/12/09;0600 UTC;;954,1;954,3;953,9;;21,7;19,3;22,3;21,7;19,5;18,6;86;80;86;79;0;0;
2019/12/09;0700 UTC;;953,7;954,1;953,7;;21,4;17,9;22,1;21,1;19,1;17,9;86;79;80;323;0;0;
2019/12/09;0800 UTC;;954,2;954,2;953,7;;21,2;16,6;21,4;21;18;16,6;83;75;75;1;0;0;
2019/12/09;0900 UTC;;955;955;954,2;41,4;21,4;17,1;21,5;21,1;17,2;16,5;78;73;76;360;0;0;
2019/12/09;1000 UTC;;955,9;955,9;955;393,2;23,6;19,5;23,6;21,4;19,5;16,8;80;75;78;261;0;0;
2019/12/09;1100 UTC;;956,2;956,2;955,8;823;25;19,6;25;23,4;20,2;18,9;78;72;72;240;5,5;,7;
2019/12/09;1200 UTC;;957;957;956,2;1094,9;26,2;19,9;26,2;25;20,6;19,3;73;68;68;244;6,5;1,7;
2019/12/09;1300 UTC;;956,9;957,1;956,9;2490,5;26,8;19,8;28;26,1;21,3;19,6;70;62;65;244;7;1,8;
2019/12/09;1400 UTC;;956,7;956,9;956,7;1762,4;28,3;20,5;28,3;26,8;21,2;19,9;68;62;63;216;6,3;0;
2019/12/09;1500 UTC;;955,9;956,7;955,9;2023,5;29,9;21;29,9;28,1;21,5;19,4;64;54;59;192;,9;0;
2019/12/09;1600 UTC;;954,6;955,9;954,6;3051,4;30,6;21,3;30,7;29;21,5;18,8;60;51;58;232;4,5;,7;
2019/12/09;1700 UTC;;953,5;954,6;953,5;3078,5;30,2;19,5;31,2;29,8;21,9;18,6;58;49;53;23;4,5;,2;
2019/12/09;1800 UTC;;953,4;953,5;953,2;1087,2;28,6;20,5;30,4;27,8;21,1;18,8;65;51;62;250;3,9;1;
2019/12/09;1900 UTC;;952,8;953,4;952,7;1346,2;28,6;20,4;30,2;28,5;21,3;18,9;63;53;61;235;2,8;0;
2019/12/09;2000 UTC;;952,7;953;952,7;93,7;24,4;21,3;28,6;24,4;21,3;19,6;83;60;83;147;4,5;,9;
2019/12/09;2100 UTC;;953,8;953,8;952,6;132,1;23,5;21,4;24,4;23,5;21,8;21,3;89;83;88;210;3,1;,1;
2019/12/09;2200 UTC;;954,3;954,3;953,8;61,6;22,9;21,1;23,6;22,9;21,7;21,1;90;88;89;314;3,2;0;
2019/12/09;2300 UTC;;954,8;954,8;954,2;;23,1;21;23,3;22,9;21,3;20,9;90;87;88;212;1,7;0;
2019/12/10;0000 UTC;;955,9;955,9;954,8;;22,6;21,2;23,1;22,6;21,2;20,9;92;88;92;179;0;0;
2019/12/10;0100 UTC;;956,5;956,5;955,8;;22,9;21,5;22,9;22,6;21,6;21,2;92;92;92;251;2,5;,9;
2019/12/10;0200 UTC;;956,4;956,6;956,4;;22;20,6;22,9;22;21,5;20,6;92;91;92;231;2,5;,3;
2019/12/10;0300 UTC;;956,1;956,4;956;;22;20,7;22,1;21,8;20,7;20,5;92;92;92;201;3;0;
2019/12/10;0400 UTC;;955,6;956,1;955,6;;21,6;20,4;22;21,6;20,7;20,3;93;92;93;169;,5;0;
2019/12/10;0500 UTC;;954,9;955,6;954,9;;21,7;20,5;21,7;21,6;20,6;20,4;93;93;93;225;0;0;
2019/12/10;0600 UTC;;954,3;954,9;954,3;;21,7;20,5;21,8;21,6;20,7;20,5;93;93;93;201;,5;0;
2019/12/10;0700 UTC;;954,1;954,3;954,1;;21,3;20,2;21,7;21,3;20,5;20,2;93;93;93;68;0;0;
2019/12/10;0800 UTC;;954,4;954,4;954,1;;21,3;20,2;21,4;21,3;20,3;20,1;94;93;93;261;2,1;,7;
2019/12/10;0900 UTC;;954,9;954,9;954,4;16,5;21,3;20,3;21,3;21,3;20,3;20,2;94;93;94;336;2,1;0;
2019/12/10;1000 UTC;;955,7;955,7;954,9;242,2;22,1;20,9;22,2;21,3;21,1;20,3;94;93;93;269;,6;0;
2019/12/10;1100 UTC;;956,7;956,7;955,7;404,6;22,8;21,1;22,8;22,1;21,2;20,8;93;90;90;199;1,9;,1;
2019/12/10;1200 UTC;;957,2;957,2;956,7;332,9;23,3;21,5;23,3;22,7;21,5;20,8;90;89;90;257;2,2;,4;
2019/12/10;1300 UTC;;957,4;957,5;957,2;712,4;24;20,6;24,1;23,2;21,8;20,6;90;82;82;212;3,2;,1;
2019/12/10;1400 UTC;;957,3;957,5;957,3;895,9;25,1;21,4;25,1;23,9;21,4;20;83;75;80;208;3,4;,3;
2019/12/10;1500 UTC;;956,9;957,4;956,9;1371,7;25,1;20,5;25,9;24,8;21,7;20,4;80;73;76;242;3,7;,7;
2019/12/10;1600 UTC;;956,1;956,9;956,1;2109,9;27,6;21,3;27,6;25,1;21,7;19,8;78;65;69;234;4,4;,6;
2019/12/10;1700 UTC;;955,2;956,1;955,2;1763,2;27,7;20,9;27,7;26,2;21,5;19,6;74;65;67;218;4,4;,5;
2019/12/10;1800 UTC;;954,1;955,2;954,1;1368,9;27,9;20,7;28,2;27,1;21,5;19,9;68;63;65;168;4,1;1,3;
2019/12/10;1900 UTC;;953,6;954,2;953,6;1292,4;27,7;20,4;28,2;27,4;21;19,6;67;62;65;184;5,1;1,4;
2019/12/10;2000 UTC;;953,6;953,6;953,3;1025,2;27,5;20,4;28,3;27,4;21,2;19,6;66;62;65;184;5,9;,6;
2019/12/10;2100 UTC;;953,5;953,6;953,2;472,8;26,4;20,6;27,6;26,4;20,8;19,8;71;63;71;185;2,6;,1;
2019/12/10;2200 UTC;;953,9;953,9;953,5;78,7;24,8;20,9;26,4;24,8;21,2;20,5;79;70;79;159;1,3;0;
2019/12/10;2300 UTC;;954,7;954,7;953,9;;24;20,1;24,8;24;21;20;79;76;79;180;,9;0;
2019/12/11;0000 UTC;;955,1;955,1;954,7;;24,2;20,1;24,4;23,8;20,3;19,8;80;76;78;213;0;0;
2019/12/11;0100 UTC;;955,6;955,7;955,1;;23,7;20;24,2;23,5;20,1;19,8;80;78;79;233;0;0;
2019/12/11;0200 UTC;;955,9;956;955,6;;23,4;20,1;23,8;23;20,4;19,9;84;79;82;303;0;0;
2019/12/11;0300 UTC;;955,6;956;955,6;;22,7;20;23,4;22,7;20,3;20;84;82;84;329;1,3;0;
2019/12/11;0400 UTC;;954,9;955,6;954,9;;22,3;19,9;22,9;22,3;20,2;19,9;86;84;86;239;2,6;,5;
2019/12/11;0500 UTC;;954,4;954,9;954,3;;21,6;19,9;22,3;21,6;20,1;19,7;90;86;90;159;2,6;0;
2019/12/11;0600 UTC;;954,1;954,4;954,1;;21,7;20,2;21,7;21,4;20,2;19,8;92;90;92;143;,8;0;
2019/12/11;0700 UTC;;954,3;954,4;954,1;;21,5;20,1;21,7;21,4;20,3;20;92;92;92;18;0;0;
2019/12/11;0800 UTC;;954,2;954,4;954,2;;21,6;20,1;21,7;21,5;20,4;20,1;92;91;91;242;1,5;,3;
2019/12/11;0900 UTC;;954,4;954,4;954,1;10,2;21,4;20;21,6;21,4;20,1;19,9;92;91;92;196;2,5;0;
2019/12/11;1000 UTC;;955,3;955,3;954,3;91,8;21,8;20,2;21,8;21,4;20,4;20;92;91;91;176;1,3;0;
2019/12/11;1100 UTC;;955,8;955,8;955,3;52;21,4;20,2;21,8;21,4;20,3;20,1;93;91;93;50;,5;0;
2019/12/11;1200 UTC;;955,2;955,9;955,1;205,7;21,4;20,2;21,6;21,4;20,5;20,1;93;93;93;246;8,8;4,6;
2019/12/11;1300 UTC;;955,6;955,7;955,2;525,5;22,2;20,9;22,2;21,4;20,9;20,3;93;92;92;132;8,8;1,5;
2019/12/11;1400 UTC;;955,5;955,7;955,2;1128,5;24,2;21,2;24,2;22,1;21,4;20,5;92;82;83;199;4,6;,7;
2019/12/11;1500 UTC;;955,3;955,6;955,3;1652,1;24,6;20,8;25;23,9;21,4;20;84;76;79;179;5,2;1,3;
2019/12/11;1600 UTC;;954,5;955,3;954,5;1186,5;24,4;19,6;24,8;24,3;20,8;19,1;80;73;75;207;3,5;,9;
2019/12/11;1700 UTC;;953,7;954,5;953,7;1640,2;25,2;18,9;25,2;23,7;20,1;18,3;78;68;68;252;4,3;1,1;
2019/12/11;1800 UTC;;952,8;953,7;952,8;1705,3;24,4;18,2;25,3;24,3;19,9;18,2;73;68;69;256;5,1;2,8;
2019/12/11;1900 UTC;;952,1;952,8;952,1;988,8;24,2;17,9;24,6;24,1;19,2;17,5;72;66;68;254;6,2;2,6;
2019/12/11;2000 UTC;;952,4;952,4;951,9;474,5;23,3;19,4;24,4;23,3;19,4;17,9;79;67;79;231;4,5;,5;
2019/12/11;2100 UTC;;953,4;953,4;952,4;83,6;22,2;20;23,3;22,1;20,1;19,3;88;79;88;145;2,2;,5;
2019/12/11;2200 UTC;;953,8;953,8;953,4;20,6;21,6;20;22,1;21,5;20,2;19,9;91;87;91;166;1,6;0;
2019/12/11;2300 UTC;;954;954;953,5;;21,3;20;21,6;21,3;20,1;19,9;92;91;92;186;2,2;,1;
2019/12/12;0000 UTC;;954,9;954,9;954;;21;19,7;21,3;20,9;20;19,6;93;92;93;166;1,4;0;
2019/12/12;0100 UTC;;955,3;955,4;954,9;;20,9;19,6;21,1;20,8;19,9;19,6;93;92;92;257;0;0;
2019/12/12;0200 UTC;;955,1;955,3;955,1;;20,5;19,2;21;20,5;19,7;19,2;93;92;92;230;1,5;,1;
2019/12/12;0300 UTC;;953,9;955,1;953,9;;20,4;19,1;20,6;20,4;19,3;19,1;93;92;92;247;2,9;1,3;
2019/12/12;0400 UTC;;952,4;953,9;952,4;;19,8;18,4;20,5;19,8;19,2;18,4;92;91;91;222;5;1;
2019/12/12;0500 UTC;;952,7;952,7;952,1;;19,6;18,2;19,8;19,5;18,3;17,9;92;90;92;69;4;0;
2019/12/12;0600 UTC;;951,9;952,7;951,9;;19,6;18,3;19,7;19,6;18,4;18,2;93;92;93;207;,4;0;
2019/12/12;0700 UTC;;952,1;952,1;951,7;;19,5;18,4;19,6;19,3;18,4;18,1;93;93;93;177;1,6;,1;
2019/12/12;0800 UTC;;952,9;952,9;952,1;;19,8;18,7;20;19,5;18,9;18,4;93;93;93;231;1,3;0;
2019/12/12;0900 UTC;;953,5;953,5;952,9;14,2;20,1;18,9;20,2;19,8;19,1;18,7;93;93;93;324;,1;0;
2019/12/12;1000 UTC;;954,3;954,3;953,5;173,2;20,6;19,2;20,6;20,1;19,3;18,9;93;92;92;310;1,7;,2;
2019/12/12;1100 UTC;;954,7;954,7;954,3;546,4;21,4;19,1;21,5;20,5;19,4;18,6;92;86;87;331;2;,6;
2019/12/12;1200 UTC;;955,1;955,1;954,7;701,1;22,4;19,4;22,4;21,4;19,9;18,7;87;82;83;274;1,7;0;
2019/12/12;1300 UTC;;955,1;955,2;955,1;1065,7;24;20,2;24;22,3;20,2;19;84;78;79;173;2,5;,8;
2019/12/12;1400 UTC;;955,2;955,3;955;1879,2;24,9;20,2;25;23,8;21,2;19,6;81;74;75;150;4,9;1,6;
2019/12/12;1500 UTC;;954,9;955,3;954,9;2940;27,1;20,6;27,2;24,9;21,6;20;77;67;68;132;4,9;1;
2019/12/12;1600 UTC;;954,6;954,9;954,5;2951,6;27,3;20;27,8;26,7;21,2;19,3;70;62;64;129;6,3;2,2;
2019/12/12;1700 UTC;;953;954,6;953;3353;27,7;19;28,7;27,1;21;18,9;67;57;59;102;6,3;1,2;
2019/12/12;1800 UTC;;952,2;953,1;952,2;1564,6;28;20;29;27,4;20,3;18,8;65;55;62;166;4,4;,5;
2019/12/12;1900 UTC;;952,1;952,2;951,8;1776,5;29,7;20,1;29,7;28;20,7;18,7;63;54;56;176;3,2;,2;
2019/12/12;2000 UTC;;951,9;952,3;951,9;1642,2;29,6;19,6;30,3;28,9;20,4;18,4;59;51;55;183;2,7;,7;
2019/12/12;2100 UTC;;952,1;952,2;951,9;1048,3;26,3;19,6;29,6;26,3;20,9;19;67;54;67;206;5,5;1,3;
2019/12/12;2200 UTC;;952,9;952,9;952,1;104,2;24,2;20,2;26,4;24,2;20,3;19,3;78;66;78;198;4,1;0;
2019/12/12;2300 UTC;;953,9;953,9;952,9;;23,3;20,2;24,2;23,3;20,3;20;83;78;83;192;2,1;,8;
2019/12/13;0000 UTC;;954,7;954,7;953,9;;22,6;20,5;23,3;22,6;20,5;20,1;88;83;88;81;1,8;0;
2019/12/13;0100 UTC;;955,2;955,4;954,7;;22,5;20,8;22,6;22,5;20,8;20,5;90;88;90;178;0;0;
2019/12/13;0200 UTC;;955,6;955,6;955,2;;22,4;20,9;22,5;22,3;20,9;20,6;91;90;91;346;0;0;
2019/12/13;0300 UTC;;955,2;955,6;955,2;;22,3;20,5;22,5;22,3;20,9;20,5;91;90;90;309;0;0;
2019/12/13;0400 UTC;;954,4;955,2;954,4;;21,9;20,2;22,4;21,8;20,7;20,1;91;89;91;218;,8;0;
2019/12/13;0500 UTC;;953,5;954,4;953,5;;21,6;20,1;22;21,6;20,4;20,1;91;90;91;167;1,8;0;
2019/12/13;0600 UTC;;953,4;953,5;953,3;;20,9;19,6;21,6;20,9;20,1;19,6;92;91;92;201;,5;0;
2019/12/13;0700 UTC;;953,5;953,5;953,2;;20,6;19,5;21;20,6;19,8;19,3;93;92;93;137;1,1;0;
2019/12/13;0800 UTC;;954,1;954,1;953,4;;21,2;20,1;21,2;20,4;20,1;19,3;93;93;93;288;0;0;
2019/12/13;0900 UTC;;954,9;955;954,1;19,9;21,3;20,2;21,5;21,2;20,4;20,1;93;93;93;317;0;0;
2019/12/13;1000 UTC;;955,5;955,5;954,9;335,5;22,8;21,4;22,8;21,3;21,4;20,1;93;92;92;356;,6;0;
2019/12/13;1100 UTC;;956,4;956,4;955,5;980,2;24,5;21,7;24,5;22,6;22,1;21;92;84;85;348;1,1;0;
2019/12/13;1200 UTC;;956,9;957;956,4;1370,7;25,9;21,7;26,1;24,3;22;20,4;85;75;78;48;2,1;,3;
2019/12/13;1300 UTC;;956,8;957;956,8;2494,4;27,7;21,6;27,9;25,8;22,4;20,6;78;67;69;210;2,7;,3;
2019/12/13;1400 UTC;;956,7;956,9;956,7;2246,5;29;21,8;29,5;27,1;22,5;20,7;72;61;65;289;2,8;,8;
2019/12/13;1500 UTC;;956,2;956,7;956,2;4062,7;30,3;21;30,4;28,8;22,6;19,5;66;53;58;220;4,6;1,4;
2019/12/13;1600 UTC;;955,3;956,2;955,3;3520,7;31,3;19,2;31,3;30,1;21,5;18,4;59;47;49;149;5;1;
2019/12/13;1700 UTC;;954,3;955,3;954,3;3461,7;31,1;17,4;33;31;20,9;16,8;56;39;44;240;4,2;,7;
2019/12/13;1800 UTC;;954,1;954,3;954;2279,1;30,8;19,3;32,1;30,7;22,1;16,1;57;40;50;137;5,3;,9;
2019/12/13;1900 UTC;;954,1;954,3;953,9;1112,6;27,7;19,4;30,8;27,7;21,7;19,2;63;51;61;232;7;,8;
2019/12/13;2000 UTC;;954,2;954,2;953,9;874,8;27,2;18,7;27,7;26,5;20,1;17,7;65;56;60;210;5,8;,1;
2019/12/13;2100 UTC;;954,5;954,7;954,2;466,9;25,1;19,5;27,2;25,1;19,6;17,8;71;57;71;287;6,9;2,8;
2019/12/13;2200 UTC;;955,9;955,9;954,5;95,5;24,2;19,3;25,1;24;19,5;18,4;75;68;74;254;6;1,6;
2019/12/13;2300 UTC;;956,3;956,3;955,9;;23,5;19,1;25;23,5;19,7;19,1;77;70;76;341;6,8;2,4;
2019/12/14;0000 UTC;;958;958;956,3;;22,9;19;23,5;22,9;19,1;18,6;79;76;79;345;7,6;3,9;
2019/12/14;0100 UTC;;958,7;958,8;958;;22,5;19,2;22,9;22,4;19,3;19;83;79;82;333;7,3;3,1;
2019/12/14;0200 UTC;;958,9;959,2;958,7;;21,8;19,3;22,6;21,7;19,3;19,1;86;81;86;344;6,6;2,3;
2019/12/14;0300 UTC;;958,7;958,9;958,7;;21,6;19,1;21,8;21,6;19,4;19,1;87;85;85;357;5;2,2;
2019/12/14;0400 UTC;;958,3;958,8;958,3;;21,6;18,6;21,8;21,5;19,1;18,6;86;83;83;7;5,7;3,3;
2019/12/14;0500 UTC;;957,5;958,3;957,5;;21,1;18,6;21,6;21,1;18,6;18,5;85;83;85;353;5,7;2,9;
2019/12/14;0600 UTC;;957,7;957,8;957,5;;20,7;18,6;21,3;20,7;18,7;18,5;87;85;87;347;4,8;1,4;
2019/12/14;0700 UTC;;958;958;957,4;;20,4;18,4;20,8;20,4;18,7;18,4;88;87;88;345;3,9;,1;
2019/12/14;0800 UTC;;958,1;958,2;957,9;;20,4;18,5;20,5;20,2;18,6;18,4;90;88;89;342;3,5;1,8;
2019/12/14;0900 UTC;;959,1;959,1;958,1;22,7;20,5;18,9;20,5;20,3;18,9;18,5;91;89;90;344;3,5;,9;
2019/12/14;1000 UTC;;959,9;959,9;959,1;239,3;21,4;19,2;21,4;20,6;19,2;18,7;90;87;87;360;2,9;1,4;
2019/12/14;1100 UTC;;960,5;960,5;959,9;816,7;23,1;19,4;23,1;21,4;19,9;18,9;88;78;79;348;7,2;3,7;
2019/12/14;1200 UTC;;961,2;961,2;960,5;1197,2;24,2;19,4;24,2;23,1;19,9;19;80;74;75;345;7,2;3,2;
2019/12/14;1300 UTC;;961,3;961,4;961,2;971,9;24,4;19,9;24,6;24,2;20,3;19,4;77;74;76;358;5,8;2,4;
2019/12/14;1400 UTC;;961,2;961,3;961,2;1454,6;26,7;20,7;26,7;24,4;20,8;19,7;78;66;70;331;5,7;2,8;
2019/12/14;1500 UTC;;960,6;961,2;960,6;1814;27,5;20;27,6;26,6;20,5;19,4;70;63;63;315;6,4;1,9;
2019/12/14;1600 UTC;;960;960,6;960;1666,6;28,6;20,6;28,6;27,4;21,1;19,6;66;60;62;338;4,8;2,1;
2019/12/14;1700 UTC;;959,3;960;959,2;2092,5;29,6;21,4;29,8;28,4;21,7;19,8;64;57;62;359;4,1;1,3;
2019/12/14;1800 UTC;;958,3;959,3;958,3;1689,6;29,3;20,2;29,6;29;21,1;19,6;62;56;58;22;4,6;1,7;
2019/12/14;1900 UTC;;957,5;958,3;957,5;2049,4;31;19,8;31,2;29,3;21,8;19,6;60;50;51;351;4,2;0;
2019/12/14;2000 UTC;;956,5;957,5;956,5;1148,4;30,4;20,2;31;29,4;21;19,4;59;51;54;1;5,8;0;
2019/12/14;2100 UTC;;957;957;956,4;995,5;29,7;20,2;30,4;29,6;21,4;19,4;60;52;57;353;0;0;
2019/12/14;2200 UTC;;958,1;958,1;957;304,3;23,7;18,3;30,1;23,7;20,8;16,9;72;51;72;9;6,8;2,8;
2019/12/14;2300 UTC;;957,6;958,4;957,5;;21,7;19,5;23,9;21,6;20,4;18,1;88;72;87;15;9,2;,1;
2019/12/15;0000 UTC;;958,7;958,7;957,6;;22,1;19;23,2;21,6;19,5;18,1;87;74;83;334;1,4;,1;
2019/12/15;0100 UTC;;959,6;959,7;958,7;;21,8;19,3;22,1;21,4;19,4;18,9;87;83;86;330;5,6;0;
2019/12/15;0200 UTC;;959,5;959,8;959,5;;21,4;19,4;21,9;21,4;19,5;19,2;88;86;88;345;5,4;1,9;
2019/12/15;0300 UTC;;958,5;959,5;958,4;;20,9;19,3;21,4;20,9;19,4;19,3;91;88;91;335;3,4;1,9;
2019/12/15;0400 UTC;;959,5;959,5;958,4;;21,1;19,3;21,2;20,9;19,5;19,3;91;89;90;162;5,8;1,1;
2019/12/15;0500 UTC;;958,9;959,8;958,9;;21,8;19,5;22;21;19,9;19,3;91;86;87;62;3,6;0;
2019/12/15;0600 UTC;;959,1;959,1;958,7;;21,9;19,8;22;21,4;19,8;19,4;90;87;88;132;4,5;1,4;
2019/12/15;0700 UTC;;959;959,7;959;;20,5;19,2;21,9;20,5;19,9;19,2;92;88;92;128;5,9;,2;
2019/12/15;0800 UTC;;959,4;959,5;959;;20,2;18,9;20,5;20;19,3;18,6;93;92;92;213;3,3;,3;
2019/12/15;0900 UTC;;959,6;959,7;959,3;1,8;19,9;18,6;20,2;19,5;18,9;18,2;93;92;92;62;2,3;0;
2019/12/15;1000 UTC;;960,1;960,1;959,3;80,6;20,4;19,3;20,4;19,9;19,3;18,6;93;92;93;320;2,7;,7;
2019/12/15;1100 UTC;;959,4;960,2;959,3;503,5;21,3;19,6;21,4;20,3;19,8;19,1;93;90;90;325;4,9;1,7;
2019/12/15;1200 UTC;;959,7;959,8;959,1;1132,3;23;19,5;23,1;21,3;20;19,2;90;79;81;278;4,9;1,4;
2019/12/15;1300 UTC;;959,2;959,8;959,2;1561,2;25,1;20,4;25,2;22,9;21;19,4;84;75;75;299;5,4;3;
2019/12/15;1400 UTC;;959;959,3;959;3393,6;27,3;21,4;27,5;25,1;22,4;20,5;77;68;70;265;5,7;2,9;
2019/12/15;1500 UTC;;958,5;959;958,5;3876,1;29,1;21;29,5;27,3;22,4;19,1;71;55;62;252;6,8;2,1;
2019/12/15;1600 UTC;;958,1;958,5;958,1;2322,2;29,4;19,7;29,4;28,4;21,1;19,5;63;56;56;228;5,8;1,4;
2019/12/15;1700 UTC;;957,6;958,2;957,6;2890,6;30,5;19,8;30,6;29,2;21,5;18,9;60;51;53;215;5,6;2,6;
2019/12/15;1800 UTC;;957,4;957,6;957,4;1742,9;30,2;19,8;30,5;29,6;20,7;19,1;59;50;54;192;5,6;,6;
2019/12/15;1900 UTC;;957;957,4;957;1141,2;30,4;19,8;30,5;29,5;21,2;18,7;59;51;53;196;2,5;0;
2019/12/15;2000 UTC;;956,3;957;956,3;1660;31,2;19,4;31,5;30;21,1;18,2;57;47;50;255;1,5;0;
2019/12/15;2100 UTC;;955,8;956,3;955,8;881,3;30,3;19,4;31,3;29,8;21,2;18,1;59;47;52;261;2,4;,2;
2019/12/15;2200 UTC;;956,1;956,1;955,8;124,8;27,3;19,6;30,3;27,1;20,6;19,2;65;52;63;123;2,4;0;
2019/12/15;2300 UTC;;956,6;956,6;956,1;;26,7;19,7;27,6;26,5;20,2;19,4;68;62;66;52;0;0;
2019/12/16;0000 UTC;;957,3;957,3;956,6;;26,1;19,4;26,8;26;20,1;19,4;70;65;67;16;1,9;0;
2019/12/16;0100 UTC;;957,7;957,8;957,3;;26,7;19,6;26,8;26;19,9;19,4;69;65;65;348;,7;0;
2019/12/16;0200 UTC;;957,5;957,8;957,4;;24,8;20,4;26,7;24,7;20,4;19,5;76;65;76;263;1,8;,1;
2019/12/16;0300 UTC;;956,7;957,6;956,7;;24,4;20,4;25,4;24,3;20,5;19,8;80;72;78;258;2,3;1,6;
2019/12/16;0400 UTC;;956,2;956,7;956,2;;23,1;20,8;24,4;22,7;20,8;20,2;87;78;87;325;2,3;0;
2019/12/16;0500 UTC;;955,6;956,2;955,6;;22;20,1;23,2;22;20,8;20,1;89;86;89;344;2,6;,2;
2019/12/16;0600 UTC;;955,3;955,6;955,3;;21,4;20;22;21,3;20,2;19,9;92;89;92;353;2;0;
2019/12/16;0700 UTC;;955,5;955,6;955,3;;21,5;19,8;21,7;21,3;20,2;19,7;92;89;90;315;2,8;,9;
2019/12/16;0800 UTC;;955,7;955,7;955,4;;21,1;19,1;21,6;21,1;19,8;19,1;90;87;88;268;2,4;,9;
2019/12/16;0900 UTC;;956,1;956,1;955,7;20,1;21,7;19;21,7;21;19,1;19;88;85;85;250;2,8;1,4;
2019/12/16;1000 UTC;;956,3;956,4;956,1;340,2;23,6;20,3;23,6;21,7;20,3;18,9;86;81;82;264;3,8;,9;
2019/12/16;1100 UTC;;956;956,4;956;1613,5;26,7;20,2;26,8;23,6;20,8;19,3;83;68;68;244;4,9;1,9;
2019/12/16;1200 UTC;;955,9;956,1;955,9;2183,5;28;17,9;28,6;26,3;20,3;17,4;69;52;54;234;7,8;1,9;
2019/12/16;1300 UTC;;956,4;956,4;955,8;3123,8;30,7;18,1;30,7;28;19,1;16,9;55;44;47;220;8,4;1,1;
2019/12/16;1400 UTC;;956,1;956,5;956;3672,2;31,8;18;31,8;30,6;19,9;16,8;52;41;44;204;8,5;1,7;
2019/12/16;1500 UTC;;955,3;956,2;955,3;4010;31,8;17,4;32,3;31;19,1;16,3;47;39;42;196;8;2,6;
2019/12/16;1600 UTC;;955;955,3;954,9;3332,2;32,1;18,7;33;30,8;19,4;16;47;38;45;193;8,2;2,5;
2019/12/16;1700 UTC;;954,4;955;954,4;2428;31,5;17,8;32,4;31,3;19,2;16,7;47;40;44;186;8;2,2;
2019/12/16;1800 UTC;;953,7;954,4;953,7;2005,2;32,3;17,8;32,3;31,4;18,8;16,2;46;39;42;189;9;2,2;
2019/12/16;1900 UTC;;952,8;953,7;952,8;2329,9;32,7;17,6;33;31,5;18,6;16,4;45;37;41;173;6,7;1,3;
2019/12/16;2000 UTC;;952,1;952,8;952,1;1296,8;31,1;17,4;33;30,6;18,7;16,2;48;37;44;243;4,2;,1;
2019/12/16;2100 UTC;;952,5;952,5;952,1;466,2;28,1;20,1;31,4;28,1;20,3;17;62;41;62;56;3,9;2;
2019/12/16;2200 UTC;;952,9;952,9;952,5;87,8;25,6;20,3;28,1;25,6;20,4;19,9;73;62;73;30;5,8;2;
2019/12/16;2300 UTC;;953,5;953,5;952,9;;24,4;19,7;25,6;24,4;20,4;19,6;76;73;75;32;4,3;1,8;
2019/12/17;0000 UTC;;954;954;953,5;;23,6;19,5;24,4;23,6;19,9;19,4;79;75;78;23;4,8;1,7;
2019/12/17;0100 UTC;;954,8;954,8;954;;23,3;19,6;23,7;23,3;19,6;19,5;80;77;80;15;3,4;,6;
2019/12/17;0200 UTC;;955,8;955,8;954,8;;23,4;19,8;23,6;23,1;20;19,6;82;79;80;78;6,8;3,9;
2019/12/17;0300 UTC;;956;956;955,7;;23;19,4;23,4;23;19,8;19,4;81;79;80;47;8,8;4,4;
2019/12/17;0400 UTC;;955,6;956;955,5;;22,3;18,3;23;22,3;19,4;18,2;80;75;78;23;8,5;4;
2019/12/17;0500 UTC;;955,3;955,6;955,2;;21,9;18,5;22,3;21,9;18,5;18,3;81;78;81;16;8,5;4;
2019/12/17;0600 UTC;;955;955,4;955;;21,3;18,6;21,9;21,3;18,7;18,5;84;81;84;18;7,3;2,8;
2019/12/17;0700 UTC;;956;956;954,9;;21,3;18,3;21,4;21,1;18,6;18,3;85;83;83;85;5,8;1,1;
2019/12/17;0800 UTC;;956,8;956,8;956;;20,5;18,5;21,4;20,5;18,5;18,3;88;83;88;100;3,3;2,1;
2019/12/17;0900 UTC;;957;957;956,7;,6;19,8;18,3;20,5;19,8;19;18,3;92;88;91;56;3,4;,6;
2019/12/17;1000 UTC;;956,8;957,2;956,8;41;19,7;18,5;19,9;19,7;18,7;18,2;93;91;93;330;1,9;,1;
2019/12/17;1100 UTC;;957;957,1;956,8;305,3;20,4;19,1;20,5;19,7;19,2;18,4;93;92;92;255;4;1;
2019/12/17;1200 UTC;;956,3;957,1;956,2;729,9;21,7;19,8;21,7;20,3;19,9;18,9;92;89;89;291;6,4;3,1;
2019/12/17;1300 UTC;;956,1;956,5;956;1301,6;23,9;20,5;23,9;21,7;21;19,7;89;81;81;300;6,4;1,6;
2019/12/17;1400 UTC;;955,4;956,1;955,4;3661,5;26,5;19,7;27,3;23,8;21,9;19,4;82;64;66;248;5,9;2,2;
2019/12/17;1500 UTC;;955;955,4;954,9;3720,3;28,7;21,2;29,1;26,1;22,2;18,9;72;57;64;338;4,9;1,2;
2019/12/17;1600 UTC;;954,8;955;954,8;3379,7;30,4;19,6;30,8;28,1;21,6;18,3;65;50;52;162;4,4;1,7;
2019/12/17;1700 UTC;;954,4;954,8;954,4;3034,6;30,3;20,4;30,4;29,2;20,5;17,8;58;47;56;139;5,8;1,8;
2019/12/17;1800 UTC;;953,7;954,4;953,7;2736,8;30,1;19,5;31;29,6;20,5;17,4;56;45;53;152;5,9;1,7;
2019/12/17;1900 UTC;;952,7;953,7;952,7;2372,4;30,9;19,4;31,2;29,9;20,5;18,2;55;47;50;178;5,9;1,6;
2019/12/17;2000 UTC;;952,2;952,7;952,1;1539,4;31,1;18,4;31,4;29,6;19,8;17,8;55;45;47;152;5,4;,7;
2019/12/17;2100 UTC;;952,8;952,8;952,2;465,9;27,7;19,7;31,2;27,7;19,8;16,4;62;41;62;161;4;,3;
2019/12/17;2200 UTC;;953,8;953,8;952,8;18,6;25,9;20,3;27,7;25,9;20,4;18,7;72;59;71;92;5,3;2,8;
2019/12/17;2300 UTC;;954,1;954,1;953,8;;24,3;20,4;25,9;24,3;20,9;19,7;79;71;79;47;6,5;2,4;
2019/12/18;0000 UTC;;955,1;955,1;954,1;;24;20,1;24,3;23,9;20,6;20;81;78;79;28;5,7;2,5;
2019/12/18;0100 UTC;;955,9;955,9;955,1;;23;20;23,8;23;20,2;19,7;83;79;83;32;6,1;2,7;
2019/12/18;0200 UTC;;958;958;955,9;;20;18,5;23;20;20,8;18,4;91;83;91;169;11,3;4,3;
2019/12/18;0300 UTC;;957,4;958;957,4;;20;18,9;20;19,9;18,9;18,6;94;91;94;144;10,2;1,9;
2019/12/18;0400 UTC;;956,4;957,4;956,4;;20,2;19,1;20,2;19,9;19,1;18,8;94;93;94;116;5,3;2;
2019/12/18;0500 UTC;;956,4;956,4;956,2;;20,2;19,1;20,2;20,1;19,1;19;94;93;93;243;4,7;,2;
2019/12/18;0600 UTC;;956,1;956,5;956,1;;20,2;19,1;20,2;20,1;19,1;19;94;93;94;234;3,4;,8;
2019/12/18;0700 UTC;;955,6;956,1;955,5;;20,1;19,1;20,2;20,1;19,2;19;94;94;94;273;3,9;1,3;
2019/12/18;0800 UTC;;955,3;955,6;955,2;;19,9;18,9;20,1;19,9;19,1;18,9;94;94;94;338;2,4;,1;
2019/12/18;0900 UTC;;955,3;955,3;955,1;13,7;19,9;18,9;20;19,8;19;18,8;94;94;94;12;3,3;1,9;
2019/12/18;1000 UTC;;956,4;956,4;955,2;234,8;20,5;19,6;20,5;19,9;19,6;18,9;94;94;94;7;3,7;,5;
2019/12/18;1100 UTC;;957,1;957,1;956,4;655,8;21,6;20,4;21,6;20,4;20,5;19,5;94;93;93;321;2,8;1,6;
2019/12/18;1200 UTC;;958;958;957,1;986;22,7;19,5;22,7;21,4;20,3;19,5;93;82;82;337;3,2;1;
2019/12/18;1300 UTC;;958,1;958,2;957,9;786,1;22,7;19,6;22,9;22,5;19,8;18,9;83;80;83;274;2,3;,6;
2019/12/18;1400 UTC;;958,2;958,3;958,1;1234,4;23,9;20,1;23,9;22,7;20,6;19,3;83;79;80;348;4;2,1;
2019/12/18;1500 UTC;;957,6;958,2;957,6;2343,5;25,2;18,9;25,6;23,9;20,6;18,6;81;66;68;349;4,2;2,1;
2019/12/18;1600 UTC;;957,3;957,6;957,3;3763,7;27;20,1;27,5;25,2;20,8;18,7;71;61;66;319;5,1;1,5;
2019/12/18;1700 UTC;;956,7;957,3;956,6;2152,8;26,7;19,7;27,3;26,2;20,8;18,7;70;61;66;29;4;2,2;
2019/12/18;1800 UTC;;955,9;956,7;955,9;2070,2;27,7;19,1;28;26,4;21,1;18,6;68;59;59;4;4,1;2,1;
2019/12/18;1900 UTC;;955,2;955,9;955,2;2136,9;27,1;19,8;28,5;27;20,3;18,2;66;57;65;352;4,7;1,5;
2019/12/18;2000 UTC;;955,1;955,4;955,1;658,8;26,2;19,8;27,1;26,2;20,2;18,5;69;60;68;345;3,8;1,5;
2019/12/18;2100 UTC;;955,5;955,5;955,1;315,9;25,4;19,2;26,2;25,4;20,2;19;70;66;69;329;3,6;1,6;
2019/12/18;2200 UTC;;956,2;956,2;955,5;62,6;24,4;19,1;25,4;24,4;19,3;19,1;73;69;72;332;4,8;2,5;
2019/12/18;2300 UTC;;957;957;956,2;;23,5;19,1;24,5;23,4;19,3;19;77;72;76;335;5,3;2,4;
2019/12/19;0000 UTC;;958,2;958,3;956,9;;21,7;19,6;23,7;21,7;19,6;18,9;88;75;88;21;7,3;2,1;
2019/12/19;0100 UTC;;958,1;958,3;958,1;;21,3;19,8;21,7;21,2;19,8;19,4;91;88;91;355;7,6;2,1;
2019/12/19;0200 UTC;;958;958,2;957,9;;21,3;19,2;21,6;21,2;19,9;19,2;91;88;88;354;5,3;2,6;
2019/12/19;0300 UTC;;957,5;958;957,5;;20,5;18,9;21,3;20,5;19,2;18,8;90;88;90;5;4,9;2,2;
2019/12/19;0400 UTC;;957,4;957,6;957,4;;20,6;18,9;20,7;20,5;19;18,8;91;90;90;8;3,7;1,8;
2019/12/19;0500 UTC;;957,1;957,4;957,1;;20,5;18,4;20,6;20,5;18,9;18,4;90;87;88;8;3,4;2,3;
2019/12/19;0600 UTC;;956,9;957,1;956,9;;20,2;18,3;20,5;20,1;18,4;18,2;89;87;89;18;4,2;1,9;
2019/12/19;0700 UTC;;956,8;957;956,7;;19,7;18;20,2;19,7;18,3;18;91;89;90;4;3,7;2,4;
2019/12/19;0800 UTC;;957,2;957,2;956,8;;19,7;18,1;19,8;19,6;18,1;18;90;90;90;15;3,7;1,9;
2019/12/19;0900 UTC;;957,8;957,8;957,2;25,9;19,9;18,1;19,9;19,7;18,2;18;91;89;89;10;3,6;2,2;
2019/12/19;1000 UTC;;958,7;958,7;957,8;189,3;20,3;18,3;20,3;19,9;18,4;18;90;88;88;20;3,6;1,9;
2019/12/19;1100 UTC;;959,2;959,2;958,7;678,8;21,4;18,6;21,5;20,3;19,1;18,3;89;83;84;359;4;2,4;
2019/12/19;1200 UTC;;959,7;959,7;959,2;1508,6;23,6;19,5;23,7;21,4;20,1;18,6;86;77;78;344;4,4;1,9;
2019/12/19;1300 UTC;;959,5;959,8;959,5;2828,4;25,7;20,1;25,7;23,6;20,8;19,1;78;70;71;321;4,5;1,9;
2019/12/19;1400 UTC;;959,2;959,5;959,2;3575,4;28,1;19,7;28,1;25,7;21,4;19,5;74;60;60;341;3,6;1,7;
2019/12/19;1500 UTC;;959;959,2;959;3281;29,2;19,8;29,2;27,7;21,2;18,4;65;53;57;266;3,8;1,3;
2019/12/19;1600 UTC;;958,6;959,1;958,6;3380,2;29,3;19,4;30,1;28,4;20,6;17,9;58;50;55;201;5,1;1;
2019/12/19;1700 UTC;;957,7;958,6;957,7;3054;30,4;17,9;30,8;28,9;20,2;17,7;57;47;47;212;3,5;1,2;
2019/12/19;1800 UTC;;956,9;957,7;956,9;1586,3;31,1;18,6;31,1;28,8;19,6;17,6;56;47;48;179;4,2;1,6;
2019/12/19;1900 UTC;;956,6;957;956,4;1951,6;28,8;18,5;31,1;28,8;19,1;16,9;54;44;54;205;5,7;1,7;
2019/12/19;2000 UTC;;956,6;956,9;956,5;702,7;25,3;18;28,8;25,2;19,7;17,7;69;53;64;193;6,7;,3;
2019/12/19;2100 UTC;;957;957;956,5;243,9;23,8;18,6;25,3;23,8;18,6;17,7;73;63;73;193;4,6;0;
2019/12/19;2200 UTC;;957,9;957,9;956,9;32,1;22,5;19,4;23,8;22,5;19,5;18,5;83;73;83;45;0;0;
2019/12/19;2300 UTC;;957,6;958;957,6;;22,9;19,4;23;22,5;19,6;19,3;83;80;81;317;0;0;
2019/12/20;0000 UTC;;957,8;957,8;957,3;;22,1;19,5;22,9;22,1;19,7;19,3;85;81;85;248;0;0;
2019/12/20;0100 UTC;;958,6;958,6;957,7;;21,8;19,5;22,1;21,8;19,5;19,3;87;85;87;355;0;0;
2019/12/20;0200 UTC;;958,8;958,9;958,5;;21,9;20;21,9;21,7;20,1;19,5;89;87;89;359;0;0;
2019/12/20;0300 UTC;;958,6;958,9;958,6;;22,1;20,1;22,2;21,8;20,3;20;90;88;88;249;0;0;
2019/12/20;0400 UTC;;957,9;958,6;957,9;;21,8;20,2;22,2;21,8;20,2;20;91;88;91;216;0;0;
2019/12/20;0500 UTC;;957,4;957,9;957,4;;21,4;20;21,8;21,4;20,2;20;92;91;92;3;0;0;
2019/12/20;0600 UTC;;956,5;957,4;956,5;;21,2;20;21,4;21,2;20,1;20;93;92;93;344;0;0;
2019/12/20;0700 UTC;;956,4;956,5;956,3;;21,1;20;21,2;21,1;20,1;19,9;93;93;93;323;0;0;
2019/12/20;0800 UTC;;956,9;956,9;956,4;;21,1;20;21,2;21,1;20,1;19,9;93;93;93;330;0;0;
2019/12/20;0900 UTC;;957,5;957,5;956,9;15,7;21,3;20,1;21,3;21,1;20,1;19,9;93;93;93;333;0;0;
2019/12/20;1000 UTC;;958,3;958,3;957,5;164,7;21,7;20,5;21,8;21,2;20,6;20,1;93;93;93;24;0;0;
2019/12/20;1100 UTC;;958,7;958,7;958,3;777,3;23,2;20,8;23,2;21,7;21,3;20,5;93;86;87;328;0;0;
2019/12/20;1200 UTC;;958,9;958,9;958,7;1194,6;24,6;21,6;24,6;23;21,6;20,2;87;80;83;333;0;0;
2019/12/20;1300 UTC;;958,9;959;958,9;2475,2;25,9;19,8;26,7;24,7;22,1;19,4;83;67;69;303;5,1;1,7;
2019/12/20;1400 UTC;;958,7;958,9;958,7;2253,4;27,5;20,5;27,7;25,9;21,6;19,4;72;62;66;300;5,3;,1;
2019/12/20;1500 UTC;;958,6;958,8;958,5;1632,9;25,7;19,8;28,3;25,7;20,5;18,4;72;55;70;270;4,3;1,8;
2019/12/20;1600 UTC;;958,1;958,6;958,1;861,9;25,7;20,6;25,8;25,1;21,3;19,8;79;70;74;307;3,3;,9;
2019/12/20;1700 UTC;;957,1;958,1;957,1;1114,9;25,9;20,4;26,2;25,5;21,6;19,9;76;70;71;330;2,6;0;
2019/12/20;1800 UTC;;955,5;957,1;955,5;1587,6;26,9;19,6;27,3;25,9;21,2;19,1;74;62;64;360;3;0;
2019/12/20;1900 UTC;;954,4;955,5;954,4;2612,3;28,7;17,5;29,1;26,9;20,6;17,3;64;49;51;313;3;0;
2019/12/20;2000 UTC;;953,8;954,4;953,8;1803,2;28,9;16,8;29,5;28,4;19,4;16,5;57;46;48;30;4;0;
2019/12/20;2100 UTC;;954,1;954,1;953,7;1017,9;28,4;17,3;29,3;28,4;18,4;16;53;46;51;316;2,9;0;
2019/12/20;2200 UTC;;954,8;954,8;954,1;231,8;26,7;18,7;28,6;26,7;19;17,3;62;51;61;289;0;0;
2019/12/20;2300 UTC;;955,7;955,7;954,8;;25,8;18,9;26,7;25,7;19,4;18,4;67;61;66;288;0;0;
2019/12/21;0000 UTC;;956,5;956,5;955,7;;25,3;19,3;25,9;25,3;19,4;18,9;69;65;69;251;0;0;
2019/12/21;0100 UTC;;956,4;956,6;956,3;;24,3;19,5;25,3;24,3;19,8;19,3;75;69;75;267;0;0;
2019/12/21;0200 UTC;;956,3;956,5;956,3;;23,3;19,6;24,3;23,2;19,8;19,5;81;75;80;250;0;0;
2019/12/21;0300 UTC;;955,9;956,3;955,9;;22,6;19,6;23,3;22,6;19,8;19,5;83;80;83;255;3,4;0;
2019/12/21;0400 UTC;;955,9;956;955,8;;21,8;19,4;22,7;21,8;19,7;19,2;86;83;86;161;4,6;0;
2019/12/21;0500 UTC;;956,4;956,4;955,8;;22,4;19;22,4;21,7;19,5;18,9;87;81;81;209;4,8;,6;
2019/12/21;0600 UTC;;956,3;956,4;956;;21,7;17,7;22,5;21,7;19;17,5;81;75;78;176;8,9;3,1;
2019/12/21;0700 UTC;;957,2;957,2;956,3;;21,3;18,1;21,7;21,3;18,1;17,7;82;78;82;171;11,5;3,4;
2019/12/21;0800 UTC;;956,4;957,3;956,4;;20,3;18,8;21,3;20,3;18,8;18,1;91;82;91;258;9,4;0;
2019/12/21;0900 UTC;;956,8;956,8;955,7;5,1;20,2;19;20,3;20,1;19;18,7;93;91;93;351;,9;0;
2019/12/21;1000 UTC;;957,2;957,2;956,8;392,4;21,7;20,1;21,7;20,2;20,2;19;93;91;91;294;2,4;,2;
2019/12/21;1100 UTC;;957,3;957,3;957,2;688,8;21,8;19,1;22,1;21,6;20,2;18,8;91;83;85;265;1,6;0;
2019/12/21;1200 UTC;;957,3;957,4;957;620,6;22,2;19,8;22,3;21,6;20;19;88;85;86;257;4,3;0;
2019/12/21;1300 UTC;;957,7;957,8;957,3;964,8;23,9;19,5;24;22,2;20,5;19,2;87;75;76;195;4,5;,1;
2019/12/21;1400 UTC;;957,3;957,7;957,3;2008,9;26,8;19,6;26,8;23,8;21,1;18,7;78;62;65;222;3,9;1,1;
2019/12/21;1500 UTC;;956,8;957,4;956,8;2242,6;26,9;19,6;27,2;26,1;20,4;18,1;68;61;64;198;5,1;1,9;
2019/12/21;1600 UTC;;955,8;956,8;955,8;4007,7;29;18,7;29,2;27;22,1;18,1;68;53;54;211;7;1,7;
2019/12/21;1700 UTC;;954,7;955,8;954,6;3866,5;30,5;21,2;30,5;28,8;21,2;18,6;60;50;58;217;7,6;1,3;
2019/12/21;1800 UTC;;954,1;954,8;954,1;1900,5;28,2;19,7;30,8;28,2;20,7;18,6;60;49;60;186;8,4;2,9;
2019/12/21;1900 UTC;;953,6;954,1;953,4;1038,6;28,3;19,2;29,3;28,3;20,5;19,2;61;54;58;172;6,9;2;
2019/12/21;2000 UTC;;953,9;954;953,5;619,6;24,7;20,8;28,3;24,6;20,8;18,8;80;57;79;60;9,8;1,9;
2019/12/21;2100 UTC;;954,5;954,5;953,8;442;24,5;21,1;24,7;24,2;21,3;20,6;82;79;81;165;4,3;0;
2019/12/21;2200 UTC;;957;957,3;954,6;65,7;19,8;18,6;24,7;19,7;21,7;18;93;80;93;118;17,4;3,6;
2019/12/21;2300 UTC;;955,8;957;955,8;;19,9;18,9;19,9;19,8;18,9;18,6;94;93;94;176;8;1,6;
2019/12/22;0000 UTC;;955;955,8;954,9;;20;19;20;19,8;19;18,8;94;94;94;180;4,4;0;
2019/12/22;0100 UTC;;955,2;955,2;954,9;;20,1;19,1;20,1;20;19,1;19;94;94;94;181;2,4;0;
2019/12/22;0200 UTC;;955,3;955,4;955,1;;19,8;18,8;20,1;19,7;19,1;18,7;94;94;94;276;0;0;
2019/12/22;0300 UTC;;955,6;955,6;955,2;;20;19;20;19,8;19;18,8;94;94;94;90;0;0;
2019/12/22;0400 UTC;;955,2;955,7;955,2;;19,5;18,6;20;19,5;19;18,6;94;94;94;172;0;0;
2019/12/22;0500 UTC;;955,3;955,4;955,2;;19,9;18,9;19,9;19,5;18,9;18,5;94;94;94;338;0;0;
2019/12/22;0600 UTC;;955,5;955,5;955,2;;19,8;18,9;19,9;19,8;18,9;18,8;94;94;94;252;0;0;
2019/12/22;0700 UTC;;955,3;955,5;955,2;;19,9;18,9;19,9;19,8;18,9;18,8;94;94;94;63;0;0;
2019/12/22;0800 UTC;;955,7;955,7;955,3;;19,8;18,8;19,9;19,7;18,9;18,7;94;94;94;360;0;0;
2019/12/22;0900 UTC;;956,1;956,1;955,7;13,2;19,9;19;19,9;19,8;19;18,8;94;94;94;304;3;0;
2019/12/22;1000 UTC;;956,7;956,7;956;119,1;20,2;19,2;20,2;19,8;19,2;18,9;94;94;94;284;3;0;
2019/12/22;1100 UTC;;957,4;957,4;956,7;659,3;21,4;20,4;21,4;20;20,4;19,1;94;94;94;252;3,2;0;
2019/12/22;1200 UTC;;957,9;957,9;957,4;1203;23,2;20,2;23,6;21,2;21,2;20,2;94;83;83;223;3,1;,1;
2019/12/22;1300 UTC;;958,3;958,3;957,8;1650,5;24,1;20,3;25;23;21,8;19,8;86;76;79;188;5,8;,8;
2019/12/22;1400 UTC;;958;958,3;958;1416,5;25,6;21,1;25,6;24;21,1;20;81;74;76;163;5;0;
2019/12/22;1500 UTC;;957,9;958,1;957,9;1737,6;25,6;20,1;25,9;25,2;21,1;20;76;71;72;141;3,7;,1;
2019/12/22;1600 UTC;;957,4;957,9;957,3;1904,6;25,6;20,3;26,7;25,4;21;19,4;73;67;72;111;6,1;,1;
2019/12/22;1700 UTC;;956,7;957,4;956,7;1619,4;26,3;20,4;26,5;25,4;20,9;19,6;75;68;70;126;3,9;0;
2019/12/22;1800 UTC;;956;956,7;956;1878,7;26,1;18,9;27,1;25,5;20,4;17,4;71;56;64;130;4,9;,5;
2019/12/22;1900 UTC;;955,6;956;955,6;1606,3;26,5;18,7;27;26;19,9;18,2;67;59;62;96;4,1;0;
2019/12/22;2000 UTC;;955,2;955,6;955,2;681,4;25,2;19,7;26,5;25,2;20,2;18,3;73;62;72;76;0;0;
2019/12/22;2100 UTC;;955,8;955,8;955;496,9;24,3;19,6;25,2;24,3;21,1;19,5;79;72;75;49;3,8;,4;
2019/12/22;2200 UTC;;955,9;956;955,8;96,3;23,2;19,3;24,3;23,2;19,5;19,2;79;73;79;43;3,7;0;
2019/12/22;2300 UTC;;956,4;956,4;955,9;;23;18,9;23,3;22,5;19,5;18,9;82;78;78;76;1,6;0;
2019/12/23;0000 UTC;;956,7;956,7;956,4;;22,1;19,8;23,1;22,1;19,8;18,9;86;78;86;253;0;0;
2019/12/23;0100 UTC;;956,9;956,9;956,7;;22,1;19,7;22,2;21,7;19,8;19,5;88;86;86;250;0;0;
2019/12/23;0200 UTC;;957,1;957,2;956,9;;21,4;19,8;22,1;21,4;19,8;19,6;90;86;90;304;0;0;
2019/12/23;0300 UTC;;957;957,1;957;;21,7;20;21,8;21,4;20;19,8;91;89;90;80;0;0;
2019/12/23;0400 UTC;;956,1;957;956,1;;21,5;20,1;21,8;21,5;20,1;19,9;92;90;92;144;0;0;
2019/12/23;0500 UTC;;955,5;956,1;955,5;;21,2;20;21,5;21,2;20,2;19,9;93;92;93;318;0;0;
2019/12/23;0600 UTC;;955,3;955,5;955,2;;20,9;19,8;21,2;20,9;20;19,7;93;93;93;325;0;0;
2019/12/23;0700 UTC;;955,2;955,3;955,2;;21;20;21,1;20,9;20;19,7;94;93;94;27;0;0;
2019/12/23;0800 UTC;;955,5;955,5;955,1;;20,9;19,8;21,1;20,8;20;19,7;94;94;94;9;0;0;
2019/12/23;0900 UTC;;956,2;956,2;955,5;11,7;21,3;20,3;21,3;20,9;20,3;19,8;94;94;94;30;0;0;
2019/12/23;1000 UTC;;957;957;956,2;146,6;21,5;20,5;21,7;21,3;20,7;20,3;94;94;94;61;0;0;
2019/12/23;1100 UTC;;957,4;957,4;957;569;22,6;20,7;22,6;21,5;21,1;20,4;94;88;89;26;0;0;
2019/12/23;1200 UTC;;957,8;957,8;957,4;1250,8;23,8;20,2;24,2;22,5;21,4;20;89;79;80;1;0;0;
2019/12/23;1300 UTC;;958;958,1;957,7;964;24,9;20,1;25;23,7;21,1;19,9;82;75;75;177;0;0;
2019/12/23;1400 UTC;;957,7;958;957,7;1067,9;24,7;20,6;25,1;24,5;21,3;19,9;80;74;78;181;1,7;0;
2019/12/23;1500 UTC;;957,3;957,7;957,2;1859;25,8;21;26,5;24,7;21,5;19,8;79;70;75;187;3,5;,4;
2019/12/23;1600 UTC;;957;957,4;957;947,2;22,8;20,6;25,8;21,6;21,4;19,9;92;74;87;184;3,5;0;
2019/12/23;1700 UTC;;956,4;957;956,4;1872,7;25;21,3;26,1;22,8;22,1;20,4;87;74;80;220;1,5;0;
2019/12/23;1800 UTC;;956,6;956,6;956,1;359,2;22,1;20,4;25,1;22,1;21,4;20,2;90;79;90;169;2,1;0;
2019/12/23;1900 UTC;;956;956,6;956;554,5;22,4;20,4;22,8;22;21,1;20,2;91;88;88;219;1,3;0;
2019/12/23;2000 UTC;;955,6;956;955,6;751,2;23,7;20,6;23,7;22,2;20,6;19;89;80;83;237;3,2;0;
2019/12/23;2100 UTC;;955,5;955,6;955,4;307,6;22,8;20,4;23,7;22,8;20,9;20,2;88;82;86;209;3,5;,8;
2019/12/23;2200 UTC;;956,1;956,2;955,5;66,7;22,3;20,6;22,8;22,3;20,6;20,4;90;86;90;281;2,2;0;
2019/12/23;2300 UTC;;956,9;957,1;956,1;;21,9;20;22,3;21,9;20,7;20;91;89;89;216;0;0;
2019/12/24;0000 UTC;;956,2;956,9;956,1;;21,3;19,7;21,9;21,3;20,1;19,7;91;89;91;252;6,4;3,8;
2019/12/24;0100 UTC;;957,8;957,8;956,2;;21,3;19,7;21,4;21,2;19,8;19,6;91;90;91;67;7,3;1,5;
2019/12/24;0200 UTC;;958,6;958,6;957,7;;21,2;19,8;21,4;21;19,8;19,4;92;90;92;343;3,2;0;
2019/12/24;0300 UTC;;958,1;958,7;958,1;;20,7;19,3;21,2;20,7;19,9;19,3;92;91;92;346;3,3;,5;
2019/12/24;0400 UTC;;957,1;958,1;957,1;;20,6;19,4;20,8;20,5;19,6;19,3;93;92;93;323;3;0;
2019/12/24;0500 UTC;;956,3;957,1;956,3;;20;18,9;20,6;19,9;19,5;18,7;93;93;93;14;3,3;,5;
2019/12/24;0600 UTC;;955,3;956,3;955,3;;19,3;18,3;20,1;19,2;19;18,2;94;93;94;224;2,6;,4;
2019/12/24;0700 UTC;;955,6;955,7;955;;19,3;18,4;19,4;18,9;18,4;17,9;94;94;94;17;2,1;,2;
2019/12/24;0800 UTC;;956,1;956,1;955,6;;19,6;18,7;19,6;19,2;18,7;18,2;94;94;94;351;2,4;0;
2019/12/24;0900 UTC;;957,1;957,1;956,1;44,5;19,3;18,4;19,6;19;18,7;18,1;95;94;95;9;2;,1;
2019/12/24;1000 UTC;;957,5;957,5;957,1;620,8;20,1;18;20,3;19,2;18,9;18;95;87;87;5;4,3;,2;
2019/12/24;1100 UTC;;957,8;957,8;957,4;1572,8;22;17,9;22;20,1;18,4;17,4;88;77;78;338;5,9;3,3;
2019/12/24;1200 UTC;;958;958;957,8;2453,9;24,7;19,5;24,7;22;19,6;17,6;79;71;73;350;5,8;1,5;
2019/12/24;1300 UTC;;957,9;958;957,9;3200,3;26,7;20,4;26,7;24,1;20,4;18;74;64;69;326;4,6;,2;
2019/12/24;1400 UTC;;957,6;957,9;957,6;3604,2;27,5;19,6;28,1;26;21,2;17,9;70;57;62;336;3,5;0;
2019/12/24;1500 UTC;;957;957,6;957;3022,1;28,6;19,5;28,9;26,9;20,6;17,1;64;50;58;332;0;0;
2019/12/24;1600 UTC;;956,1;957;956,1;3808,3;29,4;19,3;30,7;28,1;20,9;17,8;61;49;55;336;0;0;
2019/12/24;1700 UTC;;955,4;956,1;955,4;3179,3;29,8;19,3;30,9;28;20,4;17,4;60;47;53;314;0;0;
2019/12/24;1800 UTC;;954,8;955,4;954,8;2961,9;29,5;18,1;31,1;29;19,8;16,8;56;44;50;338;0;0;
2019/12/24;1900 UTC;;954,2;954,8;954,2;2044;28,9;17,9;31,7;28,4;20;16,8;59;41;52;324;6,9;,3;
2019/12/24;2000 UTC;;953,6;954,2;953,6;1276,7;31;17,1;31,5;28,8;20;16,2;59;40;44;17;3,4;0;
2019/12/24;2100 UTC;;953,4;953,6;953,3;861;28,7;18,6;31;28,1;18,9;16,8;57;44;54;42;3,3;0;
2019/12/24;2200 UTC;;954,1;954,1;953,4;192,5;26,2;18,6;28,7;26,2;19;18,4;63;54;63;26;4,2;0;
2019/12/24;2300 UTC;;954,6;954,6;954;;24,3;18;26,2;24,2;18,8;17,9;68;63;68;358;1,9;0;
2019/12/25;0000 UTC;;955,2;955,2;954,6;;23;17,7;24,4;23;18,1;17,5;72;66;72;347;3,7;0;
2019/12/25;0100 UTC;;955,8;955,8;955,2;;22;17,9;23;22;17,9;17,6;78;72;78;8;0;0;
2019/12/25;0200 UTC;;956;956;955,8;;21,5;17,9;22;21,4;18;17,7;80;77;80;289;0;0;
2019/12/25;0300 UTC;;955,8;956,1;955,8;;20,4;17,7;21,8;20,4;17,9;17,5;84;78;84;332;2,9;0;
2019/12/25;0400 UTC;;955,4;955,8;955,3;;20,8;17,5;20,9;20,2;17,9;17,5;85;82;82;319;0;0;
2019/12/25;0500 UTC;;955,3;955,4;955,3;;19,4;17,1;20,8;19,4;17,5;17,1;87;82;87;4;0;0;
2019/12/25;0600 UTC;;955,1;955,4;955,1;;19,1;17,4;19,6;18,9;17,6;16,9;90;86;90;328;0;0;
2019/12/25;0700 UTC;;955,3;955,3;955;;18,7;17,1;19,1;18,7;17,4;17,1;91;90;91;3;0;0;
2019/12/25;0800 UTC;;955,8;955,8;955,2;;18,6;17;18,8;18,6;17,2;17;91;90;91;354;0;0;
2019/12/25;0900 UTC;;956,5;956,5;955,8;33,4;19,2;17,8;19,2;18,5;17,8;16,9;92;91;92;342;0;0;
2019/12/25;1000 UTC;;957;957;956,5;632,2;21,5;18,7;21,6;19,2;19,1;17,9;92;84;84;343;0;0;
2019/12/25;1100 UTC;;957,5;957,5;957;1551,2;24;19,3;24;21,5;19,8;18,5;85;73;75;298;3,2;0;
2019/12/25;1200 UTC;;957,7;957,7;957,5;2441,2;26,6;20,1;26,6;24;20,4;18,6;76;67;68;307;4,4;,6;
2019/12/25;1300 UTC;;957,6;957,8;957,6;3182;28,4;19,2;28,9;26,5;20,9;19,1;68;57;57;264;5,1;0;
2019/12/25;1400 UTC;;957,4;957,6;957,3;3398,6;29,3;19,6;30,4;28,4;20,8;18,8;60;52;56;203;4,8;0;
2019/12/25;1500 UTC;;957;957,4;957;3052,4;30,4;20;31,5;29,3;21,4;18,3;57;49;54;22;1,9;,1;
2019/12/25;1600 UTC;;956,4;957;956,4;2868,1;30,4;19,5;32,3;29,8;21;18,3;56;46;52;58;2,3;0;
2019/12/25;1700 UTC;;955,7;956,4;955,7;2674,8;32,4;18,8;32,4;30,4;20,4;17,6;53;42;45;82;2,4;,4;
2019/12/25;1800 UTC;;954,8;955,7;954,8;3295,6;32,3;18,5;32,9;31,4;20,2;18,1;49;43;44;56;4,2;0;
2019/12/25;1900 UTC;;954,2;954,8;954,2;2676,9;32,7;17,6;33,2;32,1;18,6;15,7;45;34;41;23;0;0;
2019/12/25;2000 UTC;;953,8;954,3;953,8;1845,1;32,6;15,9;33,2;31,9;18,4;14,6;44;34;37;57;3,4;0;
2019/12/25;2100 UTC;;953,4;953,8;953,3;971,2;31,2;17,8;33,1;31;18,5;14,9;47;33;45;24;2,9;0;
2019/12/25;2200 UTC;;954,3;954,3;953,3;179,9;29,5;16,4;31,3;29;18;16,3;49;41;45;299;0;0;
2019/12/25;2300 UTC;;955,7;955,7;954,3;;26,5;18,4;29,5;26,1;18,4;15,9;62;45;61;194;2,4;,1;
2019/12/26;0000 UTC;;956,4;956,4;955,7;;25,6;19,7;26,5;25,1;19,7;18,4;72;61;70;151;3;0;
2019/12/26;0100 UTC;;957,2;957,2;956,4;;24,1;19;25,9;24,1;19,6;18,7;73;65;73;37;3,7;0;
2019/12/26;0200 UTC;;957,3;957,3;957,1;;24;20;25;23,9;20,2;19,1;79;73;79;45;2,1;0;
2019/12/26;0300 UTC;;957,4;957,4;957,2;;22,6;19,3;25,5;22,6;20,3;19,3;82;72;82;280;2,1;0;
2019/12/26;0400 UTC;;956,9;957,6;956,9;;21,2;17,9;22,6;21,2;19,6;17,9;86;81;81;353;0;0;
2019/12/26;0500 UTC;;957;957;956,8;;21;16,9;21,2;20,7;17,9;16,9;83;77;77;313;0;0;
2019/12/26;0600 UTC;;956,7;957,1;956,7;;21;16,4;21,6;20,2;16,9;16,3;80;72;75;329;0;0;
2019/12/26;0700 UTC;;957,2;957,2;956,7;;20,2;16,6;20,9;19,6;16,7;16,4;83;75;80;343;0;0;
2019/12/26;0800 UTC;;957,4;957,5;957;;20,4;15,8;21,1;20;16,6;15,8;80;74;75;280;0;0;
2019/12/26;0900 UTC;;957,7;957,7;957,4;29,5;20,5;16,7;20,5;19,6;16,7;15,7;80;75;79;359;2,1;,1;
2019/12/26;1000 UTC;;957,9;958;957,6;616,5;22,5;18,8;22,5;20,4;18,8;16,5;83;77;80;343;1,5;0;
2019/12/26;1100 UTC;;958;958,1;957,8;1582,8;25;18,5;25,1;22,4;19;17,4;80;66;67;360;0;0;
2019/12/26;1200 UTC;;958,2;958,2;957,9;2412,8;27,5;18,2;27,5;25;19,3;16,5;69;55;57;338;3,4;0;
2019/12/26;1300 UTC;;958,3;958,4;958,2;2971,7;29,7;19,4;29,7;27;19,7;17,2;63;51;54;328;0;0;
2019/12/26;1400 UTC;;957,9;958,4;957,8;3691;31,6;20,1;31,8;29,6;20,4;17,6;54;46;50;318;0;0;
2019/12/26;1500 UTC;;957,4;957,9;957,4;3992,1;32,8;18,5;33,2;31,4;20,5;17,2;51;40;43;271;,3;0;
2019/12/26;1600 UTC;;956,9;957,4;956,9;3488,4;32,7;16,3;34,3;32;20,1;14,8;49;33;37;212;4,1;,4;
2019/12/26;1700 UTC;;956,5;956,9;956,5;3484,1;32,6;17,7;34,9;32,5;19,4;15,8;44;33;41;138;4,2;,1;
2019/12/26;1800 UTC;;955,8;956,6;955,8;1520;33,1;18,3;33,9;32;20,1;15,9;50;37;42;90;4,7;,9;
2019/12/26;1900 UTC;;955,7;956,1;955,6;2225,1;28,6;18,3;33,6;27,5;19,9;16,4;56;41;54;205;9,3;2,7;
2019/12/26;2000 UTC;;955;955,7;955;1635,3;30,2;18,8;30,8;27,6;19,9;17,6;59;48;51;175;6,6;0;
2019/12/26;2100 UTC;;954,9;955,2;954,9;958;30,2;20,4;31,3;30,2;20,8;17,3;57;45;56;263;0;0;
2019/12/26;2200 UTC;;955,6;955,6;954,9;189,1;27,5;20,5;31,1;27,5;20,5;18,1;65;50;65;320;0;0;
2019/12/26;2300 UTC;;956,3;956,3;955,6;;26,1;19,5;27,8;25,8;20,8;19,4;73;65;67;301;0;0;
2019/12/27;0000 UTC;;957;957;956,3;;24,2;19,7;26,1;24,2;19,8;19,5;76;67;76;348;0;0;
2019/12/27;0100 UTC;;957,5;957,5;957;;23,2;18,7;24,7;23,2;19,7;18,4;76;68;76;360;0;0;
2019/12/27;0200 UTC;;958;958;957,5;;22,3;16,6;23,4;22,3;18,7;16,6;76;69;70;356;4,6;,3;
2019/12/27;0300 UTC;;958,2;958,2;957,9;;22;15,9;22,5;21,5;16,7;15,8;73;66;69;353;3,2;0;
2019/12/27;0400 UTC;;957,9;958,2;957,9;;21,4;16,8;22;20,8;16,8;15,9;76;68;75;25;0;0;
2019/12/27;0500 UTC;;957,4;957,9;957,4;;20,4;16,7;21,5;20,3;16,8;16,6;79;74;79;10;0;0;
2019/12/27;0600 UTC;;957;957,4;957;;19,3;16,7;20,5;19,3;17;16,5;85;79;85;349;0;0;
2019/12/27;0700 UTC;;957;957;956,8;;19,3;16,9;19,8;19,2;17,2;16,7;86;84;86;349;0;0;
2019/12/27;0800 UTC;;957,7;957,7;956,8;;19;17,1;19,3;18,8;17,2;16,9;89;86;89;17;0;0;
2019/12/27;0900 UTC;;958,5;958,5;957,7;37;18,8;17;19;18,6;17,1;16,7;89;88;89;13;0;0;
2019/12/27;1000 UTC;;959,1;959,1;958,5;565,5;20,6;17,5;20,6;18,8;17,8;17;89;83;83;6;4,1;0;
2019/12/27;1100 UTC;;959,7;959,7;959,1;1432,9;22,7;18,2;22,7;20,6;18,2;17,3;83;74;76;10;0;0;
2019/12/27;1200 UTC;;959,4;959,8;959,4;2323,5;24,8;18,7;25;22,7;19,2;17,6;76;68;69;349;4,7;0;
2019/12/27;1300 UTC;;959,2;959,5;959,2;3030,4;27,4;19,4;27,5;24,7;20,5;18,4;70;62;62;359;6,5;0;
2019/12/27;1400 UTC;;959,3;959,4;959,2;3549,2;29;19,5;29,6;27,1;21;18,8;63;56;57;2;2,9;0;
2019/12/27;1500 UTC;;958,6;959,3;958,6;3868,3;30,5;19,9;30,8;28,8;21,5;19,1;61;52;53;313;0;0;
2019/12/27;1600 UTC;;957,9;958,6;957,9;4018,9;32,1;19,8;32,8;29,9;21,8;19,3;56;47;48;349;4,9;,5;
2019/12/27;1700 UTC;;957,3;958;957,3;3711,3;33,2;19,3;34;32;22;19,1;51;44;44;177;4,9;,1;
2019/12/27;1800 UTC;;956,5;957,3;956,5;3357,6;33,6;18,2;34,6;32,7;20,5;18,2;46;39;40;223;3,8;0;
2019/12/27;1900 UTC;;955,6;956,5;955,6;2680,9;33,6;18;34,9;33;20;16,9;44;36;40;53;0;0;
2019/12/27;2000 UTC;;954,7;955,6;954,7;1727,9;32,4;19,4;33,6;32,4;19,5;17;47;38;46;52;0;0;
2019/12/27;2100 UTC;;954,6;954,7;954,5;896,6;31,3;18,7;32,8;31,3;19,2;16,5;48;38;47;43;0;0;
2019/12/27;2200 UTC;;955;955;954,4;205,2;29,1;19,7;31,3;29;19,8;18,2;57;46;57;17;0;0;
2019/12/27;2300 UTC;;956;956;955;;26;17,8;29,1;26;20,2;17,8;61;54;61;265;7,8;2,5;
2019/12/28;0000 UTC;;956,3;956,7;956;;24,5;18,2;26,1;24,5;18,4;16,8;68;58;68;231;7,6;0;
2019/12/28;0100 UTC;;957,4;957,4;956,3;;23,3;18,9;24,6;22,9;19;18,2;78;68;77;15;2,8;0;
2019/12/28;0200 UTC;;957,6;957,6;957,4;;24,2;19,3;24,3;23,3;19,6;18,8;77;74;74;2;7,3;4,1;
2019/12/28;0300 UTC;;957,3;957,6;957,3;;23,8;18,6;24,3;23,4;19,4;18,6;76;72;72;13;7,3;4,3;
2019/12/28;0400 UTC;;957,2;957,3;957,1;;22,8;18,4;23,8;22,7;18,6;18,3;76;72;76;4;8,4;4,1;
2019/12/28;0500 UTC;;957,1;957,3;956,9;;22;18;22,8;22;18,4;18;78;76;78;3;7,3;3,5;
2019/12/28;0600 UTC;;957,1;957,1;956,8;;21,1;17,9;22;21,1;18;17,9;82;78;82;5;5,4;2,1;
2019/12/28;0700 UTC;;957,4;957,4;957,1;;20,9;18;21,3;20,9;18;17,9;83;81;83;3;3,5;0;
2019/12/28;0800 UTC;;957,7;957,7;957,4;;20,5;18;21;20,4;18,1;17,9;86;83;85;4;0;0;
2019/12/28;0900 UTC;;958,4;958,4;957,7;24,6;20,2;18;20,5;20,2;18;17,8;87;85;87;348;2,9;1,2;
2019/12/28;1000 UTC;;958,7;958,7;958,4;673,7;22,5;18,6;22,6;20,2;18,9;18;88;78;79;349;4;,2;
2019/12/28;1100 UTC;;959;959;958,7;1305,8;24,3;19,4;24,3;22,4;19,5;18,4;79;73;74;349;4,8;0;
2019/12/28;1200 UTC;;959,3;959,3;959;1836,3;26,3;19,8;26,5;24;20,5;18,9;75;67;67;353;4,1;,8;
2019/12/28;1300 UTC;;959;959,4;959;3128,5;28,5;20,3;28,8;26,1;21,2;19,4;69;59;61;339;3,7;1,9;
2019/12/28;1400 UTC;;958,6;959,1;958,6;3588,6;31,3;20,8;31,3;28,5;21,2;18,9;62;52;54;231;4,5;1,6;
2019/12/28;1500 UTC;;957,8;958,6;957,8;3642,3;32,7;18,6;33;30,4;21,5;18,2;56;43;44;226;6,8;1,5;
2019/12/28;1600 UTC;;957,2;957,8;957,2;3967,6;33,2;18,8;33,4;31,7;20,6;18;50;40;43;196;5,9;1,2;
2019/12/28;1700 UTC;;956,6;957,2;956,6;2847,5;31,4;19,9;34,5;31,4;20,9;17,5;51;38;51;176;4,1;2,1;
2019/12/28;1800 UTC;;956,1;956,6;956,1;2214;32,2;18,7;33,7;31,3;21;18,1;51;41;45;188;4,9;1,5;
2019/12/28;1900 UTC;;955,4;956,1;955,4;2508,8;33,5;18,6;34,4;32,2;19,8;17,1;45;37;41;173;3,5;0;
2019/12/28;2000 UTC;;954,9;955,4;954,9;1421,5;33,7;17,8;33,9;32,3;19,6;17,2;45;38;39;162;2,7;0;
2019/12/28;2100 UTC;;954,7;955;954,7;935,8;32,4;18,2;33,8;32,4;18,5;16,8;44;37;43;82;2,6;0;
2019/12/28;2200 UTC;;954,5;954,7;954,4;222,4;29,7;19,5;32,5;29,7;20,3;17,9;55;42;54;106;2;0;
2019/12/28;2300 UTC;;954,9;955;954,5;;29,3;18,1;29,8;29,1;19,1;17,6;54;48;51;131;0;0;
2019/12/29;0000 UTC;;955,6;955,6;954,9;;26,3;18,6;29,3;26,3;19,7;18;64;51;62;308;0;0;
2019/12/29;0100 UTC;;956,2;956,2;955,5;;25,2;19,1;26,5;25,1;19,1;18,1;69;60;69;347;2,5;0;
2019/12/29;0200 UTC;;956,5;956,5;956,1;;24,6;18,8;25,2;24,1;19;18,7;73;69;70;344;2,3;0;
2019/12/29;0300 UTC;;956,7;957;956,5;;23,6;19,3;24,6;23,3;19,5;18,8;79;70;77;4;5,8;0;
2019/12/29;0400 UTC;;956,6;956,7;956,4;;24,2;20,4;24,4;23,3;20,7;19,3;82;77;79;20;6,4;2,6;
2019/12/29;0500 UTC;;956,3;956,7;956,1;;23,1;20,1;24,2;23;20,4;20;84;79;83;6;5,2;0;
2019/12/29;0600 UTC;;956,5;956,6;956,3;;22,2;19,8;23,1;22;20,1;19,7;87;83;86;9;0;0;
2019/12/29;0700 UTC;;956,5;956,5;956,4;;21,7;19,6;22,2;21,4;19,8;19,4;89;86;88;8;0;0;
2019/12/29;0800 UTC;;957,4;957,4;956,4;;21,7;19,6;21,8;21,6;19,7;19,5;88;88;88;152;0;0;
2019/12/29;0900 UTC;;957,8;957,9;957,4;14,4;21,7;19,5;21,9;21,5;19,7;19,4;89;88;88;59;,8;0;
2019/12/29;1000 UTC;;957,9;958;957,6;366;23,2;20,3;23,2;21,2;20,5;19,3;90;83;84;357;,8;0;
2019/12/29;1100 UTC;;957,9;958;957,7;1281,9;24,9;20,1;24,9;23,2;20,6;19,7;84;74;75;332;3;0;
2019/12/29;1200 UTC;;957,6;957,9;957,6;2243,2;27,1;20,2;27,5;24,7;21,2;19,4;76;63;66;272;4,3;,4;
2019/12/29;1300 UTC;;957,3;957,6;957,3;3038,6;28,5;20,1;29,1;27,1;21,3;19,7;67;58;61;256;5,4;,7;
2019/12/29;1400 UTC;;956,9;957,2;956,8;3455,8;30,5;20,3;30,8;28,5;21,9;19,7;63;54;54;255;4,5;,3;
2019/12/29;1500 UTC;;956,1;956,9;956,1;3777,8;31,9;20,9;32,2;30,1;21,6;19,3;57;49;52;190;4,6;,5;
2019/12/29;1600 UTC;;955,6;956,1;955,6;3802,4;33,3;18;33,4;30,8;21,9;17,7;55;40;41;188;4,2;0;
2019/12/29;1700 UTC;;955;955,6;955;3498,3;33,2;18,4;34,3;32,6;19,8;15,3;46;33;41;79;3,1;,4;
2019/12/29;1800 UTC;;954,2;955;954,2;3260,4;33,2;15,7;34,7;32,9;19,1;14,7;43;33;35;103;5;0;
2019/12/29;1900 UTC;;953,4;954,2;953,4;2455,5;33,5;15;34,2;32,1;18,8;14,7;42;32;33;74;5,5;,4;
2019/12/29;2000 UTC;;953;953,4;952,9;1803,2;32,9;16,8;33,8;32,7;17,3;15;40;33;38;75;5,9;0;
2019/12/29;2100 UTC;;952,6;952,9;952,5;847,4;31,5;17,3;32,9;31,4;17,6;16;43;37;43;63;5,6;1,4;
2019/12/29;2200 UTC;;952,7;952,7;952,6;146,8;28,7;18;31,5;28,7;18,7;16,6;52;41;52;38;2,9;0;
2019/12/29;2300 UTC;;953,1;953,1;952,7;;28,2;17,5;28,7;27,9;17,9;17,4;55;51;52;57;3,1;1,1;
2019/12/30;0000 UTC;;953,6;953,6;953,1;;26,2;18,2;28,3;26,2;18,3;17,4;62;52;62;15;3,9;0;
2019/12/30;0100 UTC;;954,4;954,4;953,6;;25,5;18,3;26,3;25,4;18,5;18;65;61;64;353;6,6;0;
2019/12/30;0200 UTC;;954,7;954,7;954,4;;23,9;17,7;25,5;23,9;18,3;17,6;68;64;68;346;5,7;,8;
2019/12/30;0300 UTC;;954,6;955;954,6;;23,3;18,2;23,9;23,3;18,4;17,7;74;68;73;14;3,5;,1;
2019/12/30;0400 UTC;;954,4;954,6;954,3;;22,4;18,8;23,4;22,3;18,8;18,2;80;73;80;2;3,2;0;
2019/12/30;0500 UTC;;954;954,5;954;;22,2;18,7;22,5;22;19;18,7;82;80;81;12;4,7;2,7;
2019/12/30;0600 UTC;;953,8;954;953,8;;21,5;18,5;22,2;21,4;18,7;18,4;83;81;83;8;4,7;2,9;
2019/12/30;0700 UTC;;953,7;953,8;953,7;;20,3;18,3;21,4;20,3;18,5;18,2;88;83;88;358;4,5;2,5;
2019/12/30;0800 UTC;;953,9;954;953,7;;19,5;18;20,4;19,5;18,5;17,9;91;88;91;356;4,4;2,3;
2019/12/30;0900 UTC;;954,5;954,5;953,9;21,5;19,8;18,4;19,8;19,3;18,4;17,9;92;91;91;7;3,4;2;
2019/12/30;1000 UTC;;955,2;955,2;954,5;520,6;21,9;18,9;22;19,8;19,1;18,3;91;83;83;2;4;2,1;
2019/12/30;1100 UTC;;955,2;955,3;955;1449,3;24,5;19;24,6;21,9;19,6;18,6;83;71;71;343;5,2;2,1;
2019/12/30;1200 UTC;;955,1;955,4;955,1;2340,2;26,7;18,6;27,1;24,2;19,9;18,3;74;61;61;255;4,8;2,2;
2019/12/30;1300 UTC;;954,8;955,2;954,8;3091,4;29,9;20,3;29,9;26,7;20,5;18,5;64;54;56;227;6,4;2,1;
2019/12/30;1400 UTC;;954,7;954,9;954,6;3679,1;31,1;19;32;29,4;20,9;18,8;56;48;48;204;6,4;1,9;
2019/12/30;1500 UTC;;954,2;954,7;954,1;2762,9;31,3;18,5;32,6;30,4;20,3;18,3;52;43;47;184;6,8;1,2;
2019/12/30;1600 UTC;;953,7;954,2;953,6;2390;32,7;19,2;33,1;30,8;19,6;17,2;50;40;45;171;6;1,1;
2019/12/30;1700 UTC;;953;953,7;953;1323,9;31,3;18,9;33,7;30,9;19,7;16;51;37;48;174;4;,4;
2019/12/30;1800 UTC;;952,3;953;952,3;2955,2;33,9;15,2;34,4;31,3;19,2;14,8;48;32;33;182;3,7;1,7;
2019/12/30;1900 UTC;;951,5;952,3;951,5;2586,5;34;13,7;34,6;33;16;12,5;35;28;29;109;4,6;1,2;
2019/12/30;2000 UTC;;950,8;951,5;950,8;1857,6;32,7;13,9;34,2;32,7;15,4;12;34;27;32;42;3,4;1,1;
2019/12/30;2100 UTC;;950,7;950,9;950,6;1069,5;30,3;18,7;33,9;30,3;18,7;12,9;50;29;50;314;4,9;2,1;
2019/12/30;2200 UTC;;951,1;951,1;950,7;235,2;26,9;20,2;30,3;26,9;20,3;19;67;50;67;261;4,9;1,6;
2019/12/30;2300 UTC;;951,6;951,7;951,1;;25;19,6;26,9;24,7;20,4;19,6;74;67;72;340;3,3;1,2;
2019/12/31;0000 UTC;;952,1;952,1;951,5;;24,9;19,2;25,5;24,7;19,6;19;72;68;71;340;2,6;,1;
2019/12/31;0100 UTC;;952,6;952,6;952,1;;24,1;19,2;24,9;24,1;19,3;18,8;74;70;74;288;2,4;0;
2019/12/31;0200 UTC;;952,9;952,9;952,6;;23,5;19,2;24,3;23,3;19,5;19,2;79;74;77;303;2,3;,9;
2019/12/31;0300 UTC;;953,1;953,3;952,9;;22,8;18,7;23,5;22,2;19,5;18,7;84;77;77;324;5;1,9;
2019/12/31;0400 UTC;;952,9;953,1;952,9;;21,3;18,2;23;21,3;18,6;18,1;82;76;82;4;2,8;1,1;
2019/12/31;0500 UTC;;952,7;952,9;952,7;;21,1;17,6;21,7;21,1;18,3;17,5;83;77;81;354;2,5;1;
2019/12/31;0600 UTC;;952,9;952,9;952,7;;20,9;17,4;21,4;20,7;17,7;17,4;82;79;81;340;2,9;,5;
2019/12/31;0700 UTC;;952,8;952,9;952,7;;20,5;17,7;21,1;20,3;17,7;17,3;84;80;84;358;3,4;1,6;
2019/12/31;0800 UTC;;953,3;953,3;952,8;;20;17,8;20,6;19,7;17,8;17,4;87;84;87;337;3,4;1,1;
2019/12/31;0900 UTC;;953,6;953,6;953,3;23,7;20;17,9;20,3;19,8;17,9;17,5;88;85;88;343;2,5;1,6;
2019/12/31;1000 UTC;;954,2;954,2;953,6;516,7;22,5;19;22,5;20;19,3;18;88;80;81;342;2,7;1,5;
2019/12/31;1100 UTC;;954,1;954,3;954,1;1418;25,7;20,9;25,7;22,5;20,9;18,9;81;72;75;348;3,5;1,3;
2019/12/31;1200 UTC;;954;954,1;953,9;2309,2;28,4;20;28,6;25,5;20,3;18,8;74;59;60;251;4,1;1,7;
2019/12/31;1300 UTC;;954,3;954,3;954;3029,6;30,7;19,5;30,9;28,4;20,9;19,1;61;50;51;208;4,8;1,5;
2019/12/31;1400 UTC;;954,3;954,4;954,2;3508,6;31,7;19,6;32,3;30,4;20,6;18,5;54;45;49;159;6,3;2;
2019/12/31;1500 UTC;;953,8;954,3;953,8;3628,4;32,8;18,9;34;31,4;21,2;18,1;50;41;44;172;6,2;1,8;
2019/12/31;1600 UTC;;953,1;953,8;953,1;2221,1;33,4;18,4;33,7;31,2;20,5;17,4;51;39;41;180;4,4;1,7;
2019/12/31;1700 UTC;;952,3;953,1;952,3;3195,3;34,2;18,9;34,3;32,4;19,8;17,4;46;38;41;122;6,1;2,5;
2019/12/31;1800 UTC;;951,3;952,3;951,3;3140,4;34;16,7;34,9;33,2;19;16,7;42;36;36;151;5,7;,3;
2019/12/31;1900 UTC;;950,4;951,3;950,4;1425,4;32,6;18,6;34;31,9;20,4;16,5;49;35;44;191;8,2;,6;
2019/12/31;2000 UTC;;949,6;950,4;949,5;1488,5;33;18,7;34,1;32,5;19,5;16,5;47;36;43;149;4,3;0;
2019/12/31;2100 UTC;;950,1;950,1;949,5;839,8;31,6;19,9;33,5;31,6;19,9;17,1;50;38;50;265;0;0;
2019/12/31;2200 UTC;;951;951;950;269,6;27,6;19,6;31,6;27,6;20,1;19,2;62;49;62;343;5,6;,3;
2019/12/31;2300 UTC;;951,7;951,9;950,9;;25,3;18,5;27,5;25,3;19,8;18,4;66;62;66;27;8,8;0;
