REGI?O:;SE
UF:;MG
ESTAC?O:;SACRAMENTO
CODIGO (WMO):;A525
LATITUDE:;-19,875271
LONGITUDE:;-47,434102
ALTITUDE:;913,12
DATA DE FUNDAC?O:;19/08/06
Data;Hora UTC;PRECIPITAÇÃO TOTAL, HORÁRIO (mm);PRESSAO ATMOSFERICA AO NIVEL DA ESTACAO, HORARIA (mB);PRESSÃO ATMOSFERICA MAX.NA HORA ANT. (AUT) (mB);PRESSÃO ATMOSFERICA MIN. NA HORA ANT. (AUT) (mB);RADIACAO GLOBAL (KJ/m²);TEMPERATURA DO AR - BULBO SECO, HORARIA (°C);TEMPERATURA DO PONTO DE ORVALHO (°C);TEMPERATURA MÁXIMA NA HORA ANT. (AUT) (°C);TEMPERATURA MÍNIMA NA HORA ANT. (AUT) (°C);TEMPERATURA ORVALHO MAX. NA HORA ANT. (AUT) (°C);TEMPERATURA ORVALHO MIN. NA HORA ANT. (AUT) (°C);UMIDADE REL. MAX. NA HORA ANT. (AUT) (%);UMIDADE REL. MIN. NA HORA ANT. (AUT) (%);UMIDADE RELATIVA DO AR, HORARIA (%);VENTO, DIREÇÃO HORARIA (gr) (° (gr));VENTO, RAJADA MAXIMA (m/s);VENTO, VELOCIDADE HORARIA (m/s);
2019/01/01;0000 UTC;0;911,2;911,2;910,7;;21,6;18,5;22,8;21,5;19;18,3;84;78;83;61;3,7;2,2;
2019/01/01;0100 UTC;0;912,2;912,2;911,2;;21,2;18,8;22;21;18,8;18,5;86;81;86;66;3,3;1,4;
2019/01/01;0200 UTC;0;911,9;912,2;911,9;;21,3;18,8;21,8;20,6;18,8;18,3;87;83;85;10;3,2;,6;
2019/01/01;0300 UTC;,4;912;912,1;911,8;;21,1;18,4;21,4;20,5;19;18,3;89;84;84;84;5,5;2,1;
2019/01/01;0400 UTC;0;911,6;912;911,6;;19,9;17,2;21,1;19,9;18,3;17,1;85;82;85;56;6,4;2,1;
2019/01/01;0500 UTC;0;911,4;911,6;911,4;;19,8;17;19,9;19,8;17,3;16,8;85;82;84;24;6;2,7;
2019/01/01;0600 UTC;0;911,5;911,5;911,3;;19,8;17,4;19,8;19,7;17,4;17;86;84;86;29;6,9;2,8;
2019/01/01;0700 UTC;0;911,5;911,6;911,5;;20,1;17,8;20,1;19,7;17,8;17,3;87;86;87;21;6,8;3,8;
2019/01/01;0800 UTC;0;911,8;911,8;911,5;;19,8;17,4;20,1;19,8;17,9;17,4;87;86;86;39;6,5;2,2;
2019/01/01;0900 UTC;0;912,7;912,7;911,8;23,4;19,8;17,5;19,8;19,6;17,5;17,3;87;86;87;24;7;3,3;
2019/01/01;1000 UTC;0;913,6;913,7;912,7;288,5;21;17,9;21;19,8;18;17,5;87;83;83;23;7,1;4;
2019/01/01;1100 UTC;0;914,7;914,7;913,6;1240;23,1;17,9;23,4;21;18,5;17,7;83;71;72;328;7,4;2,7;
2019/01/01;1200 UTC;0;915,2;915,3;914,7;1806,7;24,7;18,1;24,8;23,1;18,6;17,6;73;67;67;316;6,4;2,6;
2019/01/01;1300 UTC;0;915,3;915,3;915,2;2311,9;26,5;19,2;26,5;24,5;19,5;17,8;68;64;64;305;6;2,2;
2019/01/01;1400 UTC;0;915,1;915,3;915,1;2214,1;27,8;18,7;27,8;25,6;19,5;17,8;64;58;58;329;8,1;3,3;
2019/01/01;1500 UTC;0;914,4;915,1;914,4;2841,3;27,8;18,4;28,3;26,6;19;17,3;61;54;57;295;7,6;3,5;
2019/01/01;1600 UTC;0;913,4;914,4;913,4;2638,1;27,8;18,7;29;27,4;19,2;17,4;59;52;58;239;8,5;3;
2019/01/01;1700 UTC;0;912,7;913,4;912,7;2848,1;29,9;18,6;29,9;27,7;19,8;17;59;46;51;288;10,8;2,9;
2019/01/01;1800 UTC;0;913,5;913,5;912,5;1034,3;23,4;18,7;30,3;23,4;18,7;17;75;47;75;331;10,8;1,3;
2019/01/01;1900 UTC;23,2;912,6;914,2;912,6;173;20,1;18,9;23,4;18,5;19,6;16,1;94;75;93;89;14,5;3,6;
2019/01/01;2000 UTC;,8;912,3;912,6;912,3;531,7;22,1;20,1;22,1;20,1;20,1;18,8;93;88;88;69;5,7;2;
2019/01/01;2100 UTC;,2;912,9;913;912,3;315,7;22,4;19,6;22,5;22,1;20,3;19,5;88;84;84;67;4,5;2,4;
2019/01/01;2200 UTC;0;912,8;912,9;912,7;83;21,8;18,6;22,4;21,8;19,5;18,6;84;82;82;84;3,9;2,2;
2019/01/01;2300 UTC;0;914,3;914,3;912,8;;21,2;18,6;21,8;21,1;19,1;18,5;88;82;85;61;4;1,9;
2019/01/02;0000 UTC;0;914,6;914,8;914,3;;21,2;18,8;21,3;20,7;18,8;18,4;87;84;86;56;4,4;2;
2019/01/02;0100 UTC;0;914,9;914,9;914,6;;21,3;18,7;21,7;21,2;18,9;18,7;86;84;85;74;4,4;2,3;
2019/01/02;0200 UTC;0;914,9;915,1;914,9;;21,1;18,5;21,6;21,1;18,8;18,5;85;83;85;65;4,2;1,3;
2019/01/02;0300 UTC;0;914,3;914,9;914,3;;21,1;18,5;21,2;21,1;18,7;18,5;86;85;85;76;3,8;1,5;
2019/01/02;0400 UTC;0;913,8;914,3;913,8;;20,6;18,1;21,1;20,5;18,5;18,1;86;85;86;55;3,1;1,5;
2019/01/02;0500 UTC;0;913,3;913,8;913,3;;20,3;17,6;20,7;20,3;18,1;17,6;86;84;85;77;3,4;1,5;
2019/01/02;0600 UTC;0;913,2;913,3;913,1;;20,5;17,4;20,6;20,2;17,7;17,4;85;82;82;74;5,2;2,2;
2019/01/02;0700 UTC;0;913,6;913,6;913,2;;20,7;17,1;20,9;19,9;17,4;17,1;85;79;80;40;5;2,2;
2019/01/02;0800 UTC;0;914,2;914,2;913,6;;20,3;17,1;20,7;20,1;17,2;17;83;80;82;58;4,4;2;
2019/01/02;0900 UTC;0;914,9;914,9;914,2;13,2;20,1;17,1;20,3;20;17,2;17;83;82;83;76;5,2;3,1;
2019/01/02;1000 UTC;0;915,6;915,6;914,9;237,8;21,6;17,9;21,6;20,1;18;17,1;84;79;79;32;5,3;1;
2019/01/02;1100 UTC;0;916;916;915,6;1293,6;24,1;19;24,2;21,6;19,4;17,9;79;73;73;28;4,2;2;
2019/01/02;1200 UTC;0;916,3;916,4;915,9;2189,3;25,5;19,4;25,8;24;19,8;18,6;74;68;69;25;5,9;2,8;
2019/01/02;1300 UTC;0;916,4;916,5;916,3;2927,4;27,4;18,5;27,8;25,3;19,8;18,2;70;57;59;27;7;2,7;
2019/01/02;1400 UTC;0;915,6;916,4;915,6;3513;29,1;16,6;29,9;27,3;19,1;16,2;60;46;47;333;7;2,2;
2019/01/02;1500 UTC;0;914,9;915,6;914,9;2163,7;30,1;17,2;30,7;27,9;18,5;16,6;53;46;46;320;5,8;1,6;
2019/01/02;1600 UTC;0;914,7;914,9;914,5;1200,8;26,3;18,7;30,1;26,3;19,1;16,4;63;45;63;228;7,7;4;
2019/01/02;1700 UTC;0;913,8;914,8;913,7;2894,9;29,4;17,7;29,4;25,3;19,1;16,3;68;48;49;188;8,8;2,3;
2019/01/02;1800 UTC;0;912,9;913,8;912,9;2371,3;28,4;17,2;30;28,3;18,2;16,5;53;46;51;217;5,7;1,9;
2019/01/02;1900 UTC;0;912,9;913,1;912,8;1817,8;26,5;19,6;29,2;25,7;20,1;17,3;68;50;66;338;8;3,8;
2019/01/02;2000 UTC;0;912,6;912,9;912,6;784,1;25,3;19,8;26,5;24,2;19,8;18,2;73;65;72;64;8;2,2;
2019/01/02;2100 UTC;0;912,8;912,8;912,6;605;25,6;18,9;26,2;25,3;20;18,9;72;66;67;38;4,2;1,1;
2019/01/02;2200 UTC;0;913,2;913,2;912,7;121,1;24,5;19,5;25,8;24,5;19,5;18,4;74;65;74;54;2,6;1,6;
2019/01/02;2300 UTC;0;913,5;913,5;913,2;;24,1;18,9;24,7;24,1;19,5;18,9;74;71;72;85;3,8;2,1;
2019/01/03;0000 UTC;0;914,3;914,3;913,5;;23,5;19,4;24,1;23,3;19,4;18,8;78;72;78;41;4,2;1,8;
2019/01/03;0100 UTC;0;914,9;914,9;914,3;;23;19,3;23,6;23;19,4;19,1;80;76;79;81;4,4;1,7;
2019/01/03;0200 UTC;0;914,2;914,9;914,2;;23,1;18,8;23,3;23;19,3;18,8;79;76;77;42;4,5;1,6;
2019/01/03;0300 UTC;0;913,4;914,2;913,4;;22,6;18,5;23,1;22,6;18,8;18,5;78;76;78;69;4,7;1,5;
2019/01/03;0400 UTC;0;912,7;913,4;912,7;;22,1;18,5;22,6;22;18,6;18,5;81;77;80;79;3,6;2,1;
2019/01/03;0500 UTC;0;912,4;912,7;912,4;;21,8;18,2;22,2;21,4;18,5;18,2;83;79;80;65;4,2;2,6;
2019/01/03;0600 UTC;0;912,2;912,4;912,2;;21,9;18,3;22;21,8;18,4;18,2;81;80;80;76;4,4;1,8;
2019/01/03;0700 UTC;0;912;912,2;912;;21,9;18,3;22;21,8;18,4;18,3;81;80;80;73;4;2,3;
2019/01/03;0800 UTC;0;912,7;912,7;912;;20,9;18;22;20,9;18,3;18;83;80;83;29;3,8;,9;
2019/01/03;0900 UTC;0;913,5;913,5;912,7;16;21,1;18,1;21,5;20,7;18,3;18;85;81;83;33;3,2;1,5;
2019/01/03;1000 UTC;0;913,9;913,9;913,5;173,9;22;18,5;22,3;21;18,5;18,1;84;77;81;17;3,5;,8;
2019/01/03;1100 UTC;0;914,2;914,2;913,9;518,4;23,8;19,4;23,8;22;19,5;18,5;81;77;77;42;2,2;,6;
2019/01/03;1200 UTC;0;914,5;914,5;914,2;777,3;25,2;19,2;25,2;23,6;19,8;19;77;69;69;33;3,8;1,6;
2019/01/03;1300 UTC;0;914,4;914,5;914,4;1373,5;26,6;18,8;26,7;25,2;19,3;18,4;69;61;62;17;5,3;2,9;
2019/01/03;1400 UTC;0;914,3;914,5;914,3;2387,2;29;17;29,1;26,6;19,5;16,9;63;48;49;342;6,4;3,2;
2019/01/03;1500 UTC;0;913,7;914,4;913,7;2153,7;29;17,5;29,6;28,7;18,3;16,6;52;46;50;355;7,4;3,7;
2019/01/03;1600 UTC;0;913;913,7;913;2291,1;29,5;17;30,8;28,6;18,8;16,5;52;45;47;339;7,2;3,3;
2019/01/03;1700 UTC;0;912,6;913;912,6;2278;27,7;18,7;30,8;27,5;19,1;15,3;58;39;58;222;7,9;3;
2019/01/03;1800 UTC;0;911,9;912,6;911,9;1642,7;28,5;17,9;29,4;27,1;19,3;17,6;60;51;52;246;6;1,3;
2019/01/03;1900 UTC;0;911,2;911,9;911,2;1298,5;30,1;16,6;30,1;28,4;18,3;16;54;43;44;329;4,7;2,1;
2019/01/03;2000 UTC;0;911,2;911,3;911,2;1071,4;28,1;19;30,3;28;19,6;16;60;42;58;199;3,9;1,8;
2019/01/03;2100 UTC;0;911,7;911,7;911,2;442,2;27,6;19,1;28,1;27,5;19,4;18,5;60;58;60;231;3,8;1,3;
2019/01/03;2200 UTC;0;912,1;912,2;911,7;86,3;26,9;15,9;27,6;26,3;19,1;15,8;60;51;51;289;6,4;1,5;
2019/01/03;2300 UTC;0;912,7;912,7;912,1;;24,9;17,1;27;24,9;17,1;15,9;62;51;62;73;3,7;2;
2019/01/04;0000 UTC;0;913,7;913,7;912,7;;24,2;18,2;25,2;24,2;18,4;17,1;69;62;69;235;2,9;,1;
2019/01/04;0100 UTC;0;914,1;914,1;913,6;;23,5;19,1;24,2;23,2;19,1;17,9;76;69;76;169;1,8;,3;
2019/01/04;0200 UTC;0;913,9;914,2;913,9;;23;18,4;23,5;22,9;19,2;18,3;79;75;75;75;3,6;2,4;
2019/01/04;0300 UTC;0;913,3;913,9;913,3;;22,9;19,1;23,2;22,6;19,1;18,4;80;75;79;72;3,6;1,5;
2019/01/04;0400 UTC;0;913,1;913,3;913;;22,9;19,4;23;22,7;19,5;19,1;82;79;81;180;2;,9;
2019/01/04;0500 UTC;,6;913;913,2;912,9;;21,5;19,5;22,9;21,5;19,8;19,4;88;81;88;141;7,4;2,7;
2019/01/04;0600 UTC;1;912,7;913;912,7;;21;19,3;21,5;21;19,5;19,2;90;87;90;52;5,9;1,2;
2019/01/04;0700 UTC;,6;913;913;912,6;;21,3;19,8;21,3;20,9;19,8;19,3;92;90;91;73;4;1,2;
2019/01/04;0800 UTC;,2;913,6;913,6;913;;20,7;18,5;21,4;20,7;19,9;18,5;91;87;87;34;6,4;2,6;
2019/01/04;0900 UTC;0;913,9;913,9;913,5;5,9;20,2;17,6;20,7;20,2;18,5;17,6;88;85;85;54;8,1;2,6;
2019/01/04;1000 UTC;,2;914,9;914,9;913,9;105,8;20,5;17,6;20,7;20,2;18;17,6;86;84;84;27;8,1;2,2;
2019/01/04;1100 UTC;1,2;915,3;915,3;914,9;216,7;19;17;20,5;19;17,7;16,9;88;83;88;23;8,5;3,9;
2019/01/04;1200 UTC;,2;915,5;915,5;915,3;779;20,5;17,9;20,5;19;18;17;89;85;85;26;7,5;2,9;
2019/01/04;1300 UTC;0;915,6;915,6;915,4;1227,9;22,3;17,6;22,4;20,5;18,2;17,3;86;74;75;355;6,6;2;
2019/01/04;1400 UTC;0;915,3;915,6;915,3;1831;23,8;16,1;23,9;22,3;17,9;15,6;75;61;62;360;6,4;3,1;
2019/01/04;1500 UTC;0;914,9;915,3;914,8;1527,8;24,9;15,7;25;23,5;16,8;15,4;64;56;57;342;7,7;2,5;
2019/01/04;1600 UTC;1,2;914,8;915;914,8;728,8;22,1;17,9;25,1;22,1;17,9;15;77;54;77;50;5,3;1,2;
2019/01/04;1700 UTC;1,8;914,1;914,9;914,1;855,4;21,3;17,7;22,3;21,2;18,4;17,4;82;75;80;38;5,6;2,5;
2019/01/04;1800 UTC;,2;912,8;914,1;912,8;1318,8;22,5;18,1;22,7;21,2;19;17,5;84;75;76;19;6,5;3,5;
2019/01/04;1900 UTC;0;911,9;912,8;911,9;1390,4;23,8;17,4;23,8;22,5;18,4;17,2;77;67;67;28;6,1;1,9;
2019/01/04;2000 UTC;0;911,4;911,9;911,4;858,3;23,9;17,4;24,4;23,8;17,9;16,8;69;63;67;57;4,3;1,5;
2019/01/04;2100 UTC;0;912;912;911,4;281,3;22,9;18,2;23,9;22,8;18,5;17,3;77;67;75;98;3,9;,2;
2019/01/04;2200 UTC;0;912,3;912,3;911,7;68,6;21,9;17,9;23;21,9;18,4;17,8;80;74;78;90;1,7;,3;
2019/01/04;2300 UTC;0;912,8;912,8;912,3;;21,4;17,8;22;21,4;18,1;17,1;80;74;80;84;2,6;1,1;
2019/01/05;0000 UTC;0;913,5;913,5;912,8;;21;17,7;21,4;21;17,9;17,6;81;80;81;78;2,9;1,6;
2019/01/05;0100 UTC;0;913,9;913,9;913,5;;21,3;17,4;21,4;20,8;17,8;17,4;83;78;78;82;3,7;2;
2019/01/05;0200 UTC;0;914;914;913,9;;20,8;17,7;21,3;20,7;17,7;17,3;83;78;83;82;3,7;,8;
2019/01/05;0300 UTC;,2;913,9;914,1;913,9;;20,3;17,5;20,8;20,3;17,8;17,5;84;82;84;73;3,9;2,7;
2019/01/05;0400 UTC;,4;913,3;913,9;913,3;;19,9;17,5;20,3;19,8;17,6;17,4;87;84;86;68;4;1,9;
2019/01/05;0500 UTC;0;913,1;913,3;913,1;;19,8;17,5;19,9;19,6;17,7;17,4;88;86;87;36;3,3;1,6;
2019/01/05;0600 UTC;0;912,9;913,1;912,9;;19,7;17,6;20;19,7;17,7;17,5;88;86;88;159;3,9;,1;
2019/01/05;0700 UTC;,4;912,7;912,9;912,7;;19,4;17,8;19,7;19,3;17,8;17,6;91;88;91;75;2,9;1,5;
2019/01/05;0800 UTC;,2;912,9;913;912,6;;19,8;17,5;19,8;19,4;17,9;17,5;91;87;87;73;4,3;2,3;
2019/01/05;0900 UTC;0;913,3;913,3;912,9;8,4;19,4;17,2;20,4;19,4;17,4;16,6;87;80;87;50;4,3;,2;
2019/01/05;1000 UTC;0;914,2;914,2;913,3;115,8;20,2;17,4;20,2;19,3;17,7;17,2;89;84;84;89;2,4;,8;
2019/01/05;1100 UTC;0;914,6;914,6;914,2;277,4;20,9;18,4;20,9;20,2;18,4;17,2;88;83;85;61;2,6;0;
2019/01/05;1200 UTC;0;914,6;914,7;914,5;757,5;22,2;18,4;22,2;20,8;18,6;17,7;85;78;79;350;1,6;,4;
2019/01/05;1300 UTC;0;915,1;915,1;914,6;1013,5;23,3;18,6;23,7;22,2;19,1;17,9;80;71;75;246;4,1;1,2;
2019/01/05;1400 UTC;0;915,1;915,2;915,1;945,9;24;18,5;24;23,1;19,2;18,1;78;71;71;264;2,9;,9;
2019/01/05;1500 UTC;0;914,7;915,1;914,7;1259,7;24,3;18,2;24,6;23,8;18,9;16,8;72;63;69;295;4,1;1,8;
2019/01/05;1600 UTC;0;913,9;914,6;913,9;1714,9;24,2;18,1;25,4;24,2;18,4;17,4;69;64;69;244;4,6;2,6;
2019/01/05;1700 UTC;0;913,2;914;913,2;1158,3;21,8;18,6;25,1;21,3;19,4;17,5;84;67;82;280;5,9;,8;
2019/01/05;1800 UTC;,2;912,8;913,3;912,8;623,9;22,2;18,8;22,4;20,9;19,3;18;85;81;81;67;3,8;1;
2019/01/05;1900 UTC;0;912,3;912,8;912,3;481,3;22,3;19,1;22,6;21,8;19,3;18,6;85;80;82;348;2,4;,6;
2019/01/05;2000 UTC;0;912,2;912,4;912,2;388,1;21,8;19,2;22,3;21,2;19,4;18,8;87;82;85;337;3,1;1,4;
2019/01/05;2100 UTC;0;912,3;912,3;912,2;415,8;21,7;18,9;22,1;21,6;19,7;18,6;86;83;84;17;3,9;1;
2019/01/05;2200 UTC;0;912,7;912,8;912,2;104,4;21,4;19;21,7;21,3;19,1;18,8;86;84;86;340;3,3;1,1;
2019/01/05;2300 UTC;0;913,6;913,6;912,7;;21;18,9;21,4;21;19;18,7;87;86;87;1;2,6;,8;
2019/01/06;0000 UTC;0;914,2;914,2;913,6;;21,1;18,8;21,1;20,9;18,9;18,8;88;87;87;1;3,4;,4;
2019/01/06;0100 UTC;0;914,4;914,4;914,1;;20,4;18,3;21,1;20,4;18,8;18,2;88;86;88;58;3,3;1,5;
2019/01/06;0200 UTC;1,4;914,2;914,5;914,2;;19,8;18,5;20,4;19,8;18,5;18,3;92;88;92;51;3,4;1,2;
2019/01/06;0300 UTC;0;913,6;914,3;913,6;;19,9;18,4;20;19,8;18,6;18,3;92;91;91;63;3,4;,7;
2019/01/06;0400 UTC;0;913;913,6;913;;19,8;18,1;20,1;19,8;18,4;18,1;91;90;90;37;3,9;,4;
2019/01/06;0500 UTC;0;912,5;913;912,5;;19,8;18,4;19,9;19,7;18,4;18,1;92;90;91;57;2,2;,8;
2019/01/06;0600 UTC;0;912,1;912,5;911,9;;19,6;18,2;19,9;19,5;18,4;18,1;92;90;92;51;2,9;1,7;
2019/01/06;0700 UTC;0;912,3;912,3;912;;19,9;18,1;19,9;19,6;18,3;18;92;90;90;69;4,7;1,9;
2019/01/06;0800 UTC;,2;912,7;912,7;912,3;;19,7;18;19,9;19,7;18,1;18;90;89;90;76;4,7;2;
2019/01/06;0900 UTC;0;913,3;913,3;912,7;22,7;19,6;18;19,7;19,4;18,1;17,8;91;90;91;40;3,8;1;
2019/01/06;1000 UTC;0;913,7;913,7;913,3;308,5;20,4;18,4;20,4;19,6;18,5;18,1;91;88;88;42;4,1;1,5;
2019/01/06;1100 UTC;0;914,1;914,1;913,6;1293,8;22,8;18,5;22,8;20,4;19,1;18,4;89;77;77;27;5,3;2,5;
2019/01/06;1200 UTC;0;914,6;914,6;914;2157,9;24,5;18,7;24,7;22,6;19,3;18,3;78;70;70;21;6,1;2,1;
2019/01/06;1300 UTC;0;914,6;914,8;914,6;2623;25,7;17,6;26,1;24,2;19,3;17,2;71;59;61;4;6,6;3,5;
2019/01/06;1400 UTC;0;914,2;914,6;914,2;3513,7;27,6;17,1;27,9;25,5;18,8;16,6;62;53;53;348;8;3,2;
2019/01/06;1500 UTC;0;913,6;914,2;913,6;3820,7;28,4;16,6;28,9;26,6;18,1;16,3;58;48;49;337;7,9;3,2;
2019/01/06;1600 UTC;0;913,1;913,6;913,1;3627,1;28,9;15,5;29,9;27,8;17,7;15,3;52;42;44;342;8,6;3,3;
2019/01/06;1700 UTC;0;912,5;913,1;912,5;2720,8;28,7;16,4;29,7;27,8;17,1;15,3;49;44;47;338;7;3,7;
2019/01/06;1800 UTC;0;911,7;912,5;911,7;2734,5;29,2;16,6;30,1;28,7;17,1;15,1;48;43;47;341;7,2;2,9;
2019/01/06;1900 UTC;0;911;911,7;911;2439,1;28,7;15,4;30,8;28,7;16,8;14,5;47;38;44;360;6;2,8;
2019/01/06;2000 UTC;0;910,7;911;910,6;1089,4;28;16,8;29,6;27,9;16,8;15,5;51;44;51;8;6,4;2,3;
2019/01/06;2100 UTC;0;910,8;910,8;910,6;333,8;26,5;17,8;28;26,5;17,9;16,4;59;50;59;35;4,9;,3;
2019/01/06;2200 UTC;0;911,2;911,2;910,8;113,6;25;18;26,5;25;18;17,6;65;58;65;31;2,5;,7;
2019/01/06;2300 UTC;0;911,8;911,9;911,2;;23,4;18,6;25;23,4;18,6;18;74;65;74;38;2,2;,6;
2019/01/07;0000 UTC;0;912,6;912,6;911,8;;22,9;17,7;23,5;22,3;18,5;17,7;77;70;72;85;2,6;1,6;
2019/01/07;0100 UTC;0;912,8;912,9;912,6;;21,7;17,8;23,1;21,6;18,2;17,6;80;72;79;122;2,6;,2;
2019/01/07;0200 UTC;0;912,9;913;912,8;;21,4;18;22;21,1;18,1;17,3;82;76;81;138;2,7;,2;
2019/01/07;0300 UTC;0;912,8;913;912,8;;21,3;17,1;21,9;21,1;17,9;17,1;81;75;77;62;2,3;,6;
2019/01/07;0400 UTC;0;912,4;912,7;912,4;;20,6;17,3;22;20,6;17,4;17,1;82;74;81;49;2,3;,7;
2019/01/07;0500 UTC;0;912,2;912,4;912,2;;20,4;17;20,9;20,4;17,4;17;81;80;81;52;2,2;1,1;
2019/01/07;0600 UTC;0;911,9;912,2;911,9;;19,5;16,9;20,5;19,3;17,1;16,8;86;81;85;51;2,7;1,7;
2019/01/07;0700 UTC;0;911,9;911,9;911,8;;19,7;16,8;19,7;19,4;16,9;16,6;85;83;83;74;2,7;1,4;
2019/01/07;0800 UTC;0;912,4;912,4;911,9;;20;16,1;20,1;19,3;16,8;16,1;84;78;79;53;3,6;1,6;
2019/01/07;0900 UTC;0;913;913;912,4;13,6;19,7;16,1;20;19,2;16,3;16;83;79;80;51;3,7;1,6;
2019/01/07;1000 UTC;0;913,4;913,4;913;210,9;21,4;17;21,4;19,4;17;16;81;76;76;28;4,3;1,7;
2019/01/07;1100 UTC;0;913,6;913,6;913,3;1324,3;24,6;17,2;24,7;21,4;17,4;16,4;76;62;64;12;8,3;3,7;
2019/01/07;1200 UTC;0;913,9;913,9;913,5;2196,8;26,4;16,9;26,7;24,6;18,2;16,8;64;55;56;12;11;5,6;
2019/01/07;1300 UTC;0;913,9;914;913,9;2945,3;27,7;16,9;27,8;26,4;17,1;15,8;56;49;52;14;12,3;5,8;
2019/01/07;1400 UTC;0;913,8;913,9;913,7;3503,4;29,6;16,5;29,6;27,6;17,5;15,2;52;44;45;6;11,9;5,7;
2019/01/07;1500 UTC;0;913,6;913,8;913,6;3811;30,1;16,1;30,4;29,1;16,9;15,4;46;42;43;356;10,2;5,1;
2019/01/07;1600 UTC;0;913,5;913,7;913,5;3955,4;31,8;16,5;31,8;29,5;16,8;14,9;45;37;40;350;9,8;3,4;
2019/01/07;1700 UTC;0;913;913,5;913;3704,3;31,6;14,9;32,8;30;16,9;14;42;33;37;347;8,2;3,7;
2019/01/07;1800 UTC;0;912,2;913;912,2;3428,3;31,7;14,3;32,9;31,3;15,4;13,5;38;32;35;24;8;3,3;
2019/01/07;1900 UTC;0;911,6;912,2;911,6;2553,8;32,2;14,2;32,8;30,9;15,4;13,3;38;33;34;5;6,4;2,5;
2019/01/07;2000 UTC;0;911,4;911,7;911,4;1556,6;30,7;14,9;32,2;30,4;15,4;13,5;40;34;38;5;6,6;2,4;
2019/01/07;2100 UTC;0;911,6;911,6;911,3;959,5;29,7;16;31,4;29,7;16;14,6;43;37;43;6;6;2,8;
2019/01/07;2200 UTC;0;912,1;912,1;911,6;113,4;27,1;17,3;29,7;27,1;17,3;15,9;55;43;55;22;5,4;,9;
2019/01/07;2300 UTC;0;912,8;912,8;912,1;;25,2;16,7;27,1;25,2;17,6;16,7;60;55;59;60;3,5;1,8;
2019/01/08;0000 UTC;0;913,4;913,4;912,8;;24,3;16,5;25,2;24,3;16,7;16,4;62;59;62;73;3,5;1,8;
2019/01/08;0100 UTC;0;914,1;914,2;913,4;;23,9;16,7;24,3;23,9;16,7;16,4;64;61;64;65;3,9;1,9;
2019/01/08;0200 UTC;0;914,2;914,3;914,1;;23,4;16,7;24,2;23,3;16,8;16,6;67;63;66;54;3,8;,6;
2019/01/08;0300 UTC;0;914;914,2;914;;21,2;17,2;23,4;21,2;17,7;16,8;78;66;78;58;1,9;,3;
2019/01/08;0400 UTC;0;913,7;914;913,7;;21,6;17;21,6;21;17,6;16,7;80;74;75;79;2,6;1,4;
2019/01/08;0500 UTC;0;913,6;913,8;913,6;;21,1;16,6;21,6;20,3;17;16,6;80;75;76;45;2,6;,9;
2019/01/08;0600 UTC;0;913,5;913,6;913,4;;20,8;16,6;21,1;20,4;16,6;16,5;78;76;77;60;1,8;1,2;
2019/01/08;0700 UTC;0;913,7;913,7;913,5;;20,2;16,5;20,9;19,8;16,7;16,3;80;76;79;62;2,3;1,4;
2019/01/08;0800 UTC;0;914,2;914,2;913,7;;20,5;16,2;20,9;20,3;16,6;16,2;79;75;76;68;3,2;1,5;
2019/01/08;0900 UTC;0;915,2;915,2;914,2;15,3;19,6;16,5;20,7;19,2;16,7;15,9;84;76;82;7;2,8;,5;
2019/01/08;1000 UTC;0;915,5;915,5;915,2;213,3;21,9;17,4;21,9;19,5;17,4;16,4;83;76;76;55;3,5;1,8;
2019/01/08;1100 UTC;0;915,8;915,8;915,5;1143,4;24,9;18,1;24,9;21,9;18,1;17,1;76;62;66;37;3,6;1,2;
2019/01/08;1200 UTC;0;916,1;916,1;915,8;2128,6;28;17,3;28;24,9;18,3;16,4;66;50;52;197;2,5;,3;
2019/01/08;1300 UTC;0;915,9;916,1;915,8;2893,5;28,9;17,6;29,1;27,7;18,5;16,3;55;49;50;340;3,9;1,5;
2019/01/08;1400 UTC;0;915,4;915,9;915,4;3569,2;29,7;16,1;30,9;28,7;18,1;16,1;52;42;44;7;4;2,1;
2019/01/08;1500 UTC;0;914,9;915,5;914,9;3246;29,2;16;31,5;29,1;17,3;15;45;39;45;212;4;2;
2019/01/08;1600 UTC;0;914,4;914,9;914,4;3476,2;31,4;15,7;32;29,2;17,4;15,4;45;39;39;120;4,4;1,7;
2019/01/08;1700 UTC;0;913,7;914,4;913,7;1709,5;30,7;16,3;31,9;30,3;17,5;15,5;44;39;42;221;3,6;2;
2019/01/08;1800 UTC;0;912,8;913,7;912,7;3390,4;32,4;14,8;33,2;30,6;17,4;14,8;43;34;35;220;5,7;2,8;
2019/01/08;1900 UTC;0;912;912,8;912;2767,7;32,2;14,3;32,9;31,7;15,7;14,1;37;33;34;215;5,6;2,3;
2019/01/08;2000 UTC;0;912,2;912,3;911,6;348;28,1;18,6;32,6;28,1;18,6;13,6;56;33;56;87;4,9;2,3;
2019/01/08;2100 UTC;0;912,4;912,5;911,8;123,4;26,3;18,4;28,1;25,9;19,5;18,3;68;56;62;73;4,9;2,2;
2019/01/08;2200 UTC;0;913,3;913,5;912,4;50,6;24;17,1;26,3;23,8;18,5;16,8;67;61;65;60;6;2,8;
2019/01/08;2300 UTC;0;912,8;913,8;912,8;;24,4;17;25,5;24;17,7;16,1;66;58;63;146;5,3;1,1;
2019/01/09;0000 UTC;0;913,8;913,8;912,4;;22,6;17;24,5;22,5;17,2;15,2;71;56;71;74;5,2;1,2;
2019/01/09;0100 UTC;0;915,2;915,2;913,8;;22,2;17,1;23,2;21,9;17,3;16,7;74;69;73;133;3,1;1,3;
2019/01/09;0200 UTC;0;914,2;915,3;914,2;;21,7;17,3;22,3;21,1;17,4;17;79;72;76;204;4,9;,6;
2019/01/09;0300 UTC;0;914,4;914,5;914,1;;21,6;17,2;21,7;20,4;17,6;17,2;83;76;76;78;4,6;2,5;
2019/01/09;0400 UTC;0;912,3;914,4;912,2;;21,4;17,5;21,7;20,8;17,6;17,1;81;76;78;319;4,6;,8;
2019/01/09;0500 UTC;0;912,5;912,6;912;;21,3;17,5;21,5;20,7;17,8;17,4;82;78;79;112;4;,4;
2019/01/09;0600 UTC;0;911,8;912,5;911,8;;21;17,1;21,8;20,8;17,5;17;81;74;79;19;3,3;1,3;
2019/01/09;0700 UTC;0;911,9;911,9;911,7;;20,8;16,9;21,1;20,4;17,3;16,9;82;78;79;12;3,3;,5;
2019/01/09;0800 UTC;0;912,4;912,4;911,8;;20,6;16,6;21,3;20,4;17;16,5;79;75;78;68;4,2;,5;
2019/01/09;0900 UTC;0;912,7;912,8;912,4;19,8;21;16,5;21;19,7;16,8;16,4;82;76;76;323;3,6;1,2;
2019/01/09;1000 UTC;0;913,4;913,4;912,7;195,2;22,3;17;22,3;21;17;16,3;76;72;72;262;4,9;,3;
2019/01/09;1100 UTC;0;913,4;913,4;913,3;1280,6;24,8;17,2;24,8;22,3;17,2;16,3;72;61;63;13;7;2,1;
2019/01/09;1200 UTC;0;913,7;913,7;913,4;2159,3;25,7;17,4;25,8;24,4;17,5;16,7;63;60;60;27;9,1;4,7;
2019/01/09;1300 UTC;0;913,7;913,8;913,6;2897,5;27;17,3;27,2;25,6;17,9;16,9;61;55;55;28;9,7;3,9;
2019/01/09;1400 UTC;0;913,9;914;913,6;3185,8;27,3;16,9;28,1;26,3;17,8;16,6;56;52;53;19;8,8;4,4;
2019/01/09;1500 UTC;0;913,5;913,9;913,5;3425;29,2;17,4;29,2;27;18,1;16,4;55;48;49;26;9,4;3,4;
2019/01/09;1600 UTC;0;913,1;913,5;913,1;4001,6;30,1;16,1;30,2;28,5;17,8;15,4;49;41;43;39;9,1;3,6;
2019/01/09;1700 UTC;0;912,6;913,1;912,5;3511,6;30,6;15,3;30,9;29,2;16,8;14,4;46;38;40;19;8,4;3,1;
2019/01/09;1800 UTC;0;911,9;912,6;911,9;3049,6;30,9;14,8;31;29,3;15,9;14,2;43;37;38;37;8,3;2,4;
2019/01/09;1900 UTC;0;911,3;912;911,3;2596,9;30,7;13,8;31,1;29,9;15,3;13,5;40;35;36;26;7,8;2,8;
2019/01/09;2000 UTC;0;910,8;911,3;910,8;1867,1;30;12,7;31,1;29,8;14,7;12,7;38;35;35;21;7,8;3,4;
2019/01/09;2100 UTC;0;910,6;910,8;910,6;966,8;28,6;13,6;30,1;28,6;14;12,9;40;35;40;32;7,1;2,5;
2019/01/09;2200 UTC;0;911;911;910,6;80,3;26,2;14;28,6;26,2;14,1;13,4;47;40;47;92;6,2;,6;
2019/01/09;2300 UTC;0;911,4;911,4;911;;23,5;14,2;26,2;23,4;14,6;13,9;57;47;56;77;5,1;1,5;
2019/01/10;0000 UTC;0;912,2;912,2;911,4;;22,3;14,3;23,5;22,1;14,5;14;62;55;60;255;4,9;,3;
2019/01/10;0100 UTC;0;913,1;913,1;912,2;;21,7;14,1;22,5;21,4;14,5;14,1;65;60;62;80;4;,7;
2019/01/10;0200 UTC;0;913,4;913,4;913,1;;20,2;14,3;21,7;20,2;14,5;14;69;62;69;349;4,8;,6;
2019/01/10;0300 UTC;0;913,1;913,4;913,1;;19,6;14,2;20,3;19,6;14,5;14,2;71;69;71;28;2,9;1,2;
2019/01/10;0400 UTC;0;912,6;913,1;912,6;;19,6;14,2;19,6;19,3;14,3;14,1;72;71;71;14;2,7;,6;
2019/01/10;0500 UTC;0;912;912,6;912;;19,1;14,2;19,7;19,1;14,2;14;73;70;73;352;3,1;1,1;
2019/01/10;0600 UTC;0;911,9;912,2;911,9;;18,8;14;19,5;18,8;14,2;13,9;74;71;74;48;3,9;1,5;
2019/01/10;0700 UTC;0;912,3;912,3;911,9;;18,2;13,7;18,8;18,1;14;13,7;77;74;75;63;3;1,5;
2019/01/10;0800 UTC;0;912,6;912,6;912,3;;18,1;13,7;18,4;17,7;13,8;13,5;77;73;76;331;3,6;,6;
2019/01/10;0900 UTC;0;913;913;912,6;8,5;18,9;13,3;19,3;18,1;13,7;13,3;76;69;70;325;3,7;,7;
2019/01/10;1000 UTC;0;913,3;913,3;913;176,2;20,4;14,5;20,4;18,4;14,5;13,3;73;69;69;57;3,7;1,1;
2019/01/10;1100 UTC;0;914;914,1;913,3;1342,7;23,7;14,3;23,9;20,4;15,2;14,2;69;55;55;17;8,1;3,5;
2019/01/10;1200 UTC;0;914,3;914,3;914;2185,9;25,3;15,6;25,3;23,5;15,6;14,2;57;54;55;27;9;4,7;
2019/01/10;1300 UTC;0;914,4;914,4;914,3;2952,4;27;15,3;27,4;25;16,1;15;56;48;49;32;9,4;3,1;
2019/01/10;1400 UTC;0;914,1;914,4;914,1;3521,8;28,2;14,5;28,6;26,9;16;13,3;50;40;43;23;7,4;3,8;
2019/01/10;1500 UTC;0;913,9;914,1;913,8;3868,9;29,4;11,7;29,9;28,2;15,1;11,4;44;33;34;359;7,3;3,5;
2019/01/10;1600 UTC;0;913,4;913,9;913,4;4019;30;11,7;30,8;28,7;14,9;11,5;41;32;32;29;7,8;3,2;
2019/01/10;1700 UTC;0;912,6;913,4;912,6;3437,1;30,8;13,6;31,8;29,1;13,6;11,3;38;31;35;60;7,8;2,2;
2019/01/10;1800 UTC;0;911,6;912,7;911,6;3061,4;30,3;13,6;31,2;29,6;14,3;12,2;37;32;36;58;6,4;1,9;
2019/01/10;1900 UTC;0;911;911,6;910,9;2674,4;30,8;12,9;31,8;30;14,5;12,5;38;32;33;25;5,7;2,7;
2019/01/10;2000 UTC;0;910,5;911;910,5;1956,7;30,7;13,5;31,2;30,3;14;12,4;37;32;35;44;6,3;2,3;
2019/01/10;2100 UTC;0;910,8;910,8;910,5;993,1;29,1;14,4;30,7;29,1;14,6;12,8;41;35;41;28;5,5;1,9;
2019/01/10;2200 UTC;0;911,4;911,4;910,8;124,4;26,7;15,7;29,1;26,7;15,7;14,6;51;41;51;52;5,2;,9;
2019/01/10;2300 UTC;0;912,2;912,2;911,4;;24,4;16,3;26,7;24,4;16,6;15,7;61;51;61;76;2,8;,9;
2019/01/11;0000 UTC;0;913,1;913,1;912,2;;23,9;16,2;24,4;23,8;16,5;16,1;63;61;62;80;2,5;,2;
2019/01/11;0100 UTC;0;913,7;913,7;913,1;;23,2;16,6;23,9;22,7;16,7;16,1;68;62;66;22;3,1;1;
2019/01/11;0200 UTC;0;914,1;914,1;913,7;;21,7;16,8;23,3;21,7;16,9;16,5;74;66;74;10;3,3;1,3;
2019/01/11;0300 UTC;0;914;914,1;914;;21,3;16,7;22,2;21,3;16,9;16,6;75;72;75;5;3,3;1,1;
2019/01/11;0400 UTC;0;914;914,2;913,9;;21;16,6;21,4;21;16,8;16,5;77;75;76;52;3,2;1,1;
2019/01/11;0500 UTC;0;913,7;914,1;913,7;;21,3;16,5;21,6;21;16,6;16,4;76;73;74;56;3,9;1,5;
2019/01/11;0600 UTC;0;913,5;913,7;913,5;;21,3;16,4;21,6;21,1;16,6;16,4;75;73;73;71;5,2;2,2;
2019/01/11;0700 UTC;0;913,6;913,7;913,5;;21,2;16,2;21,6;21,2;16,4;16,2;74;72;73;61;5,2;2;
2019/01/11;0800 UTC;0;914,2;914,2;913,6;;19,9;16,2;21,2;19,9;16,2;16,1;79;73;79;46;4;1,8;
2019/01/11;0900 UTC;0;915;915;914,2;13,4;20,3;16,3;20,3;19,5;16,4;16,1;81;78;78;53;3,4;1,8;
2019/01/11;1000 UTC;0;915,4;915,4;915;202,9;21,2;16,9;21,2;20,2;16,9;16,2;78;76;76;52;3,2;1,2;
2019/01/11;1100 UTC;0;915,8;915,8;915,4;1265,3;24,8;17,6;24,8;21,2;17,6;16,9;76;64;64;6;3,9;1,7;
2019/01/11;1200 UTC;0;916;916;915,8;2190,7;26,9;17,5;27,3;24,7;18,3;16,9;64;56;56;20;5,3;1,6;
2019/01/11;1300 UTC;0;916;916,1;915,9;2486,4;27,7;17,4;28,6;26,6;18;16,2;58;49;54;321;6,2;2;
2019/01/11;1400 UTC;0;915,6;916;915,6;2723,1;27,3;17,9;29,5;26,9;18,8;15,7;59;47;57;198;5,9;2,7;
2019/01/11;1500 UTC;0;915,2;915,6;915,2;2227,4;28,5;17,3;29,1;26,8;18,9;17,3;60;51;51;216;5,1;2;
2019/01/11;1600 UTC;0;915,2;915,2;915;1138,6;23,8;17,2;29,6;23,3;19;14,8;68;50;67;211;8,4;1,7;
2019/01/11;1700 UTC;0;914,2;915,2;914,1;607,2;24,2;17,1;25,5;23,7;17,2;15,2;67;56;64;13;5,3;2;
2019/01/11;1800 UTC;0;913,3;914,2;913,3;749,6;25,5;18,9;25,5;23,9;19,2;17,2;71;65;67;27;5,3;,9;
2019/01/11;1900 UTC;0;912,9;913,3;912,7;1081,9;26,5;18,1;26,6;25,3;18,9;17,7;67;59;60;190;2,4;,7;
2019/01/11;2000 UTC;0;913;913,2;912,9;472,9;24,7;18,5;26,5;24,7;19;17,8;69;59;68;169;5,3;2,5;
2019/01/11;2100 UTC;0;913,5;913,5;912,9;325,1;24,4;16,8;24,7;24,1;17,8;16,6;68;61;63;138;5,5;,6;
2019/01/11;2200 UTC;0;914,2;914,2;913,5;76,9;23,6;17,8;24,5;23,6;18,1;16,8;70;62;70;313;8,7;2,5;
2019/01/11;2300 UTC;0;914,3;914,3;914;;21,6;16,6;23,6;21,6;17,8;16;73;66;73;54;6,4;1,4;
2019/01/12;0000 UTC;0;914,2;914,6;914,1;;21,5;16,9;21,6;21,1;17;16,6;76;73;75;99;3,5;2;
2019/01/12;0100 UTC;0;914,4;914,5;913,3;;21,7;17,2;22;20,7;17,3;16,8;79;73;76;352;7,4;1,7;
2019/01/12;0200 UTC;0;914,6;914,9;914,4;;21,3;16,6;22;21,3;17,3;16,6;76;73;75;49;6;1,3;
2019/01/12;0300 UTC;0;914,4;914,6;914,4;;21,2;16,7;21,3;20,9;16,9;16,6;78;75;76;53;2,7;1,2;
2019/01/12;0400 UTC;0;914;914,4;913,9;;20,3;16,7;21,2;20,3;16,9;16,6;80;76;80;62;3,3;1,5;
2019/01/12;0500 UTC;0;913,5;914;913,5;;20;16,9;20,3;19,8;17,1;16,7;83;80;82;190;2,7;,1;
2019/01/12;0600 UTC;0;913,3;913,5;913,3;;20,2;16,8;20,3;19,9;17;16,6;83;80;81;312;1,5;,1;
2019/01/12;0700 UTC;0;913,2;913,3;913,2;;19,9;17;20,2;19,8;17;16,7;84;81;84;127;2;0;
2019/01/12;0800 UTC;0;913,8;913,8;913,2;;20;17;20,2;19,8;17,1;16,9;84;82;83;120;1,2;,4;
2019/01/12;0900 UTC;0;914,6;914,6;913,8;6,8;20,1;17,3;20,2;19,8;17,3;17;85;83;84;95;1,9;,7;
2019/01/12;1000 UTC;0;915;915;914,6;202;21,4;18;21,4;20;18;17,2;85;81;81;56;1,8;,5;
2019/01/12;1100 UTC;0;915,3;915,3;915;705,7;22,7;18,2;22,9;21,4;18,4;17,8;81;75;76;6;1,5;,8;
2019/01/12;1200 UTC;0;915,6;915,7;915,3;1430,5;25,1;19,1;25,1;22,7;19,4;18,1;76;68;69;141;2,8;,7;
2019/01/12;1300 UTC;0;915,5;915,6;915,4;2875,3;28,1;17,8;28,2;25,1;19,5;17,8;70;54;54;67;4,6;1,3;
2019/01/12;1400 UTC;0;915,3;915,5;915,3;2973,7;25,9;19,3;28,7;25,9;20,4;16,3;67;49;67;229;6,3;3,3;
2019/01/12;1500 UTC;0;914,9;915,3;914,9;1560,3;26,2;18,9;26,4;25,5;19,7;18,4;69;64;64;240;5,6;2,1;
2019/01/12;1600 UTC;0;914,5;914,9;914,2;1333,4;26,3;19,4;26,7;25,7;19,7;18,3;66;63;66;194;4,5;1,9;
2019/01/12;1700 UTC;0;914;914,6;913,9;1320,8;26,4;19,4;27,2;26,1;19,6;18,6;66;62;65;205;7,5;3,4;
2019/01/12;1800 UTC;0;913,2;914,1;913,2;1141,9;26,3;18,9;27;25,9;19,8;18,7;66;63;64;230;5,3;2,4;
2019/01/12;1900 UTC;0;912,8;913,2;912,4;1482,4;26,4;18,5;27,4;26,1;19,3;18,5;64;60;62;179;5,8;1,8;
2019/01/12;2000 UTC;0;912;912,8;911,8;774,5;26;19,4;26,6;26;19,4;18,5;67;62;67;173;4,2;2;
2019/01/12;2100 UTC;0;911,9;912,1;911,9;512,5;25,8;19,5;26,2;25,7;19,5;18,9;68;65;68;146;4,1;1;
2019/01/12;2200 UTC;0;912,3;912,3;911,8;114,9;24,6;19;25,8;24,5;19,6;19;72;68;71;150;3,3;1,8;
2019/01/12;2300 UTC;0;912,9;912,9;912,2;;23,1;19,4;24,6;23,1;19,6;19;80;71;80;15;3,2;,9;
2019/01/13;0000 UTC;0;914;914;912,9;;22,2;19,3;23,1;22,2;19,6;19,3;84;80;84;113;2,2;,5;
2019/01/13;0100 UTC;0;914,2;914,4;914;;21,4;18,7;22,9;21,4;19,7;18,7;85;81;84;100;2,8;,2;
2019/01/13;0200 UTC;0;914,5;914,7;914,2;;21;18,2;21,7;20,9;18,7;17,9;86;82;84;136;3,3;,9;
2019/01/13;0300 UTC;0;914,1;914,5;914,1;;20,2;17,8;21,1;20,2;18,2;17,8;86;83;86;69;2,4;0;
2019/01/13;0400 UTC;0;913,7;914,1;913,7;;19,8;17,6;20,4;19,5;17,9;17,3;88;85;87;41;3,1;1,3;
2019/01/13;0500 UTC;0;913,7;913,8;913,7;;19,8;17,2;20,4;19,6;17,7;17,2;87;84;85;160;3,8;,1;
2019/01/13;0600 UTC;0;913,5;913,8;913,5;;20,3;17,7;20,4;19,3;18,2;16,9;89;85;85;90;2;,9;
2019/01/13;0700 UTC;0;913;913,5;913;;19,1;17;20,3;19;17,5;16,8;88;84;88;207;2,2;,1;
2019/01/13;0800 UTC;0;913,5;913,5;912,9;;19;16,9;19,7;18,7;17,3;16,5;88;84;87;152;1,4;,6;
2019/01/13;0900 UTC;0;914,6;914,6;913,5;6,9;19;17,1;19;18,3;17,1;16,2;89;87;89;178;1,5;,4;
2019/01/13;1000 UTC;0;915,2;915,2;914,6;347,6;20,5;17,2;20,6;19;17,5;16,7;89;81;81;15;2,4;1,3;
2019/01/13;1100 UTC;0;915,7;915,8;915,1;1096,5;24,2;18,1;24,2;20,5;18,2;17;82;68;69;318;3,2;1,2;
2019/01/13;1200 UTC;0;916,1;916,1;915,6;2283,5;26,2;17,1;26,6;24,2;18,2;17,1;69;57;57;325;4;1;
2019/01/13;1300 UTC;0;915,8;916,2;915,8;2623,3;26;18;26,6;24,2;19,2;17,4;71;58;61;270;6,8;1,2;
2019/01/13;1400 UTC;0;915,1;915,8;915,1;3299,9;27,4;18,3;27,6;25,7;19,2;17,6;63;56;58;243;3,5;1,2;
2019/01/13;1500 UTC;0;914,5;915,1;914,5;2820,8;27,6;18,2;29;26,9;19,9;17,5;61;54;57;226;4,4;1,5;
2019/01/13;1600 UTC;0;913,7;914,5;913,7;3428,2;29,1;18,4;29,9;27,6;19,9;17,6;59;50;53;215;4,3;1,3;
2019/01/13;1700 UTC;0;913,3;913,7;913,3;1689;29,8;17,4;30,5;28,4;19,5;17,4;57;47;47;224;4,9;2;
2019/01/13;1800 UTC;0;912,9;913,3;912,9;1809,9;29,4;17,3;30,8;28,9;18,5;17;52;45;48;184;5,1;2,6;
2019/01/13;1900 UTC;0;911,9;912,9;911,9;2708,5;30,6;15,8;31,3;29,4;17,6;15,4;48;39;41;189;5,8;1,8;
2019/01/13;2000 UTC;0;911,8;912,1;911,5;1277,6;29,4;16,4;30,7;29,4;16,4;14,8;45;39;45;186;5,6;2,1;
2019/01/13;2100 UTC;0;912,1;912,1;911,5;324,3;26,3;17,8;29,6;26,1;17,8;16,3;60;45;60;31;4,4;2,7;
2019/01/13;2200 UTC;0;912,7;912,7;912,1;65,3;24,6;18,7;26,6;24,5;18,7;17,7;70;60;70;97;4,4;,9;
2019/01/13;2300 UTC;0;913,5;913,5;912,7;;23,3;16,4;25,3;23,3;19;16,4;72;65;65;219;6,3;3,4;
2019/01/14;0000 UTC;0;913,4;913,5;913,2;;21,8;16,9;23,3;21,8;16,9;16,3;74;65;74;60;6;1,8;
2019/01/14;0100 UTC;0;913,8;913,8;913,4;;21,6;17,6;22,6;21,3;17,8;16,8;79;71;78;280;3,8;,1;
2019/01/14;0200 UTC;0;914,2;914,3;913,8;;21,8;17,9;22,3;20,6;18,2;17,4;83;77;79;46;3,6;1,6;
2019/01/14;0300 UTC;0;913,6;914,2;913,6;;22,1;18,4;22,1;21,3;18,4;17,8;82;79;80;98;3,3;1,5;
2019/01/14;0400 UTC;0;913,4;913,6;913,3;;21,8;18;22,8;21,6;18,5;17,5;79;75;79;70;3,3;1,8;
2019/01/14;0500 UTC;0;913,2;913,4;913,1;;21,6;17,5;22,2;21,6;18,1;17,5;80;76;77;75;3,4;1,7;
2019/01/14;0600 UTC;0;913,2;913,2;913,1;;21,2;17,1;21,6;20,4;17,5;17,1;84;78;78;54;4;2,9;
2019/01/14;0700 UTC;0;913,8;913,8;913,2;;20,4;17,1;21,2;20,3;17,3;17;82;78;82;358;4;,2;
2019/01/14;0800 UTC;0;914,1;914,1;913,7;;20,8;16,8;21,5;20;17,5;16,7;83;75;78;328;5,6;,7;
2019/01/14;0900 UTC;0;914,6;914,6;914;5,7;22,3;16,8;22,3;20,8;17;16,7;78;71;71;56;4,3;,7;
2019/01/14;1000 UTC;0;915,5;915,5;914,6;242,6;22,4;17,8;22,6;21,8;17,8;16,8;75;71;75;191;4;,9;
2019/01/14;1100 UTC;0;915,6;915,6;915,4;1217,9;25,1;18;25,1;22,3;18,4;17,3;75;64;65;57;2,1;,2;
2019/01/14;1200 UTC;0;915,9;915,9;915,5;2064,8;26,5;16,7;27;24,9;17,8;16,7;65;55;55;74;3,7;1,4;
2019/01/14;1300 UTC;0;915,7;916;915,7;2851,9;27,8;17,6;28,1;26,5;18;16,3;57;52;54;17;4,7;2,1;
2019/01/14;1400 UTC;0;915,1;915,7;915,1;3378,1;29,3;16,4;29,5;27,3;18,3;15,8;57;45;46;13;7;2,5;
2019/01/14;1500 UTC;0;914,3;915,1;914,3;3748,6;30,2;15,8;30,9;29,1;16,9;15,6;46;41;42;351;6,9;3,4;
2019/01/14;1600 UTC;0;913,8;914,4;913,7;3511,6;31,4;16,1;31,7;29,5;17,7;15,1;46;38;40;23;7;2,4;
2019/01/14;1700 UTC;0;913,1;913,8;913,1;3151,6;30,9;16,1;31,7;30,2;16,8;15,3;43;39;41;357;7,9;2,5;
2019/01/14;1800 UTC;0;912,4;913,1;912,4;2452,2;31,1;15,4;32,3;30,4;16,5;14,8;42;37;39;78;6,3;1,4;
2019/01/14;1900 UTC;0;911,5;912,4;911,5;2047,4;31,9;15,1;32,3;30,4;16,2;14,2;41;34;36;2;5,9;2,1;
2019/01/14;2000 UTC;0;910,8;911,5;910,8;1949,1;31,9;14,2;32,7;31;15,7;14;38;34;34;11;5,5;2,3;
2019/01/14;2100 UTC;0;911,2;911,2;910,6;948,5;29,9;15,7;32,3;29,9;15,7;13,8;42;34;42;9;5,2;2,3;
2019/01/14;2200 UTC;0;912,1;912,1;911,1;20,9;26,3;17;29,9;26,3;17;15,8;57;42;57;124;7;3,9;
2019/01/14;2300 UTC;0;912,7;912,7;912,1;;24,4;17,2;26,3;23,6;17,2;16,6;66;57;64;250;8,3;,6;
2019/01/15;0000 UTC;7,6;914,1;914,5;912,6;;21,7;19;24,9;19,8;19,9;15,7;90;60;85;110;17,6;1,2;
2019/01/15;0100 UTC;,2;914,5;914,5;913,6;;21,9;19,5;22,4;21,6;19,5;18,8;87;81;86;183;4,6;1,3;
2019/01/15;0200 UTC;0;915,7;915,7;914,5;,7;20,7;18,4;22,3;20,7;19,5;18,4;87;83;87;224;6;1,3;
2019/01/15;0300 UTC;0;915,2;915,7;915,1;;20,5;18,7;20,9;20,5;18,9;18,4;89;87;89;252;3;,4;
2019/01/15;0400 UTC;0;914,6;915,2;914,6;;20,3;18,5;20,8;20,2;19;18,3;90;88;90;10;2,5;,6;
2019/01/15;0500 UTC;0;913,5;914,6;913,5;;19,6;18;20,3;19,6;18,6;18;91;89;91;77;5;3,5;
2019/01/15;0600 UTC;0;913,4;913,5;913,3;;19,9;17,6;19,9;19,5;18,1;17,6;91;87;87;74;5,1;3,5;
2019/01/15;0700 UTC;0;913,5;913,5;913,4;;19,8;17;20;19,4;17,7;16,9;87;84;84;80;4,9;2,9;
2019/01/15;0800 UTC;0;914,2;914,2;913,5;;19,5;17,1;20,3;19,4;17,3;16,8;86;82;86;163;4,6;1,6;
2019/01/15;0900 UTC;0;914,9;914,9;914,2;14,4;18,9;17,3;19,5;18,9;17,8;17,1;90;86;90;359;2,7;0;
2019/01/15;1000 UTC;0;915,4;915,4;914,9;306;21,8;19;21,8;18,9;19,1;17,3;90;84;84;248;1,4;,2;
2019/01/15;1100 UTC;0;915,6;915,6;915,4;1211,5;24;18,8;24;21;19,6;18,3;85;73;73;41;2,2;1,1;
2019/01/15;1200 UTC;0;915,8;915,9;915,6;1876,4;26,2;19,5;26,4;23,9;20,1;18,4;73;67;67;267;3,1;,4;
2019/01/15;1300 UTC;0;915,6;915,8;915,5;2490;28,5;16,4;28,7;25,7;20,1;16,4;69;48;48;7;3,7;1,8;
2019/01/15;1400 UTC;0;915,1;915,6;915,1;3417,4;29,9;16;30,1;28,5;18,4;14,9;52;42;43;27;5;1,4;
2019/01/15;1500 UTC;0;914,6;915,1;914,6;3942;31,6;15,9;31,7;29,7;17,5;14,2;46;35;39;39;5,5;2,4;
2019/01/15;1600 UTC;0;914,1;914,6;914,1;4174;31,8;14;32,3;30,7;15,7;13,2;39;32;34;11;6,2;2,3;
2019/01/15;1700 UTC;0;913,5;914,1;913,5;3770,3;32,1;12,8;33,5;31,3;15,4;12;36;29;31;359;6,2;1,1;
2019/01/15;1800 UTC;0;912,8;913,5;912,8;3434,2;32,2;13,3;33,1;31,7;15;12,4;36;30;32;317;4,9;2;
2019/01/15;1900 UTC;0;912,1;912,8;912,1;2119,7;31,8;14,1;33,3;31,4;14,5;12,5;35;30;34;44;7;1;
2019/01/15;2000 UTC;0;911,7;912,2;911,6;1466,9;31;13,4;32,7;30,9;14,7;12,3;35;30;34;9;4;1,6;
2019/01/15;2100 UTC;0;911,9;911,9;911,7;610,4;29,4;16,9;31;29,4;16,9;13,3;47;34;47;24;4,2;1,3;
2019/01/15;2200 UTC;0;912,4;912,4;911,8;108,5;27,4;16,6;29,4;27,4;17,3;16,5;52;46;52;39;3,4;1;
2019/01/15;2300 UTC;0;913;913;912,4;;25,7;16,1;27,4;25,7;16,7;15,8;56;51;55;78;2,4;1,2;
2019/01/16;0000 UTC;0;913,8;913,8;913;;24,7;16,9;25,9;24,1;17,7;15,8;67;54;62;59;2,7;,2;
2019/01/16;0100 UTC;0;914,5;914,5;913,8;;23,3;17,7;24,8;23,2;18,3;16,7;73;61;71;76;3,1;,1;
2019/01/16;0200 UTC;0;915;915;914,5;;22,1;17,7;23,4;22,1;18;17,3;76;69;76;176;1;,2;
2019/01/16;0300 UTC;0;914,7;915;914,7;;21,2;17,3;22,4;21,2;18;17,2;78;75;78;339;2;,2;
2019/01/16;0400 UTC;0;914,1;914,7;914,1;;21,5;17,1;22,4;21,2;17,8;16,4;80;70;76;71;3,6;,2;
2019/01/16;0500 UTC;0;914;914,1;913,9;;21,3;15,8;21,9;21,2;17,1;15,8;76;69;71;73;3,3;,8;
2019/01/16;0600 UTC;0;914;914,1;914;;20,5;16,1;21,5;20,5;16,2;15,6;76;70;76;255;2;,1;
2019/01/16;0700 UTC;0;914,5;914,6;914;;20,3;16,1;20,7;20;17,2;16,1;81;76;77;37;1,9;1;
2019/01/16;0800 UTC;0;914,7;914,8;914,5;;20;16,2;20,5;19,4;16,7;15,8;81;77;79;60;3,3;1,2;
2019/01/16;0900 UTC;0;914,9;915;914,7;9,2;20,1;16,2;20,7;19,8;16,3;15,6;79;74;78;58;4,1;2,8;
2019/01/16;1000 UTC;0;915,4;915,4;914,9;272,1;22,3;17,2;22,3;20,1;17,2;16,1;78;73;73;53;4,3;1,4;
2019/01/16;1100 UTC;0;915,9;915,9;915,4;1221,5;25,1;18,8;25,1;22,1;18,8;16,9;73;68;68;23;3,8;1,9;
2019/01/16;1200 UTC;0;916,1;916,2;915,9;2110,2;29,1;17,4;29,1;24,9;19,7;17,1;68;49;49;60;3,7;1,7;
2019/01/16;1300 UTC;0;916,1;916,1;916;2680,7;30,4;15,9;30,5;28,7;18,9;15,3;54;40;42;358;4,7;2,2;
2019/01/16;1400 UTC;0;915,8;916,1;915,8;3496,2;31,3;14,2;32,3;30,1;16;13;42;33;35;355;4,3;1,3;
2019/01/16;1500 UTC;0;915,4;915,8;915,4;4068,4;32;15,5;32,7;31,1;17,1;13,8;41;33;37;43;4,9;2;
2019/01/16;1600 UTC;0;914,7;915,5;914,7;2726,5;32;15,2;33,2;31,4;16,8;14,6;41;34;36;319;6;2,7;
2019/01/16;1700 UTC;0;914,1;914,7;914,1;1938,7;31,2;15,8;33,1;31,1;16,7;14,8;41;34;40;319;6;1,8;
2019/01/16;1800 UTC;0;913,2;914,1;913,2;2222,4;32,3;17,3;32,9;30,4;18,2;15,8;47;39;41;230;5,9;3,3;
2019/01/16;1900 UTC;0;912,1;913,2;912,1;2746,4;32,2;16,7;32,7;31,2;19,1;16,7;46;39;39;238;5,9;2,2;
2019/01/16;2000 UTC;0;912,1;912,2;911,9;1749,5;31,2;16;32,7;31,2;17,7;15,4;42;37;40;227;5,2;2,8;
2019/01/16;2100 UTC;0;912,6;912,6;912,1;531,8;29,7;18,6;31,5;29,7;18,7;16,3;52;40;52;222;5,1;2,9;
2019/01/16;2200 UTC;0;913,6;913,6;912,6;75,4;24,8;13;29,8;24,8;19;12,8;54;46;48;23;11;5,8;
2019/01/16;2300 UTC;4,6;914,3;914,3;913,6;;23,1;19,5;24,8;22,9;19,5;13,1;80;48;80;70;11;3,5;
2019/01/17;0000 UTC;2;916,1;916,1;914,4;;20,1;15;23,5;19,5;19,6;15;83;70;73;109;11,5;5,8;
2019/01/17;0100 UTC;18,8;917,1;917,1;916;;19,3;15,5;21,1;18,5;18,9;15;90;70;79;125;13,4;5,9;
2019/01/17;0200 UTC;9,4;917,2;918;916,7;;20,2;14,9;20,7;17,8;15,9;14,7;87;69;71;112;9,7;4,6;
2019/01/17;0300 UTC;2,2;915,7;917,2;915,7;;20,7;14,3;21,2;19,4;15;13,9;75;63;66;113;9,7;6,3;
2019/01/17;0400 UTC;,4;914,3;915,7;914,3;;22,9;12,8;22,9;20,1;14,9;12,8;71;53;53;109;11,9;3,9;
2019/01/17;0500 UTC;0;913,9;914,3;913,6;;20,2;15,4;24,6;20;15,6;11,9;76;45;74;29;6,7;1,7;
2019/01/17;0600 UTC;0;914,2;914,5;913,7;;19,7;15;21,5;19,7;15,5;14,4;75;64;74;17;8,5;3,6;
2019/01/17;0700 UTC;0;913,3;914,2;912,9;;19,3;15,2;19,7;19,2;15,2;15;77;74;77;43;8;2,2;
2019/01/17;0800 UTC;0;913,4;913,4;913,2;;19,4;15,2;19,4;19,1;15,4;15,2;79;77;77;48;6,4;2;
2019/01/17;0900 UTC;0;913,8;913,8;913,2;2,5;20;15;20;19,3;15,3;14,8;78;72;73;34;6,5;3,3;
2019/01/17;1000 UTC;0;914,3;914,3;913,8;180,9;21;14,7;21,1;19,9;14,9;14,6;73;67;67;66;10,1;4,6;
2019/01/17;1100 UTC;0;915,3;915,4;914,3;363,8;21,8;15,3;21,9;20,9;15,4;14,6;68;66;67;41;8;,7;
2019/01/17;1200 UTC;0;915,9;915,9;915,3;1587,5;24,9;15,7;24,9;21,8;16,4;15,2;68;57;57;37;6,6;2,7;
2019/01/17;1300 UTC;0;916;916,2;915,9;2353,3;26,8;15,6;26,8;24,9;16,3;14,8;58;50;51;34;9,5;3,5;
2019/01/17;1400 UTC;0;915,9;916,2;915,9;1811,3;26,9;15,7;26,9;26,2;16,1;15;52;49;50;31;9,5;2,6;
2019/01/17;1500 UTC;0;915,4;916;915,4;1811,1;27,2;16,5;27,7;26,9;16,7;15,2;52;47;52;31;7,4;2,2;
2019/01/17;1600 UTC;0;914,8;915,4;914,8;1397,8;28;16,8;28,1;27;16,8;15,4;52;48;51;2;5,9;1,6;
2019/01/17;1700 UTC;0;913,8;914,8;913,8;2106,7;29,1;16,6;30;27,9;17,6;14;53;38;47;305;6,4;1,9;
2019/01/17;1800 UTC;0;912,8;913,8;912,8;1215,3;28,4;17;29,2;28,3;17,5;16,2;51;46;50;327;4,2;1,3;
2019/01/17;1900 UTC;0;911,6;912,8;911,6;1852,7;30,3;12,2;30,5;28,1;17,7;12,2;53;33;33;255;3,5;1;
2019/01/17;2000 UTC;0;911,1;911,5;911,1;1860,3;30,2;13,2;31,5;30,1;14,8;9,1;39;26;36;236;4;1,9;
2019/01/17;2100 UTC;0;911,3;911,3;910,9;1056,1;28,6;18,2;30,8;28,6;18,6;12,8;54;34;54;209;3,7;2;
2019/01/17;2200 UTC;0;912,4;912,4;911,3;196;26,3;18,6;28,6;26,3;19,6;18,3;65;54;63;134;3,2;1,8;
2019/01/17;2300 UTC;0;913,1;913,2;912,4;;25,3;18,4;26,5;25,3;18,9;17,7;65;59;65;75;3;1,6;
2019/01/18;0000 UTC;0;913,9;913,9;913,1;;24;17,5;25,3;24;18,7;17,5;70;65;67;54;4,1;,4;
2019/01/18;0100 UTC;0;914,8;914,8;913,9;;22,4;17,7;24;22,4;18;17,4;74;67;74;51;3;1;
2019/01/18;0200 UTC;0;915;915,1;914,8;;22;17,8;22,9;22;18,2;17,4;78;72;77;52;3;,4;
2019/01/18;0300 UTC;0;914,9;915;914,7;;21;18;22;20,8;18,2;17,5;84;77;83;144;1,8;,4;
2019/01/18;0400 UTC;0;913,7;914,9;913,7;;20,7;17,7;21,1;20,2;18,1;17,4;86;82;83;43;3;1,8;
2019/01/18;0500 UTC;0;913,4;913,7;913,4;;20,3;17,7;20,7;20;17,8;17,1;86;82;85;45;3;1,4;
2019/01/18;0600 UTC;0;913,5;913,6;913,4;;20,3;18,1;20,6;19,9;18,1;17,5;88;84;88;43;2,3;,1;
2019/01/18;0700 UTC;0;913,8;913,8;913,5;;20,2;18,1;20,9;20;18,7;17,7;88;85;87;257;3,2;,1;
2019/01/18;0800 UTC;0;913,8;913,9;913,6;;19,6;17,9;20,3;19,6;18,2;17,8;90;87;90;67;1,5;,7;
2019/01/18;0900 UTC;0;914,5;914,5;913,7;9,5;18,8;17,2;19,6;18,7;18;17,1;91;89;91;293;2,6;1,1;
2019/01/18;1000 UTC;0;915,3;915,3;914,5;141,9;20,9;18,7;21;18,8;18,8;17,3;91;87;87;277;2,6;1;
2019/01/18;1100 UTC;0;915,7;915,7;915,2;290,6;21,1;18,2;21,1;20,7;18,7;18;87;84;84;285;4,5;1,6;
2019/01/18;1200 UTC;0;916,3;916,3;915,7;1196,1;23,1;18,6;23,1;21,1;19;18,1;84;76;76;321;3,7;1,7;
2019/01/18;1300 UTC;0;916;916,5;916;1859;25,3;19,1;25,3;22,9;19,1;17,8;76;67;69;307;6,5;2,1;
2019/01/18;1400 UTC;0;915,4;916;915,4;2508,5;25,6;18,2;26,2;24,7;19,6;17,6;69;62;64;294;5,1;1,2;
2019/01/18;1500 UTC;0;915;915,4;915;2976;26,8;18,3;27,4;25,3;19,4;17,8;67;57;60;281;4,1;1;
2019/01/18;1600 UTC;0;914,1;915;914,1;3624,9;28,8;18,9;29,1;26,8;19,9;17,9;61;54;55;1;4,2;1,6;
2019/01/18;1700 UTC;0;913,2;914,1;913,2;2850,5;29,4;17,8;30;28,3;19,3;17,4;55;49;50;220;4,4;,8;
2019/01/18;1800 UTC;0;912,2;913,2;912,2;3086,2;31,6;17,1;31,6;28,8;18,7;16,5;52;42;42;343;6,8;2,3;
2019/01/18;1900 UTC;0;911,2;912,2;911,2;1844,7;30,1;16,6;31,7;29,6;18,3;15,3;48;39;44;74;5,7;1;
2019/01/18;2000 UTC;0;910,6;911,3;910,6;1898,2;29,8;15,2;31,8;29,8;17;14,9;45;37;41;8;4,8;2,2;
2019/01/18;2100 UTC;0;910,6;910,7;910,5;432,8;27,9;17,2;29,8;27,9;17,9;15;53;41;52;36;3,9;,8;
2019/01/18;2200 UTC;0;911,1;911,1;910,6;74,2;26;16,7;27,9;26;18;16,7;59;52;57;89;2,8;1,6;
2019/01/18;2300 UTC;0;911,9;911,9;911,1;;24,4;17,8;26;24;18,5;16,5;70;56;66;30;2,8;,4;
2019/01/19;0000 UTC;0;912,7;912,7;911,9;;23,7;16,6;24,6;22,8;18;16,6;73;64;64;23;3,2;1,1;
2019/01/19;0100 UTC;0;913,6;913,6;912,7;;22,9;16,5;23,8;22,5;16,9;16,4;71;64;67;46;2,9;1,3;
2019/01/19;0200 UTC;0;913,6;913,6;913,4;;21,6;17;23,3;21,6;17,2;16,3;75;65;75;277;2,8;,2;
2019/01/19;0300 UTC;0;913,2;913,6;913,2;;21,7;16,6;22,5;21,4;17,2;16,5;77;70;73;358;2,3;0;
2019/01/19;0400 UTC;0;912,7;913,3;912,7;;19,8;16,6;21,7;19,8;17,1;16,4;82;73;82;343;2,1;,1;
2019/01/19;0500 UTC;0;912,4;912,7;912,4;;19,3;16,6;19,8;19,3;17;16,6;85;82;84;153;1,8;,1;
2019/01/19;0600 UTC;0;912,5;912,6;912,2;;18,6;16,2;19,5;18,5;16,8;15,9;86;84;86;124;1,8;,3;
2019/01/19;0700 UTC;0;912,5;912,6;912,3;;18,1;16;18,7;18,1;16,4;16;88;86;88;307;1,4;,2;
2019/01/19;0800 UTC;0;912,6;912,6;912,4;;17,8;15,9;18,7;17,8;16,5;15,6;89;86;89;144;2,4;0;
2019/01/19;0900 UTC;0;913,1;913,1;912,6;8,7;17,9;15,8;18,3;17,8;16,3;15,8;89;87;88;159;1,9;,1;
2019/01/19;1000 UTC;0;913,4;913,4;913,1;177,3;19,8;16,8;20,3;17,8;17,2;15,7;89;82;83;57;3,6;1,5;
2019/01/19;1100 UTC;0;913,7;913,7;913,4;1238,1;24,2;18,2;24,2;19,6;18,4;16,7;85;69;69;329;2,8;,2;
2019/01/19;1200 UTC;0;913,6;913,7;913,6;2094,2;26,3;17,9;26,3;23,6;19;17,6;73;59;60;120;4,5;,8;
2019/01/19;1300 UTC;0;913,8;913,8;913,6;2886,4;28,2;17;28,4;26,3;18,6;17;61;50;50;72;3,9;,9;
2019/01/19;1400 UTC;0;913,6;913,8;913,6;3404;28,9;17,2;29,3;27,8;19,1;16,5;56;47;49;10;5,4;2,4;
2019/01/19;1500 UTC;0;913,2;913,6;913,2;3616,4;29,9;17,1;31,2;28,7;17,9;15,1;51;38;46;27;5,2;1,9;
2019/01/19;1600 UTC;0;912,6;913,2;912,6;3519,8;32;15;32,3;29,9;17,8;14,9;47;35;36;328;6,7;3,3;
2019/01/19;1700 UTC;0;911,9;912,6;911,9;3351,1;32,5;15,2;32,9;31,4;16,5;14,5;39;34;35;3;7,3;1,8;
2019/01/19;1800 UTC;0;911,3;911,9;911,3;2078,5;31,3;14,6;33,5;31;16,2;13,8;40;32;36;323;6,9;2,1;
2019/01/19;1900 UTC;0;910,4;911,3;910,4;2186,6;31,2;15,6;33,6;31,1;16,1;13,4;39;32;39;354;5,6;2,2;
2019/01/19;2000 UTC;0;909,8;910,4;909,8;1252,3;31,9;15,3;32,5;31;16,5;14,4;39;35;37;238;5,2;2,3;
2019/01/19;2100 UTC;0;910,4;910,4;909,7;1194;30,6;18,3;32;30,6;18,3;15,1;48;37;48;280;6,2;2;
2019/01/19;2200 UTC;0;910,6;910,7;910,4;220,4;28,4;19,1;30,6;28,3;19,3;18,1;58;48;57;189;5;,8;
2019/01/19;2300 UTC;0;911,3;911,3;910,6;;26,3;19,7;28,7;26,3;19,7;19;67;56;67;36;2,4;,5;
2019/01/20;0000 UTC;0;911,8;911,8;911,2;;25;19,7;26,5;24,9;20,1;19,5;73;66;72;70;3,4;2,6;
2019/01/20;0100 UTC;0;912,7;912,7;911,8;;25,3;18,8;25,8;25;20;18,8;72;67;67;63;4,4;2,5;
2019/01/20;0200 UTC;,4;914,1;914,1;912,7;;20,3;17,6;25,4;20,3;18,8;17,2;84;66;84;148;13,4;7,1;
2019/01/20;0300 UTC;3,4;913,4;914,2;913,4;;20,2;17,5;20,3;19;18,1;17,3;91;84;85;159;13,3;4,3;
2019/01/20;0400 UTC;,2;913,2;913,9;913,2;;20,2;17,4;20,4;19,8;17,9;17,1;88;82;84;110;7,4;1,3;
2019/01/20;0500 UTC;0;912,6;913,2;912,6;;20,3;17,3;20,5;19,8;17,7;17,1;87;82;83;74;4,3;1,5;
2019/01/20;0600 UTC;0;911,8;912,6;911,8;;20,3;16,6;20,3;19,4;17,7;16,6;87;79;79;68;4,7;1,9;
2019/01/20;0700 UTC;0;911,8;912,1;911,8;;20,2;16,9;20,5;19,6;16,9;16;81;77;81;74;5;3,1;
2019/01/20;0800 UTC;0;912;912;911,8;;20,6;17,2;20,8;20,2;17,2;16,8;82;79;81;59;4,9;2;
2019/01/20;0900 UTC;0;913,2;913,2;912;5,2;21;17,3;21,4;20,6;17,4;17;81;76;79;31;4;1,9;
2019/01/20;1000 UTC;0;913,4;913,4;913;183,6;21,6;18,2;21,9;20,9;18,2;17,3;81;77;81;29;4,8;1,4;
2019/01/20;1100 UTC;0;914;914;913,4;416,5;22,5;18,7;22,6;21,3;18,8;17,9;82;78;79;13;4,7;1,2;
2019/01/20;1200 UTC;0;914,2;914,2;914;657,8;24;18,9;24,1;22,4;19,7;18,7;81;73;73;36;3;1,5;
2019/01/20;1300 UTC;0;914,3;914,3;914,1;1147,4;25,8;19,8;25,8;23,9;19,8;19,1;76;69;69;328;2,7;,4;
2019/01/20;1400 UTC;0;914,3;914,5;914,3;2125,1;28,1;18,8;28,4;25,8;20,1;17,9;69;54;57;14;2,9;,9;
2019/01/20;1500 UTC;0;914,1;914,3;914,1;2937;27,8;20,1;30;27,7;20,9;18,5;63;51;63;196;5,2;2,9;
2019/01/20;1600 UTC;0;913,9;914,1;913,9;2351,2;28;18,3;29,8;27,6;20,2;18,3;63;52;56;283;6,3;2,5;
2019/01/20;1700 UTC;2,2;913,1;914,1;913,1;1403,3;28,6;20,3;28,6;23,8;21,5;17,9;74;55;61;43;8,4;,4;
2019/01/20;1800 UTC;0;912,4;913,1;912,3;3781,7;31,1;17,4;31,7;28,6;21;15,9;64;38;44;64;3,8;1,9;
2019/01/20;1900 UTC;0;911,8;912,3;911,8;2771,3;31,9;15,2;32;30,5;17,8;15;45;36;37;229;3,6;1;
2019/01/20;2000 UTC;0;911,3;911,8;911,3;1971;31;17,4;32,1;30,6;18,6;14,2;46;34;44;186;5,1;2,8;
2019/01/20;2100 UTC;0;911,6;911,7;911,2;1087,6;29,1;18;31,6;29,1;18,2;16,2;51;41;51;332;4,7;2,2;
2019/01/20;2200 UTC;0;912,3;912,4;911,6;158,6;26,9;18,8;29,3;26,9;19,1;18;61;51;61;13;4,7;,7;
2019/01/20;2300 UTC;0;912,8;912,8;912,2;;24,5;17,4;26,9;24,5;19,3;17,4;71;61;65;70;4;2,7;
2019/01/21;0000 UTC;0;913,9;913,9;912,8;;24,3;18,3;24,6;24;18,3;17,2;70;65;69;160;3,8;1,4;
2019/01/21;0100 UTC;0;914,4;914,4;913,9;;24;19,1;25;23,8;19,1;18,2;74;68;74;91;3,3;,1;
2019/01/21;0200 UTC;0;914,8;914,9;914,4;;23,4;19,2;24,1;23,2;19,4;19,1;78;74;77;91;3,2;,9;
2019/01/21;0300 UTC;0;914,5;914,8;914,5;;22,7;18,9;23,4;22,4;19,5;18,6;82;77;79;98;2,5;,9;
2019/01/21;0400 UTC;0;914,3;914,6;914,2;;22,2;19;22,8;22,1;19,3;18,6;83;79;82;186;3;1,1;
2019/01/21;0500 UTC;0;913,6;914,4;913,5;;21;18,9;22,2;20,8;19;18,4;88;82;87;70;3,4;1,9;
2019/01/21;0600 UTC;0;912,7;913,6;912,7;;20,8;18,3;21,2;20,6;18,8;18,2;88;84;86;58;3,7;1,8;
2019/01/21;0700 UTC;0;912,6;912,8;912,6;;20,4;17,9;21;20,1;18,3;17,7;86;84;85;59;3,4;1,9;
2019/01/21;0800 UTC;0;912,8;912,8;912,5;;20,7;17,5;21,1;20,5;18;17,5;85;81;82;75;5,5;1,6;
2019/01/21;0900 UTC;0;913,3;913,3;912,8;3;20,8;17,7;20,9;20,3;17,7;17,4;84;81;82;85;4,1;1,5;
2019/01/21;1000 UTC;0;914,3;914,3;913,3;215;21,9;18,3;21,9;20,8;18,4;17,7;83;80;80;207;3,3;,5;
2019/01/21;1100 UTC;0;914,8;914,8;914,3;803,4;23,9;19,6;23,9;21,8;19,6;18,2;82;77;77;64;2,6;1,5;
2019/01/21;1200 UTC;0;915,2;915,2;914,8;2092;27,2;19,8;27,2;24;20,1;18,9;77;62;64;27;3;1,3;
2019/01/21;1300 UTC;0;915,4;915,4;915,2;2858,4;29,5;18,5;29,5;27,1;20,2;17,9;64;51;52;172;3,1;1;
2019/01/21;1400 UTC;0;915,4;915,5;915,4;3134,2;29,8;19,4;30,3;29,1;20,2;18;58;50;53;198;4,3;2,5;
2019/01/21;1500 UTC;,2;915,1;915,4;915,1;1301;28,6;19,7;29,9;26,3;21,6;16,8;69;48;58;134;5,9;1,8;
2019/01/21;1600 UTC;0;914,4;915,1;914,3;3844,8;30,9;16,4;32,2;28,7;20,9;15,6;62;39;42;137;5,5;1,5;
2019/01/21;1700 UTC;0;913,7;914,3;913,7;3576,5;32,7;16,6;32,7;30,3;18,2;15,8;46;38;38;191;6,6;2,3;
2019/01/21;1800 UTC;0;913,2;913,7;913,2;1531,8;31,2;15,6;32,8;30,4;17,8;15,4;45;37;39;205;5,4;2,8;
2019/01/21;1900 UTC;0;912,9;913,3;912,9;2419,6;31,2;17,5;33,1;30,7;17,6;15,6;44;37;44;239;5,6;3,1;
2019/01/21;2000 UTC;0;912,5;912,9;912,4;1696,9;32;15,6;32,2;30,2;17,7;15,6;47;37;37;212;5,6;1,6;
2019/01/21;2100 UTC;0;912,3;912,7;912,3;817,8;30,3;16,4;32;30,3;16,8;14,6;44;35;43;226;4,3;2;
2019/01/21;2200 UTC;0;913,2;913,2;912,3;152;28,2;16,3;30,3;28,2;17,2;15,8;48;43;48;172;3,5;1,5;
2019/01/21;2300 UTC;0;913,7;913,7;913,2;;25,9;16,4;28,2;25,9;16,8;15,4;56;47;56;336;2,4;0;
2019/01/22;0000 UTC;0;914,3;914,4;913,7;;24,2;17,9;25,9;24,2;18,6;16,4;70;56;68;350;2,6;,1;
2019/01/22;0100 UTC;0;914,9;914,9;914,3;;24;17,6;24,5;24;18,3;17,1;70;63;67;167;3;,5;
2019/01/22;0200 UTC;0;915,1;915,2;914,9;;23,9;16,8;24,7;23,9;17,8;16,1;68;59;64;68;4,7;2,3;
2019/01/22;0300 UTC;0;914,9;915,1;914,9;;22,7;18,1;24,2;22,7;18,1;16,8;75;65;75;258;3,1;0;
2019/01/22;0400 UTC;0;914,4;914,9;914,4;;22,8;18,4;23,1;21,9;18,6;18;80;75;76;88;2,6;,9;
2019/01/22;0500 UTC;0;913,9;914,4;913,9;;22,9;18,3;22,9;21,5;18,6;17,8;81;75;75;65;3,3;1,3;
2019/01/22;0600 UTC;0;913,3;913,9;913,3;;22,2;18,3;23;21,1;18,4;17,4;82;75;79;45;3,4;1,4;
2019/01/22;0700 UTC;0;913,4;913,4;913,3;;22,7;18;22,8;22,1;18,3;18;79;75;75;70;3,9;2,1;
2019/01/22;0800 UTC;0;913,7;913,7;913,4;;22,9;18,3;23;22,6;18,4;18;76;75;76;64;3,8;2,1;
2019/01/22;0900 UTC;0;914,1;914,1;913,7;5;23;18,2;23;22,6;18,4;18,1;76;74;74;33;3,8;1,7;
2019/01/22;1000 UTC;0;914,7;914,7;914,1;221,3;24;18,2;24;22,9;18,2;18;74;70;70;63;4,8;2,4;
2019/01/22;1100 UTC;0;915,3;915,3;914,7;1126;26,4;18,6;26,5;24;19;18,1;70;62;62;35;4,8;1,5;
2019/01/22;1200 UTC;0;915,7;915,7;915,3;2025,3;28;18,9;28,2;26,4;19,2;18,3;63;57;58;19;6,7;2,2;
2019/01/22;1300 UTC;0;915,8;915,8;915,6;2799,2;29,3;18,3;29,9;28;19,6;18,1;58;51;52;9;5,3;2,3;
2019/01/22;1400 UTC;0;915,6;915,8;915,5;2769,2;29,4;18,1;31,1;29,3;18,8;17,3;52;46;50;202;5,4;1,1;
2019/01/22;1500 UTC;0;915;915,6;915;2119,3;30,9;18,9;31;29,3;20,4;17,6;56;48;49;187;4,3;2;
2019/01/22;1600 UTC;0;914,1;915;914,1;3979;31,7;18;32,4;30,8;19,7;17,5;51;43;44;214;7,1;2,2;
2019/01/22;1700 UTC;0;913,3;914,1;913,3;2680,5;31,8;17,9;32,7;31,4;19,6;17,9;47;43;44;204;6;3,8;
2019/01/22;1800 UTC;0;912,7;913,3;912,6;1460,3;29,6;18,5;32;29,5;19,5;17,1;54;43;51;229;6,7;3,1;
2019/01/22;1900 UTC;0;912,3;912,8;912,3;1613,4;29,8;17,7;30,9;29,3;19,3;17,5;54;47;48;182;5,6;2,8;
2019/01/22;2000 UTC;0;912,2;912,4;912,1;1115,1;30;19,5;30,1;29,5;19,5;17,3;54;47;54;166;5,1;2,8;
2019/01/22;2100 UTC;0;912,8;912,8;912,2;652,8;28,9;18,1;30,3;28,8;19,9;17,9;56;51;52;82;6,2;,8;
2019/01/22;2200 UTC;0;913,7;913,7;912,8;155,1;27,5;19,2;28,9;27,5;19,4;18;61;52;61;118;2,6;0;
2019/01/22;2300 UTC;0;913,7;914,1;913,6;;25,9;18,5;27,6;25,9;19,5;18,4;64;59;64;96;3,5;1,3;
2019/01/23;0000 UTC;0;913,6;913,9;913,5;;26,4;18,9;26,4;25,2;19,2;18,6;69;64;64;108;4;2;
2019/01/23;0100 UTC;0;914,2;914,2;913,6;;25,8;19,3;26,4;24,7;19,5;18,8;71;63;67;252;3,5;,6;
2019/01/23;0200 UTC;0;914,5;914,8;914,2;;24,1;19,3;25,8;24,1;19,5;19,2;75;67;75;38;6,1;2;
2019/01/23;0300 UTC;0;913,6;914,6;913,6;;22,8;18,3;24,1;22,8;19,3;18,3;76;74;75;57;6;1,9;
2019/01/23;0400 UTC;0;913,1;913,6;913;;21,9;17,5;22,9;21,9;18,3;17,5;76;74;76;57;4,5;2,4;
2019/01/23;0500 UTC;0;912,7;913,1;912,3;;22,4;16,5;22,4;21,5;17,5;16,5;77;69;69;91;4,5;1,6;
2019/01/23;0600 UTC;0;912,7;912,9;912,7;;20,9;16,4;22,4;20,8;16,9;16;78;69;75;43;3,8;1,1;
2019/01/23;0700 UTC;0;912,9;912,9;912,6;;21;15,9;21,2;20,1;16,6;15,9;79;72;73;151;2,8;,6;
2019/01/23;0800 UTC;0;913;913;912,8;;20,2;16,1;21;20,2;16,2;15,9;77;73;77;314;2,8;,7;
2019/01/23;0900 UTC;0;913,5;913,5;912,9;3,7;21,7;16,4;21,8;20,2;16,7;16;78;72;72;321;3,5;1,3;
2019/01/23;1000 UTC;0;914,2;914,3;913,6;128,8;23;17,5;23;21,7;17,5;16,5;72;71;71;21;7,1;1,6;
2019/01/23;1100 UTC;0;914,8;914,8;914,2;1157,4;25,4;18;25,5;23;18;17,5;71;63;63;40;7,5;2,8;
2019/01/23;1200 UTC;0;915,4;915,4;914,8;2051,8;27,2;18,7;27,2;25,3;18,7;17,7;63;59;60;45;7,8;3,3;
2019/01/23;1300 UTC;0;915,5;915,6;915,4;2813,1;29;18,3;29;27,1;18,9;17,5;59;51;53;25;8,5;3;
2019/01/23;1400 UTC;0;915,3;915,6;915,3;3394,9;29,8;18,4;30,1;28,4;18,9;17,7;54;49;50;31;7,2;2,8;
2019/01/23;1500 UTC;0;914,7;915,3;914,7;3864,4;31;18,5;31,2;29,7;19,5;17,9;52;46;48;12;6,4;2,8;
2019/01/23;1600 UTC;0;913,8;914,7;913,7;3340,9;31,1;18,3;31,9;30,1;19,4;17,5;50;45;47;10;6,4;2,9;
2019/01/23;1700 UTC;,8;913,1;913,8;913,1;839,3;28,5;20;31,1;27,8;20,9;16,4;65;43;60;220;5,6;2,3;
2019/01/23;1800 UTC;,8;912,1;913,1;912,1;1460;25,7;20;31,2;25,5;21,7;17,8;73;48;71;143;6,3;3,3;
2019/01/23;1900 UTC;0;911,7;912,1;911,6;1168,4;27,9;20,2;27,9;25,3;21,7;19,5;71;62;63;103;6,3;1,7;
2019/01/23;2000 UTC;0;912;912,1;911,7;773,7;26,2;18,9;28,3;25,4;20,5;18,8;69;59;64;84;7,1;2,4;
2019/01/23;2100 UTC;0;911,2;912;911,1;399,7;25,5;19,3;26,4;25,5;20,1;18,9;70;64;68;39;4,9;1,8;
2019/01/23;2200 UTC;0;912,1;912,1;911,1;109,9;24,6;18,6;25,5;24,6;19,4;18,5;71;68;70;76;4,2;1,6;
2019/01/23;2300 UTC;0;912,5;912,5;912,1;;23,2;18,5;24,6;23,2;18,7;18,4;75;69;75;62;3,3;1,8;
2019/01/24;0000 UTC;0;912,9;912,9;912,5;;22,9;18,4;23,6;22,9;18,8;18,4;76;73;76;51;3,5;1,4;
2019/01/24;0100 UTC;0;913,7;913,7;912,9;;23,3;18,3;23,3;22,6;18,5;18,3;77;74;74;82;3,6;2,1;
2019/01/24;0200 UTC;0;914;914,2;913,8;;22,6;18,3;23,6;22,6;18,3;18,1;77;72;77;56;3,4;1,5;
2019/01/24;0300 UTC;0;913,7;914;913,7;;21,6;18,4;22,7;21,5;18,4;18;82;76;82;63;3,2;1,8;
2019/01/24;0400 UTC;0;913;913,7;913;;21,7;18,5;22,7;21,6;18,9;18,5;82;78;82;43;3,8;1,3;
2019/01/24;0500 UTC;0;912,4;913;912,4;;22,3;18,1;22,3;21,6;18,8;18,1;83;77;77;43;3,3;1;
2019/01/24;0600 UTC;0;911,9;912,4;911,9;;22,4;17,7;22,5;22,2;18,1;17,7;77;75;75;63;4,9;1,7;
2019/01/24;0700 UTC;0;912,5;912,5;911,9;;22,4;17,6;22,5;22,1;17,9;17,6;77;74;74;64;4,1;2;
2019/01/24;0800 UTC;0;912,7;912,7;912,5;;22;17,2;22,4;21,9;17,6;17,2;76;74;74;115;6;2,4;
2019/01/24;0900 UTC;0;912,4;913;912,4;,3;21,5;17,5;22;21,3;17,5;16,8;78;73;78;218;4,8;1,2;
2019/01/24;1000 UTC;0;912,8;912,9;912,4;130,9;22,5;16,7;22,5;21,5;17,5;16,7;78;70;70;20;5,9;2;
2019/01/24;1100 UTC;0;913,3;913,3;912,8;893,1;24,1;16,3;24,2;22,5;16,7;15,7;70;60;62;25;9,6;4,9;
2019/01/24;1200 UTC;0;913,9;914;913,3;2084,6;27,2;17;27,2;23,7;17,3;16,3;64;54;54;20;9,6;3,6;
2019/01/24;1300 UTC;0;914,2;914,2;913,8;3150,6;28,5;15,9;28,9;27,1;17,2;15,6;54;45;47;16;10;4,1;
2019/01/24;1400 UTC;0;914,1;914,2;914,1;3175,2;30,1;15,3;30,1;27,9;16,4;13,7;49;37;41;19;6,7;2,7;
2019/01/24;1500 UTC;0;914;914,1;913,9;3918,1;30,7;12;31,8;29,8;14,5;12;41;32;32;25;7,8;3,2;
2019/01/24;1600 UTC;0;913,4;914;913,4;3754,1;31,8;14,2;32,4;30,5;14,4;12,1;36;31;35;328;7,1;2,3;
2019/01/24;1700 UTC;0;912,3;913,4;912,3;3545,5;31,6;11,5;32,9;31,4;13,9;11,4;34;28;29;355;6,3;2,2;
2019/01/24;1800 UTC;0;911,3;912,3;911,3;3142,2;32,4;13,2;33,1;31,3;14,1;11,3;34;28;31;18;5,5;1,6;
2019/01/24;1900 UTC;0;910,7;911,3;910,7;2783,2;32,6;11,9;33,2;32;12,9;10,9;31;26;28;7;6,1;2,4;
2019/01/24;2000 UTC;0;910,2;910,7;910,2;1314,8;31;13,1;32,7;30,9;13,2;11,3;34;28;34;29;5,8;1,5;
2019/01/24;2100 UTC;0;910,8;910,8;910,2;618,7;29,6;14;31;29,6;14;12,4;39;32;39;23;3,5;,9;
2019/01/24;2200 UTC;0;911,2;911,2;910,8;77,4;26,4;15,6;29,6;26,4;17,2;14;54;39;51;52;2,4;1,3;
2019/01/24;2300 UTC;0;911,8;911,9;911,2;;24,6;15,2;26,4;24,6;17;15;62;51;56;81;2,4;0;
2019/01/25;0000 UTC;0;912;912;911,8;;24,9;14,6;26,2;23,8;17;13,5;65;46;53;72;6,4;2,3;
2019/01/25;0100 UTC;0;912,8;912,8;912;;26;16;26,4;24,6;16,3;14,6;58;53;54;133;4;1,8;
2019/01/25;0200 UTC;0;913;913;912,8;;24;16,6;26,1;24;16,6;16;64;54;64;72;3,3;,5;
2019/01/25;0300 UTC;0;912,9;913,1;912,9;;22,6;16,4;24,7;22,6;16,7;15,6;68;57;68;245;1,9;0;
2019/01/25;0400 UTC;0;912,5;912,9;912,5;;22,1;15,9;22,6;21,8;16,8;15,8;70;68;68;72;2,9;1,9;
2019/01/25;0500 UTC;0;912,1;912,6;912,1;;21,3;15,8;22,2;20,8;16;15,6;74;67;71;15;3;,1;
2019/01/25;0600 UTC;0;911,8;912,1;911,8;;20,9;15,1;21,3;20,9;15,9;15,1;72;68;69;65;3;1,1;
2019/01/25;0700 UTC;0;911,6;911,8;911,5;;20;15,3;21,4;19,9;15,3;15;75;68;74;46;2,4;,7;
2019/01/25;0800 UTC;0;911,6;911,6;911,5;;21,1;14,4;21,1;20;15,3;14,4;74;66;66;42;4,4;1,6;
2019/01/25;0900 UTC;0;911,9;911,9;911,6;8,9;20,1;14,5;21,1;20,1;14,5;14,3;70;66;70;48;3,4;1,1;
2019/01/25;1000 UTC;0;912,5;912,5;911,9;196,1;21,6;15,5;21,6;20,1;15,5;14,5;70;68;68;20;3,2;1,5;
2019/01/25;1100 UTC;0;913,1;913,1;912,5;1173,5;25,1;16,1;25,1;21,6;16,2;15,2;69;55;57;26;6,4;2,7;
2019/01/25;1200 UTC;0;913,1;913,3;913;2087,8;26,7;16,2;26,8;25;16,5;15,5;57;52;52;29;7,8;3,8;
2019/01/25;1300 UTC;0;913,3;913,3;913,1;2873,2;28,9;15,1;28,9;26,5;17,1;14,5;54;42;43;21;9,9;5,3;
2019/01/25;1400 UTC;0;913,2;913,5;913,2;3452,8;29,7;15,8;29,8;28,7;16,3;14,6;46;41;43;24;9,6;4,3;
2019/01/25;1500 UTC;0;913;913,2;913;3816,3;30,6;15,2;31,6;29,5;16,2;14,3;44;37;39;7;7,8;3,3;
2019/01/25;1600 UTC;0;912,4;913;912,4;3969,3;32;14,3;32,6;30,6;15,9;13,8;40;34;34;6;7,8;3,5;
2019/01/25;1700 UTC;0;911,5;912,4;911,5;3378,2;31,5;13,2;32,8;30,6;15,5;12,7;37;32;33;23;7,7;2,3;
2019/01/25;1800 UTC;0;910,5;911,5;910,5;3104,6;31,4;14;33,3;31;14,4;12,7;36;30;35;8;7,2;2,7;
2019/01/25;1900 UTC;0;909,4;910,5;909,4;2723;32,1;12,5;32,8;30,9;15,5;12,5;38;30;30;25;5,7;2;
2019/01/25;2000 UTC;0;909,3;909,4;909,1;1052,2;30,9;12;32,2;30,9;13,1;11,2;32;28;31;17;5,4;1,8;
2019/01/25;2100 UTC;0;910;910,1;909,3;248,8;25,6;15,9;31,4;25,3;16,4;11,3;58;30;55;308;9;4,5;
2019/01/25;2200 UTC;0;910,7;910,7;910;34,2;23,5;15,2;25,8;23,5;16;13,4;60;48;60;103;11,3;3,4;
2019/01/25;2300 UTC;0;911,3;911,3;910,5;;23;17,2;23,8;22,6;17,2;15,1;71;58;70;185;8,6;1;
2019/01/26;0000 UTC;6,8;912,8;912,8;911,3;;18,7;17,4;23,6;18,7;17,6;16,4;92;65;92;174;11,6;6,2;
2019/01/26;0100 UTC;6,4;913,5;913,5;912,6;;19,1;17;19,3;18,7;17,7;17;92;87;87;145;14,2;6,8;
2019/01/26;0200 UTC;4,2;915,1;915,1;913,5;;18,2;16,7;19,3;18,2;16,9;16,6;91;86;91;192;10,9;2,8;
2019/01/26;0300 UTC;4,4;915,9;916,3;914,9;;18,2;16,8;18,3;18,1;17,2;16,7;94;91;92;162;7,4;2,8;
2019/01/26;0400 UTC;7,8;915,6;916,3;915,6;;17,8;16,7;18,2;17,7;16,9;16,5;94;92;94;41;7,3;1,7;
2019/01/26;0500 UTC;4,6;913,7;915,6;913,7;;17,5;16;17,8;17,5;16,7;16;94;91;91;93;6,8;2,9;
2019/01/26;0600 UTC;1,4;913,6;913,8;913,5;;17,7;15,7;17,7;17,4;16;15,6;91;89;89;18;6,1;1,7;
2019/01/26;0700 UTC;0;912,9;913,6;912,9;;17,4;15,5;17,8;17,4;15,8;15,4;89;86;89;41;6,4;1;
2019/01/26;0800 UTC;,2;912,7;913;912,5;;18,1;16,1;18,1;17,4;16,2;15,5;90;88;88;58;6;2;
2019/01/26;0900 UTC;0;912,9;912,9;912,7;;18,3;16,2;18,5;18,1;16,3;16;88;87;88;346;5,8;1,1;
2019/01/26;1000 UTC;,2;913,3;913,4;912,9;40,8;19,1;16;19,2;18,3;16,5;15,7;88;81;82;31;8,2;2,4;
2019/01/26;1100 UTC;0;913,9;913,9;913,3;269,8;19,8;16;19,8;18,8;16,4;16;85;79;79;22;6,2;2,3;
2019/01/26;1200 UTC;0;914,3;914,4;913,8;679,1;20,2;16,2;20,3;19,5;16,7;15,7;82;77;77;20;6,6;3,2;
2019/01/26;1300 UTC;0;914,2;914,3;914;2167,4;23;17,1;24,4;20,2;18,4;16,3;78;67;70;26;8,3;3,4;
2019/01/26;1400 UTC;0;914,7;914,7;914,2;730,4;22;17,3;23;21,7;17,3;16,6;75;69;75;30;8,7;2,8;
2019/01/26;1500 UTC;0;914,5;914,7;914,4;902,2;22,1;17,5;22,5;21,9;17,8;17,1;75;73;75;26;7;3,1;
2019/01/26;1600 UTC;0;914,4;914,6;914,4;1324,2;22,4;17,5;22,8;22,1;17,7;16,9;75;71;74;44;8,3;3;
2019/01/26;1700 UTC;0;914,1;914,4;914,1;1089,6;22,8;18,3;22,8;21,7;18,7;17,2;80;73;76;30;7,6;2,5;
2019/01/26;1800 UTC;0;912,8;914,1;912,8;2551,4;23,5;17;24,4;22,7;18,7;16,9;76;66;67;17;9;4,2;
2019/01/26;1900 UTC;0;912;912,8;911,9;2397,4;25;17,7;25,3;23,6;18,1;17;68;63;64;30;9;3,2;
2019/01/26;2000 UTC;0;911,9;912;911,8;1997,4;26;17,2;26;24,9;18,2;15,9;66;55;58;33;6,4;2,6;
2019/01/26;2100 UTC;0;912,4;912,4;911,9;717,2;23,8;17,3;26,1;23,8;17,5;16,4;67;57;67;18;6,4;2,8;
2019/01/26;2200 UTC;0;913;913;912,4;51,8;22,9;17,5;23,8;22,8;17,5;17,1;72;67;71;89;5,7;,6;
2019/01/26;2300 UTC;0;914,1;914,1;913;;21,8;17,2;22,9;21,8;17,6;17,2;75;72;75;80;4,9;,9;
2019/01/27;0000 UTC;0;913,9;914,2;913,9;;21,2;17,3;21,8;21,2;17,4;17;79;74;79;54;7,1;2,6;
2019/01/27;0100 UTC;0;914,1;914,1;913,9;;20,5;16,3;21,2;20,5;17,3;16,3;80;77;77;31;7,4;3,7;
2019/01/27;0200 UTC;0;914,3;914,3;914;;20;15,5;20,5;20;16,2;15,5;77;74;75;21;9,3;4,2;
2019/01/27;0300 UTC;0;914,5;914,6;914,3;;19,5;15,6;20;19,5;15,6;15,5;78;75;78;20;8,4;4;
2019/01/27;0400 UTC;0;913,4;914,5;913,4;;19,4;15,8;19,5;19,4;15,8;15,6;80;78;80;23;7,9;3,3;
2019/01/27;0500 UTC;0;912,9;913,4;912,9;;19,3;15,8;19,5;19,1;15,9;15,8;82;80;80;21;9,2;3,9;
2019/01/27;0600 UTC;0;912,1;912,9;912,1;;19;15,9;19,3;18,8;16;15,8;84;80;82;28;7,3;1,9;
2019/01/27;0700 UTC;0;912,3;912,3;912,1;;18,9;15,6;19,1;18,9;15,9;15,6;82;81;81;127;5,4;,7;
2019/01/27;0800 UTC;0;912,9;912,9;912,3;;19;15,5;19;18,8;15,6;15,4;81;79;80;28;5,1;1,2;
2019/01/27;0900 UTC;0;913,1;913,2;912,9;;19;15,2;19,1;18,8;15,5;15,2;81;78;78;57;6,3;2,1;
2019/01/27;1000 UTC;0;913,7;913,7;913,1;83,3;20;14,8;20;19;15,2;14,6;78;72;72;28;4,9;2;
2019/01/27;1100 UTC;0;914,2;914,2;913,7;515;21,5;14,9;21,5;20;15,2;14,7;72;66;66;27;9;4,3;
2019/01/27;1200 UTC;0;915;915;914,2;1353,7;22,1;15,3;22,8;21,5;15,4;14,9;66;62;65;24;10,5;4,5;
2019/01/27;1300 UTC;,8;915,5;915,5;915;870,6;20,7;17,3;22,1;19,7;17,8;15,4;86;66;81;24;10;4,7;
2019/01/27;1400 UTC;0;915,8;915,9;915,3;1247,8;21,8;17,7;21,8;19,7;17,7;16,5;84;77;78;36;10,6;3;
2019/01/27;1500 UTC;0;915,6;915,9;915,6;1260,4;23;17,3;23,3;21,7;17,8;17,2;78;70;70;26;8,6;3,3;
2019/01/27;1600 UTC;0;915,4;915,7;915,4;1082,1;24;17,7;24;23;17,9;17,2;71;68;68;26;8,3;3;
2019/01/27;1700 UTC;0;915;915,4;915;2154,7;25,2;17,3;25,6;23,8;18,7;17,2;68;61;61;24;7,4;3;
2019/01/27;1800 UTC;0;914,4;915;914,4;1837,2;25,5;17,7;26,6;25,2;18,3;17,1;63;59;62;18;6,6;1,5;
2019/01/27;1900 UTC;0;914,2;914,4;914;1731,8;26,9;17,9;27,4;25,5;18,5;17,4;63;56;58;341;6,4;2,5;
2019/01/27;2000 UTC;0;914,3;914,4;913,8;1089,8;23,2;19;27,5;23,2;19,3;16,5;77;53;77;196;6,4;3,6;
2019/01/27;2100 UTC;0;914,4;914,5;914,2;151,7;22,5;16,8;23,2;22,4;19;16,2;78;68;70;235;6,6;,8;
2019/01/27;2200 UTC;0;914,5;914,5;914,2;73,1;21,1;18;22,5;21,1;18,1;16,9;83;70;83;63;2,8;,1;
2019/01/27;2300 UTC;0;914,9;914,9;914,5;;20,1;17,8;21,1;20;18,2;17,6;87;83;87;86;1,5;,7;
2019/01/28;0000 UTC;0;915,3;915,3;914,9;;20,2;17,5;20,5;20;17,8;17,2;87;83;85;91;3,7;1;
2019/01/28;0100 UTC;0;915,9;915,9;915,3;;20,2;17,3;20,9;20,2;17,6;17,2;85;81;83;78;3,3;1,8;
2019/01/28;0200 UTC;0;915,7;916;915,7;;19,6;16,8;20,2;19,6;17,5;16,8;85;83;84;346;3,3;,2;
2019/01/28;0300 UTC;0;915,5;915,7;915,4;;19,9;16,9;19,9;18,6;17,5;16,6;89;83;83;331;3,1;,3;
2019/01/28;0400 UTC;0;915,1;915,5;915,1;;18,7;16,3;19,9;18,5;16,8;15,9;87;82;86;224;2,4;,6;
2019/01/28;0500 UTC;0;914,4;915,1;914,4;;17,6;15,6;18,8;17,5;16,4;15,5;89;86;88;220;1,9;,1;
2019/01/28;0600 UTC;0;914,2;914,4;914,2;;18,6;15,2;19;17,6;16,3;15,1;89;80;81;238;2;,5;
2019/01/28;0700 UTC;0;914,1;914,2;914;;19;14,8;19;18,5;15,2;14,8;81;77;77;304;5,4;1;
2019/01/28;0800 UTC;0;914,6;914,6;914,1;;17,7;14,6;19,1;17,7;14,9;14,5;82;77;82;293;3,5;,7;
2019/01/28;0900 UTC;0;915;915;914,5;1;19,3;14,8;19,4;17,6;15,1;14,6;83;75;75;237;4,3;1,1;
2019/01/28;1000 UTC;0;915,6;915,6;915;105,6;20,7;15,7;20,7;19,3;15,7;14,8;75;73;73;291;4,3;,7;
2019/01/28;1100 UTC;0;916,2;916,2;915,6;1184,7;23,5;16,7;23,5;20,7;16,7;15,7;73;66;66;38;8,5;2,4;
2019/01/28;1200 UTC;0;916,7;916,7;916,2;2111,4;25,9;17,3;25,9;23,5;17,4;16,5;66;59;59;52;8,7;2,4;
2019/01/28;1300 UTC;0;916,9;916,9;916,6;2897,9;27,5;16,3;27,6;25,9;17,5;15,8;60;49;51;47;9;3,6;
2019/01/28;1400 UTC;0;916,5;916,9;916,5;3536,8;29,2;16;29,5;27,5;17,1;15,8;51;44;45;60;8,2;3,2;
2019/01/28;1500 UTC;0;916,1;916,5;916;3868,2;30,2;15;30,4;29;16,9;14,4;47;39;40;47;8,2;3,6;
2019/01/28;1600 UTC;0;915,6;916,1;915,5;3808,3;31,1;14,1;31,7;29,2;15,6;13,5;43;34;36;20;8,4;3,6;
2019/01/28;1700 UTC;0;915;915,6;915;3668,2;31,6;13,9;31,7;30,5;15,3;11,9;38;31;34;60;8,7;3,1;
2019/01/28;1800 UTC;0;914,4;915;914,4;3412,9;31,8;12,6;32,3;30,9;14,7;12,5;36;31;31;52;7,5;3,3;
2019/01/28;1900 UTC;0;914;914,4;913,9;2664,8;31,5;12,6;32;31;13,9;12;34;30;31;41;7,7;3,4;
2019/01/28;2000 UTC;0;913,6;914;913,6;1905,8;31,4;13,5;31,9;31,2;13,5;12,2;34;31;34;59;7,3;2,4;
2019/01/28;2100 UTC;0;913,6;913,6;913,5;996,8;29,9;12,7;31,6;29,9;13,8;12,5;36;32;35;40;6,4;2,2;
2019/01/28;2200 UTC;0;914,2;914,2;913,6;151,4;26,8;15,3;29,9;26,8;15,3;12,8;49;35;49;115;4,6;,9;
2019/01/28;2300 UTC;0;914,8;914,8;914,2;;25;14,3;26,8;25;15,5;14,3;52;49;52;85;3,2;,8;
2019/01/29;0000 UTC;0;915,4;915,4;914,8;;23,5;14,3;25,1;22,8;15,2;14,2;61;51;56;79;3,2;1,1;
2019/01/29;0100 UTC;0;916,3;916,3;915,4;;21,9;14,9;23,5;21,9;14,9;14,2;64;56;64;347;4;,6;
2019/01/29;0200 UTC;0;916,4;916,5;916,3;;22,6;15,8;22,9;21,8;16;14,9;67;64;66;103;4,4;,5;
2019/01/29;0300 UTC;0;916,1;916,4;916,1;;22,3;16,2;22,6;22,1;16,2;15,8;68;66;68;103;3,3;1;
2019/01/29;0400 UTC;0;915,7;916,1;915,7;;22,1;16,2;22,6;22;16,3;16,1;70;67;69;138;3,8;,4;
2019/01/29;0500 UTC;0;915,4;915,7;915,4;;22;16,1;22,4;21,8;16,4;16,1;71;68;69;314;3,4;,3;
2019/01/29;0600 UTC;0;915,3;915,4;915,3;;21,6;16,1;22,1;21,6;16,3;16,1;72;69;71;34;2,5;,4;
2019/01/29;0700 UTC;0;915,5;915,5;915,2;;20,7;16;22,1;20,7;16,3;16;75;69;75;21;3,2;,4;
2019/01/29;0800 UTC;0;915,5;915,6;915,5;;22,3;15,2;22,4;20,5;16,1;15,1;75;64;64;40;6,2;2,3;
2019/01/29;0900 UTC;0;916,2;916,2;915,5;0;21,1;15,2;22,5;21;15,3;15;69;63;69;65;6,1;1;
2019/01/29;1000 UTC;0;916,5;916,5;916,2;111,8;22,6;15,8;22,6;20,9;16,1;15,2;70;65;65;255;4,9;1,2;
2019/01/29;1100 UTC;0;916,8;916,9;916,4;1161,4;25,2;15,7;25,2;22,6;15,9;15,5;65;56;56;37;8,3;2,8;
2019/01/29;1200 UTC;0;917,3;917,3;916,9;2081,7;26,6;16,4;26,6;25,1;16,6;15,5;56;53;53;31;8,4;3,8;
2019/01/29;1300 UTC;0;917,2;917,3;917,2;2881,6;27,9;15,5;28,3;26,5;16,9;14,8;54;44;47;19;9,5;4,7;
2019/01/29;1400 UTC;0;916,8;917,2;916,8;3476,3;29,3;14,5;29,8;27,9;16,1;14,1;47;39;41;25;10;3,6;
2019/01/29;1500 UTC;0;916,2;916,8;916,2;3844,9;30,9;15,8;31,2;29,3;16,3;13,8;43;37;40;19;7,7;2,3;
2019/01/29;1600 UTC;0;915,4;916,2;915,4;3303,2;31,2;15,1;31,4;30,1;15,8;13,2;40;34;38;36;6;1,6;
2019/01/29;1700 UTC;0;914,6;915,4;914,6;3418,7;31,4;13,4;32,4;30,6;14,9;12,3;38;30;33;32;7,9;2,7;
2019/01/29;1800 UTC;0;913,7;914,6;913,7;3072;32,5;13,4;32,7;31,3;14,4;11,9;35;29;31;49;6,2;1,8;
2019/01/29;1900 UTC;0;913,2;913,8;913,2;1240;30,8;11,8;32,7;30,5;13,4;11,3;33;28;31;29;5,4;1,1;
2019/01/29;2000 UTC;0;912,9;913,2;912,9;1601,8;31,5;10,1;32,3;30,8;13;10;33;26;27;16;5,9;1,5;
2019/01/29;2100 UTC;0;912,8;912,9;912,8;874,4;30,1;11,9;31,9;30,1;12,2;10,2;33;27;33;74;4,8;,7;
2019/01/29;2200 UTC;0;913,1;913,1;912,8;198;28,6;13,9;30,4;28,6;14,6;11,8;42;32;41;117;3,2;1,4;
2019/01/29;2300 UTC;0;913,7;913,7;913,1;;25,5;13,5;28,6;25,5;15,6;13,5;52;40;47;84;3,2;2,2;
2019/01/30;0000 UTC;0;914,4;914,4;913,7;;24;13,2;25,6;23,6;13,9;12,6;54;45;51;70;3,6;1,9;
2019/01/30;0100 UTC;0;914,9;914,9;914,4;;22,8;13,4;24;22,8;13,4;13,2;55;51;55;63;4;1,8;
2019/01/30;0200 UTC;0;914,9;915;914,8;;22,3;13,5;22,9;22,3;13,6;13,3;58;55;58;35;2,6;,8;
2019/01/30;0300 UTC;0;914,4;914,9;914,4;;22,3;14;22,7;22;14;13,2;60;56;59;45;2,6;1,1;
2019/01/30;0400 UTC;0;914;914,4;914;;21,7;13,9;22,4;21,7;14;13,9;61;59;61;35;3,2;1,3;
2019/01/30;0500 UTC;0;913,5;914;913,5;;22,3;14;22,5;21,4;14,1;13,7;63;58;59;66;4;2;
2019/01/30;0600 UTC;0;913,2;913,5;913,2;;21,4;13,8;22,6;21,4;14;13,7;62;58;62;61;4,7;2,4;
2019/01/30;0700 UTC;0;913,4;913,4;913,2;;20,8;13,6;21,4;20,8;13,9;13,6;64;62;63;41;3,7;1,4;
2019/01/30;0800 UTC;0;913,7;913,7;913,4;;20,5;13,7;20,9;20;13,9;13,6;68;63;65;68;3,9;1,9;
2019/01/30;0900 UTC;0;914,3;914,3;913,7;2,8;20,4;14,1;20,9;20,4;14,1;13,8;67;64;67;69;5,2;2,3;
2019/01/30;1000 UTC;0;914,9;914,9;914,3;182,8;21,3;15,3;21,3;20,4;15,3;14,1;71;67;69;30;4,1;1,9;
2019/01/30;1100 UTC;0;915,2;915,2;914,9;1123,4;25,2;15,5;25,2;21,3;16;15,2;69;55;55;38;6,3;2,7;
2019/01/30;1200 UTC;0;915,5;915,5;915,2;2048,7;27;16,7;27;25,2;16,7;15,1;55;51;53;35;8,2;2,9;
2019/01/30;1300 UTC;0;915,5;915,6;915,4;2801,3;28,6;15,8;28,7;26,8;16,7;15,6;53;46;46;12;9,6;3,2;
2019/01/30;1400 UTC;0;915,3;915,5;915,3;3447,4;29,5;15,1;30,2;28,4;15,9;14,3;46;40;42;23;8,1;3,9;
2019/01/30;1500 UTC;0;914,9;915,4;914,9;3832,4;31,1;14,2;31,5;29,3;16,4;13,9;43;35;36;25;8;3;
2019/01/30;1600 UTC;0;914,2;914,9;914,2;3963,9;32,1;13,2;32,3;30,4;14,8;12,5;38;31;32;64;7,3;2;
2019/01/30;1700 UTC;0;913,6;914,2;913,6;3741,4;32;13,8;32,5;31,7;14,3;12,6;35;30;33;41;5,9;2,6;
2019/01/30;1800 UTC;0;913,1;913,7;913,1;3013,9;33,3;13,7;33,3;31,2;14,8;12,4;35;29;31;37;6,8;2,2;
2019/01/30;1900 UTC;0;912,5;913,1;912,5;2200,4;32,2;12,9;33,3;31,3;15;12,1;36;30;31;196;6,1;1,6;
2019/01/30;2000 UTC;0;911,9;912,5;911,9;1810,2;32,2;14,3;32,9;31,3;14,4;12,4;34;31;34;169;4,6;1,9;
2019/01/30;2100 UTC;9,4;912,4;913,1;911,9;350,4;24,6;16,1;32,4;20,5;18,5;11,7;81;32;59;187;17,7;5,3;
2019/01/30;2200 UTC;3,2;912,9;913,2;912,3;53,6;24,4;16,6;25,2;22,1;17,6;15,5;70;58;62;223;11,6;1,9;
2019/01/30;2300 UTC;0;913;913;912,8;,8;22,8;16,7;24,4;21,6;17,7;16;77;60;69;61;5,1;2,3;
2019/01/31;0000 UTC;0;913,7;913,7;913;;21,2;17,9;22,8;21,2;18,5;16,6;84;68;82;65;3,2;,4;
2019/01/31;0100 UTC;0;914,1;914,1;913,7;;21,7;15,5;21,9;21;18,2;15,5;83;68;68;67;2,6;1,9;
2019/01/31;0200 UTC;0;914,4;914,4;914,1;;21,7;14,4;21,7;21,1;15,8;14,4;71;63;63;54;2,9;1,3;
2019/01/31;0300 UTC;0;914;914,4;914;;21,5;13,7;21,9;21,3;14,6;13,6;64;60;61;51;2,9;1,3;
2019/01/31;0400 UTC;0;913,3;914;913,3;;22;13,5;22,1;21,2;14,3;13,5;64;58;59;62;3;1,6;
2019/01/31;0500 UTC;0;912,9;913,3;912,9;;21,3;13,7;22,3;21,2;13,8;13,4;62;57;62;42;4,1;1,3;
2019/01/31;0600 UTC;0;912,5;912,9;912,5;;20,5;13,7;21,5;20,5;13,8;13,4;65;61;65;62;3,5;1,8;
2019/01/31;0700 UTC;0;912,4;912,5;912,4;;20,3;14;20,9;19,8;14;13,7;69;64;67;44;2,9;1,9;
2019/01/31;0800 UTC;0;912,4;912,5;912,4;;19,5;13,9;20,3;19,4;14,1;13,7;71;67;70;40;2,6;1,2;
2019/01/31;0900 UTC;0;912,9;912,9;912,4;,2;18,5;14,3;19,5;18,5;14,7;13,9;78;70;77;29;2,3;,8;
2019/01/31;1000 UTC;0;913,8;913,8;912,9;118,4;19,6;15;19,7;17,6;15,1;14,4;84;73;75;74;4,6;,3;
2019/01/31;1100 UTC;0;914,2;914,3;913,8;1112,1;23;15,5;23;19,6;16,1;15;76;63;63;8;2,4;,7;
2019/01/31;1200 UTC;0;914,5;914,6;914,2;2020,7;27,4;16,5;27,6;23;17,4;15,5;63;51;51;12;3;1,2;
2019/01/31;1300 UTC;0;914,7;914,7;914,5;2811,3;29,2;16,2;29,4;27,2;17,5;15,5;53;44;45;5;4,1;1;
2019/01/31;1400 UTC;0;914,5;914,7;914,5;3397,6;30,8;15,8;30,9;29,2;16,7;14,3;46;38;40;90;4,1;1,5;
2019/01/31;1500 UTC;0;914,2;914,6;914,2;3059,2;31,7;16,3;31,9;30,2;16,4;14;42;36;40;268;4,2;1,9;
2019/01/31;1600 UTC;0;913,7;914,2;913,7;3154,9;30,7;16,5;32,6;30,3;19;15,3;48;37;43;199;5,5;2,7;
2019/01/31;1700 UTC;0;912,8;913,7;912,8;3476,5;32,2;14,5;32,9;30,7;17,9;14,1;44;33;34;200;6,3;2,7;
2019/01/31;1800 UTC;0;912,2;912,8;912,2;3005,8;32,3;13,1;32,8;31;15;12,5;37;30;31;164;6,3;2,4;
2019/01/31;1900 UTC;0;911,9;912,2;911,6;2006,7;31,4;13,7;33,1;31,3;13,7;11,5;34;28;34;141;6,1;1,4;
2019/01/31;2000 UTC;0;911;911,9;911;1592,6;30,4;17,6;32,4;30,2;18,1;13,3;48;31;46;8;4,4;2,1;
2019/01/31;2100 UTC;0;911,1;911,3;911;825,8;29,3;17,5;30,7;29,3;18,9;16,9;51;45;49;21;3,5;1,7;
2019/01/31;2200 UTC;0;911,5;911,6;911,1;167,3;26,6;18,3;29,4;26,6;18,4;16,5;60;47;60;93;4,2;0;
2019/01/31;2300 UTC;0;912,3;912,3;911,5;;25,3;16,9;26,6;25,3;18;16,8;63;56;60;37;2,8;,9;
2019/02/01;0000 UTC;0;912,9;912,9;912,2;;24,6;15,1;25,3;24;18,1;15,1;70;55;55;79;4,8;2,6;
2019/02/01;0100 UTC;0;913,5;913,5;912,9;;25,2;14,8;26,1;24,5;15;13,8;56;47;53;74;4,5;2,1;
2019/02/01;0200 UTC;0;913,5;913,6;913,5;;24,3;15;25,2;24,2;15,2;14,9;57;53;56;73;4,5;3,3;
2019/02/01;0300 UTC;0;913,2;913,5;913,1;;22,8;15,9;24,4;22,6;16;14,9;66;56;65;95;4,6;,6;
2019/02/01;0400 UTC;0;912,6;913,3;912,6;;23,5;15,2;23,5;22,3;16,2;15,2;69;60;60;72;4,1;2,6;
2019/02/01;0500 UTC;0;912;912,6;912;;22,4;15,6;23,5;21,1;16,1;15,2;72;60;66;57;4,1;1,7;
2019/02/01;0600 UTC;0;911,8;912,1;911,8;;21,1;15,6;22,6;21;15,8;15,4;71;64;71;58;3,7;1,8;
2019/02/01;0700 UTC;0;911,7;911,8;911,6;;22;15,1;22,2;21;15,6;15,1;71;65;65;80;4,9;2,9;
2019/02/01;0800 UTC;0;912;912,1;911,7;;21,6;15,2;22,6;21,6;15,2;14,9;67;62;67;45;5;2,2;
2019/02/01;0900 UTC;0;912,5;912,5;912;,2;21,4;14,9;21,6;20,8;15,3;14,9;71;67;67;61;4,1;1,6;
2019/02/01;1000 UTC;0;913,2;913,2;912,4;135,3;21,9;15,6;21,9;21,2;15,7;14,8;69;65;68;27;4,2;,1;
2019/02/01;1100 UTC;0;913,7;913,7;913,2;1099,6;26;16,5;26;21,9;16,7;15,6;69;56;56;287;2;,5;
2019/02/01;1200 UTC;0;913,9;913,9;913,7;2044,1;28,1;15,8;28,2;26;16,5;15,2;56;46;47;23;6,4;3;
2019/02/01;1300 UTC;0;914,1;914,1;913,9;2828,6;29,9;16,4;29,9;27,8;17,2;15,2;49;44;44;16;7,3;3,5;
2019/02/01;1400 UTC;0;913,9;914,1;913,9;3430,1;30,3;14,4;31,1;29,6;16;14;44;37;38;7;9,1;4,9;
2019/02/01;1500 UTC;0;913,4;913,9;913,4;3808,9;31,5;13,9;31,5;30;15,3;13,5;39;34;34;16;9,1;3,9;
2019/02/01;1600 UTC;0;912,9;913,4;912,9;3904,1;32,2;14,4;32,4;31,1;15,7;13,4;38;33;34;29;6,8;2,3;
2019/02/01;1700 UTC;0;912,4;912,9;912,4;3839,6;32,9;13,5;32,9;31,9;15,4;12,9;37;30;31;47;6,8;1,7;
2019/02/01;1800 UTC;0;912;912,4;912;2268,1;31,2;14,6;33,6;31,1;15,2;12,8;37;29;37;55;5,1;1,1;
2019/02/01;1900 UTC;0;911,3;912;911,3;2560,6;33,2;14;33,3;31,2;14,8;12;37;28;31;44;4,1;1,8;
2019/02/01;2000 UTC;0;910,9;911,4;910,9;984,7;31;14,5;33,3;31;15,4;12,8;39;29;37;54;4,1;,6;
2019/02/01;2100 UTC;0;911,2;911,3;910,9;149,2;29,4;15,8;31;29,1;17,1;14,6;48;37;44;111;2,6;1,8;
2019/02/01;2200 UTC;0;911,4;911,4;911,1;39,5;26,8;17,6;29,6;26,8;17,6;14,8;57;41;57;66;3,2;2,2;
2019/02/01;2300 UTC;0;912;912;911,4;;25,6;17,2;26,9;25,6;17,6;17;60;55;60;47;4,5;1,8;
2019/02/02;0000 UTC;0;912,5;912,5;912;;24,8;16,5;25,7;24,5;17,2;16,4;62;59;60;36;4,1;1,8;
2019/02/02;0100 UTC;0;913,3;913,3;912,5;;24,1;16,3;24,8;24,1;16,4;16,2;62;60;62;60;4,2;1,1;
2019/02/02;0200 UTC;0;913,5;913,5;913,3;;23,7;16,5;24,2;23,5;16,5;16,3;64;61;64;39;5,7;1,5;
2019/02/02;0300 UTC;0;913,4;913,6;913,4;;23,5;16,6;23,9;23,4;16,6;16,4;65;63;65;87;5;1,1;
2019/02/02;0400 UTC;0;913,3;913,5;913,2;;23,8;16,4;23,8;23,2;16,7;16,3;66;63;63;79;4,8;2,5;
2019/02/02;0500 UTC;0;913,1;913,3;913,1;;23,3;15,9;23,8;23,3;16,3;15,9;63;62;63;47;4,8;1,4;
2019/02/02;0600 UTC;0;912,7;913,1;912,7;;21,7;16,1;23,5;21,7;16,1;15,8;71;62;71;57;4,2;1,3;
2019/02/02;0700 UTC;0;913;913;912,6;;21,2;16,5;21,8;21,2;16,5;16;75;70;74;32;1,6;,2;
2019/02/02;0800 UTC;0;913,1;913,2;913;;20,5;16,4;21,3;20,5;16,8;16,3;78;74;77;72;1,2;,1;
2019/02/02;0900 UTC;0;913,7;913,7;913,1;;19,5;16,4;20,5;19,5;16,7;16,3;83;77;82;305;1,7;,1;
2019/02/02;1000 UTC;0;914,3;914,4;913,7;120,8;20,7;16,7;20,7;19,4;16,9;16,2;83;77;78;94;3,6;1,4;
2019/02/02;1100 UTC;0;914,3;914,3;914,1;1089,2;25,1;17,4;25,1;20,7;17,7;16,7;78;62;62;1;3,6;,4;
2019/02/02;1200 UTC;0;914,6;914,7;914,3;2012,9;27,8;15,8;28;25,1;17,9;15,5;62;47;48;14;6,1;3,6;
2019/02/02;1300 UTC;0;914,4;914,6;914,4;2825,7;30,1;16,2;30,1;27,8;16,7;15,2;49;43;43;37;7,4;3,1;
2019/02/02;1400 UTC;0;914,4;914,5;914,3;3411,7;31,3;14,9;31,7;29,9;17,6;13,9;46;35;37;100;6,1;1,5;
2019/02/02;1500 UTC;0;913,8;914,4;913,8;3143,1;32;13,8;32,2;30,9;15,4;13;40;32;33;347;5,2;1,6;
2019/02/02;1600 UTC;0;912,9;913,8;912,9;3167,3;32,3;13,3;32,7;31,6;14,6;12,9;35;31;32;205;3,7;,9;
2019/02/02;1700 UTC;0;912,1;912,9;912,1;2852;33,7;12,9;33,9;31,8;14,4;12,8;35;28;28;35;4;1,2;
2019/02/02;1800 UTC;0;911,6;912,1;911,6;2911,7;33,3;13,3;34,7;32,1;15,1;12,2;33;27;30;36;4,1;2;
2019/02/02;1900 UTC;0;910,9;911,6;910,9;1098,5;33,7;13,2;33,7;32;13,5;12;32;27;29;341;4,3;,8;
2019/02/02;2000 UTC;0;910,6;910,9;910,6;2083,7;34;12,7;34,1;33,1;13,4;11,9;30;27;28;204;4;1;
2019/02/02;2100 UTC;0;910,4;910,7;910,4;1047,3;32,4;14,3;34,1;32,3;14,3;12,4;33;27;33;210;3,8;1,4;
2019/02/02;2200 UTC;0;910,8;910,8;910,3;180,9;29,2;15,6;32,5;29,2;16,2;13,8;44;32;44;144;2,5;,1;
2019/02/02;2300 UTC;0;911,5;911,5;910,8;;27,6;18;29,2;27,5;18,8;15,2;59;43;56;91;1,9;,1;
2019/02/03;0000 UTC;0;912;912;911,5;;26,2;17,7;27,6;25,8;18,8;17,7;65;55;60;50;1,1;,1;
2019/02/03;0100 UTC;0;912,2;912,2;911,9;;24,3;18;26,2;24,3;18,6;17,5;69;60;68;205;1,5;0;
2019/02/03;0200 UTC;0;912,8;912,9;912,2;;24,2;16,7;25,8;23,8;18,2;16;71;55;63;47;4,5;2,2;
2019/02/03;0300 UTC;0;912,7;912,9;912,7;;23,3;17,1;25,2;23,1;17,4;16,4;70;59;68;92;3,2;,6;
2019/02/03;0400 UTC;0;912,4;912,8;912,4;;23;17,3;24,5;22,6;17,6;16,1;73;59;70;88;4;1,7;
2019/02/03;0500 UTC;0;911,8;912,5;911,8;;22,2;16,7;23,5;22;17,4;16,7;74;67;71;74;4,1;,6;
2019/02/03;0600 UTC;0;911,2;911,8;911,2;;22,5;16,4;22,7;22,2;16,9;16,4;72;68;68;37;2,6;,9;
2019/02/03;0700 UTC;0;911,4;911,4;911,1;;21,2;17,1;22,5;21,1;17,2;16,4;78;68;78;159;2,1;0;
2019/02/03;0800 UTC;0;911,2;911,6;911,2;;21,1;16,6;21,5;20,9;17,3;16,6;78;75;76;48;2,5;,5;
2019/02/03;0900 UTC;0;911,6;911,6;911,2;,6;20,2;16,6;22,1;20,2;16,9;16,1;81;72;80;338;4,1;,4;
2019/02/03;1000 UTC;0;913;913;911,6;204,7;22,7;17,9;22,7;20;17,9;16,5;81;74;74;188;2,5;,9;
2019/02/03;1100 UTC;0;914,1;914,2;913;815,5;24,3;18;24,3;22,7;18,1;17,5;74;67;68;252;7,7;2,6;
2019/02/03;1200 UTC;0;913,8;914,2;913,7;1925;25,1;17;25,5;23,8;18,3;16,8;69;60;61;224;7,5;2,6;
2019/02/03;1300 UTC;0;913,6;913,9;913,6;2765,6;27,4;19;27,4;25,1;19;16,8;63;57;60;174;4,8;2,1;
2019/02/03;1400 UTC;0;912,8;913,6;912,8;3319,3;29;19,2;29,1;27;19,4;17,9;61;54;55;211;4,6;1,1;
2019/02/03;1500 UTC;0;912,3;912,8;912,3;3595,7;31;17,2;31,6;29;20,2;16,3;56;41;44;153;3,5;1,8;
2019/02/03;1600 UTC;0;911,6;912,4;911,6;3836,3;32;16,9;33,1;30,9;19,3;16,5;48;39;40;219;5,5;1,9;
2019/02/03;1700 UTC;0;910,8;911,6;910,8;3773,5;33,1;16,4;33,4;32;18,4;16,3;42;37;37;212;5,9;3,5;
2019/02/03;1800 UTC;0;910,1;910,8;910,1;3532,8;33,7;14,5;34,3;32,8;16,7;14,1;37;31;32;216;6,2;3,3;
2019/02/03;1900 UTC;0;910;910,3;909,9;2086,3;31;15,9;34,2;31;15,9;13,3;40;29;40;195;8,8;4;
2019/02/03;2000 UTC;0;909,2;910;908,6;680;28,9;16,4;31;28,6;17,8;15,6;51;40;47;161;8,8;2,3;
2019/02/03;2100 UTC;0;909,7;909,7;908,8;346,8;27,4;17,5;28,9;27,4;17,5;16,3;55;47;55;18;4,2;1,4;
2019/02/03;2200 UTC;0;911;911;909,7;36,4;24,9;18,1;27,9;24,9;18,2;17,6;66;54;66;34;8,8;1,3;
2019/02/03;2300 UTC;0;911,3;911,3;910,9;;23,9;12,3;24,9;23,9;18,1;12,3;68;48;48;359;11,2;4,7;
2019/02/04;0000 UTC;0;912;912,3;911,3;;23,8;12,5;24;22,9;14;12,2;54;48;49;20;9,9;3,4;
2019/02/04;0100 UTC;0;911,8;912;911,8;;23;13;23,8;22,9;13,4;12,6;55;49;53;28;10,4;1,6;
2019/02/04;0200 UTC;0;911,8;911,9;911,5;;22,7;13,3;23,1;22,2;13,4;12,4;57;52;55;160;7,1;2,7;
2019/02/04;0300 UTC;0;911,6;911,9;911,2;;23,3;12,9;23,6;22,7;13,2;12,6;55;50;52;136;8,5;2,2;
2019/02/04;0400 UTC;0;911,6;911,9;911,5;;22,7;13,8;23,3;22,4;13,8;12,9;58;52;57;246;5,1;,5;
2019/02/04;0500 UTC;0;911,4;911,6;911,3;;21,2;16,3;22,7;21,2;16,7;14;74;58;74;173;7,5;3,7;
2019/02/04;0600 UTC;0;911,1;911,4;910,9;;20;15,3;21,2;20;16,3;15,3;74;73;74;158;7,5;1,8;
2019/02/04;0700 UTC;0;910,9;911,3;910,8;;19;15,7;20;18,9;15,9;15,2;82;74;81;77;4,1;1,3;
2019/02/04;0800 UTC;0;910,4;910,9;910,3;;18,9;15,5;19;18,5;15,9;15,5;83;81;81;55;4,6;2,5;
2019/02/04;0900 UTC;0;911,3;911,4;910,3;;19,9;15,5;19,9;18,9;15,6;15,4;81;76;76;103;7,7;1,3;
2019/02/04;1000 UTC;0;911,9;911,9;911,2;165,9;20,8;15,9;20,8;19,9;16;15,3;77;73;73;49;6;2,6;
2019/02/04;1100 UTC;0;913,7;913,7;911,9;776,3;21;17;21,9;20,5;17;15,6;80;69;78;200;6,8;2,2;
2019/02/04;1200 UTC;0;914,2;914,4;913,7;1506,9;22,2;16,7;23;21;17,3;16,3;78;68;71;347;4,2;1,9;
2019/02/04;1300 UTC;0;914,2;914,2;913,7;2180,8;25,6;16,6;26,1;22,2;17,8;16;71;55;58;320;6,3;2,9;
2019/02/04;1400 UTC;0;914,4;914,5;914,2;963,7;22,6;17,6;25,6;22,2;17,8;16,3;75;57;73;212;7,5;3,8;
2019/02/04;1500 UTC;0;913,8;914,4;913,8;3056,2;25,1;17,7;25,6;22,6;18,5;16,8;73;61;63;213;6;2,6;
2019/02/04;1600 UTC;0;913;913,8;913;3695,9;27,1;17,6;27,4;25,1;18,6;16,5;64;55;56;228;6,1;2,4;
2019/02/04;1700 UTC;0;912,5;913;912,5;2910,9;27,4;17,8;27,9;26,3;18,3;16,7;58;53;56;219;6,4;2,9;
2019/02/04;1800 UTC;0;911,8;912,5;911,8;2857;28,2;16,8;28,4;26,3;18,7;16,8;58;50;50;244;6,4;2,4;
2019/02/04;1900 UTC;0;911,4;911,8;911,4;2546,7;27,6;17,3;29;27,4;18,1;16,6;55;49;53;225;6,3;3,4;
2019/02/04;2000 UTC;0;911,3;911,5;911,2;1347,9;27,4;16,8;27,6;26,6;17,3;15,2;55;49;52;215;7;3,9;
2019/02/04;2100 UTC;0;911;911,3;911;972,9;26,5;15,9;27,5;26,3;17;15,6;54;51;52;199;7,2;3,2;
2019/02/04;2200 UTC;0;911,4;911,4;911;136,5;24,3;16,8;26,5;24,3;16,9;15,6;63;52;63;156;5,6;,5;
2019/02/04;2300 UTC;0;911,8;911,8;911,4;;23,9;15,9;24,3;23,8;16,7;15;63;58;61;143;2;1,1;
2019/02/05;0000 UTC;0;912,3;912,3;911,8;;21,8;16,2;23,9;21,4;16,2;15,5;72;60;70;72;2,9;1;
2019/02/05;0100 UTC;0;913;913;912,3;;20,7;16;22,1;20,7;16,5;15,9;75;69;75;10;2,9;,4;
2019/02/05;0200 UTC;0;913,4;913,4;913;;20,5;16,1;20,7;20;16,5;16;78;75;76;329;2,2;0;
2019/02/05;0300 UTC;0;913,2;913,4;913,2;;19,8;16,2;20,5;19,8;16,3;15,7;80;75;80;331;1,6;0;
2019/02/05;0400 UTC;0;912,4;913,2;912,4;;19,4;16,3;20,1;19;16,5;15,7;84;79;82;265;3,5;,2;
2019/02/05;0500 UTC;0;911,8;912,4;911,8;;20;16,8;20;18,7;16,8;15,9;85;82;82;96;3;1,2;
2019/02/05;0600 UTC;0;911,4;911,8;911,4;;18,9;16,6;20,1;18,6;17,2;15,8;87;81;86;70;2,3;,6;
2019/02/05;0700 UTC;0;911,1;911,5;910,9;;19,3;16,9;19,3;18,6;17,2;16,3;88;84;86;81;3,7;2,2;
2019/02/05;0800 UTC;0;911,2;911,4;911,1;;19,5;17,2;19,6;18;17,5;15,6;89;85;87;123;3,2;1,1;
2019/02/05;0900 UTC;0;911,2;911,3;911,2;;19,1;17,3;19,5;17,8;17,3;15,7;90;84;89;54;3,2;,7;
2019/02/05;1000 UTC;0;911,8;911,8;911,2;118;20,3;17,5;20,3;19;17,5;16,7;89;84;84;63;4,6;2,3;
2019/02/05;1100 UTC;0;912,3;912,3;911,8;1045,8;23;18,2;23;20,3;18,3;17,5;84;74;74;108;5;,9;
2019/02/05;1200 UTC;0;912,9;912,9;912,3;1949,6;24,8;18,2;25,2;23;18,6;17,9;75;65;67;74;5,9;1,5;
2019/02/05;1300 UTC;0;913,1;913,1;912,9;2795,7;27,2;18;27,4;24,9;18,6;17,6;67;57;58;108;5,1;1,9;
2019/02/05;1400 UTC;0;912,9;913,2;912,9;2729,1;28,1;16,8;28,4;27;19,1;16,4;60;50;50;10;5,9;1,9;
2019/02/05;1500 UTC;0;912,3;912,9;912,2;3657,1;29,7;15,7;30;28,1;17,9;15,2;52;43;43;86;5,6;1,5;
2019/02/05;1600 UTC;0;911,8;912,3;911,8;3839,4;29,8;14,4;31,5;29,6;17,2;14,4;46;37;39;360;5,5;1,1;
2019/02/05;1700 UTC;,8;911,6;911,8;911,1;1035,3;22,6;17,1;30,4;22,6;17,9;14,3;71;39;71;224;15,7;7,4;
2019/02/05;1800 UTC;3,8;910;911,9;910;497,5;22,2;17,5;22,9;20;18,8;16;86;71;75;101;15,7;2,7;
2019/02/05;1900 UTC;0;909,1;910;909,1;1178,6;25,2;18,3;25,6;22,2;19,2;16,4;79;62;66;77;5,6;2,9;
2019/02/05;2000 UTC;0;908,9;909,1;908,4;1720;28,1;15,1;29,3;25,2;18,2;14,6;66;43;45;78;4,9;1,8;
2019/02/05;2100 UTC;0;909,5;909,6;908,9;263;23,7;17,4;28,1;23,7;17,8;15,5;68;45;68;32;9,4;2,5;
2019/02/05;2200 UTC;0;911;911;909;14,7;22,8;17,9;23,7;22,8;18;17,1;74;67;74;170;6,4;2,1;
2019/02/05;2300 UTC;1;911;911,4;910,9;;19,9;16,6;22,8;19,4;18,8;16,6;92;74;81;118;10,1;4,6;
2019/02/06;0000 UTC;0;911,7;911,7;910,8;;20,2;17,1;21,1;19,8;17,1;16,3;82;75;82;65;8,5;,5;
2019/02/06;0100 UTC;0;913;913;911,7;;20,7;17,1;20,8;20,2;17,6;16,9;83;79;80;345;3,8;,9;
2019/02/06;0200 UTC;2;913;913,2;913;;19,4;17,7;20,7;19,4;17,7;17,1;90;80;90;67;3,1;1,9;
2019/02/06;0300 UTC;,6;911,5;913;911,5;;19,7;17,5;19,8;19,4;18;17,4;90;87;87;55;4,9;1,9;
2019/02/06;0400 UTC;0;911,2;911,5;911,2;;19,7;17;20,2;19,6;17,6;16,8;87;83;85;112;5;1;
2019/02/06;0500 UTC;0;910,6;911,3;910,6;;20,1;17,2;20,1;19,3;17,6;16,8;87;83;84;65;2,7;1,9;
2019/02/06;0600 UTC;0;910,2;910,6;910,2;;19,7;17,5;20,2;19,4;17,6;17,2;88;84;87;45;2,7;,7;
2019/02/06;0700 UTC;0;910,3;910,3;910,1;;19,7;17,7;20,4;19,5;17,8;17,3;88;85;88;17;2,6;,1;
2019/02/06;0800 UTC;0;911,5;911,5;910,3;;20;18,2;20;19,5;18,2;17,8;91;88;89;316;2,6;,6;
2019/02/06;0900 UTC;0;911,9;911,9;911,5;;20;18;20,2;19,9;18,2;17,8;89;86;89;72;3,6;2,1;
2019/02/06;1000 UTC;0;912,2;912,2;911,9;104,6;20,4;18,1;20,4;19,9;18,2;18;89;86;86;13;5,2;2,8;
2019/02/06;1100 UTC;0;912,9;912,9;912,2;298,5;20,4;18;20,6;20,3;18,1;17,8;86;85;86;19;5,7;3,4;
2019/02/06;1200 UTC;2,4;913,2;913,2;912,8;356,3;20,3;18,3;20,4;19,8;18,3;17,7;89;86;88;35;6;1,6;
2019/02/06;1300 UTC;,2;913,3;913,5;913,2;1020,2;21,5;18,9;21,5;20,3;19,2;18,2;89;85;85;31;5,2;2,4;
2019/02/06;1400 UTC;,2;912,9;913,3;912,9;1048,5;22;19,2;22;21,4;19,3;18,4;87;83;84;37;7,5;2,1;
2019/02/06;1500 UTC;0;912,6;912,9;912,6;1511,5;23,5;19,5;23,6;22;19,9;18,8;84;77;78;26;6,8;2,7;
2019/02/06;1600 UTC;0;911,8;912,6;911,8;1825,9;24,2;18,8;24,4;23,3;19,7;18,3;79;70;72;10;7;3,6;
2019/02/06;1700 UTC;0;910,9;911,8;910,9;1945,8;25,5;18,7;25,6;24,2;19,3;18,2;73;66;66;360;7,3;3,3;
2019/02/06;1800 UTC;0;909,9;910,9;909,9;2328,7;26;18,2;26,7;25,5;19,1;17,7;67;59;62;9;6,9;3,5;
2019/02/06;1900 UTC;0;909,3;910;909,3;699,1;25,7;18,3;26,3;25,4;18,5;17,4;64;59;64;348;6,9;1,7;
2019/02/06;2000 UTC;0;908,3;909,3;908,3;1373,1;26,6;18;26,9;25,3;19,1;17,5;65;58;59;176;3,6;1,8;
2019/02/06;2100 UTC;0;909,3;909,3;908,3;812,7;23,2;18,5;26,9;22,6;19;17,4;79;57;75;71;4,7;2,1;
2019/02/06;2200 UTC;0;909,5;909,5;909;80,4;21,8;18,9;23,2;21,8;19,1;18,5;84;75;84;62;4,5;2;
2019/02/06;2300 UTC;0;911;911;909,5;;21,4;18,7;21,8;20,8;19;18,3;86;81;85;33;7,6;2,3;
2019/02/07;0000 UTC;,2;911,2;911,2;910,8;;20,1;17,2;21,4;19,7;18,6;17;85;81;83;70;9,3;2,3;
2019/02/07;0100 UTC;0;911,7;911,7;910,9;;19,6;17,6;20,1;19,4;17,6;16,9;88;83;88;36;6,1;1,6;
2019/02/07;0200 UTC;,6;912;912,1;911,7;;20;18;20,5;19,6;18,2;17,7;89;86;88;80;3,3;,9;
2019/02/07;0300 UTC;,8;911,7;912,1;911,7;;19,8;18,3;20;19,7;18,4;18;91;88;91;85;3;1,8;
2019/02/07;0400 UTC;0;911,1;911,7;911;;19,7;18,1;19,8;19,7;18,4;18,1;91;90;91;70;4,4;1,4;
2019/02/07;0500 UTC;0;910,7;911,2;910,7;;19,5;17,9;19,7;19,5;18,2;17,9;91;90;90;52;3,2;,8;
2019/02/07;0600 UTC;0;909,8;910,7;909,8;;19,4;18;19,6;19,4;18,1;17,9;92;90;92;68;3,3;,6;
2019/02/07;0700 UTC;0;909,4;909,8;909,4;;19,2;17,7;19,4;19,2;18;17,7;92;91;91;28;3,9;2;
2019/02/07;0800 UTC;0;909,9;910;909,4;;19,3;17,6;19,3;19,2;17,8;17,6;91;90;90;37;4,8;2,2;
2019/02/07;0900 UTC;,6;910,3;910,4;909,9;;18,7;17;19,3;18,7;17,6;17;91;89;89;40;5,4;2,4;
2019/02/07;1000 UTC;,2;910,6;910,6;910,3;74,8;19,2;17,3;19,3;18,7;17,4;17;90;88;89;48;5,4;2,6;
2019/02/07;1100 UTC;0;910,8;910,8;910,6;416,7;20;17,7;20;19,2;17,7;17,3;89;86;87;66;5,9;2,9;
2019/02/07;1200 UTC;0;911,5;911,5;910,8;904,1;21,8;18,1;21,8;20;18,4;17,7;87;79;80;41;5,1;1,9;
2019/02/07;1300 UTC;0;911,6;912;911,3;1440,7;23;17,9;23;21,8;18,4;17,2;81;71;73;345;4,7;1,3;
2019/02/07;1400 UTC;0;911,1;911,6;911,1;1973,3;24,6;17,8;24,9;23;18,9;17,5;74;65;66;229;3,2;,4;
2019/02/07;1500 UTC;0;910,7;911,1;910,7;3334,8;27,4;17,9;27,5;24,6;18,9;17,2;69;56;56;342;6,8;2,9;
2019/02/07;1600 UTC;0;910;910,7;910;3011,9;28,4;18;28,4;26,4;18,3;16;60;50;53;325;6,8;2,4;
2019/02/07;1700 UTC;0;909;910;909;2233,1;27,1;17;29,4;26,8;18,4;16,5;57;48;54;28;5,9;1,5;
2019/02/07;1800 UTC;0;908,6;909;908,6;1324,1;27,5;16,9;28,4;27,1;17,6;16,1;55;49;52;326;6,1;,9;
2019/02/07;1900 UTC;0;908,1;908,6;908,1;1369,3;27;17,8;28,8;26,9;18,3;16,8;59;50;57;194;7;2,1;
2019/02/07;2000 UTC;0;907,6;908,2;907,6;831,3;28,7;17,5;28,9;26,8;18,3;16,9;59;49;51;247;4,8;1,7;
2019/02/07;2100 UTC;0;907,9;907,9;907,6;909,3;27,1;16,5;28,9;27,1;17,4;16,3;53;48;52;214;4,5;1;
2019/02/07;2200 UTC;0;908,3;908,4;907,9;201,6;25,2;17,5;27,5;25,2;17,8;16,3;62;51;62;154;2,3;1,2;
2019/02/07;2300 UTC;0;909,2;909,2;908,3;;23,2;18;25,2;23,1;18;17,5;73;62;73;68;2,3;1,3;
2019/02/08;0000 UTC;0;909,9;909,9;909,2;;22;18,5;23,2;22;18,7;18;81;73;80;40;2,1;0;
2019/02/08;0100 UTC;0;910,7;910,7;909,9;;22;17,9;22,5;21,8;18,5;17,8;81;76;78;84;4,2;2,5;
2019/02/08;0200 UTC;0;910,8;911,1;910,7;;21,2;17,4;22,2;21,2;18,3;17,3;79;76;79;106;5,4;1,7;
2019/02/08;0300 UTC;0;910,5;910,8;910,5;;21,3;17,3;21,4;21;17,4;17,2;80;77;78;89;5,4;1,1;
2019/02/08;0400 UTC;0;910,1;910,6;910,1;;20,6;17,2;21,4;20,5;17,4;17,1;81;77;81;54;3,9;,5;
2019/02/08;0500 UTC;0;909,6;910,1;909,4;;20,4;17,1;20,7;20,3;17,3;17;82;81;81;78;4;1,4;
2019/02/08;0600 UTC;0;909,3;909,6;909,3;;20,1;17,1;20,4;20;17,1;16,9;83;81;83;82;4,2;,8;
2019/02/08;0700 UTC;0;909,2;909,3;909,1;;19,9;17,3;20,1;19,8;17,3;17;85;83;85;74;5,4;1,9;
2019/02/08;0800 UTC;0;909,4;909,4;909,2;;19,6;17;19,9;19,5;17,2;17;86;85;85;70;4,6;1,5;
2019/02/08;0900 UTC;0;910,3;910,3;909,4;;19,3;17;19,7;19,3;17;16,9;86;85;86;54;3,7;1,1;
2019/02/08;1000 UTC;0;910,7;910,7;910,3;98,8;20,5;17,9;20,5;19,1;17,9;17;88;85;85;60;3,8;2;
2019/02/08;1100 UTC;0;911,3;911,3;910,7;1110;23,2;18,5;23,2;20,5;18,7;17,9;85;75;75;20;4,7;2,3;
2019/02/08;1200 UTC;0;911,5;911,6;911,3;2008,7;25,5;19,1;25,5;23,2;19,1;18,3;75;68;68;354;4,8;2,3;
2019/02/08;1300 UTC;0;911,7;911,8;911,6;2705,3;26,5;18;27,5;25,3;19,3;17,9;68;57;59;329;4,6;1,6;
2019/02/08;1400 UTC;0;911,7;911,7;911,6;2519,1;28,3;18,8;28,3;26,5;18,8;17,7;60;54;57;234;3,4;1,6;
2019/02/08;1500 UTC;0;911,2;911,7;911,1;2760,1;27,7;19,1;28,8;27,4;19,9;16,8;60;50;59;184;5,3;2,1;
2019/02/08;1600 UTC;4,4;911,1;911,2;910,7;2453,8;21,6;18,1;29,6;21,6;19,7;17,1;80;49;80;314;13,7;5,8;
2019/02/08;1700 UTC;3;910;911,1;910;2578,2;26,1;20,5;26,1;21,6;21,6;17,2;83;67;72;37;13,7;2;
2019/02/08;1800 UTC;0;908,8;910;908,8;2722;27,9;18,5;28;25,9;20,8;18,4;72;57;57;9;4,5;1,2;
2019/02/08;1900 UTC;0;908,2;908,8;908,2;2472,7;28,7;17,4;29,9;27,9;19,7;17,2;59;49;50;163;4,3;1,3;
2019/02/08;2000 UTC;0;907,7;908,2;907,7;1711,8;29,9;17,2;30,4;28,7;18,2;16,4;51;44;46;176;4,3;1,5;
2019/02/08;2100 UTC;0;908,2;908,2;907,7;625,3;28,7;17,7;29,9;28,4;18,1;16,8;53;46;52;155;4,7;1,2;
2019/02/08;2200 UTC;0;908,8;908,8;908,2;130;25,2;17,8;28,7;25,2;18,9;17,7;66;51;63;87;4,8;2,6;
2019/02/08;2300 UTC;0;909,6;909,6;908,8;;23,8;17,9;25,2;23,5;18,2;17,8;72;63;70;66;4,3;2,4;
2019/02/09;0000 UTC;0;910;910,1;909,6;;23,1;17,9;23,8;23;18,3;17,9;74;70;72;72;3,6;2,6;
2019/02/09;0100 UTC;0;910,9;910,9;910;;22,8;17,3;23,2;22,3;17,9;17,3;75;71;71;72;3,5;2,1;
2019/02/09;0200 UTC;0;910,9;911;910,8;;23;17,4;23,4;22,8;17,5;17,3;71;70;71;76;5;2;
2019/02/09;0300 UTC;0;910,8;910,9;910,8;;22;17,8;23;21,8;17,9;17,4;78;71;77;63;4,2;1,6;
2019/02/09;0400 UTC;0;910,5;910,8;910,5;;21,3;17,6;22;21,3;17,8;17,6;80;77;80;44;3,4;1,4;
2019/02/09;0500 UTC;0;910;910,5;910;;20,9;17,1;21,4;20,8;17,8;17,1;82;78;79;81;5;1;
2019/02/09;0600 UTC;0;909,8;910;909,6;;20,4;17,2;21,1;20,4;17,4;17,1;82;79;82;48;4,4;1,6;
2019/02/09;0700 UTC;0;909,8;909,8;909,6;;19,9;17,2;20,7;19,8;17,4;17,1;85;80;85;51;3,2;1;
2019/02/09;0800 UTC;0;910;910;909,7;;20;17,5;20,2;19,8;17,5;17,1;85;84;85;66;3,6;1,5;
2019/02/09;0900 UTC;0;910,8;910,8;910;;20,6;17,7;20,6;19,7;17,9;17,2;87;83;83;40;3,6;1,2;
2019/02/09;1000 UTC;0;911,7;911,7;910,8;96,1;20,6;17,7;20,6;19,7;17,9;17,2;87;83;84;63;3,3;1,5;
2019/02/09;1100 UTC;0;912,3;912,3;911,7;1102,5;23,7;18,5;23,7;20,6;18,7;17,8;84;72;73;36;6,2;2,8;
2019/02/09;1200 UTC;0;912,6;912,6;912,3;2006,2;25,7;18,8;25,8;23,7;19;18,2;73;64;65;48;6,2;2;
2019/02/09;1300 UTC;0;912,7;912,8;912,6;2809,1;27,2;19,1;27,2;25,5;19,4;18;66;60;61;23;6,1;2,8;
2019/02/09;1400 UTC;0;912,4;912,8;912,4;2797,6;27,6;18,7;29;26,9;20;18,5;63;56;58;355;6;3;
2019/02/09;1500 UTC;0;912,1;912,4;912,1;3417,3;29,9;17,5;30,5;27,5;19,5;17,5;59;47;47;1;6,4;2,6;
2019/02/09;1600 UTC;0;911,3;912,1;911,3;3490,3;30,8;18;31;29,5;19,3;17;52;46;47;7;7,6;2,7;
2019/02/09;1700 UTC;0;910,5;911,4;910,5;2311;30,5;15,2;31,2;29,6;17,4;14,4;46;38;40;301;5,8;,9;
2019/02/09;1800 UTC;0;909,8;910,5;909,8;2398,2;30,7;14,7;32;29,7;16,2;14,4;42;36;38;97;4,1;1,6;
2019/02/09;1900 UTC;0;908,9;909,8;908,9;1150,9;29,8;16,7;31,1;29,5;17,6;14,3;47;36;45;153;4,1;1,1;
2019/02/09;2000 UTC;0;908,6;909;908,6;1532,4;31;16,2;31,3;29,6;17,2;14,9;47;38;41;332;2,3;,8;
2019/02/09;2100 UTC;0;908,6;908,6;908,4;948,6;29,7;16,3;31,2;29,7;17,1;15,2;45;39;44;161;4,4;2,5;
2019/02/09;2200 UTC;0;909;909;908,6;93,2;27,4;16,8;29,7;27,4;16,8;15,8;52;43;52;107;4,4;1,6;
2019/02/09;2300 UTC;0;909,9;909,9;909;;24,9;18,1;27,4;24,9;18,1;16,5;66;52;66;86;3,2;1,8;
2019/02/10;0000 UTC;0;910,9;910,9;909,9;;23,9;18,2;24,9;23,8;18,3;18;71;66;70;68;3,2;1,2;
2019/02/10;0100 UTC;0;911,6;911,6;910,9;;22,9;18,2;24;22,9;18,3;18,1;75;70;75;11;5,2;,6;
2019/02/10;0200 UTC;0;911,3;911,6;911,3;;22,7;17,8;22,9;22,2;18,3;17,8;77;74;74;170;2,9;,3;
2019/02/10;0300 UTC;0;911;911,3;910,9;;21,6;17,4;22,8;21,6;17,8;17,4;77;73;77;51;2,9;1;
2019/02/10;0400 UTC;0;910,4;911;910,4;;21,2;17,3;21,8;20,9;17,6;17,3;80;76;79;21;2,4;,7;
2019/02/10;0500 UTC;0;910,2;910,5;910,2;;21,2;17,6;21,2;21;17,6;17,3;80;79;80;58;3,2;,4;
2019/02/10;0600 UTC;0;910,4;910,5;910,2;;20,8;17,4;21,5;20,5;17,6;17,3;83;78;81;37;3,3;1,3;
2019/02/10;0700 UTC;0;910,7;910,8;910,4;;20,6;17,5;20,9;20,4;17,7;17,3;83;81;82;46;3,8;1,4;
2019/02/10;0800 UTC;0;910,8;910,8;910,7;;20,3;17,6;20,7;20,3;17,6;17,3;84;82;84;2;3,1;,6;
2019/02/10;0900 UTC;0;911,2;911,2;910,8;;20,2;17,7;20,6;20,2;17,9;17,6;85;84;85;180;2;0;
2019/02/10;1000 UTC;0;911,8;911,8;911,2;183,7;22,1;18,5;22,1;20,2;18,5;17,7;86;80;80;2;2;,5;
2019/02/10;1100 UTC;0;912,1;912,1;911,8;966,2;23,9;19;23,9;22,1;19,1;18,6;80;74;74;12;4,8;2;
2019/02/10;1200 UTC;0;912,5;912,5;912,2;1858,3;25,9;18,7;26,4;23,9;19,4;18,5;74;64;64;16;7,5;3,6;
2019/02/10;1300 UTC;0;912,3;912,5;912,3;2414,5;27,4;19;27,9;25,7;20;18,7;66;60;60;360;7,7;3,8;
2019/02/10;1400 UTC;0;912,1;912,4;912,1;2930,2;27,9;19,7;28,2;26,7;20;18,9;63;59;61;17;8,9;4,2;
2019/02/10;1500 UTC;0;911,6;912,1;911,6;3451,1;29,5;18,3;30;27,8;19,7;18,2;61;50;51;5;9,2;3,2;
2019/02/10;1600 UTC;0;911;911,6;911;2834,5;30,2;18,3;30,5;29,2;19,3;17,1;53;47;49;9;6,8;2,8;
2019/02/10;1700 UTC;0;910,2;911;910,2;2331,7;30,3;17;31,3;29,7;18,3;16,4;49;44;45;31;6,7;1,7;
2019/02/10;1800 UTC;0;909,4;910,2;909,4;2151,8;30,3;16,4;31,7;29,8;18,1;16,1;47;40;43;48;4,5;1,8;
2019/02/10;1900 UTC;0;909;909,4;908,8;1371,8;27,9;19,2;30,5;27,9;20,4;16,1;59;42;59;307;6,6;3,1;
2019/02/10;2000 UTC;0;908,9;909,1;908,8;565,1;26,4;18,9;27,8;26,1;19,7;18,6;65;59;64;65;6,6;1;
2019/02/10;2100 UTC;0;910,2;910,2;908,7;455,2;23,5;18,7;27,1;23,5;19,5;18,1;75;62;75;108;8,8;4,2;
2019/02/10;2200 UTC;27,4;911,1;911,2;910,2;24,8;20,7;19,1;23,5;20;19,2;18;91;74;91;67;9,2;2,9;
2019/02/10;2300 UTC;3;911,6;911,6;911,1;;21,1;18,8;21,5;20,6;19,5;18,7;91;85;87;85;5,8;3,2;
2019/02/11;0000 UTC;0;911,7;911,7;911,5;;22;19,3;22;21;19,4;18,9;89;84;84;25;5,2;1,4;
2019/02/11;0100 UTC;0;912,1;912,3;911,7;3,5;22;19,2;22,3;21,6;19,3;19;86;83;85;24;4,4;2,2;
2019/02/11;0200 UTC;0;912,5;912,5;912,1;;22,2;19,3;22,3;21,7;19,5;19,2;87;84;84;70;3,9;1,2;
2019/02/11;0300 UTC;0;912,7;912,7;912,5;;22,2;19,4;22,4;21,9;19,6;19,2;86;84;84;19;4,4;2,1;
2019/02/11;0400 UTC;0;912,3;912,7;912,3;;22;19,2;22,2;21,9;19,5;19,2;86;84;84;14;6,5;3,5;
2019/02/11;0500 UTC;0;912;912,3;912;;21,5;19,2;22,1;21,5;19,4;19,2;87;84;87;351;6,3;1,6;
2019/02/11;0600 UTC;0;911,8;912;911,8;;21,6;19,2;21,8;21,5;19,4;19,2;87;85;86;13;5,4;2,5;
2019/02/11;0700 UTC;0;911,9;911,9;911,7;;21,5;19,2;21,6;21,4;19,2;19,1;87;86;87;7;6,2;1,7;
2019/02/11;0800 UTC;0;912,2;912,2;911,8;;21,3;19,1;21,6;21,3;19,3;19,1;88;87;87;35;4,9;1,1;
2019/02/11;0900 UTC;0;912,6;912,6;912,2;;21,1;18,8;21,4;21,1;19,1;18,8;87;87;87;43;3,7;1,2;
2019/02/11;1000 UTC;0;913,3;913,3;912,6;216,6;22,1;19,3;22,1;21;19,4;18,8;87;85;85;12;4;1,7;
2019/02/11;1100 UTC;0;914,2;914,2;913,3;980,9;23,7;18,9;23,8;22,1;19,5;18,9;85;75;75;21;6,1;2,7;
2019/02/11;1200 UTC;0;914,8;914,8;914,2;2092,1;25,7;18,3;25,8;23,7;19,4;17,9;76;63;64;9;6,8;3,6;
2019/02/11;1300 UTC;0;914,6;914,9;914,6;2784,2;27,4;18,8;27,7;25,7;19,7;17,8;64;59;59;343;7,4;3,4;
2019/02/11;1400 UTC;0;914,3;914,6;914,2;2963,2;27,6;17,9;28,5;26,8;19,1;17,9;61;55;56;339;9;4;
2019/02/11;1500 UTC;0;913,6;914,3;913,6;3574,7;29,4;17,5;30,3;27,5;19,5;17,4;58;48;49;341;8,3;3,1;
2019/02/11;1600 UTC;0;912,9;913,6;912,9;3138,7;29,9;17,7;30,5;28,8;19,1;16,9;53;46;48;337;8,9;4;
2019/02/11;1700 UTC;0;911,9;912,9;911,9;3695,5;30,8;17,2;31,4;29,9;18,5;16,9;50;43;44;340;8,9;3,5;
2019/02/11;1800 UTC;0;911,1;912;911,1;3102,5;30,6;16,3;32,1;30,6;17,9;15,8;45;38;42;336;8,6;3;
2019/02/11;1900 UTC;0;911;911,1;910,8;1483,1;28,1;18,9;30,7;27,6;20,4;16,7;61;42;57;290;8,3;4;
2019/02/11;2000 UTC;0;910,3;911,1;910,3;1942,1;28,9;19;29,1;27,9;19,7;18,5;60;54;55;320;8,3;2,3;
2019/02/11;2100 UTC;0;911,1;911,1;910,3;954,8;27,2;19;29,1;27;19,1;18,3;61;54;61;326;7,5;1,4;
2019/02/11;2200 UTC;0;911,2;911,3;910,9;113,9;25,6;19,1;27,2;25,5;19,3;18,5;67;60;67;29;2,9;,2;
2019/02/11;2300 UTC;0;911,9;911,9;911,2;;24,4;18,2;25,8;24,3;19,6;18,2;73;66;68;66;4,7;2,4;
2019/02/12;0000 UTC;0;912,6;912,6;911,9;;24,2;18,2;24,4;24,1;18,4;18;70;68;69;63;4,5;1,8;
2019/02/12;0100 UTC;0;913,4;913,4;912,6;;23,8;19,1;24,2;23,5;19,2;18,2;76;69;75;37;5,6;1,9;
2019/02/12;0200 UTC;,6;913,6;913,7;913,4;;21,4;19;23,8;21,4;19,2;18,7;86;75;86;92;6,7;3,4;
2019/02/12;0300 UTC;,8;913,2;913,7;913,2;;21,5;19,3;21,5;21,2;19,4;18,9;88;86;88;91;6,5;1,8;
2019/02/12;0400 UTC;0;913;913,3;913;;21,7;19,7;21,8;21,4;20;19,3;89;88;89;48;4,9;2;
2019/02/12;0500 UTC;0;912,7;913;912,7;;21,6;19;21,7;21,6;19,7;18,9;89;85;85;350;4,8;,4;
2019/02/12;0600 UTC;0;912,1;912,7;912;;21,4;18,3;21,7;21,4;19,1;18,3;85;83;83;80;3,2;2;
2019/02/12;0700 UTC;0;912;912,1;911,8;;21,4;18,6;21,9;21,4;18,6;18,1;84;80;84;24;4,4;,9;
2019/02/12;0800 UTC;0;912,1;912,1;912;;22;18,8;22;21,4;18,9;18,6;85;82;82;75;3,9;1,7;
2019/02/12;0900 UTC;0;913;913;912;;22,3;18,8;22,3;21,9;19;18,8;83;81;81;72;4;2,1;
2019/02/12;1000 UTC;0;913,4;913,5;913;77,1;22,3;19,2;22,3;22,1;19,2;18,8;83;81;83;48;4;,6;
2019/02/12;1100 UTC;0;914,1;914,1;913,4;543,5;23,8;19,7;23,8;22,3;20;19,2;83;78;78;269;2,4;,2;
2019/02/12;1200 UTC;0;914,6;914,6;914,1;623,6;24,8;20;24,8;23,8;20,2;19,6;79;74;75;90;2,9;,6;
2019/02/12;1300 UTC;0;915;915,1;914,6;572;24,9;18,7;25,3;24,7;20,1;18,4;75;67;69;280;4,7;1,3;
2019/02/12;1400 UTC;,4;914,7;915,1;914,7;645,2;23,7;19,5;25;23,6;19,9;18,3;79;68;78;237;3,6;,5;
2019/02/12;1500 UTC;0;914,5;914,7;914,4;887,9;22,9;20,3;24,2;22,5;21;19,4;88;76;85;156;4,4;2,8;
2019/02/12;1600 UTC;0;913,8;914,5;913,7;873,3;23,2;20;23,5;22,8;20,4;19,5;85;81;82;157;4,4;2,2;
2019/02/12;1700 UTC;0;913,4;913,8;913,4;1025,6;22,6;18,3;24;22,6;20,3;18,2;83;75;76;342;6;2,5;
2019/02/12;1800 UTC;0;912,2;913,4;912,2;961,4;23,3;18,5;23,3;22,1;18,5;17,6;79;72;75;33;6;1,4;
2019/02/12;1900 UTC;0;911,8;912,2;911,8;1308,1;24,2;19;24,3;23;19,5;18,3;77;72;73;21;4,4;2;
2019/02/12;2000 UTC;0;911,4;911,8;911,2;1561,6;26,1;19,2;26,8;24,2;19,9;18,9;74;64;66;317;5,2;2;
2019/02/12;2100 UTC;0;912,1;912,1;911,2;320,9;24,9;19,9;26,6;24,6;20;19;75;65;74;316;5,6;1,4;
2019/02/12;2200 UTC;0;912,7;912,7;912,1;29,6;23,5;19,9;24,9;23,5;20;19,7;81;74;81;36;2,9;,6;
2019/02/12;2300 UTC;0;913,3;913,3;912,7;;22,8;20,2;23,5;22,7;20,2;19,8;85;81;85;198;1,3;0;
2019/02/13;0000 UTC;0;914,5;914,5;913,2;;21;19,2;23;21;20,4;19,1;90;85;90;239;9,5;5,1;
2019/02/13;0100 UTC;,8;915;915,1;914,5;;19,2;18;21;19,2;19,2;18;93;90;92;235;9,5;2,1;
2019/02/13;0200 UTC;,4;914,3;915,1;914,3;;19,4;18,3;19,5;19,2;18,4;18;93;93;93;27;4,6;,2;
2019/02/13;0300 UTC;,4;913,2;914,3;913,2;;19,5;18,5;19,7;19,4;18,6;18,2;94;93;93;53;2,7;,6;
2019/02/13;0400 UTC;0;912,4;913,2;912,4;;19,5;18,4;19,6;19,4;18,6;18,3;94;93;94;40;2,1;1,2;
2019/02/13;0500 UTC;0;911,3;912,4;911,3;;19,6;18,2;19,6;19,5;18,4;18,2;94;91;91;83;3,1;1,5;
2019/02/13;0600 UTC;0;911,1;911,4;911,1;;19,3;18;19,7;19,3;18,3;18;92;91;92;68;3,1;1;
2019/02/13;0700 UTC;0;911,3;911,3;911,1;;19,5;18,3;19,5;19,3;18,4;18;93;92;93;318;2,3;,6;
2019/02/13;0800 UTC;0;911,6;911,6;911,3;;19,2;18;19,5;19,2;18,3;18;93;93;93;145;1,9;0;
2019/02/13;0900 UTC;0;911,9;911,9;911,6;;19,3;18,2;19,3;19,1;18,2;17,9;93;93;93;143;1,1;,7;
2019/02/13;1000 UTC;0;912,5;912,5;911,8;107,4;19,6;18,4;19,9;19,3;18,7;18,2;93;92;93;37;2;,3;
2019/02/13;1100 UTC;0;913;913;912,5;452,2;21,1;19,4;21,1;19,6;19,4;18,4;93;90;90;94;1,6;,6;
2019/02/13;1200 UTC;0;913,4;913,4;913;672,3;22,2;19,7;22,2;21,1;19,8;19,1;90;84;86;152;2;,8;
2019/02/13;1300 UTC;0;913,8;913,8;913,4;1073,2;22,3;19,8;22,8;22,2;20,1;19,3;86;83;85;230;3,7;2,2;
2019/02/13;1400 UTC;0;913,8;913,9;913,7;1175,6;22,9;19,8;23;21,9;20,1;19,4;87;83;83;208;4,2;2,5;
2019/02/13;1500 UTC;0;912,8;913,8;912,8;2528,3;24,7;19,9;24,7;22,8;20,6;19,4;84;74;74;329;4,1;1,2;
2019/02/13;1600 UTC;0;911,9;912,8;911,8;3644,7;26,4;20,4;27;24,7;21,1;19;75;65;69;213;7,4;4;
2019/02/13;1700 UTC;0;911,6;911,9;911,6;2423,2;25,9;19,6;26,7;24,6;21,1;19,5;75;68;68;248;7,1;2,4;
2019/02/13;1800 UTC;0;910,7;911,6;910,7;2672,9;26,3;20;27,1;25,1;20,7;19,2;72;66;68;210;6,7;3,4;
2019/02/13;1900 UTC;0;910,5;910,7;910,5;868,5;25,1;19,8;26,4;25,1;20;19,1;73;66;73;210;6,3;3;
2019/02/13;2000 UTC;0;910,6;910,7;910,4;389,4;25;20;25,1;24,6;20,4;19,8;76;73;74;184;4,7;1,5;
2019/02/13;2100 UTC;0;911,1;911,1;910,6;269,6;24,8;19,7;25;24,6;20;19,3;75;72;74;189;2,9;1,2;
2019/02/13;2200 UTC;0;911,3;911,4;911,1;36,4;23,5;20,7;24,8;23,5;20,7;19,6;84;73;84;162;2,3;1,1;
2019/02/13;2300 UTC;0;911,8;911,9;911,2;;22,9;20,1;23,5;22,9;20,7;20;85;84;84;125;2,8;1,4;
2019/02/14;0000 UTC;0;912,3;912,4;911,8;;22,3;19,9;23;22,3;20,1;19,9;86;84;86;120;2,3;,6;
2019/02/14;0100 UTC;0;912,7;912,7;912,3;;21,8;19,6;22,3;21,8;19,9;19,4;87;86;87;38;2;,7;
2019/02/14;0200 UTC;0;912,7;912,7;912,7;;21,6;19;21,8;21,5;19,6;19;87;85;85;86;2,3;,4;
2019/02/14;0300 UTC;0;912,4;912,7;912,4;;21,6;18,8;21,9;21,6;19,1;18,8;86;83;84;59;2,1;,1;
2019/02/14;0400 UTC;0;911,9;912,4;911,9;;21,2;18,8;21,6;21,1;18,9;18,6;86;84;86;139;2,1;,1;
2019/02/14;0500 UTC;0;911,6;911,9;911,5;;21;18,7;21,2;20,5;18,9;18,5;89;86;87;108;2,3;1,1;
2019/02/14;0600 UTC;0;911;911,6;911;;20,6;18,6;21;20,5;18,7;18,4;88;86;88;44;5,7;1,3;
2019/02/14;0700 UTC;0;911,2;911,2;911;;20,6;18;20,9;20,5;18,6;18;88;85;85;51;6,9;2,4;
2019/02/14;0800 UTC;0;911,4;911,5;911,2;;21;17,7;21;20,4;18,1;17,7;86;82;82;31;6,9;2;
2019/02/14;0900 UTC;0;911,5;911,6;911,4;;20,6;17,4;21;20,5;17,7;17,3;82;81;82;44;7,1;1,2;
2019/02/14;1000 UTC;0;912,1;912,2;911,5;170;21;17,5;21;20,6;17,5;17,2;82;81;81;24;4,1;1,4;
2019/02/14;1100 UTC;0;912,6;912,7;912,2;958,2;22,9;17,9;22,9;21;18;17,4;81;73;73;53;7;2,8;
2019/02/14;1200 UTC;0;913,1;913,1;912,6;1589,9;23,6;18,3;24,4;22,8;18,6;17,6;74;69;72;48;7,2;2,7;
2019/02/14;1300 UTC;0;913,5;913,5;913,1;1888,2;26;18,8;26;23,6;19,4;18,1;72;64;64;26;6,6;1,8;
2019/02/14;1400 UTC;0;913,4;913,5;913,3;2452,7;27;18,8;27,5;25,8;19,7;18,1;65;59;61;32;4,5;1,3;
2019/02/14;1500 UTC;0;912,9;913,4;912,9;2322,1;26,4;19;28,3;25,7;19,6;17,7;65;55;64;355;7;2,7;
2019/02/14;1600 UTC;0;911,8;913;911,8;2117,7;26,9;19,1;28,5;26,2;19,8;18,4;65;56;62;17;7;3,1;
2019/02/14;1700 UTC;4,6;911,7;912,2;911,5;498,4;22,7;19,8;27,2;20,8;19,8;18,3;89;60;84;223;12,2;,9;
2019/02/14;1800 UTC;,2;911,3;911,7;910,9;472,7;23,2;20,3;23,2;22,2;20,3;19,1;86;79;84;135;3,1;,8;
2019/02/14;1900 UTC;0;910,6;911,5;910,4;706,2;23,4;18,2;23,4;22,4;20,4;18,2;84;72;73;21;3,7;1,1;
2019/02/14;2000 UTC;0;911;911;910,4;1430,6;24,7;18,8;25,5;23,4;20,1;17,4;78;62;70;63;3,2;,7;
2019/02/14;2100 UTC;0;911,4;911,5;910,7;224,5;23;19,2;24,7;23;19,6;18,5;80;70;79;40;4,1;1,7;
2019/02/14;2200 UTC;0;911,8;911,8;911,1;29,6;22,2;19,4;23;22,2;19,8;19,2;85;79;84;12;7,4;3,8;
2019/02/14;2300 UTC;0;912,5;912,5;911,7;;21,8;18,8;22,2;21,8;19,2;18,8;84;82;83;52;7,4;2,5;
2019/02/15;0000 UTC;0;913,3;913,5;912,3;;21,7;19;21,9;21,7;19;18,8;85;83;85;254;5,1;1,8;
2019/02/15;0100 UTC;0;913,6;913,6;913,1;;21,1;19;21,7;21,1;19;18,8;88;85;87;76;3,8;2,4;
2019/02/15;0200 UTC;0;913,7;913,9;913,6;;21;18,8;21,3;21;18,9;18,5;87;84;87;77;4;1,6;
2019/02/15;0300 UTC;,2;912,8;913,7;912,8;;20,5;18,9;21;20,5;19,1;18,7;91;87;91;51;2,7;1,7;
2019/02/15;0400 UTC;0;911,8;912,8;911,8;;20,3;18,6;20,5;20,3;19;18,6;92;90;90;55;3,5;1,7;
2019/02/15;0500 UTC;0;911,5;911,8;911,3;;20,3;18,6;20,4;20,3;18,7;18,6;90;89;90;56;4,1;1,4;
2019/02/15;0600 UTC;0;911,7;911,8;911,5;;20,4;18,4;20,4;20,2;18,6;18,4;90;88;88;34;3,6;1,3;
2019/02/15;0700 UTC;6;912,2;912,3;911,6;;19,8;18,7;20,6;19,8;18,7;18,3;93;88;93;237;6,7;2,4;
2019/02/15;0800 UTC;1,2;912,4;912,6;912,2;;19,9;18,7;20,1;19,8;19;18,7;93;93;93;305;7,8;2,8;
2019/02/15;0900 UTC;,8;912,3;912,5;912,1;;19,1;17,5;19,9;19,1;18,7;17,2;93;88;90;34;5,9;,9;
2019/02/15;1000 UTC;,2;912,2;912,3;912;104,6;19,9;17,9;19,9;19,1;18;17,5;90;88;88;44;3,1;,8;
2019/02/15;1100 UTC;0;913;913;912,2;370,4;21;18,4;21;19,9;18,4;17,8;88;85;85;27;2,8;,5;
2019/02/15;1200 UTC;0;913;913,1;912,9;1087,3;22,9;19,4;22,9;21;19,5;18,1;85;80;81;20;3;1,3;
2019/02/15;1300 UTC;0;912,6;913,1;912,6;1543,7;24,3;19,1;24,3;22,7;19,8;18,2;81;70;73;307;6,2;1,6;
2019/02/15;1400 UTC;0;911,9;912,6;911,9;2125,8;24,8;17,5;25,5;24,2;19,5;16,4;74;58;64;309;5,3;1,7;
2019/02/15;1500 UTC;0;911,2;911,9;911,2;1611,6;25,3;18,5;25,5;24,6;18,8;17,3;68;63;66;8;4,8;2;
2019/02/15;1600 UTC;0;910,6;911,2;910,6;1784,8;26,4;18,1;26,6;25,1;18,9;17,8;66;59;60;345;5,4;2,2;
2019/02/15;1700 UTC;0;910;910,6;910;1575,1;26,5;18,2;27,3;26,2;18,8;17,2;61;56;60;302;6,9;2,5;
2019/02/15;1800 UTC;0;909,3;910;909,3;964,9;26,5;18,4;26,6;26;19;17,9;64;60;61;281;5,9;1,5;
2019/02/15;1900 UTC;0;908,3;909,3;908,3;1029,6;26,1;18,2;26,5;25,9;18,7;17,5;63;59;62;327;5,5;2,8;
2019/02/15;2000 UTC;0;908;908,3;908;766,2;25,8;18;26,3;25,8;18,6;17,3;63;58;62;321;6,8;2,4;
2019/02/15;2100 UTC;0;908,1;908,1;908;729,8;25,9;18,8;26,3;25,7;19,1;18;66;62;65;293;5,8;1,4;
2019/02/15;2200 UTC;0;908,6;908,6;908,1;76,2;24,7;18,9;26,2;24,7;19,2;18,7;70;65;70;303;3,9;1;
2019/02/15;2300 UTC;0;908,9;908,9;908,6;;22,9;18,4;24,7;22,8;19,1;18,4;77;70;76;49;2,8;1,2;
2019/02/16;0000 UTC;0;908,7;908,9;908,5;;22;19;22,9;21,9;19;18,3;83;76;83;44;3,6;1,9;
2019/02/16;0100 UTC;0;909,5;909,5;908,7;;21,8;19,1;22;21,7;19,1;18,9;85;83;84;37;3,4;1,3;
2019/02/16;0200 UTC;0;909,6;909,7;909,5;;22;18,7;22,3;21,8;19,1;18,7;84;81;82;28;4,3;1,9;
2019/02/16;0300 UTC;,2;909,3;909,6;909,2;;21,5;18,9;22,1;21,5;19;18,7;85;82;85;20;5,6;3;
2019/02/16;0400 UTC;2,8;909,5;910;909,3;;19,3;17,9;21,7;19,3;19,7;17,9;92;85;92;201;9,8;3,2;
2019/02/16;0500 UTC;,6;908,9;909,5;908,9;;19,5;18,3;19,5;19,3;18,3;17,9;93;92;93;28;5,7;,5;
2019/02/16;0600 UTC;4,8;908,2;909;908,2;;20,1;19;20,1;19,4;19;18,3;94;93;94;329;3,8;1;
2019/02/16;0700 UTC;4,4;908,4;908,8;908,2;;20,2;18,5;20,5;20,1;19,3;18,5;94;90;90;314;9;4,7;
2019/02/16;0800 UTC;,6;908,8;908,8;908,4;;19,9;18,6;20,2;19,9;18,7;18,5;92;90;92;277;10,3;2,2;
2019/02/16;0900 UTC;2,4;909,2;909,3;908,8;;19,7;18,5;19,9;19,6;18,7;18,4;93;92;93;343;5,6;1,8;
2019/02/16;1000 UTC;3;908,9;909,2;908,9;23,1;19,2;18;19,7;19,2;18,5;17,9;93;92;93;53;3,9;1,6;
2019/02/16;1100 UTC;3;909,7;909,7;908,9;94,9;19,4;18,2;19,5;19,2;18,3;18;93;93;93;37;2,9;,1;
2019/02/16;1200 UTC;7,4;910,1;910,3;909,7;84,4;19,5;18,4;19,6;19,4;18,5;18,2;94;93;94;23;2,1;1,2;
2019/02/16;1300 UTC;1,6;910,1;910,2;910;294,6;20,3;19,2;20,3;19,5;19,2;18,5;94;93;93;40;4,8;2,2;
2019/02/16;1400 UTC;2,8;909,8;910,2;909,8;360,2;20,4;19,3;20,4;20,2;19,3;19,1;94;93;93;16;5,4;1,7;
2019/02/16;1500 UTC;,4;909,6;909,9;909,5;775,2;21,7;20;21,7;20,4;20;19,4;93;90;90;13;4,3;1,7;
2019/02/16;1600 UTC;1,4;908,9;909,6;908,9;808,5;22;20,2;22,7;21,7;20,6;20;90;86;89;309;5,8;1,9;
2019/02/16;1700 UTC;,6;908,2;908,9;908,2;1222,1;23,1;19,6;23,4;21,8;20,7;19,6;91;81;81;301;9,2;3,4;
2019/02/16;1800 UTC;0;907,5;908,2;907,5;1337;23,8;19,5;24,1;23,1;20,3;19;83;76;77;305;9,6;4,1;
2019/02/16;1900 UTC;0;907,2;907,5;907,2;800,6;22,4;19,6;24,6;22,4;20,3;18,8;84;72;84;325;8,5;2,4;
2019/02/16;2000 UTC;3,2;907,7;907,7;907,2;189,6;21,5;19,6;22,6;21,5;19,9;19,3;89;82;89;326;5,8;2,1;
2019/02/16;2100 UTC;6,4;908;908;907,6;24,1;20,1;18,7;21,4;20;19,5;18,5;92;89;92;332;7,5;1,9;
2019/02/16;2200 UTC;3,8;908,5;908,5;907,9;3,9;20;18,9;20,1;19,9;18,9;18,7;93;91;93;19;4,2;1,3;
2019/02/16;2300 UTC;,8;908,9;908,9;908,4;;20,2;19,1;20,3;20;19,1;18,8;93;93;93;23;5,3;2,7;
2019/02/17;0000 UTC;2,4;909,3;909,3;908,9;;20,5;18,7;20,6;20,2;19,3;18,7;93;90;90;348;6,4;2,6;
2019/02/17;0100 UTC;0;909,8;909,8;909,3;;20,1;18,6;20,5;20;18,7;18,4;91;89;91;17;5,8;2,3;
2019/02/17;0200 UTC;0;910;910,1;909,8;;19,9;18,7;20,1;19,9;18,8;18,5;93;91;93;30;4,3;,9;
2019/02/17;0300 UTC;,2;909,7;910;909,7;;19,9;18,8;19,9;19,9;18,8;18,7;93;93;93;26;2,5;,9;
2019/02/17;0400 UTC;,2;908,9;909,7;908,9;;19,9;18,7;20;19,9;18,9;18,7;93;93;93;45;3,9;1,7;
2019/02/17;0500 UTC;0;908,4;908,9;908,4;;19,9;18,7;20;19,8;18,9;18,7;93;93;93;36;3,5;1,7;
2019/02/17;0600 UTC;,2;908,1;908,4;908,1;;19,9;18,8;20;19,8;18,8;18,6;93;93;93;347;3,6;,4;
2019/02/17;0700 UTC;4,4;908,1;908,2;908,1;;19,8;18,8;20;19,7;18,9;18,6;94;93;94;2;3,8;1,5;
2019/02/17;0800 UTC;1,6;908,5;908,5;908,1;;19,9;18,9;20;19,8;19;18,7;94;93;94;333;4,4;,7;
2019/02/17;0900 UTC;0;908,7;908,7;908,4;;20;18,8;20,1;19,9;19;18,8;94;93;93;12;2,3;,5;
2019/02/17;1000 UTC;0;909,6;909,6;908,7;110,7;20,4;19,2;20,4;20;19,2;18,8;93;93;93;3;2,7;,8;
2019/02/17;1100 UTC;0;910,4;910,4;909,6;241,1;20,5;18,9;20,6;20,4;19,2;18,8;93;90;90;302;4,2;,9;
2019/02/17;1200 UTC;0;911,3;911,3;910,5;448,5;21,2;19,1;21,2;20,5;19,3;18,7;91;87;88;340;3,5;1,6;
2019/02/17;1300 UTC;0;911,4;911,5;911,2;758,1;22,2;19,4;22,2;21,2;19,4;18,8;88;84;84;311;5;1,3;
2019/02/17;1400 UTC;,2;911,7;911,7;911,4;792,7;22,3;19,4;22,3;21,7;19,6;18,8;86;82;83;334;4,1;1,8;
2019/02/17;1500 UTC;0;911,8;911,9;911,6;736,5;21,5;18,8;22,6;21,5;19,6;18,5;84;81;84;347;6,2;2,7;
2019/02/17;1600 UTC;,4;911,2;911,8;911,2;457,9;20,9;18,7;21,5;20,7;18,9;18;87;84;87;23;6,1;1,4;
2019/02/17;1700 UTC;0;910,5;911,2;910,5;947,4;22,4;19,3;22,4;20,9;19,3;18,4;88;82;83;4;4,3;2,1;
2019/02/17;1800 UTC;0;909,7;910,5;909,7;2465,4;24,3;18,2;24,7;22,4;20;18;83;69;69;344;6,3;2,8;
2019/02/17;1900 UTC;0;909,1;909,7;909;1675,2;24,5;18,5;25,2;23,8;19,3;17,8;73;65;69;338;5,6;1,6;
2019/02/17;2000 UTC;0;909;909,2;908,9;666;24,5;18,4;24,6;24,2;18,6;17,9;70;67;69;337;3,9;,6;
2019/02/17;2100 UTC;0;909,7;909,7;909;189;23,4;18,5;24,6;23,4;18,9;17,9;75;67;74;354;5;2,5;
2019/02/17;2200 UTC;0;910,4;910,4;909,7;29,5;21,5;18,6;23,4;21,5;18,9;18,5;83;74;83;34;5;1,1;
2019/02/17;2300 UTC;0;911;911;910,4;;21,4;18,8;21,6;21,3;18,8;18,6;86;83;85;58;3,6;1,4;
2019/02/18;0000 UTC;0;911,6;911,6;911;;20,9;18,6;21,4;20,9;18,8;18,5;87;84;87;41;3,8;1,6;
2019/02/18;0100 UTC;,6;912,2;912,2;911,4;;20,6;18,9;20,9;20,4;18,9;18,5;90;87;90;40;4,3;1,7;
2019/02/18;0200 UTC;0;912,3;912,4;912;;20,6;18,7;20,8;20,5;18,9;18,6;90;88;89;30;4,8;1,9;
2019/02/18;0300 UTC;0;912,1;912,3;912;;20,6;18,8;20,7;20,5;18,8;18,6;89;89;89;5;5,8;2,2;
2019/02/18;0400 UTC;0;911,6;912,1;911,5;;20,5;18,5;20,7;20,5;18,8;18,5;90;88;89;36;5;1,9;
2019/02/18;0500 UTC;0;911,3;911,8;911,3;;20,3;18,3;20,5;20,3;18,6;18,3;89;88;88;18;6;2,5;
2019/02/18;0600 UTC;0;910,5;911,3;910,5;;20,4;18,2;20,5;20,3;18,3;18,2;88;87;87;30;5;2;
2019/02/18;0700 UTC;0;910,5;910,7;910,2;;20,5;18,2;20,6;20,4;18,3;18,1;87;86;87;31;5,3;2;
2019/02/18;0800 UTC;0;910,5;910,7;910,4;;20,4;18,1;20,7;20,4;18,2;18,1;87;86;87;32;4,5;2,1;
2019/02/18;0900 UTC;0;911,2;911,2;910,5;;20,3;18,3;20,5;20,2;18,3;18,1;88;87;88;8;4,6;1,5;
2019/02/18;1000 UTC;0;911,7;911,7;911,1;68,6;20,5;18,1;20,5;20,3;18,3;18,1;88;86;86;7;5,8;2,2;
2019/02/18;1100 UTC;0;912,5;912,5;911,7;386,7;21,2;18,5;21,2;20,5;18,7;18,1;87;85;85;5;5;2,8;
2019/02/18;1200 UTC;0;913,2;913,2;912,5;571,4;22,1;18,7;22,2;21,1;18,9;18,5;86;81;81;343;6,8;2,9;
2019/02/18;1300 UTC;0;913,8;913,8;913,2;775,2;23;18,8;23;22,1;19,1;18,4;81;76;77;325;7,2;3,2;
2019/02/18;1400 UTC;0;913,8;914;913,8;1305,7;23,7;18,6;23,8;21,9;19,9;18,4;84;73;73;317;8,2;3,4;
2019/02/18;1500 UTC;0;913,4;913,8;913,4;1281,2;24,1;18,9;24,2;23,5;19,1;18,5;74;72;73;313;6,9;3;
2019/02/18;1600 UTC;0;912,6;913,4;912,6;1726,1;24,6;18,7;25,3;24,1;19,6;18,4;73;67;69;284;6,5;2,2;
2019/02/18;1700 UTC;0;911,4;912,6;911,4;2998,5;25,5;17,9;26,8;24,5;20,2;17,9;72;61;63;280;7,7;2,7;
2019/02/18;1800 UTC;0;910,7;911,4;910,7;1687,3;25,3;18,1;26;25,3;19;17,8;66;62;64;307;6,9;3,3;
2019/02/18;1900 UTC;0;910,4;910,7;910,4;1441,4;25,4;19;25,6;24,4;19,7;18,1;73;64;68;317;6,5;2,4;
2019/02/18;2000 UTC;0;910,5;910,6;910,4;630,7;24,9;18,4;25,6;24,8;19,3;18,1;70;65;67;309;4,9;1,4;
2019/02/18;2100 UTC;0;911,2;911,2;910,5;272;24,1;18,9;25;24,1;18,9;18,2;73;66;73;27;2,8;,4;
2019/02/18;2200 UTC;0;911,4;911,6;911,2;23,8;22,7;18,9;24,1;22,6;19,3;18,9;81;73;79;69;3,6;1,6;
2019/02/18;2300 UTC;0;912,3;912,3;911,4;;22;19;22,7;22;19,1;18,8;83;79;83;41;3,1;1,7;
2019/02/19;0000 UTC;0;913,2;913,2;912,3;;22;18,8;22,1;21,9;19,1;18,7;84;82;82;50;3,3;1,4;
2019/02/19;0100 UTC;,8;914;914;913,2;;21,4;19,1;22,1;21,3;19,3;18,8;88;82;87;24;3,3;1,3;
2019/02/19;0200 UTC;,2;914;914,2;913,9;;20,7;18,8;21,4;20,7;19,1;18,8;89;87;89;54;3,9;2;
2019/02/19;0300 UTC;0;913,4;914,1;913,3;;20,4;18,8;20,7;20,3;18,9;18,6;91;88;91;45;4,6;2,2;
2019/02/19;0400 UTC;0;913,1;913,6;913;;20,3;18,6;20,5;20,3;18,9;18,6;91;90;90;38;5,5;1,8;
2019/02/19;0500 UTC;0;912,4;913,1;912,4;;20,1;18,6;20,3;20,1;18,7;18,6;91;90;91;38;5,5;1,9;
2019/02/19;0600 UTC;0;912,2;912,4;912,1;;20;18,2;20,1;20;18,6;18,2;91;89;90;40;5,4;2,6;
2019/02/19;0700 UTC;0;912,2;912,2;911,9;;20;18,1;20,1;19,8;18,3;18;90;89;89;39;6;1,7;
2019/02/19;0800 UTC;0;912,2;912,4;912,1;;19,7;18,1;20,1;19,6;18,1;17,8;90;89;90;32;5,1;2;
2019/02/19;0900 UTC;0;912,6;912,6;912,2;;19,8;18;19,8;19,3;18,2;17,7;91;89;89;42;5,1;2,1;
2019/02/19;1000 UTC;0;913,2;913,2;912,6;140,4;20,7;18,1;20,7;19,8;18,1;17,8;89;85;85;42;5,6;2,6;
2019/02/19;1100 UTC;0;913,9;913,9;913,2;522,9;21,2;18,4;21,2;20,7;18,5;18;85;82;84;20;6,3;2,2;
2019/02/19;1200 UTC;0;914,2;914,2;913,9;1524;22,6;18,2;23,1;21,2;18,9;18,2;84;75;76;8;6,7;3,3;
2019/02/19;1300 UTC;0;914,2;914,3;914,2;1835,4;23,7;18;24,9;22,5;19,6;18;78;70;71;352;7,2;3,7;
2019/02/19;1400 UTC;0;914;914,2;914;1833,1;25,5;18,3;25,9;23,6;19,5;18;73;64;65;341;8,2;3,5;
2019/02/19;1500 UTC;0;913,3;914;913,2;2240,5;25,8;18,8;26,6;24,9;19,2;17,6;67;61;65;334;8,7;4;
2019/02/19;1600 UTC;0;912,3;913,3;912,3;2793,5;26,7;17,7;27,8;25,7;19,8;17,7;65;56;58;334;8,6;3,5;
2019/02/19;1700 UTC;0;911;912,3;911;3417,3;29,4;16,8;30;26,7;18,9;16,8;59;47;47;288;8,9;3,1;
2019/02/19;1800 UTC;0;909,9;911;909,9;2714,1;29,4;17,7;29,6;27,8;19,1;16,8;55;47;50;258;7,5;2,5;
2019/02/19;1900 UTC;0;909,3;909,9;909,3;3110,8;29,9;17,2;30,5;29;18,2;16,6;52;45;46;306;7,7;3,7;
2019/02/19;2000 UTC;0;909,2;909,4;909,1;1684,4;28,9;17,2;29,9;28,3;18,2;16,6;52;46;49;254;6,7;2,7;
2019/02/19;2100 UTC;0;909,6;909,6;909,2;848,6;27,9;17,5;29,1;27,9;18;16,8;54;48;53;251;6,2;2,5;
2019/02/19;2200 UTC;0;910,1;910,1;909,6;143,9;25,4;18,5;27,9;25,4;18,5;17,6;66;53;66;175;5,4;1;
2019/02/19;2300 UTC;0;911,2;911,2;910,1;;23,1;19,1;25,4;23,1;19,3;18,5;79;66;78;59;2,4;,9;
2019/02/20;0000 UTC;0;912,1;912,2;911,2;;21,8;18,6;23,2;21,8;19,3;18,6;83;77;82;70;3,4;,1;
2019/02/20;0100 UTC;0;912,2;912,4;912,1;;21,1;18,6;21,9;20,6;18,8;18,3;87;82;86;64;3,3;1,6;
2019/02/20;0200 UTC;0;912,6;912,6;912,1;;20,8;18;21,7;20,8;18,7;17,8;86;81;84;94;4,1;,1;
2019/02/20;0300 UTC;0;912,9;912,9;912,5;;20,8;17,6;21,4;20,8;18,1;17,6;84;80;82;27;3,5;,2;
2019/02/20;0400 UTC;0;912,4;912,8;912,4;;20,5;17,5;21,3;20,5;17,9;17,4;84;80;83;40;3,3;1,1;
2019/02/20;0500 UTC;0;911,7;912,5;911,7;;21,4;17,9;21,4;20,5;17,9;17,5;83;81;81;43;3,7;1,7;
2019/02/20;0600 UTC;0;911;911,8;911;;21,2;18,2;21,5;21,1;18,2;17,8;83;81;83;59;3,8;2;
2019/02/20;0700 UTC;0;911,5;911,5;910,9;;21,5;18,4;21,7;21,2;18,5;18,2;83;82;83;333;4,5;1;
2019/02/20;0800 UTC;,6;911,5;911,9;911,4;;20,6;18,9;21,5;20,6;18,9;18,2;90;83;90;15;3,9;1,3;
2019/02/20;0900 UTC;,4;911,8;911,8;911,3;;20;18,7;20,6;20;19,1;18,7;92;90;92;35;3,5;1,7;
2019/02/20;1000 UTC;0;912,2;912,2;911,8;108,6;20,5;19;20,5;20;19;18,7;93;91;91;52;4,1;1,8;
2019/02/20;1100 UTC;0;912,7;912,7;912,2;685,6;22,1;19,7;22,2;20,5;19,8;18,9;91;86;86;36;3,5;1,3;
2019/02/20;1200 UTC;0;913,1;913,1;912,7;867,8;23,2;19,9;23,2;22,1;20;19,4;86;80;82;16;2,8;1,2;
2019/02/20;1300 UTC;0;912,9;913,2;912,9;2332;26,2;19,8;26,2;23,2;20,5;18,9;82;67;68;303;2,7;,7;
2019/02/20;1400 UTC;0;912,5;912,9;912,5;2306,4;27,2;19,2;27,6;25,9;20,6;18,4;71;60;62;340;4,4;1,4;
2019/02/20;1500 UTC;0;911,9;912,5;911,9;1923,2;25,2;19,8;28,5;25,2;20,3;18;73;55;72;331;6,3;2,9;
2019/02/20;1600 UTC;0;910,8;911,9;910,8;3230,9;27,3;19,4;29,1;25,1;21;17,3;74;51;62;121;6,3;1,7;
2019/02/20;1700 UTC;5,6;909,6;911;909,6;1317,4;25,4;21,7;27,3;21,1;22,6;18,7;91;62;80;110;6,4;,9;
2019/02/20;1800 UTC;0;908,5;909,6;908,3;2049,9;25,9;19,1;28;25,3;21,7;18,2;80;58;66;151;3,1;,8;
2019/02/20;1900 UTC;0;909,4;909,4;908,4;101,2;22,4;19,5;25,9;22,2;20,1;18,8;85;66;84;8;5,6;1,7;
2019/02/20;2000 UTC;,6;909,4;909,6;908,5;58,1;20,6;18,7;22,5;20,2;19,3;17,8;89;78;89;359;7,7;2;
2019/02/20;2100 UTC;,6;909,7;909,7;909,3;124;20,9;18,9;21;20,6;19,2;18,7;90;88;88;85;4,8;2,9;
2019/02/20;2200 UTC;2,6;910,3;910,4;909,6;20,9;21,1;19,1;21,2;20,5;19,3;18,6;90;86;88;102;5,6;2,2;
2019/02/20;2300 UTC;5,8;911,8;912,2;910,3;;18,6;17,1;21,2;18,1;19,5;16,5;92;81;91;24;11,4;3,3;
2019/02/21;0000 UTC;,8;912,1;912,2;911,6;;19,5;17,2;19,6;18,4;17,7;17;92;86;87;23;6,4;3,4;
2019/02/21;0100 UTC;1,6;912,5;912,5;911,9;;19,4;17,6;20,2;19,3;17,7;17,3;90;84;90;21;8,2;1,9;
2019/02/21;0200 UTC;2,8;913,1;913,1;912,5;;19,3;18;19,6;19,2;18,2;17,6;92;90;92;66;4,3;1,4;
2019/02/21;0300 UTC;3,2;912;913,1;911,9;;19,4;18,1;19,4;19,2;18,2;17,9;93;92;93;67;4,8;2,6;
2019/02/21;0400 UTC;2,4;911,9;912,4;911,8;;19,8;18,4;19,8;19,3;18,4;18,1;93;91;91;18;11,8;6;
2019/02/21;0500 UTC;,4;911,3;911,9;911,2;;19,5;17,1;19,9;19,4;18,3;17,1;91;85;86;14;10,2;3,2;
2019/02/21;0600 UTC;0;910,6;911,3;910,6;;19,5;17,4;19,6;19,3;17,4;16,9;88;85;88;33;7,4;1,6;
2019/02/21;0700 UTC;0;911,2;911,2;910,6;;19,8;17,1;19,8;19,4;17,6;17,1;89;84;84;17;5,5;2,8;
2019/02/21;0800 UTC;,4;911,8;911,8;911,2;;19,4;17,1;19,8;19,3;17,1;17;87;84;87;39;5,5;2,3;
2019/02/21;0900 UTC;,2;912,6;912,6;911,8;;19,5;17,2;19,5;19,2;17,3;17,1;88;87;87;26;4,9;1,6;
2019/02/21;1000 UTC;0;912,7;912,7;912,6;85,4;19,6;17,2;19,7;19,4;17,3;17;87;85;86;36;5,6;2,1;
2019/02/21;1100 UTC;0;913;913,1;912,7;340,5;20,5;18;20,5;19,6;18;17,2;87;85;85;38;5,6;2;
2019/02/21;1200 UTC;0;914;914,1;913;909,2;22,2;18,9;22,3;20,6;19,2;18;86;81;82;5;5,3;1,1;
2019/02/21;1300 UTC;0;914,3;914,5;914;1080,5;22,6;19,1;23,1;22,2;19,9;18,9;83;79;81;67;5,8;2,2;
2019/02/21;1400 UTC;,2;914,5;914,7;914,3;959,4;22,8;19,6;22,9;22;19,9;18,8;85;80;82;47;6,1;2;
2019/02/21;1500 UTC;0;914,3;914,5;914,3;1952,2;24,7;19,1;24,7;22,8;20;18,9;82;71;71;70;5,7;2,5;
2019/02/21;1600 UTC;0;914,1;914,4;914,1;1372,8;24,8;19;25,4;24,6;19,6;18,7;72;68;71;52;4,6;2,2;
2019/02/21;1700 UTC;,2;913,3;914,1;913,3;2354;26,8;20,2;26,8;24,4;21,4;19,1;78;67;67;56;4,9;1,9;
2019/02/21;1800 UTC;0;912,1;913,3;912,1;2695,8;27,3;20,1;28,1;26,5;21,3;19,6;70;62;65;59;5;1,7;
2019/02/21;1900 UTC;,6;912,6;912,6;911,8;329,1;21,6;17,6;27,3;21,6;20,4;17,3;78;64;78;17;13,2;4,4;
2019/02/21;2000 UTC;,4;912,1;912,6;911,7;160,3;21,1;18,6;21,5;20,3;18,7;17,6;87;78;86;105;13,2;,7;
2019/02/21;2100 UTC;0;913,1;913,1;912,1;466,8;22;18,2;22,1;21,1;18,7;17,9;86;77;79;32;4,2;1,6;
2019/02/21;2200 UTC;0;913,3;913,4;913,1;68,4;21;17,6;22;21;18,2;17,6;81;78;81;25;10,9;3,4;
2019/02/21;2300 UTC;,6;912,9;913,4;912,8;;19,3;17,2;21;19,3;17,6;16,9;88;78;88;57;6,9;1;
2019/02/22;0000 UTC;0;914,1;914,2;912,9;;19,7;17,4;19,7;19,3;17,4;17,2;88;86;87;75;3,2;1,3;
2019/02/22;0100 UTC;,2;914,8;914,8;914,1;;20,7;17,8;20,7;19,7;17,9;17,2;87;84;84;67;3,9;1,7;
2019/02/22;0200 UTC;0;914,5;914,9;914,5;;20,2;17,7;20,9;20,2;18;17,7;85;83;85;11;5,2;,3;
2019/02/22;0300 UTC;0;914,8;915;914,4;;20,3;17,9;20,7;20,1;17,9;17,5;86;82;86;195;2,7;0;
2019/02/22;0400 UTC;0;914,4;914,8;914,4;;19,8;17,8;20,2;19,8;18;17,7;88;86;88;52;2,8;,7;
2019/02/22;0500 UTC;,2;913,4;914,4;913,4;;19,8;18;19,8;19,5;18;17,4;89;87;89;91;2,9;1,4;
2019/02/22;0600 UTC;0;913,2;913,5;913,2;;19,4;17,9;20,2;19,4;18,7;17,9;91;89;91;344;3,3;,4;
2019/02/22;0700 UTC;0;913,7;913,7;913,2;;19,8;18,5;19,8;19,4;18,6;17,9;93;91;92;129;1,4;,4;
2019/02/22;0800 UTC;0;914;914,1;913,6;;19,6;18,3;19,9;19,6;18,6;18,3;93;92;92;136;1,4;,7;
2019/02/22;0900 UTC;0;914,2;914,2;914;;19,2;17,9;19,6;19,2;18,3;17,9;93;92;93;34;1,2;,1;
2019/02/22;1000 UTC;0;914,7;914,7;914,1;91,1;19,9;18,7;19,9;19,1;18,7;17,9;93;93;93;45;1,4;,5;
2019/02/22;1100 UTC;0;915,2;915,2;914,7;684,1;22,8;19,4;22,9;19,9;19,9;18,7;93;80;81;16;2,9;,9;
2019/02/22;1200 UTC;0;915,6;915,6;915,1;2111;25,1;19,8;25,5;22,8;20,4;19,4;81;72;72;18;7,8;4;
2019/02/22;1300 UTC;0;915,3;915,7;915,3;2654;27,4;19,9;27,7;25;21,1;19,8;75;63;64;21;8,6;4,3;
2019/02/22;1400 UTC;0;915,2;915,4;915,2;3325,7;28,4;19,5;28,5;27,2;19,9;18,5;64;57;58;18;10;4,5;
2019/02/22;1500 UTC;0;914,7;915,2;914,7;3769,8;29,1;19,1;29,7;28,3;20,2;18,5;60;53;55;16;10,6;5,1;
2019/02/22;1600 UTC;0;913,4;914,7;913,4;3716,9;30,4;18,6;30,6;29,1;19,6;17,8;55;48;49;8;9,6;4,8;
2019/02/22;1700 UTC;0;913,1;913,4;913;3290,1;30,7;18,2;31,7;29,4;19,1;17,2;50;44;47;349;9,8;3,6;
2019/02/22;1800 UTC;0;912,1;913,1;912,1;3016;32,6;17,9;32,6;30,5;18,9;16,9;49;41;42;341;9,4;2,6;
2019/02/22;1900 UTC;0;912,2;912,4;912,1;956,9;27;20,3;32,6;27;20,8;16,7;67;41;67;210;6,9;4,1;
2019/02/22;2000 UTC;0;912,1;912,2;912;973,5;26,8;19,8;27,6;26,6;21;19,2;69;63;66;190;6,5;2,5;
2019/02/22;2100 UTC;0;913;913;912,1;360,4;25,3;19,8;26,8;24,4;20,2;18;73;66;72;176;4,9;,5;
2019/02/22;2200 UTC;0;913,3;913,3;913;50;23;19,1;25,5;22,9;20;19;79;71;79;82;4;1,9;
2019/02/22;2300 UTC;0;914;914;913,3;;22,5;18,9;23,5;22,5;19,5;18,4;82;73;80;98;4,9;1,8;
2019/02/23;0000 UTC;0;914,3;914,4;913,9;;21,9;19,4;22,5;21,6;19,7;18,9;86;80;86;25;4;1,3;
2019/02/23;0100 UTC;0;914,9;914,9;914,3;;21,6;19,4;22,5;21,6;19,7;19;87;83;87;67;4,5;1,4;
2019/02/23;0200 UTC;0;915,1;915,2;914,9;;21,3;18,9;22,4;21,3;19,7;18,9;87;84;87;71;2,8;,2;
2019/02/23;0300 UTC;0;914,7;915,2;914,7;;21,5;18,6;21,6;21,1;19,2;18,5;88;84;84;74;2,6;1,3;
2019/02/23;0400 UTC;0;914,1;914,7;914;;21,3;18,3;21,9;20,8;18,7;18,2;86;81;83;53;3;1,2;
2019/02/23;0500 UTC;0;913,6;914;913,6;;21,5;18,4;21,7;20,7;18,7;18,2;86;82;82;33;2;1,1;
2019/02/23;0600 UTC;0;912,9;913,6;912,9;;20,9;18,1;21,5;20,8;18,4;18,1;86;82;84;59;3;1,6;
2019/02/23;0700 UTC;0;912,9;913;912,8;;20,6;17,8;21,3;20,6;18,4;17,7;86;82;84;55;3,2;,4;
2019/02/23;0800 UTC;0;912,8;912,9;912,6;;20,9;17,7;21,1;20,5;18;17,7;85;82;82;45;3,3;,6;
2019/02/23;0900 UTC;0;913,3;913,3;912,7;;20,7;17,6;21,2;20,5;17,9;17,6;84;81;82;39;3,6;1,2;
2019/02/23;1000 UTC;0;913,6;913,6;913,3;89,7;21,1;18,3;21,1;20;18,3;17,5;86;82;84;68;2,7;,9;
2019/02/23;1100 UTC;0;914;914;913,6;1026,5;25,1;18,7;25,1;21,1;19,3;18,3;84;67;67;28;5,2;1,5;
2019/02/23;1200 UTC;0;914,1;914,2;914;1921,9;27;18,3;27,2;25,2;19,2;17,5;69;57;59;20;6,9;2,8;
2019/02/23;1300 UTC;0;914,3;914,4;914,1;2659,4;28,5;18,3;28,5;26,8;18,9;17,4;59;54;54;35;6,8;2,6;
2019/02/23;1400 UTC;0;914;914,3;914;3379,9;29,9;17;30,4;28,4;19,2;16,5;55;45;46;16;8,8;4,6;
2019/02/23;1500 UTC;0;913,6;914;913,6;2577,1;30,5;17,5;30,9;29,2;18,2;16,5;51;44;46;336;8,8;3,6;
2019/02/23;1600 UTC;0;912,6;913,6;912,6;3705,2;31,2;15,2;32;30,5;18,1;15,2;47;38;38;357;7,4;3,4;
2019/02/23;1700 UTC;0;911,9;912,6;911,9;3689,5;32;16;32,7;30,9;17,4;15;41;36;38;351;7,3;2,2;
2019/02/23;1800 UTC;0;911,1;911,9;911,1;1464,1;31,2;16,9;32,1;30,3;17,5;16;45;38;42;7;5,8;2,9;
2019/02/23;1900 UTC;0;910,3;911,1;910,3;2403,9;31,7;15,7;32,4;31,2;17,7;14,2;44;35;38;9;5,6;2,5;
2019/02/23;2000 UTC;0;910,5;910,5;910,2;1139,2;30,8;15,7;32;30,8;16,5;14,6;42;36;40;311;4,6;1,2;
2019/02/23;2100 UTC;0;910,7;910,7;910,5;433,9;29,1;18,3;30,8;29,1;18,4;15,3;52;39;52;223;2,9;1,3;
2019/02/23;2200 UTC;0;911;911;910,6;64,4;27;18,8;29,1;27;18,8;18,2;61;52;61;171;2,6;,7;
2019/02/23;2300 UTC;0;911,6;911,7;911;;24,7;19,9;27;24,6;20;18,5;75;60;75;42;2,8;1,5;
2019/02/24;0000 UTC;0;912,4;912,4;911,6;;24,4;19,8;24,9;24,2;20;19,6;77;73;76;139;3,8;0;
2019/02/24;0100 UTC;0;912,8;912,8;912,4;;23,3;19,5;24,6;23,3;20;19;79;73;79;142;1,8;,3;
2019/02/24;0200 UTC;0;912,6;912,8;912,6;;22,7;19,6;23,7;22,6;19,7;19,4;83;78;83;112;3;,4;
2019/02/24;0300 UTC;0;911,9;912,6;911,9;;21,8;19;23;21,7;19,7;19;85;81;85;46;2,9;1;
2019/02/24;0400 UTC;0;911,5;911,9;911,5;;21,6;18,7;22;21,4;19,2;18,6;85;83;83;67;2,4;,8;
2019/02/24;0500 UTC;0;911,1;911,5;911,1;;22,3;18,2;22,4;21,6;18,8;18,2;83;77;77;69;3;2;
2019/02/24;0600 UTC;0;910,7;911,1;910,7;;21,3;18;22,3;21,3;18,2;18;81;77;81;58;3;1,1;
2019/02/24;0700 UTC;0;910,4;910,7;910,4;;21,2;17,9;21,4;20,9;18;17,6;82;81;81;64;3,8;2;
2019/02/24;0800 UTC;0;910,2;910,4;910,1;;21,2;17,2;21,3;21;17,9;17,1;81;78;78;55;4,4;1,9;
2019/02/24;0900 UTC;0;910,3;910,3;909,9;;21,3;17,1;21,4;21,2;17,2;17,1;78;77;77;37;4,5;1,7;
2019/02/24;1000 UTC;0;911,1;911,1;910,3;84;21,9;17,4;21,9;21,2;17,4;17,1;77;75;75;45;4,4;2,1;
2019/02/24;1100 UTC;0;911,9;911,9;911,1;1025,6;24,6;18;24,7;21,9;18,3;17,4;75;67;67;32;5,5;2,1;
2019/02/24;1200 UTC;0;912,4;912,4;911,9;1797,3;27,9;18,6;27,9;24,6;19,4;18,1;68;57;57;4;5,3;2,7;
2019/02/24;1300 UTC;0;912,4;912,5;912,3;2746;29,8;17,7;30,2;27,7;18,9;17,5;57;47;48;335;7,5;4;
2019/02/24;1400 UTC;0;912,5;912,6;912,4;3291,6;31,2;17,6;31,4;29,5;18,7;16,8;50;44;44;341;8,1;3,6;
2019/02/24;1500 UTC;0;912,2;912,5;912,2;3767,6;32,1;17,9;32,4;30,8;18,1;16,3;45;39;43;310;10;3,4;
2019/02/24;1600 UTC;0;911,5;912,2;911,5;3392,6;32,2;16,6;32,8;31,1;18,2;16,2;44;38;39;315;7,4;2,5;
2019/02/24;1700 UTC;0;910,6;911,5;910,6;3505;33,2;14,8;33,5;31,9;17,3;14,8;41;33;33;313;6,1;2,6;
2019/02/24;1800 UTC;0;909,3;910,6;909,3;3016,5;32,1;15,9;33,9;32,1;16,3;14,1;38;32;38;11;5,5;1,9;
2019/02/24;1900 UTC;0;908,7;909,3;908,7;2480,7;33,1;16,6;34,1;32,1;17,5;15;39;33;37;283;5,6;1,5;
2019/02/24;2000 UTC;0;908,7;908,7;908,4;1777,5;31,9;16,9;33,8;31,9;17,2;15,1;41;34;40;89;5,3;2;
2019/02/24;2100 UTC;5,2;909,8;909,8;908,5;276,2;22,6;17,8;31,9;22,6;19,4;16,4;80;41;74;174;10,2;4;
2019/02/24;2200 UTC;0;910,1;910,6;909,4;26,9;21,7;17,8;22,7;21,2;18,7;17,1;83;74;79;44;10,3;1,3;
2019/02/24;2300 UTC;0;911;911;910,1;;21,6;17,7;22,7;21,4;18,4;17,3;81;71;79;86;5,1;2,8;
2019/02/25;0000 UTC;0;912,2;912,4;910,9;;22,9;17,7;22,9;21,5;18,2;16,7;81;68;73;299;6,2;1,5;
2019/02/25;0100 UTC;0;912,8;913;912,2;;21,9;17,9;22,9;21,6;18,1;17,4;79;72;78;242;5,6;,9;
2019/02/25;0200 UTC;0;913,2;913,2;912,8;;21,5;18;21,9;21,3;18,1;17,7;81;77;80;80;2,6;,3;
2019/02/25;0300 UTC;0;912,7;913,2;912,4;;21,4;17,7;21,6;21,2;18,1;17,3;81;77;80;128;3,1;1,2;
2019/02/25;0400 UTC;0;912,9;913,2;912,6;;21;18;21,4;20,8;18,5;17,2;84;78;83;87;3,9;1,3;
2019/02/25;0500 UTC;0;910,7;912,9;910,6;;21,8;18;21,8;20,8;18,3;17,8;84;79;79;104;4;2,4;
2019/02/25;0600 UTC;0;910,2;911;910,2;;21,1;17,8;21,8;20,7;18,3;17,8;85;79;81;72;6,2;2,8;
2019/02/25;0700 UTC;0;910;910,2;910;;20,3;17,8;21,1;20,3;18;17,7;86;81;86;42;4,1;2,1;
2019/02/25;0800 UTC;0;909,8;910;909,7;;20,1;17,8;20,6;20,1;18;17,7;87;84;86;49;4,7;2,2;
2019/02/25;0900 UTC;0;910,2;910,2;909,8;;20,8;17,4;21,2;20,1;18;17,4;87;80;81;42;3,5;,8;
2019/02/25;1000 UTC;0;911,3;911,4;910,2;91,5;20,8;18;20,8;20,3;18,1;17,4;85;81;84;193;3,4;,6;
2019/02/25;1100 UTC;0;912,2;912,2;911,3;978,3;22,6;19,2;22,6;20,8;19,2;18;87;81;81;163;3,4;1,6;
2019/02/25;1200 UTC;0;912,4;912,4;912,1;1937,2;25,9;18,9;25,9;22,6;19,4;18,1;81;64;65;6;2,8;1,6;
2019/02/25;1300 UTC;0;912,2;912,5;912,2;2559,2;28,7;18,6;28,8;25,9;19,1;17,2;65;50;54;22;2,8;,7;
2019/02/25;1400 UTC;0;912;912,2;912;2599,5;29,7;19;30,6;28,8;19,1;15,8;54;44;53;251;4,3;1,4;
2019/02/25;1500 UTC;0;911,4;912;911,4;3804,9;29,7;18,7;31,2;29,3;20,3;17,9;54;47;52;217;6,5;3,6;
2019/02/25;1600 UTC;0;910,7;911,4;910,7;2828,1;27,6;16,4;31,3;27,6;19,8;15,6;53;43;51;317;8,9;2,8;
2019/02/25;1700 UTC;0;910;910,7;910;2077,6;29,5;17,4;29,6;27,4;17,8;16,1;54;45;48;349;5,5;,9;
2019/02/25;1800 UTC;0;908,7;910;908,7;2828,3;30,3;18,4;31,5;29;19,4;16,3;56;41;49;141;4,6;2,2;
2019/02/25;1900 UTC;0;908,5;908,8;908,5;534,9;28,2;18,4;30,3;28,2;19,6;18;58;49;55;226;5,9;2;
2019/02/25;2000 UTC;0;908,5;908,9;908,4;342,2;25,6;18,5;28,6;25,3;19,5;17,9;67;55;65;33;7,5;1,1;
2019/02/25;2100 UTC;0;909;909;908,5;189,7;24,1;19,7;25,6;24,1;19,7;17,9;76;63;76;30;4,2;1,1;
2019/02/25;2200 UTC;0;910,3;910,4;909;12,8;23,5;18,1;24,7;23,5;20,1;18,1;80;70;72;314;6,4;1,6;
2019/02/25;2300 UTC;0;910,8;910,9;910,3;;22,6;17,4;23,5;22,6;17,9;17,3;73;70;72;5;3,8;,6;
2019/02/26;0000 UTC;0;911,2;911,2;910,7;;22;18,5;22,9;21,8;18,5;17,5;81;72;81;28;2,4;,8;
2019/02/26;0100 UTC;0;912,1;912,1;911,2;;22;18,6;22;21,5;18,9;18,4;85;80;81;67;2,6;1,5;
2019/02/26;0200 UTC;0;912,2;912,3;912,1;;21,8;18,5;22,3;21,6;18,7;18,2;82;79;82;80;3,8;2,7;
2019/02/26;0300 UTC;0;912;912,2;912;;21,3;18,6;22,1;21,3;18,6;18,4;84;80;84;21;3,8;,6;
2019/02/26;0400 UTC;0;911,3;912;911,3;;21,9;18,4;21,9;21,3;18,8;18,4;85;80;80;51;4,5;2,4;
2019/02/26;0500 UTC;0;910,4;911,3;910,4;;21,9;18,3;22,5;21,9;18,5;18,2;80;77;80;77;4,7;3,2;
2019/02/26;0600 UTC;0;910;910,4;910;;22,2;18,2;22,2;21,4;18,5;18,1;83;78;78;74;4,9;2,5;
2019/02/26;0700 UTC;0;910,2;910,2;909,9;;21,4;18,3;22,3;21,3;18,5;18,1;83;77;82;59;3,7;1,5;
2019/02/26;0800 UTC;0;910,5;910,5;910,1;;21,2;18,6;21,5;21,2;18,6;18,3;85;82;85;42;3,6;1,9;
2019/02/26;0900 UTC;0;910,9;910,9;910,5;;21;18,4;21,3;21;18,6;18,4;86;84;85;25;2,9;1,4;
2019/02/26;1000 UTC;0;911,8;911,8;910,9;177,3;22;18,7;22;20,8;18,7;18,3;86;82;82;351;2,9;,1;
2019/02/26;1100 UTC;0;912,2;912,2;911,8;627,4;23,8;18,6;23,8;22;19,3;18,6;83;73;73;9;2,1;,1;
2019/02/26;1200 UTC;0;912,4;912,4;912,2;1124,9;25,5;18,2;25,5;23,8;18,9;18,1;73;64;64;336;3,4;1,2;
2019/02/26;1300 UTC;0;912,9;913;912,4;1535,8;25,7;18,6;26,6;25,5;18,7;17,6;65;59;65;277;5,1;1,8;
2019/02/26;1400 UTC;0;912,3;912,9;912,3;2514;27,8;19,2;28,2;25,7;19,7;18,5;66;59;60;250;4,5;1,8;
2019/02/26;1500 UTC;0;911,4;912,3;911,4;2156,6;27,2;19,9;29,1;26,6;20,6;19,1;66;56;64;213;7,3;3,8;
2019/02/26;1600 UTC;,6;910,6;911,4;910,6;1510,1;23,1;19,2;28;23,1;21;17,7;79;61;79;222;10,1;4,1;
2019/02/26;1700 UTC;3,4;910,9;911,5;910,4;733,8;20,2;18,1;24,4;20,2;20,2;18,1;88;71;88;64;12,3;3,3;
2019/02/26;1800 UTC;,6;910,5;911;909,7;168,6;20,5;18,5;20,5;19,9;18,5;17,6;89;86;89;284;9,8;1,7;
2019/02/26;1900 UTC;,6;910,5;911,2;910,4;55,4;20,7;18,6;20,9;20;18,8;18;90;86;88;19;5,3;1;
2019/02/26;2000 UTC;0;910,1;910,5;909,9;87,3;20,6;18,5;20,9;20,4;18,9;18,4;90;87;88;81;5,3;1;
2019/02/26;2100 UTC;0;910,8;911;909,9;70,9;20,7;18,5;20,7;20,4;18,8;18,5;90;87;87;71;3,7;2,3;
2019/02/26;2200 UTC;0;912,5;912,5;910,8;12,9;20,6;18,4;20,7;20,4;18,8;18,3;90;87;87;25;6,7;3,2;
2019/02/26;2300 UTC;1,6;913,1;913,2;912,5;;19,8;18;20,7;19,8;18,5;18;89;86;89;25;8,8;2,6;
2019/02/27;0000 UTC;2,2;913,8;913,8;913;;19,7;17,7;19,8;19,6;18;17,7;90;88;88;38;6,9;2,1;
2019/02/27;0100 UTC;0;914;914,1;913,8;;19,8;17,8;19,8;19,6;17,8;17,6;89;88;88;54;5;1,2;
2019/02/27;0200 UTC;0;913,9;914,2;913,9;;19,3;18;19,8;19,3;18,1;17,6;92;88;92;173;3,4;1,1;
2019/02/27;0300 UTC;0;913,3;913,9;913,2;;19,2;18,1;19,3;19,2;18,2;18;94;92;94;140;2,6;,5;
2019/02/27;0400 UTC;,2;913,2;913,4;913,1;;19,2;18,2;19,3;19,1;18,3;18,1;94;94;94;37;1,4;,3;
2019/02/27;0500 UTC;,2;913,2;913,4;913,1;;19,1;18,2;19,3;19,1;18,3;18,1;94;94;94;34;1,8;,6;
2019/02/27;0600 UTC;,2;912,9;913,3;912,7;;19,1;18,1;19,2;19,1;18,2;18,1;94;94;94;59;3,1;1,5;
2019/02/27;0700 UTC;0;912,5;912,9;912,5;;19;17,9;19,2;19;18,1;17,9;94;93;93;52;3,1;1,7;
2019/02/27;0800 UTC;0;912;912,5;912;;18,9;17,6;19,1;18,9;17,9;17,6;93;92;92;71;4,5;2,8;
2019/02/27;0900 UTC;0;912,2;912,2;912;;18,8;17,3;18,9;18,6;17,6;17,3;92;91;91;64;5,3;3,2;
2019/02/27;1000 UTC;0;912,4;912,4;912,2;112,8;19,5;17,8;19,5;18,7;17,8;17,2;91;90;90;53;5,3;1,1;
2019/02/27;1100 UTC;0;912,8;912,8;912,4;946,9;22,1;17,9;22,1;19,5;18,5;17,8;90;77;77;26;5,4;2,4;
2019/02/27;1200 UTC;0;913,2;913,2;912,8;2015,6;23,9;18,4;24,1;22;18,8;17,7;78;70;71;28;6,6;3,1;
2019/02/27;1300 UTC;0;913;913,2;912,9;2722,4;26,2;19,3;26,2;23,9;19,3;18;72;64;66;42;7,3;2,7;
2019/02/27;1400 UTC;0;912,8;913;912,8;3300,6;28,4;19,4;28,4;26;19,5;18,2;66;57;58;345;6;2,5;
2019/02/27;1500 UTC;0;912,5;912,8;912,5;3447,5;29;18,4;29,2;27;19,4;17,3;61;49;53;317;7,1;3;
2019/02/27;1600 UTC;0;911,7;912,5;911,7;2342,9;29,5;18;29,8;28,2;19,1;17,1;55;50;50;328;7,1;2,9;
2019/02/27;1700 UTC;,2;910,9;911,7;910,9;1206,5;23,4;19,2;30,1;23,4;19,3;16,5;77;47;77;217;8,2;3,5;
2019/02/27;1800 UTC;2,2;910,7;911,2;910,4;464,7;21,4;18,6;24,3;21,4;20,3;18,3;85;75;84;4;8,7;3,9;
2019/02/27;1900 UTC;,2;910,1;910,7;910;625,4;22,9;20,2;23;21,1;20,5;18,5;89;81;85;64;8,3;,6;
2019/02/27;2000 UTC;0;910;910,5;910;115;21,8;19,9;23,1;21,8;20,2;19,8;89;82;89;141;6,3;2;
2019/02/27;2100 UTC;0;910,1;910,1;910;70,5;21,9;19,8;21,9;21,6;20;19,8;90;88;88;265;3,6;0;
2019/02/27;2200 UTC;0;910,8;910,8;910,1;19,6;21,3;19,3;21,9;21,3;19,9;19,3;90;88;89;77;2,9;1,5;
2019/02/27;2300 UTC;0;911,9;911,9;910,9;;21;19,3;21,3;21;19,5;19,2;90;89;90;128;2,6;,4;
2019/02/28;0000 UTC;0;912,5;912,5;911,9;;20,5;18,8;21,1;20,5;19,4;18,7;90;89;90;144;2,6;,6;
2019/02/28;0100 UTC;0;913,4;913,4;912,5;;20,1;18,5;20,5;20,1;18,9;18,5;91;90;91;111;1,7;,4;
2019/02/28;0200 UTC;0;912,9;913,4;912,9;;19,9;18,1;20,5;19,9;18,6;18;91;88;89;200;3,1;,3;
2019/02/28;0300 UTC;0;912,5;913;912,5;;20,3;17,8;20,4;19,8;18,3;17,8;90;85;85;60;4,6;2,6;
2019/02/28;0400 UTC;0;912,3;912,5;912,3;;20,8;18,3;20,8;20,3;18,4;17,8;87;85;86;68;4,5;2,8;
2019/02/28;0500 UTC;0;912;912,3;912;;20,7;18,3;20,8;20,4;18,5;18,2;87;86;86;74;4,2;2,1;
2019/02/28;0600 UTC;0;911,8;912;911,6;;20,4;18,5;20,7;20,2;18,5;18,3;89;86;89;57;3,7;1,9;
2019/02/28;0700 UTC;0;912;912;911,7;;20,6;18,5;20,6;20,4;18,6;18,5;89;88;88;57;4,9;2,5;
2019/02/28;0800 UTC;0;912,4;912,4;912;;20,1;18,2;20,6;20,1;18,5;18,2;91;88;89;54;4,9;2;
2019/02/28;0900 UTC;0;913,2;913,2;912,4;;19,8;17,9;20,1;19,7;18,1;17,8;89;88;89;28;5,7;2,7;
2019/02/28;1000 UTC;,6;913,8;913,8;913,2;45,5;19,6;18,1;20;19,6;18,1;17,9;91;88;91;31;6,3;2,3;
2019/02/28;1100 UTC;,4;914,7;914,7;913,8;204,8;19,8;18,2;19,9;19,5;18,4;18,1;92;90;91;26;6,9;2,7;
2019/02/28;1200 UTC;4,2;915,2;915,5;914,7;288;20,2;18,8;20,2;19,8;18,8;18,1;92;90;91;347;9,5;2,7;
2019/02/28;1300 UTC;1,4;915,3;915,3;915,2;988,7;20,8;18,5;21,1;20,2;19,3;18,4;91;86;87;326;6,2;2,6;
2019/02/28;1400 UTC;,4;914,8;915,3;914,8;813,2;21,1;18,9;21,1;20,8;19;18,3;88;85;88;325;4,8;1,2;
2019/02/28;1500 UTC;0;914,4;914,8;914,3;1304,3;22,7;18,7;22,7;21;19,3;18,4;88;78;78;283;3,1;1,3;
2019/02/28;1600 UTC;0;913,2;914,4;913,2;3107;24,5;19,1;25,1;22,7;19,9;18,2;79;68;72;255;5,1;2,1;
2019/02/28;1700 UTC;0;912;913,2;912;2796,3;24,6;18,2;25;23,7;20;17,8;77;65;67;197;6,1;1,3;
2019/02/28;1800 UTC;0;911,3;912;911,3;2252,1;25;18,2;26,5;24,7;19,6;17,4;70;61;66;237;4,9;2,2;
2019/02/28;1900 UTC;0;910,9;911,3;910,9;1425,3;25,3;18,5;25,6;24,6;19,2;18;70;63;66;252;4,5;1,4;
2019/02/28;2000 UTC;0;910,9;910,9;910,8;1499,1;25,4;18,5;26,2;24,7;19,4;18;69;63;66;216;4,8;1,2;
2019/02/28;2100 UTC;0;910,9;911;910,8;426,9;23,4;19,2;25,6;23,4;19,2;18,6;77;66;77;150;3,6;1,1;
2019/02/28;2200 UTC;0;911,3;911,3;910,9;17,5;21,9;18,9;23,4;21,9;19,2;18,8;83;77;83;80;2,4;,6;
2019/02/28;2300 UTC;0;912,2;912,2;911,3;;21,4;18,8;22,1;21,4;19,2;18,8;85;82;85;82;3,4;2,2;
2019/03/01;0000 UTC;0;913,3;913,3;912,2;;21,5;19,1;21,9;21,3;19,1;18,7;86;83;86;39;4,3;1;
2019/03/01;0100 UTC;1,8;913,9;913,9;913,2;;20,9;19,2;21,6;20,9;19,3;19;90;85;90;36;2,9;,4;
2019/03/01;0200 UTC;,8;914,2;914,3;913,9;;20,3;18,4;20,9;20,3;19,3;18,4;91;89;89;11;3,9;,6;
2019/03/01;0300 UTC;,2;913,3;914,2;913,3;;20,1;18,5;20,3;20,1;18,6;18,3;91;89;91;38;3,6;1,9;
2019/03/01;0400 UTC;0;912,8;913,3;912,8;;19,9;18,4;20,1;19,9;18,5;18,4;91;90;91;45;4,4;1,7;
2019/03/01;0500 UTC;0;912,4;912,8;912,4;;19,9;18,5;19,9;19,8;18,5;18,4;92;91;92;45;3,3;,8;
2019/03/01;0600 UTC;0;912,1;912,4;912;;19,6;17,8;20;19,6;18,6;17,8;92;89;90;37;6,4;2,1;
2019/03/01;0700 UTC;0;911,8;912,1;911,8;;19,7;17,8;19,7;19,5;17,9;17,7;90;89;89;43;5,8;2,8;
2019/03/01;0800 UTC;0;912;912;911,8;;19,8;17,8;19,8;19,7;17,9;17,7;89;88;89;38;5,5;1,9;
2019/03/01;0900 UTC;0;912,5;912,5;912;;19,7;17,8;19,8;19,7;17,9;17,8;89;88;89;34;4,7;1,4;
2019/03/01;1000 UTC;0;913;913;912,5;80,1;20,1;18,2;20,1;19,6;18,2;17,8;90;89;89;38;6;2,3;
2019/03/01;1100 UTC;0;913,7;913,7;913;443,8;21,2;18,6;21,2;20,1;18,7;18,2;89;85;85;39;6,2;2;
2019/03/01;1200 UTC;0;914,2;914,2;913,7;764,6;22,1;18,7;22,2;21,2;19;18,5;85;81;81;25;5,6;3;
2019/03/01;1300 UTC;0;914,3;914,4;914,2;1368,8;24,4;19,5;24,5;22,1;19,8;18,6;81;74;74;11;6;2,5;
2019/03/01;1400 UTC;0;914,2;914,3;914,2;1701,6;25,2;19;25,6;24,4;20,1;18,6;75;67;69;345;8,2;3,3;
2019/03/01;1500 UTC;0;913,9;914,3;913,9;1702,5;26,2;18,9;26,2;25;19,3;18,4;69;64;64;331;8,1;3,4;
2019/03/01;1600 UTC;0;912,7;913,9;912,7;2262,9;26,9;18,8;27,5;25,9;19,2;18,1;65;58;61;325;7,6;4,1;
2019/03/01;1700 UTC;,2;911,6;912,7;911,6;2718,4;26,5;19,8;27,4;24,5;20,6;18,1;76;59;67;5;9,3;3,7;
2019/03/01;1800 UTC;5;911,1;911,7;911,1;1452,2;22,9;20,6;27,9;21,7;20,6;18,4;89;58;87;14;11,3;2,8;
2019/03/01;1900 UTC;,2;910,8;911,2;910,8;1570,7;22,9;20,3;26,4;22,8;22,2;19,2;87;70;85;337;9,3;2,5;
2019/03/01;2000 UTC;1;911,8;911,8;910,8;117,7;22,1;20,1;23;22;20,4;19,7;88;84;88;317;5,5;1,5;
2019/03/01;2100 UTC;3,2;912,4;912,4;911,8;14,5;20,9;19,7;22,1;20,8;20,1;19,5;93;88;93;200;5,6;1,7;
2019/03/01;2200 UTC;1,8;912,9;912,9;912,4;3,9;20,7;19,5;20,9;20,6;19,8;19,5;93;93;93;48;2,8;1,1;
2019/03/01;2300 UTC;0;913,5;913,5;912,9;;20,9;19,8;20,9;20,7;19,8;19,5;93;93;93;26;2,5;1,1;
2019/03/02;0000 UTC;0;914,1;914,1;913,5;;21,1;19,5;21,2;20,8;19,8;19,5;93;90;90;33;2,5;1,1;
2019/03/02;0100 UTC;0;914,7;914,8;914,1;;20,5;19;21,3;20,5;19,4;18,8;91;87;91;66;2,8;0;
2019/03/02;0200 UTC;0;914,4;914,7;914,4;;20,5;18,8;20,7;20,5;19,1;18,8;92;90;90;65;3,4;1,6;
2019/03/02;0300 UTC;0;913,7;914,4;913,7;;20,5;17,7;20,7;20,5;18,9;17,7;90;84;84;75;3,6;2,3;
2019/03/02;0400 UTC;0;913,9;913,9;913,5;;20,2;18;20,7;20,2;18;17,5;87;82;87;318;3,7;,7;
2019/03/02;0500 UTC;4,2;913,4;914;913,4;;19,9;18,8;20,3;19,8;18,9;18,1;94;87;94;217;5,9;,4;
2019/03/02;0600 UTC;9,6;913,1;913,4;913;;19,6;18,6;19,9;19,6;18,8;18,6;94;94;94;72;2,5;1,5;
2019/03/02;0700 UTC;,6;913,1;913,2;913;;19,8;18,7;19,9;19,5;18,8;18,6;94;94;94;27;4,4;2;
2019/03/02;0800 UTC;,4;913,6;913,6;913,1;;19,8;18,5;19,8;19,8;18,7;18,5;94;92;92;13;4,6;2,4;
2019/03/02;0900 UTC;,4;913,9;913,9;913,6;;19,7;18,5;19,8;19,6;18,6;18,4;93;92;93;38;4,4;1,4;
2019/03/02;1000 UTC;,8;914,5;914,5;913,9;69,3;20;18,7;20;19,7;18,7;18,5;93;92;92;39;3,3;1,2;
2019/03/02;1100 UTC;,6;915,2;915,2;914,5;164,8;20,4;19;20,4;20;19;18,7;92;92;92;4;3,4;,8;
2019/03/02;1200 UTC;,6;915,2;915,3;915,2;305,1;20,6;19,1;20,6;20,3;19,3;18,9;92;92;92;27;5,9;3;
2019/03/02;1300 UTC;,2;915,6;915,6;915,2;621,2;21,3;19,3;21,3;20,6;19,3;19;92;88;88;14;6,8;3;
2019/03/02;1400 UTC;,6;915,6;915,7;915,5;498,3;21,1;19,1;21,5;21,1;19,4;19;89;86;88;360;5,9;2;
2019/03/02;1500 UTC;,6;915,2;915,6;915,2;394,9;21,2;19,5;21,3;21,1;19,6;19;90;88;90;359;4,2;1;
2019/03/02;1600 UTC;1,2;914,4;915,3;914,4;505,5;21,6;19,6;21,7;21,1;19,9;19,2;90;89;89;337;2,8;1,3;
2019/03/02;1700 UTC;0;913,4;914,4;913,4;683,7;21,5;18,5;21,6;21,3;19,8;18,4;89;82;83;360;6,1;2,4;
2019/03/02;1800 UTC;0;913,1;913,4;913,1;1360,7;23;19,4;23;21,5;19,4;18,1;84;77;80;348;5,7;2,3;
2019/03/02;1900 UTC;0;912,2;913,1;912,2;1103,4;23,6;19,1;23,9;22,9;19,7;18,7;80;75;76;321;5;1,5;
2019/03/02;2000 UTC;0;911,7;912,2;911,7;1038,8;23,8;19,4;24,9;23,5;20,5;19;80;73;76;264;4,1;1;
2019/03/02;2100 UTC;0;912,3;912,3;911,6;341,9;23;19,2;23,8;23;19,3;18,8;79;75;79;258;2,4;,6;
2019/03/02;2200 UTC;0;912,8;912,8;912,3;20,7;21,9;19,5;23;21,9;19,7;19,2;86;79;86;175;2,4;1;
2019/03/02;2300 UTC;0;913,1;913,1;912,8;;20,7;19,1;21,9;20,7;19,6;19,1;91;86;91;49;2,4;,7;
2019/03/03;0000 UTC;0;913,9;913,9;913,1;;20,7;19,1;20,8;20,6;19,4;19,1;92;91;91;90;3,3;1,8;
2019/03/03;0100 UTC;0;914,6;914,7;913,9;;20,5;18,7;20,7;20,2;19,2;18,6;91;89;89;32;3,8;1,8;
2019/03/03;0200 UTC;0;914,6;914,8;914,6;;20,4;18;20,6;20,4;18,6;17,9;89;85;86;26;4,5;1,4;
2019/03/03;0300 UTC;0;914,2;914,6;914,2;;20;18,4;20,5;19,9;18,4;18;91;86;91;21;4,4;1,2;
2019/03/03;0400 UTC;0;913,9;914,3;913,9;;20,5;18,6;20,7;20;18,7;18,4;91;88;89;34;3,9;,7;
2019/03/03;0500 UTC;0;913,2;913,9;913,2;;20,5;18,4;20,8;20,4;18,7;18,4;89;87;88;43;3,7;1,3;
2019/03/03;0600 UTC;0;912,4;913,2;912,4;;20;18,4;20,5;20;18,5;18,3;90;88;90;51;3,5;1,3;
2019/03/03;0700 UTC;0;912,1;912,5;912,1;;20,3;18,2;20,4;20;18,5;18,2;90;88;88;57;5;2,7;
2019/03/03;0800 UTC;0;911,9;912,1;911,9;;19,6;17,3;20,3;19,6;18,2;17,3;88;85;87;30;4,8;1,5;
2019/03/03;0900 UTC;0;912,3;912,3;911,8;;20;17,5;20;19,4;17,5;17;87;84;85;29;4,8;1,3;
2019/03/03;1000 UTC;0;913;913;912,3;84,5;20,4;17,7;20,4;20;17,7;17,5;86;84;84;34;5,1;1,7;
2019/03/03;1100 UTC;0;913,6;913,7;913;275,8;21;18,2;21;20,3;18,3;17,6;86;84;84;20;5,1;1,8;
2019/03/03;1200 UTC;0;913,7;913,7;913,6;709,3;22,2;18,7;22,3;21;18,9;18,2;84;80;80;28;6,9;3;
2019/03/03;1300 UTC;0;913,8;914;913,7;1192,1;23,7;19,1;23,7;22,2;19,2;18,7;81;75;75;33;9;2,7;
2019/03/03;1400 UTC;0;914,1;914,2;913,8;1415,1;24,3;19;24,3;23,6;19,2;18,6;76;72;72;37;7,9;2,7;
2019/03/03;1500 UTC;0;913,8;914,1;913,8;1616,1;25,3;18,7;25,5;24,2;19,5;18,4;73;66;67;58;6,5;1,6;
2019/03/03;1600 UTC;0;912,5;913,8;912,5;1297,7;25,9;17,9;26,3;24,9;19,1;17,8;68;61;61;8;5,9;2,5;
2019/03/03;1700 UTC;,2;912,2;912,6;911,7;1566,6;22,6;18,3;26,1;22,1;18,6;16,7;79;61;77;16;9,4;4,2;
2019/03/03;1800 UTC;,6;912;912,3;912;573,2;21,6;18,1;22,6;21,5;19,4;18;84;77;80;16;7,3;2,9;
2019/03/03;1900 UTC;0;911,5;912;911,5;369,7;22,7;18,5;22,7;21,6;18,6;17,8;81;77;78;61;5,4;,5;
2019/03/03;2000 UTC;0;911,5;911,5;911,4;275,8;21,4;18,6;23;21,4;18,9;18,1;84;74;84;136;3,2;1,7;
2019/03/03;2100 UTC;0;911,7;911,7;911,4;121,1;21,6;18,8;21,6;21,2;18,9;18,4;85;83;84;105;3,2;,5;
2019/03/03;2200 UTC;0;912;912;911,7;12,5;21,1;18,7;21,6;21,1;18,8;18,5;86;84;86;134;2,7;1,1;
2019/03/03;2300 UTC;0;913;913;912;;20,8;18,6;21,2;20,7;18,7;18,4;87;85;87;47;2;,1;
2019/03/04;0000 UTC;0;913,8;913,8;913;;20,7;18,6;21;20,7;18,7;18,4;87;86;87;123;1,4;,1;
2019/03/04;0100 UTC;,2;914,6;914,6;913,8;;20,3;18,6;20,9;20,3;18,7;18,2;90;85;90;236;2,6;,4;
2019/03/04;0200 UTC;,4;914,5;914,7;914,5;;19,9;18,6;20,3;19,9;18,8;18,5;93;90;93;231;1,8;,4;
2019/03/04;0300 UTC;0;914,2;914,6;914,2;;19,4;18,1;19,9;19,4;18,7;18,1;93;92;92;97;1,4;0;
2019/03/04;0400 UTC;0;913,7;914,2;913,7;;19,4;18,2;19,7;19,4;18,4;18,1;93;92;93;100;2;,3;
2019/03/04;0500 UTC;,4;913,1;913,7;913;;19,5;18,2;19,6;19,3;18,3;18,1;93;92;92;152;1,9;,1;
2019/03/04;0600 UTC;,4;912,6;913,1;912,5;;19,2;17,5;19,6;19,2;18,2;17,4;92;89;89;120;4,3;2,2;
2019/03/04;0700 UTC;,2;912,6;912,6;912,5;;19,1;17,2;19,3;18,9;17,5;17,2;91;89;89;135;3,9;,8;
2019/03/04;0800 UTC;0;912,8;912,8;912,5;;19,3;17,6;19,5;19;17,7;17,1;90;89;90;351;3,4;,4;
2019/03/04;0900 UTC;0;913,1;913,1;912,7;;19,1;17,2;19,5;19,1;17,6;17,1;90;87;89;44;3,6;,3;
2019/03/04;1000 UTC;,4;913,7;913,7;913,1;40,2;19,2;17,2;19,2;19;17,2;17;89;88;88;191;3,6;0;
2019/03/04;1100 UTC;0;914,6;914,6;913,7;151,8;19,7;17,2;19,8;19,1;17,3;17;88;84;86;109;4,5;,6;
2019/03/04;1200 UTC;,8;915,7;915,7;914,6;359;19,6;17,3;20,4;19,6;17,7;17,2;87;82;87;356;3,4;1,7;
2019/03/04;1300 UTC;5,4;915,8;916;915,6;278,1;19,4;18,1;19,6;18,6;18,1;16,9;93;87;92;66;4,6;,5;
2019/03/04;1400 UTC;1,6;915,9;916;915,7;740,5;20,1;18,3;20,3;19,4;18,5;17,7;92;86;89;152;2,4;,4;
2019/03/04;1500 UTC;1;915,7;916;915,6;1163,4;21,3;19,5;21,3;20,1;19,7;18,4;91;89;89;91;3,1;1;
2019/03/04;1600 UTC;,2;915,1;915,7;915,1;1536,9;23,1;19,1;23,4;21,3;20,9;18,8;90;77;79;4;4,5;2,5;
2019/03/04;1700 UTC;1,4;914,2;915,1;914,2;729,7;22,2;19,5;23,1;22,1;20,2;18,9;88;78;85;72;4,9;1,7;
2019/03/04;1800 UTC;,6;913,1;914,2;913,1;1116,9;22,2;17,7;22,4;22;19,8;17,7;87;76;76;47;7,8;2,8;
2019/03/04;1900 UTC;0;912,8;913,1;912,5;1089,6;22,8;17,8;23,7;22,2;19,1;17,6;77;72;74;28;8;3,1;
2019/03/04;2000 UTC;0;913,1;913,5;912,8;260;20,1;17;22,9;20,1;18,1;16,5;82;72;82;14;10,9;4,9;
2019/03/04;2100 UTC;,2;913,4;913,4;912,9;118;19,9;16,9;20,6;19,9;17,2;16,5;84;77;83;47;9,3;1;
2019/03/04;2200 UTC;0;913,4;913,4;913,3;29;20,3;18;20,4;19,8;18,2;17;88;83;87;144;3,9;,7;
2019/03/04;2300 UTC;0;914,2;914,2;913,4;;20,2;17,3;20,6;20,2;18;17,3;87;82;84;60;5,7;1,8;
2019/03/05;0000 UTC;0;915,2;915,2;914,2;;20,2;17,7;20,3;20;17,7;17,3;85;84;85;170;3,6;,4;
2019/03/05;0100 UTC;0;915,9;915,9;915,2;;20,4;17,6;20,5;19,9;17,9;17,6;87;84;84;87;2,4;,8;
2019/03/05;0200 UTC;0;916,2;916,2;915,8;;19,9;17,3;20,8;19,9;17,6;17;85;80;85;43;4,5;,5;
2019/03/05;0300 UTC;0;916,6;916,6;916,2;;20;17,4;20,6;19,9;17,4;16,8;85;79;85;328;5,4;,5;
2019/03/05;0400 UTC;0;916,1;916,6;916,1;;19,8;17,5;20,3;19,6;17,5;17,3;87;83;87;61;3,9;,6;
2019/03/05;0500 UTC;,2;915,5;916,1;915,5;;19,9;17,2;20,1;19,8;17,5;17,2;87;84;84;92;3,3;1,5;
2019/03/05;0600 UTC;0;915,5;915,5;915,4;;19,3;17,4;20,3;19,3;17,4;17,1;89;82;89;267;3,7;,4;
2019/03/05;0700 UTC;0;915,2;915,5;915,2;;19,8;16,9;20,1;19,3;17,6;16,9;90;82;83;66;3;,7;
2019/03/05;0800 UTC;0;915,3;915,4;915,1;;19,6;17,3;19,9;19,5;17,3;16,9;86;83;86;40;2,7;,6;
2019/03/05;0900 UTC;0;915,4;915,5;915,3;;19,4;16,9;19,6;19,3;17,3;16,8;87;85;86;42;3,9;1,2;
2019/03/05;1000 UTC;0;915,8;915,8;915,3;97,1;19,5;16,7;19,5;19,2;16,9;16,6;86;84;84;31;4,9;,9;
2019/03/05;1100 UTC;0;916,6;916,6;915,8;362,8;20,6;17;20,6;19,5;17;16,6;84;79;80;34;5,7;2,2;
2019/03/05;1200 UTC;0;917,3;917,3;916,6;682,8;22,2;17,7;22,2;20,6;17,7;17;80;75;75;42;6,2;1,5;
2019/03/05;1300 UTC;0;917,4;917,4;917,2;1309,2;22,8;18,3;23,1;22,2;18,7;17,4;77;73;76;17;6,9;3,4;
2019/03/05;1400 UTC;0;917,4;917,5;917,3;1794,6;22,8;17,9;23,5;22,7;18,7;17,5;76;70;74;23;10,6;5,6;
2019/03/05;1500 UTC;0;916,7;917,4;916,7;2833,3;24,8;17,9;24,8;22,7;18,4;17;74;63;65;10;11,4;5;
2019/03/05;1600 UTC;0;915,2;916,7;915,2;3661,2;27,1;16,9;27,6;24,5;18,4;16,2;66;53;54;28;9,8;2,5;
2019/03/05;1700 UTC;0;914,6;915,2;914,5;3425,5;26,3;16,2;27,8;26;17,8;16;57;52;54;26;8,6;3;
2019/03/05;1800 UTC;0;913,6;914,6;913,6;3296,1;28,5;15,4;28,5;26,2;17,2;14,9;56;44;45;54;7,8;2,7;
2019/03/05;1900 UTC;0;912,9;913,6;912,9;2410,8;28,9;15,5;29,2;28;17,1;13,7;49;41;44;52;6,2;1,8;
2019/03/05;2000 UTC;0;912,8;912,9;912,6;1263,6;27,7;15,2;29,2;27,7;16;14,5;47;42;47;26;4,5;1,8;
2019/03/05;2100 UTC;0;913,2;913,2;912,8;119,3;25,8;17,5;27,7;25,8;17,6;15,3;60;46;60;75;4,3;1;
2019/03/05;2200 UTC;0;913,9;913,9;913,2;5,5;23,1;17,1;25,9;23;17,9;16,9;70;59;69;83;4,2;2;
2019/03/05;2300 UTC;0;914,7;914,7;913,9;;22,6;17,2;23,2;22,6;17,2;17;72;68;71;83;4,3;2,1;
2019/03/06;0000 UTC;0;915,5;915,5;914,7;;22,6;17,6;23,1;22,5;17,6;17,2;74;70;73;85;3,8;,9;
2019/03/06;0100 UTC;0;915,8;915,8;915,5;;22,4;17,8;22,9;22,4;17,8;17,4;75;71;75;90;2,2;,3;
2019/03/06;0200 UTC;0;916;916,1;915,7;;21,9;17,8;22,5;21,7;18,2;17,7;80;75;78;63;1,8;1,3;
2019/03/06;0300 UTC;0;915,9;916,1;915,8;;20,9;18;21,9;20,9;18,4;17,8;85;78;83;46;1,8;1;
2019/03/06;0400 UTC;0;915,7;916;915,7;;21,3;17,9;21,3;20,9;18;17,8;83;80;81;91;1,9;,9;
2019/03/06;0500 UTC;0;915;915,7;915;;20,7;17,4;21,5;20,7;17,9;17,4;82;80;82;85;3,1;,7;
2019/03/06;0600 UTC;0;914,8;915;914,7;;19,6;17,2;20,8;19,6;17,5;17,1;86;82;86;85;3;,8;
2019/03/06;0700 UTC;0;914,7;914,9;914,7;;18,9;16,9;19,7;18,8;17,3;16,7;88;86;88;54;2,2;1,7;
2019/03/06;0800 UTC;0;914,6;914,8;914,6;;19,7;16,7;19,8;18,8;17,1;16,7;88;83;83;49;2,4;1,4;
2019/03/06;0900 UTC;0;914,9;914,9;914,6;;19;16,6;19,7;18,9;16,7;16,5;86;83;86;49;3,3;1;
2019/03/06;1000 UTC;0;915,5;915,5;914,9;98,1;20,3;17,1;20,3;19;17,1;16,6;86;82;82;39;4,4;1,8;
2019/03/06;1100 UTC;0;915,7;915,7;915,5;849,2;23,6;18,1;23,6;20,3;18,3;17;82;71;71;28;4,5;1,4;
2019/03/06;1200 UTC;0;916,2;916,2;915,7;1867,7;26;17,8;26,1;23,6;18,2;17,3;71;60;61;35;6,3;2,6;
2019/03/06;1300 UTC;0;916;916,2;916;2651,3;27,8;19,1;27,8;25,9;19,1;17,6;62;59;59;40;8,1;2,8;
2019/03/06;1400 UTC;0;916;916,1;915,9;3274,7;29;17,3;29,2;27,1;19,2;16,8;61;48;49;12;7,8;2,8;
2019/03/06;1500 UTC;0;915,3;916;915,3;3071,5;29,7;18;29,8;28,2;18,3;16,8;53;47;49;356;6,8;3,1;
2019/03/06;1600 UTC;0;914,4;915,3;914,4;3427,6;30,3;17,4;30,7;28,8;17,6;15,6;50;43;46;336;7,5;3,2;
2019/03/06;1700 UTC;3,4;914,1;914,5;914;1355,6;21,3;18,3;30,3;21,3;19,2;16,9;83;46;83;157;11;3,9;
2019/03/06;1800 UTC;2,4;913,6;914,1;913,3;587,1;22,4;19,3;22,8;20,5;20,1;18,1;90;81;83;276;7,6;2;
2019/03/06;1900 UTC;3,6;913,7;914,1;913,6;157,7;20,4;18,4;22,4;20,3;19,4;18,2;89;80;89;131;7,6;,8;
2019/03/06;2000 UTC;,2;912,7;913,7;912,7;392,8;21,4;19,2;21,4;20,4;19,2;18,3;89;85;87;277;3,5;,5;
2019/03/06;2100 UTC;,2;912,5;912,8;912,3;292,9;21,3;18,9;21,7;21,3;19,5;18,8;88;85;86;77;4,7;2,4;
2019/03/06;2200 UTC;0;913,5;913,5;912,5;16,7;21,6;18,8;21,8;21,2;19,1;18,8;87;84;84;142;4,1;,8;
2019/03/06;2300 UTC;0;914,4;914,4;913,4;;21;18;21,7;21;18,9;18;85;83;83;84;4,1;1,5;
2019/03/07;0000 UTC;0;915,4;915,4;914,4;;20,8;17,9;21;20,6;18;17,6;84;82;83;10;4,3;,6;
2019/03/07;0100 UTC;0;915,9;915,9;915,4;;20,6;17,9;21;20,4;18;17,6;85;81;85;105;4,1;,8;
2019/03/07;0200 UTC;0;915,7;915,9;915,6;;20,6;17,8;20,7;20,5;18;17,8;86;84;84;54;2,6;,7;
2019/03/07;0300 UTC;0;915,2;915,7;915,2;;19,9;17,6;20,7;19,9;17,8;17,6;87;83;87;64;2,6;,7;
2019/03/07;0400 UTC;0;915,1;915,2;915;;20;17,8;20;19,5;17,9;17,4;89;86;87;45;2,2;,7;
2019/03/07;0500 UTC;0;914,6;915,1;914,6;;20,4;18;21,1;20;18;17,6;87;82;86;65;4,3;,2;
2019/03/07;0600 UTC;0;914,4;914,6;914,3;;20,2;17,8;20,5;20,1;18;17,7;86;85;86;62;2,3;,9;
2019/03/07;0700 UTC;0;914,6;914,6;914,4;;20,1;17,8;20,3;20,1;17,9;17,7;87;86;86;64;2,3;1;
2019/03/07;0800 UTC;0;914,6;914,6;914,5;;20;17,8;20,1;19,9;17,9;17,6;87;86;87;74;2,8;,4;
2019/03/07;0900 UTC;0;914,9;914,9;914,6;;19,6;17,8;20;19,6;18;17,7;89;87;89;66;2,3;,2;
2019/03/07;1000 UTC;0;915,4;915,4;914,9;101,9;20,4;18,3;20,4;19,6;18,3;17,8;90;88;88;27;4,1;1,4;
2019/03/07;1100 UTC;0;916,3;916,3;915,4;1051,2;23,7;18,2;23,7;20,4;18,5;18;88;71;71;28;6,5;3,1;
2019/03/07;1200 UTC;0;917;917;916,3;2279,4;25,2;18,5;25,5;23,7;19;17,9;71;66;66;25;8,6;3,4;
2019/03/07;1300 UTC;0;916,9;917,1;916,9;2090,5;25,9;18,4;26,6;25,2;19,4;18,2;67;62;63;27;7,5;3,2;
2019/03/07;1400 UTC;0;916,8;917;916,7;1558,8;26,8;18,7;26,8;25,7;19;18,2;66;60;61;23;7,4;3,4;
2019/03/07;1500 UTC;0;916,4;916,8;916,4;3237,8;28,3;18,7;29,3;26,8;19,9;18,2;62;53;56;9;8,4;2,9;
2019/03/07;1600 UTC;0;914,5;916,4;914,5;3581,1;30;18,4;30,3;28,1;19,4;17,8;58;49;50;15;7;3,5;
2019/03/07;1700 UTC;0;913,6;914,5;913,6;2862,4;25,6;17,7;31;25,6;19;16,9;62;45;62;222;7,7;4,5;
2019/03/07;1800 UTC;,4;914,7;914,7;913,6;462,3;21,4;18,5;25,6;21,4;18,7;17,6;84;62;83;183;9,5;2,8;
2019/03/07;1900 UTC;,6;913,3;914,8;913,3;86,8;21,2;19,3;21,6;20,8;19,5;18,6;90;83;89;40;6,5;,6;
2019/03/07;2000 UTC;,2;913,7;913,8;913,3;272,7;21,8;19,5;21,9;21,2;20;19,3;90;87;87;169;2,5;1,5;
2019/03/07;2100 UTC;,2;914,2;914,3;913,7;202,7;21,2;19,6;21,9;21,2;19,8;19,3;90;87;90;53;4,2;1,4;
2019/03/07;2200 UTC;,2;915,3;915,5;914,3;1,2;21,2;19,2;21,5;21,2;19,9;19,2;90;88;89;42;5,8;1,9;
2019/03/07;2300 UTC;1;916,1;916,1;915,4;;20,3;18,8;21,2;20,3;19,3;18,6;91;89;91;55;4,2;1,8;
2019/03/08;0000 UTC;,2;916,5;916,5;916;;20;18,4;20,4;20;18,9;18,4;91;90;90;51;4,1;1,4;
2019/03/08;0100 UTC;0;916,4;916,8;916,4;;20,1;17,9;20,2;19,8;18,5;17,8;91;87;87;100;5,8;2,4;
2019/03/08;0200 UTC;0;916,1;916,5;916;;19,9;17,7;20,3;19,9;17,9;17,6;88;85;87;61;5,8;1,7;
2019/03/08;0300 UTC;0;915,2;916,1;915,2;;20;17,4;20,1;19,9;17,7;17,3;87;85;85;42;6,4;2;
2019/03/08;0400 UTC;0;914,8;915,2;914,8;;19,8;16,9;20,1;19,8;17,4;16,9;86;82;83;52;4,9;2;
2019/03/08;0500 UTC;0;914,2;914,8;914,2;;19,1;16,7;19,8;19,1;17;16,6;86;82;86;59;4,2;1,5;
2019/03/08;0600 UTC;0;913,9;914,2;913,9;;19,3;16,4;19,5;19,1;16,7;16,4;86;83;84;61;4;1,8;
2019/03/08;0700 UTC;0;913,8;914;913,8;;19,6;16,5;19,7;19,2;16,6;16,4;84;82;82;75;4,2;2,6;
2019/03/08;0800 UTC;0;913,9;913,9;913,6;;19,4;16,4;19,6;19,2;16,5;16,4;84;82;82;70;4,2;1,6;
2019/03/08;0900 UTC;0;914,5;914,5;913,9;;19;16,3;19,7;18,9;16,5;16,2;84;82;84;53;2,9;1,6;
2019/03/08;1000 UTC;0;915;915;914,5;102,8;20,2;16,9;20,2;19;16,9;16,4;84;82;82;42;3,4;1,3;
2019/03/08;1100 UTC;0;915,5;915,5;915;887,7;23,4;18,3;23,4;20,2;18,3;16,9;82;73;73;35;3,5;1,6;
2019/03/08;1200 UTC;0;916;916;915,5;1871,4;25,8;18,7;25,8;23,4;19,3;18;73;64;65;26;5,1;2,5;
2019/03/08;1300 UTC;0;915,8;916;915,8;2630,1;27,1;19,2;27,1;25,8;19,2;17,9;65;59;62;22;6;3,1;
2019/03/08;1400 UTC;0;915,4;915,9;915,4;3161;28,5;18,5;29;27,1;19,7;18,3;62;53;55;10;5,3;2,5;
2019/03/08;1500 UTC;0;914,9;915,4;914,9;2514,7;29;16,9;30,6;28,3;19;16,7;56;46;48;360;5,4;1,6;
2019/03/08;1600 UTC;0;913,8;914,9;913,8;2686,5;31,2;17,7;31,2;28,9;18,5;16,1;51;42;45;336;7;2;
2019/03/08;1700 UTC;0;913,1;913,8;913;2612,2;29,2;18,4;31,4;29,2;19,8;16,3;54;42;52;126;4,7;2,2;
2019/03/08;1800 UTC;,2;913,1;913,7;913;402,2;23,5;18,4;29,2;21,8;19,5;17,8;83;51;73;237;11,6;1,8;
2019/03/08;1900 UTC;0;912,8;913,1;912,5;1123,1;25,7;17,6;26,4;23,5;18,3;15,6;73;54;61;301;4,8;2,3;
2019/03/08;2000 UTC;0;912,8;912,9;912,4;1307,1;26,9;18;27,3;25,4;18,5;17,1;63;56;58;305;4,8;1,5;
2019/03/08;2100 UTC;0;913,1;913,3;912,3;574,4;24;18,6;26,9;24;19,1;18;72;58;72;220;8,4;,7;
2019/03/08;2200 UTC;0;913,6;913,8;912,8;28,8;23,6;18,7;24,1;23,5;19;18,6;76;72;74;52;4,8;1,9;
2019/03/08;2300 UTC;0;913,7;913,8;913,5;;23,2;19;23,6;23;19;18,7;77;74;77;42;4,9;,4;
2019/03/09;0000 UTC;0;914,4;914,4;913,7;;22,7;19,1;23,2;22,5;19,2;18,8;81;77;80;140;2,7;,1;
2019/03/09;0100 UTC;0;914,7;914,7;914,4;;21,7;18,7;22,7;21,7;19,1;18,7;84;80;83;4;3,4;,6;
2019/03/09;0200 UTC;0;915,2;915,2;914,7;;20,8;18,4;21,7;20,7;19,1;18,4;89;83;87;27;2,9;1,4;
2019/03/09;0300 UTC;0;915;915,2;915;;21,4;18,5;21,5;20,6;18,8;18,3;87;84;84;97;3;,7;
2019/03/09;0400 UTC;0;914,6;915;914,6;;20,2;17,9;21,4;20,2;18,6;17,8;88;82;87;184;3,3;0;
2019/03/09;0500 UTC;0;914,3;914,7;914,3;;21,3;17,7;21,3;20,1;18,3;17,6;88;80;80;88;3,8;1,4;
2019/03/09;0600 UTC;0;913,8;914,3;913,8;;20,9;17,3;21,7;20,6;17,7;17,1;82;75;80;45;4,6;1,4;
2019/03/09;0700 UTC;0;913,6;913,8;913,5;;20,7;16,9;21,7;20,7;17,3;16,8;80;75;79;52;4,1;,9;
2019/03/09;0800 UTC;0;913,8;913,8;913,6;;20,5;16,7;20,9;20,5;17;16,7;79;77;79;61;3,7;2,5;
2019/03/09;0900 UTC;0;913,8;914;913,7;;20,7;16,7;21;20,5;17;16,7;80;77;78;128;3,4;,8;
2019/03/09;1000 UTC;0;914,2;914,2;913,8;67,2;20,5;17,1;20,7;19,8;17,1;16,6;83;78;81;42;2,9;,8;
2019/03/09;1100 UTC;0;914,5;914,5;914,2;905;24,2;18,7;24,2;20,5;18,9;17,2;81;71;72;334;2,3;,1;
2019/03/09;1200 UTC;0;914,4;914,5;914,4;1843,1;27,7;19,1;27,7;24,1;19,3;18,2;72;59;59;16;4,3;1,3;
2019/03/09;1300 UTC;0;914,4;914,4;914,3;2634,1;29,1;18;29,2;27,7;19,3;17,5;60;50;51;24;4,4;1,4;
2019/03/09;1400 UTC;0;914,3;914,4;914,3;3186,3;30,4;20;30,7;28,6;20;17,1;54;46;54;210;4,6;,8;
2019/03/09;1500 UTC;0;913,9;914,3;913,9;3709,2;30;19,1;30,9;30;20,1;16,4;55;43;52;189;5,5;2,4;
2019/03/09;1600 UTC;0;912,9;913,9;912,9;1905,5;29,1;18,6;31,4;28,8;19,9;18;56;48;53;173;5,5;,9;
2019/03/09;1700 UTC;0;912,6;912,9;912,4;1095;24,8;18,7;31,2;24,8;19,5;18,2;69;47;69;321;7,8;3,1;
2019/03/09;1800 UTC;1,4;911,2;912,6;911,2;425,2;24,5;20,9;24,8;23,4;21;18,1;82;69;80;93;6,2;0;
2019/03/09;1900 UTC;0;910,3;911,2;910,2;1697,6;29;19,7;29,4;24,5;22,9;19,5;83;55;57;234;1,7;,5;
2019/03/09;2000 UTC;0;910,9;911;910,3;1714,3;28,3;16,6;30,3;28,3;20,4;16,6;58;48;49;168;5,1;1,7;
2019/03/09;2100 UTC;0;910,5;910,9;910,5;548,1;27,3;18,9;28,4;27,3;19,5;16,8;61;49;60;73;5,1;2,1;
2019/03/09;2200 UTC;0;911,2;911,2;910,5;60;25,6;19,6;27,3;25,5;19,6;17,3;70;57;70;160;3,9;,8;
2019/03/09;2300 UTC;0;912;912;911,2;;23,6;19,7;25,6;23,6;20;18,9;79;67;79;279;2,6;0;
2019/03/10;0000 UTC;0;912,6;912,6;912;;24,3;18,8;24,9;23,5;20,3;18,7;82;69;72;128;2,6;,7;
2019/03/10;0100 UTC;0;913,4;913,4;912,6;;22,2;19,1;24,3;22,2;19,4;18,8;84;72;83;345;1,9;,3;
2019/03/10;0200 UTC;0;913,3;913,3;913;;21,3;18,8;22,2;21,3;19,2;18,8;86;82;86;31;2,4;1,2;
2019/03/10;0300 UTC;0;913,3;913,3;913,2;;21,2;18,7;22,2;21;19;18,3;86;81;85;31;3,2;,9;
2019/03/10;0400 UTC;0;912,9;913,5;912,9;;21,8;18,6;21,8;20,5;19,1;18,2;88;82;82;47;4,1;1,9;
2019/03/10;0500 UTC;0;913,1;913,2;912,8;;20,6;18,1;21,9;20,6;18,6;18;86;81;86;195;4,8;,4;
2019/03/10;0600 UTC;0;912,3;913,1;912,3;;20,6;18,5;21,3;20,6;18,7;18,2;88;85;88;53;3,2;,7;
2019/03/10;0700 UTC;0;912,2;912,4;912,2;;20,2;18,4;20,7;20,2;18,5;18,1;89;87;89;125;3,5;,4;
2019/03/10;0800 UTC;0;912,4;912,5;912,2;;19,7;18;20,3;19,7;18,6;18;91;89;90;88;2,8;,6;
2019/03/10;0900 UTC;0;912,4;912,4;912,1;;19,8;18,3;20,2;19,6;18,6;17,8;91;89;91;80;3,7;,3;
2019/03/10;1000 UTC;0;913;913;912,4;112;20,7;18,6;20,7;19,9;18,6;18,2;91;87;87;12;4,3;,7;
2019/03/10;1100 UTC;0;913,6;913,6;913;833,3;22,9;19;22,9;20,7;19,2;18,4;88;79;79;327;2,2;,4;
2019/03/10;1200 UTC;0;913,9;913,9;913,6;1762,5;24,8;19,3;25,5;22,8;20,2;18,9;79;70;72;220;3,1;1,1;
2019/03/10;1300 UTC;0;913,9;913,9;913,8;2632,9;27,5;20,6;27,6;24,8;20,9;19,6;75;65;66;232;3,5;1,4;
2019/03/10;1400 UTC;0;913,6;913,9;913,6;3260,3;29;20,9;29,2;26,7;21,7;20;68;61;62;192;4,2;2,1;
2019/03/10;1500 UTC;0;912,9;913,6;912,9;2968,4;29,3;20,7;30,3;28,9;21,6;20,4;64;57;60;185;4,8;1,9;
2019/03/10;1600 UTC;0;911,6;912,9;911,6;2604,4;30;19,7;31;29,1;21,2;19,6;61;53;54;202;6,1;3,5;
2019/03/10;1700 UTC;10,2;911,8;912,1;911,3;342,1;21,8;17,2;30,1;20,6;20,2;14,5;75;53;75;16;16,7;1,6;
2019/03/10;1800 UTC;0;910,5;911,9;910,3;739,5;23,8;19,5;24,1;21,8;19,9;17,4;81;72;77;41;7,6;3,2;
2019/03/10;1900 UTC;0;910,2;910,7;910,2;1132,7;25,1;19;25,4;23,8;20,2;18,4;79;65;69;46;7,6;1,1;
2019/03/10;2000 UTC;0;909,3;910,2;909,3;393,4;24,5;20,2;25,1;24,5;20,3;18,7;77;68;77;130;3,2;,4;
2019/03/10;2100 UTC;0;910,9;910,9;909,2;158,6;23,9;19,6;24,6;23,7;20,2;19,1;79;73;77;104;2,7;1,5;
2019/03/10;2200 UTC;0;911,6;911,7;910,9;7,2;23,1;19,1;23,9;23,1;19,9;19,1;80;77;79;186;7,6;3,1;
2019/03/10;2300 UTC;0;911,8;911,8;911,3;;22,3;18,1;23,1;22,3;19,2;18,1;79;76;77;150;7,6;,7;
2019/03/11;0000 UTC;0;912,4;912,4;911,6;;22,1;18,3;22,5;22,1;18,4;18;79;77;79;220;6;,3;
2019/03/11;0100 UTC;0;913,4;913,4;912,4;;20,8;18,5;22,1;20,8;18,6;18,2;86;79;86;36;2,2;,2;
2019/03/11;0200 UTC;0;913;913,4;913;;20,5;18,6;20,9;20,4;18,6;18,3;88;86;88;135;3,1;1,5;
2019/03/11;0300 UTC;0;912,7;913;912,5;;20,3;18;20,9;20,3;18,6;18;88;85;87;175;2,7;,5;
2019/03/11;0400 UTC;0;912,3;912,8;912,3;;20,3;18,1;20,4;19,7;18,2;17,8;89;87;87;176;1,9;,6;
2019/03/11;0500 UTC;0;912,6;912,6;912,1;;19,9;18,1;20,5;19,9;18,2;17,9;89;86;89;38;4;1,6;
2019/03/11;0600 UTC;0;911,8;912,6;911,8;;19,8;18;19,9;19,8;18,2;18;90;89;90;24;4;,4;
2019/03/11;0700 UTC;0;911,5;911,8;911,5;;20,2;17,6;20,3;19,7;18,1;17,6;90;85;85;23;3,4;1,1;
2019/03/11;0800 UTC;0;911,5;911,6;911,4;;20,6;17,1;20,6;20,1;17,6;17,1;85;80;80;39;3,3;1;
2019/03/11;0900 UTC;0;912,3;912,3;911,5;;19,9;17,1;20,6;19,9;17,2;16,9;84;80;84;8;3,4;,7;
2019/03/11;1000 UTC;0;913,3;913,3;912,3;102,5;20,7;17,3;20,7;19,9;17,3;17,1;84;81;81;48;8,2;2,3;
2019/03/11;1100 UTC;0;914,5;914,5;913,3;631,7;21,6;17,3;21,9;20,7;17,7;17,1;81;76;77;93;6,9;1,5;
2019/03/11;1200 UTC;0;914,6;914,7;914,5;902,6;22,3;17,7;22,5;21,6;18;17,4;78;74;75;14;5,8;2,4;
2019/03/11;1300 UTC;0;914,5;914,7;914,5;1278,3;23,3;17,5;23,5;22,2;18;17,4;76;69;70;344;4,4;1,3;
2019/03/11;1400 UTC;0;914,1;914,5;914,1;1419,2;24,4;17,8;24,5;23,3;18,1;17,4;71;67;67;77;3;1;
2019/03/11;1500 UTC;0;913,5;914,1;913,5;2945,1;27,2;17,4;27,4;24,4;18,8;16,7;68;54;55;74;4,8;1,8;
2019/03/11;1600 UTC;0;912,6;913,5;912,6;3865,3;29;15,3;29,6;27,2;18,1;14,8;56;42;43;8;8,6;3,6;
2019/03/11;1700 UTC;0;911,8;912,7;911,8;3066,7;28,9;15,5;29,8;28,3;16,9;14,7;48;42;44;13;9;3,7;
2019/03/11;1800 UTC;0;911,4;911,8;911,4;1996,4;28,9;14,7;29,4;28,4;15,7;13,8;44;40;42;355;7,5;2,8;
2019/03/11;1900 UTC;0;910,9;911,4;910,7;2305,1;29,5;13,3;30,2;28,7;15,1;12,7;43;35;37;328;8,5;3,7;
2019/03/11;2000 UTC;0;910,6;910,9;910,4;1565;28,9;13,9;29,7;28,9;14,6;13,2;41;37;40;318;7,2;2,1;
2019/03/11;2100 UTC;0;910,6;910,6;910,4;460,5;27,5;14,6;29,3;27,5;14,7;13,4;45;39;45;304;4,2;1,8;
2019/03/11;2200 UTC;0;911,1;911,1;910,6;14;23,8;18,1;27,5;23,8;18,1;14,7;71;45;70;121;3,6;1,4;
2019/03/11;2300 UTC;0;911,9;911,9;911,1;;22,9;17,7;23,8;22,6;18,4;17,7;77;70;73;84;3,9;1,5;
2019/03/12;0000 UTC;0;912,7;912,7;911,9;;22,5;17,7;22,9;22;18;17,5;76;73;74;102;4;1,2;
2019/03/12;0100 UTC;0;913,4;913,4;912,7;;21,4;17,9;22,8;21,3;17,9;17,6;80;73;80;156;2,9;,3;
2019/03/12;0200 UTC;0;913,2;913,4;913,2;;22;17,9;22,3;21,4;18,2;17,8;81;76;78;108;6,1;2,3;
2019/03/12;0300 UTC;0;913,2;913,3;913,1;;21,5;17,7;22;21,5;18,1;17,7;79;78;79;124;4,8;1,1;
2019/03/12;0400 UTC;0;912,9;913,2;912,9;;20,7;16,5;21,6;20,6;17,7;16,5;79;77;77;120;4,8;1,3;
2019/03/12;0500 UTC;0;912,3;913;912,2;;20;16,3;20,7;20;16,5;16,3;79;77;79;119;4,8;1,3;
2019/03/12;0600 UTC;0;911,5;912,3;911,4;;19,5;16,1;20,1;19,5;16,3;16,1;81;78;80;121;5,9;1,2;
2019/03/12;0700 UTC;0;911,9;911,9;911,4;;19,2;15,9;19,6;19,2;16,2;15,9;81;80;81;2;5,8;1,8;
2019/03/12;0800 UTC;0;912,1;912,1;911,9;;18,8;15,8;19,2;18,7;15,9;15,7;83;81;83;227;3,8;,5;
2019/03/12;0900 UTC;0;912,5;912,5;912;;20,1;16;20,1;18,8;16;15,7;83;77;77;22;3,9;1,2;
2019/03/12;1000 UTC;0;913;913;912,5;101,5;20,6;16,1;20,6;19,9;16,2;15,9;79;75;76;31;5;2,1;
2019/03/12;1100 UTC;0;913,8;913,8;913;350,1;21,6;16,1;21,6;20,6;16,4;16;76;71;71;70;5,5;1,2;
2019/03/12;1200 UTC;0;914,1;914,2;913,8;497,5;22,7;16,4;22,7;21,6;16,5;16;71;67;67;57;3,8;,9;
2019/03/12;1300 UTC;0;913,9;914,2;913,9;1163,9;25;17,4;25;22,7;17,4;16,1;67;62;63;26;7,5;3,1;
2019/03/12;1400 UTC;0;913,6;913,9;913,6;3512,4;27,6;18,2;28,3;25;18,7;17,1;63;54;57;6;9;4,5;
2019/03/12;1500 UTC;0;913,5;913,7;913,5;1876,1;26,6;18;27,6;26,2;18,8;17,5;60;56;59;24;9,3;4;
2019/03/12;1600 UTC;0;912,4;913,5;912,4;3063,2;29,8;18,6;29,8;26,6;18,6;17,6;59;51;51;351;8,7;3,2;
2019/03/12;1700 UTC;0;911;912,4;911;3801;30,9;17,8;30,9;28,9;18,5;16,6;52;44;46;357;7,6;3;
2019/03/12;1800 UTC;0;910,8;911;910,7;2272,4;26,3;17,1;31,4;26,3;17,7;16,1;57;42;57;6;12,5;5,2;
2019/03/12;1900 UTC;0;910,7;910,8;910,4;496;25,5;17,8;26,3;25,2;18,1;16,9;64;57;62;36;10,8;1,3;
2019/03/12;2000 UTC;0;910,6;910,7;910,5;377,2;25,6;17,6;25,7;25,3;18;17,5;64;61;61;93;3,8;,6;
2019/03/12;2100 UTC;0;911,1;911,2;910,6;256,8;24;18,6;25,6;24;18,8;17,5;72;61;72;136;3,7;2;
2019/03/12;2200 UTC;0;911,2;911,2;910,9;8,5;23;18;24,1;23;18,6;17,7;74;68;74;87;3,9;1,8;
2019/03/12;2300 UTC;0;912,1;912,1;911,2;;22,2;18,2;23;22,1;18,3;17,9;79;74;78;69;3,4;,9;
2019/03/13;0000 UTC;0;913;913;912,1;;22,1;18;22,5;22;18,2;18;78;76;78;64;3,6;1,6;
2019/03/13;0100 UTC;0;913,5;913,6;913;;22,2;17,5;22,6;22;18;17,5;78;74;75;71;4,7;1,2;
2019/03/13;0200 UTC;0;913,6;913,8;913,5;;21,7;18,2;22,3;21,7;18,4;17,4;81;75;81;88;3,1;0;
2019/03/13;0300 UTC;0;913,5;913,9;913,5;;21,6;17,5;21,8;21,5;18,3;17,5;82;78;78;53;1,7;,4;
2019/03/13;0400 UTC;0;913,1;913,5;913;;21,3;17,5;21,9;21,3;17,8;17,5;80;77;79;73;4;1,9;
2019/03/13;0500 UTC;0;912,5;913,1;912,5;;21,3;17,8;21,6;21,1;17,8;17,5;80;78;80;12;4;2,2;
2019/03/13;0600 UTC;0;912,5;913,1;912,5;;21;18,1;21,9;20,7;18,2;17,8;85;78;83;84;7,4;1,2;
2019/03/13;0700 UTC;0;912,5;912,5;912,2;;20,8;18,1;21,1;20,6;18,1;17,9;85;83;85;90;3,5;1,7;
2019/03/13;0800 UTC;0;912,9;912,9;912,5;;20,1;17,7;21;20,1;18,2;17,7;87;83;87;155;3,3;,1;
2019/03/13;0900 UTC;0;913,1;913,1;912,9;;19,9;18,1;20,2;19,8;18,3;17,7;90;87;90;41;2,8;1,1;
2019/03/13;1000 UTC;0;913,8;913,8;913,1;63,1;20,3;18,3;20,3;19,6;18,4;18;91;88;89;46;3,9;2,2;
2019/03/13;1100 UTC;0;914,5;914,6;913,8;484,6;22,7;18,9;22,7;20,3;18,9;18,4;89;79;79;57;4,7;2,1;
2019/03/13;1200 UTC;0;914,9;914,9;914,5;1142,4;23,4;18,5;24,1;22,7;19,1;18,3;79;72;74;14;5,6;1,3;
2019/03/13;1300 UTC;0;914,9;915,1;914,8;981,9;23,6;18,3;24,1;23,4;19,1;17,9;75;70;72;18;4,4;1,9;
2019/03/13;1400 UTC;0;914,5;914,9;914,4;3102,6;27,5;18,6;27,9;23,6;20,4;17,8;73;56;59;357;8,3;3,8;
2019/03/13;1500 UTC;0;913,8;914,5;913,8;2436,8;26,9;18,2;27,5;26,4;18,8;17,4;61;56;59;8;9,3;3,6;
2019/03/13;1600 UTC;0;912,8;913,8;912,8;2959,2;29,2;18,6;29,5;26,9;19,5;17,5;60;50;53;353;7,6;2,1;
2019/03/13;1700 UTC;0;911,8;912,8;911,8;1362,7;28,4;17,6;30,4;28,3;18,4;16,9;53;46;52;331;6,8;2,7;
2019/03/13;1800 UTC;0;910,8;911,8;910,7;1915;29,1;17,6;30,9;28,3;18,6;16,6;53;46;50;332;8,2;3,2;
2019/03/13;1900 UTC;0;910,6;910,8;910,4;282,1;23,5;19,3;29,1;23,3;19,4;17,4;78;50;78;228;10,1;3,4;
2019/03/13;2000 UTC;0;910,3;910,6;910,2;463,5;25,5;19,1;25,6;23,5;19,6;18,8;77;68;68;207;5,5;,6;
2019/03/13;2100 UTC;0;910,8;910,8;910,3;460,4;25,1;19,7;26,1;25;19,8;18,3;73;63;72;56;2,5;,8;
2019/03/13;2200 UTC;0;911,9;911,9;910,8;10,7;23,2;17,6;25,1;23,2;19,8;16,8;73;65;71;7;5,1;1,1;
2019/03/13;2300 UTC;,2;912;912,1;911,9;;21,9;17,9;23,2;21,6;18,1;17,4;79;71;78;51;2,9;,8;
2019/03/14;0000 UTC;0;912,6;912,6;912;;21,6;17,8;22,4;21,5;18,4;17,4;82;76;79;131;2,8;,2;
2019/03/14;0100 UTC;0;913,2;913,2;912,6;;21,3;17,2;21,8;21,1;18,2;17,2;81;78;78;68;3,6;1,6;
2019/03/14;0200 UTC;0;913,1;913,2;913,1;;20,9;16,9;21,6;20,9;17,2;16,8;78;75;77;52;3,2;1,2;
2019/03/14;0300 UTC;0;912,8;913,2;912,7;;20,6;17,2;21,3;20,5;17,2;16,7;81;75;81;16;4,1;,4;
2019/03/14;0400 UTC;0;912,7;912,8;912,6;;20,9;17,3;20,9;20,2;17,5;17;83;79;80;55;2,8;1,2;
2019/03/14;0500 UTC;0;912,3;912,7;912,3;;20,7;17,3;21;20,4;17,5;17,2;83;80;81;115;3,4;,8;
2019/03/14;0600 UTC;0;912,2;912,3;912;;20,2;17,8;20,7;20,1;17,8;17,3;86;81;86;354;2,6;,2;
2019/03/14;0700 UTC;0;912,3;912,4;912,2;;20,6;17,7;21;20,2;18;17,6;86;81;83;54;3,4;1,2;
2019/03/14;0800 UTC;0;912,6;912,6;912,2;;20;17,6;21;20;18;17,5;86;83;86;31;3;,2;
2019/03/14;0900 UTC;0;912,8;912,8;912,6;;20,6;17,7;20,7;20;17,9;17,6;87;83;84;50;3,7;1,5;
2019/03/14;1000 UTC;0;913,4;913,4;912,7;171,9;21,3;18,5;21,3;20,1;18,5;17,5;87;83;84;25;2,9;,6;
2019/03/14;1100 UTC;0;914,6;914,6;913,4;804,7;23,4;19,3;23,4;21,3;19,4;18,4;84;76;78;17;3,1;,7;
2019/03/14;1200 UTC;4,2;915,4;915,4;914,6;635,1;21,8;19,8;24,8;21,8;19,8;19;88;71;88;25;5,6;,8;
2019/03/14;1300 UTC;0;915,5;915,6;915,2;992,6;23,6;20,9;23,7;21,7;21,1;19,7;89;84;85;20;5,9;2,5;
2019/03/14;1400 UTC;,2;915,9;915,9;915,3;1576,1;21,8;18,7;24,7;21,8;20,7;18,7;85;73;83;348;9,3;3,8;
2019/03/14;1500 UTC;1,2;915;915,9;915;154,9;21;18,7;21,8;21;19,2;18,6;87;83;87;28;7,2;2,7;
2019/03/14;1600 UTC;0;913,7;915;913,7;404;22;19,1;22;20,9;19,2;18,7;88;83;83;55;4,9;2;
2019/03/14;1700 UTC;0;913;913,7;912,9;1139,6;24,3;20,3;24,3;22;20,3;19,1;84;78;78;70;3,7;2;
2019/03/14;1800 UTC;0;912;913;911,9;1569,8;25,7;19,8;25,7;24,3;20,4;19,6;78;69;70;51;3,9;1,4;
2019/03/14;1900 UTC;0;911,2;912;911,2;744,5;24,6;20,8;25,8;24,4;21,1;19,4;82;70;79;129;2,8;1,3;
2019/03/14;2000 UTC;0;911,4;911,6;911,1;292;23,3;19,7;24,8;23,3;20,9;19,7;84;76;80;138;4,3;2;
2019/03/14;2100 UTC;0;911,8;911,8;911,3;103,4;22,6;19,7;23,4;22,6;20,2;19,6;84;80;84;201;3,3;,7;
2019/03/14;2200 UTC;,2;912,2;912,3;911,8;;21,7;20,3;22,6;21,6;20,3;19,6;91;84;91;137;1,9;0;
2019/03/14;2300 UTC;0;913,1;913,1;912,2;;21,5;20;21,9;21,5;20,4;20;92;91;91;306;6;2,2;
2019/03/15;0000 UTC;0;913;913,1;912,8;;21,5;20;21,5;21,3;20,1;19,9;92;91;91;72;4,4;2,1;
2019/03/15;0100 UTC;0;913,6;913,7;913;;21,5;19,9;21,7;21,4;20,1;19,8;91;90;91;110;3,5;1,1;
2019/03/15;0200 UTC;0;913,5;913,7;913,5;;21,2;19,9;21,6;21,2;20;19,8;92;90;92;342;2,2;,4;
2019/03/15;0300 UTC;0;913;913,5;913;;21;19,5;21,2;20,9;19,9;19,5;93;91;91;93;2,8;,9;
2019/03/15;0400 UTC;0;912,6;913;912,6;;20,4;18,9;21;20,3;19,5;18,7;92;90;91;158;2,5;,2;
2019/03/15;0500 UTC;0;912,4;912,6;912,4;;20,3;18,9;20,4;19,9;19;18,5;92;91;92;66;2,6;1,4;
2019/03/15;0600 UTC;0;912;912,4;912;;20;18,5;20,4;19,8;18,9;18,3;92;90;91;47;3;1,6;
2019/03/15;0700 UTC;0;911,9;912,1;911,9;;20;18,2;20,4;20;18,7;18,2;91;89;89;56;3;,4;
2019/03/15;0800 UTC;0;912,2;912,2;911,8;;19,5;18;20;19,5;18,3;18;91;89;91;41;3,1;0;
2019/03/15;0900 UTC;0;912,4;912,4;912,1;;19,8;18,1;19,9;19,4;18,4;17,9;91;90;90;67;2,5;1,5;
2019/03/15;1000 UTC;0;912,8;912,8;912,4;93,4;20,4;18,4;20,5;19,7;18,6;17,9;90;88;88;82;3,4;,6;
2019/03/15;1100 UTC;0;913,2;913,2;912,8;455,4;21,3;19;21,4;20,3;19;18,2;88;84;86;22;3,4;,7;
2019/03/15;1200 UTC;0;913,8;913,8;913,2;1815;25,5;18,6;25,5;21,4;20,1;18,6;86;66;66;21;2,3;,4;
2019/03/15;1300 UTC;0;914,1;914,1;913,8;2509,2;27,1;18,8;27,1;25,2;19,4;18;68;60;60;74;2,3;1;
2019/03/15;1400 UTC;0;913,8;914,1;913,8;3005;28,7;19,8;28,7;27,1;20,2;17,3;61;53;59;245;3,6;1,5;
2019/03/15;1500 UTC;0;913,4;913,9;913,4;2986,5;28,6;19,7;29;27,5;20,5;18,7;63;56;58;218;6,4;3,6;
2019/03/15;1600 UTC;0;912;913,4;912;2766,1;28,5;19,9;29,5;27,5;20;18,5;61;53;60;206;7,7;3,1;
2019/03/15;1700 UTC;0;911,1;912;911,1;2148,7;29;18,6;29,3;27,5;20,5;18,4;64;53;53;227;7,5;2,8;
2019/03/15;1800 UTC;0;910,5;911,1;910,4;1945,9;28,7;18;30,4;28,2;19,1;17,6;56;49;52;215;7,2;3,1;
2019/03/15;1900 UTC;0;910,6;910,7;910,1;1954;26,9;19,3;29,8;26,9;20;17,3;65;48;63;149;8,2;3,6;
2019/03/15;2000 UTC;3;910,8;911;910,5;534,6;23,6;20,5;26,9;22,6;20,8;18;85;62;82;143;9,6;3,4;
2019/03/15;2100 UTC;17,8;911,9;912,3;910,8;78,1;20,1;18,9;23,7;19,7;20,4;18,2;93;79;93;250;7;1,1;
2019/03/15;2200 UTC;8,6;912,3;912,3;911,2;;20,9;19,9;20,9;19,8;19,9;18,5;94;92;94;215;3,9;,4;
2019/03/15;2300 UTC;,4;912,8;912,8;912,3;;20,8;19,6;21,1;20,7;20,1;19,6;94;93;93;360;7,5;,6;
2019/03/16;0000 UTC;,2;913,5;913,5;912,8;;20,8;19,8;20,9;20,6;19,8;19,5;94;93;94;24;2;,3;
2019/03/16;0100 UTC;,6;913,4;913,7;913,4;;20,9;19,7;21;20,7;19,9;19,5;94;93;93;84;3,5;2,5;
2019/03/16;0200 UTC;,2;913,2;913,4;913,2;;20,8;19,4;21;20,6;19,7;19,1;93;91;92;76;3,5;1,4;
2019/03/16;0300 UTC;0;913;913,2;912,8;;20,7;19,4;21;20,6;19,7;19,2;92;91;92;305;2,5;,1;
2019/03/16;0400 UTC;0;912,8;913,1;912,8;;20,2;19,2;20,8;20,1;19,5;19,1;94;92;94;214;3,9;1,3;
2019/03/16;0500 UTC;0;912,5;912,9;912,4;;19,9;19,1;20,3;19,9;19,4;19;95;94;95;196;4;,9;
2019/03/16;0600 UTC;0;911,8;912,5;911,8;;20;19,1;20;19,9;19,2;19;95;95;95;161;1,7;,3;
2019/03/16;0700 UTC;0;911,7;911,8;911,6;;20,3;19,4;20,3;19,9;19,4;19,1;95;95;95;294;1,1;,3;
2019/03/16;0800 UTC;0;911,6;911,8;911,6;;20,2;19,4;20,3;20,1;19,5;19,2;95;95;95;318;1,5;,1;
2019/03/16;0900 UTC;0;911,4;911,6;911,4;;20,3;19,4;20,3;20,2;19,5;19,3;95;95;95;60;1,6;,8;
2019/03/16;1000 UTC;0;911,4;911,4;911,2;87;20,6;19,7;20,6;20,2;19,7;19,4;95;95;95;17;2,7;,4;
2019/03/16;1100 UTC;0;912,1;912,1;911,4;593,4;22,2;20,3;22,2;20,6;20,6;19,7;95;89;89;29;3,6;1,5;
2019/03/16;1200 UTC;0;912,7;912,7;912,1;1428,2;24,3;20,1;24,4;22,2;20,5;19,7;89;76;78;50;6;1,9;
2019/03/16;1300 UTC;0;912,7;912,7;912,6;2463,9;26,2;20;26,2;24,3;20,5;19,2;78;67;69;64;6,9;2;
2019/03/16;1400 UTC;0;912,6;912,7;912,6;2857,9;28,2;18,4;28,8;26;21;18,4;69;55;55;14;5,3;2,8;
2019/03/16;1500 UTC;0;912;912,6;912;3127,3;29;18,9;29,6;28,1;19,6;18,2;58;52;54;21;5,3;2,2;
2019/03/16;1600 UTC;0;911,1;912;911,1;1800,7;26;19,7;29,3;25;20,9;18,2;72;53;68;175;8;1,7;
2019/03/16;1700 UTC;0;910,3;911,1;910,2;1427,4;26,9;18,8;26,9;25,2;20,3;18,8;73;61;61;199;5,5;2,8;
2019/03/16;1800 UTC;0;909,9;910,3;909,9;1455;27;19,3;27,8;26,3;19,9;18,4;65;59;63;93;4,6;,4;
2019/03/16;1900 UTC;0;909,9;910;909,8;948;26,7;19,5;27,3;26,6;19,9;18,8;66;61;65;138;3,1;1,4;
2019/03/16;2000 UTC;0;910,3;910,4;909,7;363;24,6;20;26,8;24,6;20;18,7;75;63;75;336;4;1,8;
2019/03/16;2100 UTC;0;910,8;910,8;910,3;67,6;22,6;18,4;24,7;22,6;20,2;18,3;77;70;77;210;6,9;,9;
2019/03/16;2200 UTC;0;911,8;911,8;910,8;;22,6;19,6;22,6;22,2;19,6;18,4;83;77;83;166;2;,8;
2019/03/16;2300 UTC;1,6;912,6;912,6;911,8;;21,6;19,8;22,6;21,5;19,8;19,3;90;82;90;201;2,2;1,1;
2019/03/17;0000 UTC;1,2;913,5;913,5;912,6;;21,2;19,8;21,6;21,2;20;19,6;92;90;92;214;1,9;,7;
2019/03/17;0100 UTC;1,6;913,7;913,9;913,5;;21;19,7;21,3;21;19,9;19,6;92;92;92;88;1,1;0;
2019/03/17;0200 UTC;,4;913,2;913,7;913,2;;21;19,9;21,1;20,9;19,9;19,7;93;92;93;52;3,7;1,9;
2019/03/17;0300 UTC;,2;912,8;913,2;912,8;;21;19,9;21,2;21;20;19,9;93;93;93;51;3,7;1,3;
2019/03/17;0400 UTC;0;912,2;912,8;912,2;;21,3;19,5;21,3;21;20;19,4;93;89;89;51;3,2;1,3;
2019/03/17;0500 UTC;0;911,4;912,2;911,4;;21,1;18,8;21,4;21,1;19,5;18,8;89;87;87;61;3,8;1,4;
2019/03/17;0600 UTC;0;911;911,4;911;;20,2;18,7;21,1;20,2;19,1;18,7;91;87;91;35;3;,2;
2019/03/17;0700 UTC;0;910,8;911;910,8;;19,7;18,1;20,5;19,7;18,8;18,1;91;89;90;162;2,7;,4;
2019/03/17;0800 UTC;0;911,4;911,4;910,8;;20;18,7;20;19,6;18,7;18;92;90;92;46;3,3;1,8;
2019/03/17;0900 UTC;0;911,5;911,6;911,4;;20,8;19,1;20,8;20;19,1;18,7;92;90;90;68;3,1;1,5;
2019/03/17;1000 UTC;0;912;912;911,5;76,9;21,2;19,1;21,2;20,6;19,1;18,7;90;88;88;63;3,4;1,4;
2019/03/17;1100 UTC;0;912,6;912,6;912;913,3;23,6;19,7;23,6;21,2;19,8;19;88;79;79;27;3,3;1,1;
2019/03/17;1200 UTC;0;912,8;912,9;912,6;1839,7;25,6;19,2;25,8;23,6;20,3;18,7;80;67;67;11;5,6;2,7;
2019/03/17;1300 UTC;0;913;913,1;912,8;2550,9;27,2;18,8;27,3;25,6;19,9;18,8;69;60;60;334;6,6;3;
2019/03/17;1400 UTC;0;912,9;913;912,8;2753,3;28,2;19,2;28,6;26,9;20,4;18,5;63;57;58;358;6,6;3,6;
2019/03/17;1500 UTC;0;912,4;913;912,4;3462,7;28,7;18,2;29,7;27,9;19,9;17,7;60;51;53;343;8,3;2,8;
2019/03/17;1600 UTC;0;911,2;912,4;911,2;2950,2;30,1;19,1;30,4;28,3;19,6;17,9;56;50;52;312;7,9;3,7;
2019/03/17;1700 UTC;0;910,4;911,3;910,3;2024,1;28,2;20,1;30,9;27,3;20,3;18,2;64;49;62;223;7,9;2,5;
2019/03/17;1800 UTC;3,6;910,6;910,7;910,1;468,2;21,1;18,4;28,2;21,1;20,4;18,4;86;60;85;36;12,5;2,7;
2019/03/17;1900 UTC;23,8;911,2;911,4;910,4;52,1;20,4;19,5;21,3;20;19,5;18,5;95;85;95;4;10,7;3,1;
2019/03/17;2000 UTC;,6;911;911,2;910,8;33,4;21,1;19,9;21,2;20,4;20,1;19,6;95;93;93;12;7,4;1,1;
2019/03/17;2100 UTC;,8;910,9;911,4;910,9;11,6;21,7;18,9;22,1;21,1;20;18,9;93;84;84;46;5,7;1,9;
2019/03/17;2200 UTC;,2;911,1;911,1;910,9;;21,5;19,3;21,8;21,1;19,6;18,9;89;84;87;54;5;2,2;
2019/03/17;2300 UTC;,2;911,5;911,5;911;;21,4;19,6;21,5;20,9;19,7;19,2;91;87;90;66;4,6;1;
2019/03/18;0000 UTC;0;912,3;912,3;911,5;;20,8;19,3;21,4;20,8;19,6;19,3;92;90;91;39;2,3;1,2;
2019/03/18;0100 UTC;0;912,7;912,7;912,3;;20,8;19,1;21,1;20,7;19,5;19;91;89;90;55;4,6;1,2;
2019/03/18;0200 UTC;0;912,6;912,8;912,6;;20,5;19;20,8;20,4;19,1;18,9;91;90;91;49;3,6;2;
2019/03/18;0300 UTC;0;912,4;912,6;912,4;;20,2;18,9;20,5;20;19,1;18,7;92;91;92;37;3,3;1,1;
2019/03/18;0400 UTC;0;912,2;912,4;912,2;;20,4;19;20,4;20,2;19;18,9;92;92;92;324;2,3;,3;
2019/03/18;0500 UTC;0;911,9;912,2;911,9;;20,5;18,4;20,8;20,2;19,2;18,4;92;88;88;62;3,3;2;
2019/03/18;0600 UTC;0;911,6;911,9;911,6;;19,9;18,2;20,9;19,8;18,7;18,1;90;86;90;71;3,3;,2;
2019/03/18;0700 UTC;0;911,2;911,6;911,2;;19,8;18,3;19,9;19,5;18,4;18;92;90;91;50;3;1,9;
2019/03/18;0800 UTC;0;911,3;911,4;911,2;;19,8;17,8;20,7;19,8;18,6;17,8;91;87;89;45;3,6;2,2;
2019/03/18;0900 UTC;0;911,7;911,7;911,1;;19,8;18,2;20,8;19,6;18,7;17,8;90;87;90;16;3,4;1,7;
2019/03/18;1000 UTC;0;912,1;912,1;911,7;100,4;20,2;18,6;20,2;19,7;18,6;18,2;91;90;91;48;3,1;1;
2019/03/18;1100 UTC;0;912,9;912,9;912,1;875,6;22,9;19,2;22,9;20,2;19,4;18,6;91;80;80;30;3,1;1,6;
2019/03/18;1200 UTC;0;913,4;913,4;912,9;1839,1;25,1;19,5;25,2;22,8;20,2;19,1;81;71;71;11;3,2;,9;
2019/03/18;1300 UTC;0;913,5;913,6;913,4;2343,1;26,1;20,2;27,4;25,1;21,1;19,2;72;65;70;218;4,2;2,3;
2019/03/18;1400 UTC;0;913,4;913,5;913,3;2521,7;27,4;21,1;27,4;25,5;21,4;20;73;68;69;238;5,7;2,7;
2019/03/18;1500 UTC;0;912,5;913,4;912,5;3024;27,8;20,6;28;26,2;21,4;20;71;64;65;250;7,6;2,9;
2019/03/18;1600 UTC;0;911,5;912,6;911,5;1630,7;27,2;20,2;28,8;26,7;21,4;19,5;69;60;66;254;6,5;1,7;
2019/03/18;1700 UTC;0;910,6;911,5;910,6;841,5;27;20,6;27,2;26,8;21;20,1;69;66;68;217;4,6;1,6;
2019/03/18;1800 UTC;0;909,5;910,6;909,5;1078,8;26,9;21,5;27;25,7;21,5;20,3;75;67;72;44;4;,9;
2019/03/18;1900 UTC;0;909,3;909,8;909,3;1337,7;25,2;19,1;27,3;25,2;21,7;19,1;73;69;69;2;8,4;3,9;
2019/03/18;2000 UTC;0;909,7;909,7;909,1;527,2;24,3;19,6;25,2;24;20,1;18,9;78;69;75;1;8,4;2,7;
2019/03/18;2100 UTC;0;910,8;910,8;909,5;71,6;22,1;19,1;24,2;21,9;20,1;18,6;83;75;83;263;11;2,5;
2019/03/18;2200 UTC;3,6;910,8;910,9;910,7;;21;19,6;22,2;21;19,8;18,8;91;83;91;71;8,2;1,5;
2019/03/18;2300 UTC;1;911,4;911,4;910,7;;21,3;19,9;21,3;20,8;19,9;19,5;93;91;92;94;3,3;1,4;
2019/03/19;0000 UTC;0;912,6;912,6;911,4;;21,3;20,1;21,4;21,2;20,2;19,9;93;92;93;216;3;2,1;
2019/03/19;0100 UTC;0;912,6;912,9;912,6;;21,3;20,1;21,4;21,2;20,3;20,1;93;93;93;268;3,9;1;
2019/03/19;0200 UTC;0;911,8;912,6;911,8;;21,2;20,1;21,4;21,2;20,3;20,1;93;93;93;2;2,3;,5;
2019/03/19;0300 UTC;0;911,4;911,8;911,3;;20,9;19,9;21,2;20,9;20,1;19,9;94;93;94;31;2,7;,6;
2019/03/19;0400 UTC;0;910,7;911,5;910,7;;21;20;21,1;20,8;20,1;19,8;94;94;94;70;2,9;2,1;
2019/03/19;0500 UTC;0;910,3;910,7;910,2;;20,9;19,8;21;20,9;20;19,7;94;93;93;161;3,1;0;
2019/03/19;0600 UTC;0;910,1;910,4;910,1;;20,4;19,3;20,9;20,4;19,8;19,3;93;93;93;51;3,2;1,7;
2019/03/19;0700 UTC;0;910;910,2;910;;20,3;19,2;20,5;20,2;19,3;19,1;94;93;93;52;3,5;1,2;
2019/03/19;0800 UTC;0;909,9;910,1;909,9;;19,9;18,6;20,3;19,8;19,1;18,5;93;92;92;11;3,5;,2;
2019/03/19;0900 UTC;0;910,3;910,3;909,9;;19,5;18,2;20,1;19,5;18,7;18,2;92;91;92;202;3,2;0;
2019/03/19;1000 UTC;,2;910,6;910,7;910,3;107,1;20;18,7;20;19,3;18,7;18,1;93;92;92;60;1,8;,6;
2019/03/19;1100 UTC;0;911,8;911,8;910,6;882,3;22,1;19,4;22,1;20;19,5;18,8;92;84;85;37;2,3;,8;
2019/03/19;1200 UTC;0;911,8;911,9;911,8;1789,7;25,2;20,1;25,2;22,1;20,6;19,2;85;73;73;323;1,7;,8;
2019/03/19;1300 UTC;0;911,9;911,9;911,7;2455,9;25,9;20,1;26,6;25;21,2;19,3;75;66;71;218;5,3;2,6;
2019/03/19;1400 UTC;0;911,6;911,9;911,6;3107,5;26,5;19,8;27,5;25,6;21,4;19,5;73;65;67;202;5,3;1,8;
2019/03/19;1500 UTC;0;911;911,6;911;3010,6;27,9;20,5;27,9;26,5;21,3;19,5;70;62;64;225;5,3;2,7;
2019/03/19;1600 UTC;0;910,3;911;910,3;3110,6;28,9;20,8;29,1;27,5;21,3;19,2;65;58;61;236;6,2;2,7;
2019/03/19;1700 UTC;0;909,6;910,3;909,6;2647,6;28,1;19,6;29,5;27,6;21;19,3;63;56;60;228;6,4;2,8;
2019/03/19;1800 UTC;0;908,7;909,6;908,7;2437,5;29;19,9;29,3;27,8;20,5;18,4;63;54;58;232;5,6;3,1;
2019/03/19;1900 UTC;0;908,5;908,7;908,4;1950,6;28,1;19,1;29,4;28,1;20,7;18,8;60;56;58;230;6,8;3,4;
2019/03/19;2000 UTC;0;908,7;908,7;908,5;852,2;27,5;19,3;28,3;27,4;20,2;18,8;63;58;61;218;6,1;3,6;
2019/03/19;2100 UTC;0;909;909;908,7;358,7;26;20,9;27,5;26;21;19,2;73;61;73;196;5,4;2,4;
2019/03/19;2200 UTC;0;909,7;909,7;909;3,8;24,7;20,8;26;24,6;20,9;20,7;79;73;79;152;4;1,7;
2019/03/19;2300 UTC;0;910,4;910,4;909,7;;23,8;21;24,8;23,6;21;20,5;85;78;84;168;2,6;,4;
2019/03/20;0000 UTC;0;910,9;911,2;910,4;;22,9;20,6;23,9;22,9;21;20,5;87;84;87;120;1,6;,4;
2019/03/20;0100 UTC;0;911,2;911,2;910,9;;23;20,6;23,1;22,6;20,9;20,4;88;87;87;310;2,2;,5;
2019/03/20;0200 UTC;0;910,9;911,4;910,9;;22,1;20,2;23;22;20,8;20,1;89;87;89;34;2,2;,9;
2019/03/20;0300 UTC;0;910,6;910,9;910,6;;21,8;20,2;22,2;21,7;20,3;19,9;91;89;90;100;1,5;,1;
2019/03/20;0400 UTC;0;910,4;910,6;910,3;;21,8;20,1;21,9;21,6;20,4;20;91;90;90;173;,9;,3;
2019/03/20;0500 UTC;0;909,8;910,4;909,8;;20,9;19,5;21,8;20,9;20,2;19,5;92;90;92;143;1;0;
2019/03/20;0600 UTC;0;908,9;909,8;908,9;;20,8;19,5;21,1;20,7;19,7;19,3;92;92;92;52;2,6;,4;
2019/03/20;0700 UTC;0;908,4;908,9;908,3;;21;19,6;21,3;20,4;20,1;19;93;92;92;33;2,9;1,2;
2019/03/20;0800 UTC;0;908,4;908,4;908,2;;21,3;20;21,3;20,5;20,1;19,1;93;91;93;68;3,1;1;
2019/03/20;0900 UTC;0;909,1;909,1;908,3;;20,8;19,5;21,3;20,8;20;19,4;93;92;92;8;2,5;,2;
2019/03/20;1000 UTC;0;909,9;909,9;909,1;130,3;21,6;20,1;21,6;20,7;20,1;19,3;92;91;91;220;1,2;,1;
2019/03/20;1100 UTC;0;910,9;910,9;909,9;519,2;22;20,4;22,1;21,3;20,5;19,8;92;89;91;201;3,7;1;
2019/03/20;1200 UTC;0;911,3;911,4;910,9;1392,7;24;20,4;24,5;22;21;20;91;79;80;233;3,3;1,3;
2019/03/20;1300 UTC;0;911;911,3;911;2482,6;26,5;19,6;26,5;23,8;20,9;18,9;82;64;66;182;3,9;1,8;
2019/03/20;1400 UTC;0;910,8;911;910,7;3167,7;27,4;19,5;28,2;26,4;20,2;18,8;66;59;62;225;4,3;1,8;
2019/03/20;1500 UTC;0;910,2;910,8;910,2;3098,1;28,6;19,4;29,1;27,4;20,5;18,3;64;54;58;182;4,6;1,6;
2019/03/20;1600 UTC;0;909,2;910,2;909,2;3383,9;29,9;18,8;30,6;28,4;20,4;18;59;49;51;230;5,4;2,4;
2019/03/20;1700 UTC;0;907,8;909,2;907,8;3611,5;30,3;18,1;31;29,6;19,2;16,7;53;45;48;224;6,5;3,3;
2019/03/20;1800 UTC;0;907,1;907,8;907,1;1479,6;27,9;19,8;30,7;27,9;20,2;17,7;62;47;61;196;6,5;2,7;
2019/03/20;1900 UTC;0;906,6;907,2;906,5;1017,3;27,2;19,5;28;24,3;20,3;18,4;74;60;63;293;7,7;,7;
2019/03/20;2000 UTC;0;906,8;907;906,6;862,8;27,1;20;27,4;26,4;20;19,3;67;62;65;207;2,8;,8;
2019/03/20;2100 UTC;0;907,5;907,5;906,8;372,8;25;20,8;27,4;25;20,9;19,4;78;63;78;143;3,6;1,9;
2019/03/20;2200 UTC;0;908,6;908,6;907,5;2,5;22,7;18,6;25;22,7;20,8;18,6;82;76;78;161;8,9;3,4;
2019/03/20;2300 UTC;0;909,4;909,4;908,6;;21,9;19,1;22,7;21,9;19,1;18,4;84;77;84;45;6,3;,9;
2019/03/21;0000 UTC;0;909,9;909,9;909,4;;22,2;19,4;22,4;21,9;19,5;19,1;85;83;84;182;1,7;,8;
2019/03/21;0100 UTC;0;910,9;910,9;909,9;;22;19,8;22,2;21,6;19,8;19,1;88;84;87;266;3,4;1;
2019/03/21;0200 UTC;1,2;911,1;911,2;910,9;;20,4;19,2;22,1;20,4;19,8;19,2;93;87;93;232;6,2;3;
2019/03/21;0300 UTC;1,4;911,4;911,5;911;;20,1;19,1;20,4;20;19,4;19;94;93;94;227;5,8;3,2;
2019/03/21;0400 UTC;0;910,8;911,5;910,8;;20,2;19,2;20,2;20;19,2;19;94;94;94;258;5,8;1,3;
2019/03/21;0500 UTC;0;909,2;910,8;909,2;;19,9;18,9;20,2;19,9;19,2;18,9;94;94;94;63;3,8;2,3;
2019/03/21;0600 UTC;0;908,5;909,2;908,5;;19,8;18,8;19,9;19,8;18,9;18,8;94;94;94;43;3,5;1,4;
2019/03/21;0700 UTC;0;908,2;908,5;908,1;;19,8;18,7;19,9;19,7;18,9;18,7;94;93;93;27;3,6;1;
2019/03/21;0800 UTC;0;908,6;908,6;908,2;;19,8;18,7;19,8;19,6;18,7;18,5;94;93;93;126;2,5;,8;
2019/03/21;0900 UTC;0;908,6;908,7;908,5;;19,6;18,6;19,8;19,6;18,7;18,5;94;93;94;73;2,5;1,5;
2019/03/21;1000 UTC;0;909,2;909,2;908,6;52,8;20,3;19,1;20,3;19,6;19,1;18,5;94;93;93;135;2,5;,4;
2019/03/21;1100 UTC;0;909,5;909,5;909,1;568,9;21,7;19,2;21,9;20,3;19,8;19,1;93;85;85;114;2,7;1,1;
2019/03/21;1200 UTC;0;909,9;910;909,5;1290,4;23,6;19,3;23,6;21,4;19,6;18,6;86;77;77;77;3;,7;
2019/03/21;1300 UTC;0;910,7;910,7;909,9;2095,9;23,7;19,9;25,5;23,4;19,9;18,5;79;68;79;235;4,7;2,9;
2019/03/21;1400 UTC;0;911;911;910,7;1888,8;24,7;19,5;25,1;23,3;20,1;19;80;71;73;227;5,7;3,3;
2019/03/21;1500 UTC;0;910,3;911;910,3;3173,1;25,8;19,1;26,2;24,2;20,4;18,9;76;66;67;227;6;3,2;
2019/03/21;1600 UTC;0;909,6;910,3;909,6;2536;26,6;19,3;27;24,9;19,9;18,2;69;63;64;244;6,9;2,8;
2019/03/21;1700 UTC;0;908,9;909,6;908,9;2321,8;25,6;18,1;27,1;25,4;19,9;17,8;67;62;63;234;7;3,2;
2019/03/21;1800 UTC;0;908,5;908,9;908,5;1793,9;26;18,5;26,8;25,5;19,3;18,1;66;61;63;248;6,4;3;
2019/03/21;1900 UTC;0;907,8;908,5;907,8;2125,4;26,9;18,9;26,9;25,4;19,6;17,5;67;59;61;250;6,9;3,1;
2019/03/21;2000 UTC;0;908,1;908,1;907,7;1025,2;25,1;18,8;27,1;25,1;19,1;17,7;68;59;68;227;6,9;3,2;
2019/03/21;2100 UTC;0;908,8;908,8;908,1;351,5;24,3;18,8;25,3;24,3;19,3;18,5;71;67;71;251;6,1;2;
2019/03/21;2200 UTC;0;908,9;908,9;908,8;2,8;23,5;19,5;24,3;23,3;19,6;18,8;79;71;79;230;4,3;1,6;
2019/03/21;2300 UTC;0;909,8;909,8;908,9;;21,3;18,6;23,5;21,3;19,5;18,2;84;77;84;207;8,4;4,6;
2019/03/22;0000 UTC;,2;910,8;910,8;909,8;;21,1;18,8;21,3;20,8;19,1;18,5;89;84;87;213;8,4;1,1;
2019/03/22;0100 UTC;3,2;911,1;911,1;910,7;;20,6;19,4;21,1;20,3;19,4;18,7;93;87;93;102;3,2;,1;
2019/03/22;0200 UTC;4;910,6;911,1;910,6;;20,4;19,3;20,8;20,4;19,6;19,1;93;92;93;26;1,9;0;
2019/03/22;0300 UTC;,2;910,3;910,6;910,2;;20,4;19,4;20,7;20,4;19,6;19,3;94;93;94;51;2,1;,4;
2019/03/22;0400 UTC;0;910;910,3;910;;20,4;19,3;20,6;20,4;19,5;19,3;94;93;93;99;2,5;,8;
2019/03/22;0500 UTC;0;910;910,1;909,9;;20,2;19,1;20,4;20,1;19,3;19;94;93;93;97;2,2;,4;
2019/03/22;0600 UTC;0;910;910;909,9;;19,5;17,2;20,3;19,5;19,1;17,2;93;86;87;128;5,7;1,4;
2019/03/22;0700 UTC;0;910;910;909,7;;19,4;16,7;19,5;19,2;17,2;16,7;87;84;85;133;5,3;1,5;
2019/03/22;0800 UTC;0;910,1;910,2;909,9;;19,4;16,6;19,4;19,2;16,8;16,6;85;84;84;126;6,2;1,5;
2019/03/22;0900 UTC;0;910,6;910,6;910,1;;19,2;16,7;19,4;19,2;16,8;16,5;85;84;85;339;6,2;,8;
2019/03/22;1000 UTC;0;910,7;910,7;910,6;60,3;19,3;16,7;19,3;19,1;16,8;16,6;86;85;85;162;5,6;1,2;
2019/03/22;1100 UTC;0;911,7;911,7;910,7;864,8;21,1;17;21,1;19,3;17,2;16,7;85;77;77;40;7,3;1,8;
2019/03/22;1200 UTC;0;912,5;912,5;911,7;1870,4;23,4;17,6;23,4;21,1;17,8;16,9;78;70;70;70;7,3;1,4;
2019/03/22;1300 UTC;0;912,8;912,8;912,5;1387,9;23,5;17,7;23,5;22,4;18;17,1;73;69;70;62;8,4;1,6;
2019/03/22;1400 UTC;0;913;913;912,8;1774,7;24,4;17,9;24,6;23,5;18,2;17,5;71;67;67;57;7,1;3;
2019/03/22;1500 UTC;0;912,5;913;912,5;2206,1;25,3;17,8;25,8;24,3;18,7;17,6;68;62;63;94;7,1;1,4;
2019/03/22;1600 UTC;0;911,6;912,5;911,6;1799,9;25,4;17,7;26,8;25,1;19,2;17,6;65;60;62;104;5,6;1,3;
2019/03/22;1700 UTC;3,2;911;911,6;911;577,1;22,6;19,1;25,6;22,1;19,9;17,9;85;62;81;56;4,7;,8;
2019/03/22;1800 UTC;1,2;910,4;911;910,3;599,2;23,9;19,6;24;22,6;20,5;19,2;83;76;77;82;1,9;,2;
2019/03/22;1900 UTC;0;910,3;910,4;910,2;275,1;23,4;19,3;23,9;23,4;20,2;19,1;80;75;78;135;2,9;1,4;
2019/03/22;2000 UTC;0;910,3;910,4;910,2;283,8;22,7;19,4;23,4;22,6;19,7;19,2;82;78;82;143;3,5;1,7;
2019/03/22;2100 UTC;0;910,6;910,7;910,3;277,7;22,8;19,2;22,9;22,7;19,8;19,2;83;80;80;127;3,4;1,9;
2019/03/22;2200 UTC;0;911,2;911,2;910,6;22,6;21,8;18,4;22,8;21,8;19,1;18,4;83;78;81;119;4,4;1,4;
2019/03/22;2300 UTC;0;912,1;912,1;911,1;;21,4;18,1;21,8;21,4;18,4;18,1;82;81;81;101;4,4;1,8;
2019/03/23;0000 UTC;0;912,4;912,5;912,1;;20,7;17,5;21,5;20,7;18,1;17,5;82;81;82;79;5,5;1,2;
2019/03/23;0100 UTC;0;912,6;912,7;912,4;;20,3;17,5;20,7;20,3;17,6;17,4;84;82;84;77;8,3;1,6;
2019/03/23;0200 UTC;0;912,8;912,9;912,6;;20,4;17,3;20,5;20,2;17,5;17,3;84;82;83;140;7,8;1,7;
2019/03/23;0300 UTC;0;912,9;913,1;912,8;;20,1;17,2;20,4;20,1;17,4;17,1;84;82;83;62;7,6;2,9;
2019/03/23;0400 UTC;0;912,8;912,9;912,7;;20,2;17;20,3;20,1;17,4;17;84;82;82;58;6,9;1,3;
2019/03/23;0500 UTC;0;912,6;912,9;912,6;;20,1;16,8;20,3;20,1;17;16,7;82;81;81;48;7,5;1,9;
2019/03/23;0600 UTC;0;912,7;912,8;912,6;;20;16,9;20,3;20;16,9;16,8;82;81;82;112;6,4;1,1;
2019/03/23;0700 UTC;0;912,5;912,8;912,5;;19,8;16,8;20;19,8;16,9;16,8;83;82;83;113;3,8;2;
2019/03/23;0800 UTC;0;912,3;912,6;912;;19,1;16,7;19,8;19,1;16,9;16,7;86;83;86;63;5;1,2;
2019/03/23;0900 UTC;0;913,1;913,1;912,3;;18,9;16,6;19,2;18,9;16,9;16,6;87;86;87;200;5,2;1,3;
2019/03/23;1000 UTC;0;913,7;913,7;913,1;87;19,7;16,8;19,7;18,9;17;16,6;87;84;84;69;4,3;1;
2019/03/23;1100 UTC;0;914,4;914,4;913,7;541,4;20,5;17;20,5;19,7;17;16,7;84;80;80;71;6,5;2,1;
2019/03/23;1200 UTC;0;914,8;914,8;914,4;1438;22,4;16,9;22,6;20,5;17,6;16,9;80;71;71;58;7,5;3,3;
2019/03/23;1300 UTC;0;914,7;915;914,7;1756,4;24;17,8;24;22,3;17,8;16,8;73;67;68;48;8,4;2,7;
2019/03/23;1400 UTC;0;914,6;914,8;914,6;2255,6;24,5;17,5;25,2;23,7;18,4;17,2;68;64;65;46;7,9;1,7;
2019/03/23;1500 UTC;0;914,1;914,6;914,1;1962,9;24,9;17,3;25,6;24,4;18,3;17;67;61;63;11;5,8;2,5;
2019/03/23;1600 UTC;0;913,2;914,1;913,2;2123,3;26,6;18,5;26,6;24,9;18,5;17,2;64;59;61;15;5,4;2,5;
2019/03/23;1700 UTC;0;912,4;913,2;912,4;3647,6;27,4;17,8;27,7;25,6;18,8;16,9;61;55;56;355;6,7;2,8;
2019/03/23;1800 UTC;0;912,1;912,4;912;2608,9;26,3;16,9;28,2;26,2;18,2;16,1;57;51;56;57;5,3;1,1;
2019/03/23;1900 UTC;0;911,7;912,1;911,7;1130,1;27,3;17,1;27,8;26;17,9;16,2;60;52;54;76;2,5;,8;
2019/03/23;2000 UTC;0;911,5;911,7;911,5;1016,9;25,8;18,1;27,6;25,8;18,1;16,4;63;52;63;134;3,2;1,6;
2019/03/23;2100 UTC;0;911,6;911,6;911,5;291,2;24,5;18,8;25,8;24,5;18,9;17,9;71;62;71;153;4,9;2,5;
2019/03/23;2200 UTC;0;912,2;912,2;911,6;7,2;23,1;18,6;24,5;23;18,8;18,6;77;71;76;131;4,1;2,2;
2019/03/23;2300 UTC;0;912,8;912,8;912,2;;22;17,8;23,2;22;18,6;17,8;77;73;77;81;4,7;1,1;
2019/03/24;0000 UTC;0;913,3;913,3;912,8;;21,1;17,7;22;21;17,9;17,7;81;77;81;103;4,2;1,4;
2019/03/24;0100 UTC;0;913,7;913,7;913,3;;20,5;17,3;21,1;20,5;17,7;17,3;82;81;82;77;4,3;1,1;
2019/03/24;0200 UTC;0;913,6;913,7;913,5;;19,9;17,1;20,5;19,8;17,4;17,1;84;82;84;53;3,5;,5;
2019/03/24;0300 UTC;0;913,7;913,8;913,6;;19,7;16,6;19,9;19,7;17,1;16,6;84;82;82;49;4,1;1,9;
2019/03/24;0400 UTC;0;913,5;913,7;913,5;;19,7;16,7;20;19,5;16,8;16,5;84;81;83;25;4,9;1,6;
2019/03/24;0500 UTC;0;913,1;913,5;913,1;;19,2;16,5;19,8;19,1;16,7;16,4;84;82;84;37;4,8;,2;
2019/03/24;0600 UTC;0;912,7;913,1;912,7;;18,7;16,4;19,2;18,6;16,5;16,2;87;84;87;36;2,6;1,5;
2019/03/24;0700 UTC;0;912,5;912,8;912,4;;18,2;16,3;18,7;18,2;16,5;16,2;89;86;89;36;2,6;1,3;
2019/03/24;0800 UTC;0;912,6;912,6;912,3;;18,2;16,3;18,2;17,9;16,4;16,1;89;89;89;42;2,9;1,1;
2019/03/24;0900 UTC;0;913;913;912,5;;18,6;16,4;18,8;18;16,6;16,1;89;87;87;58;4,5;1,8;
2019/03/24;1000 UTC;0;913,4;913,4;913;70,9;19;16,8;19;18,3;16,8;16,2;88;87;87;22;3,6;1,7;
2019/03/24;1100 UTC;0;914,2;914,2;913,4;828,8;22,1;18,1;22,1;18,9;18,1;16,6;87;78;78;41;4,8;1,8;
2019/03/24;1200 UTC;0;914,7;914,7;914,2;1660,4;23,7;18,2;23,7;22,1;18,3;17,6;78;70;71;32;7,3;2,5;
2019/03/24;1300 UTC;0;914,8;914,8;914,6;2050,9;25,1;17,9;25,3;23,2;18,6;17,6;72;64;64;33;7,2;1,8;
2019/03/24;1400 UTC;0;914,6;914,8;914,6;2648,3;27;17,9;27;24,7;18,6;17;66;56;58;351;7,6;1,9;
2019/03/24;1500 UTC;0;914;914,6;914;3145;27,8;18,7;28,7;26,7;18,7;16,1;58;47;57;185;4,3;1,6;
2019/03/24;1600 UTC;0;913,4;914;913,4;2521,3;27,3;17,9;28;26,8;19,5;17,4;62;55;57;223;5,5;2,4;
2019/03/24;1700 UTC;0;912,6;913,4;912,6;3092,4;28,9;14,1;29,3;27,3;18,8;14,1;58;40;40;177;5,3;2,1;
2019/03/24;1800 UTC;0;912,1;912,6;912,1;2781,6;29,3;13,6;29,8;28,5;16;12;45;34;38;178;5,4;2,4;
2019/03/24;1900 UTC;0;911,7;912,1;911,7;1841,9;28,6;14,8;29,3;28,5;15,3;12,3;45;35;43;210;5,5;3,1;
2019/03/24;2000 UTC;0;911,5;911,7;911,4;1085,5;27;16,5;28,7;27;16,8;14,8;53;43;53;186;6,3;3,2;
2019/03/24;2100 UTC;0;911,7;911,7;911,5;208,6;24,9;17,1;27;24,9;17,7;16,6;64;53;62;157;5,2;1,6;
2019/03/24;2200 UTC;0;912;912;911,7;3,5;24,3;16,1;25;24,3;17,1;16;62;59;61;153;2,8;1,3;
2019/03/24;2300 UTC;0;912,5;912,5;912;;22,5;16,7;24,3;22,5;17,2;16;72;60;70;10;2,1;,3;
2019/03/25;0000 UTC;0;913,1;913,1;912,5;;21,4;16,5;22,5;21,4;17,2;16,5;76;70;74;69;3,2;,5;
2019/03/25;0100 UTC;0;913,3;913,3;913;;21;16,6;21,9;21;17;16,4;77;71;76;122;3,7;,7;
2019/03/25;0200 UTC;0;913,4;913,5;913,2;;21,2;15,8;21,7;20,8;16,7;15,8;77;71;71;70;3,8;2,2;
2019/03/25;0300 UTC;0;913,3;913,4;913,3;;20,7;16;21,2;20,5;16,1;15,8;75;71;75;59;3,4;1,4;
2019/03/25;0400 UTC;0;913,2;913,4;913,2;;19,9;16,3;20,7;19,9;16,3;16;80;75;80;36;2,8;1,3;
2019/03/25;0500 UTC;0;912,6;913,3;912,6;;19,4;16,3;20;19,4;16,4;16,2;82;80;82;50;3,2;1,6;
2019/03/25;0600 UTC;0;912,2;912,6;912,2;;19,2;16,5;19,4;19;16,5;16,2;84;82;84;31;2,5;,7;
2019/03/25;0700 UTC;0;912;912,2;911,9;;19,4;16,5;19,5;19,1;16,6;16,3;84;83;83;360;2,4;,7;
2019/03/25;0800 UTC;0;912;912,1;911,9;;19,2;16,5;19,7;19,2;16,7;16,5;85;83;85;355;3,5;1,8;
2019/03/25;0900 UTC;0;912,3;912,3;912;;19,3;16,9;19,4;19,1;17;16,5;86;85;86;71;4,4;2,1;
2019/03/25;1000 UTC;0;912,6;912,6;912,2;75,5;18,9;16,8;19,4;18,9;17,1;16,7;88;86;88;3;4,1;,9;
2019/03/25;1100 UTC;0;913,3;913,3;912,6;866,2;22,6;18;22,6;18,9;18,2;16,8;88;75;75;38;7,9;3;
2019/03/25;1200 UTC;0;913,3;913,5;913,2;1840,5;24;18,4;24;22,5;18,6;17,8;75;71;71;37;8,7;3,8;
2019/03/25;1300 UTC;0;913,6;913,6;913,3;2517,1;25,7;17,6;25,7;24;18,9;17,6;72;61;61;32;9,5;4,1;
2019/03/25;1400 UTC;0;913,3;913,6;913,3;3066,7;27,3;16,8;27,7;25,7;18;16,2;61;51;53;25;8,7;4,1;
2019/03/25;1500 UTC;0;912,8;913,3;912,8;3062,1;28;15,1;28,4;27,3;17,5;15;54;44;45;18;8,5;2,2;
2019/03/25;1600 UTC;0;912,2;912,8;912,2;3297,9;29,7;13,8;29,8;28;16,4;13,3;49;37;38;111;4,8;,9;
2019/03/25;1700 UTC;0;911,4;912,2;911,4;2200,5;29,2;14,1;29,9;28,2;15,6;12,9;45;36;40;102;4,3;1,3;
2019/03/25;1800 UTC;0;910,7;911,4;910,7;2150,8;29,7;14;30,7;28,6;15,3;12,3;42;35;38;175;3,9;2,3;
2019/03/25;1900 UTC;0;910,5;910,7;910,5;1015,5;28,7;15,7;29,6;28;16,3;13,7;48;38;45;188;4,6;2,9;
2019/03/25;2000 UTC;0;910,4;910,6;910,4;1079,9;27,6;15,8;29,1;27,6;16,4;14,9;49;43;49;169;4,6;2;
2019/03/25;2100 UTC;0;910,7;910,7;910,4;219,6;26,1;16,4;27,6;26,1;16,6;15,7;55;48;55;149;3,6;1,9;
2019/03/25;2200 UTC;0;911,2;911,2;910,6;;25,5;16,5;26,1;25,5;16,9;16,4;59;55;58;115;3,3;2,1;
2019/03/25;2300 UTC;0;911,6;911,6;911,2;;24,2;15,6;25,5;24,1;16,5;15,1;59;54;59;79;3,9;1,6;
2019/03/26;0000 UTC;0;912,4;912,4;911,6;;23,1;16,1;24,4;23,1;16,1;15,6;65;59;65;83;4,3;1,9;
2019/03/26;0100 UTC;0;912,8;912,9;912,4;;22,2;16,3;23,1;22,2;16,3;16;69;64;69;79;3,6;1,7;
2019/03/26;0200 UTC;0;912,7;912,8;912,7;;21,6;15,9;22,2;21,6;16,3;15,9;70;68;70;58;4,4;1,7;
2019/03/26;0300 UTC;0;912,6;912,7;912,5;;21;15,8;21,6;21;15,9;15,8;72;70;72;53;3,5;1,6;
2019/03/26;0400 UTC;0;912,2;912,6;912,2;;20,1;15,8;21;20,1;16;15,8;76;72;76;51;3,5;1,6;
2019/03/26;0500 UTC;0;912;912,2;912;;19,7;15,8;20,2;19,7;15,9;15,7;78;76;78;53;3,1;1,4;
2019/03/26;0600 UTC;0;911,5;912;911,5;;19,9;15,7;20;19,5;15,9;15,7;79;77;77;54;3,2;1,6;
2019/03/26;0700 UTC;0;911,6;911,6;911,5;;19;15,7;19,8;18,9;15,7;15,6;81;77;81;46;3,6;1,8;
2019/03/26;0800 UTC;0;911,7;911,7;911,5;;18,9;15,6;19,2;18,7;15,8;15,5;82;80;81;36;3,6;1,4;
2019/03/26;0900 UTC;0;912,3;912,3;911,7;;18,8;15,3;19,4;18,7;15,7;15,3;81;79;80;55;4,4;1,4;
2019/03/26;1000 UTC;0;912,8;912,8;912,3;101,6;19,4;15,9;19,4;18,5;15,9;15,3;82;80;80;48;2,6;,6;
2019/03/26;1100 UTC;0;913,5;913,5;912,8;711,6;22;17;22;19,4;17;15,9;80;73;73;33;2,7;1;
2019/03/26;1200 UTC;0;914,2;914,2;913,5;1599,8;26,1;17,1;26,1;22;17,9;17;73;58;58;68;5,1;1,7;
2019/03/26;1300 UTC;0;914,3;914,3;914,1;2387,6;27,1;16,7;27,5;25,9;17,7;16,3;59;52;53;55;7,3;2,2;
2019/03/26;1400 UTC;0;913,9;914,3;913,9;2939,7;28,6;17,3;28,7;27,1;18;16,5;55;50;50;45;6,3;2,3;
2019/03/26;1500 UTC;0;913,5;914;913,5;3324,8;29,4;15,6;29,5;28,4;17,8;14,7;52;41;43;57;7,4;2,3;
2019/03/26;1600 UTC;0;912,8;913,5;912,7;3377,4;29,7;14,5;30,6;29,1;16,2;13,2;45;35;40;22;6;2;
2019/03/26;1700 UTC;0;912;912,8;912;2084,9;29,6;13,2;30,5;29,2;15,7;13,2;42;36;37;55;8,8;,7;
2019/03/26;1800 UTC;0;911,3;912;911,3;2240,8;30;15,3;30,4;29,5;16;12,2;43;33;41;194;5,5;2,4;
2019/03/26;1900 UTC;0;911,1;911,3;911,1;957,8;28,6;16,4;30;28,6;16,6;14,8;48;41;48;176;6,2;3;
2019/03/26;2000 UTC;0;911,2;911,2;911;881;27,9;16,5;29;27,9;17,2;16,1;51;47;50;151;6,2;2,7;
2019/03/26;2100 UTC;0;911,4;911,4;911,2;189;26,3;16;27,9;26,3;16,7;16;54;50;53;135;4,6;2;
2019/03/26;2200 UTC;0;912,1;912,1;911,4;;25,7;16;26,4;25,5;16,4;15,9;57;53;55;106;5,2;3,2;
2019/03/26;2300 UTC;0;912,5;912,5;912,1;;23,4;16,3;25,8;23,4;16,3;15,2;64;53;64;79;5,7;1,8;
2019/03/27;0000 UTC;0;913,4;913,4;912,5;;23,1;16,6;23,5;23,1;16,7;16,2;67;63;67;123;2,8;,3;
2019/03/27;0100 UTC;0;913,8;913,8;913,4;;22,7;16,7;23,1;22,7;16,9;16,6;70;67;69;85;4,5;1,6;
2019/03/27;0200 UTC;0;914;914;913,7;;22,4;16,3;22,8;22,2;16,7;16,3;69;68;69;115;5,4;,9;
2019/03/27;0300 UTC;0;913,8;914;913,8;;22,1;16,2;22,4;22,1;16,4;16,1;69;68;69;108;4,3;1,4;
2019/03/27;0400 UTC;0;913,9;914;913,8;;21,4;16,5;22,1;20,9;16,5;16,2;75;69;74;139;3,2;,5;
2019/03/27;0500 UTC;0;913,8;913,9;913,8;;20,5;16,3;21,5;20,2;16,5;16,2;78;73;77;28;2,9;,7;
2019/03/27;0600 UTC;0;913,3;913,8;913,3;;21;16,4;21;19,7;16,6;16,1;81;75;75;27;2,3;,7;
2019/03/27;0700 UTC;0;913,4;913,4;913,3;;20,6;16,3;21,1;20,5;16,4;16,2;77;75;76;353;2,9;,7;
2019/03/27;0800 UTC;0;914,1;914,1;913,3;;20,4;16,4;20,7;20,2;16,5;16,1;78;76;78;69;3;1,4;
2019/03/27;0900 UTC;0;914,4;914,4;914,1;;20,2;16,6;20,4;19,9;16,6;16,4;81;78;80;104;4,5;,9;
2019/03/27;1000 UTC;0;914,9;914,9;914,4;104,3;20,5;16,6;20,5;20;16,6;16,5;80;78;78;35;5,8;1,9;
2019/03/27;1100 UTC;0;915,8;915,8;914,9;569,6;22,3;16,8;22,3;20,5;16,9;16,6;78;71;71;41;6,5;2;
2019/03/27;1200 UTC;0;916,3;916,3;915,8;1191,2;23,6;16,3;23,6;22,3;17;16,2;71;63;64;36;9,3;3,6;
2019/03/27;1300 UTC;0;916,5;916,5;916,2;2065,8;25,6;17;25,7;23,6;17,2;16,2;64;59;59;31;9,3;2,9;
2019/03/27;1400 UTC;0;916,3;916,6;916,3;2923,4;27,7;17,4;27,7;25,3;17,8;16,6;60;54;54;28;9;4;
2019/03/27;1500 UTC;0;915,6;916,4;915,6;3276,1;28,1;17,8;28,2;26,8;17,8;16,6;55;51;54;22;9,5;3,7;
2019/03/27;1600 UTC;0;914,9;915,6;914,9;3181;29,1;17;29,3;27,7;18,2;16,3;54;46;48;44;8,4;2,6;
2019/03/27;1700 UTC;0;914,2;914,9;914,2;3241,3;30,1;15,2;30,1;28,4;17,2;14,3;48;39;40;43;7,5;2,6;
2019/03/27;1800 UTC;0;913,9;914,2;913,8;2514,7;29,7;15,4;30,6;28,6;16,2;13,9;46;37;42;100;6,3;1,6;
2019/03/27;1900 UTC;0;913,5;913,9;913,4;1414,2;29,5;16,5;30,2;28,2;16,5;14,9;48;40;46;181;4,5;2;
2019/03/27;2000 UTC;0;913,5;913,5;913,3;1017,3;28,2;15,4;29,5;28,2;16,4;15,4;48;43;46;150;4,8;2,2;
2019/03/27;2100 UTC;0;913,9;913,9;913,5;146,1;26;14,4;28,2;26;15,5;14,3;49;45;49;135;4,4;1,7;
2019/03/27;2200 UTC;0;914,3;914,3;913,9;;25,4;15,4;26;25,3;15,8;14,3;55;49;54;127;4,6;2,5;
2019/03/27;2300 UTC;0;915;915;914,3;;23,7;15,5;25,5;23,7;15,5;14,7;60;52;60;90;4,9;1,2;
2019/03/28;0000 UTC;0;915,7;915,7;915;;22,3;15,8;23,7;22,3;16;15,6;66;60;66;97;3,2;,8;
2019/03/28;0100 UTC;0;915,8;915,8;915,7;;21,8;15,6;22,3;21,6;15,8;15,6;69;66;68;82;4,5;2;
2019/03/28;0200 UTC;0;915,7;915,9;915,7;;21,5;15,1;22,5;21,5;15,6;15,1;68;63;67;52;4,5;1,3;
2019/03/28;0300 UTC;0;915,7;915,7;915,6;;20,8;15,4;21,5;20,6;15,5;15,1;72;67;71;51;3,2;,9;
2019/03/28;0400 UTC;0;915,5;915,7;915,4;;19,4;15,6;20,8;19,4;15,6;15,4;78;71;78;22;2,3;,8;
2019/03/28;0500 UTC;0;914,9;915,5;914,9;;20,3;15,7;20,4;19,3;15,9;15,4;79;75;75;325;2,6;,3;
2019/03/28;0600 UTC;0;914,9;915;914,8;;20,6;15,6;20,7;20,1;15,8;15,6;76;73;73;108;3,1;1,2;
2019/03/28;0700 UTC;0;915;915,2;914,9;;20,2;15,8;20,6;20;16;15,6;76;73;76;133;4,4;1;
2019/03/28;0800 UTC;0;915,1;915,1;915;;19,5;15,8;20,2;19,5;15,9;15,7;79;76;79;132;4,5;2;
2019/03/28;0900 UTC;0;915,8;915,8;915,1;;19,1;15,9;19,5;19,1;15,9;15,8;82;79;82;82;6;1,5;
2019/03/28;1000 UTC;0;916,2;916,2;915,7;112,8;19,6;16,4;19,6;19;16,4;15,9;82;82;82;36;6,6;1,8;
2019/03/28;1100 UTC;0;916,9;916,9;916,2;676,5;21,9;17,1;22;19,6;17,4;16,5;82;74;74;58;6,6;2,3;
2019/03/28;1200 UTC;0;917,5;917,5;916,9;1620,5;24,5;16,8;24,8;21,9;17,5;16,8;74;62;62;41;9;2,7;
2019/03/28;1300 UTC;0;917,5;917,6;917,4;2502,1;26,3;17,7;26,3;24,5;17,7;16,7;63;57;59;16;8,3;3,5;
2019/03/28;1400 UTC;0;917,1;917,5;917,1;3031,5;27,4;15,3;27,9;26,3;17,9;14,9;59;46;48;8;9,1;3,8;
2019/03/28;1500 UTC;0;916,8;917,2;916,8;3428;29,3;14,8;29,3;27,4;16,1;13,2;50;38;41;62;7,4;2,7;
2019/03/28;1600 UTC;0;916,1;916,8;916,1;2959;28,2;13,7;29,7;27,9;15,7;13,1;46;38;41;94;6;1,6;
2019/03/28;1700 UTC;0;915,5;916,2;915,5;2972,9;29,4;14,2;30,4;28,2;15,5;12,7;43;36;39;91;6;1,5;
2019/03/28;1800 UTC;0;915;915,5;915;1864,2;28,8;15;30,3;28,4;15,9;13,1;46;35;43;152;4,5;2,4;
2019/03/28;1900 UTC;0;914,9;915;914,8;979,5;27,7;16,6;29,7;27,7;16,6;14,5;51;42;51;174;6,6;3,1;
2019/03/28;2000 UTC;0;915,1;915,1;914,9;1021,3;27,8;14,5;28,8;27,6;17,1;14,2;52;43;44;163;6;2,8;
2019/03/28;2100 UTC;0;915,1;915,2;915,1;247,8;25,9;15,3;27,9;25,9;15,3;14,2;52;43;52;144;5,4;1,8;
2019/03/28;2200 UTC;0;915,4;915,4;915,1;;24,5;15,3;25,9;24,4;15,4;15;57;52;57;119;4,7;2,2;
2019/03/28;2300 UTC;0;915,8;915,8;915,4;;23,4;15,4;24,6;23,3;15,5;15,2;61;56;61;92;3,9;1,3;
2019/03/29;0000 UTC;0;916,2;916,2;915,8;;22,2;15,4;23,4;22,1;15,5;15,2;66;60;65;80;3,5;1,6;
2019/03/29;0100 UTC;0;916,5;916,5;916,2;;21,8;15,3;22,2;21,8;15,5;15,2;67;65;66;85;3,8;1,3;
2019/03/29;0200 UTC;0;916,3;916,5;916,3;;21,2;15,4;21,8;21,2;15,4;15,2;69;66;69;84;3,8;1,9;
2019/03/29;0300 UTC;0;916,3;916,4;916,3;;20,2;15,5;21,2;20,2;15,5;15,3;74;69;74;69;3,8;2;
2019/03/29;0400 UTC;0;915,9;916,3;915,9;;20,3;15,5;20,3;19,6;15,6;15,3;77;74;74;73;3,8;2,2;
2019/03/29;0500 UTC;0;915,5;915,9;915,4;;20,1;15,6;20,4;19,7;15,6;15,3;76;74;75;60;3,9;1,5;
2019/03/29;0600 UTC;0;915,7;915,8;915,4;;18,6;15,4;20,2;18,6;15,6;15,2;81;75;81;113;3,4;,9;
2019/03/29;0700 UTC;0;915,8;915,8;915,6;;19,7;15,5;19,9;18,6;16;15,4;82;77;77;95;3,4;1,2;
2019/03/29;0800 UTC;0;916;916;915,8;;19,4;15,6;19,8;18,6;15,8;15,2;81;77;79;124;4,9;1,9;
2019/03/29;0900 UTC;0;916,5;916,5;916;;19;15,4;19,4;19;15,6;15,4;80;78;80;115;5,2;1,9;
2019/03/29;1000 UTC;0;917,3;917,3;916,5;78,2;19,2;15,6;19,2;18,7;15,6;15,3;82;80;80;119;4,3;1,5;
2019/03/29;1100 UTC;0;917,7;917,7;917,3;831,4;21,3;15,4;21,4;19,1;16;15,4;80;69;69;113;5,5;2,1;
2019/03/29;1200 UTC;0;917,7;917,8;917,6;1743,7;23,9;16,8;23,9;21,3;16,8;15,6;70;63;65;54;6,4;1,7;
2019/03/29;1300 UTC;0;917,6;917,8;917,6;2509,1;25,9;17,3;25,9;24;17,4;16,3;65;57;59;61;5,9;2,3;
2019/03/29;1400 UTC;0;917;917,6;917;3154,4;27;16;27,4;25,4;17;15,6;59;49;51;60;6,2;2,1;
2019/03/29;1500 UTC;0;916,2;917;916,2;2468,9;27,2;15,3;28,3;26,5;17;14,9;52;48;48;149;5,6;1,6;
2019/03/29;1600 UTC;0;915;916,2;915;2270,6;28,3;14,8;28,6;26,8;16,8;14,2;53;43;44;161;4;1,4;
2019/03/29;1700 UTC;0;914,3;915;914,3;2495,9;28,8;15,8;29,6;27,8;15,8;13,5;46;40;45;138;4,6;2;
2019/03/29;1800 UTC;0;913,6;914,3;913,6;1713,7;28,9;15,5;29;27,6;16,3;14,9;49;44;44;186;5,8;3,3;
2019/03/29;1900 UTC;0;913,3;913,6;913,3;2042,3;28,5;14,9;29,3;28,4;16,1;14,8;46;43;44;185;5,7;2,8;
2019/03/29;2000 UTC;0;913,5;913,5;913,3;1297,1;28,1;14,5;28,7;28,1;15,7;14,3;46;43;44;175;5,5;2,7;
2019/03/29;2100 UTC;0;913,6;913,6;913,4;303,6;25,7;14,9;28,2;25,7;15,3;13,9;51;42;51;151;4,7;2;
2019/03/29;2200 UTC;0;914,1;914,1;913,6;;24,6;15,2;25,7;24,6;15,2;14,9;56;51;56;134;3,3;2,2;
2019/03/29;2300 UTC;0;914,7;914,7;914,1;;22,1;16,2;24,6;21,6;16,5;15;73;56;69;69;3,9;,8;
2019/03/30;0000 UTC;0;915;915;914,7;;21,9;15,8;22,5;21,9;16,2;15,8;69;67;68;118;4,4;1,5;
2019/03/30;0100 UTC;0;915,1;915,1;915;;21,3;15,7;21,9;21;16;15,7;72;68;70;81;4,4;1,2;
2019/03/30;0200 UTC;0;915,1;915,1;915;;20,6;15,6;21,4;20,5;15,7;15,5;73;69;73;29;3,8;,8;
2019/03/30;0300 UTC;0;914,8;915,1;914,8;;20,2;15,6;20,8;20,2;15,7;15,5;75;72;75;283;3,9;,4;
2019/03/30;0400 UTC;0;914,8;914,9;914,8;;19,9;15,8;20,4;19,7;15,9;15,6;78;75;77;194;3,2;,6;
2019/03/30;0500 UTC;0;914,6;914,8;914,6;;20;16;20,1;19,8;16,2;15,8;79;77;78;5;2,9;1,2;
2019/03/30;0600 UTC;0;914,3;914,6;914,3;;19,5;15,8;20;19,5;16,1;15,8;79;78;79;252;5;,7;
2019/03/30;0700 UTC;0;914,8;914,8;914,3;;18,7;15,6;19,6;18,7;15,9;15,5;83;79;82;141;5,1;,7;
2019/03/30;0800 UTC;0;915,1;915,1;914,7;;18,4;15,5;18,8;18,4;15,7;15,4;83;82;83;258;2,7;,9;
2019/03/30;0900 UTC;0;915,5;915,6;915,1;;18,1;15,3;18,4;18,1;15,6;15,3;84;83;84;12;4,5;1,4;
2019/03/30;1000 UTC;0;916,2;916,2;915,5;73,8;18,8;15,5;18,8;18,1;15,5;15,2;84;81;81;35;4,9;1,8;
2019/03/30;1100 UTC;0;916,7;916,7;916,2;857,8;21,6;16,3;21,6;18,8;16,3;15,5;81;72;72;48;7,4;3,1;
2019/03/30;1200 UTC;0;917,1;917,1;916,7;1745,7;23,9;16,7;23,9;21,6;16,7;16,1;72;64;64;43;8,2;2,6;
2019/03/30;1300 UTC;0;916,9;917,1;916,9;2515,3;25;16,5;25,4;23,9;17,1;16,2;64;58;59;40;7,4;3,3;
2019/03/30;1400 UTC;0;916,5;917;916,5;3097,4;27,3;15,4;27,7;25;17,4;15,1;61;47;48;345;7,1;2,7;
2019/03/30;1500 UTC;0;915,6;916,5;915,6;2589,4;27,9;15,1;28,3;26;16;14,1;52;43;46;141;5,3;1,8;
2019/03/30;1600 UTC;0;914,7;915,6;914,7;3549,1;28,5;15,7;29;27,7;16,1;13,9;47;41;46;195;6,5;3,1;
2019/03/30;1700 UTC;0;913,9;914,7;913,9;3438,9;28,8;14,2;29,7;27,7;16;13,1;47;37;41;212;5,7;2,3;
2019/03/30;1800 UTC;0;913,1;913,9;913,1;2818,4;29,2;13,2;29,9;28,7;14,9;13;42;37;38;230;7,1;3,6;
2019/03/30;1900 UTC;0;913;913,1;912,9;2086,1;28,4;14;29,6;28,4;14,7;11,9;42;34;41;196;7,1;2,5;
2019/03/30;2000 UTC;0;913,2;913,2;912,9;1228,4;27,8;15,3;28,8;27,8;15,7;13,5;47;40;47;186;5,3;2,1;
2019/03/30;2100 UTC;0;913,4;913,4;913,2;311,9;25,8;16,2;27,9;25,8;16,6;14,9;56;46;56;146;4,4;1,1;
2019/03/30;2200 UTC;0;913,8;913,8;913,4;;23,8;17,2;25,8;23,7;17,3;16;67;56;67;144;3,1;2;
2019/03/30;2300 UTC;0;914,2;914,2;913,8;;22,3;16,9;24,1;22,3;17,2;16;72;62;72;24;3,1;0;
2019/03/31;0000 UTC;0;914,4;914,4;914,2;;21;16,2;22,3;21;17,1;16,1;74;72;74;215;2,8;0;
2019/03/31;0100 UTC;0;914,4;914,5;914,3;;20,6;15,3;21,2;20,6;16,2;15,3;74;71;72;82;3,2;1,5;
2019/03/31;0200 UTC;0;914,3;914,5;914,3;;20;15,4;21,2;19,8;15,4;15,2;75;69;75;42;2,9;1,6;
2019/03/31;0300 UTC;0;913,8;914,3;913,8;;19,6;15,5;20,4;19,6;15,6;15,4;77;74;77;70;4,3;1,7;
2019/03/31;0400 UTC;0;913,3;913,8;913,2;;19,6;15,6;19,6;19,3;15,7;15,5;79;77;78;73;3,3;1,8;
2019/03/31;0500 UTC;0;913,1;913,3;913;;19,3;15,6;19,7;19,2;15,7;15,5;79;78;79;64;3,3;1,4;
2019/03/31;0600 UTC;0;912,9;913,1;912,8;;19,1;15,5;19,7;18,9;15,7;15,3;80;77;80;79;4,4;1,6;
2019/03/31;0700 UTC;0;912,6;912,9;912,6;;18,7;15,3;19,1;18,7;15,5;15,3;81;79;80;49;4,7;1,8;
2019/03/31;0800 UTC;0;912,8;912,8;912,5;;18,1;15,2;18,7;18,1;15,4;15,1;83;80;83;46;3,2;1,9;
2019/03/31;0900 UTC;0;913,1;913,1;912,8;;18,7;15,2;18,9;18,1;15,5;15,2;83;80;80;64;4,6;1,7;
2019/03/31;1000 UTC;0;913,8;913,8;913;89,8;19,2;15,7;19,2;18,6;15,7;15,2;81;80;80;23;3,3;,5;
2019/03/31;1100 UTC;0;914,3;914,3;913,8;828,1;22,2;16,1;22,2;19,2;16,3;15,7;80;68;68;51;4,8;2,1;
2019/03/31;1200 UTC;0;914,9;914,9;914,3;1743,4;24,6;16,6;24,6;22,2;16,8;16,1;69;60;61;53;6,1;2,9;
2019/03/31;1300 UTC;0;914,8;915;914,8;2509,9;26,1;16,1;26,5;24,7;16,9;15,8;61;53;54;24;6,3;3,2;
2019/03/31;1400 UTC;0;914,3;914,8;914,3;2828,6;26,7;14,7;27,8;25,9;16,7;14,3;55;46;48;101;6,2;1,7;
2019/03/31;1500 UTC;0;913,6;914,3;913,6;3363,2;28;14,8;28,9;26,7;15,9;14;49;42;45;34;4,5;1,6;
2019/03/31;1600 UTC;0;912,8;913,6;912,8;2624,5;28,3;15,1;29,4;27,6;15,8;13,3;46;39;45;227;4,4;1,5;
2019/03/31;1700 UTC;0;912,1;912,8;912,1;1696;28,2;14,1;29,6;27;16,3;14,1;51;40;42;279;4,4;1,6;
2019/03/31;1800 UTC;0;911,5;912,1;911,5;1825,4;28,9;14,8;29,2;27,7;16,1;14,1;47;41;42;154;5,2;1,3;
2019/03/31;1900 UTC;0;911,4;911,6;911,3;2120;28,8;13,7;29,8;28,8;15,1;13,5;43;38;40;183;7,1;3,1;
2019/03/31;2000 UTC;0;911,5;911,6;911,3;1201,6;28,3;13;29,4;28,3;14,4;12,9;41;38;39;177;5,5;2,4;
2019/03/31;2100 UTC;0;911,9;911,9;911,5;302,2;26;14,4;28,4;26;14,6;12,4;49;37;49;162;4,3;1,1;
2019/03/31;2200 UTC;0;912,2;912,2;911,9;;24,3;14,2;26;24,3;14,6;14,1;54;49;54;88;2,3;,1;
2019/03/31;2300 UTC;0;912,9;912,9;912,2;;22,9;15,7;24,3;22,9;15,8;14,2;64;54;64;57;3,8;1,5;
2019/04/01;0000 UTC;0;913,3;913,3;912,9;;21,4;16,3;22,9;21,4;16,4;15,6;73;63;73;286;2,4;0;
2019/04/01;0100 UTC;0;913,5;913,5;913,3;;21;15,7;21,7;20,8;16,3;15,6;75;69;71;61;5;1,8;
2019/04/01;0200 UTC;0;913,2;913,6;913,1;;20,6;15;21;20,6;15,8;15;73;69;70;65;3,7;2,6;
2019/04/01;0300 UTC;0;913,2;913,2;913,1;;20,7;15,6;20,9;20;15,8;15;74;70;73;69;4,2;1,8;
2019/04/01;0400 UTC;0;912,8;913,2;912,8;;20,3;15,9;20,8;20,2;15,9;15,6;76;73;76;58;3,3;1,6;
2019/04/01;0500 UTC;0;912,4;912,8;912,4;;20,1;16;20,4;19,8;16,1;15,8;78;76;77;60;3,9;2;
2019/04/01;0600 UTC;0;911,9;912,4;911,9;;20,5;16,2;20,5;19,4;16,3;15,7;80;76;76;85;4,5;2,9;
2019/04/01;0700 UTC;0;911,6;911,9;911,6;;20,3;16;20,6;19,6;16,2;15,9;80;76;76;62;5,1;2,4;
2019/04/01;0800 UTC;0;911,9;911,9;911,6;;19,2;15,9;20,3;19,1;16;15,8;82;77;81;61;4,6;1,6;
2019/04/01;0900 UTC;0;912,4;912,4;911,9;;18,9;15,9;19,2;18,8;15,9;15,8;83;81;83;54;3,2;1,5;
2019/04/01;1000 UTC;0;913,1;913,1;912,4;109,9;20,3;16,4;20,3;18,9;16,4;15,9;83;78;78;67;4,7;2,2;
2019/04/01;1100 UTC;0;913,4;913,4;913,1;835,7;23;17,6;23;20,3;17,6;16,4;78;72;72;7;4,2;1;
2019/04/01;1200 UTC;0;913,8;913,8;913,4;1710,1;25,7;17,5;25,7;23;17,9;17,1;72;60;61;19;3,5;1,1;
2019/04/01;1300 UTC;0;913,5;913,8;913,5;2471,1;27,7;16,4;27,8;25,6;17,7;16,2;61;50;50;28;4,5;1,8;
2019/04/01;1400 UTC;0;913,3;913,5;913,3;2690;27,6;14,5;29;27,6;17;14,5;51;43;45;190;4,5;,8;
2019/04/01;1500 UTC;0;912,6;913,3;912,6;3293,3;29;15,5;30,2;27,5;17,3;13,6;50;38;44;177;4;2;
2019/04/01;1600 UTC;0;911,7;912,6;911,7;1766,5;28,6;15,3;29,6;28;16,4;14,2;49;40;44;206;5,4;1,9;
2019/04/01;1700 UTC;0;911,2;911,7;911,1;2034,9;29;15,1;30,3;28,1;17,5;14,8;49;42;43;208;6,3;3,3;
2019/04/01;1800 UTC;0;911;911,1;910,9;2361,6;27,7;16,3;30,8;27,7;17,5;14,5;50;39;50;357;7,7;3,1;
2019/04/01;1900 UTC;0;910,6;910,9;910,4;1479,4;28,5;15,6;28,9;26,6;17,5;15,5;55;45;46;353;7,7;1;
2019/04/01;2000 UTC;0;910,6;910,6;910,4;727,6;28,3;15;28,7;27,9;16,7;14,5;49;43;44;233;3,4;1,9;
2019/04/01;2100 UTC;0;910,8;910,8;910,5;207,3;26,4;14,4;28,4;26,4;15,2;13,8;48;42;48;205;4,6;1,6;
2019/04/01;2200 UTC;0;911,1;911,1;910,8;;23,9;14,6;26,4;23,9;14,8;14,3;56;48;56;119;2,4;,3;
2019/04/01;2300 UTC;0;911,5;911,5;911,1;;22,7;16,6;23,9;22,7;16,7;14,4;69;55;69;71;4;2,6;
2019/04/02;0000 UTC;0;912,5;912,5;911,5;;22,1;16,6;22,8;21,8;16,6;16,3;73;67;71;43;3,8;2,1;
2019/04/02;0100 UTC;0;912,9;913;912,5;;21,5;16,8;22,2;21,4;17,2;16,6;76;71;75;37;3,9;1,6;
2019/04/02;0200 UTC;0;912,9;913,1;912,8;;20,9;16,2;21,4;20,9;16,8;16,2;76;74;75;85;4,2;2,1;
2019/04/02;0300 UTC;0;912,6;912,9;912,6;;19,7;16;21;19,7;16,3;15,9;79;74;79;34;4,7;1,1;
2019/04/02;0400 UTC;0;912,1;912,6;912,1;;20,2;16,2;20,3;19,1;16,5;16;82;78;78;60;2,7;1,2;
2019/04/02;0500 UTC;0;911,7;912,1;911,7;;19,8;15,9;20,6;19,7;16,3;15,7;79;76;78;76;3,1;,9;
2019/04/02;0600 UTC;0;911,5;911,7;911,5;;18,3;15,9;19,8;18,2;16;15,7;86;78;86;249;2,6;0;
2019/04/02;0700 UTC;0;911,6;911,6;911,4;;19;15,7;19,2;18,2;16,1;15,7;86;81;82;73;4,2;2,5;
2019/04/02;0800 UTC;0;911,9;911,9;911,5;;18,5;15,7;19;18,3;16;15,5;84;82;84;78;4,4;1,1;
2019/04/02;0900 UTC;0;912,2;912,2;911,9;;18;15,9;18,5;17,7;15,9;15,4;88;84;87;62;4,5;2,2;
2019/04/02;1000 UTC;0;912,6;912,7;912,2;66,9;18,9;16,3;18,9;17,9;16,3;15,4;87;85;85;63;4,1;2,1;
2019/04/02;1100 UTC;0;913,2;913,3;912,6;856,8;22,2;17,3;22,4;18,9;17,5;16,3;85;73;74;32;4,7;1,5;
2019/04/02;1200 UTC;0;913,8;913,8;913,3;1729,6;25;17,2;25,1;22,2;17,6;17;75;62;62;17;4,3;2,1;
2019/04/02;1300 UTC;0;913,9;914;913,8;2472,9;27,3;18,1;27,3;25;18,1;16,9;63;57;57;360;5,6;2,6;
2019/04/02;1400 UTC;0;913,7;914;913,7;2707,2;28,7;17,6;29;27;18,5;16,5;57;49;51;327;6,7;2,6;
2019/04/02;1500 UTC;0;913,2;913,7;913,2;2739,5;29,3;14,3;30,1;27,8;17,3;13,4;51;37;40;332;6,3;2;
2019/04/02;1600 UTC;0;912,3;913,2;912,2;2120,2;29,3;14,7;31;28,7;16,1;13,5;46;37;41;276;6,3;1,9;
2019/04/02;1700 UTC;0;911,5;912,3;911,5;2531,6;31,1;14,7;31,5;29,2;16,5;13,4;45;35;37;267;6,4;2,4;
2019/04/02;1800 UTC;0;911;911,5;911;2538,8;29,9;16;31,5;29,6;16,8;13,5;45;34;43;184;6,5;3;
2019/04/02;1900 UTC;0;910,7;911;910,7;1039,5;28,5;16,3;30,2;28,5;16,6;14,5;47;39;47;195;6,1;2,9;
2019/04/02;2000 UTC;0;910,8;910,8;910,7;410,4;27,2;16,7;28,5;27,2;16,9;16;52;47;52;196;5,4;3,3;
2019/04/02;2100 UTC;0;911;911;910,8;164,2;25,7;16,2;27,2;25,7;17,1;16,2;56;52;56;188;5,4;1,8;
2019/04/02;2200 UTC;0;911,5;911,5;911;;24,4;15,3;25,6;24,2;16,3;15,2;58;56;57;160;2,9;1,2;
2019/04/02;2300 UTC;0;912;912;911,5;;22;16,2;24,5;22;16,7;15,2;71;56;70;151;2,4;0;
2019/04/03;0000 UTC;0;912,6;912,7;912;;20,8;16,6;22,1;20,7;16,8;16,2;78;70;77;244;1,5;0;
2019/04/03;0100 UTC;0;912,9;913;912,6;;20;16,2;20,8;19,9;16,5;16;80;76;79;315;1,4;0;
2019/04/03;0200 UTC;0;912,5;912,9;912,5;;19,5;15,7;20;19,1;16,3;15,7;82;79;79;54;2;,3;
2019/04/03;0300 UTC;0;912;912,6;912;;20,6;16,2;20,6;19,4;16,2;15,3;79;73;76;74;4,7;2,5;
2019/04/03;0400 UTC;0;911,9;912,1;911,8;;20,1;16,1;20,6;20;16,4;16;78;76;78;57;4,2;1,1;
2019/04/03;0500 UTC;0;911,8;912;911,7;;19,6;16;20,1;19,6;16,3;16;80;78;80;70;4;1,7;
2019/04/03;0600 UTC;0;911,9;912;911,7;;19,5;16,2;19,5;19;16,3;15,8;83;80;81;45;3,4;1,8;
2019/04/03;0700 UTC;0;911,5;911,9;911,5;;19;16;19,5;18,4;16,2;15,8;85;81;83;51;3,5;1,9;
2019/04/03;0800 UTC;0;911,6;911,6;911,3;;18,6;15,7;19,1;18,5;16;15,6;85;82;84;46;2,7;,4;
2019/04/03;0900 UTC;0;911,7;911,7;911,5;;18,4;15,9;18,7;18,3;16,1;15,6;85;84;85;75;3,1;,5;
2019/04/03;1000 UTC;0;912;912;911,7;85;19;16,5;19;18,2;16,6;15,7;86;83;85;58;2,6;,6;
2019/04/03;1100 UTC;0;912,8;912,8;912;824,8;22,4;17,9;22,4;19;17,9;16,1;85;75;75;340;2,2;,4;
2019/04/03;1200 UTC;0;912,9;912,9;912,7;1692,9;26,1;15,8;26,1;22,4;18;15,7;75;53;53;23;2,4;,8;
2019/04/03;1300 UTC;0;912,7;912,9;912,7;2448,3;27,8;16,4;27,8;26,1;17;15,5;54;48;50;93;3,6;,9;
2019/04/03;1400 UTC;0;912,3;912,7;912,3;2997,6;29;14,7;29,3;27,6;16,4;13,9;50;40;42;237;7,8;1,4;
2019/04/03;1500 UTC;0;911,7;912,4;911,7;3280,8;29,7;14,4;30,2;28,6;17;14,4;47;39;39;236;6,4;2,6;
2019/04/03;1600 UTC;0;911;911,7;910,9;3531,2;29,8;15,2;30,6;29,2;16,2;14,2;43;39;41;218;6,5;3;
2019/04/03;1700 UTC;0;910,4;911;910,4;2568,3;29,2;15;30,6;28,9;16,1;14,4;43;39;42;205;7,2;3,4;
2019/04/03;1800 UTC;0;909,8;910,4;909,8;1761,7;29;15;29,9;28,6;15,8;13,1;43;37;43;211;7,3;3,7;
2019/04/03;1900 UTC;0;909,6;909,8;909,5;1375,3;28,4;15,4;29,2;28,3;15,8;14,4;46;42;45;215;7,1;3,7;
2019/04/03;2000 UTC;0;909,5;909,6;909,4;896;28,1;12,8;28,6;28;15,6;11,4;46;35;39;207;6,3;3;
2019/04/03;2100 UTC;0;909,5;909,6;909,4;295,7;26,4;14;28;26,4;14,6;12,9;46;39;46;201;4,5;1,7;
2019/04/03;2200 UTC;0;909,8;909,8;909,5;;23,3;14,8;26,4;23,3;14,8;13,8;59;46;59;48;2,5;1,1;
2019/04/03;2300 UTC;0;910,7;910,7;909,8;;20,8;15,6;23,3;20,8;15,8;14,8;73;59;72;87;1,7;,1;
2019/04/04;0000 UTC;0;911,2;911,2;910,7;;20;15,3;21,2;20;15,9;15,2;76;68;75;178;1,6;0;
2019/04/04;0100 UTC;0;911,4;911,4;911,2;;20,7;14,8;20,7;19,1;15,8;14,8;79;69;69;50;3,2;1,5;
2019/04/04;0200 UTC;0;911,1;911,4;911,1;;18,9;15,2;20,7;18,8;15,4;14,9;80;69;79;211;3,2;0;
2019/04/04;0300 UTC;0;910,7;911,1;910,7;;19,5;15;19,5;18,5;15,4;14,9;81;75;75;59;2,5;1;
2019/04/04;0400 UTC;0;910,2;910,7;910,2;;19,7;14,8;20;19,5;15;14,6;75;71;73;53;4,6;2,6;
2019/04/04;0500 UTC;0;909,7;910,2;909,7;;19,4;15;20,4;19,4;15,3;14,8;76;71;76;77;4,1;1;
2019/04/04;0600 UTC;0;909;909,7;909;;20;15,2;20;19,4;15,2;15;76;74;74;45;3,8;1,3;
2019/04/04;0700 UTC;0;908,8;909;908,8;;19,3;15,4;20,4;19,3;15,6;15,2;78;74;78;41;3,2;2;
2019/04/04;0800 UTC;0;909,2;909,3;908,8;;18,9;15,2;19,3;18,9;15,5;15,2;79;78;79;43;3,7;1,9;
2019/04/04;0900 UTC;0;909,4;909,4;909,2;;19,5;15,5;19,7;18,6;15,6;15;81;76;78;59;3,3;1,9;
2019/04/04;1000 UTC;0;910;910;909,4;93,5;19,8;15,7;19,8;19,1;15,7;15;78;76;77;45;3,5;1,9;
2019/04/04;1100 UTC;0;910,4;910,4;910;830,9;23;17;23;19,8;17;15,6;77;68;69;30;3,9;1,1;
2019/04/04;1200 UTC;0;911,2;911,2;910,4;1643,2;26,4;17,1;26,4;23;17,8;16,7;69;56;56;8;3,7;1,8;
2019/04/04;1300 UTC;0;911,1;911,3;911;2392,1;29,3;15,4;29,3;26,5;17,2;12,6;56;36;43;345;4,9;2,3;
2019/04/04;1400 UTC;0;910,8;911,1;910,8;2934,9;30,5;12,2;30,5;29;15,4;11,8;43;33;33;323;5,7;1,6;
2019/04/04;1500 UTC;0;910,1;910,8;910,1;3071,7;31,6;14,1;31,6;29,8;14,8;12,2;40;32;35;337;6,1;1,7;
2019/04/04;1600 UTC;0;909,3;910,1;909,3;3206,6;31,8;13,2;32,6;30;14,5;12,5;36;32;32;313;6,9;1,9;
2019/04/04;1700 UTC;0;908,7;909,3;908,7;2273,1;30,6;14,5;32,7;30,6;15,1;13,1;38;31;38;286;7,5;1,5;
2019/04/04;1800 UTC;0;908,5;908,7;908,5;1228,6;29,4;16,8;32,3;29,4;16,8;14,3;47;36;47;261;5,9;2,3;
2019/04/04;1900 UTC;0;908,5;908,6;908,4;1891,2;28,7;16,4;30,8;28,6;17,2;14,7;48;38;48;222;7,9;4,5;
2019/04/04;2000 UTC;0;908,9;909;908,5;427;27,6;16,9;28,8;27,5;17,1;15,9;53;47;52;215;7,9;1,2;
2019/04/04;2100 UTC;0;909,2;909,2;908,8;190,4;26,9;17,2;28;26,9;17,4;16,3;56;49;55;137;2,2;,6;
2019/04/04;2200 UTC;0;909,5;909,5;909,1;;25,1;17,7;26,9;25;17,8;17;64;56;64;78;2,2;1,1;
2019/04/04;2300 UTC;0;910,6;910,6;909,5;;24,4;18;25,3;24;18;17,5;68;63;67;233;2,8;,1;
2019/04/05;0000 UTC;0;911,2;911,2;910,6;;23,4;18,4;24,5;23,4;18,4;17,6;73;65;73;248;1,5;0;
2019/04/05;0100 UTC;0;911,7;911,7;911,2;;24,3;17,1;24,5;23,4;18,4;17,1;73;64;64;71;3,4;1,8;
2019/04/05;0200 UTC;0;912;912;911,7;;23,4;17,8;24,4;23,4;17,8;17,1;71;64;71;25;4;,8;
2019/04/05;0300 UTC;0;911,9;912,1;911,9;;22,5;18,1;23,6;22,4;18,1;17,8;76;70;76;39;2,3;,8;
2019/04/05;0400 UTC;0;911,7;912;911,7;;22,5;18,3;22,7;22,3;18,4;18,1;78;76;77;34;2,1;1,1;
2019/04/05;0500 UTC;0;911,2;911,7;911,2;;21,8;18;22,9;21,8;18,6;18;79;75;79;40;7;3,2;
2019/04/05;0600 UTC;0;911,1;911,2;910,9;;21,5;17,5;21,9;21,5;18;17,4;80;76;78;24;7,3;1,8;
2019/04/05;0700 UTC;0;910,5;911,1;910,5;;20,9;17,7;21,6;20,9;17,7;17,3;82;77;82;67;7;2,3;
2019/04/05;0800 UTC;0;910,2;910,6;910,2;;21,2;17,5;21,2;20,8;17,8;17,5;83;80;80;43;5,4;2;
2019/04/05;0900 UTC;0;910,9;910,9;910,1;;21,1;17,9;21,7;21;17,9;17,5;82;78;82;11;4,8;1,5;
2019/04/05;1000 UTC;0;912;912;910,9;98,6;21,5;18,4;21,5;21,1;18,4;17,9;82;81;82;42;4,8;2,1;
2019/04/05;1100 UTC;0;912,5;912,5;912;465,1;22,6;19;22,6;21,5;19;18,4;83;80;80;23;5;2,7;
2019/04/05;1200 UTC;0;913,2;913,2;912,5;903,3;24,8;19,3;24,9;22,6;19,7;19;80;72;72;47;4,7;,8;
2019/04/05;1300 UTC;0;913,4;913,5;913,2;1452,2;26,6;19,3;26,7;24,7;19,7;19,1;73;64;64;313;5;2;
2019/04/05;1400 UTC;0;912,9;913,4;912,9;2936,8;29,1;20,1;29,1;26,6;20,4;19;65;58;58;12;5;2,4;
2019/04/05;1500 UTC;0;912,4;913;912,4;2334,1;29,5;19,1;29,7;28,5;20;18,3;58;53;54;329;7,2;2,8;
2019/04/05;1600 UTC;0;911,6;912,4;911,6;2072,5;26,1;19,6;30,5;25,1;20;18,2;71;51;67;230;8,9;1,8;
2019/04/05;1700 UTC;0;910,4;911,6;910,4;1783,1;28,9;18,7;29,8;26,1;20,4;18,7;67;53;54;241;3,9;1,9;
2019/04/05;1800 UTC;0;909,7;910,4;909,6;2312,6;30,5;17,1;31,4;28,7;19,5;16,8;56;43;45;308;7,4;3,5;
2019/04/05;1900 UTC;0;909,3;909,7;909,2;1478,2;29,5;18,1;31,1;29,5;18,4;16,8;52;43;50;237;7,5;2,5;
2019/04/05;2000 UTC;0;909,6;909,6;909,3;377,7;26,5;18,8;29,8;26,5;18,9;17,7;63;50;63;220;5,7;2,4;
2019/04/05;2100 UTC;0;910,8;910,8;909,6;38;22,6;19,8;26,7;22,4;19,8;18,3;85;63;84;206;10,4;1,5;
2019/04/05;2200 UTC;2;911,2;911,5;910,8;;22;20,2;22,8;21,7;20,3;19,4;90;82;90;161;3,8;,5;
2019/04/05;2300 UTC;,2;912,1;912,1;911,3;;22,3;20;22,6;21,9;20,5;19,9;90;86;87;50;3,7;,6;
2019/04/06;0000 UTC;0;912,7;912,7;912,1;;21,9;20;22,3;21,8;20,2;19,8;89;87;89;63;2,9;1,4;
2019/04/06;0100 UTC;0;913,5;913,5;912,7;;22;19,8;22;21,6;20,1;19,7;89;87;88;40;3,2;1,7;
2019/04/06;0200 UTC;2,8;914;914;913,5;;21,3;19,5;22,2;21,3;20;19,5;90;86;90;67;5,8;1,8;
2019/04/06;0300 UTC;2,8;913,7;914,1;913,7;;21;18,7;21,3;20,9;19,7;18,6;91;86;87;110;6,2;3,1;
2019/04/06;0400 UTC;,8;913,3;913,7;913,3;;20,9;18,6;21,3;20,7;18,9;18,5;87;85;87;104;5,8;3,1;
2019/04/06;0500 UTC;,8;912,5;913,3;912,5;;20,6;18,8;21;20,3;18,8;18,2;90;85;90;310;5,4;,7;
2019/04/06;0600 UTC;0;912,1;912,5;912;;20,4;18,8;20,6;20,2;18,8;18,3;91;88;91;39;2,8;1,3;
2019/04/06;0700 UTC;0;911,6;912,1;911,6;;20,3;18,4;20,5;20,3;18,9;18,4;91;89;89;86;3,6;,8;
2019/04/06;0800 UTC;0;912,2;912,2;911,6;;19,9;17,9;20,5;19,9;18,5;17,9;90;86;88;71;4,6;2,3;
2019/04/06;0900 UTC;0;913,1;913,1;912,2;;20,1;18,1;20,3;19,8;18,3;17,9;89;88;88;63;3,9;1,8;
2019/04/06;1000 UTC;0;913,6;913,7;913,1;112,2;21,2;18,9;21,2;20;18,9;18,1;89;87;87;60;3,6;1,1;
2019/04/06;1100 UTC;0;914,3;914,3;913,6;514,1;22,6;19,6;22,6;21,2;19,6;18,8;87;83;83;65;3,3;2;
2019/04/06;1200 UTC;0;914,8;914,8;914,3;1152,1;23,9;20,1;24;22,6;20,4;19,5;84;80;80;24;4,6;1,9;
2019/04/06;1300 UTC;0;915;915,1;914,8;1415,9;25,7;20,2;25,7;23,8;20,6;19,5;80;71;72;23;4,5;2,4;
2019/04/06;1400 UTC;0;914,6;915;914,6;2568,8;28,1;19,9;28,2;25,6;21,2;19,7;72;61;61;30;6,1;2,5;
2019/04/06;1500 UTC;0;913,9;914,6;913,9;2824,7;28,3;19,6;29;27,4;20,6;19,1;64;57;59;8;6,7;2,8;
2019/04/06;1600 UTC;0;912,8;913,9;912,8;2691,1;29,2;20;29,7;27,9;20,7;18,9;61;54;58;19;6,5;3,2;
2019/04/06;1700 UTC;0;911,6;912,8;911,6;1800;29,8;19,2;29,8;26,4;20;18,6;65;52;53;3;7;3,5;
2019/04/06;1800 UTC;0;910,8;911,6;910,8;2533,4;30,3;17,9;30,5;29,3;19,5;17,9;54;47;47;348;7,5;3,4;
2019/04/06;1900 UTC;0;911;911,1;910,7;1172;26,3;20,4;30,5;25,9;20,4;17,3;70;47;70;233;7,8;3,3;
2019/04/06;2000 UTC;7,8;912,2;912,3;911;282,1;21,5;19,9;27,7;20,9;20,5;17,1;91;60;91;33;12,3;2,8;
2019/04/06;2100 UTC;1,2;912,4;912,7;912,2;7,2;21,6;19,6;21,6;21,1;19,9;19;91;87;88;46;8,6;,6;
2019/04/06;2200 UTC;1;913,2;913,2;912,4;;21,8;19,9;22;21,6;20;19,4;89;85;89;339;5,8;1,8;
2019/04/06;2300 UTC;0;913,6;913,6;913,2;;21,8;19,9;21,8;21,5;20,2;19,7;90;89;89;356;3,6;,9;
2019/04/07;0000 UTC;0;913,8;913,9;913,6;;21,4;19,8;21,8;21,4;19,9;19,7;91;89;90;76;3,1;1,2;
2019/04/07;0100 UTC;0;913,9;913,9;913,7;;21;19,2;21,5;21;19,8;19,2;91;89;90;68;2,8;,8;
2019/04/07;0200 UTC;0;913,9;914;913,7;;21;19,2;21,3;20,8;19,6;19,2;91;89;89;53;3,2;,6;
2019/04/07;0300 UTC;0;914,3;914,3;913,8;;20,7;19,2;21;20,6;19,2;19;92;89;91;59;2,6;,5;
2019/04/07;0400 UTC;0;914;914,4;914;;20,7;19,4;20,7;20,6;19,4;19,2;92;91;92;74;1,5;,5;
2019/04/07;0500 UTC;0;914;914;914;;20,9;19,4;21;20,7;19,6;19,4;92;91;91;129;2,3;0;
2019/04/07;0600 UTC;0;913,9;914;913,9;;20,7;19,4;20,9;20,6;19,5;19,2;92;91;92;57;2;,9;
2019/04/07;0700 UTC;0;913,9;913,9;913,8;;20,5;19,2;20,8;20,5;19,5;19,2;92;92;92;46;3,1;1,3;
2019/04/07;0800 UTC;0;913,9;913,9;913,8;;20,4;19,1;20,5;20,3;19,2;19;93;92;92;77;2,6;1,3;
2019/04/07;0900 UTC;0;914,2;914,2;913,9;;20,2;18,7;20,8;20,2;19,2;18,6;92;90;91;206;2,9;0;
2019/04/07;1000 UTC;0;914,7;914,7;914,1;98,4;20,6;19;20,6;19,9;19,1;18,5;92;91;91;62;2,3;,9;
2019/04/07;1100 UTC;0;915,5;915,5;914,7;805,1;23,3;19,6;23,3;20,6;19,7;19;91;79;80;78;3,8;1,8;
2019/04/07;1200 UTC;0;915,7;915,8;915,5;1727,4;25,1;18,8;26,1;23,3;20,2;18,6;80;66;68;88;2,9;,8;
2019/04/07;1300 UTC;0;915,8;915,9;915,7;2484,1;27,2;18,7;27,2;25,1;19,8;17,5;69;59;60;322;3,1;,6;
2019/04/07;1400 UTC;0;915,7;915,9;915,7;3250,9;28;17,9;28,4;26,6;19,3;17,2;62;53;54;37;3,5;,9;
2019/04/07;1500 UTC;0;914,9;915,7;914,9;3201,1;28,7;16,1;29,6;28;19,9;16;58;46;47;9;3,7;1,1;
2019/04/07;1600 UTC;0;913,7;914,9;913,7;2121;28,4;17,6;29,3;28;18,7;16,3;54;47;52;12;5,1;1,8;
2019/04/07;1700 UTC;0;912,9;913,7;912,9;2064,8;29,4;18,1;29,4;28;19,1;17,4;56;51;51;11;5,1;2;
2019/04/07;1800 UTC;0;912;912,9;912;2879,6;29,8;17,3;30,5;29,3;18,6;17,1;52;46;47;10;5,7;1,9;
2019/04/07;1900 UTC;0;911,7;912;911,7;1036,8;27,9;20;30,2;27,6;20,3;16,6;63;45;62;180;4,4;1,4;
2019/04/07;2000 UTC;0;911,9;911,9;911,6;789,1;27;19,3;28,9;27;20,3;18,8;63;55;63;87;6;1,1;
2019/04/07;2100 UTC;34,2;912,5;912,7;911,9;101,8;21,4;20,4;27;20,1;20,5;17,9;94;62;94;140;13,7;2,4;
2019/04/07;2200 UTC;,8;912,6;912,6;912,4;;21,7;20,1;22,3;21,4;20,9;20;94;90;90;83;4,5;1,4;
2019/04/07;2300 UTC;0;912,8;912,8;912,6;;22,6;19,7;22,7;21,6;20,1;19,7;90;83;83;35;4,8;1,6;
2019/04/08;0000 UTC;,2;913,7;913,7;912,8;5,8;22,3;19,7;23,1;22,3;19,7;19,5;85;81;85;252;5,6;2,2;
2019/04/08;0100 UTC;,4;914,3;914,4;913,7;,1;21,1;19,8;23;20,9;20;19;93;82;92;192;6;,8;
2019/04/08;0200 UTC;,4;914,1;914,3;913,9;;21;19,9;21,2;21;20;19,8;93;92;93;338;2,3;0;
2019/04/08;0300 UTC;1,2;913,7;914,1;913,7;;20,9;19,9;21,1;20,9;20;19,8;94;93;94;29;1,4;,2;
2019/04/08;0400 UTC;,8;913,2;913,7;913,2;;20,9;19,9;21,1;20,8;20,1;19,8;94;94;94;81;1,4;0;
2019/04/08;0500 UTC;1;912,9;913,2;912,8;;20,7;19,7;21;20,6;20;19,7;94;94;94;213;2;1,2;
2019/04/08;0600 UTC;4,2;912,8;913;912,8;;20,8;19,9;20,8;20,6;19,9;19,6;95;94;95;223;2;,1;
2019/04/08;0700 UTC;10,2;913,2;913,3;912,7;,2;19,2;18,1;20,9;19;20;17,9;95;93;93;323;8,9;3,5;
2019/04/08;0800 UTC;4;913,4;913,4;913;;19,3;18,1;19,3;19,1;18,2;18;93;93;93;13;7,3;,6;
2019/04/08;0900 UTC;5,6;914;914;913,4;;19,2;18,2;19,3;19,1;18,2;18;94;93;94;274;2;,6;
2019/04/08;1000 UTC;2,8;914,9;914,9;914;10,6;19,4;18,4;19,4;19,2;18,4;18,1;94;94;94;307;3,1;1,4;
2019/04/08;1100 UTC;2,2;915,2;915,2;914,9;147,3;19,8;18,8;19,8;19,3;18,8;18,4;94;94;94;7;2,4;,2;
2019/04/08;1200 UTC;2;915,4;915,4;915,2;262;20;18,4;20,1;19,8;18,8;18,4;94;90;90;360;2,3;,8;
2019/04/08;1300 UTC;1,4;915,4;915,5;915,4;397,3;20;18,3;20;19,8;18,4;18;90;89;90;42;2,2;,9;
2019/04/08;1400 UTC;,4;914,8;915,4;914,8;872,7;21,5;19,4;21,5;20;19,5;18,2;90;88;88;272;1,7;,4;
2019/04/08;1500 UTC;,2;914;914,8;914;1186,2;22;19,3;22,3;21,4;19,9;19;88;83;85;232;3,3;1,6;
2019/04/08;1600 UTC;0;913,4;914;913,4;1561,4;22,5;19,2;23,2;21,6;20,3;18,7;87;79;82;226;4,6;2,2;
2019/04/08;1700 UTC;0;912,7;913,4;912,7;1445;22,8;18,9;23,3;22,5;19,5;18,3;82;76;79;242;4,4;1,5;
2019/04/08;1800 UTC;0;912,1;912,7;912,1;987,7;22,9;18,1;23,2;22,6;20;18,1;84;74;74;315;3,3;1,7;
2019/04/08;1900 UTC;,2;911,9;912,1;911,9;664,7;22;18,6;23;21,9;18,9;17,8;81;74;81;208;4,5;1,9;
2019/04/08;2000 UTC;0;912;912,1;911,8;591,8;22,6;18,4;22,7;21,9;19,2;17,9;82;76;77;155;3,5;,1;
2019/04/08;2100 UTC;0;912,4;912,4;912;86,3;21,3;19,4;22,6;21,2;19,4;18,3;89;77;89;157;2,9;1,3;
2019/04/08;2200 UTC;0;912,9;912,9;912,3;;21;19,3;21,3;20,9;19,4;19,2;91;89;90;101;2,4;,3;
2019/04/08;2300 UTC;0;913,4;913,4;912,9;;21;19,3;21,1;20,9;19,3;19;90;89;90;82;1,7;,9;
2019/04/09;0000 UTC;0;913,8;913,8;913,4;;21,1;19,4;21,1;21;19,4;19,2;90;90;90;133;1,7;0;
2019/04/09;0100 UTC;,2;914,1;914,1;913,8;;20,9;19,6;21,1;20,9;19,7;19,4;93;90;93;317;1,9;1,1;
2019/04/09;0200 UTC;0;913,9;914,1;913,9;;20,6;19,5;20,9;20,5;19,7;19,4;94;93;94;247;2;,7;
2019/04/09;0300 UTC;,2;913,5;913,9;913,5;;20;19;20,6;20;19,6;19;94;93;93;321;2,5;,9;
2019/04/09;0400 UTC;,2;913,1;913,4;913,1;;19,9;18,8;20;19,8;18,9;18,7;94;93;93;35;2;,5;
2019/04/09;0500 UTC;0;912,6;913,1;912,6;;20,1;18,8;20,1;19,9;18,9;18,8;94;92;92;332;1,9;,9;
2019/04/09;0600 UTC;0;912,4;912,7;912,3;;19,7;18,4;20,1;19,7;18,8;18,3;92;91;92;40;1,9;,5;
2019/04/09;0700 UTC;0;912,4;912,5;912,3;;19,8;18,5;19,8;19,6;18,5;18,3;92;92;92;31;2,3;,3;
2019/04/09;0800 UTC;0;912,3;912,4;912,3;;19,6;18,4;19,8;19,6;18,6;18,4;93;92;93;17;1,3;,5;
2019/04/09;0900 UTC;,4;912,7;912,7;912,3;;19,5;18,5;19,6;19,5;18,5;18,4;94;93;94;166;1,6;,4;
2019/04/09;1000 UTC;0;913,2;913,2;912,7;32,8;19,6;18,5;19,8;19,5;18,7;18,4;94;93;93;17;2,1;1,1;
2019/04/09;1100 UTC;0;913,5;913,6;913;190,3;20;18,6;20,1;19,6;18,9;18,6;94;91;91;31;2,4;,9;
2019/04/09;1200 UTC;0;913,7;913,7;913,5;552,4;21;19,1;21;20;19,1;18,5;92;89;89;90;2,9;,3;
2019/04/09;1300 UTC;0;913,7;913,8;913,7;1033,5;22,1;19;22,1;21;19,2;18,6;89;82;83;359;2,5;1,1;
2019/04/09;1400 UTC;0;913,5;913,7;913,5;1980,2;23,7;18,5;23,8;22,1;19,2;18,1;83;72;73;272;2,7;1,3;
2019/04/09;1500 UTC;0;913;913,5;913;1268,4;23,2;19,4;23,8;23,1;19,4;17,9;79;71;79;241;4,3;2,2;
2019/04/09;1600 UTC;0;912,3;913;912,3;2704,8;25,4;19,3;25,4;23;19,8;18,6;80;69;69;228;4,6;1,9;
2019/04/09;1700 UTC;0;911,4;912,3;911,4;2589,3;25;18,5;26,6;24,1;20,8;18;73;65;67;233;5,6;2,9;
2019/04/09;1800 UTC;0;910,8;911,4;910,8;2102,9;25,5;18,8;26;24;19,9;18,3;75;65;67;205;5,6;3;
2019/04/09;1900 UTC;0;910,5;910,8;910,5;1964,6;25,6;18,6;25,9;24,9;19,3;17,7;67;62;65;205;5,3;2,5;
2019/04/09;2000 UTC;0;910,7;910,7;910,5;699;24,5;19,3;25,6;24;19,4;18,2;74;65;73;210;5,7;2,9;
2019/04/09;2100 UTC;0;910,9;911;910,7;178,9;23,3;19;24,5;23,3;19,1;18,7;77;72;77;233;5,6;2,2;
2019/04/09;2200 UTC;0;911,7;911,7;910,9;;22,2;18,6;23,2;22,2;19;18,5;80;77;80;196;5;2,8;
2019/04/09;2300 UTC;0;912,4;912,4;911,7;;21,2;18,5;22,2;21,2;18,7;18,5;84;80;84;183;5;1,1;
2019/04/10;0000 UTC;0;912,6;912,7;912,4;;20,7;18,3;21,2;20,4;18,7;18,3;88;84;86;152;2,7;1,3;
2019/04/10;0100 UTC;0;912,9;912,9;912,6;;20,3;17,8;20,7;20,3;18,3;17,8;86;85;85;164;3,3;1;
2019/04/10;0200 UTC;0;912,7;913;912,7;;19,4;17,5;20,3;19,4;17,8;17,5;89;85;89;118;2,4;,3;
2019/04/10;0300 UTC;0;912,7;912,9;912,7;;18,7;17,4;19,4;18,3;17,7;16,8;92;89;92;68;2,6;1,1;
2019/04/10;0400 UTC;0;912,3;912,7;912,3;;18,3;16,8;18,9;18,2;17,6;16,6;92;90;91;71;2,5;1,4;
2019/04/10;0500 UTC;0;911,5;912,3;911,5;;18;16,7;18,3;17,8;17;16,4;93;91;92;54;2,3;,5;
2019/04/10;0600 UTC;0;911,2;911,6;911,2;;17,4;16,2;18;17,3;16,7;16,1;93;92;93;349;1,7;,1;
2019/04/10;0700 UTC;0;911,1;911,2;911,1;;17,4;16,5;17,4;16,9;16,5;15,8;94;93;94;19;1,7;,6;
2019/04/10;0800 UTC;0;911,5;911,5;911;;17,6;16,4;17,9;17,3;16,9;16,3;94;93;93;28;2;,2;
2019/04/10;0900 UTC;0;912;912;911,5;;18;16,4;18,2;17,3;16,7;16;93;90;90;6;2,5;,2;
2019/04/10;1000 UTC;0;912,6;912,6;912;47,8;18,3;16,7;18,4;17,8;16,7;16,1;90;89;90;35;2,8;,7;
2019/04/10;1100 UTC;0;913,2;913,2;912,6;744,8;21,6;17,1;21,6;18,3;17,4;16,7;90;75;75;65;5,5;1,7;
2019/04/10;1200 UTC;0;913,6;913,6;913,2;1737,6;23,1;16,2;23,3;21,6;17,1;16,2;76;65;65;89;6,9;3;
2019/04/10;1300 UTC;0;913,8;913,9;913,6;2478,9;25,1;16,7;25,2;23,1;17;16,3;67;60;60;60;6,9;2,8;
2019/04/10;1400 UTC;0;913,5;913,9;913,4;2999,4;27,1;16,6;27,2;24,9;17,6;16,3;61;53;53;30;6;2,4;
2019/04/10;1500 UTC;0;912,8;913,5;912,8;2734,6;27,6;16,1;27,7;26,7;17,7;16,1;55;50;50;13;5,1;1,8;
2019/04/10;1600 UTC;0;912,2;912,8;912,2;3744,3;28,1;13,9;29;27,3;17,2;13,9;52;42;42;170;5,1;1,3;
2019/04/10;1700 UTC;0;911,4;912,2;911,4;1305;27,6;17,2;28,6;27,2;18;14;55;41;53;253;3,9;1,1;
2019/04/10;1800 UTC;0;911;911,4;910,9;947,3;27,4;17,4;28,1;27,1;18;16,8;57;52;54;186;5;1,8;
2019/04/10;1900 UTC;0;910,6;911;910,6;1477;28,1;16,1;28,7;27,1;17,7;15,9;56;47;48;179;5,5;2,8;
2019/04/10;2000 UTC;0;910,7;910,8;910,5;1088,7;27,4;15,9;28,3;27,4;16,4;15,7;50;47;50;189;5,3;2,3;
2019/04/10;2100 UTC;0;911;911;910,7;253,6;25;15,2;27,5;25;16,5;14,6;54;47;54;175;4;1;
2019/04/10;2200 UTC;0;911,5;911,5;911;;22,5;13,8;25;22,5;15,3;12,7;58;49;58;191;1,9;,1;
2019/04/10;2300 UTC;0;912,2;912,2;911,5;;20,6;16,2;22,6;20,6;16,2;14;76;58;76;287;1,6;0;
2019/04/11;0000 UTC;0;912,6;912,6;912,1;;20;16,2;21,7;19,7;16,4;15,6;81;69;79;68;4,7;1;
2019/04/11;0100 UTC;0;913;913;912,6;;19,8;16,6;20,9;19,7;16,6;15,9;82;73;82;51;3,4;1,8;
2019/04/11;0200 UTC;0;912,7;913;912,7;;20,2;17,1;20,7;19,8;17,3;16,6;83;79;83;67;3,1;1,5;
2019/04/11;0300 UTC;0;912,7;912,8;912,7;;19,5;17;20,2;19,2;17,2;16,7;86;82;86;57;2,7;1,1;
2019/04/11;0400 UTC;0;912,7;912,8;912,6;;19,4;16,8;20,1;19;17,4;16,7;87;83;85;39;2;,5;
2019/04/11;0500 UTC;0;912,5;912,7;912,5;;19;16,7;19,4;18,8;17,1;16,6;88;85;87;26;1,5;,5;
2019/04/11;0600 UTC;0;912,3;912,5;912,3;;18,5;16,5;19;18,5;17;16,4;89;87;88;12;1,9;,1;
2019/04/11;0700 UTC;0;912,2;912,3;912,2;;19,2;17;19,2;18,2;17,2;16,3;90;88;88;330;2,8;,9;
2019/04/11;0800 UTC;0;912,4;912,4;912,2;;18,8;16,8;19,2;18,7;17,1;16,6;88;87;88;357;2,4;,6;
2019/04/11;0900 UTC;0;913;913;912,4;;18,8;16,7;18,8;18,5;16,8;16,6;88;87;87;28;4,5;1,3;
2019/04/11;1000 UTC;0;913,3;913,3;913;45,3;19,6;17;19,6;18,8;17;16,6;87;85;85;47;5,7;1,8;
2019/04/11;1100 UTC;0;913,8;913,8;913,2;702,6;22,1;17,6;22,1;19,6;17,7;17;85;76;76;40;7,1;2,9;
2019/04/11;1200 UTC;0;914,5;914,6;913,8;1726;24,4;18,5;24,4;22,1;18,5;17,5;76;69;70;34;7,5;2,7;
2019/04/11;1300 UTC;0;914,6;914,7;914,5;2513,4;25,2;18,1;26;23,9;19,1;17,9;71;64;65;23;10,4;4,2;
2019/04/11;1400 UTC;0;914,5;914,7;914,5;2321,6;25,2;18,2;26,2;25;19,2;17,9;66;63;65;24;10,4;4,2;
2019/04/11;1500 UTC;0;913,8;914,5;913,8;3209,2;26,8;18,2;26,9;25,1;19,3;17,9;66;59;59;4;9,1;3,9;
2019/04/11;1600 UTC;0;913;913,8;912,9;2873,2;27,6;17,9;28,7;26,4;19,2;17,2;61;52;56;358;7,3;3,1;
2019/04/11;1700 UTC;0;912,2;913;912,2;2893,3;28,7;18;29,7;27,6;18,4;16,9;56;48;53;330;7;3,2;
2019/04/11;1800 UTC;0;911,7;912,2;911,7;2294,9;28,5;16,7;30,2;28,5;18,4;16,2;53;44;49;314;7,1;2;
2019/04/11;1900 UTC;0;911,6;911,7;911,4;883;28,1;16,8;29,3;27,5;17,9;16,4;54;47;51;248;5,4;1,4;
2019/04/11;2000 UTC;0;911,7;911,7;911,5;691,4;26,5;18,2;28,8;26,5;18,4;16,8;61;50;60;213;6,3;4,2;
2019/04/11;2100 UTC;0;911,8;911,8;911,6;125,2;24,7;18,5;26,5;24,7;18,7;18,2;69;60;69;171;6,3;1,9;
2019/04/11;2200 UTC;0;911,9;911,9;911,7;;23,9;18,2;24,7;23,9;18,6;18,2;70;69;70;163;3,3;1,1;
2019/04/11;2300 UTC;0;912,5;912,5;911,9;;21,9;17,9;24;21,9;18,3;17,9;78;70;78;136;2,2;,3;
2019/04/12;0000 UTC;0;913;913;912,5;;21,8;18,4;22,2;21,4;18,7;17,9;82;78;81;104;2,6;,9;
2019/04/12;0100 UTC;0;913,2;913,2;913;;21,4;18,6;21,9;20,8;18,8;18,1;86;81;84;64;2,7;,6;
2019/04/12;0200 UTC;0;913,2;913,3;913,2;;21,5;17,9;22,3;21,1;18,5;17,7;84;76;80;69;3,1;2;
2019/04/12;0300 UTC;0;913,2;913,2;913,1;;21,2;17,5;21,5;21;17,9;17,4;80;79;80;34;3;1,5;
2019/04/12;0400 UTC;0;913,1;913,3;913,1;;21,5;17,9;21,5;21,1;18,2;17,5;83;79;80;42;4,2;1,9;
2019/04/12;0500 UTC;0;912,7;913,1;912,7;;21,3;17,8;21,6;21,1;17,9;17,8;81;80;81;47;4,8;2;
2019/04/12;0600 UTC;0;912,4;912,7;912,4;;21;17,5;21,3;20,9;17,8;17,5;81;80;80;69;6,5;2,3;
2019/04/12;0700 UTC;0;912,4;912,5;912,4;;20,6;17,3;21,1;20,6;17,5;17,1;81;78;81;77;4,2;1,6;
2019/04/12;0800 UTC;0;912,2;912,4;912,2;;20,8;17,2;20,9;20,6;17,3;17,2;81;80;80;71;4,8;3;
2019/04/12;0900 UTC;0;912,6;912,6;912,1;;20,8;17,1;21,2;20,8;17,2;17;80;77;79;57;5,3;2,6;
2019/04/12;1000 UTC;0;913,1;913,1;912,6;66,6;20,9;17;21,3;20,7;17,1;16,7;79;75;78;73;5,8;1,3;
2019/04/12;1100 UTC;0;913,6;913,6;913,1;498,5;22,7;17;22,8;20,8;17,2;16,8;79;70;70;47;4,2;1,8;
2019/04/12;1200 UTC;0;914,1;914,1;913,6;1623,8;25;17,5;25;22,5;18;16,8;74;62;63;14;5,5;2,8;
2019/04/12;1300 UTC;0;914,1;914,1;914;2309,1;26,7;17,9;26,7;25;18,1;17,1;64;58;59;40;8,3;3,1;
2019/04/12;1400 UTC;0;913,7;914,1;913,7;2974,2;27,8;16,9;27,9;26,2;18,3;15,7;59;48;52;15;9,6;4,2;
2019/04/12;1500 UTC;0;913;913,7;913;3087,2;28,5;16,7;28,9;27,6;17,7;16,2;54;47;49;36;7,1;3,6;
2019/04/12;1600 UTC;0;912,5;913;912,5;3281;28,4;17,2;29,4;27,8;18,1;16,5;53;48;51;4;8,5;4,3;
2019/04/12;1700 UTC;0;911,7;912,5;911,7;2577,8;28,5;17,2;29,4;27,9;17,7;16,5;51;47;51;13;7,5;3,2;
2019/04/12;1800 UTC;0;911,2;911,7;911,2;2608,7;29,5;16,6;29,8;28,4;17,7;15,5;51;43;46;355;7,1;3,2;
2019/04/12;1900 UTC;0;910,7;911,2;910,7;1883,6;29,4;15,4;29,9;28,6;17;15,3;48;42;43;347;6,3;1,9;
2019/04/12;2000 UTC;0;910,7;910,8;910,5;1038,1;28;17,1;29,3;28;17,2;15,3;52;43;52;2;4,8;2,3;
2019/04/12;2100 UTC;0;911,2;911,2;910,7;140,1;25,3;18,2;28,2;25,3;18,2;17;65;52;65;26;4;,5;
2019/04/12;2200 UTC;0;911,9;911,9;911,2;;24;17,7;25,3;24;18,4;17,4;68;62;68;118;4;2,2;
2019/04/12;2300 UTC;0;912,4;912,4;911,9;;22,9;17,5;24;22,8;17,8;17,2;72;67;72;132;3,8;1,3;
2019/04/13;0000 UTC;0;913,2;913,3;912,4;;22,3;17,8;23,1;22,3;17,8;17,3;76;70;76;23;4,3;1,4;
2019/04/13;0100 UTC;0;913,3;913,4;913,2;;21,8;18;22,3;21,5;18;17,8;80;76;79;68;2,6;1;
2019/04/13;0200 UTC;0;913,3;913,4;913,3;;21,5;17,6;21,8;21,2;18,1;17,6;81;78;78;77;3,8;2;
2019/04/13;0300 UTC;0;912,9;913,3;912,9;;21,4;17,7;21,7;21,3;17,7;17,6;79;78;79;72;4,9;2,5;
2019/04/13;0400 UTC;0;912,3;912,9;912,3;;20,8;17,6;21,5;20,8;17,8;17,6;82;79;82;54;4;1,1;
2019/04/13;0500 UTC;0;912,2;912,3;912,2;;20,1;17,6;20,8;20;17,9;17,4;85;82;85;58;2,8;,9;
2019/04/13;0600 UTC;0;912,1;912,3;912,1;;20;17,3;20,6;20;17,8;17,3;85;83;85;52;3,1;,5;
2019/04/13;0700 UTC;0;912;912,1;911,8;;20,3;17,5;20,4;19,9;17,7;17,4;86;83;84;65;3,6;1,2;
2019/04/13;0800 UTC;0;912;912;911,8;;20,4;17,6;20,6;20,2;17,6;17,4;84;83;84;74;3,3;,8;
2019/04/13;0900 UTC;0;912,7;912,7;912;;20,6;17,8;20,7;20,4;17,9;17,6;84;83;84;59;3,3;,9;
2019/04/13;1000 UTC;0;913;913;912,7;53,3;22;18,1;22;20,6;18,2;17,7;84;79;79;20;4,1;1,5;
2019/04/13;1100 UTC;0;913,7;913,7;913;893,8;24,5;18,4;24,5;21,9;18,4;17,9;79;67;69;15;3,5;1,8;
2019/04/13;1200 UTC;0;914;914,1;913,7;1258,8;25,1;18,3;25,2;24,4;18,5;17,8;69;65;66;23;6,8;2,8;
2019/04/13;1300 UTC;0;913,9;914;913,9;2261,6;26,7;18,4;26,7;24,9;18,8;17,7;66;60;61;28;8,4;3,8;
2019/04/13;1400 UTC;0;913,6;913,9;913,6;2332,7;26,9;18,1;27,6;26,5;19,1;18;62;57;58;20;8,4;3;
2019/04/13;1500 UTC;0;913;913,7;913;1512,7;26,7;18,6;27,3;26,3;18,6;17,6;62;58;61;14;7,6;3,8;
2019/04/13;1600 UTC;0;912,1;913;912,1;2850,7;28,5;17,8;28,7;26,6;19,2;17,5;61;52;52;11;8;3,8;
2019/04/13;1700 UTC;0;911,1;912,1;911,1;2587,9;28,4;18;29,2;27,3;18,7;17,5;57;51;54;19;7,2;3,7;
2019/04/13;1800 UTC;0;910,8;911,1;910,8;1335,5;27;18,6;28,5;26,1;19,7;18;66;54;60;22;7,9;2,2;
2019/04/13;1900 UTC;0;910,5;910,8;910,5;1367,9;27,2;18,6;28,3;27;19,6;18,1;62;56;59;28;6,5;2,1;
2019/04/13;2000 UTC;0;911,2;911,2;910,5;214;23,4;19,3;27,4;23,2;19,3;17,6;78;56;78;155;6,4;2,8;
2019/04/13;2100 UTC;0;911,5;911,5;911,1;83,6;22,7;19,5;23,7;22,5;20;19,3;83;77;82;132;6,7;3,7;
2019/04/13;2200 UTC;0;911,8;911,8;911,5;;23,1;19,2;23,2;22,7;19,5;19,2;82;79;79;125;6,3;,7;
2019/04/13;2300 UTC;0;912,7;912,7;911,8;;22,5;19,4;23,1;22,3;19,4;19,1;83;79;83;239;2,3;,1;
2019/04/14;0000 UTC;0;913;913,2;912,7;;22,7;18,9;22,7;22,1;19,4;18,9;83;79;79;176;1,4;,1;
2019/04/14;0100 UTC;0;913,3;913,3;913;;22,8;18,6;23;22,7;18,9;18,5;79;76;77;59;2,8;,8;
2019/04/14;0200 UTC;0;913,1;913,4;913,1;;22,5;18,9;22,9;22,5;18,9;18,6;80;77;80;83;2,3;0;
2019/04/14;0300 UTC;0;912,9;913,1;912,9;;22,6;19;22,6;22,4;19;18,8;80;80;80;81;2,5;1;
2019/04/14;0400 UTC;0;912,4;912,9;912,4;;22,2;19,1;22,6;22,1;19,2;18,9;83;80;83;348;2,2;,1;
2019/04/14;0500 UTC;0;912,4;912,5;912,3;;22,1;19,3;22,2;21,9;19,4;19,1;85;83;84;186;1,1;,1;
2019/04/14;0600 UTC;0;912,2;912,6;912,1;;21,3;19,7;22,2;21,2;19,7;19,3;91;84;91;22;2,4;,4;
2019/04/14;0700 UTC;0;911,8;912,3;911,8;;21,5;18,9;21,5;21,3;20;18,9;91;85;85;67;2,6;,9;
2019/04/14;0800 UTC;,2;912,2;912,2;911,7;;21,1;19;21,6;21,1;19;18,6;87;84;87;67;3,8;0;
2019/04/14;0900 UTC;,4;912,6;912,7;912,2;;21;19,1;21,3;20,9;19,2;19;89;87;89;87;1,7;,1;
2019/04/14;1000 UTC;1,6;913,4;913,4;912,4;17,9;20,9;19,6;21;20,7;19,6;18,9;92;89;92;90;2,3;0;
2019/04/14;1100 UTC;1,8;914;914,1;913,4;62,2;20,8;19,5;21;20,8;19,6;19,4;92;91;92;158;1,6;,6;
2019/04/14;1200 UTC;4,8;914,8;914,8;914;40;20,7;19,7;20,8;20,5;19,7;19,4;94;92;94;287;2;0;
2019/04/14;1300 UTC;7,2;915;915,2;914,6;57,6;20,8;19,8;20,8;20,6;19,8;19,6;94;94;94;9;2,8;1;
2019/04/14;1400 UTC;11,2;914,9;915,3;914,9;149;20,7;19,7;20,8;20,4;19,8;19,4;94;94;94;23;4,5;2,4;
2019/04/14;1500 UTC;,4;914,1;914,9;914,1;1246;22,5;20,5;22,5;20,7;21;19,7;94;88;88;11;7,6;4,3;
2019/04/14;1600 UTC;0;913,5;914,1;913,5;2104;23,5;20;23,7;22,5;21;19,9;90;81;81;357;8,2;3;
2019/04/14;1700 UTC;0;912,5;913,5;912,5;1587,1;24,2;19,6;24,9;23,4;20,6;19,4;81;75;76;5;8,2;2,3;
2019/04/14;1800 UTC;0;911,8;912,5;911,8;1821,2;25,6;19,9;26,1;24,1;21,2;19,4;78;70;71;13;7,6;2,9;
2019/04/14;1900 UTC;0;911,4;911,8;911,4;1622,4;26;19,5;26,5;25,1;20,4;19;72;67;67;356;6,3;3,1;
2019/04/14;2000 UTC;0;911,9;911,9;911,4;588,2;24,2;19,2;26;24,2;19,6;18,8;74;67;74;354;6,3;2,1;
2019/04/14;2100 UTC;0;912,2;912,2;911,9;91,5;23,2;19,6;24,2;23,2;19,7;19,2;81;74;81;19;3,7;1,1;
2019/04/14;2200 UTC;0;912,5;912,5;912,2;;22,1;19,4;23,1;22,1;19,7;19,4;84;81;84;27;2,8;1,1;
2019/04/14;2300 UTC;0;913,1;913,1;912,5;;21,7;19,3;22,1;21,4;19,4;19,2;88;84;86;66;2,7;,6;
2019/04/15;0000 UTC;0;913,7;913,8;913,1;;21,8;19,1;22,1;21,6;19,3;19;86;84;85;51;2,9;1,2;
2019/04/15;0100 UTC;0;914,3;914,3;913,6;;22;19,2;22;21,6;19,3;19;86;84;85;52;4;1,6;
2019/04/15;0200 UTC;0;914,2;914,5;914;;21,5;19,2;22;21,5;19,3;19,1;87;85;87;66;3,5;,7;
2019/04/15;0300 UTC;,4;914,1;914,3;914,1;;21,3;19,7;21,5;21,2;19,7;19,2;91;87;91;53;2,3;,5;
2019/04/15;0400 UTC;,8;913,8;914,3;913,8;;20,1;19,1;21,5;20;19,9;18,9;94;90;94;316;6,6;,6;
2019/04/15;0500 UTC;,8;912,5;913,8;912,5;;20,3;19,2;20,3;20,1;19,3;19,1;94;94;94;62;3,3;2,2;
2019/04/15;0600 UTC;0;912,6;912,6;912,2;;20,5;19,4;20,5;20,3;19,5;19,2;94;93;94;187;3,8;,9;
2019/04/15;0700 UTC;0;912,9;912,9;912,5;;19,8;18,9;20,5;19,8;19,3;18,9;95;93;95;148;3,4;1,9;
2019/04/15;0800 UTC;0;913;913,1;912,9;;20,2;19,3;20,2;19,8;19,3;18,9;95;95;95;44;3,4;,2;
2019/04/15;0900 UTC;0;913,6;913,6;913;;19,9;19,1;20,2;19,8;19,3;18,9;95;95;95;39;1,9;,2;
2019/04/15;1000 UTC;0;914,2;914,2;913,5;80,5;20,6;19,4;20,8;19,9;19,8;19,1;95;93;93;49;2,9;,9;
2019/04/15;1100 UTC;0;914,8;914,8;914,2;583,1;22,4;19,7;22,5;20,6;20,1;19,4;93;84;84;76;2,4;,5;
2019/04/15;1200 UTC;0;915,1;915,1;914,8;1479,7;23,8;19,9;24,1;22,4;20,6;19,3;85;78;79;360;4,6;2,3;
2019/04/15;1300 UTC;0;915,2;915,4;915,1;2179,3;25,1;18,9;25,7;23,7;20,3;18,9;79;69;69;20;5;2,1;
2019/04/15;1400 UTC;0;914,6;915,2;914,6;3005,9;27,3;19,2;27,5;24,9;20,1;18,8;71;61;61;36;5,4;1,9;
2019/04/15;1500 UTC;0;913,9;914,6;913,9;2603,7;25,5;20,5;28,8;25,3;20,5;18,3;74;55;74;217;5,4;3,1;
2019/04/15;1600 UTC;2,8;913,3;913,9;913,3;1112,5;22,8;19,7;25,7;22,8;21,6;19,6;83;73;83;18;6,9;3;
2019/04/15;1700 UTC;,2;912,7;913,4;912,7;789,8;24,1;20,2;24,1;22,2;20,8;19,5;87;78;79;286;6,5;,7;
2019/04/15;1800 UTC;4,2;912,2;912,7;912,2;678,7;23,9;19,9;24,1;22,7;21;19,8;86;78;78;297;3;,3;
2019/04/15;1900 UTC;0;912,1;912,4;912,1;305,9;23;19,7;24;23;20,4;19,7;84;78;82;343;4;1,6;
2019/04/15;2000 UTC;0;912,4;912,4;911,9;245,2;22,7;20;23;22,7;20,1;19,6;85;81;85;14;3,8;,2;
2019/04/15;2100 UTC;0;912,8;912,8;912,3;84,5;22,5;19,8;22,7;22,4;20,1;19,8;87;85;85;83;3,4;2;
2019/04/15;2200 UTC;4,4;913,6;913,6;912,8;;21,6;19,4;23;21,6;20;19,1;88;82;88;149;5,1;1,9;
2019/04/15;2300 UTC;3,4;914,2;914,2;913,6;;20,1;18,6;21,6;19,9;19,6;18,3;91;88;91;323;5,3;1,4;
2019/04/16;0000 UTC;0;914,8;914,9;914,2;;20,4;19,2;20,4;19,8;19,2;18,5;93;91;93;94;3;1,3;
2019/04/16;0100 UTC;0;915,1;915,2;914,9;;20,6;19,3;20,8;20,4;19,5;19;93;92;92;37;2,1;,1;
2019/04/16;0200 UTC;0;914,7;915,1;914,7;;20,4;18,8;20,6;20,4;19,3;18,8;92;91;91;68;3,3;1,8;
2019/04/16;0300 UTC;0;914,4;914,8;914,4;;20,3;18,3;20,6;20,3;18,9;18,3;91;88;88;80;3,7;1,5;
2019/04/16;0400 UTC;0;913,7;914,4;913,7;;20,4;18,5;20,6;20,2;18,7;18,2;89;88;89;72;5,4;2,6;
2019/04/16;0500 UTC;0;913,5;913,7;913,4;;20,4;18,8;20,6;20,1;18,8;18,4;91;89;91;27;4,9;1,1;
2019/04/16;0600 UTC;0;912,9;913,5;912,9;;20,6;18,6;20,8;20,3;19,2;18,6;91;88;88;64;4,2;2,5;
2019/04/16;0700 UTC;0;912,7;913;912,7;;20,4;18,2;20,6;20,3;18,6;18,2;89;87;87;67;4,2;1,6;
2019/04/16;0800 UTC;0;912,9;913;912,6;;19,7;17,9;20,4;19,7;18,2;17,9;89;87;89;66;3,8;,5;
2019/04/16;0900 UTC;0;913,6;913,6;912,9;;20,3;18,3;20,3;19,7;18,3;17,8;89;88;88;43;4,2;1,2;
2019/04/16;1000 UTC;0;914,4;914,4;913,6;39,1;21;18,9;21;20,3;18,9;18,3;88;87;88;46;5,3;1,3;
2019/04/16;1100 UTC;0;914,8;914,8;914,4;335,8;22;19,1;22;21;19,3;18,9;88;83;83;36;5,6;2;
2019/04/16;1200 UTC;0;914,9;915;914,8;659,4;23;19,6;23;22;19,7;19,1;84;81;81;32;5,9;2,9;
2019/04/16;1300 UTC;0;914,9;915,1;914,9;1229,8;24,2;20,3;24,5;22,9;20,4;19,4;82;77;79;14;6,8;2,8;
2019/04/16;1400 UTC;0;914,3;914,9;914,3;2070,9;25,9;20,1;25,9;24,3;20,6;19,7;79;70;70;2;8,1;3,9;
2019/04/16;1500 UTC;0;913,4;914,3;913,4;2109,3;27,5;20,1;27,7;25,6;20,7;19,6;72;63;64;1;7,9;3,5;
2019/04/16;1600 UTC;0;912,1;913,4;912,1;2781;28,1;19;28,5;27;20,2;18,4;65;57;58;339;9;4,3;
2019/04/16;1700 UTC;0;911,5;912,1;911,4;978,9;26,8;18,7;28,4;26,8;19,6;18,4;62;56;61;332;8,4;2,3;
2019/04/16;1800 UTC;1;912;912;911,1;103,6;20;18,2;26,8;20;20,1;18,2;89;61;89;227;13,9;7,3;
2019/04/16;1900 UTC;3,8;912;912;911,3;17,1;20;19,1;20;19,4;19,1;18;95;90;95;207;14,3;,7;
2019/04/16;2000 UTC;2,4;912,8;912,8;911,7;6,1;19,9;18,5;20,2;19,9;19,3;18,5;95;92;92;334;5,2;2,4;
2019/04/16;2100 UTC;1,6;912;912,8;912;,9;19,2;17,9;19,9;19,1;18,5;17,8;92;91;92;33;5,2;1,2;
2019/04/16;2200 UTC;,6;912,1;912,2;911,9;;19,5;17,8;19,5;19,1;18;17,8;93;90;90;41;4,4;2,8;
2019/04/16;2300 UTC;0;912,2;912,3;911,9;,1;19,4;17,7;20;19,4;18;17,6;90;88;90;29;4,4;1,2;
2019/04/17;0000 UTC;0;913;913,1;912,2;;19,7;17,7;19,7;19,3;18;17,7;91;88;88;42;5,8;2,1;
2019/04/17;0100 UTC;0;913;913;912,9;;19,5;17,7;19,8;19,4;17,7;17,5;90;88;90;56;3,9;1,6;
2019/04/17;0200 UTC;0;913;913,2;912,9;;20;18,2;20;19,5;18,2;17,6;90;89;89;37;3,9;,7;
2019/04/17;0300 UTC;0;912,4;913;912,4;;19,5;17,7;20,6;19,5;18,3;17,6;90;86;90;317;2,7;,1;
2019/04/17;0400 UTC;0;911,8;912,4;911,8;;18,8;17,6;19,5;18,8;17,7;17,4;93;90;93;132;2,6;,1;
2019/04/17;0500 UTC;0;911,4;911,8;911,4;;18,7;17,6;19;18,6;17,8;17,4;94;93;94;140;1,6;0;
2019/04/17;0600 UTC;0;910,9;911,4;910,9;;18,5;17,4;19,1;18,5;17,9;17,3;94;93;93;38;3,6;1,8;
2019/04/17;0700 UTC;0;910,8;910,9;910,8;;19,1;18;19,2;18,5;18;17,3;94;92;93;55;3,8;1,3;
2019/04/17;0800 UTC;0;911;911;910,8;;18,7;17,6;19,1;18,2;18;17;94;92;94;47;2,7;1,3;
2019/04/17;0900 UTC;0;911,5;911,5;911;;18,8;17,5;18,8;18,6;17,6;17,4;94;92;92;41;3,2;1,6;
2019/04/17;1000 UTC;0;912,1;912,1;911,5;32,4;19,5;18,1;19,5;18,8;18,1;17,5;92;92;92;44;3,1;,7;
2019/04/17;1100 UTC;0;912,7;912,7;912,1;170,4;20,4;18,7;20,4;19,5;18,7;18,1;92;89;90;34;1,7;,1;
2019/04/17;1200 UTC;0;913,1;913,1;912,7;631,2;21,9;19;21,9;20,5;19;18,5;90;84;84;305;1,7;0;
2019/04/17;1300 UTC;0;913,6;913,6;913,1;1205,9;22,5;19,4;22,9;21,9;19,6;18,7;84;80;82;274;2,8;,7;
2019/04/17;1400 UTC;0;913,3;913,6;913,3;1898,2;23,8;19,5;24,9;22,6;20,5;18,8;83;74;77;242;2,8;1;
2019/04/17;1500 UTC;0;912,6;913,3;912,6;2986,2;26,3;19,6;26,4;23,4;20,2;18,5;78;63;67;294;3,5;1,5;
2019/04/17;1600 UTC;0;911,8;912,6;911,8;2811,1;27,4;19,9;27,4;25,5;20,3;18,1;68;59;64;245;5;1,5;
2019/04/17;1700 UTC;0;911;911,8;911;2894,4;27,8;18,6;28,6;26,3;20,3;17,8;64;54;57;241;5,1;2,2;
2019/04/17;1800 UTC;0;910,4;911;910,4;2409,4;28,4;18,9;28,5;26,7;19,1;17,3;60;53;56;251;5,6;2,2;
2019/04/17;1900 UTC;0;910,3;910,5;910,2;1324,8;26,7;18,5;28,4;26,2;19,6;17,5;65;54;61;201;7;3,7;
2019/04/17;2000 UTC;0;910,4;910,5;910,3;835,1;25,9;18,4;26,7;25,9;18,9;18,2;64;61;63;199;7;3,1;
2019/04/17;2100 UTC;0;911;911;910,4;174,5;24,2;18,3;25,9;24,2;18,6;18,3;70;63;70;194;5,5;1,6;
2019/04/17;2200 UTC;0;911,2;911,2;910,9;;22,1;18;24,2;22,1;18,3;17,8;78;70;78;129;2,8;,1;
2019/04/17;2300 UTC;0;911,7;911,7;911,2;;20,8;17,8;22,1;20,7;18,2;17,8;84;78;83;95;,9;0;
2019/04/18;0000 UTC;0;912,5;912,5;911,7;;20,3;18;20,9;19,7;18,1;17,5;88;83;87;27;1,4;,2;
2019/04/18;0100 UTC;0;912,6;912,6;912,4;;19;17,2;20,3;19;18;17,2;89;86;89;302;1,4;,1;
2019/04/18;0200 UTC;0;912,3;912,6;912,3;;18,5;17;19;18,3;17,4;16,8;92;89;91;274;,8;0;
2019/04/18;0300 UTC;0;912,1;912,3;912,1;;17,8;16,5;18,5;17,8;16,9;16,4;92;91;92;145;,7;0;
2019/04/18;0400 UTC;0;911,6;912,1;911,6;;17,8;16,5;18,1;17,5;16,8;16,2;93;91;93;42;,8;0;
2019/04/18;0500 UTC;0;911;911,6;911;;17,4;16,1;17,9;17,2;16,6;15,9;93;92;92;53;1;,1;
2019/04/18;0600 UTC;0;910,9;911,1;910,9;;16,8;15,5;17,5;16,8;16,2;15,4;92;91;92;163;1,1;0;
2019/04/18;0700 UTC;0;910,7;910,9;910,7;;17,2;15,7;17,6;16,7;16,4;15,4;93;91;91;287;2,8;,2;
2019/04/18;0800 UTC;0;911;911;910,7;;16,9;15,7;17,2;16,7;15,7;15,4;93;91;93;241;1,7;0;
2019/04/18;0900 UTC;0;911,4;911,4;911;;16,6;15,4;17;16,6;15,8;15,4;93;92;93;54;3;0;
2019/04/18;1000 UTC;0;912,1;912,1;911,4;45,3;17;15,9;17;16,4;15,9;15,3;94;93;93;238;,9;0;
2019/04/18;1100 UTC;0;912,6;912,7;912,1;565,2;20,3;17,5;20,4;17;17,9;16;94;84;84;337;1,6;,3;
2019/04/18;1200 UTC;0;913,4;913,4;912,6;1685,8;23,8;16,8;23,8;20,2;18,8;16,8;84;65;65;186;3,4;1,7;
2019/04/18;1300 UTC;0;913,7;913,7;913,4;2418,5;24,9;14,8;25,4;23,7;17,4;14,6;66;52;54;187;4,4;2,1;
2019/04/18;1400 UTC;0;913,5;913,7;913,5;2943,7;25,6;15,6;26,2;24,8;16;14,9;57;51;54;213;5,9;3,1;
2019/04/18;1500 UTC;0;912,8;913,5;912,8;3276,6;26,2;16,3;26,9;25,3;16,9;15,4;56;51;55;239;6,6;2,9;
2019/04/18;1600 UTC;0;912,1;912,8;912,1;3309,1;27,2;15;27,6;26,2;16,4;14,5;55;46;48;211;6,2;2,9;
2019/04/18;1700 UTC;0;911,5;912,1;911,5;3119,3;27,8;11,9;28,5;26,7;16;11,9;51;37;37;223;8,4;4,2;
2019/04/18;1800 UTC;0;911;911,5;911;2587,4;28;8,7;28,6;27,5;12,2;7,9;38;29;30;239;8,8;4,5;
2019/04/18;1900 UTC;0;910,9;911;910,9;1836,3;27,2;13,9;28,2;27;14,1;9;44;30;44;241;8,8;3,3;
2019/04/18;2000 UTC;0;911,1;911,1;910,9;1072,7;26;14,9;27,6;25,9;15;13,8;51;44;51;219;7,3;3,4;
2019/04/18;2100 UTC;0;911;911,1;911;175;23,9;14,7;26;23,8;14,8;14,1;57;49;57;194;5,3;1;
2019/04/18;2200 UTC;0;911,5;911,5;911;;21,1;15,3;23,9;21,1;15,3;14,5;69;57;69;21;1,8;,1;
2019/04/18;2300 UTC;0;912,1;912,1;911,5;;19,4;15,7;21,1;19,4;15,9;14,8;79;69;79;81;,9;,1;
2019/04/19;0000 UTC;0;912,7;912,7;912,1;;18,2;15,1;19,4;18,2;15,8;15,1;83;79;82;327;1,2;,1;
2019/04/19;0100 UTC;0;913;913,1;912,7;;17,2;14,5;18,7;17,2;15,3;14,5;84;78;84;172;2,5;0;
2019/04/19;0200 UTC;0;913;913;912,8;;16,3;14;17,4;16,2;14,7;13,9;87;84;86;321;1,2;,1;
2019/04/19;0300 UTC;0;912,7;913;912,7;;17;13,4;17,9;16,2;14,4;13,4;87;78;79;323;3,2;0;
2019/04/19;0400 UTC;0;912,2;912,7;912,2;;15,9;13,1;17;15,8;13,6;13,1;86;79;84;245;2,2;,1;
2019/04/19;0500 UTC;0;911,6;912,2;911,6;;15,2;12,4;16;15,2;13,2;12,4;86;82;84;294;2,5;0;
2019/04/19;0600 UTC;0;911,4;911,6;911,4;;14,6;12,4;15,5;14,5;12,9;12,2;88;84;87;304;1,9;,2;
2019/04/19;0700 UTC;0;911,4;911,5;911,3;;14,8;11,8;15,1;14,3;12,6;11,8;87;82;82;28;3,4;,7;
2019/04/19;0800 UTC;0;911,6;911,6;911,4;;13,7;11,3;14,8;13,7;11,8;11,3;86;81;86;172;3,2;0;
2019/04/19;0900 UTC;0;912,3;912,3;911,6;;14,3;11,1;14,7;13,4;11,8;10,8;86;81;82;59;3,4;1,7;
2019/04/19;1000 UTC;0;913;913,1;912,3;39,3;14,4;11,3;14,6;13,3;11,5;10,8;86;80;82;253;3,4;,1;
2019/04/19;1100 UTC;0;913,6;913,6;913;542,9;17,7;12,4;18,1;14,4;13,1;11,3;83;71;71;16;2,9;,7;
2019/04/19;1200 UTC;0;914,4;914,4;913,6;1746,2;22,7;13,4;22,7;17,7;13,5;12;72;55;56;344;2,5;,2;
2019/04/19;1300 UTC;0;914,9;914,9;914,4;2441,1;24,4;9,7;24,4;22,7;13,1;8,2;56;37;39;236;3,2;1,1;
2019/04/19;1400 UTC;0;914,3;914,9;914,3;3027;25,2;9;25,3;24;10,2;7,6;41;34;36;322;3,5;1,6;
2019/04/19;1500 UTC;0;913,6;914,3;913,6;3307,4;25,5;9,8;26,5;24,9;11,6;7,8;41;33;37;261;5,3;2,1;
2019/04/19;1600 UTC;0;912,8;913,6;912,8;3337,6;26,7;10,5;27;25,2;11,8;9,3;41;36;36;250;5,7;1,5;
2019/04/19;1700 UTC;0;912,2;912,8;912,2;3093,7;27;11,4;27;25,7;12,2;9,1;41;34;38;249;6,6;2,7;
2019/04/19;1800 UTC;0;911,9;912,2;911,8;2586,4;27;10,4;27,2;25,7;12,1;9,7;41;35;35;223;8,8;3;
2019/04/19;1900 UTC;0;911,6;911,9;911,6;1852,1;26,2;11,2;27,2;26;11,7;9,9;40;34;39;213;8,8;3,1;
2019/04/19;2000 UTC;0;912;912;911,6;999,8;24,9;10,5;26,2;24,9;11,4;10,1;41;38;40;209;6,2;3;
2019/04/19;2100 UTC;0;911,9;912,1;911,9;184,4;22,4;10,4;24,9;22,4;10,9;10,1;47;40;47;194;5,2;1,7;
2019/04/19;2200 UTC;0;912,2;912,2;911,9;;18,8;10,9;22,4;18,8;11,2;10,1;60;47;60;62;2,8;,9;
2019/04/19;2300 UTC;0;912,9;912,9;912,2;;16,8;12,1;18,8;16,8;12,8;10,8;74;59;74;322;2,1;0;
2019/04/20;0000 UTC;0;913,5;913,5;912,8;;14,9;11,6;17;14,8;12,2;11,3;81;73;81;194;,8;,1;
2019/04/20;0100 UTC;0;913,6;913,6;913,4;;14,3;11,3;15,3;14,3;11,8;11,1;82;77;82;275;1,2;0;
2019/04/20;0200 UTC;0;913,6;913,7;913,4;;13,5;10,8;14,3;13,3;11,4;10,6;85;82;84;271;,8;0;
2019/04/20;0300 UTC;0;913,4;913,6;913,4;;13,5;10,5;13,6;12,9;10,9;10,4;86;82;82;258;1,6;0;
2019/04/20;0400 UTC;0;913,1;913,4;913,1;;14,2;10,1;14,3;13,2;10,6;10;83;76;76;59;2,9;,3;
2019/04/20;0500 UTC;0;912,4;913,2;912,4;;13,6;10;14,2;13;10,3;9,7;81;76;79;72;3,7;,6;
2019/04/20;0600 UTC;0;912,3;912,4;912,3;;13,1;10;13,7;13,1;10,5;9,9;82;79;81;144;3,5;,2;
2019/04/20;0700 UTC;0;912,2;912,3;912,2;;14,4;10;14,7;12,5;11;9,7;85;75;75;71;4,5;2,9;
2019/04/20;0800 UTC;0;912,6;912,6;912,1;;12,4;9,8;14,4;12,3;10,3;9,4;85;75;84;69;4,6;,5;
2019/04/20;0900 UTC;0;913,3;913,3;912,6;;13,2;10,1;13,8;12,3;10,7;9,4;85;79;81;50;3,8;2,4;
2019/04/20;1000 UTC;0;914,1;914,1;913,3;39,3;12,7;10,5;13,2;12,3;10,5;9,8;86;81;86;282;3,8;0;
2019/04/20;1100 UTC;0;914,4;914,5;914,1;545,8;17,4;12,1;17,8;12,7;13,1;10,5;86;71;71;95;2,4;1;
2019/04/20;1200 UTC;0;914,4;914,4;914,3;1705,9;22,1;12,1;22,1;17,2;13,8;12;73;53;53;21;2,4;1,1;
2019/04/20;1300 UTC;0;914,6;914,7;914,4;2420,7;25,5;15,4;25,5;22;15,9;11,4;58;51;54;42;3,6;1,3;
2019/04/20;1400 UTC;0;914,2;914,6;914,2;2928;24,7;14,4;26,4;24,6;15,7;14,2;54;49;53;213;5,4;3;
2019/04/20;1500 UTC;0;913,2;914,2;913,2;3243;27,2;15;27,2;24,7;15,7;13,2;53;43;47;264;5,4;1,4;
2019/04/20;1600 UTC;0;912,3;913,2;912,3;3263,3;27,6;14,8;28,3;26,5;16,2;13,8;50;43;46;269;4,6;1,4;
2019/04/20;1700 UTC;0;911,7;912,3;911,7;3019,1;28,2;14,5;29;27,2;16,6;14;51;42;43;217;4,8;1,5;
2019/04/20;1800 UTC;0;911,4;911,8;911,4;2536,6;28,2;13,2;28,6;27,6;15,2;12,6;46;39;40;216;6,1;3,4;
2019/04/20;1900 UTC;0;911,2;911,4;911,1;1766,5;27;9,7;28,2;27;13,5;9,7;42;34;34;189;6,5;3,2;
2019/04/20;2000 UTC;0;911,4;911,4;911,2;978,2;26,6;9,3;27,5;26,6;10;8,2;35;30;34;195;5,7;2,1;
2019/04/20;2100 UTC;0;911,8;911,8;911,4;175,3;23,9;10;26,6;23,9;11,1;9,2;41;34;41;198;3,4;1,8;
2019/04/20;2200 UTC;0;912;912,1;911,7;;21,5;12,1;23,9;21,4;12,1;9,9;55;41;55;62;3,4;,1;
2019/04/20;2300 UTC;0;912,5;912,5;912;;18,5;14,1;21,5;18,5;14,1;11,9;76;55;76;122;,9;0;
2019/04/21;0000 UTC;0;912,9;913;912,6;;17,7;13,9;18,7;17,5;14,2;13,7;79;75;79;252;,7;0;
2019/04/21;0100 UTC;0;913,1;913,2;912,9;;17,2;13,8;17,6;17,1;14;13,7;81;79;80;223;,5;0;
2019/04/21;0200 UTC;0;913,2;913,3;913,1;;16,9;13,6;17,3;16,5;13,9;13,3;83;80;81;250;2,4;0;
2019/04/21;0300 UTC;0;912,9;913,3;912,9;;18,5;13,5;18,5;15,9;13,9;12,9;84;73;73;74;3,5;1,5;
2019/04/21;0400 UTC;0;912,7;913;912,7;;17,6;12,5;18,6;16,7;13,3;12,5;78;70;72;46;3,6;1,3;
2019/04/21;0500 UTC;0;912,3;912,7;912,3;;16,9;12,8;17,6;16,6;13;12,4;78;72;77;1;2,4;,6;
2019/04/21;0600 UTC;0;912,2;912,3;912,1;;15,9;13,3;16,9;15,3;13,7;12,2;85;77;85;55;3,2;1,4;
2019/04/21;0700 UTC;0;911,8;912,2;911,8;;15,6;12,9;16,8;15,5;13,5;12,7;85;79;84;291;4,1;0;
2019/04/21;0800 UTC;0;911,6;911,8;911,5;;16,2;12,7;16,6;15,3;13,5;12,6;85;79;80;68;2,9;1,6;
2019/04/21;0900 UTC;0;911,7;911,7;911,5;;16,5;12,3;16,9;15,7;13;12,3;82;75;76;55;3,2;2;
2019/04/21;1000 UTC;0;912,2;912,2;911,7;48,1;16,8;12,7;16,8;15,9;12,7;12,2;79;75;77;56;3;2;
2019/04/21;1100 UTC;0;912,3;912,3;912,1;559,5;19,3;13,7;19,9;16,8;14,4;12,7;77;67;70;167;3;,7;
2019/04/21;1200 UTC;0;913;913,1;912,2;1644,5;23,2;14,8;23,3;19,3;15;13,7;71;57;59;155;3,9;1,4;
2019/04/21;1300 UTC;0;913,2;913,2;913;2353,9;26,5;15,8;26,6;23,1;15,8;14;60;49;52;24;3,9;,9;
2019/04/21;1400 UTC;0;913;913,5;913;2860,5;28;15,6;28,1;26,6;16,4;15;52;46;47;355;5,5;1,9;
2019/04/21;1500 UTC;0;912,3;913;912,2;3055,2;28,5;16,8;28,7;27,3;16,8;14,1;49;42;49;338;5,5;2;
2019/04/21;1600 UTC;0;911,6;912,3;911,6;3143,3;29,7;15,1;29,7;27,1;17,3;13,3;51;38;41;15;8;1,8;
2019/04/21;1700 UTC;0;911;911,7;910,9;2608,6;29,2;13,8;30,7;28,8;15,3;11,8;42;34;39;36;5,8;1,4;
2019/04/21;1800 UTC;0;910,4;911;910,3;2527,2;30,2;11,4;30,8;29;15,5;10,9;42;30;31;337;6,4;1,7;
2019/04/21;1900 UTC;0;909,9;910,4;909,9;1792,1;29,9;14,4;31;29,5;14,8;11;40;30;39;281;5,5;1,8;
2019/04/21;2000 UTC;0;910,4;910,4;909,9;781,5;27,4;16,6;30;27,4;16,6;13,3;52;37;52;204;4,5;2,4;
2019/04/21;2100 UTC;0;910,4;910,4;910,3;142,6;24,7;16,9;27,5;24,7;17,2;16,5;62;52;62;168;3,7;1,3;
2019/04/21;2200 UTC;0;910,9;910,9;910,4;;22,9;16,4;24,7;22,9;16,9;15,9;67;60;67;190;2,2;0;
2019/04/21;2300 UTC;0;911,9;911,9;910,9;;20,8;16,3;22,9;20,7;16,8;15,7;76;66;76;23;1,6;,4;
2019/04/22;0000 UTC;0;912,5;912,5;911,9;;19,8;16,5;20,9;19,8;16,6;16,2;81;75;81;279;1,6;0;
2019/04/22;0100 UTC;0;912,5;912,7;912,5;;19,2;16,2;19,8;18,7;16,5;16;85;81;83;307;,7;,1;
2019/04/22;0200 UTC;0;912,3;912,5;912,3;;18,8;15,8;19,3;18,7;16,3;15,7;84;82;82;295;,8;0;
2019/04/22;0300 UTC;0;912,1;912,3;912,1;;19,8;16,2;19,9;18,1;16,7;15,3;85;80;80;67;3,9;2,4;
2019/04/22;0400 UTC;0;911,7;912,1;911,7;;19,3;16,2;20;19,3;16,4;16,2;82;79;82;59;5;2,2;
2019/04/22;0500 UTC;0;911,1;911,7;911,1;;19,3;16,1;19,5;19,1;16,3;16;83;81;82;52;4;1,5;
2019/04/22;0600 UTC;0;910,7;911,1;910,7;;19,3;16,2;19,4;18,9;16,2;15,8;83;82;82;47;3,3;1,4;
2019/04/22;0700 UTC;0;910,5;910,7;910,4;;19,9;16,3;19,9;19,2;16,3;16;82;80;80;68;4,6;1,7;
2019/04/22;0800 UTC;0;910,8;910,8;910,4;;19,4;16,2;20;19,1;16,3;15,8;82;79;81;57;4,9;1,9;
2019/04/22;0900 UTC;0;911,3;911,3;910,8;;19,5;16,1;19,5;19,2;16,2;15,9;82;81;81;70;4,5;2,4;
2019/04/22;1000 UTC;0;911,8;911,8;911,3;40,7;19,8;16,3;19,9;19,1;16,5;15,9;83;80;80;53;4,6;2,3;
2019/04/22;1100 UTC;0;912,3;912,3;911,8;531,5;23,2;17,4;23,3;19,8;17,8;16,4;80;69;70;40;4,3;1,3;
2019/04/22;1200 UTC;0;913;913;912,3;1642,8;24,6;17,9;24,7;23,1;18,2;17,1;70;66;66;19;8,5;4,2;
2019/04/22;1300 UTC;0;913,1;913,2;913;2352,7;26,8;17,3;26,9;24,5;18,2;17,1;67;56;56;8;8,8;4,3;
2019/04/22;1400 UTC;0;912,7;913,1;912,7;2849,4;28,4;17,2;28,4;26,6;18,1;16,7;56;51;51;3;9,2;3,5;
2019/04/22;1500 UTC;0;912,4;912,7;912,3;3160,9;29,8;16,1;30,1;28,4;17,5;15,9;51;43;44;329;7,9;3,5;
2019/04/22;1600 UTC;0;911,6;912,4;911,6;2109,3;29,8;14,7;31;29,1;16,2;13,5;44;36;40;319;7,1;3,5;
2019/04/22;1700 UTC;0;910,6;911,6;910,6;1524,5;29,4;14,3;30,8;29,3;15,5;13,7;42;38;40;279;7,6;2,5;
2019/04/22;1800 UTC;0;910,4;910,7;910,4;865,2;29,8;15,7;29,8;26,6;16,3;14;51;40;42;246;7,7;1,4;
2019/04/22;1900 UTC;0;910,3;910,4;910,3;2073,7;28,9;15,6;30,2;28,9;15,9;12,5;44;34;44;201;5,7;3,1;
2019/04/22;2000 UTC;0;910,6;910,7;910,3;637,5;26,8;17,2;29,1;26,8;17,4;15,5;56;44;56;163;5,1;2;
2019/04/22;2100 UTC;0;911,2;911,2;910,6;76,9;24,2;17;26,8;24,2;17,5;16,5;64;55;64;161;3,2;1,2;
2019/04/22;2200 UTC;0;911,5;911,5;911,1;;22,7;17;24,4;22,7;17,5;17;70;64;70;37;2,3;,2;
2019/04/22;2300 UTC;0;912,5;912,5;911,5;;22,3;17;22,9;22,2;17,2;16,8;73;69;72;79;3,7;,3;
2019/04/23;0000 UTC;0;913,4;913,4;912,5;;22,3;17,5;22,7;21,4;17,7;16,8;77;72;75;19;5,1;1,4;
2019/04/23;0100 UTC;0;913,8;913,9;913,4;;21,5;18,3;22,5;21,5;18,4;17,7;82;75;82;334;4;1,1;
2019/04/23;0200 UTC;2;913,8;913,8;913,7;;20;18,3;21,6;19,9;18,4;18;90;81;90;53;3,6;2,2;
2019/04/23;0300 UTC;,4;913,5;913,8;913,4;;20,4;18,5;20,5;19,9;18,6;18,3;91;89;89;82;5,1;2,9;
2019/04/23;0400 UTC;0;913,2;913,6;913,2;;20,2;18,1;20,6;20,2;18,5;18,1;89;87;88;66;5;1,7;
2019/04/23;0500 UTC;0;912,9;913,2;912,9;;19,9;17,8;20,2;19,9;18,2;17,7;88;87;87;74;5,4;1,8;
2019/04/23;0600 UTC;0;912,8;913;912,8;;19,8;17,1;20,1;19,6;17,8;17,1;87;84;85;64;4,2;2,2;
2019/04/23;0700 UTC;0;912,5;912,8;912,5;;19,3;16,9;20;19,3;17,2;16,9;86;83;86;51;3,7;1,2;
2019/04/23;0800 UTC;0;913;913;912,4;;20,4;16,9;20,5;19,3;17,1;16,8;86;80;80;80;5,3;1,5;
2019/04/23;0900 UTC;0;913,4;913,4;912,9;;20,3;17;20,5;19,8;17,2;16,7;84;80;81;63;3,8;2,1;
2019/04/23;1000 UTC;0;914,4;914,4;913,4;57,8;20,9;17,2;20,9;20,1;17,4;17;83;80;80;63;4,9;2,8;
2019/04/23;1100 UTC;0;915,3;915,3;914,4;354,2;21,9;18,1;21,9;20,8;18,1;17,2;82;79;79;29;4,9;1;
2019/04/23;1200 UTC;0;915,8;915,8;915,3;1537,7;25,7;19,1;25,7;21,9;19,1;17,9;79;67;67;12;4,1;1,1;
2019/04/23;1300 UTC;0;915,9;916,1;915,8;1920,7;26;18,7;26,2;25;19,1;18,1;68;63;64;29;5,9;2,8;
2019/04/23;1400 UTC;0;915,6;915,9;915,6;2793,4;27,9;19,4;28,1;25,8;19,7;18,3;66;57;60;20;5,9;2;
2019/04/23;1500 UTC;0;914,8;915,6;914,8;2584,2;28,6;18,3;29;27,7;19,2;17,6;60;52;54;22;6,2;2,5;
2019/04/23;1600 UTC;0;913,7;914,8;913,7;2544,3;29,7;17,5;30;28,4;18,5;16,1;54;47;48;318;6;1,8;
2019/04/23;1700 UTC;0;912,8;913,7;912,8;2071,7;28,8;17,7;30,6;28,6;17,9;16,1;51;44;51;291;5,8;2,2;
2019/04/23;1800 UTC;0;912,5;912,8;912,3;879,9;27,8;19,9;28,8;27,2;21,1;17,3;68;50;62;200;5,9;2,5;
2019/04/23;1900 UTC;0;913,3;913,3;912,5;1554,5;24,1;16,9;29,4;24,1;20,3;15,5;64;47;64;95;8,5;4,4;
2019/04/23;2000 UTC;0;913,9;914,1;913,2;396,8;20,9;18;24,1;20,9;18;16,7;83;64;83;118;8,5;4,7;
2019/04/23;2100 UTC;,4;914,4;914,4;913,8;17,3;20,5;18,3;21,6;20,5;18,6;17,7;87;79;87;68;8,4;2,5;
2019/04/23;2200 UTC;0;914,4;914,5;914,3;;20,5;18,4;20,7;20,4;18,7;18,1;88;86;88;47;5,1;1,4;
2019/04/23;2300 UTC;0;914,9;914,9;914,4;;20,6;18,1;20,6;20,3;18,5;18,1;89;86;86;46;4,3;1,8;
2019/04/24;0000 UTC;0;915;915,1;914,9;;20,4;17,2;20,6;20,3;18,4;17,2;88;82;82;76;4,4;1,7;
2019/04/24;0100 UTC;0;915,4;915,5;915;;20,3;17,2;20,4;20,1;17,4;17,1;84;82;82;75;4,3;1,9;
2019/04/24;0200 UTC;0;915,5;915,6;915,4;;20;17;20,3;19,9;17,4;17;84;82;83;153;4;,9;
2019/04/24;0300 UTC;0;915,2;915,6;915,2;;19,8;17,3;20;19,5;17,3;16,8;86;83;86;346;2,5;,1;
2019/04/24;0400 UTC;0;915,1;915,3;915,1;;19,7;17,3;19,8;19,5;17,4;17,1;87;85;86;67;1,8;,7;
2019/04/24;0500 UTC;0;914,8;915,1;914,8;;19,5;17,3;19,7;19,3;17,3;17,1;88;86;87;98;1,4;,2;
2019/04/24;0600 UTC;0;914,4;914,8;914,4;;19,1;16,6;19,5;18,8;17,3;16,5;87;85;86;74;2,6;1,4;
2019/04/24;0700 UTC;0;914,8;914,8;914,4;;18,3;16,1;19,4;18,2;16,7;16;87;84;87;129;2,1;,2;
2019/04/24;0800 UTC;0;915,1;915,1;914,7;;17,9;16;18,4;17,9;16,5;16;89;87;88;5;1,2;,4;
2019/04/24;0900 UTC;0;915,7;915,7;915,1;;18,4;16,4;18,4;17,6;16,4;15,8;90;88;88;80;2,8;2,1;
2019/04/24;1000 UTC;0;916,2;916,2;915,7;44,4;18,4;16,3;18,7;17,8;16,4;15,6;88;85;88;11;3;,6;
2019/04/24;1100 UTC;0;916,7;916,7;916,2;512,3;22,4;17,8;22,4;18,5;17,8;16,4;88;75;75;36;3,4;1,3;
2019/04/24;1200 UTC;0;917;917;916,7;1583,7;24,6;18,5;24,6;22,4;18,6;17,7;76;68;69;50;6,3;2,7;
2019/04/24;1300 UTC;0;917,1;917,1;917;2291,5;26,2;19,2;26,3;24,6;19,6;18,3;69;65;65;33;7,9;3;
2019/04/24;1400 UTC;0;916,8;917,1;916,8;2817,2;27,3;18,7;27,3;26;19,8;18,1;66;59;60;23;9,9;4,5;
2019/04/24;1500 UTC;0;916;916,8;916;3079,2;28,3;18,3;28,5;27,1;18,9;17,6;60;54;55;25;8,6;3,4;
2019/04/24;1600 UTC;0;915,3;916;915,3;2891,5;28,2;17;29,6;28;18,9;17;56;50;51;14;7,1;2,9;
2019/04/24;1700 UTC;0;914,8;915,3;914,8;1690,8;28,7;17,5;29;28;17,9;16,8;53;48;51;5;6,5;2;
2019/04/24;1800 UTC;0;914,3;914,8;914,3;1556,3;29;17,2;29,4;28,6;18;16,6;52;48;49;7;5;1,8;
2019/04/24;1900 UTC;0;914,3;914,3;914,2;1139,4;27,1;18,9;29,3;27,1;19,3;15,9;62;45;61;100;4,8;1,9;
2019/04/24;2000 UTC;0;914,5;914,5;914,2;368,1;26,1;19,3;27,1;26,1;19,3;18,4;66;60;66;113;3,6;1,8;
2019/04/24;2100 UTC;0;914,8;914,8;914,5;59,8;23,4;18,4;26,1;23,4;20;17,9;74;66;74;56;4,1;1,4;
2019/04/24;2200 UTC;12;915,3;915,5;914,8;;22,3;18,7;23,4;20,9;19,1;17,9;85;73;80;3;5,2;1,6;
2019/04/24;2300 UTC;0;915,6;915,6;915,2;3,3;21,4;19,1;23,3;21,4;19,1;18,4;87;74;87;48;5,5;0;
2019/04/25;0000 UTC;0;915,9;915,9;915,6;,6;21,4;18,7;21,5;21,1;19,1;18,7;87;84;85;62;2,3;1,3;
2019/04/25;0100 UTC;0;916;916,1;915,9;;20,9;18,7;21,5;20,9;18,9;18,7;87;85;87;70;2,5;1,4;
2019/04/25;0200 UTC;0;915,9;916;915,9;;21,1;18,1;21,5;20,8;18,9;18,1;88;83;83;74;2,6;,5;
2019/04/25;0300 UTC;0;915,8;916;915,8;;21,2;17,8;21,2;20;18,2;17,7;87;81;81;75;3;,7;
2019/04/25;0400 UTC;0;915,5;915,9;915,5;;20;17,5;21,2;19,8;17,8;17,4;86;81;85;6;3,1;,4;
2019/04/25;0500 UTC;0;915,1;915,5;915,1;;19,4;17,1;20;19,4;17,4;17,1;88;85;87;358;1,9;,3;
2019/04/25;0600 UTC;0;914,8;915,1;914,8;;19,3;16,9;19,8;19,3;17,3;16,9;87;85;86;28;2,3;,9;
2019/04/25;0700 UTC;0;914,9;914,9;914,7;;20,1;16,7;20,3;19,3;17,3;16,7;86;81;81;40;3;,8;
2019/04/25;0800 UTC;0;914,9;914,9;914,8;;19,7;16,5;20,4;19,2;16,9;16,5;84;79;82;58;3;1,3;
2019/04/25;0900 UTC;0;915,3;915,3;914,9;;19,1;16,5;19,8;19;16,5;16,4;85;82;85;358;2,7;,7;
2019/04/25;1000 UTC;0;915,8;915,8;915,3;47;20,1;16,5;20,1;19;16,8;16,4;85;80;80;28;3,9;1;
2019/04/25;1100 UTC;0;916,4;916,4;915,8;502,9;22,3;17;22,3;20,1;17,2;16,5;80;72;72;54;4,3;1,3;
2019/04/25;1200 UTC;0;917,2;917,2;916,4;1422,3;23,9;17,5;23,9;22;17,9;16,7;73;67;67;60;6,2;2,1;
2019/04/25;1300 UTC;0;917;917,3;917;2286,8;25,4;17,3;25,8;23,7;18,3;16,9;68;59;61;33;8,2;3,2;
2019/04/25;1400 UTC;0;916,6;917;916,6;2802,2;26,7;16,9;27,1;25,5;17,7;16,5;61;54;55;16;8,3;3,9;
2019/04/25;1500 UTC;0;916,5;916,6;916,5;2607,8;27,4;16,3;27,7;26,5;17,8;16,1;57;50;51;53;7,7;2,4;
2019/04/25;1600 UTC;0;915,9;916,5;915,9;2476,9;28,4;16,5;28,5;26,7;17,1;15,3;53;46;48;27;5,6;2,6;
2019/04/25;1700 UTC;0;915,6;915,9;915,6;2426,2;28;16,4;29,3;27,3;16,9;14,7;51;42;49;54;5,1;2,1;
2019/04/25;1800 UTC;0;915,3;915,6;915,2;2122,1;29,1;15,2;29,6;27,8;16,9;14,1;50;40;43;83;4,9;1,7;
2019/04/25;1900 UTC;0;915,4;915,4;915,2;1265;26,7;16,8;29,6;26,7;17,1;14;56;39;55;153;4,1;1,3;
2019/04/25;2000 UTC;0;915,4;915,5;915,4;722,7;27,9;16,2;28,1;26,4;17,4;15,8;57;48;49;184;2,9;1,4;
2019/04/25;2100 UTC;0;915,3;915,4;915,3;204,3;25,3;17;27,9;25,3;17,2;15,8;60;49;60;115;3,2;2,2;
2019/04/25;2200 UTC;0;915,5;915,5;915,3;;23,7;17,2;25,4;23,7;17,2;16,7;67;59;67;121;3,3;1,5;
2019/04/25;2300 UTC;0;915,9;915,9;915,4;;22,6;16,7;23,7;22,6;17,3;16,7;70;67;70;159;3,8;,7;
2019/04/26;0000 UTC;0;916,1;916,1;915,8;;21,7;16,8;22,6;21,6;17;16,7;75;70;74;21;2,6;,7;
2019/04/26;0100 UTC;0;916,2;916,3;916,1;;21,2;16,7;21,7;20,9;16,8;16,6;77;74;76;67;4,3;2,2;
2019/04/26;0200 UTC;0;916,4;916,4;916,2;;20,8;16,4;21,6;20,4;16,8;16,4;78;74;76;61;5;2,1;
2019/04/26;0300 UTC;0;916,3;916,5;916,3;;20,4;16,2;20,8;20;16,3;16,1;78;76;77;81;4,2;2,2;
2019/04/26;0400 UTC;0;915,9;916,3;915,9;;19,3;16,1;20,4;19,3;16,2;16;82;77;82;73;3,6;1,6;
2019/04/26;0500 UTC;0;915,8;915,9;915,8;;19;16,1;19,4;19;16,2;16;83;81;83;69;2,9;1,6;
2019/04/26;0600 UTC;0;915,5;915,8;915,4;;18,9;16;19,6;18,9;16,3;16;84;81;83;28;3,8;1,1;
2019/04/26;0700 UTC;0;915,2;915,5;915,2;;18,8;16,1;19,5;18,7;16,5;15,9;85;82;84;41;5,7;,9;
2019/04/26;0800 UTC;0;915,3;915,3;915,1;;19;16;19,5;18,7;16,6;16;85;82;83;70;4,1;,8;
2019/04/26;0900 UTC;0;915,8;915,8;915,3;;18,5;16;19;18,3;16,1;15,9;86;83;85;75;4,3;1,6;
2019/04/26;1000 UTC;0;916,3;916,3;915,8;39,2;18,7;16,4;18,7;17,9;16,4;15,7;88;85;86;45;3,3;1,1;
2019/04/26;1100 UTC;0;916,8;916,8;916,3;509,3;21,2;17,3;21,2;18,8;17,4;16,5;86;79;79;5;3,8;1,7;
2019/04/26;1200 UTC;0;917,1;917,1;916,8;1615,2;24,6;16,9;24,6;21,2;17,9;16,8;79;62;62;45;7;2,5;
2019/04/26;1300 UTC;0;917,2;917,3;917;2328;25,5;18;25,6;24,4;18;16,7;64;61;63;17;6,7;3,1;
2019/04/26;1400 UTC;0;916,4;917,2;916,4;2833,7;27,6;17,3;27,6;25,6;18,4;16,9;63;53;53;4;5,7;3,1;
2019/04/26;1500 UTC;0;915,5;916,4;915,5;3075,2;28,7;16,4;29;27,3;17,3;15,9;54;46;47;349;7,1;2,5;
2019/04/26;1600 UTC;0;914,6;915,5;914,6;2464,5;28,3;16,1;29,2;27,4;16,9;14,9;52;43;47;21;7,1;1,2;
2019/04/26;1700 UTC;0;913,8;914,6;913,8;2252,9;29,4;15;29,9;28;16,5;14;48;40;41;345;4,5;1,6;
2019/04/26;1800 UTC;0;913,3;913,8;913,3;1501,8;28,1;16,7;29,4;27,6;17,8;14,2;54;41;50;230;4,4;1,9;
2019/04/26;1900 UTC;0;913;913,3;913;574,7;28,3;16,6;28,4;27,3;17,3;16,5;54;49;49;197;4,4;1,5;
2019/04/26;2000 UTC;0;913,4;913,4;913;746,3;27,3;17,4;28,4;27,3;17,6;16,4;55;48;55;184;4,2;2;
2019/04/26;2100 UTC;0;913,6;913,6;913,4;78,2;25,3;17,4;27,3;25,3;17,7;17,2;62;55;62;127;4,2;1,7;
2019/04/26;2200 UTC;0;914,1;914,1;913,6;;25,2;17;25,5;25,2;17,4;17;62;59;60;120;5,4;2,9;
2019/04/26;2300 UTC;0;914,4;914,4;914,1;;23,7;16,8;25,3;23,7;17,5;16,8;67;60;65;104;5,4;,7;
2019/04/27;0000 UTC;0;914,7;914,8;914,4;;22,2;16,7;23,7;22,2;17;16,7;71;65;71;130;4,5;1,2;
2019/04/27;0100 UTC;0;914,6;914,7;914,6;;21,4;16,4;22,2;21,3;16,8;16,4;75;71;73;118;4,5;,9;
2019/04/27;0200 UTC;0;914,4;914,6;914,3;;21,2;15,9;21,5;21,1;16,4;15,9;74;72;72;133;3,9;,9;
2019/04/27;0300 UTC;0;914,2;914,4;914,2;;20,6;15,7;21,2;20,6;15,9;15,7;74;72;73;29;4,2;1,2;
2019/04/27;0400 UTC;0;914;914,2;913,9;;20;15,6;20,6;20;15,8;15,6;76;73;76;46;4;1;
2019/04/27;0500 UTC;0;913,8;914;913,8;;19,3;15,5;20;19,3;15,7;15,5;79;76;79;74;3,7;1,6;
2019/04/27;0600 UTC;0;914;914;913,7;;18,8;15,5;19,3;18,4;15,7;15,3;83;79;81;36;3;,9;
2019/04/27;0700 UTC;0;914,3;914,3;914;;18,2;15,2;19,3;18,2;15,7;15,2;82;79;82;35;2,6;,5;
2019/04/27;0800 UTC;0;914,3;914,3;914,2;;18,8;15,3;19;18,1;15,6;15,1;84;80;80;68;3,8;1,3;
2019/04/27;0900 UTC;0;914,6;914,6;914,3;;18,7;15,5;18,8;18,4;15,6;15,2;83;80;82;61;3,9;2;
2019/04/27;1000 UTC;0;914,9;914,9;914,6;39,2;19,4;16;19,4;18,7;16;15,5;82;80;80;64;4,7;2;
2019/04/27;1100 UTC;0;915,1;915,1;914,9;527,1;22,4;16,7;22,4;19,4;16,8;16;80;70;70;26;5,9;2,2;
2019/04/27;1200 UTC;0;915,4;915,4;915,1;1617,1;24,7;17,5;24,7;22,4;17,7;16,5;70;64;64;15;7,3;3,8;
2019/04/27;1300 UTC;0;915,2;915,5;915,2;2324,4;26,3;16,8;26,5;24,7;17,8;16,8;64;56;56;22;9,3;5;
2019/04/27;1400 UTC;0;914,8;915,2;914,8;2833,3;27,8;16,7;28,2;26,3;17,6;16,2;56;51;51;360;9,3;3,6;
2019/04/27;1500 UTC;0;914,2;914,8;914,2;3093,7;28,4;16,2;28,6;27,1;17,4;15,9;55;47;48;12;8;3,7;
2019/04/27;1600 UTC;0;913,2;914,2;913,2;2777,9;29,5;16;29,6;28,2;17,5;15,3;50;43;44;15;7,2;2,2;
2019/04/27;1700 UTC;0;912,5;913,2;912,5;2762,5;29,9;14,1;30,6;29;16,1;13,5;44;36;38;331;5,7;2,8;
2019/04/27;1800 UTC;0;911,9;912,5;911,9;1767;28,9;14,2;30,8;28,7;15,7;13,5;42;36;41;336;6,5;2,1;
2019/04/27;1900 UTC;0;911,5;911,9;911,5;1628,8;30,6;14,6;30,6;28,3;16,1;14;47;38;38;297;6,5;2,2;
2019/04/27;2000 UTC;0;911,6;911,7;911,5;1036,7;29,2;14,6;30,6;29,2;15,1;13,8;41;37;41;304;5;1,6;
2019/04/27;2100 UTC;0;911,9;911,9;911,6;175,6;26,4;16,5;29,4;26,4;16,5;14,5;55;41;55;134;3,9;1,1;
2019/04/27;2200 UTC;0;912,3;912,3;911,9;;25;17,3;26,4;24,8;18,2;16,4;67;54;62;49;3,4;1,2;
2019/04/27;2300 UTC;0;913;913;912,3;;23,9;17,6;25,5;23,8;17,6;16,5;68;58;68;43;3,5;1,7;
2019/04/28;0000 UTC;0;913,2;913,2;912,9;;22,3;17,7;23,9;22,3;17,7;17,2;75;66;75;313;3;,4;
2019/04/28;0100 UTC;0;913,2;913,3;913,2;;21,4;17,4;22,3;21,2;18;17,2;79;75;78;70;4,1;2,1;
2019/04/28;0200 UTC;0;913,4;913,4;913,2;;22;17,2;22,4;20,9;17,4;16,9;79;72;74;80;4,4;2;
2019/04/28;0300 UTC;0;913;913,4;913;;22;17,2;22,1;21,6;17,3;17,1;76;74;74;51;3,9;1,8;
2019/04/28;0400 UTC;0;912,7;913;912,7;;21,6;16,9;22,3;21,3;17,2;16,8;77;72;74;75;4,6;1,6;
2019/04/28;0500 UTC;0;912,2;912,7;912,2;;20,8;16,8;21,8;20,8;17;16,6;78;74;78;67;3,4;,8;
2019/04/28;0600 UTC;0;912,1;912,2;912,1;;20,3;16,9;20,9;19,8;17,1;16,6;83;78;81;42;3,4;1,4;
2019/04/28;0700 UTC;0;912;912,1;912;;20,3;16,9;21,2;19,9;17,2;16,5;82;77;81;46;4,9;1,8;
2019/04/28;0800 UTC;0;912;912,1;911,9;;19,8;16,7;20,5;19,8;17;16,7;83;80;83;37;4,9;2,1;
2019/04/28;0900 UTC;0;912,5;912,5;912;;19,9;17;20;19,8;17;16,7;83;82;83;47;4,5;1,8;
2019/04/28;1000 UTC;0;913,3;913,3;912,5;75,8;20,8;17,2;20,8;19,9;17,2;17;83;80;80;41;4,8;1,4;
2019/04/28;1100 UTC;0;913,6;913,6;913,3;531,6;22,9;17,6;22,9;20,6;17,8;17,1;80;72;72;48;5;2,1;
2019/04/28;1200 UTC;0;913,7;913,8;913,5;1609,9;25;17,1;25;22,8;17,8;17,1;72;62;62;4;6,8;2,8;
2019/04/28;1300 UTC;0;913,7;913,8;913,6;2169,8;26,5;16,3;27,1;24,9;17,5;15,9;62;51;54;352;8;3,1;
2019/04/28;1400 UTC;0;912,9;913,7;912,9;1975,7;26,9;16,6;28,2;25,8;17,6;15,9;56;49;53;359;8,4;3,8;
2019/04/28;1500 UTC;0;912;912,9;912;1479;27,9;17,7;27,9;26,9;17,7;16,6;55;52;54;340;8,1;3;
2019/04/28;1600 UTC;0;911,1;912;911,1;2727;28,9;17;29,8;27,6;17,6;16,2;54;46;49;338;8,4;3,7;
2019/04/28;1700 UTC;0;910,4;911,1;910,3;1837;29,7;16,3;29,7;28;17,3;15,5;50;44;45;326;7,9;3,5;
2019/04/28;1800 UTC;0;909,8;910,4;909,7;2132,7;29,7;15,5;30,5;29,3;16,2;15,1;44;41;42;294;7,9;3,3;
2019/04/28;1900 UTC;0;909,6;909,8;909,5;913,6;28,3;17;29,7;28,3;17;15,3;50;42;50;326;7,5;2,7;
2019/04/28;2000 UTC;0;909,7;909,7;909,5;494,9;27;17,7;28,7;27;17,7;16,8;57;49;57;355;5,1;1,1;
2019/04/28;2100 UTC;0;910,1;910,2;909,7;63;26;17,5;27,3;26;17,9;17,3;60;55;60;336;4,6;1,7;
2019/04/28;2200 UTC;0;910,7;910,7;910,1;;24,8;17,7;26;24,8;17,8;17,5;65;60;65;343;3,4;1,4;
2019/04/28;2300 UTC;0;911;911,1;910,6;;24;17,7;24,8;24;17,8;17,7;68;65;68;344;3,2;,7;
2019/04/29;0000 UTC;0;911,8;911,8;911;;23,2;17,8;24;23,2;18;17,7;72;68;72;337;4,3;1,9;
2019/04/29;0100 UTC;0;911,9;911,9;911,8;;21,4;17,4;23,3;21,4;17,9;17,3;78;70;78;68;3,9;2,5;
2019/04/29;0200 UTC;0;911,9;912;911,7;;22,1;17,6;22,8;21,2;18,1;17,3;79;74;76;269;4,8;1;
2019/04/29;0300 UTC;0;911,9;912,2;911,9;;20,7;18,2;22,1;20,7;18,3;17,6;85;76;85;210;7,6;4;
2019/04/29;0400 UTC;0;911,5;911,9;911,5;;20,3;18,3;20,7;20,3;18,4;18,2;88;85;88;182;6,7;1,7;
2019/04/29;0500 UTC;0;911,3;911,5;911,2;;20,2;18,2;20,3;19,9;18,3;18;89;88;88;176;4,2;2;
2019/04/29;0600 UTC;0;910,9;911,3;910,8;;20;18;20,2;20;18,2;17,9;89;87;88;170;4,2;,3;
2019/04/29;0700 UTC;0;910,8;910,9;910,7;;19,9;18,1;20,1;19,8;18,1;17,8;89;88;89;281;1,8;,8;
2019/04/29;0800 UTC;0;910,8;910,8;910,5;;18,8;17,4;20;18,8;18,1;17,3;91;89;91;217;1,7;0;
2019/04/29;0900 UTC;0;911,5;911,5;910,8;;19,1;17,8;19,1;18,8;17,8;17,4;92;91;92;44;1,1;,1;
2019/04/29;1000 UTC;0;912,5;912,5;911,5;43,5;19,7;18,1;19,7;19,1;18,1;17,8;92;91;91;33;1,1;0;
2019/04/29;1100 UTC;0;913;913;912,5;275,8;20,7;18,4;20,7;19,6;18,4;17,9;91;87;87;41;1,5;,1;
2019/04/29;1200 UTC;0;913,5;913,5;913;960,6;22,2;18;22,2;20,7;18,5;17,5;87;76;77;328;2,7;1,1;
2019/04/29;1300 UTC;0;913,5;913,6;913,5;1874,8;24,2;17,7;24,4;22,2;18,7;17,3;77;67;67;302;3,6;1,8;
2019/04/29;1400 UTC;0;913;913,5;913;2156,3;24,8;17,1;25,2;23,1;18,4;16,6;73;61;63;212;4,2;2;
2019/04/29;1500 UTC;0;912,4;913;912,4;2585;25,9;17,4;26,1;24,4;18,4;17;66;59;60;226;5,3;2;
2019/04/29;1600 UTC;0;911,8;912,4;911,8;2610,8;25,5;17,1;27,1;24,9;18,2;16,5;62;55;60;196;6,1;2,8;
2019/04/29;1700 UTC;0;911,4;911,8;911,4;2183,9;25,9;16,8;26,9;25,5;18,2;16;62;53;57;220;6,8;3,5;
2019/04/29;1800 UTC;0;911,2;911,4;911,1;2212,4;26,6;16,6;27;25,9;17,3;16;58;52;54;207;7,1;3,4;
2019/04/29;1900 UTC;0;911,2;911,3;911,2;1639;26,3;16,2;26,9;26;16,8;15,8;55;53;54;207;6,6;4,1;
2019/04/29;2000 UTC;0;911,4;911,4;911,2;828,6;25,4;16,1;26,5;25,4;16,3;15,7;56;52;56;213;6,6;3,2;
2019/04/29;2100 UTC;0;911,8;911,8;911,5;113,4;23,6;16,8;25,4;23,6;16,8;16,2;65;56;65;187;4,8;1,9;
2019/04/29;2200 UTC;0;912,3;912,3;911,8;;22,7;16,7;23,7;22,6;16,8;16,6;69;65;69;191;3,9;1,6;
2019/04/29;2300 UTC;0;912,9;912,9;912,3;;20,1;16,3;22,7;20,1;16,7;16,1;79;68;79;59;2,8;,4;
2019/04/30;0000 UTC;0;913,4;913,4;912,9;;18,9;16,1;20,3;18,9;16,7;16;84;78;84;228;2,4;0;
2019/04/30;0100 UTC;0;913,6;913,6;913,4;;18,5;16;19;18,2;16,3;15,5;86;83;85;164;2,3;,5;
2019/04/30;0200 UTC;0;913,7;913,8;913,6;;17,7;15,4;18,5;17,6;16;15,2;86;84;86;139;2,7;,2;
2019/04/30;0300 UTC;0;913,7;913,8;913,7;;17,3;14,9;17,8;17,2;15,5;14,9;87;86;86;286;1,2;0;
2019/04/30;0400 UTC;0;913,5;913,7;913,4;;17,6;14,9;17,7;16,6;15,1;14,2;87;84;84;75;2,8;1,7;
2019/04/30;0500 UTC;0;913,3;913,5;913,3;;17;14,2;17,9;17;15;14,2;84;81;84;71;2,9;1,2;
2019/04/30;0600 UTC;0;913,1;913,4;913,1;;17,7;14,6;17,7;16,9;15;14,2;86;82;82;76;5;3,2;
2019/04/30;0700 UTC;0;913;913,2;913;;17,1;14,3;17,9;17,1;14,7;14,2;84;81;84;70;5;2,3;
2019/04/30;0800 UTC;0;913,2;913,2;912,9;;16,9;14,2;17,5;16,7;14,5;14;85;82;84;55;4,6;1,8;
2019/04/30;0900 UTC;0;913,9;913,9;913,2;;15,9;13,8;17,3;15,9;14,5;13,7;87;83;87;61;3,3;1,8;
2019/04/30;1000 UTC;0;914,7;914,7;913,9;45,1;17,3;14,4;17,3;15,9;14,6;13,7;88;83;83;68;4,3;2,3;
2019/04/30;1100 UTC;0;915,1;915,1;914,7;555,7;20,5;15,6;20,5;16,9;15,8;14;84;74;74;58;4,2;2;
2019/04/30;1200 UTC;0;915,4;915,4;915,1;1627,2;23,4;16,5;23,4;20,5;16,9;15,5;74;65;65;15;4,5;1,4;
2019/04/30;1300 UTC;0;915,6;915,6;915,4;2356,8;25,8;14,4;25,8;23,4;16,7;14;65;49;50;360;5,2;1,9;
2019/04/30;1400 UTC;0;915;915,6;915;2858,5;26;12,3;26,3;25,3;14,7;10,7;51;38;43;58;4,1;1,3;
2019/04/30;1500 UTC;0;914;914,9;914;3111,2;27,3;9,8;28,2;25,5;13,6;9,6;45;32;33;327;3,9;1,6;
2019/04/30;1600 UTC;0;913,1;914;913,1;2890,3;27,9;15;28,5;27,1;16;9,6;47;33;45;253;4,1;2,2;
2019/04/30;1700 UTC;0;912,3;913,1;912,3;2609;27,9;14,9;28;26,6;15,6;14,2;49;43;45;216;5,3;1,9;
2019/04/30;1800 UTC;0;911,8;912,3;911,8;2201,2;28,5;11,8;28,7;27,4;15;11,8;46;35;36;239;5,1;2,1;
2019/04/30;1900 UTC;0;911,8;911,8;911,7;1507,6;27,4;12,3;28,7;27,3;13,6;10,3;42;33;39;220;4,9;3;
2019/04/30;2000 UTC;0;911,9;912;911,8;804,9;25,8;12;27,4;25,8;12,2;11,2;42;38;42;216;5,3;2,7;
2019/04/30;2100 UTC;0;912,1;912,1;911,9;35,4;22,2;9,7;25,8;22,2;12,3;9,3;47;40;45;200;4,5;,5;
2019/04/30;2200 UTC;0;912,6;912,6;912,1;;20;11,4;22,4;20;11,7;9;59;42;58;16;1,6;0;
2019/04/30;2300 UTC;0;913,5;913,5;912,6;;18,2;13,1;20;18,2;13,1;11;72;57;72;143;1;,1;
2019/05/01;0000 UTC;0;913,8;913,9;913,4;;17;13,2;18,2;16,8;13,4;12,7;79;71;79;166;1;,1;
2019/05/01;0100 UTC;0;913,7;914;913,7;;16,9;13,1;17;16,7;13,3;12,9;80;78;78;355;,7;0;
2019/05/01;0200 UTC;0;913,9;914;913,7;;16,2;12,9;17;16,1;13,1;12,8;82;78;81;271;1,3;0;
2019/05/01;0300 UTC;0;913,7;913,9;913,7;;16,6;12,9;17;16,2;13,4;12,9;81;79;79;178;3,2;,2;
2019/05/01;0400 UTC;0;913,6;913,8;913,6;;16,8;12,8;17,2;16,4;13,2;12,7;80;75;77;195;2;,1;
2019/05/01;0500 UTC;0;913,4;913,6;913,4;;16,6;12,3;17,8;16,6;13;12,3;78;72;76;55;4;,8;
2019/05/01;0600 UTC;0;913,4;913,5;913,2;;16,4;13,2;17,6;15,9;13,7;12,3;83;74;81;54;2,8;1,1;
2019/05/01;0700 UTC;0;913,5;913,5;913,4;;17,1;13,8;18,1;16,4;14,3;13,2;82;78;81;43;4;2,2;
2019/05/01;0800 UTC;0;913,4;913,5;913,3;;17,2;13,9;17,7;16,5;14,6;13,6;84;80;81;61;4;2;
2019/05/01;0900 UTC;0;913,7;913,7;913,3;;16,9;13,7;17,7;16,9;14,3;13,7;82;80;81;47;4,4;2,9;
2019/05/01;1000 UTC;0;914,3;914,3;913,7;59,9;17,5;14,1;17,6;16,7;14,3;13,6;83;81;81;35;4,4;2,1;
2019/05/01;1100 UTC;0;914,6;914,6;914,3;560,3;20,5;15,3;20,5;17,5;15,5;14,1;81;72;72;18;4,6;1,2;
2019/05/01;1200 UTC;0;915;915;914,6;1492,3;24,1;15,2;24,1;20,5;16,4;15,1;72;57;57;29;5,6;2,9;
2019/05/01;1300 UTC;0;915,1;915,1;915;2066,5;25,7;15,8;26,1;24,1;16,3;14,9;58;52;54;25;6,2;2,4;
2019/05/01;1400 UTC;0;914,4;915,1;914,4;2760,9;27,3;14,5;27,6;25,8;16,3;14;55;44;46;10;6;3,5;
2019/05/01;1500 UTC;0;913,5;914,4;913,5;2948,4;28,7;12,6;29,1;27,2;14,9;11,5;46;36;37;313;5,9;2,5;
2019/05/01;1600 UTC;0;912,9;913,5;912,9;2749,7;28,2;13,1;29,9;28,1;14,1;11,8;40;34;39;313;11;2,7;
2019/05/01;1700 UTC;0;912,4;913;912,4;2503,1;29,9;13,6;30,2;28,2;14,3;12,1;41;34;37;278;6,8;2,4;
2019/05/01;1800 UTC;0;912,1;912,4;912,1;1502,3;28,3;13,1;30;28,2;13,9;12,2;39;34;39;262;6,1;1,7;
2019/05/01;1900 UTC;0;912,1;912,2;912;925,4;27,6;13,7;28,8;27,6;13,7;12,5;42;38;42;233;5;2,4;
2019/05/01;2000 UTC;0;912,2;912,2;912;388;26,1;14,2;27,8;26,1;14,7;13,3;49;41;48;187;5,5;2,9;
2019/05/01;2100 UTC;0;912,1;912,3;912,1;37,9;24;14,9;26,2;24;15;14,1;57;48;57;153;4,9;2,2;
2019/05/01;2200 UTC;0;912,5;912,5;912,1;;24;14,2;24,2;23,9;15,3;14,2;58;54;54;141;3,5;1,7;
2019/05/01;2300 UTC;0;913;913;912,4;;21,8;15,6;24;21,8;16,1;14,2;69;54;68;51;2,7;,1;
2019/05/02;0000 UTC;0;913,4;913,4;913;;20,9;16,5;22,2;20,9;16,6;15,3;76;65;76;40;2,2;1,2;
2019/05/02;0100 UTC;0;913,4;913,6;913,4;;21;15,4;21,4;20,8;16,5;14,8;76;67;71;355;2,2;,1;
2019/05/02;0200 UTC;0;913,2;913,4;913,2;;20,2;15,6;21;20;16;15;77;70;75;26;2,1;0;
2019/05/02;0300 UTC;0;912,9;913,3;912,9;;20,6;14,7;20,7;20;15,7;14,7;76;69;69;77;2,7;1,4;
2019/05/02;0400 UTC;0;912,3;912,9;912,3;;20,4;15;20,8;20,2;15;14,5;72;67;71;58;3;2;
2019/05/02;0500 UTC;0;911,6;912,3;911,6;;20,2;15;20,8;20,2;15;14,9;72;69;72;25;3,9;1,2;
2019/05/02;0600 UTC;0;911,3;911,6;911,3;;20,5;14,5;20,6;20;15;14,5;73;68;68;70;4,3;1,8;
2019/05/02;0700 UTC;0;911,2;911,3;911;;20,5;14,4;20,8;20,2;14,5;14,3;69;67;68;82;3,7;,6;
2019/05/02;0800 UTC;0;911,5;911,5;911,2;;20,1;14,7;20,8;20;14,8;14,4;72;68;71;60;3;1,8;
2019/05/02;0900 UTC;0;911,7;911,7;911,4;;20,3;15;20,6;20,1;15;14,7;72;69;72;60;4,2;1,6;
2019/05/02;1000 UTC;0;912,2;912,2;911,7;61,7;20,8;15,5;20,8;20,2;15,5;15;73;70;71;49;3,3;1,4;
2019/05/02;1100 UTC;0;912,9;912,9;912,2;412,7;22,4;16,5;22,4;20,8;16,5;15,5;71;69;69;55;4,8;1,2;
2019/05/02;1200 UTC;0;913,6;913,6;912,9;840;24,2;17;24,2;22,4;17,5;16,4;70;64;64;16;3,5;1,5;
2019/05/02;1300 UTC;0;914,3;914,4;913,6;505,6;23,1;16,3;24,5;22,1;17,2;16,3;73;61;66;182;7,1;1,9;
2019/05/02;1400 UTC;0;913,3;914,4;913,3;1596,7;26,3;17,5;26,3;22,7;17,5;15,6;66;56;58;61;6,3;2,8;
2019/05/02;1500 UTC;0;912,4;913,3;912,4;2227,8;28,6;18,3;28,7;26,3;19,1;17,4;60;53;54;356;6;2,6;
2019/05/02;1600 UTC;14,2;911,8;912,4;911,8;456,7;21,8;20;28,6;19,8;20;17,2;92;52;90;127;7,9;2,1;
2019/05/02;1700 UTC;1,4;911,1;911,9;911;1263,6;25,3;19,8;25,3;21,5;21;19;90;71;71;210;5;,9;
2019/05/02;1800 UTC;0;910,7;911,1;910,4;2123;27,1;19;28,1;25,3;20,5;18,7;72;59;62;216;3,3;,9;
2019/05/02;1900 UTC;0;910,9;910,9;910,6;1329,2;25,3;19,9;27,1;25;20;18,2;72;60;72;26;4,6;2,5;
2019/05/02;2000 UTC;0;911,4;911,4;910,8;627,8;23,7;18,7;25,4;23,7;19,9;18,7;74;70;73;61;6,1;1,7;
2019/05/02;2100 UTC;0;912;912;911,4;34;22,1;19;23,7;22,1;19;18,5;83;73;83;42;4,4;2,3;
2019/05/02;2200 UTC;0;912,5;912,5;912;;21,9;18,7;22,2;21,8;19,1;18,7;83;82;82;64;4,5;2,5;
2019/05/02;2300 UTC;0;912,8;912,8;912,5;;21,6;18,4;21,9;21,4;18,7;18,3;84;82;82;59;4,6;1,8;
2019/05/03;0000 UTC;0;913,2;913,2;912,8;;21,3;18,2;21,7;21,3;18,4;18,2;83;81;83;87;4,4;1,9;
2019/05/03;0100 UTC;0;913,7;913,8;913,2;;21,2;18,4;21,3;20,9;18,6;18;85;82;84;58;4,4;1,7;
2019/05/03;0200 UTC;0;913,4;913,8;913,4;;21,6;18,5;21,7;21,2;18,6;18,5;84;82;83;68;4,3;2,2;
2019/05/03;0300 UTC;0;913,6;913,7;913,4;;21,4;18,2;21,6;21,1;18,5;18,2;85;82;82;46;4;1,9;
2019/05/03;0400 UTC;0;913,3;913,6;913,3;;20,9;17,8;21,4;20,9;18,2;17,8;84;82;83;77;4,3;2;
2019/05/03;0500 UTC;0;913;913,4;913;;20,6;17,7;20,9;20,5;17,7;17,5;84;82;84;66;4,5;1,9;
2019/05/03;0600 UTC;0;912,6;913,1;912,5;;20,2;17,7;20,6;20,2;17,7;17,6;85;84;85;71;4,1;1,4;
2019/05/03;0700 UTC;0;912;912,6;912;;20;17,7;20,2;20;17,8;17,6;87;85;87;75;4,2;1,9;
2019/05/03;0800 UTC;0;912;912;911,7;;20,2;18;20,2;20;18;17,7;87;86;87;71;4,8;1,9;
2019/05/03;0900 UTC;0;912,4;912,4;911,8;;20,1;17,8;20,5;20,1;18,1;17,8;87;86;87;62;5,2;1,6;
2019/05/03;1000 UTC;0;913,3;913,3;912,4;72,1;20,3;18;20,4;20;18,2;17,8;88;86;87;72;5,9;1,9;
2019/05/03;1100 UTC;0;914,3;914,3;913,3;397,7;21,1;18,5;21,1;20,3;18,5;18;87;84;85;36;6,9;2,7;
2019/05/03;1200 UTC;0;915,1;915,1;914,3;526,3;22,1;19,1;22,1;21;19,2;18,4;86;83;83;29;7,6;3,1;
2019/05/03;1300 UTC;0;915,4;915,4;915,1;1538,9;23,7;19,2;24,1;22;19,7;18,9;83;76;76;10;7,9;3,6;
2019/05/03;1400 UTC;0;915,3;915,6;915,2;2375,3;25;19,2;25,3;23,4;19,8;19;77;70;71;16;8;4,6;
2019/05/03;1500 UTC;0;914,4;915,3;914,4;2132,1;26,3;19,2;26,9;25;19,9;18,9;71;64;65;354;7,8;2,9;
2019/05/03;1600 UTC;0;913,5;914,4;913,5;1992;28,4;19,2;28,5;26,2;20,3;18,6;67;57;58;341;5,1;2,2;
2019/05/03;1700 UTC;0;912,8;913,5;912,8;1444,3;27,8;18;28,6;27,3;19,3;17,9;60;54;55;344;4,9;2,7;
2019/05/03;1800 UTC;0;912,4;912,9;912,4;1244,1;28,3;18,8;28,4;27,6;19;18;57;54;56;274;5,4;1,7;
2019/05/03;1900 UTC;,4;912,3;912,4;912,2;560;24;20;28,3;23,6;20,6;18,9;82;56;78;98;5,6;2,3;
2019/05/03;2000 UTC;,8;912,2;912,4;912,1;357,9;23,3;19,8;24;23,3;20,5;19,6;83;77;81;75;4,2;1,4;
2019/05/03;2100 UTC;0;912,9;912,9;912,2;43,4;22,3;19,7;23,3;22,2;20,4;19,7;87;81;86;286;2,7;0;
2019/05/03;2200 UTC;0;913,5;913,5;912,9;;21,8;19,5;22,5;21,8;19,9;19,4;87;84;87;124;3,7;,1;
2019/05/03;2300 UTC;0;914,6;914,6;913,5;;21,2;18,3;22,3;21,2;19,7;18,3;87;81;84;64;5,4;2,1;
2019/05/04;0000 UTC;0;915,2;915,2;914,6;;20,8;17,8;21,3;20,8;18,3;17,8;84;82;83;72;4,5;2,3;
2019/05/04;0100 UTC;0;915,7;915,8;915,2;;20,3;17,4;20,8;20,3;17,8;17,3;84;82;83;66;4,6;3;
2019/05/04;0200 UTC;0;915,7;915,8;915,7;;20,7;17,7;20,7;20,2;17,7;17,4;85;83;83;77;4,7;2,4;
2019/05/04;0300 UTC;0;915,4;915,8;915,3;;20;17,5;20,8;20;17,7;17,5;85;82;85;47;4,3;2,3;
2019/05/04;0400 UTC;0;915;915,4;914,9;;20,1;17,7;20,1;19,7;17,9;17,5;88;85;86;76;3,7;1,3;
2019/05/04;0500 UTC;0;914,3;915;914,3;;19,8;17,6;20,2;19,6;17,8;17,4;88;86;87;38;3,4;2;
2019/05/04;0600 UTC;0;914,1;914,3;914;;20,5;17,9;20,7;19,8;18,2;17,7;88;85;85;65;4,4;1,2;
2019/05/04;0700 UTC;0;914,5;914,5;914,1;;20,4;18;20,5;20;18;17,7;87;85;86;50;3,9;1,8;
2019/05/04;0800 UTC;0;914,7;914,7;914,5;;20,5;17,9;20,7;20,4;18,1;17,9;86;84;85;61;4,5;1,9;
2019/05/04;0900 UTC;0;915,1;915,1;914,7;;20,2;17,9;20,6;20,2;18;17,8;87;85;87;61;4,2;1,8;
2019/05/04;1000 UTC;0;915,7;915,7;915,1;54,6;20,2;18;20,2;19,5;18,2;17,5;89;86;87;68;4,5;2;
2019/05/04;1100 UTC;0;916,3;916,3;915,7;368,4;21,2;18,7;21,2;20,2;18,7;18;87;86;86;151;6;1,2;
2019/05/04;1200 UTC;0;917,1;917,1;916,3;1009;22,1;19,1;22,6;21,2;19,3;18,7;86;80;83;198;2,9;1,7;
2019/05/04;1300 UTC;0;917,1;917,3;917,1;1045,3;23,3;19,6;23,3;21,7;19,7;18,9;85;80;80;19;3,1;1,5;
2019/05/04;1400 UTC;0;916,4;917,1;916,4;1835,8;25,1;19,4;25,3;23,3;20;19,1;80;70;71;41;5,8;2,4;
2019/05/04;1500 UTC;0;915,3;916,4;915,3;2788;26,8;19,1;27,3;24,6;20,1;18,8;73;61;63;26;5,8;2,6;
2019/05/04;1600 UTC;0;914,2;915,3;914,2;2244,2;27,4;18;28,2;26,8;19,4;18;63;55;56;93;5,2;1,4;
2019/05/04;1700 UTC;0;913,4;914,2;913,3;1059,7;25,6;20,2;27,9;25,6;20,5;17,7;72;54;72;171;5,2;2,7;
2019/05/04;1800 UTC;4,4;913,5;913,7;913,4;215,7;21,6;17,5;25,6;21,6;20,9;17,2;83;72;77;7;6,9;,7;
2019/05/04;1900 UTC;,6;913,2;913,6;913,2;133,4;22,1;19,5;22,1;21,1;19,5;17,6;87;78;85;103;3,3;1,6;
2019/05/04;2000 UTC;,2;913,9;913,9;913,2;147,1;22,7;19,7;22,8;21,9;20,4;19,3;88;83;83;85;4,3;1,6;
2019/05/04;2100 UTC;0;914,3;914,3;913,8;20,6;21,8;18;22,7;21,7;19,7;17,9;83;77;79;95;4,4;1,7;
2019/05/04;2200 UTC;0;914,7;914,7;914,3;;21,3;18,4;22;21,1;18,4;17,9;84;79;84;68;3,9;1,2;
2019/05/04;2300 UTC;0;914,8;914,9;914,7;;21,3;18,4;21,5;21,1;18,6;18,3;85;83;84;83;2,9;1,4;
2019/05/05;0000 UTC;0;914,8;914,9;914,7;;21;18;21,3;20,8;18,4;18;85;83;83;67;3;1,8;
2019/05/05;0100 UTC;0;915,2;915,2;914,7;;20,2;17,8;21,3;20,2;18,1;17,8;87;81;87;76;3,6;,9;
2019/05/05;0200 UTC;0;915,4;915,4;915,2;;20,1;17,7;20,7;20;18,1;17,6;87;84;86;36;2,3;,6;
2019/05/05;0300 UTC;0;915;915,4;915;;19,8;17,2;20,2;19,6;17,7;17,2;88;85;85;13;2,5;,4;
2019/05/05;0400 UTC;0;914,4;915;914,4;;19,5;17;20;19,5;17,4;17;86;84;85;37;3,6;,5;
2019/05/05;0500 UTC;0;914,2;914,4;914,1;;18,9;17;19,5;18,8;17,1;16,8;89;85;89;10;2,3;1,1;
2019/05/05;0600 UTC;0;914;914,3;914;;18,9;17,3;18,9;18,3;17,3;16,6;91;89;90;8;1,8;,8;
2019/05/05;0700 UTC;0;914,1;914,1;914;;18,4;16,8;19;18,4;17,3;16,8;91;89;90;154;1,6;0;
2019/05/05;0800 UTC;0;914,1;914,2;914;;18,5;17;18,9;18,3;17,3;16,6;91;89;91;213;1,4;,1;
2019/05/05;0900 UTC;0;914,8;914,8;914,1;;18,3;16,9;18,7;18;17;16,5;92;90;92;308;1,4;,1;
2019/05/05;1000 UTC;0;915,5;915,5;914,8;59,4;18,5;17,1;18,5;18,2;17,1;16,8;92;91;92;309;1,6;,8;
2019/05/05;1100 UTC;0;915,9;916;915,5;547;22,1;17,7;22,1;18,5;18,7;17,1;92;76;76;45;7,3;2,5;
2019/05/05;1200 UTC;0;916,6;916,6;915,9;1313,3;23,4;17,8;24;22,1;18,3;17,6;76;69;71;55;9,1;2,1;
2019/05/05;1300 UTC;0;916,9;917;916,6;2127,9;24,9;18,2;24,9;23,2;18,9;17,7;73;66;66;72;7,1;2,8;
2019/05/05;1400 UTC;0;916,5;916,9;916,5;1821,9;24,9;17,5;25,7;24,7;18,6;17,3;67;61;64;31;8,1;3;
2019/05/05;1500 UTC;0;915,7;916,5;915,7;2259,6;26,4;17,8;26,9;24,9;18,6;17,6;65;59;59;64;6,7;2,8;
2019/05/05;1600 UTC;0;914,8;915,7;914,7;2229,4;26,5;17;27,7;26,3;18,6;16,7;61;53;56;33;6;2,4;
2019/05/05;1700 UTC;0;914;914,8;914;2103,2;28,1;16,8;28,2;26,4;18,5;16,2;58;50;50;34;7,6;3;
2019/05/05;1800 UTC;0;913,6;914;913,6;2042,8;27,6;16,6;28,1;27;17,4;15,9;54;49;51;31;7,8;2,9;
2019/05/05;1900 UTC;0;913,5;913,6;913,5;1361,4;26,9;16,1;28,3;26,9;17,4;15,9;53;48;52;41;7;1,9;
2019/05/05;2000 UTC;0;913,8;913,8;913,5;252,5;25,5;17,1;26,9;25,5;17,1;16,2;60;52;60;130;4,4;,3;
2019/05/05;2100 UTC;0;914;914,1;913,8;30,9;23,7;18;25,5;23,6;18,3;17;72;60;70;273;1,7;,1;
2019/05/05;2200 UTC;0;914,5;914,5;914;;22,4;17,7;23,7;22,4;18;17,5;75;70;75;12;2,9;,5;
2019/05/05;2300 UTC;0;915;915;914,5;;21,3;17,5;22,4;21,1;17,7;17,4;80;74;79;37;2,4;1,2;
2019/05/06;0000 UTC;0;915,3;915,3;915;;20,9;16,8;21,3;20,8;17,5;16,7;79;77;77;33;3,4;,7;
2019/05/06;0100 UTC;0;915,7;915,7;915,3;;20,2;16,6;20,9;20,1;16,8;16,5;80;77;80;47;3,1;,7;
2019/05/06;0200 UTC;0;915,7;915,8;915,7;;20,4;16,9;20,5;20,2;17;16,7;81;79;80;64;3,5;2;
2019/05/06;0300 UTC;0;915,4;915,8;915,4;;20,2;17;20,7;20,1;17,1;16,8;82;79;82;79;3,8;1,8;
2019/05/06;0400 UTC;0;914,9;915,5;914,9;;19,9;16,9;20,3;19,9;17,2;16,9;83;82;83;93;4,6;1;
2019/05/06;0500 UTC;0;914,5;914,9;914,4;;20,1;17,1;20,1;19,4;17,1;16,8;85;83;83;103;2,8;,3;
2019/05/06;0600 UTC;0;914,4;914,5;914,4;;19,5;16,7;20,2;19,4;17,1;16,6;84;82;84;115;2,6;,2;
2019/05/06;0700 UTC;0;914,1;914,4;914,1;;19,2;16,4;19,5;19,2;16,7;16,3;84;83;84;86;2,6;1,1;
2019/05/06;0800 UTC;0;914,5;914,5;914,1;;19,4;16,1;19,7;19,1;16,4;16,1;84;81;82;96;3;1,1;
2019/05/06;0900 UTC;0;915;915;914,5;;19,6;16;19,6;19,2;16,2;16;82;80;80;68;6,3;3,2;
2019/05/06;1000 UTC;0;915,7;915,7;915;36,5;19,6;15,8;19,6;19,2;16;15,8;81;79;79;71;6,3;3,2;
2019/05/06;1100 UTC;0;916,1;916,1;915,7;542,3;22,4;16,3;22,4;19,6;16,5;15,8;79;68;68;64;5,4;1,7;
2019/05/06;1200 UTC;0;916,7;916,7;916,1;1501,3;24;16,2;24,1;22,4;16,9;15,8;69;61;62;19;5;2,5;
2019/05/06;1300 UTC;0;916,6;916,9;916,6;2185,3;26,1;17,4;26,1;24;17,5;15,9;62;58;59;20;6;2,8;
2019/05/06;1400 UTC;0;916,1;916,7;916,1;2599,2;26,8;16,5;27,4;25,9;17,5;16;59;51;53;22;5,9;2,2;
2019/05/06;1500 UTC;0;915,4;916,1;915,4;2430,8;27,9;16,2;28,4;26,8;16,9;15,3;54;47;49;308;5,5;2;
2019/05/06;1600 UTC;0;914,9;915,4;914,9;1468,4;27,5;16,2;28,4;27,1;17,1;15,3;54;47;50;225;4,6;1,4;
2019/05/06;1700 UTC;0;914,1;914,9;914;2109;27,8;16,3;29,6;27,5;17,5;15,8;51;45;50;224;4,5;1,2;
2019/05/06;1800 UTC;0;913,6;914,1;913,6;2051,4;28,2;16,8;29,1;27,8;17,4;16,1;51;47;50;215;5,8;2,3;
2019/05/06;1900 UTC;0;913,4;913,6;913,3;1451,8;28,2;16,7;28,6;27,8;17,1;16,1;51;48;50;225;5,1;1,7;
2019/05/06;2000 UTC;0;913,8;913,8;913,4;704,9;27,2;16,8;28,5;27,2;17,2;16,4;53;49;53;208;4,3;2,2;
2019/05/06;2100 UTC;0;913,6;913,9;913,6;26,5;24,4;17,1;27,2;24,4;17,6;16,7;64;53;64;132;3,5;1,1;
2019/05/06;2200 UTC;0;914;914;913,5;;22,7;17,8;24,4;22,7;17,8;16,9;74;64;74;305;2,5;,1;
2019/05/06;2300 UTC;0;914,6;914,6;914;;21,6;17,6;22,7;21,6;17,9;17,5;78;74;78;152;2,5;0;
2019/05/07;0000 UTC;0;915;915;914,5;;20,6;17,7;21,6;20,5;18;17,2;83;77;83;144;,9;,1;
2019/05/07;0100 UTC;0;915;915,1;914,9;;19,9;17,4;20,8;19,7;17,7;17,2;86;82;86;168;1,5;,3;
2019/05/07;0200 UTC;0;914,7;915;914,7;;19,3;17,1;20,3;19,3;17,6;17;87;84;87;179;1,1;0;
2019/05/07;0300 UTC;0;914,5;914,7;914,5;;19,3;17;19,5;19,2;17,2;16,9;87;86;86;221;1;0;
2019/05/07;0400 UTC;0;914;914,5;914;;19,2;16,4;19,7;19,1;17,1;16,4;86;83;84;105;2,5;,6;
2019/05/07;0500 UTC;0;913,5;914;913,5;;19;16,4;19,9;18,9;17,1;16,2;86;82;85;84;3,8;,6;
2019/05/07;0600 UTC;0;913,2;913,5;913,1;;18,6;16,3;19,1;18,6;16,7;16,3;87;85;87;105;2,3;,1;
2019/05/07;0700 UTC;0;912,8;913,3;912,8;;19;16,5;19,2;18,5;16,8;16,2;87;85;85;70;3,6;2,4;
2019/05/07;0800 UTC;0;913;913;912,8;;18,7;16,3;19,1;18,6;16,7;16,3;87;85;86;74;3,6;1,2;
2019/05/07;0900 UTC;0;913,5;913,5;913;;18,2;16;18,7;17,9;16,5;15,8;89;86;87;62;3,3;,7;
2019/05/07;1000 UTC;0;914,1;914,1;913,4;52,2;18,3;16,4;18,4;17,7;16,6;15,7;90;87;89;34;2,7;,3;
2019/05/07;1100 UTC;0;914,8;914,8;914,1;549,1;21,3;17,5;21,3;18,3;17,5;16,5;89;79;79;34;2,4;,7;
2019/05/07;1200 UTC;0;915;915;914,8;1460,7;24,1;18;24,4;21,4;18,8;17,3;79;69;69;12;2,9;1,4;
2019/05/07;1300 UTC;0;915;915,1;915;2223,4;26,9;17,8;27;24,1;18,8;17,4;69;57;58;217;2,7;,6;
2019/05/07;1400 UTC;0;914,6;915;914,6;2221,4;26,4;18,1;27,5;26,2;18,4;16,7;62;53;60;218;3,8;1,3;
2019/05/07;1500 UTC;0;914;914,6;914;1467,3;27,3;17,6;27,4;25,9;18,5;17,3;62;55;55;211;5,5;2,5;
2019/05/07;1600 UTC;0;913,5;914,1;913,5;2277,1;28,3;17,2;28,3;27;18,3;16,5;56;51;51;239;5,2;,8;
2019/05/07;1700 UTC;0;912,8;913,5;912,8;2488,1;28,4;16,1;28,9;27,7;17,9;16,1;53;47;47;222;4,4;1,7;
2019/05/07;1800 UTC;0;912;912,8;912;2132,9;28,3;15,4;29,4;28,3;17;15,4;49;45;46;213;5,2;2,5;
2019/05/07;1900 UTC;0;912;912,1;911,9;1465,7;28,5;15,9;29,1;28;16,9;15,3;49;45;46;214;5,5;2,2;
2019/05/07;2000 UTC;0;912,2;912,2;912;723,5;27,5;16,1;28,6;27,5;16,3;15,4;50;45;50;198;4,1;1,6;
2019/05/07;2100 UTC;0;912,4;912,4;912,2;90,3;24,6;17,4;27,6;24,6;17,8;15,9;65;49;64;149;3,3;2,1;
2019/05/07;2200 UTC;0;913,2;913,2;912,4;;24,2;16,3;24,6;24,2;17,3;15,4;64;57;61;140;3,9;1,4;
2019/05/07;2300 UTC;0;913,9;913,9;913,2;;22,3;16,9;24,2;22;17,1;16,3;74;61;72;60;3;,1;
2019/05/08;0000 UTC;0;914,3;914,4;913,9;;21,3;17,2;22,3;21,1;17,2;16,8;78;72;77;102;3,1;,6;
2019/05/08;0100 UTC;0;914,5;914,5;914,3;;20,8;17,1;21,3;20,6;17,3;16,8;81;77;79;222;3,5;0;
2019/05/08;0200 UTC;0;914,8;914,8;914,5;;20,8;17,1;21,1;20,1;17,4;16,8;82;78;79;74;3,1;1,6;
2019/05/08;0300 UTC;0;914,6;914,9;914,6;;21,1;16,6;21,1;20,5;17,1;16,6;80;76;76;85;3;2,2;
2019/05/08;0400 UTC;0;914;914,6;914;;20,8;16,5;21,1;20,5;16,7;16,4;78;75;77;74;3,6;2,1;
2019/05/08;0500 UTC;0;913,6;914;913,6;;19,9;16,5;21;19,3;16,5;15,7;82;75;81;72;3,5;1,9;
2019/05/08;0600 UTC;0;913,5;913,6;913,5;;19,5;16,1;20,1;19,4;16,6;16,1;82;79;80;49;2,6;1,5;
2019/05/08;0700 UTC;0;913,3;913,6;913,3;;18,7;16;20,3;18,4;16,5;15;85;78;84;61;2,9;2;
2019/05/08;0800 UTC;0;913,5;913,5;913,2;;18,4;16;18,8;18,3;16,1;15,6;86;83;86;73;2,7;1,6;
2019/05/08;0900 UTC;0;913,8;913,8;913,5;;18,7;15,9;18,9;18,3;16,4;15,7;86;84;84;58;3;1,9;
2019/05/08;1000 UTC;0;914,6;914,6;913,8;35,6;18,6;15,9;18,7;18,4;15,9;15,7;85;84;84;30;2,6;,9;
2019/05/08;1100 UTC;0;915,2;915,2;914,6;541,3;21,8;16,8;21,9;18,6;16,8;15,9;84;72;73;354;2,5;,2;
2019/05/08;1200 UTC;0;915,5;915,5;915,1;1450,9;24,7;16,5;24,8;21,8;17,2;16,4;73;60;60;91;5,7;2,1;
2019/05/08;1300 UTC;0;915,8;915,8;915,5;2126,2;26,2;16,7;26,4;24,7;17,2;16,4;62;55;56;73;5,7;2,8;
2019/05/08;1400 UTC;0;915,2;915,8;915,2;2620;28,1;17,2;28,2;26,2;17,8;16,6;57;51;52;30;6,5;2,4;
2019/05/08;1500 UTC;0;914,5;915,2;914,4;2962,7;29,5;15,4;29,7;27,7;17,6;15,3;52;42;42;356;6,7;2,7;
2019/05/08;1600 UTC;0;913,6;914,5;913,5;2994,3;29,2;16,4;30,5;28;17,6;13,8;49;39;46;203;8,9;3,1;
2019/05/08;1700 UTC;0;912,9;913,7;912,9;2493,5;29,3;16,7;29,3;27,9;17,9;15,5;53;45;46;222;8,9;2;
2019/05/08;1800 UTC;3;912,8;912,9;912,5;1818,4;21,3;16,1;30,4;21,3;18,6;14,9;73;42;73;112;14,4;5,2;
2019/05/08;1900 UTC;12;912,3;913,1;912,3;1801,8;26,5;17,3;26,5;18,8;19,1;16;87;57;57;110;10,8;2,5;
2019/05/08;2000 UTC;0;912,6;912,6;912,3;324,3;24,3;17,9;27;24,3;19,2;16,5;67;55;67;85;3,8;1,2;
2019/05/08;2100 UTC;0;912,9;912,9;912,6;41,4;23,2;18,3;24,3;23;18,8;17,6;76;67;74;11;2,6;,4;
2019/05/08;2200 UTC;0;913,2;913,2;912,9;;22,4;18,3;23,2;22,4;18,7;18,1;79;73;78;110;3,5;1,2;
2019/05/08;2300 UTC;0;913,8;913,8;913,1;;22,1;17,6;22,8;21,9;18,7;17,5;82;72;76;26;5;2,5;
2019/05/09;0000 UTC;10,8;914,4;914,4;913,8;;19,6;18,4;22,1;19,4;18,5;17,6;93;76;93;206;6,1;,4;
2019/05/09;0100 UTC;,6;913,8;914,4;913,5;;19,8;18,4;20,1;19,6;18,8;18,4;93;91;92;352;2,7;1;
2019/05/09;0200 UTC;0;913,6;913,8;913,5;;19,9;17,9;20;19,6;18,5;17,9;92;89;89;73;4,5;2,7;
2019/05/09;0300 UTC;0;913,4;913,6;913,4;;19,8;17,1;19,9;19,6;18;17,1;89;84;84;80;4,7;2,3;
2019/05/09;0400 UTC;0;913,3;913,4;913,2;;19;16,5;19,9;19;17,1;16,5;85;83;85;46;4,7;2,1;
2019/05/09;0500 UTC;0;912,8;913,3;912,8;;18,9;16,4;19,1;18,9;16,6;16,4;86;85;86;29;3,4;1,6;
2019/05/09;0600 UTC;0;912,6;912,8;912,5;;19;16,3;19;18,7;16,5;15,8;86;82;84;2;3,9;1,8;
2019/05/09;0700 UTC;0;912,6;912,7;912,4;;19,2;16,7;19,3;18,9;16,7;16,3;86;84;85;10;4,1;1,9;
2019/05/09;0800 UTC;0;912,9;912,9;912,6;;19;16,7;19,3;18,9;16,8;16,5;87;85;87;13;4,5;1,5;
2019/05/09;0900 UTC;0;913,7;913,7;912,9;;19,1;16,7;19,3;19;16,9;16,7;87;86;86;15;4,6;1,6;
2019/05/09;1000 UTC;0;914,3;914,3;913,7;48,8;19,4;17;19,4;19;17;16,7;87;86;86;21;4,6;1,6;
2019/05/09;1100 UTC;0;914,6;914,6;914,2;545,4;21;17,1;21;19,4;17,3;17;86;78;79;40;6,1;2,4;
2019/05/09;1200 UTC;0;915,2;915,2;914,6;1442,8;22;17,3;22;21;17,5;16,9;79;74;75;39;9;3,9;
2019/05/09;1300 UTC;0;915,1;915,3;915;2152,4;23,1;17,5;23,5;22;18,2;17,1;75;70;71;30;9,9;4,4;
2019/05/09;1400 UTC;0;914,4;915,1;914,4;2615,1;24,4;17,4;24,7;23;18,2;17,3;72;65;65;42;9,9;3,2;
2019/05/09;1500 UTC;0;913,7;914,4;913,7;2870,3;25,5;17,8;25,8;24,2;18,6;17,3;68;61;62;37;8,6;3,3;
2019/05/09;1600 UTC;0;912,7;913,7;912,7;2763,4;26,4;17,9;26,7;25,4;19,1;17,6;65;59;59;33;8;3,4;
2019/05/09;1700 UTC;0;911,7;912,7;911,7;2500,5;27,5;18,1;27,6;26,3;18,7;17,5;61;56;57;3;7,8;3;
2019/05/09;1800 UTC;0;911,3;911,8;911,2;1688,7;27,5;18;27,8;26,4;18,5;17,4;60;55;56;14;7,8;3,1;
2019/05/09;1900 UTC;0;911,3;911,4;911,2;1398,7;27,5;18,1;28,2;27,1;18,7;17,6;58;55;56;11;6,4;2,2;
2019/05/09;2000 UTC;0;911,2;911,4;911,2;633,1;26,5;18,4;27,7;26,5;18,8;17,6;62;55;61;42;4,7;1,8;
2019/05/09;2100 UTC;0;911,5;911,5;911,2;51,9;23,4;18,3;26,5;23,4;18,6;18,2;73;61;73;82;4;1,2;
2019/05/09;2200 UTC;0;911,7;911,8;911,5;;22,1;18,2;23,4;22,1;18,4;18,2;79;73;79;75;2,6;,8;
2019/05/09;2300 UTC;0;912,2;912,3;911,7;;21,9;18,3;22,3;21,9;18,4;18,2;80;78;80;60;3,2;,9;
2019/05/10;0000 UTC;0;912,7;912,7;912,1;;21,6;18,1;21,9;21,5;18,4;18,1;82;80;81;67;2,9;,5;
2019/05/10;0100 UTC;0;913,1;913,1;912,7;;21,8;18,1;21,9;21,5;18,2;17,9;81;78;79;83;4,9;2,1;
2019/05/10;0200 UTC;0;912,8;913,1;912,7;;21;17,8;21,9;20,9;18,1;17,8;83;79;82;13;5,4;1,8;
2019/05/10;0300 UTC;0;912,8;913;912,8;;20,8;17,7;21,1;20,8;17,8;17,7;82;81;82;5;5,9;1,3;
2019/05/10;0400 UTC;,2;912,9;913,3;912,5;;20,7;18;21;20,6;18;17,7;85;82;85;275;5,6;1,2;
2019/05/10;0500 UTC;0;912,6;913;912,6;;19,8;18,5;20,7;19,8;18,7;17,9;92;85;92;157;6,4;,6;
2019/05/10;0600 UTC;0;912,5;912,7;912,4;;19,7;18,1;20;19,7;18,6;18,1;92;91;91;72;2,2;,8;
2019/05/10;0700 UTC;0;911,9;912,5;911,9;;19,1;17,8;19,7;19,1;18,1;17,8;93;91;92;65;2,4;1;
2019/05/10;0800 UTC;0;911,8;911,9;911,5;;19,2;17,4;19,2;18,7;17,7;17,2;92;89;89;41;3,7;1,4;
2019/05/10;0900 UTC;0;912,1;912,1;911,8;;19,2;17;19,6;19,2;17,4;16,9;89;86;87;55;5,6;2,5;
2019/05/10;1000 UTC;0;912,4;912,5;912,1;21,8;19,4;17;19,4;19,2;17,1;16,9;87;86;86;64;5,4;2,7;
2019/05/10;1100 UTC;0;912,6;912,6;912,4;638,7;21,6;17,5;21,6;19,4;17,6;17;86;78;78;37;7,4;2,9;
2019/05/10;1200 UTC;0;912,9;913;912,6;1472,3;23;17,9;23,2;21,6;18;17,5;78;72;73;36;8,1;3,4;
2019/05/10;1300 UTC;0;913;913,1;912,9;2136;24,9;17,8;25,1;23;18,5;17,6;73;65;65;18;9,3;3,9;
2019/05/10;1400 UTC;0;913,1;913,2;913;2568,3;25,4;18,4;25,5;24,4;18,4;17,4;67;63;65;25;9;4,3;
2019/05/10;1500 UTC;0;912,7;913,1;912,7;2917,1;27,1;18,5;27,1;25,5;19;17,6;65;58;59;24;7,8;3,1;
2019/05/10;1600 UTC;0;912,1;912,7;912,1;2948,5;27,3;17,5;29;26,7;18,7;17,3;60;52;55;8;6,4;2,9;
2019/05/10;1700 UTC;0;911,4;912,1;911,3;735,5;26,9;18,1;27,3;26,6;18,2;17,1;59;55;59;71;6,4;,6;
2019/05/10;1800 UTC;18,6;911,1;911,4;911,1;328;22,2;18,3;26,9;20,8;19,8;17,6;85;57;79;49;12,8;4,4;
2019/05/10;1900 UTC;15,2;911;911,6;910,6;752,7;23,2;19,8;23,3;19,4;20,4;15,3;87;73;81;103;12,3;1,1;
2019/05/10;2000 UTC;0;911,2;911,3;911;480,7;22,9;19,2;23,9;22,9;20;19,1;82;76;79;75;4;2,1;
2019/05/10;2100 UTC;0;911,4;911,5;911,2;42,5;21,2;19,1;22,9;21,2;20,1;19,1;89;79;88;47;3,4;,6;
2019/05/10;2200 UTC;0;911,7;911,7;911,4;;21,3;18,3;21,6;21,1;19,3;18,3;89;83;83;67;3,2;1,8;
2019/05/10;2300 UTC;0;912;912;911,6;;20,7;18,3;21,3;20,5;18,5;18,1;87;83;87;53;3,1;1,5;
2019/05/11;0000 UTC;0;912,3;912,3;911,9;;21,4;18,3;21,5;20,6;18,5;18,2;87;82;82;68;3,8;1,5;
2019/05/11;0100 UTC;0;912,4;912,4;912,2;;20,6;17,8;21,4;20,6;18,3;17,8;84;82;84;54;5;1,6;
2019/05/11;0200 UTC;0;912,2;912,5;912,2;;20,3;17,8;20,6;20,2;17,9;17,6;86;84;86;75;4;2,4;
2019/05/11;0300 UTC;0;911,7;912,2;911,7;;19,7;17,6;20,3;19,7;17,8;17,6;88;86;87;74;3,8;,6;
2019/05/11;0400 UTC;0;911,4;911,8;911,4;;19,5;17,4;19,8;19,5;17,7;17,4;88;87;88;50;2,3;,7;
2019/05/11;0500 UTC;0;911,1;911,4;911,1;;19,4;17,2;19,7;19,3;17,6;17,2;89;87;87;60;4,8;1,1;
2019/05/11;0600 UTC;0;911,4;911,5;911;;19,5;17;19,8;19,3;17,4;17;88;85;86;69;4,3;1,5;
2019/05/11;0700 UTC;0;911,4;911,6;911,2;;19,3;16,9;19,6;19,2;17,1;16,9;86;86;86;65;4,2;2,1;
2019/05/11;0800 UTC;0;911,7;911,8;911,5;;19,2;16,8;19,4;19,2;17;16,8;86;86;86;71;4,2;2,1;
2019/05/11;0900 UTC;0;912,1;912,1;911,7;;19;16,7;19,3;19;16,9;16,7;86;86;86;75;4,4;2,1;
2019/05/11;1000 UTC;0;912,7;912,8;912,1;63,3;19,5;16,9;19,5;18,9;16,9;16,6;87;85;85;62;4,5;2,3;
2019/05/11;1100 UTC;0;913,2;913,2;912,7;445,9;21;17,6;21;19,5;17,6;16,9;85;81;81;60;4,8;2,4;
2019/05/11;1200 UTC;0;913,6;913,6;913,2;1161,8;23,4;18,4;23,4;21;18,5;17,6;81;73;73;44;5,3;1,7;
2019/05/11;1300 UTC;0;914;914,1;913,6;1581,3;24,1;18,3;24,2;23,1;18,4;17,4;73;69;70;36;6,7;2,8;
2019/05/11;1400 UTC;0;913,6;914;913,6;1746,2;25,2;18,4;25,3;23,9;18,7;18;71;66;66;10;6;2,8;
2019/05/11;1500 UTC;0;913,2;913,6;913,2;2135,5;25,8;17,6;26,4;25,2;18,9;17,5;68;60;61;22;6,3;3,2;
2019/05/11;1600 UTC;0;912,6;913,2;912,6;1724,3;26,4;18,2;26,5;25,7;18,4;17,5;63;59;61;34;6,3;1,7;
2019/05/11;1700 UTC;0;911,6;912,6;911,6;1336,4;27,1;18,8;27,1;26,3;18,8;17,4;61;57;60;13;4,6;2;
2019/05/11;1800 UTC;0;911,3;911,7;911,3;1475,6;26,8;17,9;28,1;26,6;18,8;17,3;60;54;59;50;4,6;,6;
2019/05/11;1900 UTC;0;911,4;911,4;911,2;567,4;25,8;18,9;27;25,8;19,1;17,6;66;57;66;134;2,4;,9;
2019/05/11;2000 UTC;0;911,8;911,8;911,4;228,1;25,2;19,5;25,8;25,1;19,8;18,3;72;64;71;301;3;,7;
2019/05/11;2100 UTC;0;912,1;912,1;911,7;28,6;23;19,4;25,2;22,8;19,7;19,3;82;71;80;79;2,1;,9;
2019/05/11;2200 UTC;0;913;913;912,1;;22,8;18,6;23,3;22,6;19,5;18,6;81;77;77;53;2,9;,6;
2019/05/11;2300 UTC;1;913,3;913,4;913;;21,3;18,8;22,8;21,3;18,9;18,4;86;77;86;90;3;1,9;
2019/05/12;0000 UTC;0;913,8;913,9;913,3;;21,4;18,2;21,6;21,2;18,8;18,2;86;82;82;84;4,3;2,4;
2019/05/12;0100 UTC;0;914,1;914,1;913,8;;20,9;17,8;21,5;20,8;18,3;17,8;84;81;82;83;5;2,1;
2019/05/12;0200 UTC;0;914,1;914,3;914,1;;20,6;17,8;20,9;20,1;17,9;17,6;86;82;84;73;4,1;2,1;
2019/05/12;0300 UTC;0;914;914,2;913,9;;20,4;17,8;20,6;20,4;17,8;17,7;85;84;85;64;3,6;1,5;
2019/05/12;0400 UTC;0;914,2;914,2;914;;20,4;17,7;20,8;20,1;18,2;17,6;87;84;85;66;3,6;2,1;
2019/05/12;0500 UTC;0;913,9;914,2;913,9;;19,8;17,5;20,4;19,8;17,8;17,5;87;85;87;70;4,1;2,3;
2019/05/12;0600 UTC;0;913,7;913,9;913,7;;19,9;17,5;19,9;19,7;17,6;17,4;87;86;86;69;5,2;3;
2019/05/12;0700 UTC;0;913,6;913,7;913,4;;19,2;17,1;19,9;19,2;17,5;17,1;87;86;87;48;5,2;1,5;
2019/05/12;0800 UTC;0;913,8;913,8;913,6;;19,6;17,4;19,7;19,2;17,6;17,1;89;87;87;69;4,3;2,5;
2019/05/12;0900 UTC;0;914,6;914,6;913,8;;19,5;17,2;19,6;19,3;17,4;17,1;88;87;87;71;4,1;1,9;
2019/05/12;1000 UTC;0;915,3;915,3;914,6;33,9;19,7;17,3;19,7;19,5;17,3;17,2;87;86;86;75;4,8;2,9;
2019/05/12;1100 UTC;0;915,6;915,6;915,3;534,8;21,8;18,1;22;19,7;18,3;17,3;86;79;79;65;5;2,5;
2019/05/12;1200 UTC;0;915,9;916;915,6;1381,3;23,8;18,3;23,9;21,8;19;18,1;80;71;71;22;4,8;2,4;
2019/05/12;1300 UTC;0;915,9;916;915,9;1968,2;25,6;18,9;25,7;23,8;19,3;18,2;72;66;66;44;5,5;1,9;
2019/05/12;1400 UTC;0;915,3;915,9;915,3;2645,9;27,3;18,7;27,3;25,6;19,5;17,8;67;57;60;339;4,1;1,4;
2019/05/12;1500 UTC;0;914,7;915,3;914,7;3153,6;28,5;17,6;28,6;27;18,8;16,9;60;50;52;103;3,9;1,3;
2019/05/12;1600 UTC;0;914;914,7;914;1585,8;27,2;17,7;28,7;26,7;19;16,9;62;50;56;193;3,8;1;
2019/05/12;1700 UTC;0;913,1;914;913,1;2712,9;28,3;18,4;29,2;27,2;18,7;17;57;50;55;190;4,7;2,2;
2019/05/12;1800 UTC;0;912,8;913,1;912,7;1454,8;28;17,9;28,9;27,2;18,9;17,6;60;52;54;177;4,7;1,4;
2019/05/12;1900 UTC;0;912,5;912,8;912,5;1326,2;28,2;17,3;28,7;28;18,4;17,3;55;51;52;178;3,6;1,2;
2019/05/12;2000 UTC;0;912,9;912,9;912,5;580,7;26,4;17,7;28,2;26,4;17,9;16,9;59;52;59;166;3,6;1,3;
2019/05/12;2100 UTC;0;913,4;913,4;912,9;37,7;24,4;17,5;26,4;24,4;18;17,3;65;59;65;145;2,8;,8;
2019/05/12;2200 UTC;0;914,1;914,1;913,4;;23,3;18,2;24,4;23,1;18,3;17,5;74;65;73;123;1,7;,1;
2019/05/12;2300 UTC;0;914,7;914,7;914,1;;21,9;18,4;23,4;21,7;18,5;17,9;81;73;81;97;1,4;,2;
2019/05/13;0000 UTC;0;914,9;914,9;914,7;;21,5;18,2;21,9;21,4;18,7;18,2;83;80;81;330;1,9;,3;
2019/05/13;0100 UTC;0;915;915,1;914,9;;21,2;18;22;20,8;18,2;17,7;83;78;82;64;3,2;,2;
2019/05/13;0200 UTC;0;915,1;915,1;915;;21,4;17,8;21,8;20,8;18;17,5;82;78;80;71;3,4;2,4;
2019/05/13;0300 UTC;0;915;915,1;914,9;;20,5;17,8;21,5;20,5;17,9;17,6;85;80;85;107;3,4;,1;
2019/05/13;0400 UTC;0;914,9;915;914,9;;20,5;17,8;20,7;20,2;18,1;17,7;86;84;85;52;2,2;1,2;
2019/05/13;0500 UTC;0;914,6;914,9;914,6;;20,8;18;20,8;20,2;18;17,6;85;84;84;75;2,9;1,8;
2019/05/13;0600 UTC;0;914,6;914,6;914,4;;20,1;17,4;20,9;20,1;18;17,3;84;82;84;51;3,7;1,9;
2019/05/13;0700 UTC;0;914,6;914,6;914,5;;19,8;17,3;20,2;19,7;17,5;17,2;85;84;85;60;2,9;1,8;
2019/05/13;0800 UTC;0;915;915;914,6;;19,7;17;20,5;19,7;17,5;17;85;83;84;52;3,5;1,2;
2019/05/13;0900 UTC;0;915,5;915,5;915;;19,3;17,1;19,7;19,1;17,2;16,8;88;84;87;60;2,8;1,2;
2019/05/13;1000 UTC;0;916;916;915,5;80;19,9;17,4;19,9;19,2;17,4;17;87;85;85;45;3,1;1,4;
2019/05/13;1100 UTC;0;916,5;916,5;916;653,5;22,9;18;22,9;19,8;18,5;17,2;86;74;74;60;3,8;1,6;
2019/05/13;1200 UTC;0;916,7;916,7;916,5;1302,6;24,8;18,4;24,8;22,9;19,2;18;76;68;68;16;4,1;2,2;
2019/05/13;1300 UTC;0;916,7;916,8;916,7;1783,5;26,4;17,9;26,4;24,8;18,5;17,6;68;59;60;52;4,6;2;
2019/05/13;1400 UTC;0;916,2;916,7;916,2;2457,1;27,9;17,3;28,1;26,4;18,3;16,7;60;51;52;58;4,8;1,4;
2019/05/13;1500 UTC;0;915,4;916,2;915,4;2810,8;28,6;17,2;29,4;27,7;18;16,6;54;48;50;147;8,2;1,5;
2019/05/13;1600 UTC;0;914,7;915,4;914,7;2011,4;28;17,1;29,4;27,6;18,5;16,7;56;47;52;148;4,4;1,2;
2019/05/13;1700 UTC;0;914;914,7;914;2249,5;28,7;18,2;29,2;27,7;19,3;17;59;51;53;198;5,5;2,6;
2019/05/13;1800 UTC;0;913,9;914,1;913,8;2194,2;29;16,8;29,3;28,5;18,7;16,4;55;46;48;200;6,3;3,2;
2019/05/13;1900 UTC;0;914;914;913,8;1501,3;28,6;15,5;29,2;28,6;17;14,7;48;42;45;186;6,3;2,3;
2019/05/13;2000 UTC;0;914,1;914,2;913,9;640,8;27,4;17,8;28,7;27,4;17,8;15,3;56;44;56;158;4;1;
2019/05/13;2100 UTC;0;914,5;914,5;914,1;26,1;25,2;16,3;27,4;25,2;17,8;16,2;59;55;58;159;2,5;1,3;
2019/05/13;2200 UTC;0;915;915;914,4;;23,4;18,6;25,2;23,4;18,7;16,3;75;58;74;148;2,3;0;
2019/05/13;2300 UTC;0;915,4;915,4;915;;22,7;19;23,4;22,6;19,1;18,5;81;74;80;57;1,2;0;
2019/05/14;0000 UTC;0;915,5;915,5;915,4;;22,9;17,9;22,9;22,4;19,1;17,9;80;74;74;86;3,8;2,4;
2019/05/14;0100 UTC;0;915,8;915,8;915,5;;22,1;17,9;23;22;18;17,4;77;72;77;47;3,7;2,2;
2019/05/14;0200 UTC;0;915,7;915,8;915,6;;22,2;18;22,4;22;18,1;17,8;78;76;77;60;3,2;1,2;
2019/05/14;0300 UTC;0;915,2;915,7;915,2;;21,4;18,1;22,2;21,4;18,2;17,9;81;77;81;126;3,1;,5;
2019/05/14;0400 UTC;0;915,2;915,3;915,2;;20,9;18;21,4;20,8;18,3;18;84;81;84;58;2,7;1,6;
2019/05/14;0500 UTC;0;914,7;915,2;914,7;;21,1;17,7;21,1;20,8;18;17,7;84;81;81;76;3,3;1,7;
2019/05/14;0600 UTC;0;914,4;914,7;914,4;;20,4;17,6;21,4;20,4;17,9;17,6;84;81;84;95;2,6;,5;
2019/05/14;0700 UTC;0;914;914,4;914;;20,2;17,7;20,7;20,2;17,9;17,6;85;83;85;60;2,9;1,9;
2019/05/14;0800 UTC;0;914;914;913,8;;19,7;17,7;20,5;19,7;17,8;17,6;88;84;88;65;2,8;1,4;
2019/05/14;0900 UTC;0;914,5;914,5;914;;19,3;17,4;19,8;19,3;17,8;17,4;89;88;89;59;2,4;,8;
2019/05/14;1000 UTC;0;915,2;915,2;914,6;51,5;19,3;17,7;19,3;19;17,7;17,3;90;89;90;32;2,2;0;
2019/05/14;1100 UTC;0;915,8;915,8;915,2;347,9;20,8;18,3;20,8;19,3;18,5;17,5;90;86;86;319;1,2;,1;
2019/05/14;1200 UTC;0;916;916;915,7;346,3;22,5;19;22,5;20,6;19,1;18;86;81;81;87;2,8;,9;
2019/05/14;1300 UTC;0;915,8;916,1;915,8;976,5;23,6;18,9;23,7;22,2;18,9;18,1;81;71;75;221;2,8;1,7;
2019/05/14;1400 UTC;0;915,1;915,8;915,1;2078,7;26,1;19,7;26,1;23,5;19,7;18,3;75;65;68;225;4,4;2,8;
2019/05/14;1500 UTC;0;914,7;915,1;914,7;1369,4;24,3;19;26,3;24,1;20,1;18,9;75;66;72;235;5,8;3,2;
2019/05/14;1600 UTC;0;913,9;914,7;913,9;2104,1;26,5;19,8;27;24,3;20,4;18,8;73;65;67;247;6;2,4;
2019/05/14;1700 UTC;0;912,9;913,9;912,9;1624,2;25,4;18,7;27,1;25,3;20,3;18,7;69;63;67;238;5,7;2,6;
2019/05/14;1800 UTC;0;912,4;912,9;912,4;2055,8;26,4;18,4;27,4;25,4;19,5;17,5;68;58;62;239;6;2,5;
2019/05/14;1900 UTC;0;912,3;912,4;912,2;1261,5;26,5;18,3;26,9;25,9;18,8;17,5;63;59;61;225;6,3;3;
2019/05/14;2000 UTC;0;912,2;912,3;912,1;467,6;24,7;19,1;26,7;24,7;19,2;17,7;71;59;71;206;5,4;3,2;
2019/05/14;2100 UTC;0;912,6;912,6;912,2;48,1;23,4;18,9;24,7;23,4;19,2;18,8;76;71;76;215;5,8;2,2;
2019/05/14;2200 UTC;0;913,4;913,4;912,6;;22,9;19,5;23,4;22,8;19,6;18,9;81;76;81;220;3,5;2,1;
2019/05/14;2300 UTC;0;913,7;913,7;913,4;;22,3;19,6;22,9;22,3;19,6;19,4;84;81;84;220;4,9;2,8;
2019/05/15;0000 UTC;0;914;914;913,7;;21,8;19,6;22,3;21,8;19,8;19,5;87;84;87;223;6,5;3,4;
2019/05/15;0100 UTC;0;914,1;914,2;914;0;21,2;19,2;21,8;21,2;19,6;19,2;89;87;88;224;5,9;3;
2019/05/15;0200 UTC;0;914,3;914,4;914,1;;21;18,9;21,2;21;19,2;18,9;89;88;88;222;5,1;1,7;
2019/05/15;0300 UTC;0;913,9;914,3;913,9;;20,5;18,7;21,1;20,5;19,1;18,7;89;88;89;237;4;2,4;
2019/05/15;0400 UTC;0;913,4;913,9;913,4;;20,2;18,6;20,5;20,1;18,8;18,6;91;89;91;210;4,2;2;
2019/05/15;0500 UTC;0;913,2;913,4;913,2;;19,7;18,4;20,3;19,7;18,7;18,3;92;91;92;229;5,6;3,5;
2019/05/15;0600 UTC;0;913;913,2;913;;18,9;17,2;19,7;18,9;18,3;17,2;92;90;90;238;6,2;2,3;
2019/05/15;0700 UTC;0;912,8;913;912,8;;18,7;16,3;19;18,6;17,2;16,2;90;85;86;278;4,4;,3;
2019/05/15;0800 UTC;0;912,7;912,8;912,6;;18,4;15,8;18,7;18,4;16,4;15,7;86;84;85;280;2,2;,5;
2019/05/15;0900 UTC;0;913,4;913,4;912,7;;18,1;15,5;18,4;18,1;15,8;15,5;86;84;85;225;2,6;1,2;
2019/05/15;1000 UTC;0;914,2;914,2;913,4;19,7;17,6;14,4;18,1;17,5;15,6;14,4;85;82;82;219;2,7;1,6;
2019/05/15;1100 UTC;0;914,6;914,7;914,2;253,3;18,1;15,7;18,1;17,4;15,7;14,3;86;82;86;64;2,7;,8;
2019/05/15;1200 UTC;0;914,7;914,8;914,6;969,4;21;17,3;21,2;18,1;17,5;15,8;86;79;79;70;3;,9;
2019/05/15;1300 UTC;0;915;915,1;914,7;996,9;22,3;17,8;22,3;21;18;17,2;79;76;76;340;4,1;,5;
2019/05/15;1400 UTC;0;914,4;915;914,4;2169,5;24,7;18;24,7;21,8;18,3;16,9;76;65;66;227;2,5;,5;
2019/05/15;1500 UTC;0;913,8;914,4;913,8;1936,7;24,4;17,8;25,6;23,8;18,5;17,3;70;63;67;212;4,3;2,7;
2019/05/15;1600 UTC;0;912,7;913,8;912,7;2717,8;25,6;18;26;24,1;19;17,2;70;61;63;202;5;2,7;
2019/05/15;1700 UTC;0;911,8;912,7;911,8;2513,6;25,9;17;26,5;25,3;18,4;16,8;63;58;58;228;6,4;3,6;
2019/05/15;1800 UTC;0;911,7;911,9;911,5;1999,3;26,1;17,8;26,3;25,1;18;16,6;62;57;60;223;7,1;4,1;
2019/05/15;1900 UTC;0;911,7;911,7;911,4;1158,2;25;16,7;26,4;24,7;17,7;16,5;62;58;60;215;8,9;4,5;
2019/05/15;2000 UTC;0;912,6;912,6;911,7;266;23,6;17;25;23,6;17;16,3;66;60;66;236;8,9;3;
2019/05/15;2100 UTC;0;913,2;913,3;912,6;18,6;21,3;16,9;23,6;21,3;17,2;16,5;76;66;76;98;7,5;1,8;
2019/05/15;2200 UTC;0;913,6;913,6;913,1;;19,3;16,3;21,3;19,3;17,1;16,1;83;76;83;79;3,8;1,3;
2019/05/15;2300 UTC;0;914,4;914,4;913,6;;19,4;16,2;19,5;19,2;16,6;16,2;84;82;82;57;2,9;1,2;
2019/05/16;0000 UTC;0;914,8;914,8;914,4;;18,9;16,4;19,6;18,9;16,6;16,2;86;82;86;357;3,3;0;
2019/05/16;0100 UTC;0;915,2;915,2;914,8;;18,3;16,1;19;18,1;16,6;15,7;88;85;87;80;2,6;1,7;
2019/05/16;0200 UTC;0;915;915,2;914,8;;18,3;15,7;18,4;18,1;16,3;15,6;87;85;85;39;2,9;1;
2019/05/16;0300 UTC;0;914,7;915;914,7;;18,5;16,1;18,5;17,7;16,2;15,4;88;85;86;108;2,2;1,1;
2019/05/16;0400 UTC;0;914,6;914,9;914,5;;17,6;15,3;18,7;17,6;16,1;15,3;88;84;87;34;2,3;,6;
2019/05/16;0500 UTC;0;913,6;914,6;913,5;;17,3;14,9;17,6;17,2;15,5;14,9;89;86;86;36;4,1;1,2;
2019/05/16;0600 UTC;0;912,9;913,6;912,9;;17;14,9;17,3;16,5;14,9;14,3;88;86;87;100;3,6;1,2;
2019/05/16;0700 UTC;0;913,1;913,2;912,8;;16,4;14,6;17,4;16,2;15;14,2;89;85;89;163;2,1;,3;
2019/05/16;0800 UTC;0;912,9;913,4;912,7;;16,1;14,3;16,8;16,1;14,8;14,2;89;87;89;45;2,6;1,3;
2019/05/16;0900 UTC;0;913,6;913,6;912,9;;16,6;14,6;16,7;16,1;14,8;14,3;90;87;88;329;2,4;,1;
2019/05/16;1000 UTC;0;914;914,1;913,2;27,4;17,4;14,9;17,5;16,6;15;14,5;88;85;85;14;4;,5;
2019/05/16;1100 UTC;0;914,9;914,9;913,9;158,9;17,8;14,9;17,8;17,4;15;14,8;85;83;83;128;4,5;1,2;
2019/05/16;1200 UTC;0;915,6;915,6;914,9;434,3;18,8;15,1;18,8;17,8;15,3;14,8;84;79;79;22;4,9;,4;
2019/05/16;1300 UTC;0;916,2;916,2;915,5;875;20,2;15,6;20,3;18,8;15,8;14,9;79;75;75;53;4,8;,9;
2019/05/16;1400 UTC;0;915,7;916,2;915,7;1449,5;20,9;15,9;21,4;20,3;16,2;15,5;75;71;73;108;6,1;2,8;
2019/05/16;1500 UTC;0;915;915,7;915;1259,5;21;15,6;22,3;20,9;16,8;15,6;74;68;71;98;6,1;2,4;
2019/05/16;1600 UTC;0;914,7;915,1;914,5;995,7;21,6;16,1;21,9;20,9;16,3;15,6;73;69;71;87;5,7;2,1;
2019/05/16;1700 UTC;0;914,4;914,7;914,4;462,9;20,6;16,9;21,7;20,4;17,1;15,7;80;70;79;103;4,7;,9;
2019/05/16;1800 UTC;0;914,4;914,5;914,3;438,4;20,8;16,8;20,8;20,4;17;16,4;79;77;78;116;3,7;1,5;
2019/05/16;1900 UTC;0;914,3;914,4;914,2;618,2;21;16,3;21,2;20,7;17,1;16,1;78;74;75;133;4;2,3;
2019/05/16;2000 UTC;0;914,1;914,3;914,1;298,7;20,3;16,1;21;20,3;16,7;16,1;77;74;77;113;4;1,9;
2019/05/16;2100 UTC;0;914,3;914,3;914,1;26,5;19,7;15,9;20,3;19,7;16,1;15,9;79;77;79;119;3,6;1,6;
2019/05/16;2200 UTC;0;914,6;914,6;914,3;;19,1;15,9;19,7;19,1;16;15,9;82;79;82;118;3,4;,9;
2019/05/16;2300 UTC;0;915,6;915,6;914,6;;18,8;16;19,1;18,7;16;15,9;84;82;84;48;2,3;,7;
2019/05/17;0000 UTC;0;916;916;915,6;;19;16,1;19,2;18,8;16,1;16;84;82;84;113;4,1;,9;
2019/05/17;0100 UTC;0;915,9;916;915,9;;18,6;15,8;19;18,5;16,1;15,8;85;83;84;117;2,5;,3;
2019/05/17;0200 UTC;0;916;916;915,8;;18,6;15,7;18,7;18,4;15,9;15,6;84;83;83;113;4,2;1,3;
2019/05/17;0300 UTC;0;915,7;916;915,7;;18,5;15,6;18,7;18,4;15,7;15,5;84;83;83;123;3,5;1;
2019/05/17;0400 UTC;0;915,3;915,7;915,2;;18,3;15,6;18,5;18,2;15,7;15,5;85;83;84;123;3,7;2,1;
2019/05/17;0500 UTC;0;915;915,3;915;;18,1;15,1;18,5;18,1;15,6;15,1;85;81;82;96;4,2;,6;
2019/05/17;0600 UTC;0;914,7;915;914,7;;17,5;15,3;18,1;17,2;15,4;14,9;88;82;87;207;1,7;0;
2019/05/17;0700 UTC;0;914,4;914,7;914,4;;16,7;15,1;17,5;16,7;15,3;15;90;87;90;184;1,7;0;
2019/05/17;0800 UTC;0;914,4;914,4;914,1;;16,7;15,2;16,9;16,6;15,4;15;91;90;91;60;1,4;,3;
2019/05/17;0900 UTC;,4;914,6;914,8;914,3;;16,8;15,5;16,8;16,3;15,5;14,8;92;90;92;36;4,6;1,8;
2019/05/17;1000 UTC;,2;913,7;914,6;913,7;10;17,2;15,1;17,3;16,8;15,5;15,1;92;87;87;42;4,7;1,6;
2019/05/17;1100 UTC;0;914,6;914,6;913,7;308,5;18,1;15,5;18,1;17,2;15,5;15,1;88;84;85;87;4;1,3;
2019/05/17;1200 UTC;0;915,3;915,3;914,6;463,1;19;15,5;19;18,1;15,7;15,3;85;80;80;67;5,6;1,5;
2019/05/17;1300 UTC;0;915,8;916,1;915,3;1041,4;19,9;15,7;20,1;19;16;15,4;81;77;77;22;7;2,2;
2019/05/17;1400 UTC;0;915,3;915,8;915,3;581,8;19,3;15,6;19,9;19,2;15,7;15,4;79;77;79;23;7,3;1,8;
2019/05/17;1500 UTC;0;915,2;915,3;915,1;466,7;19,1;15,7;19,5;19,1;15,8;15,4;81;78;81;61;6,7;1,3;
2019/05/17;1600 UTC;1;915,1;915,2;915,1;177,4;17,8;15,7;19,1;17,8;16;15,6;88;81;88;27;4,9;1,8;
2019/05/17;1700 UTC;2,4;914,2;915,1;914,2;252,3;17,9;16,4;17,9;17,5;16,4;15,7;91;88;91;24;3,7;1,2;
2019/05/17;1800 UTC;,2;913,3;914,2;913,3;711,5;19,1;16,6;19,3;17,9;17,3;16,3;91;85;85;81;3,3;,7;
2019/05/17;1900 UTC;0;912,5;913,3;912,4;572,9;18,7;15,7;19,2;18,7;16,8;15,7;86;82;82;98;5,3;1,4;
2019/05/17;2000 UTC;0;913,1;913,1;912,4;168,3;18,4;15,1;18,7;18,1;15,9;14,7;83;79;81;342;6,5;,4;
2019/05/17;2100 UTC;0;913,3;913,4;913,1;51,3;18;15,4;18,6;18;15,5;14,7;85;78;85;55;4,9;,5;
2019/05/17;2200 UTC;0;913,8;913,8;913,3;;18;15,3;18,1;17,7;15,5;15,3;86;84;85;87;3,4;1,2;
2019/05/17;2300 UTC;,4;914,2;914,3;913,8;;17,3;15,3;18;17,3;15,6;15,3;88;84;88;109;3,4;,8;
2019/05/18;0000 UTC;,2;914,6;914,6;913,2;;17,3;15,3;17,4;17,1;15,4;15,1;89;87;88;260;6,3;1,7;
2019/05/18;0100 UTC;0;915,1;915,2;914,6;;16,4;15,1;17,3;16,4;15,3;15;92;88;92;21;5;,2;
2019/05/18;0200 UTC;0;915;915,2;915;;16,4;14,8;16,5;16,2;15,1;14,8;92;90;90;117;2;1,5;
2019/05/18;0300 UTC;0;914,3;915;914,3;;16;14,5;16,4;15,7;14,7;14,2;91;89;91;126;2,9;1,7;
2019/05/18;0400 UTC;0;914,3;914,4;914,2;;15,4;14,2;16,1;15,3;14,5;13,8;92;89;92;58;2,9;,7;
2019/05/18;0500 UTC;0;913,6;914,3;913,6;;15,1;13,7;15,5;15,1;14,2;13,7;92;91;91;81;2,8;1,1;
2019/05/18;0600 UTC;0;913,2;913,6;913,2;;15;13,5;15,1;14,6;13,8;13,3;92;91;91;90;2,5;,6;
2019/05/18;0700 UTC;,2;913,2;913,2;913,1;;14,4;13,2;15;13,9;13,5;12,6;93;91;93;79;2,1;1;
2019/05/18;0800 UTC;0;913,2;913,2;913,1;;14,4;13;14,7;14,1;13,5;12,9;93;92;92;43;2,6;,7;
2019/05/18;0900 UTC;0;913,9;913,9;913,2;;15,8;14;15,9;14;14,3;12,8;93;89;89;48;6,5;2,6;
2019/05/18;1000 UTC;0;914,5;914,5;913,9;40,5;16,4;14,5;16,4;15,6;14,6;13,9;90;88;88;42;6,5;2,5;
2019/05/18;1100 UTC;0;915,2;915,2;914,5;328,5;17,3;15,1;17,3;16,4;15,1;14,5;88;87;87;30;6;2,8;
2019/05/18;1200 UTC;0;916;916;915,2;735,8;18,1;14,9;18,2;17,3;15,2;14,8;87;82;82;20;6,3;2,7;
2019/05/18;1300 UTC;0;916,1;916,1;915,9;2001,1;19,9;15,3;20,3;18;16;14,8;83;73;75;15;7,5;3,6;
2019/05/18;1400 UTC;0;915,5;916,1;915,5;2582;21,6;15,7;21,6;19,6;16;14,9;76;68;69;356;7,6;3,3;
2019/05/18;1500 UTC;0;914,9;915,5;914,9;3067;23;14,5;23,4;21,5;16;14,5;70;59;59;13;6,4;2,7;
2019/05/18;1600 UTC;0;914;914,9;914;2035,4;22,5;14,8;23,5;22,4;15,3;13,9;62;57;61;13;5,7;1,6;
2019/05/18;1700 UTC;0;913,1;914;913,1;1579,8;24,4;15;24,4;22,5;15,3;14,2;63;56;56;352;5,7;1,7;
2019/05/18;1800 UTC;0;912,8;913,1;912,8;848,5;23,1;15,2;24,4;22,4;15,7;14,1;65;55;61;246;4,5;,7;
2019/05/18;1900 UTC;0;912,7;912,8;912,7;1412,7;24,9;14,8;25,3;23,1;16,1;13,3;62;49;53;256;3,2;,8;
2019/05/18;2000 UTC;0;913,3;913,3;912,7;560,3;23;15,3;25;23;15,4;13,5;62;52;62;260;3,2;,9;
2019/05/18;2100 UTC;0;913,6;913,6;913,3;51,5;20,3;15,7;23;20,2;15,9;15,1;75;61;75;168;2,4;,6;
2019/05/18;2200 UTC;0;914,3;914,3;913,6;;18,7;16;20,3;18,6;16,1;15,6;84;75;84;52;1,6;,1;
2019/05/18;2300 UTC;0;914,9;915;914,3;;17,5;15,4;18,7;17,5;16;15,4;87;84;87;37;,9;0;
2019/05/19;0000 UTC;0;915,2;915,2;914,9;;16,6;14,9;17,5;16,6;15,4;14,9;90;87;89;83;1,7;,4;
2019/05/19;0100 UTC;0;915,2;915,3;915,1;;16,1;14,6;16,7;16,1;15,1;14,5;91;89;91;261;1,7;0;
2019/05/19;0200 UTC;0;915,3;915,4;915,2;;15,4;14,1;16,2;15,3;14,7;13,8;92;91;92;47;2,6;0;
2019/05/19;0300 UTC;0;914,9;915,3;914,9;;15,2;14;15,9;15;14,6;13,6;93;91;92;155;2,5;,2;
2019/05/19;0400 UTC;0;914,2;914,9;914,2;;14,8;13,4;15,3;14,8;14,1;13,4;93;92;92;201;2,1;0;
2019/05/19;0500 UTC;0;914;914,2;914;;14,6;13,1;15,7;14,3;14,6;13,1;93;90;91;95;2,5;,5;
2019/05/19;0600 UTC;0;913,9;914,2;913,9;;16;14,6;16;14,6;14,7;13,1;93;91;91;76;3,5;2,4;
2019/05/19;0700 UTC;0;913,9;914;913,9;;15,2;13,7;16;15,2;14,5;13,7;91;90;91;57;3,8;1,8;
2019/05/19;0800 UTC;0;914,1;914,1;913,9;;15,4;13,6;15,5;15,2;14;13,6;91;89;89;67;3,4;1,8;
2019/05/19;0900 UTC;0;914,4;914,4;914,1;;14,8;13,3;15,4;14,7;13,7;13,1;91;89;91;54;3,7;1,7;
2019/05/19;1000 UTC;0;915;915;914,4;27,9;14,9;13,5;14,9;14,3;13,5;13;92;91;92;54;3,1;2;
2019/05/19;1100 UTC;0;915,5;915,5;915;563,1;17,6;14,8;17,6;14,9;14,8;13,6;92;83;83;35;4,3;1,4;
2019/05/19;1200 UTC;0;916;916;915,5;1460,7;20,6;16,4;20,6;17,7;16,5;14,9;83;77;77;7;2,8;1,3;
2019/05/19;1300 UTC;0;916,2;916,2;916;2148,1;22,8;15,5;22,9;20,6;16,9;15,5;77;63;63;358;4,5;2,6;
2019/05/19;1400 UTC;0;915,7;916,2;915,7;2633,4;23,5;14,7;24,5;22,6;15,9;14,3;64;56;58;321;4,9;1,9;
2019/05/19;1500 UTC;0;914,8;915,7;914,8;2853,4;25;15;25,1;23,3;15,7;13,8;59;52;54;359;4,4;1,2;
2019/05/19;1600 UTC;0;914,1;914,8;914,1;2627,2;26;15,6;26;23,8;15,6;13,2;55;47;53;294;4,1;1,3;
2019/05/19;1700 UTC;0;913,2;914,1;913,2;1861,2;24,9;14;26;24;15,3;13;55;46;51;222;6,4;2,4;
2019/05/19;1800 UTC;0;912,7;913,2;912,7;2147,8;25,6;14,9;25,9;24,5;15,7;13,6;55;48;52;265;6,4;2,2;
2019/05/19;1900 UTC;0;912,7;912,8;912,7;919,4;24,2;14,6;25,7;23,9;15,4;13,9;57;51;55;213;6;3,2;
2019/05/19;2000 UTC;0;913;913;912,6;660,9;23,4;14,5;24,5;23,4;15;14,1;57;53;57;213;5,3;3,1;
2019/05/19;2100 UTC;0;913,5;913,5;913;34;21,1;14,6;23,4;21,1;14,8;14,4;67;57;67;194;5,3;1,3;
2019/05/19;2200 UTC;0;913,8;913,8;913,5;;18,8;14,3;21,1;18,8;14,8;14,2;75;67;75;145;2,5;0;
2019/05/19;2300 UTC;0;914,3;914,3;913,8;;17,4;14,2;18,8;17,4;14,5;14,1;82;75;82;31;,8;,2;
2019/05/20;0000 UTC;0;914,6;914,7;914,3;;15,8;13,3;17,4;15,8;14,1;13,3;86;82;85;159;,9;,1;
2019/05/20;0100 UTC;0;915;915;914,6;;15;13;15,8;15;13,4;13;88;85;88;149;,8;0;
2019/05/20;0200 UTC;0;915,1;915,1;914,9;;14,6;12,8;15;14,3;13,2;12,5;89;88;89;160;,4;0;
2019/05/20;0300 UTC;0;915;915,1;914,9;;14,1;12,2;14,6;14,1;12,8;12,2;89;88;88;230;1,3;0;
2019/05/20;0400 UTC;0;914,7;915;914,7;;13,9;12,1;14,2;13,8;12,5;12;90;88;89;246;,9;0;
2019/05/20;0500 UTC;0;914,2;914,7;914,2;;13,6;12,1;13,9;13,4;12,3;11,7;91;89;91;273;1;0;
2019/05/20;0600 UTC;0;913,6;914,2;913,6;;13,8;12,2;13,9;13,4;12,3;11,9;91;90;90;266;1,8;0;
2019/05/20;0700 UTC;0;913,4;913,6;913,3;;13,7;12;13,9;13,2;12,3;11,5;90;89;89;245;1,8;,4;
2019/05/20;0800 UTC;0;913,5;913,5;913,3;;13,4;11,7;13,7;13;12,2;11,3;91;89;89;231;3,2;,1;
2019/05/20;0900 UTC;0;913,8;913,8;913,5;;13,7;11,9;13,9;12,8;12,4;11,2;92;89;89;62;2,8;2;
2019/05/20;1000 UTC;0;914,5;914,5;913,8;25,8;13,2;11,7;13,7;13,1;12;11,4;90;89;90;34;2,8;1,2;
2019/05/20;1100 UTC;0;915,3;915,3;914,6;568,5;15,9;13;16;13,2;13,1;11,4;90;82;82;16;2,1;,8;
2019/05/20;1200 UTC;0;916;916;915,3;1459;19,8;14,4;19,8;15,9;14,7;12,9;82;70;71;310;1,7;,8;
2019/05/20;1300 UTC;0;915,9;916;915,9;2135,3;22,9;15,4;22,9;19,8;15,6;14,2;71;61;63;344;2,5;1,2;
2019/05/20;1400 UTC;0;915,5;915,9;915,5;2365,5;24,6;11,7;24,6;22,7;15,4;10,9;63;43;45;333;4,6;2,5;
2019/05/20;1500 UTC;0;914,8;915,5;914,7;2615;23,7;15,2;25,2;23,6;15,5;9,9;60;40;59;208;7;2,4;
2019/05/20;1600 UTC;0;913,9;914,8;913,9;2762,4;24,3;12,8;25,3;23,6;15,6;12,6;59;47;49;175;5,2;2;
2019/05/20;1700 UTC;0;913,3;913,9;913,3;2323,9;24,8;13,3;26,1;24,3;15,4;12,3;53;43;49;264;4,6;1,8;
2019/05/20;1800 UTC;0;913,1;913,3;913,1;1870,6;25,5;12,8;26,1;24,4;14;11,9;50;43;45;249;4,6;1,5;
2019/05/20;1900 UTC;0;913;913,1;912,9;1375,5;24,3;12,4;25,6;24,3;13,4;12,1;48;44;47;216;5,3;2,8;
2019/05/20;2000 UTC;0;913,1;913,1;913;620,4;23,4;12,8;24,6;23,4;13,1;12,6;51;47;51;186;4,7;2;
2019/05/20;2100 UTC;0;913,5;913,5;913,1;46,9;20,8;13;23,4;20,8;13,6;12,8;62;51;61;171;3,3;1,4;
2019/05/20;2200 UTC;0;913,9;913,9;913,5;;19;12,8;21,3;18,7;13;12,2;69;58;67;196;3,5;,3;
2019/05/20;2300 UTC;0;914,3;914,3;913,9;;16,5;12,7;19,2;16,5;12,8;11,9;78;65;78;153;1,4;0;
2019/05/21;0000 UTC;0;914,7;914,7;914,3;;15,7;12,3;16,5;15,6;13,1;12,3;83;78;80;333;1,6;,1;
2019/05/21;0100 UTC;0;914,9;914,9;914,6;;14,3;11,8;15,7;14,3;12,6;11,8;85;80;85;195;,9;0;
2019/05/21;0200 UTC;0;914,8;915;914,8;;14,6;11,5;14,8;14;12,2;11,5;87;82;82;350;2,9;,2;
2019/05/21;0300 UTC;0;914,7;914,9;914,7;;14,9;11,1;15,4;14,3;11,6;10,7;82;76;78;58;3,3;,9;
2019/05/21;0400 UTC;0;914,3;914,8;914,3;;14,6;10,8;15,3;13,9;11,5;10,6;82;76;78;60;3;,4;
2019/05/21;0500 UTC;0;913,9;914,3;913,9;;14,1;11,4;15;13,6;11,4;10,2;84;78;84;86;2,6;,7;
2019/05/21;0600 UTC;0;913,3;913,9;913,3;;14,3;10,7;14,6;14,1;11,5;10,7;84;79;79;55;3,2;2,1;
2019/05/21;0700 UTC;0;912,8;913,3;912,8;;13,7;10,6;14,3;13,7;10,8;10,6;82;79;82;54;4,1;2,6;
2019/05/21;0800 UTC;0;913,1;913,1;912,8;;14,2;11,1;14,7;13,7;11,6;10,6;83;81;82;42;4;2,6;
2019/05/21;0900 UTC;0;913,5;913,5;913;;15,3;11,3;15,5;14,2;11,8;11,1;83;77;77;76;5,1;2,9;
2019/05/21;1000 UTC;0;914,2;914,2;913,5;25;15,5;11,4;15,5;14,3;11,4;10,9;81;76;76;69;5,1;2,1;
2019/05/21;1100 UTC;0;914,7;914,7;914,2;593,8;17,7;12,5;17,7;15,2;12,6;11,1;78;72;72;36;4,1;1,6;
2019/05/21;1200 UTC;0;915,3;915,3;914,7;1461,1;22;14,3;22,1;17,7;14,8;12,6;72;61;61;28;3,3;1,6;
2019/05/21;1300 UTC;0;915,4;915,5;915,3;2129,8;24,5;13,8;24,5;22;14,4;12,8;62;51;51;46;6,3;2,5;
2019/05/21;1400 UTC;0;915,1;915,4;915,1;2584,8;26,1;12,4;26,2;24,3;14,2;11,9;51;41;43;351;6,5;2,6;
2019/05/21;1500 UTC;0;914,7;915,1;914,7;2826,5;27,3;10,1;27,3;25,7;13;9,7;45;33;34;319;7,7;3,9;
2019/05/21;1600 UTC;0;914,3;914,7;914,2;2756;27,8;9,6;28;27;10,9;9,3;35;32;32;285;8,6;3,1;
2019/05/21;1700 UTC;0;913,6;914,3;913,6;2417,4;27,9;10,6;28,3;27,3;11,7;9,2;37;32;34;271;8,6;2,8;
2019/05/21;1800 UTC;0;913,4;913,7;913,3;2067;28;11,1;28,4;27,7;11,3;10,1;36;33;35;288;8,3;4;
2019/05/21;1900 UTC;0;913,3;913,4;913,2;1245,3;26,5;10;28,1;26,5;11,5;9,8;37;34;35;229;8,3;3,7;
2019/05/21;2000 UTC;0;913,5;913,6;913,3;510,1;25,1;11,8;26,7;25,1;11,8;10;43;35;43;226;7,3;2,6;
2019/05/21;2100 UTC;0;913,9;913,9;913,5;48,2;22,7;12,9;25,1;22,7;13;11,9;54;43;54;189;4,4;1,4;
2019/05/21;2200 UTC;0;914,2;914,3;913,9;;19,9;13,4;22,7;19,9;13,5;12,9;67;54;67;156;2,9;0;
2019/05/21;2300 UTC;0;914,4;914,4;914,2;;17,7;13,5;19,9;17,7;13,8;13,3;76;67;76;343;,7;,1;
2019/05/22;0000 UTC;0;914,4;914,5;914,4;;16,7;13,6;17,7;16,7;14;13,5;83;76;82;74;1,5;0;
2019/05/22;0100 UTC;0;914,6;914,6;914,4;;15,6;13,2;17;15,4;13,9;12,9;86;81;86;303;,5;0;
2019/05/22;0200 UTC;0;914,8;914,8;914,6;;15,7;12,7;16,5;15,3;13,4;12,7;86;81;83;15;2,2;,1;
2019/05/22;0300 UTC;0;914,8;914,9;914,8;;15,2;12,6;15,8;15;12,8;12,3;85;82;85;243;2,2;,1;
2019/05/22;0400 UTC;0;914,6;914,8;914,6;;14,8;12;15,7;14,6;12,6;11,6;85;80;84;114;2,9;,5;
2019/05/22;0500 UTC;0;914,2;914,5;914,2;;15;11,9;16;14,8;12,4;11,5;84;78;82;65;3,4;,5;
2019/05/22;0600 UTC;0;913,9;914,2;913,9;;15,7;11,5;16;14,7;12,3;11,4;82;75;76;61;3,1;1,4;
2019/05/22;0700 UTC;0;913,7;913,9;913,6;;14,4;11,4;15,7;14,3;11,5;11,2;83;76;82;72;2,7;,4;
2019/05/22;0800 UTC;0;913,7;913,8;913,7;;13,7;11,1;14,8;13,7;11,7;11,1;84;81;84;140;2,9;0;
2019/05/22;0900 UTC;0;913,9;913,9;913,7;;14,4;11;14,5;13,6;11,7;11;85;80;80;57;4;2,7;
2019/05/22;1000 UTC;0;914,6;914,6;913,9;21,8;13,7;10,9;14,6;13,6;11,2;10,5;83;80;83;52;3,8;,7;
2019/05/22;1100 UTC;0;915;915,1;914,6;584,9;17,4;12,3;17,5;13,7;12,6;10,8;84;72;72;49;2,6;,5;
2019/05/22;1200 UTC;0;915,5;915,6;915;1449,8;22,1;14,5;22,1;17,4;14,7;12,4;72;62;62;21;2,1;,8;
2019/05/22;1300 UTC;0;915,5;915,7;915,5;2115,5;24,7;10,1;24,8;22,1;14,2;9,7;62;40;40;288;3,8;1,2;
2019/05/22;1400 UTC;0;915,1;915,5;915,1;2596;25,5;10,8;25,5;23,9;11,6;8,2;45;34;40;235;4,8;2,3;
2019/05/22;1500 UTC;0;914,7;915,1;914,7;2819,4;25,9;10,9;26,4;24,9;11,9;10;42;37;39;235;4,5;2;
2019/05/22;1600 UTC;0;913,7;914,7;913,7;2737,5;26,6;11,2;27,3;25,3;12,7;10,1;44;35;38;249;6,2;1,6;
2019/05/22;1700 UTC;0;913;913,7;913;2464,4;26,8;10,5;27,9;26,1;12,5;9,4;42;32;36;260;5,9;2,5;
2019/05/22;1800 UTC;0;912,5;913;912,5;2060,7;27;10,7;27,5;26,5;11,9;9,9;39;34;36;214;5,9;2,7;
2019/05/22;1900 UTC;0;912,5;912,5;912,4;1348,8;26,3;10,7;27,1;26,2;11,3;10;38;35;38;185;5,8;2,3;
2019/05/22;2000 UTC;0;912,6;912,6;912,4;612,6;24,8;10,8;26,3;24,8;10,8;9,6;41;36;41;192;4,1;1,9;
2019/05/22;2100 UTC;0;912,8;912,9;912,6;41,6;21,9;10,6;24,8;21,8;11,6;10,5;49;41;49;162;3;1,3;
2019/05/22;2200 UTC;0;913,2;913,2;912,8;;19,1;11,2;21,9;19,1;11,8;10,5;60;49;60;96;2;0;
2019/05/22;2300 UTC;0;913,8;913,8;913,2;;17,2;12,5;19,1;17,2;12,5;10,7;74;59;74;311;1,2;0;
2019/05/23;0000 UTC;0;914,1;914,1;913,8;;15,7;12,1;17,2;15,7;12,5;11,9;79;73;79;176;1,2;0;
2019/05/23;0100 UTC;0;914,2;914,2;914,1;;15,4;11,9;15,7;15;12,2;11,8;82;79;80;249;1,6;,1;
2019/05/23;0200 UTC;0;914,4;914,4;914,2;;15,2;10,9;16,8;15,1;11,8;10,5;80;67;76;280;3,7;,1;
2019/05/23;0300 UTC;0;914,2;914,4;914,2;;14,7;10,6;15,4;14,7;11,1;10,6;77;75;77;275;1;0;
2019/05/23;0400 UTC;0;913,9;914,2;913,9;;14;10,4;14,8;14;10,9;10,4;79;76;79;209;2,1;,4;
2019/05/23;0500 UTC;0;913,3;913,9;913,3;;15,2;10;15,4;13,8;10,6;10;79;70;71;87;3,8;1,3;
2019/05/23;0600 UTC;0;913,2;913,3;913,2;;14,1;9,4;15,2;14;10;9,4;76;71;73;81;3,8;,9;
2019/05/23;0700 UTC;0;912,9;913,3;912,8;;14,9;9,5;15;13,6;10;9,4;77;70;70;54;4,2;2,7;
2019/05/23;0800 UTC;0;913,2;913,2;912,9;;15,3;9,5;15,5;14,6;9,6;9,4;71;68;68;66;3,9;2,5;
2019/05/23;0900 UTC;0;913,4;913,4;913,1;;15,5;9,6;15,6;14,9;9,7;9,4;70;68;68;68;4,4;2,5;
2019/05/23;1000 UTC;0;914,1;914,1;913,4;34,3;14,8;10,1;15,5;14,4;10,2;9,5;74;68;73;48;3,9;2,3;
2019/05/23;1100 UTC;0;914,7;914,7;914,1;607,3;18,1;12,3;18,1;14,7;12,4;10;74;68;69;40;3,8;1,7;
2019/05/23;1200 UTC;0;915,1;915,1;914,7;1220,1;21,4;14,4;21,4;17,8;14,6;12,2;71;64;64;25;3,7;1,7;
2019/05/23;1300 UTC;0;915,1;915,2;915,1;1933,8;24,1;14;24,4;21,2;15,1;13,6;65;52;53;18;6,4;2,3;
2019/05/23;1400 UTC;0;914,3;915,1;914,3;2558,7;26,2;10,8;26,5;24,1;14,5;10,7;53;38;38;315;4,9;1,6;
2019/05/23;1500 UTC;0;913,6;914,3;913,5;2753;27,7;10,8;27,7;26,2;11,5;9,7;38;34;35;332;6,7;3,1;
2019/05/23;1600 UTC;0;912,6;913,6;912,6;2662,8;28,4;10,8;28,5;27;11,6;10;37;33;34;290;8;2,6;
2019/05/23;1700 UTC;0;911,8;912,6;911,8;2470,5;28,7;11,5;28,8;28;11,5;9,9;35;32;34;294;8,4;3,4;
2019/05/23;1800 UTC;0;911,3;911,8;911,2;1702,4;27,4;10,5;29,2;27,4;11,5;10,3;35;32;35;326;8,4;3,1;
2019/05/23;1900 UTC;0;911,3;911,3;911,1;956,9;27,8;10,9;28,4;27,3;11,4;10;36;33;35;270;6,4;1,8;
2019/05/23;2000 UTC;0;911,5;911,6;911,1;390,8;25,3;13,9;28;25,3;13,9;10,7;49;34;49;331;4,5;,5;
2019/05/23;2100 UTC;0;912,2;912,2;911,5;48,2;23,5;14,7;25,3;23,3;14,8;13,6;58;48;57;184;1,6;,3;
2019/05/23;2200 UTC;0;912,5;912,5;912,2;;21,2;14,5;23,8;21,2;14,9;14,2;66;56;66;69;1,9;,6;
2019/05/23;2300 UTC;0;912,7;912,7;912,5;;19,5;14,7;21,2;19,5;15;14,3;74;65;74;207;1,9;0;
2019/05/24;0000 UTC;0;913,1;913,1;912,7;;18,7;14,7;19,6;18,6;15,1;14,7;78;74;78;191;,9;,3;
2019/05/24;0100 UTC;0;913;913,2;913;;17,6;14,4;18,7;17,5;14,7;14;82;78;82;251;1;0;
2019/05/24;0200 UTC;0;912,8;913;912,8;;16,9;13,8;17,7;16,8;14,5;13,8;83;81;82;293;,9;,1;
2019/05/24;0300 UTC;0;912,6;912,9;912,4;;16,6;13,5;17;16,5;13,8;13,2;82;80;82;207;,9;0;
2019/05/24;0400 UTC;0;912,5;912,7;912,4;;17,2;12,9;17,3;16,4;13,6;12,9;82;76;76;62;2,9;,5;
2019/05/24;0500 UTC;0;912,3;912,5;912,2;;16,4;12,5;17,4;16,4;13;12,3;77;75;77;70;3,3;,5;
2019/05/24;0600 UTC;0;912;912,3;911,8;;16,7;13;16,7;16,1;13;12,5;81;77;79;38;5,1;2,7;
2019/05/24;0700 UTC;0;911,7;912;911,7;;16,3;12,7;16,8;16,2;13;12,5;80;76;79;30;5,3;1,6;
2019/05/24;0800 UTC;0;911,8;911,8;911,6;;16,3;13,1;16,4;16,1;13,1;12,6;81;79;81;32;3;1,6;
2019/05/24;0900 UTC;0;912;912;911,7;;16,6;13,2;16,7;16,3;13,3;13,1;82;80;80;44;4,1;2,4;
2019/05/24;1000 UTC;0;912,8;912,8;912;60,2;17,4;13,6;17,4;16,6;13,8;13,2;81;79;79;46;4,4;2;
2019/05/24;1100 UTC;0;913,2;913,3;912,8;446,2;19,5;14,4;19,5;17,4;14,6;13,7;79;73;73;54;5,1;2,8;
2019/05/24;1200 UTC;0;913,7;913,8;913,2;1120,7;23,2;15,3;23,2;19,5;15,9;14,5;73;61;61;333;5,1;2;
2019/05/24;1300 UTC;0;913,9;914,3;913,6;1721,4;23,6;15,4;24,7;20,4;15,9;13,8;72;54;60;245;8,7;2,2;
2019/05/24;1400 UTC;0;913,3;913,9;913,2;2229,4;25,3;15,3;25,5;23,7;15,5;13,9;60;51;54;272;6,8;2,5;
2019/05/24;1500 UTC;0;912,7;913,4;912,7;2320,6;25,2;15,8;25,5;24,1;16;14,8;59;53;56;259;6,1;2,2;
2019/05/24;1600 UTC;0;911,8;912,8;911,8;2364,3;25,5;15,5;25,9;24,4;16,5;15,1;59;53;54;259;7,3;1,8;
2019/05/24;1700 UTC;0;911,2;911,8;911,1;2174,6;26,8;14,7;27,3;25,4;16,6;14,5;56;47;47;273;8,2;3;
2019/05/24;1800 UTC;0;911,1;911,2;910,9;1599,3;26,9;13,7;28,1;26,8;14,8;13,1;47;42;44;282;8,2;2,7;
2019/05/24;1900 UTC;0;911,2;911,2;911;849,6;24,5;17;27,1;24,4;17;13,6;63;44;63;215;8,5;3,2;
2019/05/24;2000 UTC;0;911,5;911,5;911,2;303,3;23;17,5;24,8;23;17,6;16,8;72;63;72;208;5,8;2,1;
2019/05/24;2100 UTC;0;911,8;911,9;911,4;15,6;22,3;17,7;23;22,3;17,7;17,4;75;71;75;277;3,4;,3;
2019/05/24;2200 UTC;0;912,1;912,1;911,8;;20,6;17,5;22,3;20,6;17,7;17,5;82;75;82;26;1,4;,2;
2019/05/24;2300 UTC;0;912,6;912,6;912,1;;20,8;17,5;20,9;20,3;17,9;17,5;84;82;82;315;5,7;,9;
2019/05/25;0000 UTC;0;913,4;913,4;912,6;;18,6;16,8;20,7;18,6;17,6;16,7;89;81;89;238;8,6;4;
2019/05/25;0100 UTC;0;913,8;913,9;913,4;;17,2;15,8;18,6;17,2;16,8;15,7;91;89;91;246;8,9;3,2;
2019/05/25;0200 UTC;,2;914,1;914,1;913,8;;15,9;14,9;17,3;15,8;16;14,9;94;91;94;220;9,7;5,6;
2019/05/25;0300 UTC;,4;914;914,1;913,9;;15;14;15,9;15;14,9;14;95;94;94;211;9,7;4,5;
2019/05/25;0400 UTC;,2;913,7;914,1;913,7;;14,9;13,9;15;14,6;14;13,6;94;94;94;219;7;,6;
2019/05/25;0500 UTC;0;913,7;913,9;913,7;;15;13,6;15,1;14,8;14,1;13,5;94;91;91;229;3;1,4;
2019/05/25;0600 UTC;0;913,4;913,7;913,4;;15;13,3;15,1;14,9;13,6;13,2;91;89;90;233;3,6;1,5;
2019/05/25;0700 UTC;0;913,3;913,4;913,2;;14,7;13,2;15;14,7;13,3;13,1;91;89;90;231;3,9;2;
2019/05/25;0800 UTC;0;913,1;913,4;913,1;;14,4;13,1;14,7;14,4;13,2;12,9;92;90;92;220;3,9;2,1;
2019/05/25;0900 UTC;0;913,6;913,6;913,1;;14,2;12,7;14,4;14,2;13,1;12,7;92;91;91;208;5;1,2;
2019/05/25;1000 UTC;0;914,4;914,5;913,6;50,5;14;12,2;14,2;13,6;12,8;12,1;91;89;89;211;3;1,9;
2019/05/25;1100 UTC;0;914,7;914,7;914,4;442,3;14,8;11,2;14,8;14;12,5;10,9;89;79;79;195;3,8;2;
2019/05/25;1200 UTC;0;915,3;915,4;914,7;1421,1;15,5;10,4;15,8;14,8;11,4;10,3;79;71;72;203;4,2;2,1;
2019/05/25;1300 UTC;0;915,4;915,6;915,2;1438,7;16,4;11,3;16,9;15,5;12;10,3;74;69;72;205;5,2;2;
2019/05/25;1400 UTC;0;915,2;915,5;915,2;2441,8;17,6;11,3;18,1;16;12,5;10,9;74;66;67;206;5,3;2,3;
2019/05/25;1500 UTC;0;914,7;915,2;914,7;2592,8;18,9;11,6;20;17,2;13,1;11;69;62;63;242;6,1;2,9;
2019/05/25;1600 UTC;0;913,7;914,7;913,6;1753,1;20,2;11;20,5;18,6;12,5;11;65;55;55;251;6,1;2,4;
2019/05/25;1700 UTC;0;913;913,7;913;2620,9;20,9;10,2;21,5;19,6;11,7;9,8;58;49;50;219;5;1,7;
2019/05/25;1800 UTC;0;912,7;913;912,7;2229,4;21;9,9;22,2;20,4;11,4;9,4;53;46;49;217;5,5;2;
2019/05/25;1900 UTC;0;912,8;913;912,6;809,3;19,6;10,1;21,2;19,4;10,5;8,8;55;47;54;215;5;2,8;
2019/05/25;2000 UTC;0;913,1;913,2;912,8;382;18,5;10;19,6;18,3;10,5;9,5;60;54;58;172;4,2;1,7;
2019/05/25;2100 UTC;0;913,4;913,4;913,1;59,5;15,7;10,1;18,6;15,7;10,2;9,3;69;55;69;155;3,5;1,1;
2019/05/25;2200 UTC;0;913,9;913,9;913,4;;14;9,7;15,7;14;10,1;9,5;76;69;76;48;1,8;,1;
2019/05/25;2300 UTC;0;914,3;914,5;913,9;;11,7;9,3;14;11,7;10;9,2;85;76;85;2;,9;0;
2019/05/26;0000 UTC;0;914,8;914,9;914,3;;11,1;9,1;12;10,9;9,7;8,9;88;85;87;31;,8;0;
2019/05/26;0100 UTC;0;914,8;914,9;914,8;;10,1;8,4;11,1;9,9;9;8;89;86;89;293;1,1;0;
2019/05/26;0200 UTC;0;914,7;914,8;914,5;;10,1;8,2;10,7;9,9;9;8;90;87;88;29;1;,1;
2019/05/26;0300 UTC;0;914,4;914,7;914,3;;9,9;7,7;10,7;9,9;8,8;7,7;89;85;86;155;1,2;,1;
2019/05/26;0400 UTC;0;914,4;914,5;914,3;;10,6;8,4;10,6;9,3;8,4;7,5;89;86;87;74;2,6;1,7;
2019/05/26;0500 UTC;0;914,3;914,4;914,2;;10,1;7,4;10,8;10,1;8,4;7,2;87;80;83;56;3,7;2,2;
2019/05/26;0600 UTC;0;913,7;914,3;913,7;;10,5;8,1;11,3;10,1;8,4;7,4;85;82;85;70;3,8;1,4;
2019/05/26;0700 UTC;0;913,6;913,8;913,6;;10,2;8,1;10,9;9,9;8,4;7,8;87;84;87;62;2,9;1,3;
2019/05/26;0800 UTC;0;913,6;913,6;913,5;;10,1;7,4;10,5;9,8;8,3;7,4;87;83;83;49;4,3;2,6;
2019/05/26;0900 UTC;0;914,1;914,1;913,5;;10,2;6,9;10,3;9,9;7,3;6,9;83;80;80;45;4,4;2,3;
2019/05/26;1000 UTC;0;914,6;914,6;914,1;20,1;10,8;7,1;11;9,9;7,3;6,8;81;78;78;53;4,3;2,1;
2019/05/26;1100 UTC;0;915,2;915,2;914,6;618,5;13,9;8,5;13,9;10,7;8,5;7;78;70;70;38;3,9;1,5;
2019/05/26;1200 UTC;0;915,4;915,4;915,2;1462,3;18,1;10,8;18,1;14;11,1;8,5;70;63;63;33;3,3;1,6;
2019/05/26;1300 UTC;0;915,5;915,6;915,4;2127,3;21,4;10,2;21,5;18,1;11,6;10,2;64;49;49;29;5,7;2,5;
2019/05/26;1400 UTC;0;915,3;915,6;915,3;2567;23,2;7,2;23,4;21,4;10,5;5,8;50;32;36;267;5,2;1,3;
2019/05/26;1500 UTC;0;914,6;915,3;914,6;2787,6;24,2;7,3;24,8;23;8,7;6,3;38;32;34;331;4,7;1,8;
2019/05/26;1600 UTC;0;913,7;914,6;913,7;2706,1;25,6;7,1;26,1;24,2;8,9;5,9;36;30;31;283;5,4;1,3;
2019/05/26;1700 UTC;0;913,2;913,7;913,1;2464,5;25,8;7,9;26,4;25,4;8,5;6,5;34;29;32;269;5,1;2,5;
2019/05/26;1800 UTC;0;913;913,2;913;2065,4;26,6;7,2;26,8;25,1;8,7;6,7;35;28;29;337;5,1;,7;
2019/05/26;1900 UTC;0;913;913;912,9;1346,3;25;8,9;26,6;25;9,2;7,1;36;29;36;225;3,9;1,7;
2019/05/26;2000 UTC;0;913,2;913,2;913;618,5;23,2;9,7;25,6;23,2;10,5;8,8;43;35;42;189;3,9;1,8;
2019/05/26;2100 UTC;0;913,3;913,3;913,1;46;20,1;9,8;23,2;20,1;10,7;9,7;52;42;52;155;3,2;1,3;
2019/05/26;2200 UTC;0;914;914;913,3;;16,7;10,9;20,1;16,7;11,4;9,8;68;52;68;333;2;0;
2019/05/26;2300 UTC;0;914,7;914,7;914;;14,5;10,8;16,7;14,5;11,1;10,5;78;69;78;228;,2;0;
2019/05/27;0000 UTC;0;914,9;914,9;914,7;;13,3;10,5;14,5;13;10,8;10,3;84;78;84;347;,9;,1;
2019/05/27;0100 UTC;0;915,1;915,1;914,9;;12,9;9,8;13,4;12,5;10,6;9,8;84;82;82;259;1,7;,2;
2019/05/27;0200 UTC;0;915;915,1;915;;12,4;9;13,1;12,4;9,8;8,9;82;78;80;237;1,2;0;
2019/05/27;0300 UTC;0;914,7;915,1;914,7;;11,9;8,9;12,4;11,6;9,1;8,4;82;79;82;58;2,8;1;
2019/05/27;0400 UTC;0;914,4;914,7;914,4;;13,4;8,9;14,6;11,9;9,6;8,5;82;71;74;55;3,6;2,8;
2019/05/27;0500 UTC;0;914;914,4;914;;14,4;9,3;14,4;13,3;9,4;8,8;75;72;72;64;3,9;2,2;
2019/05/27;0600 UTC;0;913,9;914;913,9;;14,2;9,2;14,6;13,6;9,5;9;74;71;72;63;5;2,9;
2019/05/27;0700 UTC;0;913,7;913,9;913,7;;15,1;9,3;15,1;14,2;9,3;9,1;72;69;69;76;6,5;3,6;
2019/05/27;0800 UTC;0;913,9;913,9;913,7;;14,6;9,3;15,2;14,5;9,4;9;70;68;70;61;6,5;2,8;
2019/05/27;0900 UTC;0;914,2;914,2;913,9;;13,2;9;15,1;13,2;9,6;8,8;76;69;76;39;6,6;2,7;
2019/05/27;1000 UTC;0;914,9;914,9;914,2;21,9;13,5;9,8;14,6;13,2;10,1;9,1;78;74;78;35;5,2;2,5;
2019/05/27;1100 UTC;0;915,5;915,5;914,9;588,5;16,5;11,6;16,5;13,5;11,6;9,8;79;73;73;31;4,3;1,9;
2019/05/27;1200 UTC;0;915,9;915,9;915,5;1397,5;20,6;13,4;20,6;16,5;13,5;11,6;73;63;63;25;3,6;1,7;
2019/05/27;1300 UTC;0;915,9;916;915,9;2040,2;23,9;13,4;24;20,6;14;13;63;51;52;26;4,5;2,3;
2019/05/27;1400 UTC;0;915,6;915,9;915,6;2486,2;25,7;12,8;25,7;23,9;14;12,2;52;43;45;35;4,8;1,8;
2019/05/27;1500 UTC;0;914,8;915,6;914,8;2689,5;26,7;12,9;27,1;25,7;13,5;11,7;45;40;42;45;4,8;1,5;
2019/05/27;1600 UTC;0;913,9;914,8;913,9;2611,4;28,1;11,7;28,4;26,7;13,3;11,2;42;36;36;329;4,9;1,7;
2019/05/27;1700 UTC;0;913,1;913,9;913,1;2356,7;27,7;12,4;28,8;27,3;13,3;10,9;40;35;39;17;4,6;1,7;
2019/05/27;1800 UTC;0;912,7;913,1;912,7;1975,7;28,3;11,6;28,9;27,7;12,8;11;39;34;36;22;4,1;1;
2019/05/27;1900 UTC;0;912,6;912,7;912,6;1274,8;28,4;11,1;28,8;27,8;12,6;10,5;38;34;34;311;3,5;,3;
2019/05/27;2000 UTC;0;912,9;912,9;912,6;556,3;26,5;12;28,4;26,5;12,4;10,6;41;34;41;84;2,7;,5;
2019/05/27;2100 UTC;0;913,4;913,4;912,9;35,6;22,3;13,2;26,5;22,3;13,6;12,1;57;40;56;78;2,5;1,6;
2019/05/27;2200 UTC;0;913,6;913,6;913,4;;21;11,5;22,3;21;13,3;11,4;58;52;55;75;2,9;1,2;
2019/05/27;2300 UTC;0;914,2;914,2;913,6;;20,2;10,9;21;20,2;11,6;10,9;56;54;55;82;3,9;2,4;
2019/05/28;0000 UTC;0;914,5;914,5;914,2;;20,1;10,7;20,5;19,2;10,9;10,5;58;53;55;84;4,3;2,2;
2019/05/28;0100 UTC;0;914,4;914,6;914,4;;19,2;10,3;20,3;19,2;10,7;10,1;56;53;56;74;5,2;2,4;
2019/05/28;0200 UTC;0;914,3;914,5;914,3;;18,2;11,2;19,3;18;11,2;10,3;64;56;64;67;5,2;2,1;
2019/05/28;0300 UTC;0;914,1;914,4;914,1;;17,6;12,5;18,2;17,3;12,6;11,3;72;64;72;73;6,2;2,9;
2019/05/28;0400 UTC;0;913,7;914,1;913,7;;18;14;18,1;17,4;14;12,5;77;72;77;55;6,3;2,9;
2019/05/28;0500 UTC;0;913,3;913,7;913,3;;16,8;13,6;18,1;16,8;14,4;13,6;82;77;82;37;6,3;1,2;
2019/05/28;0600 UTC;0;912,9;913,3;912,9;;16,6;14,2;17;15,9;14,3;13,4;87;82;86;59;4;1,5;
2019/05/28;0700 UTC;0;912,9;912,9;912,8;;16,7;14,1;16,7;16,1;14,3;13,7;87;84;85;75;4,7;1,6;
2019/05/28;0800 UTC;0;913;913;912,8;;16;13,7;16,7;16;14,1;13,7;86;84;86;48;3,6;2,2;
2019/05/28;0900 UTC;0;913,4;913,4;913;;15,3;13,3;16;15,2;13,7;13,2;88;86;88;57;4,6;2,6;
2019/05/28;1000 UTC;0;913,5;913,5;913,2;22,6;15,3;13,2;15,7;15;13,6;12,9;88;87;88;51;4,6;2,9;
2019/05/28;1100 UTC;0;914;914;913,5;554,1;18,2;14,8;18,2;15,3;14,8;13,2;88;80;81;25;4,6;2,5;
2019/05/28;1200 UTC;0;914,4;914,5;914;1348,3;22,1;15,9;22,1;18,2;16,1;14,8;81;68;68;23;7,9;4,1;
2019/05/28;1300 UTC;0;914,8;914,8;914,4;1987,7;24,7;16,1;24,9;22,1;16,8;16;69;59;59;13;8,5;4,4;
2019/05/28;1400 UTC;0;914,6;914,9;914,5;2432,5;25,8;16,3;25,9;24,7;16,5;15,9;59;55;56;13;10,1;4,7;
2019/05/28;1500 UTC;0;914,3;914,7;914,2;2608,7;27;15;27,7;25,7;16,6;14,7;56;47;48;354;9,7;4,6;
2019/05/28;1600 UTC;0;913,8;914,3;913,8;2319,2;27,9;15;28,2;26,9;15,7;14,3;49;44;45;340;8,9;3,2;
2019/05/28;1700 UTC;0;913,4;913,8;913,3;1555,6;28,2;14,5;28,4;26,8;16;14,4;48;43;43;314;7,3;3,2;
2019/05/28;1800 UTC;0;913,2;913,4;913,2;1563,6;27,1;14,8;28,8;27,1;15,3;13,7;47;41;47;304;7,1;1,4;
2019/05/28;1900 UTC;0;913,2;913,2;913,1;1319,1;27,4;14,5;28,6;27,1;15,1;14,2;47;43;45;323;7,8;2,7;
2019/05/28;2000 UTC;0;913,5;913,5;913,1;508,5;26,8;15,2;27,7;26,8;15,3;14,4;49;45;49;334;5,3;1,6;
2019/05/28;2100 UTC;0;913,8;913,8;913,5;43;23;15,7;26,8;23;15,9;15,2;64;49;64;65;3;1,2;
2019/05/28;2200 UTC;0;914,1;914,2;913,8;;22;15,8;23;21,7;16;15,7;69;64;68;56;2,4;1;
2019/05/28;2300 UTC;0;914,3;914,4;914,1;;21,2;15,2;22;20,6;16,1;15,2;76;68;69;71;3;1,6;
2019/05/29;0000 UTC;0;914,6;914,6;914,3;;21,1;15;21,2;19,7;15,4;15;76;68;68;70;3;1,6;
2019/05/29;0100 UTC;0;914,6;914,6;914,4;;20,5;14,9;21,1;19,6;15;14,6;73;68;70;59;3,4;1,8;
2019/05/29;0200 UTC;0;914,7;914,9;914,6;;19,7;14,7;20,6;18,9;14,9;14,4;76;69;73;55;3,4;,9;
2019/05/29;0300 UTC;0;914,7;914,7;914,5;;19;14,9;19,8;18,4;14,9;14,2;78;72;77;63;3,1;,7;
2019/05/29;0400 UTC;0;914,3;914,7;914,3;;18,4;14,5;19,5;18;14,9;14;80;74;78;61;3,6;1,5;
2019/05/29;0500 UTC;0;914;914,3;913,9;;17,9;14,4;19,1;17,9;15;14,2;80;75;80;57;3,8;1,7;
2019/05/29;0600 UTC;0;913,6;913,9;913,6;;17,4;14,2;18,4;17,4;14,8;14,2;82;79;81;43;3,6;2,2;
2019/05/29;0700 UTC;0;913,7;913,7;913,5;;17;14;18,2;16,9;14,6;13,9;83;78;83;45;3,7;2;
2019/05/29;0800 UTC;0;914,2;914,2;913,7;;17,2;14,1;17,6;16,9;14,4;13,9;83;81;82;56;3,4;1,3;
2019/05/29;0900 UTC;0;914,6;914,6;914,2;;17,6;14,2;17,7;16,9;14,5;13,9;83;80;81;67;3,6;1,9;
2019/05/29;1000 UTC;0;915,2;915,2;914,6;30,8;16,9;13,9;17,6;16,7;14,1;13,7;83;80;83;38;3,6;1,6;
2019/05/29;1100 UTC;0;915,7;915,8;915,3;499,7;19;14,8;19;16,9;14,8;13,9;83;77;77;28;3,2;1,6;
2019/05/29;1200 UTC;0;916,3;916,3;915,7;1137,3;22,8;16;22,8;19;16,2;14,8;77;66;66;10;3;1,3;
2019/05/29;1300 UTC;0;916,4;916,5;916,3;1837,8;25,2;15,7;25,2;22,8;16,4;14,9;66;54;56;3;5,2;2,6;
2019/05/29;1400 UTC;0;915,8;916,4;915,7;2403,4;26,8;14,5;26,9;25,3;15,8;14,3;56;46;47;3;5,1;2,5;
2019/05/29;1500 UTC;0;915;915,8;915;2619;28,9;13,5;28,9;26,7;15;12,9;47;39;39;319;4,6;1,3;
2019/05/29;1600 UTC;0;914,3;915;914,3;2463,9;28,6;13,6;29,1;27,9;14,2;12,6;41;38;40;88;4,7;1,5;
2019/05/29;1700 UTC;0;913,6;914,3;913,6;1998;27,8;13;29,4;27,8;14,8;12,8;42;37;40;149;4,2;1,7;
2019/05/29;1800 UTC;0;913,2;913,6;913,2;1449,2;28,9;14;29,1;27,7;15,1;13,1;44;39;40;155;3,7;1,1;
2019/05/29;1900 UTC;0;913,1;913,2;913;1292,7;28,1;14,5;29,2;28;15,1;13,7;43;39;43;201;4,5;2,6;
2019/05/29;2000 UTC;0;913,2;913,3;913,1;549,6;26,7;15,1;28,1;26,7;15,1;14,1;49;43;49;174;4,2;1,5;
2019/05/29;2100 UTC;0;913,5;913,5;913,3;33,9;24,5;14,8;26,7;24,4;15,6;14,8;55;49;55;141;2,5;1,1;
2019/05/29;2200 UTC;0;913,7;913,7;913,4;;22;15,9;24,5;21,8;16;14,7;69;55;69;39;3;,4;
2019/05/29;2300 UTC;0;914,3;914,3;913,7;;22,2;15,6;22,4;21,6;15,9;15,6;69;66;66;70;3,8;1,8;
2019/05/30;0000 UTC;0;914,6;914,6;914,3;;21,2;15,5;22,2;21,2;15,9;15,5;71;66;70;58;3,2;1;
2019/05/30;0100 UTC;0;914,9;914,9;914,6;;19,7;15,6;21,5;19;15,9;15,4;81;69;77;40;3,2;1;
2019/05/30;0200 UTC;0;914,9;914,9;914,8;;19,8;15,1;20;19,5;15,6;15,1;77;74;75;36;2,8;1,6;
2019/05/30;0300 UTC;0;914,5;914,9;914,5;;20,3;15,8;20,5;19,7;16;15,1;76;74;76;59;4,2;2,1;
2019/05/30;0400 UTC;0;914,2;914,5;914,2;;19,8;16,1;20,3;19,5;16,1;15,6;79;76;79;58;4,2;1,6;
2019/05/30;0500 UTC;0;913,8;914,3;913,8;;19,4;15,7;20,2;19;16,2;15,5;81;76;79;70;3,6;2,1;
2019/05/30;0600 UTC;0;913,4;913,8;913,4;;19;15,8;19,5;18,6;15,9;15,4;82;79;82;53;5,6;2;
2019/05/30;0700 UTC;0;913,2;913,5;913,2;;19,2;15,4;19,3;19;15,9;15,4;82;79;79;71;4,4;2;
2019/05/30;0800 UTC;0;913,3;913,4;913,2;;18,5;15,1;19,3;18,5;15,5;15,1;81;79;81;66;4,2;2;
2019/05/30;0900 UTC;0;913,8;913,8;913,3;;17,6;14,9;18,5;17,6;15,2;14,8;84;81;84;65;4,3;2,4;
2019/05/30;1000 UTC;0;914,4;914,4;913,8;23;19,1;15;19,1;17,2;15,3;14,7;85;77;77;68;4,5;2,6;
2019/05/30;1100 UTC;0;915,1;915,1;914,4;529,3;21,5;15,9;21,5;19,1;15,9;15;77;70;70;48;4,2;1,8;
2019/05/30;1200 UTC;0;915,6;915,6;915,1;1320,1;23,7;16,1;23,7;21,5;16,7;15,6;70;62;62;17;5,3;2,7;
2019/05/30;1300 UTC;0;915,4;915,6;915,3;1976,8;25,7;16,2;25,7;23,7;16,2;15,4;62;55;56;8;7,9;3,2;
2019/05/30;1400 UTC;0;915,1;915,4;915,1;2424,8;26,9;14,4;27,5;25,5;16,1;13,9;56;44;46;17;6,8;2,8;
2019/05/30;1500 UTC;0;914,3;915,1;914,3;2421,4;27,8;14,8;28,4;26,9;15,1;13,4;47;41;45;339;6,5;2,7;
2019/05/30;1600 UTC;0;913,2;914,3;913,2;2468,4;29,4;13,8;29,5;27,2;15,1;13,1;45;38;38;338;7,1;3,4;
2019/05/30;1700 UTC;0;912,5;913,2;912,5;1944,2;28,8;13,8;29,5;27,8;14,2;12,6;42;37;40;3;6,8;2,7;
2019/05/30;1800 UTC;0;911,7;912,5;911,7;1979,1;28,8;12;29,5;28,4;13,7;11,5;40;33;36;356;6,8;3,1;
2019/05/30;1900 UTC;0;911,7;911,7;911,6;1162,8;28;13;29;27,6;13;11,5;39;34;39;8;6,2;2,2;
2019/05/30;2000 UTC;0;911,7;911,8;911,7;616,8;27,1;14,1;28,2;27,1;14,1;12,8;45;39;45;1;4,5;1,6;
2019/05/30;2100 UTC;0;912,1;912,1;911,7;43;23,7;15,2;27,1;23,7;15,4;14;59;45;59;39;3;1,3;
2019/05/30;2200 UTC;0;912,4;912,4;912,1;;22;15,2;23,7;21,9;15,3;15;65;59;65;33;2,8;,8;
2019/05/30;2300 UTC;0;912,8;912,8;912,3;;20,2;15,3;22;20,2;15,5;15,1;73;65;73;329;2,7;,2;
2019/05/31;0000 UTC;0;913,5;913,6;912,8;;19,3;14,8;20,3;19,3;15,3;14,8;76;72;75;273;2,5;0;
2019/05/31;0100 UTC;0;913,6;913,8;913,5;;19,8;14,4;19,9;19,2;14,9;14,3;76;71;71;46;2,7;,5;
2019/05/31;0200 UTC;0;913,5;913,8;913,4;;20,2;14,2;20,5;19,8;14,4;14;71;67;68;49;4,3;1,8;
2019/05/31;0300 UTC;0;913;913,5;913;;19,7;14,2;20,4;19,2;14,2;13,8;72;67;70;48;5,2;3,1;
2019/05/31;0400 UTC;0;912,8;913;912,8;;19,3;13,9;19,9;19,3;14,2;13,9;71;69;71;57;6,2;3,1;
2019/05/31;0500 UTC;0;912,3;912,8;912,3;;18,9;13,7;19,4;18,8;13,9;13,7;72;71;72;48;6,1;3,2;
2019/05/31;0600 UTC;0;911,8;912,3;911,7;;19;13,8;19,3;18,8;13,8;13,5;72;70;72;51;6,8;3,2;
2019/05/31;0700 UTC;0;911,7;911,8;911,6;;18,6;13,7;19,1;18,5;13,8;13,6;74;71;73;55;5,6;2,8;
2019/05/31;0800 UTC;0;911,8;911,8;911,6;;17,6;13,1;18,7;17,6;13,8;13,1;75;72;75;59;4,9;1,7;
2019/05/31;0900 UTC;0;912,2;912,2;911,8;;16,7;13,3;17,6;16,6;13,4;13;81;75;81;45;4,8;1,6;
2019/05/31;1000 UTC;0;912,7;912,8;912,2;25,4;17,2;13,6;17,2;16,6;13,6;13,3;81;79;79;52;6,2;3,2;
2019/05/31;1100 UTC;0;913,4;913,4;912,7;375,7;19,5;14,3;19,5;17,2;14,3;13,6;79;72;72;48;7,6;3;
2019/05/31;1200 UTC;0;914;914;913,4;1176,9;23,7;14,3;23,7;19,5;14,8;14;72;55;56;15;6,8;3,6;
2019/05/31;1300 UTC;0;914,2;914,3;914;1893,1;26,9;13,9;26,9;23,7;15,1;13,2;56;43;45;354;7,3;3,8;
2019/05/31;1400 UTC;0;914,1;914,3;914,1;2133,8;27,5;13,4;28,4;26,7;13,7;12,3;45;38;42;321;8,8;3,2;
2019/05/31;1500 UTC;0;913,4;914,1;913,4;2194,7;28,3;11,8;28,7;27,2;13,1;10,9;42;34;36;332;8,5;4,4;
2019/05/31;1600 UTC;0;912,5;913,4;912,4;2453;28,3;12,6;29,5;28,1;12,8;11,2;38;33;38;304;9,5;5;
2019/05/31;1700 UTC;0;912,1;912,5;912,1;1966,9;28,1;10,6;29,2;27,5;12,9;10,6;39;33;34;294;9,5;3,5;
2019/05/31;1800 UTC;0;911,7;912,1;911,7;1884,3;28,7;10,8;29,4;28;11,9;10,4;36;32;33;276;7,8;4;
2019/05/31;1900 UTC;0;911,7;911,7;911,6;1268,3;28,2;10,9;28,8;27,9;11,6;10,3;36;32;34;270;7,8;2,5;
2019/05/31;2000 UTC;0;911,9;911,9;911,7;553,4;26,7;11,7;28,2;26,7;11,7;10,5;39;34;39;266;6,5;1,2;
2019/05/31;2100 UTC;0;912,2;912,2;911,9;35,2;23,8;13,1;26,8;23,8;13,1;11,7;51;39;51;349;3,9;,3;
2019/05/31;2200 UTC;0;912,3;912,4;912,2;;21,2;13,9;23,8;21,1;14,1;12,8;63;51;63;13;2,4;,9;
2019/05/31;2300 UTC;0;912,7;912,7;912,3;;19,7;14;21,1;19,5;14,2;13,6;71;63;70;9;3,3;,6;
2019/06/01;0000 UTC;0;912,8;912,8;912,7;;18,8;13,9;20,1;18;14,1;13,4;75;67;73;27;3;,6;
2019/06/01;0100 UTC;0;913;913,2;912,8;;17,2;13,4;18,8;17,1;13,7;13,4;79;73;79;301;2,6;,2;
2019/06/01;0200 UTC;0;913;913,1;912,9;;17,4;13,7;17,5;17;13,9;13,4;80;79;79;201;1,2;0;
2019/06/01;0300 UTC;0;912,8;913;912,8;;16,5;13,4;17,4;16,5;13,7;13,4;82;79;82;216;,7;0;
2019/06/01;0400 UTC;0;912,6;912,8;912,6;;16,4;13,4;17,4;16,4;13,8;13,2;82;78;82;235;3;0;
2019/06/01;0500 UTC;0;912,2;912,7;912,2;;16,4;13,2;17,3;16,1;13,7;13;83;78;82;54;3,5;1,4;
2019/06/01;0600 UTC;0;911,8;912,2;911,8;;15,4;12,9;16,9;15,4;13,4;12,8;85;79;85;175;2,8;0;
2019/06/01;0700 UTC;0;911,8;911,8;911,7;;15,1;12,6;15,6;15,1;13,2;12,6;86;84;85;286;2,8;0;
2019/06/01;0800 UTC;0;911,9;911,9;911,7;;15,7;12,6;15,8;14,9;13;12,4;86;82;82;41;3,9;1,8;
2019/06/01;0900 UTC;0;912,5;912,5;911,8;;15,9;12,6;15,9;15,3;12,7;12,4;83;81;81;39;4,5;2,2;
2019/06/01;1000 UTC;0;913,4;913,4;912,5;21,7;15,4;12,6;15,9;14,9;12,9;12,1;84;80;83;73;4,9;,8;
2019/06/01;1100 UTC;0;914,1;914,1;913,4;501,1;18,7;13,6;18,8;15,4;13,8;12,3;84;72;72;36;3;1,2;
2019/06/01;1200 UTC;0;914,9;914,9;914,1;1299,4;22,5;15,1;22,5;18,8;15,2;13,7;72;62;63;31;3,8;1,7;
2019/06/01;1300 UTC;0;914,9;915;914,9;1940,9;25,5;14,6;25,7;22,5;15,3;14,3;63;51;51;22;4,7;2,5;
2019/06/01;1400 UTC;0;914,3;914,9;914,3;2390,1;27,2;14,1;27,3;25,5;14,9;13,5;51;43;45;22;5,2;1,8;
2019/06/01;1500 UTC;0;913,6;914,3;913,6;2239,5;27,3;13;28,6;27,2;15,5;12,4;45;39;41;304;6,1;1,8;
2019/06/01;1600 UTC;0;912,7;913,6;912,7;1365,6;27,1;13,6;27,8;26,6;14,6;12,6;46;41;44;229;5;2,5;
2019/06/01;1700 UTC;0;912,3;912,7;912,3;1282;27,6;14,7;28,6;26,4;14,9;13,2;46;41;45;217;5,7;2,2;
2019/06/01;1800 UTC;0;912,3;912,3;912,1;1597,1;27,4;13,7;28,1;26,5;14,5;13,2;46;41;43;215;6,1;3;
2019/06/01;1900 UTC;0;912,1;912,3;912;1061,4;26,6;13,6;27,5;26,6;14,3;13,3;45;43;45;190;5,9;2,4;
2019/06/01;2000 UTC;0;912,2;912,2;912;499,8;25,7;14,3;27;25,7;14,4;13,4;49;44;49;193;4,6;1,7;
2019/06/01;2100 UTC;0;912,3;912,4;912,2;27,6;23;14,4;25,7;23;14,7;14,2;58;49;58;282;2,7;,4;
2019/06/01;2200 UTC;0;912,8;912,8;912,3;;20;15,3;23;20;15,4;14,2;74;58;74;280;1,6;0;
2019/06/01;2300 UTC;0;913,3;913,3;912,8;;18,3;14,8;20;18,3;15,5;14,8;80;74;80;179;1;0;
2019/06/02;0000 UTC;0;913,5;913,5;913,2;;18,1;14,3;18,6;17,9;15,3;14,3;82;78;79;266;1,1;,1;
2019/06/02;0100 UTC;0;913,7;913,7;913,5;;17,1;14,3;18,1;17;14,6;14,1;84;79;84;288;1,1;0;
2019/06/02;0200 UTC;0;913,7;913,8;913,6;;18,3;13,8;18,3;16,7;14,5;13,7;84;75;75;44;3,2;,1;
2019/06/02;0300 UTC;0;913,6;913,8;913,6;;17,5;13,7;18,5;17,5;13,9;13,5;79;74;79;108;2,5;,1;
2019/06/02;0400 UTC;0;913,3;913,6;913,3;;18,5;13,3;18,5;17,4;13,8;13,2;79;72;72;61;3,6;2,4;
2019/06/02;0500 UTC;0;913;913,3;913;;17,7;13;18,6;17,6;13,3;13;75;71;74;46;3,6;1,3;
2019/06/02;0600 UTC;0;912,8;913;912,7;;17,5;12,9;17,7;16,9;13,1;12,8;77;74;74;55;3,1;1,9;
2019/06/02;0700 UTC;0;912,7;912,8;912,7;;16,9;12,8;17,5;16,2;13;12,6;80;74;77;48;3,4;2,1;
2019/06/02;0800 UTC;0;913;913;912,7;;16,8;12,6;17;16,5;12,8;12,6;78;76;76;45;3,5;1,8;
2019/06/02;0900 UTC;0;913,5;913,5;913;;16,5;12,6;16,8;15,9;12,7;12,2;80;76;78;41;3,5;2,5;
2019/06/02;1000 UTC;0;913,9;913,9;913,5;21;17,7;12,7;17,8;16,4;12,7;12,3;78;71;72;67;5,2;3;
2019/06/02;1100 UTC;0;914,6;914,6;913,9;490,1;19,5;13,9;19,5;17,7;13,9;12,7;73;70;70;38;5,6;1,8;
2019/06/02;1200 UTC;0;915,2;915,2;914,6;1307,1;23,2;15,3;23,2;19,5;15,5;14;70;61;61;16;3,4;1,8;
2019/06/02;1300 UTC;0;915,3;915,3;915,1;1953,4;26,3;14,2;26,3;23,1;16;14;62;47;47;13;4,9;2,2;
2019/06/02;1400 UTC;0;914,8;915,3;914,8;2390,4;27,9;13,8;27,9;26,2;14,6;12;48;38;42;32;5,8;1,2;
2019/06/02;1500 UTC;0;914,2;914,8;914,2;1995,9;28,6;11;28,9;27,1;13,8;10,4;42;33;34;287;6,4;2,7;
2019/06/02;1600 UTC;0;913,5;914,2;913,5;2192,2;27,5;11,5;29,7;27,3;12,2;10;38;31;37;226;6,9;3,1;
2019/06/02;1700 UTC;0;913;913,5;912,9;2229,8;28,7;11,4;29,5;27,5;12,9;9,9;38;30;34;245;7,2;2,3;
2019/06/02;1800 UTC;0;912,7;913;912,6;2003,5;28,7;11,6;29,2;28,2;12,7;9,4;38;29;35;246;13,7;2,2;
2019/06/02;1900 UTC;0;912,8;912,8;912,6;1330,5;27,9;11,8;28,7;27,6;12,3;10,9;38;34;37;192;5,9;2,8;
2019/06/02;2000 UTC;0;913,2;913,2;912,7;546,9;26,2;13,5;28,1;26,2;13,9;10,8;46;35;46;188;4,8;1,9;
2019/06/02;2100 UTC;0;913,3;913,3;913,2;28,2;24,5;12,5;26,2;24,1;13,5;12,5;50;45;47;191;4;2,3;
2019/06/02;2200 UTC;0;913,8;913,8;913,3;;20,9;13,4;24,5;20,9;13,4;12,5;62;47;62;108;3,7;0;
2019/06/02;2300 UTC;0;914,4;914,4;913,8;;19,4;14,4;20,9;19,4;14,7;13,4;73;62;73;13;,8;,1;
2019/06/03;0000 UTC;0;914,6;914,6;914,4;;18,2;14,3;19,4;18,2;14,7;14,2;78;72;78;210;1;0;
2019/06/03;0100 UTC;0;914,8;914,8;914,5;;17,9;14,1;18,2;17,9;14,4;14;79;78;78;256;,4;0;
2019/06/03;0200 UTC;0;914,8;914,8;914,6;;18,5;13,7;19;17,6;14,2;13,5;79;70;73;136;3;,7;
2019/06/03;0300 UTC;0;914,6;914,8;914,5;;18,9;12,7;19,6;18,3;13,7;12,6;74;65;67;74;4,7;2,3;
2019/06/03;0400 UTC;0;914,4;914,6;914,4;;18,2;12,6;19,1;18,2;12,8;12,5;70;66;70;56;3,5;2,3;
2019/06/03;0500 UTC;0;913,8;914,4;913,8;;18,3;12,6;18,6;18,1;12,7;12,5;70;68;69;65;4;2,2;
2019/06/03;0600 UTC;0;913,5;913,8;913,5;;18,2;12,6;18,4;17,3;12,8;12,4;73;69;70;72;4,3;2,6;
2019/06/03;0700 UTC;0;913,7;913,7;913,5;;16,7;12,5;18,4;16,7;12,7;12,4;76;69;76;48;4,3;2,7;
2019/06/03;0800 UTC;0;914,1;914,1;913,7;;16,6;12,5;16,8;16,3;12,6;12,4;78;76;77;53;4,5;2,6;
2019/06/03;0900 UTC;0;915;915;914,1;;16,5;12,5;17,9;16,1;12,6;11,8;79;71;77;46;4,1;1,6;
2019/06/03;1000 UTC;0;915,7;915,7;915;20,2;16,6;12,6;16,7;16,3;12,6;12,5;78;77;77;35;3,6;1,6;
2019/06/03;1100 UTC;0;916,2;916,2;915,7;323,1;18,9;13,5;18,9;16,6;13,5;12,6;77;71;71;33;3,1;1,7;
2019/06/03;1200 UTC;0;916,4;916,4;916,1;1021,8;22,7;14,8;22,8;18,9;14,8;13,5;71;60;61;37;4,9;2,3;
2019/06/03;1300 UTC;0;916,4;916,6;916,4;1932,5;26;14,5;26;22,7;15,2;14,1;61;48;49;14;6,3;3,5;
2019/06/03;1400 UTC;0;916,8;916,8;916,4;2312,1;22,8;15,4;27,6;22,8;16,3;12,6;63;40;63;228;9,4;5,7;
2019/06/03;1500 UTC;0;916,6;916,8;916,6;2314,6;23,7;15,4;24,1;22,5;16,6;15,1;66;59;60;228;9,6;5,8;
2019/06/03;1600 UTC;0;916,6;916,6;916,3;2249;23;14,9;24,2;22,9;16,1;14,9;63;59;60;235;10,2;5,5;
2019/06/03;1700 UTC;0;916,4;916,6;916,3;689,2;22,2;15,8;23;21,8;16,1;14,9;69;60;67;214;9,2;5,3;
2019/06/03;1800 UTC;0;917,3;917,3;916,3;698,6;19,9;14,8;22,5;19,8;16,2;14,8;73;66;72;213;13,2;8,3;
2019/06/03;1900 UTC;2,4;917,2;918;917,2;167,7;16,7;15,1;19,9;16,6;15,5;14,4;92;72;91;125;15,7;1,3;
2019/06/03;2000 UTC;,6;916,1;917,2;916;182,2;17,3;15,4;17,3;16,7;15,7;15;92;89;89;161;5;1,1;
2019/06/03;2100 UTC;0;916,2;916,2;916;20,8;15,5;13,6;17,3;15,5;15,4;13,6;89;85;88;15;2,2;,1;
2019/06/03;2200 UTC;0;916,9;916,9;916,2;;15,2;13,9;15,9;15,2;14,1;13,5;92;88;92;187;2,4;0;
2019/06/03;2300 UTC;0;917,4;917,4;916,9;;14,8;13,6;15,2;14,8;14;13,5;93;92;92;158;,7;0;
2019/06/04;0000 UTC;0;917,8;917,8;917,4;;14,3;13,1;14,9;14,2;13,7;13;93;92;93;163;1;,1;
2019/06/04;0100 UTC;0;917,8;917,9;917,7;;14,2;13,3;15,2;14,2;14,2;13,1;94;93;94;51;1,6;,8;
2019/06/04;0200 UTC;0;917,8;917,9;917,7;;13,9;13,1;14,2;13,6;13,3;12,8;95;94;95;148;2,4;0;
2019/06/04;0300 UTC;0;917,8;918;917,8;,2;14,8;14;15;13,9;14,2;13,1;95;95;95;158;1,5;,2;
2019/06/04;0400 UTC;0;917,3;917,8;917,2;1,5;15,8;14,8;15,9;14,6;15;13,8;95;94;94;180;2,9;1,5;
2019/06/04;0500 UTC;0;917;917,3;916,9;;14,9;13,8;15,8;14,8;14,9;13,6;94;92;93;184;3;,9;
2019/06/04;0600 UTC;0;916,7;917;916,6;;14,9;13,7;15,5;14,8;14,4;13,7;94;92;92;207;2,6;,5;
2019/06/04;0700 UTC;0;916,8;916,8;916,5;;14,8;14;14,9;14,7;14;13,5;95;92;95;181;2,7;1,1;
2019/06/04;0800 UTC;0;917;917;916,8;;15;14,1;15,2;14,8;14,3;14;95;95;95;165;2,6;,5;
2019/06/04;0900 UTC;0;917,5;917,5;916,9;;15,1;14,3;15,2;15;14,4;14,1;95;95;95;154;4;,9;
2019/06/04;1000 UTC;0;918,2;918,2;917,5;22,8;15;14;15,2;15;14,4;14;95;94;94;142;3,4;1;
2019/06/04;1100 UTC;0;918,9;919;918,2;433,4;15,6;14,1;15,8;14,5;14,7;13,5;94;91;91;160;3,6;1,8;
2019/06/04;1200 UTC;0;919,6;919,6;918,9;1311,7;17,4;13,9;17,5;15,5;14,5;13,6;91;79;79;151;3,7;1,5;
2019/06/04;1300 UTC;0;919,9;920;919,6;1900,1;18,1;14,1;18,9;17,1;14,2;12,7;80;69;77;172;5,7;2;
2019/06/04;1400 UTC;0;919,9;920,1;919,9;2625,9;19,6;11,9;20,3;18,1;14,3;11,6;77;59;61;160;6,5;2,4;
2019/06/04;1500 UTC;0;919,3;919,9;919,3;2837,6;20,4;11,7;20,8;19,5;12,9;11,5;63;57;57;173;7,6;2,9;
2019/06/04;1600 UTC;0;918,6;919,3;918,6;2653,8;21,4;12,4;21,4;20,4;12,9;11;60;53;57;157;6,7;2,7;
2019/06/04;1700 UTC;0;918;918,6;918;2447,2;21,9;12,1;22,1;21;12,6;11,2;57;52;54;181;6,1;2,9;
2019/06/04;1800 UTC;0;917,6;918;917,6;2051,4;22,3;11,3;22,4;21,6;11,8;10,7;54;49;50;199;8;2,5;
2019/06/04;1900 UTC;0;917,7;917,7;917,5;1336,9;22;10,8;22,4;21,5;11,5;10,5;51;49;49;181;6;2,4;
2019/06/04;2000 UTC;0;917,9;917,9;917,7;587,6;20,3;10,6;22;20,3;10,8;10,1;54;48;54;164;5,8;1,9;
2019/06/04;2100 UTC;0;918,2;918,2;917,9;39,1;17,9;10,7;20,3;17,8;11,1;10,5;63;53;63;149;3,9;2,1;
2019/06/04;2200 UTC;0;918,4;918,4;918,2;;16,9;10,2;17,9;16,9;10,6;10,1;65;62;65;137;3,4;1,8;
2019/06/04;2300 UTC;0;918,8;918,8;918,4;;15,6;10,2;16,9;15,6;10,4;10,2;70;65;70;143;4,1;2,6;
2019/06/05;0000 UTC;0;919,1;919,1;918,8;;14,7;10,3;15,6;14,7;10,3;10,2;75;70;75;148;4,8;2,4;
2019/06/05;0100 UTC;0;919,2;919,2;919;;12,4;9,7;14,7;12,4;10,3;9,7;83;75;83;92;4,4;,9;
2019/06/05;0200 UTC;0;919,1;919,3;919,1;;11,4;9,4;12,4;11,4;10,3;9,4;88;83;87;154;1,9;0;
2019/06/05;0300 UTC;0;918,9;919,1;918,8;;11,9;9,3;12,8;11,4;10;8,9;88;81;84;71;3,4;1,4;
2019/06/05;0400 UTC;0;918,5;918,9;918,5;;13,1;9,7;13,1;11,8;9,9;9,3;85;80;80;114;3,6;2;
2019/06/05;0500 UTC;0;917,9;918,5;917,9;;12,5;9,4;13,1;12,2;9,6;9,3;83;80;82;109;3,5;1,9;
2019/06/05;0600 UTC;0;917,4;917,9;917,4;;11,2;8,3;12,5;11,2;9,4;8,3;83;79;82;10;4;,4;
2019/06/05;0700 UTC;0;917;917,4;917;;11,8;7,7;12,3;11;8,8;7,6;84;75;76;112;6,4;2,5;
2019/06/05;0800 UTC;0;916,9;917;916,9;;10,9;7,7;12,1;10,8;7,9;7,6;81;75;81;142;6,4;1,9;
2019/06/05;0900 UTC;0;917,1;917,1;916,9;;10,7;7,6;10,9;10,7;7,8;7,6;82;81;81;47;4,7;1,2;
2019/06/05;1000 UTC;0;918,5;918,5;917,1;15;10,7;7,4;10,8;10,6;7,6;7,3;81;80;80;161;5,8;,9;
2019/06/05;1100 UTC;0;919,3;919,3;918,5;471,4;13;7,7;13,1;10,4;8;7,2;81;70;70;104;3,8;1,2;
2019/06/05;1200 UTC;0;919,8;919,9;919,3;1411,9;15,5;8;15,5;13;8,5;7,5;70;61;61;108;5,9;1,6;
2019/06/05;1300 UTC;0;919,8;920;919,8;2093;17,8;7,9;17,9;15,4;8,6;7,4;61;52;52;63;9,3;2,2;
2019/06/05;1400 UTC;0;919,3;919,8;919,3;2569;20,4;6,9;20,4;17,8;8,4;5,9;53;40;42;56;8,5;2,8;
2019/06/05;1500 UTC;0;918,7;919,3;918,7;2800,1;21,4;4,9;21,6;20;6,8;4,1;42;32;34;36;8,9;3,4;
2019/06/05;1600 UTC;0;917,9;918,7;917,9;2750,3;22,4;5,8;22,4;21,3;6,4;4,1;36;32;34;89;8,9;1,9;
2019/06/05;1700 UTC;0;917,3;917,9;917,2;2480,2;22,7;5,3;22,9;21,7;6,9;4,5;37;31;32;86;4,8;1,7;
2019/06/05;1800 UTC;0;916,8;917,3;916,8;2047,4;23;5,4;23,5;22,5;6,4;4,5;35;30;32;124;4,4;,8;
2019/06/05;1900 UTC;0;916,4;916,8;916,3;1335,4;22,7;4,7;23,7;22,5;6,4;4,2;34;30;31;356;4,3;2,6;
2019/06/05;2000 UTC;0;916,7;916,7;916,3;598,1;20;8,4;23,1;20;8,4;4,2;47;30;47;179;4,3;1,9;
2019/06/05;2100 UTC;0;917;917;916,7;40,7;18;7,7;20;17,6;9,2;7,7;57;47;51;102;4,1;1,9;
2019/06/05;2200 UTC;0;917,5;917,5;917;;16;7,7;18;15,8;8;7,3;59;50;58;108;3,5;1;
2019/06/05;2300 UTC;0;917,8;917,8;917,5;;15,1;7,4;16,1;15;7,7;7,4;60;57;60;116;5,7;2;
2019/06/06;0000 UTC;0;917,9;918;917,8;;14,7;7,3;15,1;14,5;7,4;7,3;62;60;61;113;4,5;2;
2019/06/06;0100 UTC;0;917,9;918,1;917,8;;13,6;7,3;15;13,6;7,4;7,2;66;60;66;122;6,5;1,4;
2019/06/06;0200 UTC;0;918,1;918,2;917,9;;13,2;7,4;13,7;13,1;7,5;7,3;68;66;68;122;5;2;
2019/06/06;0300 UTC;0;917,8;918,1;917,7;;12,6;7,3;13,2;12,6;7,4;7,2;70;68;70;232;4,8;,6;
2019/06/06;0400 UTC;0;917,7;917,8;917,6;;12,8;7,4;12,9;12,5;7,6;7,3;71;70;70;353;3,1;,6;
2019/06/06;0500 UTC;0;917,3;917,7;917,3;;12;7,7;12,8;12;7,7;7,3;75;70;75;265;3,7;,7;
2019/06/06;0600 UTC;0;916,8;917,3;916,8;;12,2;8,4;12,5;12,1;8,6;7,8;78;75;78;201;6,1;1,1;
2019/06/06;0700 UTC;0;916,9;916,9;916,6;;11,9;8,6;12,2;11,8;8,7;8,3;80;78;80;251;3,7;1;
2019/06/06;0800 UTC;0;916,9;917;916,9;;11,3;8,3;12;11,3;8,7;8,3;82;80;82;157;4,8;1,4;
2019/06/06;0900 UTC;0;917,5;917,5;916,9;;11,4;8,2;11,5;11,1;8,4;8,1;82;81;81;259;5,7;,7;
2019/06/06;1000 UTC;0;918,3;918,3;917,5;16,3;11,5;8,2;11,5;11,2;8,3;8;81;80;80;10;3,8;1;
2019/06/06;1100 UTC;0;918,4;918,5;918,3;452,9;14,5;8,9;14,5;11,5;9,2;8,2;80;69;69;39;5,4;1,4;
2019/06/06;1200 UTC;0;918,9;918,9;918,4;1401,2;17,7;9,2;17,8;14,5;9,4;8,9;70;57;57;37;6,4;2,3;
2019/06/06;1300 UTC;0;918,8;919;918,8;2056,4;19,8;9,3;20;17,7;9,9;8,9;57;51;51;35;8,3;2,7;
2019/06/06;1400 UTC;0;918,2;918,8;918,2;2518,1;22,5;8,8;22,5;19,8;10,1;8,8;51;42;42;35;7,9;2,4;
2019/06/06;1500 UTC;0;917,4;918,2;917,4;2766,6;22,9;7,2;23,4;22,2;9,3;6,8;43;35;36;21;7,6;3,4;
2019/06/06;1600 UTC;0;916,6;917,4;916,6;2709,8;24;8,5;24,1;22,7;8,7;6,6;38;35;37;47;7,1;2,7;
2019/06/06;1700 UTC;0;916,1;916,6;916,1;2453,6;24,2;7,2;24,7;23,6;8,6;6,4;38;32;34;360;6,5;2,4;
2019/06/06;1800 UTC;0;915,8;916,1;915,8;2012,3;24,2;7,2;25;24,1;8,2;7;36;33;34;355;6,5;2,2;
2019/06/06;1900 UTC;0;915,6;915,8;915,6;1301,4;24,8;7,9;24,9;23,8;7,9;6,8;35;32;34;65;5,2;1,3;
2019/06/06;2000 UTC;0;915,6;915,6;915,6;563,8;23;8;24,8;23;8,6;7,4;39;33;38;8;4,7;1,4;
2019/06/06;2100 UTC;0;916;916;915,6;31,6;19,1;9,5;23;19,1;10;8,3;54;38;54;84;3;2;
2019/06/06;2200 UTC;0;916,3;916,3;916;;17,8;9,1;19,1;17,8;9,5;9;57;53;57;82;4,4;2,6;
2019/06/06;2300 UTC;0;916,6;916,6;916,3;;16,8;8,9;17,8;16,8;9,4;8,9;60;57;60;81;5,1;2,5;
2019/06/07;0000 UTC;0;917,3;917,3;916,6;;15,3;10,2;16,8;15,3;10,5;8,9;72;60;72;22;6,2;1,3;
2019/06/07;0100 UTC;0;917,3;917,4;917,2;;14,7;10,4;15,3;14,6;10,4;10;76;72;75;340;2,9;,5;
2019/06/07;0200 UTC;0;917,4;917,5;917,3;;14,4;10,2;14,9;14,4;10,5;10,2;76;74;76;307;3,9;,7;
2019/06/07;0300 UTC;0;917;917,4;917;;14,3;10,1;14,6;14,2;10,4;10;77;75;76;8;2,9;,5;
2019/06/07;0400 UTC;0;917,2;917,2;917;;12,9;9,5;14,4;12,9;10,1;9,5;80;75;80;144;3,5;,2;
2019/06/07;0500 UTC;0;916,9;917,2;916,9;;13,2;9,3;13,3;12,3;10;9,3;83;77;78;345;2,9;1;
2019/06/07;0600 UTC;0;916,7;916,9;916,7;;13;9;13,2;12,6;9,4;8,9;79;77;77;253;3;,7;
2019/06/07;0700 UTC;0;916,7;916,8;916,7;;12,2;8,7;13,1;12,2;9,1;8,7;79;76;79;218;5;1;
2019/06/07;0800 UTC;0;917;917;916,7;;11,6;8,4;12,2;11,6;8,8;8,4;81;79;81;31;5;,6;
2019/06/07;0900 UTC;0;917,4;917,4;917;;10,9;7,9;11,6;10,9;8,6;7,9;83;80;82;43;4,8;1,1;
2019/06/07;1000 UTC;0;917,8;917,8;917,4;15,8;11,2;8,2;11,2;10,5;8,3;7,8;84;82;82;66;4,1;1,8;
2019/06/07;1100 UTC;0;918,2;918,2;917,8;428,9;14,3;9,3;14,3;11,2;9,3;8,2;82;72;72;35;4,3;1,5;
2019/06/07;1200 UTC;0;918,9;918,9;918,2;1386,9;17,9;9,2;17,9;14,3;9,6;9,1;72;57;57;64;6,6;3,5;
2019/06/07;1300 UTC;0;918,9;919;918,9;2040,1;20,4;9,3;20,4;17,9;9,7;8,9;57;48;49;63;6,8;2,7;
2019/06/07;1400 UTC;0;918,1;918,9;918,1;2521;21,6;7,7;22,2;20,1;9,9;7,5;51;40;41;29;6,2;1,9;
2019/06/07;1500 UTC;0;917,5;918,1;917,5;2749,3;22,7;6,9;23,4;21,6;9,3;6,6;43;35;36;348;5,3;,9;
2019/06/07;1600 UTC;0;916,9;917,6;916,9;2683,9;25;6,8;25,3;22,7;8,2;6,1;39;31;31;352;5,1;1,8;
2019/06/07;1700 UTC;0;916,3;916,9;916,3;2435,6;24,6;7,2;25,8;23,8;8;6,1;34;31;33;259;4,8;1,2;
2019/06/07;1800 UTC;0;915,9;916,3;915,9;2000,5;25;7;25,6;24,2;7,8;5,6;33;28;32;307;4,5;1;
2019/06/07;1900 UTC;0;916;916;915,9;1297,3;24,4;6,8;25,3;24,2;8;6,6;34;32;32;242;4,3;1,7;
2019/06/07;2000 UTC;0;916,1;916,1;915,9;559,2;22;8,2;24,4;22;8,4;6,5;41;32;41;158;4,3;1,5;
2019/06/07;2100 UTC;0;916,4;916,4;916,1;16,4;19,8;8,1;22;19,8;8,2;7,6;47;41;47;145;3,9;1,7;
2019/06/07;2200 UTC;0;916,5;916,5;916,3;;16,3;9;19,8;16,3;9,5;8;63;47;62;96;3,2;,6;
2019/06/07;2300 UTC;0;917;917;916,5;;14,3;9,9;16,4;14,3;10,2;8,7;75;61;75;279;1,7;0;
2019/06/08;0000 UTC;0;916,9;917,1;916,9;;13;9,3;14,3;13;9,9;9,3;78;74;78;272;1,2;,1;
2019/06/08;0100 UTC;0;916,8;916,9;916,8;;14,3;8;14,6;12,6;9,2;8;78;65;66;64;3;1,9;
2019/06/08;0200 UTC;0;916,9;916,9;916,7;;14;8,7;14,4;13,9;8,7;8;70;66;70;50;3,2;2,1;
2019/06/08;0300 UTC;0;916,6;916,9;916,6;;14,3;9,5;14,3;13,9;9,6;8,7;74;70;73;70;4;2,7;
2019/06/08;0400 UTC;0;916,4;916,6;916,3;;13,4;9,5;14,4;13,4;9,6;9,4;77;73;77;55;4;2;
2019/06/08;0500 UTC;0;916,1;916,4;916,1;;12,5;9,4;13,4;12,5;9,6;9,3;81;77;81;56;3,4;1,6;
2019/06/08;0600 UTC;0;916,1;916,2;916,1;;12,4;9,8;12,6;11,6;9,8;9;86;81;84;57;3;1,8;
2019/06/08;0700 UTC;0;916,1;916,1;916;;12,2;9,4;12,5;12,2;9,8;9,4;84;83;83;58;3,7;2,6;
2019/06/08;0800 UTC;0;916,3;916,4;916,1;;12,6;9,5;12,6;12,1;9,6;9,2;84;81;81;62;4,6;3;
2019/06/08;0900 UTC;0;916,5;916,5;916,3;;12,9;9,4;13;12,2;9,6;9,1;82;79;79;66;5,3;3,3;
2019/06/08;1000 UTC;0;917,1;917,2;916,5;30,6;13,4;9,4;13,4;12,7;9,5;9,4;80;77;77;59;6,3;3,3;
2019/06/08;1100 UTC;0;918;918;917,2;332,1;15;10,1;15;13,4;10,1;9,4;77;73;73;55;5,2;2;
2019/06/08;1200 UTC;0;918,5;918,5;918;1297;19,4;10,8;19,5;15;11,5;10,1;73;57;58;51;4,5;1,5;
2019/06/08;1300 UTC;0;918,8;918,8;918,5;1912,7;20;9,5;20,6;19,4;11,2;9,1;59;49;51;19;7,4;4;
2019/06/08;1400 UTC;0;918,6;918,8;918,5;1972,2;21,4;10,3;21,4;19,8;10,6;9,1;53;49;49;348;7,4;2,3;
2019/06/08;1500 UTC;0;917,8;918,6;917,8;1970,9;21,6;9,5;22,3;20,7;10,6;9;50;45;46;30;4;1,6;
2019/06/08;1600 UTC;0;917,1;917,8;917,1;1530,1;21,6;9,7;22,9;21,3;10,7;9,3;48;43;47;10;3,8;1,8;
2019/06/08;1700 UTC;0;916,2;917;916,2;1999,3;22,8;9;23,7;21,4;10,5;8,8;48;41;41;287;3,5;,8;
2019/06/08;1800 UTC;0;915,7;916,2;915,7;1879,9;23,6;9,7;23,7;22,3;10,4;8,6;45;40;42;218;3,6;1,6;
2019/06/08;1900 UTC;0;915,7;915,8;915,6;1303,1;23,1;10,1;23,9;22,7;10,8;9,8;45;42;44;178;4,1;1,5;
2019/06/08;2000 UTC;0;915,9;916;915,7;561,7;21,5;10,5;23,1;21,5;10,7;9,9;50;43;50;189;4;1,4;
2019/06/08;2100 UTC;0;916,3;916,3;915,9;37,2;18;9,9;21,5;18;10,8;9,2;59;50;59;90;2,7;1;
2019/06/08;2200 UTC;0;916,7;916,7;916,2;;15,8;11,2;18;15,7;11,2;9,9;74;59;74;224;2,3;0;
2019/06/08;2300 UTC;0;917,3;917,3;916,7;;14,8;10,3;16,3;14,8;11,2;10,1;75;69;74;302;1,2;0;
2019/06/09;0000 UTC;0;917,6;917,7;917,3;;13,8;9,5;15;13,7;10,6;9,3;80;71;76;214;1,4;0;
2019/06/09;0100 UTC;0;917,7;917,7;917,6;;12,6;9,5;14,5;12,5;10,2;9,1;82;73;81;214;1,5;,1;
2019/06/09;0200 UTC;0;917,7;917,8;917,7;;13,2;9,4;13,2;12,4;9,6;9,1;81;78;78;186;2,3;,1;
2019/06/09;0300 UTC;0;917,6;917,7;917,6;;13,9;9,5;14,3;11,7;10,2;8,2;82;73;74;68;4,6;2,9;
2019/06/09;0400 UTC;0;917;917,6;917;;13,6;9,7;13,9;13,6;9,8;9,5;78;74;78;69;5,4;3,5;
2019/06/09;0500 UTC;0;916,7;917;916,7;;13,3;9,7;13,7;13,3;9,8;9,6;79;77;79;71;4,9;3,2;
2019/06/09;0600 UTC;0;916,4;916,8;916,4;;12,8;9,5;13,3;12,8;9,7;9,5;81;79;80;60;4,5;2,5;
2019/06/09;0700 UTC;0;916,4;916,5;916,3;;12,4;9,2;12,9;12,3;9,5;9,2;82;80;81;48;5,2;2,7;
2019/06/09;0800 UTC;0;917;917;916,4;;12,4;9,3;12,7;12,1;9,6;9;82;80;82;65;5,2;2,5;
2019/06/09;0900 UTC;0;917,5;917,5;916,9;;11,7;8,8;12,7;11,7;9,4;8,8;83;79;82;39;5,6;1,8;
2019/06/09;1000 UTC;0;918,3;918,3;917,5;16,9;13,7;9,6;13,7;11,7;9,7;8,8;83;76;76;69;4,2;1,9;
2019/06/09;1100 UTC;0;918,8;918,9;918,2;381,6;16,4;10,3;16,4;13,7;10,3;9,5;76;67;68;68;5;2,1;
2019/06/09;1200 UTC;0;919,3;919,3;918,8;1329,4;19,4;10,6;19,4;16,3;11;10,1;67;56;57;50;5,4;1,9;
2019/06/09;1300 UTC;0;919,3;919,4;919,3;1996,5;21,2;10,6;21,2;19,3;10,9;9,9;57;50;51;55;7,7;3,1;
2019/06/09;1400 UTC;0;918,9;919,4;918,9;2461,4;22,4;10,2;22,5;21,2;10,9;10,1;51;46;46;54;6,7;2,4;
2019/06/09;1500 UTC;0;918,2;918,9;918,2;2695,6;23,5;10,1;23,8;22,3;10,9;9;47;40;43;68;5,5;1,6;
2019/06/09;1600 UTC;0;917,2;918,2;917,2;2655,1;24,6;9,2;24,6;23,5;9,8;7,8;43;35;38;75;4,5;1,8;
2019/06/09;1700 UTC;0;916,5;917,2;916,5;2410,8;25,9;8,1;25,9;24,6;9,6;7,6;38;33;33;14;5,2;2,5;
2019/06/09;1800 UTC;0;916,3;916,5;916,2;1991,1;25,4;7,7;26,1;25;8,2;7,1;33;31;33;352;5,7;2;
2019/06/09;1900 UTC;0;916,1;916,3;916;1296,2;25;7,4;25,7;24,8;7,9;6,7;33;30;33;17;5,9;1,6;
2019/06/09;2000 UTC;0;916,2;916,2;916;568;23,3;9,5;25,1;23,3;9,5;7,5;42;33;42;358;4,5;1;
2019/06/09;2100 UTC;0;916,6;916,6;916,2;32,8;19,4;9,9;23,3;19,3;10,7;9,5;56;42;54;38;2,6;,9;
2019/06/09;2200 UTC;0;917;917;916,6;;18,7;9,8;19,6;18,1;10,1;9,8;59;53;56;85;3,9;1,7;
2019/06/09;2300 UTC;0;917,5;917,5;917;;16,7;10,1;18,7;16,7;10,3;9,7;65;56;65;29;3,8;,7;
2019/06/10;0000 UTC;0;917,7;917,7;917,5;;15,5;10,1;16,7;15,5;10,3;10,1;70;65;70;16;2,8;1,1;
2019/06/10;0100 UTC;0;918;918;917,7;;15,3;10;15,5;15,1;10,2;9,9;72;70;70;5;3,6;2,1;
2019/06/10;0200 UTC;0;918,2;918,2;917,9;;14,3;9,8;15,3;14,1;10;9,7;75;70;75;8;3,5;1;
2019/06/10;0300 UTC;0;918,2;918,3;918,2;;14,3;9,4;14,5;14;9,8;9,4;75;72;72;160;4;1,1;
2019/06/10;0400 UTC;0;918,1;918,3;918,1;;14;9,4;14,3;14;9,6;9,3;74;72;74;270;4;,7;
2019/06/10;0500 UTC;0;918,2;918,2;918;;12,3;8,6;14;12,3;9,4;8,6;78;74;78;300;3;,4;
2019/06/10;0600 UTC;0;918;918,2;918;;11,5;8,5;12,3;11,4;9,1;8,4;83;78;82;358;1,8;1;
2019/06/10;0700 UTC;0;917,5;918;917,4;;12,3;9,1;12,5;10,9;9,4;8,2;85;81;81;278;3,3;,6;
2019/06/10;0800 UTC;0;917,4;917,5;917,3;;12,5;9,3;12,6;12,2;9,4;9,1;82;81;81;323;3,6;,8;
2019/06/10;0900 UTC;0;918;918,1;917,4;;12,8;9,3;13,1;12,5;9,6;9,2;81;78;79;24;4,7;,8;
2019/06/10;1000 UTC;0;918,5;918,5;918;14,1;12,8;9,2;12,8;12,6;9,3;9,1;80;79;79;6;5,8;2;
2019/06/10;1100 UTC;0;918,8;918,8;918,5;383,9;15,8;9,9;15,8;12,8;10;9,2;79;68;68;15;8,6;2,5;
2019/06/10;1200 UTC;0;919,5;919,5;918,8;1276,4;18,4;10,4;18,4;15,8;10,4;9,9;68;59;59;31;8,6;3,3;
2019/06/10;1300 UTC;0;919,3;919,5;919,3;1946,8;20,4;10,5;20,7;18,3;10,8;10,2;59;52;53;32;9;3,9;
2019/06/10;1400 UTC;0;919;919,4;919;2422,7;22,3;10;22,6;20,4;10,7;9,5;53;44;46;45;10,5;4,2;
2019/06/10;1500 UTC;0;918,3;919;918,2;2685,9;23,6;10,7;24;22,2;11,2;10;47;43;44;28;10,5;4,2;
2019/06/10;1600 UTC;0;917,4;918,3;917,4;2642,1;24,4;11,5;24,7;23,5;11,5;10,4;45;42;45;27;8,9;3,8;
2019/06/10;1700 UTC;0;916,7;917,4;916,6;2393,8;25,1;10,8;25,5;24,1;11,5;10,4;45;40;41;5;8,9;1,9;
2019/06/10;1800 UTC;0;916,3;916,7;916,3;1740,6;23,9;10,2;25,4;23,7;11,4;10,1;44;39;42;46;5,5;2,2;
2019/06/10;1900 UTC;0;916,1;916,3;916;887;23,9;10,6;24,9;23,5;10,8;9,6;44;39;43;15;5,1;1,9;
2019/06/10;2000 UTC;0;916,4;916,5;916,1;484,2;22,4;11,5;24,2;22,3;11,6;10,4;50;42;50;28;4,3;,6;
2019/06/10;2100 UTC;0;916,8;916,8;916,4;29,3;19,4;11;22,4;19,4;11,8;10,7;59;50;58;82;2,6;,6;
2019/06/10;2200 UTC;0;917,2;917,2;916,8;;18,5;10,7;19,4;18,3;11;10,6;61;58;60;88;4,3;1,8;
2019/06/10;2300 UTC;0;917,8;917,8;917,2;;16,9;10,6;18,5;16,9;10,8;10,5;66;60;66;72;4,1;1,6;
2019/06/11;0000 UTC;0;918,1;918,1;917,8;;16,9;10,8;16,9;16,5;10,9;10,5;69;66;67;256;3,8;,9;
2019/06/11;0100 UTC;0;918,2;918,3;918;;15,9;10,6;16,9;15,8;10,8;10,5;71;67;71;251;3,5;1,2;
2019/06/11;0200 UTC;0;918,2;918,3;918,1;;15,6;10,3;15,9;15,4;10,6;10,3;72;70;71;278;3,8;,8;
2019/06/11;0300 UTC;0;918,1;918,2;918,1;;15,1;10;15,6;15,1;10,3;9,9;71;71;71;9;2,8;,9;
2019/06/11;0400 UTC;0;917,8;918,1;917,7;;14,2;9,7;15,1;14,1;9,9;9,6;74;71;74;91;2,7;,8;
2019/06/11;0500 UTC;0;917,4;917,8;917,4;;14,4;9,5;14,4;13,8;9,6;9,4;75;73;73;86;3,2;2;
2019/06/11;0600 UTC;0;917;917,4;917;;14,6;9,3;14,8;14,4;9,5;9,3;73;70;70;72;5,5;1,9;
2019/06/11;0700 UTC;0;916,9;917;916,8;;14,8;9,2;14,9;14,4;9,3;9,1;71;69;69;71;5,7;2,2;
2019/06/11;0800 UTC;0;917,1;917,1;916,9;;14,5;9,3;14,8;14;9,4;9;72;69;71;170;5,4;1;
2019/06/11;0900 UTC;0;917,6;917,6;917,1;;13,2;9,2;14,5;13,2;9,4;9,1;77;71;77;357;3,5;1,1;
2019/06/11;1000 UTC;0;918,3;918,3;917,6;15,5;13,1;9,9;13,2;12,4;9,9;8,9;82;77;81;14;2,4;,5;
2019/06/11;1100 UTC;0;918,7;918,7;918,3;349,7;16,9;12,5;16,9;13,1;12,5;9,9;81;75;75;6;5,3;1,7;
2019/06/11;1200 UTC;0;919,2;919,2;918,7;1319,4;19,8;12,9;19,9;16,9;13,1;12,5;75;64;64;38;7,9;3,1;
2019/06/11;1300 UTC;0;919,3;919,5;919,2;1961,7;22,2;13,2;22,2;19,9;13,6;12,9;65;57;57;38;8,2;3;
2019/06/11;1400 UTC;0;919;919,5;919;2424;23,4;11,7;23,8;21,8;13,3;11,4;57;47;48;24;7,4;3,3;
2019/06/11;1500 UTC;0;918,2;919;918,2;2659,9;24,3;10,7;24,8;23,4;11,9;10,4;48;42;43;11;7,6;3,1;
2019/06/11;1600 UTC;0;917,2;918,2;917,2;2611,1;25,5;10,3;25,7;24,2;11,8;9,3;43;38;38;340;6,2;1,7;
2019/06/11;1700 UTC;0;916,4;917,2;916,4;2315,8;25,6;9,4;25,7;24,7;10,6;8,8;40;34;36;122;5,3;2,6;
2019/06/11;1800 UTC;0;915,9;916,4;915,8;1827,2;26,5;9,6;26,5;25,2;10,1;8,7;37;34;35;113;5,3;2,2;
2019/06/11;1900 UTC;0;915,8;915,9;915,7;1262,7;25,3;10,2;26,5;25,1;10,4;8,7;39;34;39;180;6;2,2;
2019/06/11;2000 UTC;0;916;916;915,7;556,6;23,4;9,8;25,4;23,4;10,5;9,3;42;38;42;153;5;2;
2019/06/11;2100 UTC;0;916,4;916,5;916;31,9;21,3;9,3;23,4;20,7;9,9;9;50;42;46;98;4;2;
2019/06/11;2200 UTC;0;916,7;916,7;916,4;;17,8;10,2;21,3;17,8;10,3;8,8;61;46;61;75;4;,4;
2019/06/11;2300 UTC;0;917;917;916,7;;16,6;9,3;18,3;16,6;10,6;9,1;63;56;62;52;3,1;1,7;
2019/06/12;0000 UTC;0;917,2;917,3;916,9;;17,3;9;17,4;16,5;9,4;9;63;58;58;84;4,1;2,5;
2019/06/12;0100 UTC;0;917,4;917,5;917,2;;16,3;9,5;17,3;16,3;9,5;9;64;58;64;72;4,9;2,9;
2019/06/12;0200 UTC;0;917,2;917,6;917,2;;16,2;11,4;16,3;15,9;11,4;9,5;73;64;73;72;5,1;2,3;
2019/06/12;0300 UTC;0;917,1;917,3;917,1;;16,2;12,2;16,2;15,4;12,2;11,2;78;73;77;59;4,8;2,4;
2019/06/12;0400 UTC;0;916,9;917,1;916,8;;15,6;12,1;16,3;15,6;12,4;12;80;76;80;58;5,3;1,4;
2019/06/12;0500 UTC;0;916,8;916,9;916,8;;15;12;15,6;15;12,2;11,9;82;80;82;67;4,6;2,5;
2019/06/12;0600 UTC;0;916,7;916,8;916,6;;15,2;11,7;15,4;15;12,1;11,7;82;80;80;60;4,7;1,4;
2019/06/12;0700 UTC;0;916,5;916,7;916,5;;14,3;11,7;15,4;14,2;12,3;11,4;84;80;84;14;3,2;1;
2019/06/12;0800 UTC;0;916,9;916,9;916,5;;15;11,9;15,3;14,3;12,4;11,6;84;82;82;39;3,2;1;
2019/06/12;0900 UTC;0;917,6;917,6;916,9;;14,6;12,1;15;14,5;12,3;11,8;86;82;85;35;2,7;1;
2019/06/12;1000 UTC;0;918,4;918,4;917,6;14,6;14,5;12,3;14,7;14,2;12,5;11,8;87;84;87;29;2,7;,7;
2019/06/12;1100 UTC;0;919,1;919,1;918,4;359,4;17,9;13,8;17,9;14,4;13,8;12,3;87;77;77;22;4,7;1;
2019/06/12;1200 UTC;0;919,1;919,3;919,1;1304,2;20,4;14,1;20,4;17,9;14,5;13,8;77;67;67;46;7,7;3;
2019/06/12;1300 UTC;0;919,6;919,6;919,1;1952,7;22,4;14,2;22,5;20,4;14,5;13,7;67;60;60;31;7,8;2,7;
2019/06/12;1400 UTC;0;918,7;919,6;918,7;2417,1;23,4;13,9;23,7;22,2;14,5;13,5;60;54;55;16;9,4;5,1;
2019/06/12;1500 UTC;0;917,9;918,7;917,9;2651,8;24,8;12,8;25,1;23,4;14,4;12,8;55;47;47;27;9,4;2,8;
2019/06/12;1600 UTC;0;917,1;917,9;917,1;2302,7;25,4;10,9;26,4;24,2;13,4;10,9;48;40;40;29;7;2,7;
2019/06/12;1700 UTC;0;916,5;917,1;916,5;1867,1;26;12,1;26,4;24,9;12,4;10,5;44;37;42;4;8,3;2,7;
2019/06/12;1800 UTC;0;916,3;916,6;916,2;1220,1;24,4;12,1;26,7;24,4;13,1;11,2;48;39;46;23;6,4;2,9;
2019/06/12;1900 UTC;0;916,3;916,4;916,2;971,4;25,9;12,2;25,9;24,4;12,6;11,7;46;42;43;48;5,8;1,4;
2019/06/12;2000 UTC;0;916,8;916,8;916,3;540;24,6;12,1;26;24,6;12,7;11,9;46;42;46;32;5,1;1,1;
2019/06/12;2100 UTC;0;917,3;917,3;916,8;37,4;21,6;12,7;24,6;21,4;13,2;12;59;46;57;90;2,8;1,5;
2019/06/12;2200 UTC;0;917,6;917,6;917,3;;20,6;12,6;21,8;20,6;12,9;12,6;60;57;60;75;3,5;2;
2019/06/12;2300 UTC;0;918;918;917,6;;19;12,7;20,6;18,9;12,7;12,5;67;60;67;67;2,8;1,2;
2019/06/13;0000 UTC;0;918,2;918,2;918;;18,6;13,4;19,6;18,6;13,4;12,5;72;64;72;4;2,6;,4;
2019/06/13;0100 UTC;0;918,6;918,6;918,2;;17,2;13,6;18,6;17,2;13,7;13,3;79;72;79;58;2,1;,4;
2019/06/13;0200 UTC;0;918,5;918,7;918,5;;17,4;13,8;17,8;17,1;14;13,5;81;78;80;331;2;,6;
2019/06/13;0300 UTC;0;917,7;918,5;917,7;;17,2;13,8;17,4;16,8;13,9;13,5;82;79;81;339;2,1;,9;
2019/06/13;0400 UTC;0;917,6;917,7;917,5;;16,7;13,9;17,4;16,2;14,2;13,4;85;81;83;347;2,6;,7;
2019/06/13;0500 UTC;0;917,6;917,6;917,5;;16;13,7;17;15,8;14,4;13,3;87;83;87;34;1,7;,3;
2019/06/13;0600 UTC;0;917,4;917,6;917,3;;15,9;13,7;16,3;15,7;14,1;13,5;87;86;86;274;2,4;,2;
2019/06/13;0700 UTC;0;917,5;917,5;917,3;;16,1;13,8;16,7;15,9;14,3;13,7;87;85;86;358;2,6;,7;
2019/06/13;0800 UTC;0;918;918;917,5;;16,1;13,8;16,2;16;14;13,7;87;86;86;176;3;,9;
2019/06/13;0900 UTC;0;918,4;918,4;918;;16;13,8;16,1;15,7;13,8;13,4;87;86;87;233;3;1;
2019/06/13;1000 UTC;0;919,2;919,2;918,4;12,9;16,4;13,6;16,5;16;14;13,5;87;84;84;20;4,8;1,2;
2019/06/13;1100 UTC;0;919,8;919,8;919,2;312,3;18,8;14,4;18,8;16,4;14,5;13,7;84;76;76;52;7,4;2,3;
2019/06/13;1200 UTC;0;920,3;920,3;919,8;1299,4;21,1;14,5;21,1;18,8;14,7;14,4;76;66;66;44;8,5;3,2;
2019/06/13;1300 UTC;0;920,4;920,5;920,3;1937,1;23,1;15,1;23,1;21,1;15,2;14,5;66;60;60;43;8,6;2,7;
2019/06/13;1400 UTC;0;920;920,5;920;2304,4;24,1;13,5;24,3;23;15,1;13,5;61;52;52;28;10,5;4,5;
2019/06/13;1500 UTC;0;919,3;920;919,3;2578,7;25,7;14,5;25,7;24;14,7;13,5;53;50;50;36;9,6;3,4;
2019/06/13;1600 UTC;0;918,3;919,3;918,3;2511;26,3;14,1;26,3;25,4;14,7;13,6;51;46;47;22;9,1;4;
2019/06/13;1700 UTC;0;917,3;918,3;917,2;2266,5;26,7;12,5;27,2;25,5;14,8;12;49;40;41;15;7,7;4;
2019/06/13;1800 UTC;0;916,7;917,3;916,7;1931,1;26,9;12,3;27,8;26,2;13,4;11,3;42;37;40;19;8,1;3,5;
2019/06/13;1900 UTC;0;916,3;916,7;916,2;1254,8;27;12,1;27,4;25,8;12,9;11,5;44;38;40;13;8,1;2,2;
2019/06/13;2000 UTC;0;916,5;916,5;916,3;505,9;25,3;11,8;27;25;12,2;11,6;44;39;43;37;6,5;1,6;
2019/06/13;2100 UTC;0;916,8;916,8;916,5;35,6;21,2;12,8;25,3;21,1;12,8;11,7;59;43;59;14;4,3;,8;
2019/06/13;2200 UTC;0;917,2;917,2;916,8;;19,7;12,1;21,2;19,7;12,8;12,1;62;58;62;90;3,2;1,5;
2019/06/13;2300 UTC;0;917,8;917,8;917,2;;18,3;12;19,8;18,3;12,3;11,8;67;61;67;61;3,9;2;
2019/06/14;0000 UTC;0;918,4;918,4;917,8;;17,2;11,8;19,2;17,2;12,1;11,7;71;63;71;41;3,3;,7;
2019/06/14;0100 UTC;0;918,6;918,7;918,4;;17;13,1;17,4;16,9;13,1;11,8;78;71;78;274;2,1;,4;
2019/06/14;0200 UTC;0;918,7;918,8;918,6;;16,2;12,8;17,1;16,2;13,2;12,7;80;77;80;341;2,3;,5;
2019/06/14;0300 UTC;0;918,7;918,8;918,7;;16,1;12,9;16,4;15,9;13,4;12,7;83;80;81;73;1,8;,6;
2019/06/14;0400 UTC;0;918,5;918,7;918,5;;16,1;13,2;16,6;16;13,4;12,8;83;81;83;76;2,9;1,6;
2019/06/14;0500 UTC;0;918,5;918,6;918,5;;16,7;13,5;16,8;16;13,7;13,1;84;81;81;172;3,4;,6;
2019/06/14;0600 UTC;0;918,3;918,5;918,3;;16,4;13,4;16,9;16,3;13,7;13,3;83;81;82;320;3,6;,5;
2019/06/14;0700 UTC;0;918,1;918,3;918;;15,8;13,2;16,4;15,8;13,4;13,2;85;82;85;275;2,4;,5;
2019/06/14;0800 UTC;0;918,1;918,1;918;;16,1;13;16,2;15,7;13,4;12,9;85;82;82;295;3,2;,7;
2019/06/14;0900 UTC;0;918,7;918,7;918,1;;15,9;12,5;16,3;15,7;13;12,5;82;80;80;290;3,3;,9;
2019/06/14;1000 UTC;0;919,4;919,4;918,6;16,3;15,6;12,6;15,9;15,4;12,6;12,4;82;80;82;351;3,8;1,1;
2019/06/14;1100 UTC;0;920,2;920,2;919,4;336,1;18,5;13,8;18,5;15,6;13,9;12,6;82;74;74;271;3,1;,8;
2019/06/14;1200 UTC;0;920,7;920,7;920,2;1277,1;21,6;14,4;21,6;18,5;14,6;13,8;74;64;64;50;7,4;2,3;
2019/06/14;1300 UTC;0;920,8;920,8;920,7;1938,3;23,1;14,4;23,1;21,6;14,6;14,1;64;58;58;48;7,4;2,9;
2019/06/14;1400 UTC;0;920,6;920,8;920,6;2352,5;24,8;14,1;24,8;23,1;14,9;13,6;59;51;51;30;6,8;2,9;
2019/06/14;1500 UTC;0;919,8;920,6;919,8;1606,5;24,2;11,9;25,3;23,5;14,3;11,9;54;44;46;68;6,8;1,8;
2019/06/14;1600 UTC;0;918,7;919,8;918,7;2478;26,5;10,3;27;24,2;12,6;10,3;47;36;36;22;6,9;3,1;
2019/06/14;1700 UTC;0;917,9;918,7;917,9;3005,8;27;10,3;27,4;26,1;11,8;9,9;39;35;35;65;7,1;2,1;
2019/06/14;1800 UTC;0;917,4;917,9;917,4;1836,1;25,2;11,1;27,4;25;11,2;9,6;42;34;41;40;5,9;2,1;
2019/06/14;1900 UTC;0;916,9;917,4;916,9;1222,8;26,6;10,7;26,8;25,1;11,5;9,5;42;35;37;81;4,5;1,1;
2019/06/14;2000 UTC;0;917,1;917,1;916,9;585,2;24,9;10,9;26,6;24,9;11,2;10,3;42;37;42;72;4,2;,6;
2019/06/14;2100 UTC;0;917,4;917,4;917,1;28;21,6;11,8;24,9;21,6;11,8;11,1;54;42;54;93;3,1;1,6;
2019/06/14;2200 UTC;0;918,1;918,1;917,4;;20,3;11,3;21,6;19,9;11,9;11,2;57;54;56;98;3,9;1,4;
2019/06/14;2300 UTC;0;918,6;918,6;918,1;;19,1;11,6;20,3;19,1;11,6;11,2;62;56;62;86;4,3;,7;
2019/06/15;0000 UTC;0;919,1;919,1;918,6;;17,8;11,6;19,1;17,8;11,7;11,5;67;62;67;106;4,2;1,5;
2019/06/15;0100 UTC;0;919,4;919,5;919,1;;17,1;11,5;17,8;17,1;11,8;11,5;70;67;70;61;3,9;,6;
2019/06/15;0200 UTC;0;919;919,4;919;;16,1;11,1;17,1;16,1;11,5;11,1;72;70;72;11;2,9;,8;
2019/06/15;0300 UTC;0;918,7;919;918,7;;16;11;16,3;15,9;11,2;10,9;73;71;72;73;3,3;,9;
2019/06/15;0400 UTC;0;918,2;918,7;918,2;;15,6;11;16,2;15,5;11,3;10,8;74;72;74;79;4,5;2;
2019/06/15;0500 UTC;0;917,7;918,2;917,7;;15;11;15,7;14,8;11;10,8;77;73;77;70;4,1;2,4;
2019/06/15;0600 UTC;0;917,6;917,8;917,6;;14,1;10,6;15,1;14,1;11,2;10,6;80;77;80;48;3,7;,9;
2019/06/15;0700 UTC;0;917,4;917,6;917,4;;13,4;10,6;14,2;13,4;11,1;10,5;83;80;83;50;2,3;1,5;
2019/06/15;0800 UTC;0;917,7;917,7;917,4;;13,2;10,7;13,7;13,1;11;10,4;85;82;85;2;2,3;,8;
2019/06/15;0900 UTC;0;918,2;918,2;917,7;;13,4;11,1;13,6;12,8;11,4;10,4;87;85;86;73;2,4;,3;
2019/06/15;1000 UTC;0;918,8;918,8;918,2;15,4;13,3;11,2;13,6;12,9;11,4;10,7;88;86;87;348;2,4;,8;
2019/06/15;1100 UTC;0;919,7;919,7;918,8;300,3;16,7;13;16,7;13,3;13;11,2;87;79;79;344;2,1;,8;
2019/06/15;1200 UTC;0;920,1;920,1;919,7;1292,9;20,7;14,1;20,7;16,7;14,1;13;79;65;66;44;7,7;2,8;
2019/06/15;1300 UTC;0;920,2;920,3;920,1;1942,9;22,5;14;22,6;20,7;14,4;13,9;66;58;59;30;8,8;3,5;
2019/06/15;1400 UTC;0;919,6;920,2;919,6;2399,8;24,6;13,3;24,7;22,5;14,4;13,3;59;49;49;52;8,1;2,7;
2019/06/15;1500 UTC;0;918,7;919,6;918,7;2652,2;25,7;11,2;26;24,4;13,8;10,4;51;38;40;35;7,8;2,4;
2019/06/15;1600 UTC;0;917,7;918,7;917,7;2619,5;26,3;10,4;26,6;25,4;11,5;9,1;41;34;37;354;6,2;2,6;
2019/06/15;1700 UTC;0;917,1;917,7;917,1;2379,3;27,4;10,2;27,4;25,7;10,9;9,3;38;34;34;357;5,7;1,7;
2019/06/15;1800 UTC;0;916,6;917,1;916,6;2006;26,9;9,9;27,5;25,9;10,9;9,2;37;33;35;51;5,1;2,1;
2019/06/15;1900 UTC;0;916,6;916,6;916,5;1204,5;26;11;27,1;25,8;11,5;9,8;39;34;39;29;5,1;1,8;
2019/06/15;2000 UTC;0;916,8;916,8;916,5;582;25,3;11,6;26,3;25,3;11,7;10,6;42;38;42;36;4,2;1,2;
2019/06/15;2100 UTC;0;917,2;917,2;916,8;24,9;21,3;12,1;25,3;21,3;12,4;11,2;56;42;56;69;2,9;1,3;
2019/06/15;2200 UTC;0;917,6;917,7;917,2;;20,5;12,3;21,4;20,2;12,4;12;61;56;59;83;3,8;1,4;
2019/06/15;2300 UTC;0;918,2;918,2;917,6;;19,2;12,4;20,5;19,2;12,4;12,1;65;59;65;74;4,1;1,2;
2019/06/16;0000 UTC;0;918,6;918,6;918,2;;18,7;12,6;19,3;18,6;12,8;12,5;68;65;68;236;3,4;,4;
2019/06/16;0100 UTC;0;919,1;919,1;918,6;;18,9;12,8;18,9;18,5;12,8;12,6;69;68;68;276;2,4;,6;
2019/06/16;0200 UTC;0;919,1;919,2;919,1;;18,5;12,5;18,9;18,5;12,8;12,4;69;67;68;239;3,1;,5;
2019/06/16;0300 UTC;;;;;;;;;;;;;;;;;;
2019/06/16;0400 UTC;0;918,9;919,1;918,9;;16,4;11,8;17,7;16,4;12,3;11,8;75;70;74;332;2,7;,8;
2019/06/16;0500 UTC;0;918,5;918,9;918,5;;16,1;11,2;16,8;15,9;11,9;11,2;76;72;73;76;4,3;2,4;
2019/06/16;0600 UTC;0;918,2;918,5;918,2;;16,2;11,1;16,6;16,1;11,2;10,9;73;70;72;81;4,1;2,7;
2019/06/16;0700 UTC;0;918,2;918,3;918,1;;16,2;10,8;16,3;15,9;11,1;10,7;72;70;70;81;4,2;2,2;
2019/06/16;0800 UTC;0;918,5;918,5;918,2;;15,2;10,7;16,2;15,1;10,9;10,5;75;70;75;49;4,2;1;
2019/06/16;0900 UTC;0;918,9;918,9;918,5;;15;11;15,3;15;11;10,6;77;74;77;62;3,7;2,3;
2019/06/16;1000 UTC;0;919,6;919,6;918,9;14,8;15,3;11,1;15,3;14,9;11,2;11;77;76;76;69;4,8;2,8;
2019/06/16;1100 UTC;0;920,6;920,6;919,6;299,9;18,3;12,3;18,3;15,3;12,4;11,1;77;68;68;61;5,1;2,3;
2019/06/16;1200 UTC;0;921,1;921,2;920,6;1283,5;21,8;11,9;21,9;18,3;12,9;11,8;68;53;53;41;5,2;2,1;
2019/06/16;1300 UTC;0;921,3;921,4;921,1;1929,4;23,4;10,7;23,5;21,8;12;10,3;53;44;45;37;6,2;2,9;
2019/06/16;1400 UTC;0;921,1;921,3;921,1;2404,5;23,9;9,7;24,4;23,3;10,9;9,2;46;39;41;15;6,2;2,3;
2019/06/16;1500 UTC;0;920,1;921,1;920,1;2633,1;24,1;9,8;25,7;23,7;10,9;8,7;43;36;40;121;6,1;1,7;
2019/06/16;1600 UTC;0;919,1;920,1;919,1;2595,4;24,6;8,8;25,3;24,1;9,9;8,5;40;35;37;132;5,7;2;
2019/06/16;1700 UTC;0;918,2;919,1;918,2;2416,5;25,4;9,3;25,9;24,5;10;8;37;34;36;158;4,3;2,2;
2019/06/16;1800 UTC;0;917,9;918,2;917,8;1810,7;24,5;9,7;25,7;24,5;10,7;8,5;40;34;39;210;6,2;3,4;
2019/06/16;1900 UTC;0;917,9;918;917,9;1259,6;24,9;10,3;25,5;24,6;10,6;9,5;40;38;40;190;5,8;2,9;
2019/06/16;2000 UTC;0;918;918;917,9;558,5;23,8;10,3;24,9;23,8;10,6;10;43;39;43;189;5,2;2,7;
2019/06/16;2100 UTC;0;918,4;918,4;918;42,3;21,2;11;23,8;21,2;11,1;10,2;52;42;52;132;4,9;2;
2019/06/16;2200 UTC;0;918,7;918,7;918,4;;19,8;11,6;21,3;19,8;11,7;11,1;59;52;59;95;4,8;2,5;
2019/06/16;2300 UTC;0;919;919;918,7;;18,2;11,5;19,8;18,1;11,9;11,5;66;59;65;94;4,8;1,5;
2019/06/17;0000 UTC;0;919,2;919,3;919;;17,4;10,9;18,3;17,4;11,6;10,9;66;65;66;75;3,6;1,1;
2019/06/17;0100 UTC;0;919,5;919,5;919,2;;17,1;10,7;17,4;16,9;10,9;10,7;67;66;66;78;4,3;,7;
2019/06/17;0200 UTC;0;919,3;919,6;919,3;;16,7;10,4;17,1;16,6;10,7;10,4;67;66;66;81;4,6;,9;
2019/06/17;0300 UTC;0;919;919,3;919;;16,9;10;17,2;16,3;10,4;10;67;64;64;87;7,7;2,3;
2019/06/17;0400 UTC;0;918,8;919;918,8;;15,6;9,8;16,9;15,6;10,1;9,8;68;64;68;70;7,7;,6;
2019/06/17;0500 UTC;0;918,5;918,8;918,4;;14,8;9,6;15,9;14,8;9,9;9,5;71;67;71;13;2,9;,3;
2019/06/17;0600 UTC;0;917,9;918,5;917,9;;14,1;9,4;14,9;14,1;9,7;9,4;74;71;73;50;2,2;1,4;
2019/06/17;0700 UTC;0;917,8;917,9;917,7;;13,9;9,3;14,5;13,8;9,6;9,3;75;72;74;58;2,8;1,3;
2019/06/17;0800 UTC;0;917,7;917,8;917,7;;13,6;9,4;14;13,6;9,5;9,2;76;74;76;57;3,2;1,3;
2019/06/17;0900 UTC;0;918;918;917,7;;13,5;9,2;14;13,3;9,6;9,1;77;74;75;78;4,1;2,1;
2019/06/17;1000 UTC;0;918,6;918,6;918;15,2;13,7;9,4;13,7;13,1;9,4;9,1;77;75;76;76;3,8;2,5;
2019/06/17;1100 UTC;0;919,3;919,3;918,6;294,8;15,3;10,1;15,3;13,5;10,2;9,3;77;71;71;25;4,4;1;
2019/06/17;1200 UTC;0;919,8;919,8;919,3;1287,6;20,6;10,9;20,6;15,3;11,6;10,1;71;54;54;45;5,2;1,8;
2019/06/17;1300 UTC;0;920;920;919,8;1937,4;22,7;10,1;22,7;20,6;11,3;9,5;54;44;45;44;7,2;2,3;
2019/06/17;1400 UTC;0;919,5;920;919,5;2401,2;23,2;10,8;23,4;22,2;11;9,3;47;43;46;18;6,6;3;
2019/06/17;1500 UTC;0;918,9;919,5;918,9;2502,9;23,8;10;24,3;23;11,3;9,7;46;40;42;62;6,3;1,4;
2019/06/17;1600 UTC;0;917,8;918,8;917,8;2571,4;25,1;10,5;25,5;23,8;10,9;9,6;43;38;40;54;6,6;1,8;
2019/06/17;1700 UTC;0;917,2;917,8;917,2;2414,1;25,4;9,9;25,9;24,1;10,8;9,2;41;36;38;22;5,4;1,3;
2019/06/17;1800 UTC;0;916,8;917,2;916,8;2085,8;25,6;8,8;26,3;24,9;10,3;8,8;39;34;34;3;4,5;1,8;
2019/06/17;1900 UTC;0;916,6;916,8;916,6;1447,9;24,7;10,3;26;24,7;10,6;8,8;41;34;40;140;4,1;1,5;
2019/06/17;2000 UTC;0;916,8;916,8;916,6;446;22,2;11,7;25;22,2;11,7;10,2;51;40;51;138;4;2,3;
2019/06/17;2100 UTC;0;917;917;916,8;34;21;12;22,2;20,9;12,1;11,7;57;51;57;127;4;2,1;
2019/06/17;2200 UTC;0;917,4;917,5;917;;19,1;12;21;18,9;12,2;11,8;64;57;63;90;3,9;2,6;
2019/06/17;2300 UTC;0;917,6;917,7;917,4;;17,6;11,1;19,8;17,6;12;11,1;66;58;66;43;3,9;,3;
2019/06/18;0000 UTC;0;917,8;917,8;917,6;;16,9;11,4;17,6;16,7;11,4;11,1;70;66;70;180;2,8;,6;
2019/06/18;0100 UTC;0;917,9;917,9;917,8;;15,8;11;17;15,8;11,4;11;73;69;73;343;2,9;1,2;
2019/06/18;0200 UTC;0;917,7;917,9;917,7;;15,3;10,8;15,8;14,8;11,1;10,8;77;73;75;25;3;1,1;
2019/06/18;0300 UTC;0;917,5;917,7;917,5;;14,8;10,6;15,3;14,6;10,8;10,5;76;75;76;45;3;1,2;
2019/06/18;0400 UTC;0;917,3;917,5;917,3;;13,9;10,5;14,9;13,6;10,7;10,1;80;75;80;77;3;,9;
2019/06/18;0500 UTC;0;917;917,3;916,9;;13,8;10,3;14;13,5;10,5;10,1;80;79;80;75;3,2;1,7;
2019/06/18;0600 UTC;0;916,8;917;916,7;;14,7;10,3;14,9;13,7;10,5;10,2;79;75;75;81;3,3;1,4;
2019/06/18;0700 UTC;0;916,6;916,8;916,6;;13,7;10,2;14,9;13,5;10,4;9,9;79;75;79;61;3,3;1,2;
2019/06/18;0800 UTC;0;916,3;916,6;916,3;;13,2;9,9;13,8;13;10,6;9,8;82;79;81;46;3,8;1,6;
2019/06/18;0900 UTC;0;916,3;916,4;916,2;;13,3;10,4;13,5;13;10,4;9,9;83;80;83;74;4,2;1,2;
2019/06/18;1000 UTC;0;917;917;916,3;12,9;14,9;11,2;14,9;13,3;11,2;10,4;83;79;79;66;6,1;2,8;
2019/06/18;1100 UTC;0;917,9;917,9;917;285,2;17,2;12,3;17,2;14,9;12,3;11,2;79;73;73;29;6,1;1,1;
2019/06/18;1200 UTC;0;918,5;918,5;917,9;1278,4;20,3;13,2;20,3;17,2;13,2;12,3;73;63;63;24;4,6;1,7;
2019/06/18;1300 UTC;0;918,7;918,9;918,5;1916,4;22,7;12,7;23;20,3;13,5;12,5;63;52;53;16;6,2;3,1;
2019/06/18;1400 UTC;0;918,1;918,7;918,1;2382,6;24,6;11,2;24,6;22,7;13;10,7;53;43;43;10;8,1;3,5;
2019/06/18;1500 UTC;0;917,5;918,1;917,5;2550,2;25,2;11,4;25,4;24,3;11,8;10,3;44;40;42;8;8,4;3,7;
2019/06/18;1600 UTC;0;916,5;917,5;916,5;2099,9;24,9;12,4;25,7;24,4;12,5;10,8;46;40;46;13;8,2;2,6;
2019/06/18;1700 UTC;0;915,7;916,5;915,7;2080,6;26,4;11;26,8;24,4;13,1;10,4;46;37;38;344;6,6;2,6;
2019/06/18;1800 UTC;0;915,4;915,7;915,3;1431,9;24,9;11,2;27,4;24,9;11,9;10,3;42;36;42;23;5,5;2,2;
2019/06/18;1900 UTC;0;915,1;915,4;915,1;1337,1;26,4;10,8;26,7;24,9;12;10,5;43;37;38;59;4,9;2;
2019/06/18;2000 UTC;0;915,5;915,5;915;412,8;24;12,1;26,7;23,8;12,3;10,4;48;38;47;35;4,7;,5;
2019/06/18;2100 UTC;0;915,9;915,9;915,5;12,9;22,5;12,4;24;22,4;12,7;12;53;47;53;86;2,8;1,4;
2019/06/18;2200 UTC;0;916,3;916,3;915,9;;22;13;22,7;21,7;13;11,9;58;51;57;61;2,8;1,2;
2019/06/18;2300 UTC;0;916,6;916,6;916,3;;21,7;12,6;22;21,4;13,1;12,6;59;56;56;67;3,2;1,3;
2019/06/19;0000 UTC;0;917;917;916,6;;20,7;12,6;21,7;20,7;13,5;12,5;63;56;60;74;3;1,7;
2019/06/19;0100 UTC;0;917,2;917,2;917;;19,3;12;20,7;19,3;12,6;12;63;60;63;63;3,3;1,8;
2019/06/19;0200 UTC;0;917,2;917,2;917,1;;18,9;11,3;19,3;18,5;12,2;11,3;64;61;61;72;3,4;1,8;
2019/06/19;0300 UTC;0;917,3;917,3;917,2;;17,6;12,1;18,9;17,5;12,3;11,2;70;61;70;80;5;1,8;
2019/06/19;0400 UTC;0;917,1;917,4;917,1;;16,7;11,9;17,6;16,4;12,1;11,8;74;70;74;78;4,1;1,7;
2019/06/19;0500 UTC;0;916,6;917,2;916,6;;16,5;12,1;16,9;16,2;12,1;11,6;75;73;75;71;3,5;1,8;
2019/06/19;0600 UTC;0;916,1;916,6;916,1;;16,4;12,1;16,5;16,3;12,2;12;76;75;76;83;4,3;2,1;
2019/06/19;0700 UTC;0;916;916,1;915,9;;15,4;11,8;16,5;15,4;12,2;11,7;79;76;79;60;4,4;1,8;
2019/06/19;0800 UTC;0;916,1;916,2;916;;14,9;11,6;15,4;14,6;11,8;11,3;82;79;81;63;4;1,7;
2019/06/19;0900 UTC;0;916,6;916,6;916;;14,5;11,2;15,4;14,5;11,8;11,2;81;78;80;44;3,7;1,9;
2019/06/19;1000 UTC;0;917,3;917,3;916,6;13,6;15,1;11,4;15,2;13,8;11,7;10,7;83;78;78;63;3,9;2,2;
2019/06/19;1100 UTC;0;918,2;918,2;917,3;279,8;17;12,2;17;14,7;12,3;11,2;80;73;73;40;3,9;,8;
2019/06/19;1200 UTC;0;918,8;918,9;918,2;1269;20,9;13,3;20,9;17;13,4;12;73;62;62;21;2,7;1,3;
2019/06/19;1300 UTC;0;918,9;919;918,8;1898,8;23,9;11,7;23,9;20,9;13,8;11,5;63;46;46;348;3,6;1,5;
2019/06/19;1400 UTC;0;918,7;918,9;918,7;2289,3;24,4;10,8;25,1;23,9;11,8;9,6;46;40;43;208;4;1,1;
2019/06/19;1500 UTC;0;918,3;918,8;918,3;2351,8;26,5;11,6;26,5;24,4;11,9;10,2;43;38;39;240;6,9;3,3;
2019/06/19;1600 UTC;0;917,6;918,3;917,6;2209,3;25,3;10,3;26,5;24,8;12;10,1;43;37;39;200;8,1;3,8;
2019/06/19;1700 UTC;0;917,1;917,6;917,1;2111,3;25,7;10,3;26;24,9;10,8;9,4;40;36;38;202;8,7;3,6;
2019/06/19;1800 UTC;0;916,8;917,1;916,7;1668,7;25,6;9,6;25,9;24,9;10,8;9,5;40;36;36;211;7,8;3,2;
2019/06/19;1900 UTC;0;916,7;916,8;916,6;1252,1;25,4;9,9;26;25,3;10;9,2;38;35;38;210;8,1;3,2;
2019/06/19;2000 UTC;0;916,8;916,8;916,6;422,1;23,1;11;25,5;23,1;11;9,6;46;37;46;177;5,7;1,4;
2019/06/19;2100 UTC;0;917;917;916,7;10,1;21,1;11,1;23,1;21,1;11,2;11;53;46;53;156;2,7;,7;
2019/06/19;2200 UTC;0;917,2;917,2;917;;18,3;11,8;21,1;18;12,3;11,1;69;53;66;51;1,7;,1;
2019/06/19;2300 UTC;0;917,4;917,4;917,2;;16,2;12;18,4;16,2;12,2;11,7;76;65;76;274;1,4;0;
2019/06/20;0000 UTC;0;917,8;917,9;917,4;;15,3;11,5;16,2;15,3;12;11,5;78;76;78;196;1,2;0;
2019/06/20;0100 UTC;0;918;918;917,8;;14,9;11,4;15,3;14,8;11,7;11,3;81;78;80;217;,4;0;
2019/06/20;0200 UTC;0;917,8;918;917,8;;14,8;11,3;14,9;14,5;11,5;11,2;81;80;80;306;,5;0;
2019/06/20;0300 UTC;0;917,6;917,8;917,5;;14,3;11,1;14,9;14;11,4;10,8;82;79;81;293;,8;0;
2019/06/20;0400 UTC;0;917,4;917,6;917,4;;13,8;10,8;14,3;13,8;11;10,7;82;80;82;298;1;,2;
2019/06/20;0500 UTC;0;917;917,4;917;;13,7;10,8;14,1;13,4;11;10,5;83;81;83;337;1;,3;
2019/06/20;0600 UTC;0;916,9;917;916,8;;13,7;10,4;14,9;13,4;11,3;10,2;83;77;80;20;1,4;,6;
2019/06/20;0700 UTC;0;916,9;917;916,8;;12,9;10;14,2;12,9;10,6;9,9;83;78;83;282;1,4;0;
2019/06/20;0800 UTC;0;917;917;916,9;;12,6;10,1;12,9;11,9;10,4;9,5;87;83;85;76;2,2;1;
2019/06/20;0900 UTC;0;917,5;917,5;917;;13,3;9,9;14,6;12,6;11,2;9,9;85;77;80;50;3,6;1,4;
2019/06/20;1000 UTC;0;918,2;918,2;917,5;14,1;13,8;10,4;13,8;13,1;10,4;9,9;82;80;80;49;3,1;2,1;
2019/06/20;1100 UTC;0;919;919;918,2;275,5;16,7;11,5;16,7;13,4;11,5;9,9;81;71;71;47;3,4;1,7;
2019/06/20;1200 UTC;0;919,8;919,8;919;1234,4;21,5;12,9;21,5;16,7;13,3;11,3;71;58;58;6;2,6;,5;
2019/06/20;1300 UTC;0;920,1;920,2;919,8;1853,3;23,5;10,9;23,5;21,5;13,2;10,5;59;44;45;131;4,9;1,7;
2019/06/20;1400 UTC;0;919,8;920,1;919,8;2250,6;23,6;9,3;24,3;23,5;11;7,6;45;34;40;188;4,3;1,6;
2019/06/20;1500 UTC;0;919,2;919,8;919,2;2481,1;25;10;25,2;23,3;10,9;9,5;43;38;39;156;6,2;2,7;
2019/06/20;1600 UTC;0;918,4;919,2;918,4;2541,1;25;9,4;25,3;24,4;10,6;9,3;41;37;37;177;6,9;2,9;
2019/06/20;1700 UTC;0;917,9;918,4;917,9;2320,1;25,8;9,7;25,9;25;10,4;8,5;39;34;36;172;6,9;2,4;
2019/06/20;1800 UTC;0;917,6;917,9;917,6;1918,8;25,6;8,9;26,3;25,1;9,5;8,1;36;33;35;167;7,9;2,6;
2019/06/20;1900 UTC;0;917,8;917,8;917,6;1235,9;25,4;10,3;26,2;25,4;10,9;9;40;35;39;151;5,5;2,1;
2019/06/20;2000 UTC;0;918;918;917,8;500,5;23,8;10,7;25,4;23,8;10,9;10,3;44;39;44;125;4,7;1,3;
2019/06/20;2100 UTC;0;918,4;918,4;918;32,7;21,9;9,6;23,8;21,9;10,7;9,5;46;43;46;120;4,9;2,7;
2019/06/20;2200 UTC;0;918,6;918,6;918,4;;21,7;9,6;22,3;21,7;9,8;9,5;46;45;46;109;5,8;3;
2019/06/20;2300 UTC;0;918,9;918,9;918,6;;21;10,3;21,8;20,7;10,3;9,6;51;46;50;116;5,3;2;
2019/06/21;0000 UTC;0;919,4;919,4;918,9;;18,5;10,3;21;18,5;10,6;10;59;50;59;88;4,1;1,7;
2019/06/21;0100 UTC;0;919,7;919,7;919,4;;17,8;10,3;18,5;17,8;10,5;10,3;62;59;62;90;3,9;1,8;
2019/06/21;0200 UTC;0;919,7;919,7;919,6;;16,8;10,3;17,8;16,8;10,4;10,3;66;62;66;86;4,1;1,5;
2019/06/21;0300 UTC;0;919,6;919,7;919,6;;16,3;10,4;16,8;16,3;10,4;10,3;68;66;68;94;4,1;1,2;
2019/06/21;0400 UTC;0;919,6;919,7;919,6;;16,1;10,4;16,3;16,1;10,5;10,4;69;68;69;93;3,6;1,2;
2019/06/21;0500 UTC;0;919,3;919,6;919,3;;15,7;10,4;16,2;15,6;10,5;10,3;71;69;71;88;3;1,1;
2019/06/21;0600 UTC;0;919;919,3;919;;15;10,5;15,7;14,8;10,5;10,2;74;71;74;20;2,9;,1;
2019/06/21;0700 UTC;0;919;919;918,8;;16,6;10,7;16,7;14,4;11,2;10;76;68;68;78;4,8;1,6;
2019/06/21;0800 UTC;0;919,1;919,1;918,9;;15,4;10,7;16,6;14,9;10,9;10,1;75;68;73;114;4,8;,7;
2019/06/21;0900 UTC;0;919,4;919,4;919,1;;15,9;10,8;16,4;15,4;10,9;10,6;73;70;72;124;6,2;1,1;
2019/06/21;1000 UTC;0;920;920;919,4;12,5;15,8;10,8;16,3;15,5;11;10,6;73;70;72;119;4,5;1,8;
2019/06/21;1100 UTC;0;920,8;920,9;920;275,4;17,7;11,1;17,7;15,6;11,3;10,5;72;65;65;99;5,2;1,9;
2019/06/21;1200 UTC;0;921,7;921,7;920,8;1245,7;19,8;11,4;19,9;17,8;11,4;10,4;65;55;58;129;5,1;1,8;
2019/06/21;1300 UTC;0;921,6;921,8;921,6;1881,4;22,1;10,7;22,1;19,7;11,7;10,1;59;47;48;75;7,4;2,8;
2019/06/21;1400 UTC;0;921,3;921,7;921,3;2339,3;24,1;9,3;24,2;21,9;11;9,2;49;39;39;52;10;2,9;
2019/06/21;1500 UTC;0;920,7;921,3;920,7;2561,4;24,5;9,3;25,3;23,9;9,9;8,7;40;36;38;81;9,1;3,2;
2019/06/21;1600 UTC;0;920;920,7;919,9;2467,9;25,5;9,9;26,2;24,5;10,6;8,8;39;34;38;106;11,1;3;
2019/06/21;1700 UTC;0;919,4;920;919,4;2258;25,8;9;26,1;25;9,9;8,8;37;34;35;66;8,7;3,1;
2019/06/21;1800 UTC;0;918,9;919,4;918,9;1913,4;25,9;9,8;26,4;25,3;10,2;8,8;38;34;36;67;8,4;2,4;
2019/06/21;1900 UTC;0;919,3;919,3;918,9;1254,4;25;9,5;25,9;25;10,3;9,2;39;35;38;91;7,6;1,5;
2019/06/21;2000 UTC;0;919,5;919,5;919,2;518,7;23,3;10,2;25,2;23,3;10,2;9,4;44;37;44;128;5,6;1,6;
2019/06/21;2100 UTC;0;920,1;920,1;919,5;35;20,1;10,7;23,3;20,1;10,7;10,1;55;44;55;154;5,8;,7;
2019/06/21;2200 UTC;0;920,5;920,5;920,1;;18,9;10,7;20,1;18,8;10,9;10,7;60;55;59;136;3;1,1;
2019/06/21;2300 UTC;0;921,1;921,1;920,5;;17;10,7;18,9;17;10,8;10,5;67;59;67;175;2,4;,1;
2019/06/22;0000 UTC;0;921,5;921,5;921,1;;15,9;10,7;17,7;15,7;11;10,3;72;65;71;31;2,3;,3;
2019/06/22;0100 UTC;0;921,6;921,6;921,5;;15,4;10,8;16,2;15,1;10,8;10,4;75;70;74;46;2;,6;
2019/06/22;0200 UTC;0;921,8;921,8;921,6;;15;10,7;15,5;14,8;10,9;10,6;76;73;76;40;2,4;,9;
2019/06/22;0300 UTC;0;921,8;921,8;921,7;;14,3;10,4;15;13,9;11,2;10,3;80;76;78;9;3,7;,3;
2019/06/22;0400 UTC;0;921,4;921,8;921,4;;15,1;10,9;15,3;13,8;11,2;10,3;81;76;76;271;1,9;,1;
2019/06/22;0500 UTC;0;920,6;921,4;920,6;;15,4;11,6;15,4;14,3;11,6;10,6;79;76;78;226;2,4;,8;
2019/06/22;0600 UTC;0;920,3;920,6;920,3;;14,8;11,4;16,1;14,8;11,9;11,3;80;76;80;243;4,1;,6;
2019/06/22;0700 UTC;0;920,1;920,3;920,1;;14,1;11,3;14,8;14;11,6;10,9;83;80;83;18;3,4;1;
2019/06/22;0800 UTC;0;920,3;920,3;920;;14,5;11,6;14,7;14,1;11,8;11,3;84;83;83;207;5,2;1,1;
2019/06/22;0900 UTC;0;920,6;920,6;920,3;;14,4;11,7;14,5;14,3;11,8;11,5;84;83;84;211;5,2;1;
2019/06/22;1000 UTC;0;921,2;921,2;920,6;13,4;14,4;11,8;14,5;14,2;11,8;11,6;85;84;84;255;4,3;1,1;
2019/06/22;1100 UTC;0;922,1;922,1;921,2;270,5;16,6;12,7;16,6;14,4;12,7;11,8;84;78;78;40;8,2;2,6;
2019/06/22;1200 UTC;0;922,9;922,9;922,1;1253,2;18,8;13,1;18,8;16,6;13,2;12,6;78;69;69;40;9,2;3,3;
2019/06/22;1300 UTC;0;923,1;923,2;922,9;1893,1;21,2;13,3;21,2;18,8;13,5;12,9;69;60;60;43;9,8;3,4;
2019/06/22;1400 UTC;0;922,8;923,1;922,8;2347,4;22,7;11,5;22,7;21,2;13,2;10,7;60;47;49;23;9,7;4,4;
2019/06/22;1500 UTC;0;922,1;922,8;922,1;2622,9;24,1;10;24,1;22,6;11,8;8,7;49;39;41;24;9,1;3,7;
2019/06/22;1600 UTC;0;921,4;922,1;921,4;2312,4;24,2;10,6;24,5;22,9;10,7;8,8;43;38;42;14;6,8;2,3;
2019/06/22;1700 UTC;0;920,7;921,4;920,7;2390,4;24,9;9,7;25,2;23,7;10,4;8,2;42;36;38;14;5,9;2,4;
2019/06/22;1800 UTC;0;920,1;920,7;920,1;1969;24,7;9,3;25,1;24,3;10,1;8,4;40;36;38;94;5,6;1,6;
2019/06/22;1900 UTC;0;920,2;920,2;920,1;1279,9;24,7;9,4;25,4;24,4;10;8,7;39;36;38;53;6,2;1,7;
2019/06/22;2000 UTC;0;920,3;920,3;920,1;538,4;23;10,4;24,8;23;10,4;9,3;45;38;45;56;4,4;,8;
2019/06/22;2100 UTC;0;920,5;920,5;920,3;34,4;20;10,9;22,9;20;11;10,3;56;45;56;111;3,1;1,9;
2019/06/22;2200 UTC;0;920,6;920,7;920,5;;17,9;10,8;20;17,9;11;10,8;63;56;63;67;3,7;1,1;
2019/06/22;2300 UTC;0;920,9;920,9;920,5;;17,3;10,6;18;17,3;10,9;10,6;65;63;65;71;4,1;2,1;
2019/06/23;0000 UTC;0;921,2;921,2;920,9;;15,9;10,2;17,3;15,9;10,6;10,2;69;65;69;38;4,4;,8;
2019/06/23;0100 UTC;0;921,5;921,5;921,2;;15,2;10,2;15,9;15,2;10,3;10,1;72;69;72;51;3,2;,8;
2019/06/23;0200 UTC;0;921,4;921,5;921,3;;15,3;10,3;15,4;15,1;10,4;10,2;73;72;72;88;4;1,7;
2019/06/23;0300 UTC;0;921,2;921,4;921,2;;14,7;10,1;15,3;14,7;10,3;10,1;74;72;74;72;3,9;2,6;
2019/06/23;0400 UTC;0;920,8;921,2;920,8;;14,2;10;14,8;14,2;10,2;9,9;76;74;76;78;4,6;2,8;
2019/06/23;0500 UTC;0;920,4;920,8;920,4;;14,2;10;14,4;14;10,2;9,9;77;75;76;74;4,6;2,4;
2019/06/23;0600 UTC;0;920;920,4;920;;13,6;10;14,3;13,6;10,3;10;79;76;79;39;3,9;1,1;
2019/06/23;0700 UTC;0;919,8;920;919,7;;13,5;10,3;13,9;13,4;10,5;10;81;79;81;31;2,4;1;
2019/06/23;0800 UTC;0;919,4;919,8;919,3;;12,8;10,2;13,5;12,7;10,6;10,1;85;81;84;56;3,6;1,2;
2019/06/23;0900 UTC;0;919,5;919,5;919,3;;12,5;10,2;13,1;12,5;10,6;10,2;86;84;86;43;4;,7;
2019/06/23;1000 UTC;0;919,9;919,9;919,4;13,1;12,9;10,8;12,9;12,4;10,8;10,1;88;86;87;47;3,3;1,3;
2019/06/23;1100 UTC;0;920,6;920,6;919,9;266,1;15,2;11,9;15,2;12,9;11,9;10,8;87;81;81;339;3,4;1;
2019/06/23;1200 UTC;0;921,3;921,3;920,6;1265,8;18,7;12,5;18,8;15,2;12,9;11,9;81;67;67;54;7,5;3;
2019/06/23;1300 UTC;0;921,2;921,5;921,1;1914,3;20,4;12,5;20,5;18,7;13;12,2;68;60;60;19;7,9;4,3;
2019/06/23;1400 UTC;0;920,7;921,2;920,7;2215,5;21,7;11,3;22,2;20,3;12,7;10,9;61;50;52;22;7,9;2,8;
2019/06/23;1500 UTC;0;919,7;920,7;919,7;2673,4;23,1;9,4;23,5;21,7;12,1;9,4;53;41;42;31;7,8;2,5;
2019/06/23;1600 UTC;0;918,8;919,8;918,8;2607,7;24,1;9,5;24,3;22,9;10,3;8,7;43;38;40;4;9,4;3,5;
2019/06/23;1700 UTC;0;917,9;918,8;917,9;2369,9;25,2;9,3;25,2;23,8;9,7;8,8;40;37;37;352;6,6;2,8;
2019/06/23;1800 UTC;0;917,5;918;917,4;1952,2;24,7;9,2;25,3;24,2;9,8;8,5;38;36;37;334;6,3;2,5;
2019/06/23;1900 UTC;0;917,2;917,5;917,2;1279,5;24,1;10;25,1;23,9;10;8,7;41;36;41;27;5,9;1,8;
2019/06/23;2000 UTC;0;917,1;917,2;917,1;536,9;23,1;10,4;24,5;23,1;10,4;9,3;45;39;45;5;4,2;1,5;
2019/06/23;2100 UTC;0;917,4;917,4;917,1;36,6;19,5;11,2;23,1;19,5;11,3;10,4;59;45;59;56;2,5;1;
2019/06/23;2200 UTC;0;917,4;917,5;917,4;;17,6;11,3;19,5;17,6;11,5;11;67;59;67;7;2;0;
2019/06/23;2300 UTC;0;917,4;917,4;917,3;;15,6;10,8;17,7;15,6;11,6;10,7;73;67;73;242;3,1;,2;
2019/06/24;0000 UTC;0;917,4;917,5;917,4;;16,5;10,8;16,5;15,1;11,2;10,1;75;69;69;65;3,7;1,3;
2019/06/24;0100 UTC;0;917,4;917,5;917,4;;15,3;11;16,7;14,5;11;10,1;76;67;75;30;3;1;
2019/06/24;0200 UTC;0;917,4;917,5;917,3;;15,6;10,6;16,1;14,5;11,1;9,9;75;70;72;57;3,8;1,6;
2019/06/24;0300 UTC;0;917;917,4;917;;15,1;10,3;16,1;15,1;10,8;10,3;74;70;73;49;3,8;1;
2019/06/24;0400 UTC;0;916,6;917;916,6;;13,2;10;15,1;13,2;10,7;9,9;81;73;81;55;2,8;,3;
2019/06/24;0500 UTC;0;916,2;916,6;916,2;;12,8;10,1;13,2;12,2;10,2;9,6;85;81;84;13;2,3;,4;
2019/06/24;0600 UTC;0;915,7;916,3;915,7;;14,1;10,4;14,5;12,9;10,7;10;84;77;78;77;5,4;1,2;
2019/06/24;0700 UTC;0;915,4;915,7;915,4;;13,3;10,2;14,1;13,2;10,4;9,9;82;78;81;57;3,1;1,8;
2019/06/24;0800 UTC;0;915,5;915,5;915,4;;13,3;10;13,4;12,9;10,2;9,9;82;80;80;66;3,6;2,1;
2019/06/24;0900 UTC;0;916;916;915,5;;13,4;9,8;14;13,2;10,3;9,8;80;78;79;65;4,2;2,2;
2019/06/24;1000 UTC;0;916,6;916,6;916;12,4;13,2;10,1;13,6;12,9;10,2;9,8;82;79;82;67;4;1,7;
2019/06/24;1100 UTC;0;917,2;917,2;916,6;270,5;14,7;10,7;14,7;13,2;10,8;10,1;82;77;77;28;3,5;1,7;
2019/06/24;1200 UTC;0;917,7;917,8;917,2;1263,7;19,2;12,7;19,2;14,7;13,1;10,9;77;66;66;17;5;2,6;
2019/06/24;1300 UTC;0;917,7;917,9;917,7;1898,3;21,2;13;21,4;19,2;13,3;12,6;66;59;59;7;5,9;3;
2019/06/24;1400 UTC;0;917,3;917,7;917,3;2074,6;22,4;12,7;23,2;21,2;13,6;12,5;60;53;54;14;5,6;2,6;
2019/06/24;1500 UTC;0;916,4;917,3;916,4;2052,3;24;12,2;24,4;22,2;13,5;11,9;55;46;48;1;5,6;2,3;
2019/06/24;1600 UTC;0;915;916,4;915;2214,6;25,4;11,2;25,4;23,9;12,8;10,8;48;41;41;326;5,7;2,5;
2019/06/24;1700 UTC;0;914;915;914;2278,4;25,7;11,3;26;24,8;11,8;10,2;44;38;41;356;7,6;3,4;
2019/06/24;1800 UTC;0;913,6;914,1;913,6;1961,9;26,3;10,5;26,5;25,3;11,5;10,2;41;37;37;335;7,6;2,2;
2019/06/24;1900 UTC;0;913,3;913,6;913,3;1306,3;25,3;10,7;26,4;25,2;11;9,9;40;36;40;360;6,5;2,1;
2019/06/24;2000 UTC;0;913,6;913,6;913,3;478;23,6;11,6;25,5;23,6;11,6;10,5;47;39;47;357;4,8;1,6;
2019/06/24;2100 UTC;0;913,8;913,8;913,6;36,9;20,5;11,8;23,6;20,5;11,8;11,3;58;46;58;66;3,1;1,6;
2019/06/24;2200 UTC;0;914;914,1;913,8;;19;12,2;20,4;18,6;12,4;11,8;66;58;65;63;2,4;,9;
2019/06/24;2300 UTC;0;914,3;914,4;914;;16,9;12,2;19;16,7;12,5;11,9;75;65;74;40;2,5;,6;
2019/06/25;0000 UTC;0;914,6;914,6;914,3;;15,7;11,5;17,6;15,7;12,4;11,4;76;71;76;23;2,7;,2;
2019/06/25;0100 UTC;0;914,6;914,7;914,5;;15,5;11,5;15,8;15,2;11,7;11,2;78;76;77;230;2,5;,1;
2019/06/25;0200 UTC;0;914,6;914,7;914,5;;15,2;11,1;16,7;15,1;11,7;10,7;77;71;76;160;4;,1;
2019/06/25;0300 UTC;0;914,3;914,6;914,3;;15,4;11;16,1;14,6;12;10,7;79;73;75;53;3,3;1,2;
2019/06/25;0400 UTC;0;913,9;914,3;913,9;;13,5;10,7;15,6;13,5;11,3;10,5;83;75;83;260;3,3;,1;
2019/06/25;0500 UTC;0;913,5;913,9;913,5;;13,8;11,2;13,8;13,3;11,2;10,5;85;83;84;42;1,8;,2;
2019/06/25;0600 UTC;0;913;913,5;913;;14;10,8;14,6;13,9;11,4;10,8;84;80;81;38;3;1,4;
2019/06/25;0700 UTC;0;912,7;913;912,7;;13,6;10,8;14;13,4;10,9;10,6;83;81;83;40;3,1;1,3;
2019/06/25;0800 UTC;0;912,6;912,8;912,6;;13,4;10,7;13,7;13,3;10,9;10,5;84;83;83;53;4,7;2,9;
2019/06/25;0900 UTC;0;912,8;912,8;912,6;;12,9;10,4;13,4;12,6;10,7;10,2;86;83;85;65;4,7;2,8;
2019/06/25;1000 UTC;0;913,1;913,1;912,8;12,9;13,4;10,6;13,4;12,8;10,6;10,2;85;83;83;62;5,3;2,1;
2019/06/25;1100 UTC;0;913,7;913,7;913,1;264,4;16,3;12;16,3;13,4;12;10,6;83;75;75;58;5;1,5;
2019/06/25;1200 UTC;0;914,3;914,3;913,7;1256,4;20,8;13;20,8;16,3;13,6;12;75;60;61;29;6,3;3,3;
2019/06/25;1300 UTC;0;914,5;914,5;914,3;1922,6;23,4;13,4;23,5;20,8;13,7;12,7;61;53;54;35;7,8;2,9;
2019/06/25;1400 UTC;0;914,4;914,6;914,3;2177,3;24,2;13,8;25,1;23;14,2;13,2;55;50;52;9;8,2;3;
2019/06/25;1500 UTC;0;913,5;914,4;913,5;2010;26;14,3;26,1;23,8;14,7;13,5;53;47;49;345;8,2;3,8;
2019/06/25;1600 UTC;0;912,8;913,5;912,8;1433,3;25,6;12,2;26,5;24,9;14,6;11,9;50;41;43;343;10,2;4,2;
2019/06/25;1700 UTC;0;912,2;912,8;912,2;2002,8;26,4;11,3;27,7;25,3;12,2;11,2;43;37;39;335;9,9;4,1;
2019/06/25;1800 UTC;0;912;912,2;912;1538,8;27,1;10,6;27,6;26,2;11,7;10,4;39;35;36;326;9,8;3,9;
2019/06/25;1900 UTC;0;912,2;912,2;912;857,8;26,6;11,6;27,5;25,8;11,8;10,5;40;35;39;351;7,5;2,7;
2019/06/25;2000 UTC;0;912,6;912,6;912,2;351;24,9;11,2;26,6;24,8;11,5;10,9;42;39;42;1;5,7;2,3;
2019/06/25;2100 UTC;0;913,4;913,4;912,6;16,7;22,6;12,7;24,9;22,6;12,7;11,2;54;42;54;39;4,1;1,6;
2019/06/25;2200 UTC;0;914;914;913,4;;22,1;12,7;22,6;22,1;12,8;12,5;56;54;55;44;4;2,3;
2019/06/25;2300 UTC;0;914,2;914,3;914;;20,9;13,2;22,1;20,7;13,2;12,7;62;55;61;34;4,5;2,2;
2019/06/26;0000 UTC;0;914,2;914,3;914,1;;20,5;13,1;21,6;20,5;13,2;13;63;58;62;37;5,1;2;
2019/06/26;0100 UTC;0;914,4;914,5;914,2;;20,5;13,1;20,6;20,2;13,2;13;64;62;62;35;5,2;2,1;
2019/06/26;0200 UTC;0;914,2;914,4;914,1;;19,8;12,9;20,6;19,8;13,1;12,9;64;62;64;37;5,4;2,8;
2019/06/26;0300 UTC;0;914,1;914,2;914,1;;19,7;13;19,8;19,7;13;12,8;65;64;65;43;5,8;2,9;
2019/06/26;0400 UTC;0;913,9;914,1;913,9;;19,2;13;19,9;19,2;13,1;12,9;67;65;67;42;6,1;2,6;
2019/06/26;0500 UTC;0;913,4;913,8;913,4;;18,7;12,6;19,2;18,6;13;12,6;68;67;68;53;5,6;2;
2019/06/26;0600 UTC;0;913,3;913,4;913,3;;19,7;12,6;19,7;17,8;12,8;12,3;71;64;64;53;4,1;1,9;
2019/06/26;0700 UTC;0;913,4;913,4;913,3;;18,5;12,5;19,9;18,1;12,9;12;70;62;68;50;4;,3;
2019/06/26;0800 UTC;0;913,4;913,4;913,4;;18,5;12,8;18,8;18,2;12,9;12,6;71;68;70;59;2,2;,3;
2019/06/26;0900 UTC;0;913,6;913,6;913,3;;17,8;12,4;18,6;17,8;12,8;12,4;70;69;70;44;4,6;2,4;
2019/06/26;1000 UTC;0;914,2;914,2;913,6;23,5;17,5;12,3;17,8;16,9;12,4;12,2;74;70;72;49;4,6;1,1;
2019/06/26;1100 UTC;0;914,9;914,9;914,1;272,1;19,6;12,7;19,6;17,4;12,7;12,2;72;64;64;22;4;,5;
2019/06/26;1200 UTC;0;915,3;915,3;914,9;1223,2;23,1;13,3;23,1;19,6;13,4;12,7;64;54;54;19;6,5;3,4;
2019/06/26;1300 UTC;0;915,4;915,5;915,2;1851,6;25,2;12,4;25,2;23,1;13,2;12;54;45;45;341;8,5;3,9;
2019/06/26;1400 UTC;0;915,1;915,5;915,1;2283,2;26,4;10,7;26,8;25,1;12,7;10,7;45;37;37;327;8,2;4,4;
2019/06/26;1500 UTC;0;914,3;915,1;914,3;2327,6;26,9;10;27,9;26,1;11,5;9,7;38;33;35;354;9,7;4,2;
2019/06/26;1600 UTC;0;913,6;914,3;913,6;2203,5;27,5;9,3;28,7;26,9;10,1;8;35;28;32;336;11,8;3,1;
2019/06/26;1700 UTC;0;913;913,6;913;1430;27,8;8,9;29,2;26,7;10,1;8,3;33;29;31;338;9,4;3,6;
2019/06/26;1800 UTC;0;912,8;913;912,7;2002,8;28,6;8;29,2;27,8;9,5;7,8;31;27;27;321;8,9;4,2;
2019/06/26;1900 UTC;0;912,7;912,8;912,5;1324,9;28,1;8,5;29;27,8;8,7;7,5;30;26;29;322;8,9;3,8;
2019/06/26;2000 UTC;0;913,1;913,1;912,6;526,1;26,3;8,4;28,2;26,3;8,6;8;32;29;32;354;6,7;2,3;
2019/06/26;2100 UTC;0;914;914;913,1;24,6;22,4;9,9;26,3;22,3;10;8,4;46;32;45;46;4,6;,8;
2019/06/26;2200 UTC;0;914,6;914,6;914;;20,7;10,4;22,6;20,5;11,5;9,7;56;44;52;34;2,2;,6;
2019/06/26;2300 UTC;0;915,3;915,3;914,6;;18,1;11,7;20,8;18,1;11,9;10,3;66;51;66;182;2,2;,3;
2019/06/27;0000 UTC;0;915,5;915,6;915,3;;20,2;10,5;20,6;17,8;11,7;10,3;67;52;54;61;3,2;1,6;
2019/06/27;0100 UTC;0;915,5;915,6;915,5;;19,5;10,8;20,9;19,5;10,8;10,4;57;51;57;51;5;2,3;
2019/06/27;0200 UTC;0;915,4;915,6;915,4;;18,8;11,3;19,9;18,6;11,4;10,8;62;57;62;49;4,5;1,6;
2019/06/27;0300 UTC;0;915,1;915,4;915,1;;19,3;11;19,9;18,8;11,5;11;62;57;58;48;4,8;1;
2019/06/27;0400 UTC;0;915;915,2;915;;17,3;11,2;19,3;17,3;11,2;10,9;67;58;67;116;2,6;,1;
2019/06/27;0500 UTC;0;915;915,1;914,8;;17,9;11,2;19,1;16,8;11,5;10,5;69;58;65;154;4,6;1,7;
2019/06/27;0600 UTC;0;915;915,1;914,9;;17,1;11,3;18,2;17,1;11,3;10,9;69;63;69;104;2,5;0;
2019/06/27;0700 UTC;0;915,2;915,3;915;;16,1;11,4;17,4;16,1;11,4;11;74;67;74;281;4,6;,1;
2019/06/27;0800 UTC;0;915,3;915,3;915,1;;15,9;11,6;17;15,8;11,6;11,2;76;70;76;249;3,7;0;
2019/06/27;0900 UTC;0;916;916;915,3;;15,8;11,9;16,5;15,8;11,9;11,5;77;73;77;231;1,6;,1;
2019/06/27;1000 UTC;0;916,8;916,8;916;15,2;16;11,6;16,9;15,8;12,1;11,3;78;70;76;185;2,5;,2;
2019/06/27;1100 UTC;0;917,6;917,6;916,8;251,6;17,8;12,4;18,1;15,9;12,4;11,6;77;67;71;55;1,6;0;
2019/06/27;1200 UTC;0;917,9;918;917,6;1192,5;21,3;11,9;21,5;17,7;13,4;11,4;71;53;55;94;2,1;,7;
2019/06/27;1300 UTC;0;917,7;918;917,7;1869,2;23,6;10,9;23,8;21,2;12,6;10,6;58;44;45;216;2,2;,8;
2019/06/27;1400 UTC;0;917,2;917,8;917,2;2237,6;25,6;8,8;26;23,6;12,1;8,8;46;35;35;222;2,3;,6;
2019/06/27;1500 UTC;0;916,4;917,2;916,4;2493;28;8;28,4;25,5;10,1;7,9;37;28;28;334;5,8;2,3;
2019/06/27;1600 UTC;0;915,5;916,4;915,5;2509,5;28,8;8,2;28,9;27,7;8,7;7,3;30;27;27;341;6,8;3,1;
2019/06/27;1700 UTC;0;915,2;915,5;915,1;2349,6;29,1;8,3;29,5;28,4;8,8;7,7;28;26;27;325;7,3;3;
2019/06/27;1800 UTC;0;914,7;915,2;914,7;1990;29,3;9;29,8;28,3;9,1;7,6;29;26;28;345;7;3;
2019/06/27;1900 UTC;0;914,6;914,7;914,6;1183,2;27,5;9,3;29,3;27,3;9,3;8,4;32;28;32;356;6,7;2,7;
2019/06/27;2000 UTC;0;915;915;914,6;358,7;25,7;9,9;27,7;25,7;9,9;9;37;32;37;25;5;1,5;
2019/06/27;2100 UTC;0;915,5;915,5;915;17,8;23,6;10,4;25,7;23,6;10,8;10;44;37;44;40;3;1,5;
2019/06/27;2200 UTC;0;915,8;915,8;915,5;;22,9;10,2;23,6;22,8;10,8;10,2;46;44;45;76;4,3;2;
2019/06/27;2300 UTC;0;916,1;916,1;915,8;;22,1;10,6;22,9;22,1;10,6;10;48;44;48;87;4,3;1,3;
2019/06/28;0000 UTC;0;916,5;916,5;916,1;;21;11,1;22,1;20,8;11,1;10,5;53;48;53;84;3,4;1,6;
2019/06/28;0100 UTC;0;916,8;916,9;916,5;;19,6;10,9;21;19,6;11,2;10,9;57;53;57;71;3,5;1,8;
2019/06/28;0200 UTC;0;916,6;916,9;916,6;;17,9;11,3;19,6;17,8;11,3;10,8;65;57;65;68;3,7;1,1;
2019/06/28;0300 UTC;0;916,6;916,7;916,6;;18,3;11,8;18,6;17,9;11,9;11,3;66;65;66;48;4,8;1,2;
2019/06/28;0400 UTC;0;916,2;916,6;916,2;;18;12,1;18,4;17,5;12,4;11,9;71;66;68;53;4,8;1,1;
2019/06/28;0500 UTC;0;915,7;916,2;915,7;;17,2;12;18;17;12,1;11,9;72;68;71;30;4,3;1;
2019/06/28;0600 UTC;0;915,7;915,8;915,5;;17,4;11,3;17,7;16,4;12;11,3;74;67;67;58;3,4;1,1;
2019/06/28;0700 UTC;0;915,8;915,9;915,6;;15,5;11,1;17,4;15,5;11,5;11,1;76;67;75;226;3,3;0;
2019/06/28;0800 UTC;0;915,8;915,9;915,7;;16,3;10,7;16,9;15,5;11,4;10,6;75;67;69;213;2,3;,2;
2019/06/28;0900 UTC;0;916,1;916,1;915,6;;17,5;11;18;16,3;11,1;10,8;70;63;66;313;5,7;,9;
2019/06/28;1000 UTC;0;917;917;916;12,1;17,2;11,7;17,5;17,1;11,7;11;70;66;70;65;6,1;1;
2019/06/28;1100 UTC;0;918;918;917;269,4;19,3;13;19,3;17,2;13;11,8;70;67;67;5;6,1;2,8;
2019/06/28;1200 UTC;0;918,5;918,6;918;1205,1;22,6;13,9;22,6;19,3;14;13;67;58;58;49;6,9;2,5;
2019/06/28;1300 UTC;0;918,4;918,6;918,4;1828,4;23,9;14;24;22,4;14,1;13,6;58;53;54;35;8,3;3,7;
2019/06/28;1400 UTC;0;918;918,4;918;2272,8;25,3;12,9;25,7;23,8;14,1;12,5;54;45;46;26;9,7;4,4;
2019/06/28;1500 UTC;0;917,4;918;917,3;2518,2;26,9;12,5;27,3;25,4;13,3;12,4;46;41;41;22;9,7;2,9;
2019/06/28;1600 UTC;0;916,5;917,4;916,5;2676,9;27,6;10,6;27,7;26,5;12,7;10,6;42;35;35;50;8,8;3;
2019/06/28;1700 UTC;0;915,9;916,6;915,9;2162;26,5;11,6;28,9;26,5;12,4;10,6;39;34;39;40;6,8;2,3;
2019/06/28;1800 UTC;0;915,3;915,9;915,3;1800,8;27,4;11,4;28;26,1;12,5;10,8;41;35;37;19;6,9;2,8;
2019/06/28;1900 UTC;0;915;915,3;915;1287,5;27,2;10,8;28,2;26,9;11,6;10,3;37;33;36;48;8,1;2,4;
2019/06/28;2000 UTC;0;915,3;915,3;915;517,1;25,7;11;27,3;25,7;11,2;10,3;40;35;40;46;6,3;1,2;
2019/06/28;2100 UTC;0;915,8;915,8;915,3;40,6;22,2;11,1;25,8;22,2;11,1;10,6;49;40;49;152;4,4;,6;
2019/06/28;2200 UTC;0;916,1;916,1;915,8;;20,5;11,2;22,2;20,5;11,3;10,8;55;49;55;188;3;,8;
2019/06/28;2300 UTC;0;916,6;916,6;916,1;;18,6;11,5;20,6;18,6;11,6;11,2;63;55;63;233;2,6;,1;
2019/06/29;0000 UTC;0;916,8;916,8;916,6;;18,1;11,9;18,9;18;11,9;11,5;67;63;67;275;2,2;,2;
2019/06/29;0100 UTC;0;916,9;917,1;916,8;;19,2;12,2;19,3;18,1;12,3;11,8;67;64;64;356;3,8;2,1;
2019/06/29;0200 UTC;0;916,7;917;916,7;;17,2;12,2;19,2;17,1;12,4;11,8;73;64;72;297;3,8;,9;
2019/06/29;0300 UTC;0;916,4;916,8;916,4;;17,7;12,4;17,7;16,5;12,8;12;76;71;71;327;4;1,4;
2019/06/29;0400 UTC;0;916,3;916,5;916,3;;18,2;11,4;18,7;17,7;12,5;11,4;71;64;65;51;6,1;2;
2019/06/29;0500 UTC;0;915,9;916,3;915,9;;17,9;11;18,3;17,6;11,4;10,9;65;63;64;28;7;2,2;
2019/06/29;0600 UTC;0;915,8;915,9;915,8;;17,5;11;18,1;17,4;11;10,9;66;63;66;23;7,7;2;
2019/06/29;0700 UTC;0;915,4;915,8;915,4;;16,8;11,1;17,5;16,8;11,1;10,9;69;66;69;20;8;2,1;
2019/06/29;0800 UTC;0;915,6;915,6;915,4;;17,2;11,5;17,2;16,8;11,5;11,2;69;68;69;24;8;2,7;
2019/06/29;0900 UTC;0;915,9;915,9;915,6;;16,2;11,5;17,2;16,2;11,5;11,4;74;69;74;26;8;2,4;
2019/06/29;1000 UTC;0;916,4;916,4;915,9;11,6;16;11,8;16,2;15,7;11,8;11,5;77;74;76;37;7,4;2;
2019/06/29;1100 UTC;0;917;917;916,4;277,3;18,7;12,5;18,7;16;12,5;11,8;76;67;67;35;8,1;2,5;
2019/06/29;1200 UTC;0;917,7;917,7;917;1252,2;21;12,6;21;18,7;12,8;12,4;67;59;59;33;10;4,1;
2019/06/29;1300 UTC;0;917,9;917,9;917,7;1882;23;12,8;23;20,9;13;12,3;59;53;53;41;11,4;4,3;
2019/06/29;1400 UTC;0;917,6;917,9;917,6;2324,6;24,3;13,3;24,3;22,9;13,3;12,6;53;50;50;35;10;4;
2019/06/29;1500 UTC;0;916,5;917,6;916,5;2578,1;25,7;13,1;25,9;24,2;13,6;12,9;50;45;46;30;11;3,5;
2019/06/29;1600 UTC;0;915,4;916,5;915,4;2532;26,3;12,5;26,9;25,2;13,2;12;46;41;42;50;8,5;2,8;
2019/06/29;1700 UTC;0;914,8;915,4;914,8;2369,4;27;11,7;27,4;26,2;13,1;11,7;43;38;39;10;7,5;2,9;
2019/06/29;1800 UTC;0;914,4;914,9;914,4;2041,9;27,3;10,8;27,6;26,6;12,6;10,8;41;36;36;4;6,6;2,3;
2019/06/29;1900 UTC;0;914,1;914,4;914,1;1348;26,3;10,4;27,7;26,2;11,5;9,5;38;34;37;7;7,1;3,4;
2019/06/29;2000 UTC;0;914,5;914,5;914,1;578,2;24,8;11,7;26,6;24,8;11,7;10,3;44;36;44;358;5,9;1,8;
2019/06/29;2100 UTC;0;914,9;914,9;914,5;44;21,3;12,2;24,9;21,3;12,3;11,6;56;44;56;64;4;,7;
2019/06/29;2200 UTC;0;915,3;915,3;914,9;;19,6;12,1;21,3;19,6;12,2;12;62;56;62;71;2,8;1,2;
2019/06/29;2300 UTC;0;915,8;915,8;915,3;;18,9;12,1;19,9;18,9;12,1;11,9;64;60;64;80;3,5;,9;
2019/06/30;0000 UTC;0;916;916;915,8;;18,6;12,4;19,1;18,2;12,4;11,9;68;64;67;67;4,2;,8;
2019/06/30;0100 UTC;0;916,2;916,2;916;;16,7;12,3;18,7;16,7;12,4;12;75;67;75;7;4,2;,2;
2019/06/30;0200 UTC;0;916,3;916,3;916,2;;16,7;12,9;17,2;16,7;13;12,3;79;75;79;52;4,2;1,7;
2019/06/30;0300 UTC;0;916,4;916,5;916,3;;16,4;13,3;16,7;16,1;13,3;12,8;82;79;82;68;3,4;1,3;
2019/06/30;0400 UTC;0;916,4;916,4;916,3;;16,5;13,3;16,8;16,3;13,6;13,2;82;81;82;67;4,7;1,7;
2019/06/30;0500 UTC;0;915,6;916,4;915,6;;15,9;13,3;16,5;15,7;13,4;13;85;82;85;33;4,4;1,5;
2019/06/30;0600 UTC;0;915,1;915,6;915,1;;18,5;14;18,5;15,8;14,1;13,2;85;75;75;28;6,8;2,3;
2019/06/30;0700 UTC;0;914,9;915,1;914,8;;15,4;13;19,1;15,4;14;12,8;85;72;85;18;9,7;,6;
2019/06/30;0800 UTC;0;915,6;915,6;914,9;;15,4;13,1;15,6;15,1;13,3;12,8;87;85;86;29;3,1;,8;
2019/06/30;0900 UTC;0;916,2;916,2;915,6;;15,5;12,8;15,8;14,8;13,4;12,4;87;84;84;51;3,5;1,7;
2019/06/30;1000 UTC;0;916,6;916,6;916,2;10,6;14,8;12,5;16,1;14,8;13,4;12,5;86;82;86;22;6,1;1,5;
2019/06/30;1100 UTC;0;917,4;917,4;916,6;281;18,3;13,4;18,3;14,8;13,6;12,5;87;73;73;42;5,6;2,2;
2019/06/30;1200 UTC;0;918,2;918,2;917,4;1249,4;20,9;13,1;20,9;18,3;13,6;13,1;73;61;61;23;6,6;2,9;
2019/06/30;1300 UTC;0;918,5;918,5;918,2;1885,1;23,2;12,6;23,5;20,9;13,4;12,6;62;51;51;20;8,1;3,1;
2019/06/30;1400 UTC;0;918,1;918,5;918,1;2337,6;24,6;12,5;24,6;23;13;11,6;52;46;47;11;8,7;3,9;
2019/06/30;1500 UTC;0;917,2;918,1;917,2;2590,9;25;12;25,4;24;12,2;11,2;47;43;45;360;8,5;3,5;
2019/06/30;1600 UTC;0;916,2;917,2;916,2;2578,9;25,8;11,3;26,4;25;12,4;11,1;45;40;40;18;6,6;2,9;
2019/06/30;1700 UTC;0;915,2;916,2;915,2;2341,6;26,3;11,3;27,2;25,6;12,4;10,7;42;37;39;34;6,5;1,9;
2019/06/30;1800 UTC;0;914,6;915,2;914,6;1946,5;27,7;10,6;27,7;26,3;11,6;10,1;39;34;34;341;6;2,4;
2019/06/30;1900 UTC;0;914,3;914,6;914,3;1294,9;26,6;9,8;27,7;26,3;11,1;9,5;37;34;35;12;5,3;2,2;
2019/06/30;2000 UTC;0;914,4;914,4;914,3;579,4;25,4;10,3;26,7;25,4;10,4;9,3;39;34;39;356;3,6;1,4;
2019/06/30;2100 UTC;0;914,8;914,8;914,4;46;21,8;11,2;25,4;21,8;11,6;10,4;51;39;51;90;2,6;1,2;
2019/06/30;2200 UTC;0;915,2;915,2;914,8;;20,1;10,1;21,8;20,1;11,2;10,1;54;51;53;89;4,4;2,2;
2019/06/30;2300 UTC;0;915,5;915,5;915,2;;19,8;9,5;20,1;19,5;10,1;9,5;53;52;52;77;4,7;2,8;
2019/07/01;0000 UTC;0;915,8;915,8;915,5;;18,8;9,4;19,8;18,7;9,7;9,4;55;52;54;75;4,7;2,4;
2019/07/01;0100 UTC;0;916;916;915,8;;18,2;9,5;18,9;18,1;9,5;9,3;57;54;57;74;4,1;2,3;
2019/07/01;0200 UTC;0;916,1;916,2;916;;17,3;9,3;18,2;17,3;9,5;9,3;59;57;59;69;4,6;3;
2019/07/01;0300 UTC;0;916;916,1;916;;15,7;10;17,3;15,7;10,2;9,3;69;59;69;62;4,7;2,8;
2019/07/01;0400 UTC;0;915,9;916;915,8;;16,4;10,9;16,5;15,1;11;9,8;72;69;70;78;5,6;2,7;
2019/07/01;0500 UTC;0;915,5;915,9;915,5;;14,7;10,7;16,4;14,6;11;10,5;77;70;77;51;5,6;2,2;
2019/07/01;0600 UTC;0;915,2;915,5;915,1;;14,8;11;15;14,4;11,1;10,6;79;76;78;64;3,6;2;
2019/07/01;0700 UTC;0;915,2;915,2;915,1;;14,3;10,7;15,2;14,3;11,2;10,7;79;77;79;51;4,2;2,2;
2019/07/01;0800 UTC;0;915,4;915,4;915,1;;13,6;10,4;14,3;13,6;10,8;10,3;81;79;81;54;3,9;2,5;
2019/07/01;0900 UTC;0;915,7;915,7;915,3;;13,7;9,9;14,8;13,5;10,9;9,9;81;76;78;61;4;1,6;
2019/07/01;1000 UTC;0;916,5;916,5;915,6;12;12,4;9,8;13,7;11,9;10,3;9,3;86;78;84;60;3,6;1,1;
2019/07/01;1100 UTC;0;916,8;916,8;916,5;299,3;15,4;11;15,5;12,5;11,7;9,6;85;75;75;356;4;,1;
2019/07/01;1200 UTC;0;917,3;917,4;916,8;1260,6;20,2;12,6;20,2;15,4;12,8;11,1;76;61;61;16;3;1,1;
2019/07/01;1300 UTC;0;917,3;917,4;917,3;1893,2;24;11;24,1;20,2;13,2;10,9;61;44;44;17;4,3;1,9;
2019/07/01;1400 UTC;0;916,9;917,4;916,9;2345,9;25,1;10,3;25,6;23,9;11,6;9,5;46;37;39;347;6,8;2,8;
2019/07/01;1500 UTC;0;916;917;916;2605,5;26,7;9,8;26,7;25,1;10,6;8,7;40;33;35;348;9,2;2,9;
2019/07/01;1600 UTC;0;915,1;916;915,1;2583,6;26,7;8,4;27,9;26,1;10,1;8,4;36;31;31;335;6,6;2,4;
2019/07/01;1700 UTC;0;914;915,1;914;2337,8;27,8;8,8;28,4;26,4;9,9;8,2;33;30;30;313;6,8;3,3;
2019/07/01;1800 UTC;0;913,5;914;913,5;1957,9;28,2;8,3;28,3;27;9,4;7,9;31;29;29;315;8;2,9;
2019/07/01;1900 UTC;0;913,4;913,5;913,3;1259,2;27,8;7,9;28,2;27,3;8,4;7;29;27;29;315;6,3;2;
2019/07/01;2000 UTC;0;913,3;913,4;913,2;419,5;25,2;9,4;27,8;24,8;9,4;7,2;37;28;37;11;5,4;,6;
2019/07/01;2100 UTC;0;913,5;913,6;913,3;42,3;21;9,6;25,3;21;10,1;9;48;36;48;63;2,1;1,7;
2019/07/01;2200 UTC;0;913,7;913,8;913,5;;18,8;11,3;21,2;17,7;11,7;9,6;66;48;62;125;2,8;1,1;
2019/07/01;2300 UTC;0;913,6;913,7;913,6;;16,5;10,9;19,1;16,5;11,3;10,5;69;60;69;299;2,8;,1;
2019/07/02;0000 UTC;0;913,9;913,9;913,6;;15,5;10,7;16,8;15,5;11,2;10,7;73;69;73;218;1,7;0;
2019/07/02;0100 UTC;0;913,7;914;913,7;;14,5;10,6;15,9;14,4;11;10,3;77;72;77;205;3,3;,1;
2019/07/02;0200 UTC;0;913,8;913,8;913,7;;14,3;10,4;15,5;14,2;10,8;10,2;78;72;78;102;2;,2;
2019/07/02;0300 UTC;0;913,5;913,8;913,5;;16,1;10,1;16,6;14,1;10,8;9,7;78;67;67;56;3,2;2,1;
2019/07/02;0400 UTC;0;913;913,5;913;;15,6;9,9;16,1;15,5;10;9,8;69;67;69;58;3,8;2,3;
2019/07/02;0500 UTC;0;912,5;913;912,5;;15,1;9,8;15,6;14,4;10,1;9,7;74;69;70;45;3,8;2,4;
2019/07/02;0600 UTC;0;911,8;912,5;911,8;;14,8;9,7;15,2;14,5;9,8;9,6;73;70;71;45;3,8;2,2;
2019/07/02;0700 UTC;0;911,6;911,8;911,4;;14,1;9,5;14,8;14,1;9,7;9,5;74;71;74;41;3,8;2;
2019/07/02;0800 UTC;0;911,8;911,8;911,6;;14,2;9,6;14,2;14;9,6;9,5;74;74;74;44;4,1;2,8;
2019/07/02;0900 UTC;0;911,7;911,8;911,6;;14,8;9,2;15,1;14,2;9,7;9,2;74;69;70;68;5,7;2,8;
2019/07/02;1000 UTC;0;912,2;912,2;911,7;25,1;13,7;9,3;15;13,5;9,5;8,9;76;69;75;42;4,9;1,7;
2019/07/02;1100 UTC;0;912,5;912,6;912,2;326,5;16,2;10,5;16,2;13,7;10,5;9,3;75;69;69;31;3,5;1,5;
2019/07/02;1200 UTC;0;912,6;912,6;912,3;1265,5;20,7;12,2;20,7;16,2;12,5;10,5;69;58;58;23;4,3;2,6;
2019/07/02;1300 UTC;0;912,4;912,7;912,4;1843,1;23,3;11,7;23,4;20,7;12,2;11,5;58;48;48;17;7;3,8;
2019/07/02;1400 UTC;0;912,1;912,4;912;2213,8;25,5;9,3;25,6;23,3;11,9;8,8;48;34;36;347;8,2;4;
2019/07/02;1500 UTC;0;911,4;912,1;911,4;2572,6;26;8,8;26,6;25;11,1;8,5;40;33;34;352;8,9;4,5;
2019/07/02;1600 UTC;0;910,3;911,4;910,3;2581,6;26,5;8;27,6;25,8;9;7,8;34;30;31;352;8,6;4,2;
2019/07/02;1700 UTC;0;909,5;910,3;909,5;2286,6;27,8;6,8;28,2;26,5;9;6,7;32;26;26;305;7,5;3,2;
2019/07/02;1800 UTC;0;908,8;909,5;908,8;1912,1;27,9;6,9;28,5;27,2;8;4,5;28;22;27;329;8,2;3,6;
2019/07/02;1900 UTC;0;908,7;908,8;908,6;1113,6;26,6;6,8;28;26,5;7,9;6,2;30;26;28;339;7,9;3;
2019/07/02;2000 UTC;0;909;909;908,7;435,8;24,8;8,7;26,6;24,8;8,7;6,8;36;28;36;352;5,9;1,8;
2019/07/02;2100 UTC;0;909,5;909,6;909;22,7;22;9,1;24,9;22;9,4;8,6;44;36;44;43;3,7;1,9;
2019/07/02;2200 UTC;0;909,6;909,7;909,5;;20,4;8,9;22;20,4;9,1;8,8;48;44;48;58;4;1,8;
2019/07/02;2300 UTC;0;909,9;909,9;909,6;;19,8;9,2;20,4;19,7;9,3;8,9;51;48;50;49;4,7;2;
2019/07/03;0000 UTC;0;909,8;910;909,8;;18,7;8,9;19,9;18,7;9,2;8,9;53;50;53;53;4,9;2,5;
2019/07/03;0100 UTC;0;910;910;909,8;;18,3;8,5;18,9;18,2;8,9;8,4;54;51;53;46;4,9;2,4;
2019/07/03;0200 UTC;0;910,6;910,6;909,9;;17,5;8,3;18,3;17,5;8,5;8,3;55;53;55;57;4,8;2,5;
2019/07/03;0300 UTC;0;910,6;910,7;910,5;;16,8;8,3;17,8;16,7;8,4;8;57;53;57;61;5,7;3,3;
2019/07/03;0400 UTC;0;910,3;910,5;910,3;;16;8,5;16,8;16;8,5;8,3;61;57;61;55;5,8;3,2;
2019/07/03;0500 UTC;0;909,9;910,3;909,9;;16;8,9;16,2;15,7;9;8,5;63;61;63;50;5,6;1,7;
2019/07/03;0600 UTC;0;909,7;909,9;909,7;;16,4;9,6;16,4;15,8;9,6;8,9;65;63;64;43;6,8;3,9;
2019/07/03;0700 UTC;0;909,6;909,7;909,6;;16,3;9,8;16,4;16,2;9,8;9,5;65;64;65;46;7,8;4,5;
2019/07/03;0800 UTC;0;909,9;909,9;909,6;;16;9,8;16,3;15,9;9,9;9,7;67;65;67;57;7,3;3,4;
2019/07/03;0900 UTC;0;910,5;910,5;909,8;;15,4;9,5;16,1;15,4;9,8;9,4;68;65;68;53;6,1;2,4;
2019/07/03;1000 UTC;0;911;911,1;910,5;18,6;17,3;9,6;17,6;15,4;9,9;9,3;68;60;60;11;8,4;2,8;
2019/07/03;1100 UTC;0;912;912;911;450,4;19,9;10,3;19,9;17,1;10,6;9,5;61;54;54;6;8,4;1,9;
2019/07/03;1200 UTC;0;912,7;912,7;912;1132,3;23;10,6;23;19,9;11,1;10,1;54;45;45;328;4,5;2,2;
2019/07/03;1300 UTC;0;912,6;912,8;912,6;1688,9;25,1;9,6;25,1;23;11;9,4;46;37;38;311;9,5;4,4;
2019/07/03;1400 UTC;0;912,1;912,6;912;2294,3;26,2;8,3;26,6;25;9,8;8,3;38;32;32;311;9,7;4;
2019/07/03;1500 UTC;0;911,3;912,1;911,3;2119,7;26,7;8;27,4;25,6;8,9;7,6;33;30;31;304;10,1;4;
2019/07/03;1600 UTC;0;910,4;911,3;910,4;1850,7;25,5;6,5;28,3;25,5;8,3;6,5;31;27;30;254;9,9;2,8;
2019/07/03;1700 UTC;0;909,6;910,4;909,6;2042;27,4;7,4;28,7;25,4;7,7;5,9;30;25;28;261;8,7;3,7;
2019/07/03;1800 UTC;0;909,3;909,7;909,3;1235,9;27,5;7,7;27,9;25,9;8,2;7;31;28;29;257;8,5;3,1;
2019/07/03;1900 UTC;0;909,2;909,4;909,2;1024,7;26,4;8,2;27,5;25,7;9;7,2;34;28;32;250;8,2;1,9;
2019/07/03;2000 UTC;0;909,1;909,2;908,8;587,7;25,9;7,6;27,4;25,9;8,9;7,6;32;30;31;317;5,2;2,6;
2019/07/03;2100 UTC;0;909,7;909,7;909,1;51,1;22;9,2;25,9;22;9,2;7,6;44;31;44;331;4,5;,7;
2019/07/03;2200 UTC;0;910,1;910,1;909,6;;20,7;9,3;22;20,7;9,6;9,1;49;44;48;41;2,6;1;
2019/07/03;2300 UTC;0;910,6;910,6;910,1;;19,7;9,1;20,7;19,3;10,4;8,9;56;48;50;49;3,5;1,4;
2019/07/04;0000 UTC;0;910,9;910,9;910,6;;18,9;9,4;20;18,9;9,7;9,1;54;50;54;55;4,4;2,4;
2019/07/04;0100 UTC;0;911,1;911,2;910,7;;18,6;9,2;19,1;18,6;9,5;9,1;54;53;54;56;5,5;2,9;
2019/07/04;0200 UTC;0;911,1;911,2;911,1;;18,3;9;19;18,2;9,2;9;55;53;54;65;5,2;3,2;
2019/07/04;0300 UTC;0;911;911,1;911;;18,2;8,9;18,3;17,7;9;8,8;57;54;55;48;5,2;1,8;
2019/07/04;0400 UTC;0;910,7;911,1;910,7;;18,1;8,8;18,9;17,6;8,9;8,6;56;52;55;52;6,3;2;
2019/07/04;0500 UTC;0;910,6;910,8;910,6;;18,5;8,8;18,6;15,9;9,4;8,7;64;53;53;19;5,5;2,4;
2019/07/04;0600 UTC;0;910,5;910,6;910,4;;16;9;18,6;16;9;8,6;63;53;63;68;5,7;2,8;
2019/07/04;0700 UTC;0;910,4;910,5;910,3;;16,8;9,3;16,8;15,8;9,4;9;64;61;61;57;5,9;2,5;
2019/07/04;0800 UTC;0;910,6;910,6;910,4;;16,1;9,1;17;15,7;9,3;9;65;61;63;69;6,1;2,6;
2019/07/04;0900 UTC;0;910,6;910,7;910,5;;15,1;9,1;16,1;15;9,1;8,9;67;63;67;54;5,6;3,1;
2019/07/04;1000 UTC;0;911,4;911,4;910,7;13,5;15;9,1;16;15;9,2;8,9;68;64;68;66;5,4;2,6;
2019/07/04;1100 UTC;0;912;912;911,4;315,9;18,2;9,9;18,2;15;10;9,1;68;58;58;32;5,4;2,1;
2019/07/04;1200 UTC;0;912,4;912,4;912;1203,9;22,2;9,6;22,2;18,2;10,7;9,5;58;44;45;334;8,3;4;
2019/07/04;1300 UTC;0;912,4;912,4;912,2;1514,6;24,7;9;24,8;22,2;10,1;9;45;37;37;329;10,1;5,1;
2019/07/04;1400 UTC;0;912,2;912,4;912,2;1612,2;25,7;8,7;25,9;24,6;9,4;8,4;37;34;34;310;11;5,2;
2019/07/04;1500 UTC;0;911,7;912,2;911,7;1094,4;25,3;9,1;26,4;25,2;9,2;8,4;36;33;36;319;10;4,7;
2019/07/04;1600 UTC;0;911,3;911,7;911,2;937,2;25,7;10;26,1;25,1;10;8,8;37;34;37;294;11,2;5,3;
2019/07/04;1700 UTC;0;911;911,3;911;487,9;25;10,7;25,7;25;10,7;9,7;41;37;41;279;10;3,1;
2019/07/04;1800 UTC;0;911;911;910,8;361,7;24,4;11,4;25,2;24,4;11,6;10,7;44;41;44;246;8,5;2,8;
2019/07/04;1900 UTC;0;911,8;911,8;911;75,4;21,9;12,3;24,4;21,9;12,3;11,4;55;44;55;225;11,1;4,7;
2019/07/04;2000 UTC;0;912,6;912,6;911,8;39,9;19,6;13,9;21,9;19,6;13,9;12,4;70;55;69;210;9,1;4,7;
2019/07/04;2100 UTC;0;913,2;913,2;912,6;,2;18,6;14,3;19,6;18,6;14,3;13,8;76;69;76;218;6,8;3,5;
2019/07/04;2200 UTC;0;913,5;913,5;913,1;;17,2;14,8;18,6;17,2;14,9;14,2;86;76;86;207;5,8;1,6;
2019/07/04;2300 UTC;0;913,5;913,6;913,4;;17,3;14,9;17,3;16,9;15,2;14,8;89;86;86;208;2,6;1,6;
2019/07/05;0000 UTC;0;913,5;913,7;913,4;;17,2;14,9;17,3;17;15;14,6;87;85;86;176;2,6;,9;
2019/07/05;0100 UTC;,4;913,4;913,6;913,1;;16,7;15;17,3;16,7;15,1;14,8;89;86;89;126;3,2;,6;
2019/07/05;0200 UTC;,2;913;913,4;912,9;;16,1;14,7;16,8;16,1;15,1;14,7;92;89;92;71;2,7;1,9;
2019/07/05;0300 UTC;0;912,7;913;912,6;;16;14,7;16,1;15,8;14,9;14,5;92;92;92;77;3,1;1,5;
2019/07/05;0400 UTC;0;912,5;912,7;912,4;;15,8;14,3;16,1;15,7;14,7;14,2;92;90;91;58;4,1;1,4;
2019/07/05;0500 UTC;0;911,9;912,5;911,9;;15,8;14,3;16,1;15,7;14,6;14,2;91;90;90;42;4,9;2,9;
2019/07/05;0600 UTC;0;912,1;912,3;911,8;;18,4;14,8;18,4;15,8;14,8;14,1;90;80;80;28;6,8;2,6;
2019/07/05;0700 UTC;0;912,3;912,4;912;;16,1;14,1;18,6;16;14,7;13,9;88;78;88;147;6,8;,6;
2019/07/05;0800 UTC;0;912,4;912,4;912,2;;16,1;13,9;16,5;16,1;14,4;13,9;88;86;87;51;3,6;2;
2019/07/05;0900 UTC;0;912,9;912,9;912,4;;16,9;13,9;16,9;15,9;14,1;13,8;88;82;82;24;3,8;1,9;
2019/07/05;1000 UTC;,2;913,6;913,6;912,9;21,1;18,5;13,8;18,5;16,9;14;13,7;82;74;74;334;4,6;1,8;
2019/07/05;1100 UTC;0;914,3;914,3;913,5;359;20;14,5;20;18,4;14,5;13,8;75;70;71;307;4,9;2,3;
2019/07/05;1200 UTC;0;915,2;915,2;914,3;417,5;20,3;15,1;20,7;20;15,1;14,3;72;67;72;270;8,1;3;
2019/07/05;1300 UTC;,4;915,5;915,6;915,2;295,5;19,2;16,1;20,3;18,5;16,2;15,1;84;72;82;276;8,1;1,7;
2019/07/05;1400 UTC;0;915,2;915,5;915,1;366,7;20;16,2;20;19,2;16,5;15,8;83;78;78;291;6,9;2;
2019/07/05;1500 UTC;0;915,1;915,2;914,9;622,9;20,8;16,3;20,9;20;16,5;15,8;78;74;76;257;9,5;2,8;
2019/07/05;1600 UTC;0;914,8;915,1;914,8;557,5;20,5;16,7;21,4;20;16,8;16,1;80;73;79;239;9,8;4,3;
2019/07/05;1700 UTC;0;914,6;914,9;914,6;448,8;19,8;16,5;20,5;19,8;16,7;16,3;81;78;81;239;9,5;4,2;
2019/07/05;1800 UTC;0;914,7;914,7;914,5;368,6;19,2;16,6;19,9;18,8;17;16,4;87;81;85;241;10,5;4;
2019/07/05;1900 UTC;0;914,6;914,7;914,5;317,7;19,3;16;19,7;19,1;16,8;16;85;81;82;230;8,4;4,7;
2019/07/05;2000 UTC;0;914,8;914,8;914,4;235,9;18,8;15,4;19,3;18,8;16;15,3;82;79;80;240;9,6;3,6;
2019/07/05;2100 UTC;0;915;915;914,7;18,8;18;15,2;18,8;18;15,4;15,2;84;80;84;230;7,9;3,9;
2019/07/05;2200 UTC;0;915,5;915,5;915;;17,4;15,1;18;17,3;15,2;15;87;83;87;225;8,1;4,8;
2019/07/05;2300 UTC;0;915,9;915,9;915,5;;16,8;14,6;17,4;16,8;15,1;14,6;87;86;86;230;8,8;4,1;
2019/07/06;0000 UTC;0;916,3;916,4;915,9;;16,3;13,8;16,8;16,3;14,6;13,8;88;85;85;215;9,3;5,2;
2019/07/06;0100 UTC;0;916,7;916,7;916,3;;15,7;13,9;16,3;15,7;14;13,8;89;85;89;223;7,8;4,1;
2019/07/06;0200 UTC;0;916,8;916,9;916,7;;15,4;13,8;15,7;15,4;13,9;13,8;90;89;90;227;7,1;4;
2019/07/06;0300 UTC;0;916,9;917;916,8;;15,2;13,6;15,4;15,1;13,9;13,6;91;90;90;209;7,1;2,9;
2019/07/06;0400 UTC;0;916,7;916,9;916,6;;14,8;12,9;15,2;14,8;13,6;12,9;90;87;88;198;5,5;2,8;
2019/07/06;0500 UTC;0;916,3;916,6;916,3;;14,5;12,4;14,8;14,5;12,9;12,4;89;87;87;192;5,3;1,6;
2019/07/06;0600 UTC;0;915,9;916,3;915,9;;14,3;11,9;14,5;14,3;12,4;11,9;87;85;86;204;4,2;2,7;
2019/07/06;0700 UTC;0;915,9;916;915,8;;13,8;12,4;14,3;13,8;12,4;11,9;91;86;91;222;5,1;3;
2019/07/06;0800 UTC;0;916,3;916,3;915,9;;13,5;11,8;13,8;13,5;12,4;11,8;91;89;89;213;6,4;3,9;
2019/07/06;0900 UTC;0;916,4;916,4;916,3;;12,8;10,2;13,6;12,8;11,8;10,2;89;84;84;222;6,9;3,1;
2019/07/06;1000 UTC;0;916,8;916,8;916,4;12,8;12,5;9,9;12,8;12,4;10,2;9,8;85;84;84;210;4,9;3,1;
2019/07/06;1100 UTC;0;917,7;917,7;916,8;99,1;11,8;8,9;12,6;11,7;10;8,6;85;81;83;241;6;2,3;
2019/07/06;1200 UTC;0;918,4;918,4;917,7;1031,1;12,5;8,1;13,4;11,8;9,9;7,9;84;74;74;242;5,8;3;
2019/07/06;1300 UTC;0;918,7;918,7;918,4;1597,4;13,2;7,7;13,8;12;9;7,4;75;69;69;242;5,8;2,5;
2019/07/06;1400 UTC;0;918,8;918,8;918,7;2307,6;14,7;6,3;15;12,8;8,3;6;73;57;57;205;6,5;3,4;
2019/07/06;1500 UTC;0;918,5;918,8;918,5;2755,5;16,1;5,3;16,1;14,6;7,1;4,8;58;49;49;232;7,1;3,7;
2019/07/06;1600 UTC;0;917,8;918,5;917,8;2746,5;16,9;6,2;17,3;15,4;6,2;4,1;50;46;49;232;8,3;3,8;
2019/07/06;1700 UTC;0;917,5;917,8;917,4;2505;16,6;3,4;18,2;16,2;6,2;3,1;49;40;42;216;7,4;5;
2019/07/06;1800 UTC;0;917,3;917,5;917,3;2122,3;16,7;2;17,6;16,4;4;1,2;41;34;37;239;8,4;3,6;
2019/07/06;1900 UTC;0;917,5;917,5;917,2;1424,8;16,7;4,1;17,9;16,4;4,1;2;43;35;43;240;7,2;3,3;
2019/07/06;2000 UTC;0;917,9;917,9;917,5;646,5;15,3;4,2;16,9;15,3;4,2;3,4;47;42;47;229;6,7;3,5;
2019/07/06;2100 UTC;0;917,9;918;917,9;68,4;13,4;4,1;15,4;13,4;4,5;3,7;54;47;53;216;5,9;2;
2019/07/06;2200 UTC;0;918,1;918,1;917,8;;12,1;3,8;13,5;12,1;4,3;3,7;57;53;57;207;3,7;1;
2019/07/06;2300 UTC;0;918,4;918,4;918,1;;9,5;4;12,1;9,5;4,4;3,7;69;57;69;281;1,8;0;
2019/07/07;0000 UTC;0;918,6;918,7;918,4;;7,9;3,8;9,6;7,9;4,2;3,7;76;69;75;283;,9;0;
2019/07/07;0100 UTC;0;918,8;918,9;918,6;;6,3;3,6;8;6;3,9;3,1;83;75;83;267;,5;0;
2019/07/07;0200 UTC;0;918,5;918,8;918,5;;5,3;2,8;6,4;5,3;3,7;2,8;84;82;84;188;,9;,2;
2019/07/07;0300 UTC;0;918,7;918,8;918,5;;4,5;2,3;5,5;4,5;3;2,2;86;83;86;177;,9;0;
2019/07/07;0400 UTC;0;918,8;918,9;918,6;;3,8;1,9;4,6;3,8;2,6;1,8;87;86;87;11;,6;0;
2019/07/07;0500 UTC;0;918,5;918,9;918,5;;3,6;1,6;4,4;3,5;2,7;1,6;89;86;86;273;1;0;
2019/07/07;0600 UTC;0;918;918,5;918;;3;1,2;3,6;2,9;1,7;1,2;89;86;88;174;,4;0;
2019/07/07;0700 UTC;0;917,7;918,1;917,7;;2,5;,8;3,2;2,4;1,6;,6;89;87;88;195;1,3;,1;
2019/07/07;0800 UTC;0;917,7;917,9;917,7;;2,4;,8;2,9;2,4;1,4;,7;90;88;89;19;,9;,1;
2019/07/07;0900 UTC;0;918,1;918,1;917,7;;4,7;3;4,7;2;3,2;,4;92;89;89;89;3,3;1,2;
2019/07/07;1000 UTC;0;918,4;918,4;918,1;12;4,3;2,1;4,7;3,3;2,8;1,2;89;85;86;68;3,4;2;
2019/07/07;1100 UTC;0;918,9;918,9;918,4;397,4;7,9;3,8;7,9;4,3;3,9;2,1;86;75;75;59;4,1;2,1;
2019/07/07;1200 UTC;0;919,7;919,7;918,9;1372,2;12,2;3,1;12,2;7,9;4,1;3,1;75;54;54;200;3,9;,7;
2019/07/07;1300 UTC;0;919,6;919,8;919,6;2050,5;15,6;2,3;15,8;12,2;3,5;2;54;41;41;72;6,5;2,1;
2019/07/07;1400 UTC;0;919;919,6;919;2541,9;17,2;2;17,4;15,5;3,2;1,7;42;35;36;19;5,9;2,5;
2019/07/07;1500 UTC;0;918,3;919;918,3;2790,5;19,6;1,6;19,8;17,3;2,8;,9;36;29;30;44;5,9;1,9;
2019/07/07;1600 UTC;0;917,5;918,3;917,5;2762,3;19;4,9;20,8;18,5;5,6;,6;41;27;40;219;6,1;3;
2019/07/07;1700 UTC;0;916,7;917,6;916,7;2530,5;20,4;4,3;20,6;18,7;5,4;3,8;40;34;35;175;6,5;2,5;
2019/07/07;1800 UTC;0;916,5;916,7;916,5;2104,5;20,8;3,5;21,3;20,2;4,5;3,5;35;32;32;164;5,7;1,9;
2019/07/07;1900 UTC;0;916,8;916,8;916,4;1412,2;20,6;4,3;21,5;20,5;4,7;3,5;35;32;34;177;5,5;3;
2019/07/07;2000 UTC;0;917,2;917,2;916,8;670,8;19,4;4,8;20,8;19,4;4,8;3,7;38;34;38;169;5,3;2,1;
2019/07/07;2100 UTC;0;917,3;917,4;917,2;62,3;16,6;5,6;19,3;16,6;5,8;4,7;49;38;48;138;4,4;2,5;
2019/07/07;2200 UTC;0;917,6;917,6;917,3;;14;6,2;16,6;13,8;6,2;5,6;60;48;60;71;4,1;1,5;
2019/07/07;2300 UTC;0;918,3;918,3;917,6;;11,9;5,3;14;11,8;6,5;5,3;67;59;64;30;3,2;,7;
2019/07/08;0000 UTC;0;918,7;918,7;918,3;;12,5;4,6;13,7;11,9;5,3;4,3;64;54;59;72;5,6;1,4;
2019/07/08;0100 UTC;0;919,1;919,1;918,6;;13,3;3,1;14,1;12,4;4,8;3,1;59;48;50;94;5,7;1,9;
2019/07/08;0200 UTC;0;919,1;919,2;919;;11,9;3,2;13,5;11,8;3,3;3,1;56;50;55;111;6,9;2,5;
2019/07/08;0300 UTC;0;919,2;919,3;919;;10,6;3;12;10,6;3,2;2,9;59;55;59;109;6,2;2,1;
2019/07/08;0400 UTC;0;919;919,3;919;;11,1;2,8;11,2;10,1;3,1;2,8;61;56;57;29;5,5;1,4;
2019/07/08;0500 UTC;0;918,6;919;918,6;;10,4;3,1;11,1;9,2;3,3;2,6;64;57;61;44;5,8;2;
2019/07/08;0600 UTC;0;918,4;918,7;918,4;;9,9;3,5;11;9,9;3,5;3,1;64;60;64;53;8,5;2,6;
2019/07/08;0700 UTC;0;918,4;918,5;918,3;;9,3;3,9;9,9;9,3;4;3,5;69;64;69;49;6,6;1,9;
2019/07/08;0800 UTC;0;918,1;918,4;918,1;;9,6;4,8;9,8;9,3;4,9;3,9;72;69;72;27;6,1;2,3;
2019/07/08;0900 UTC;0;918,5;918,5;918,1;;9,8;5,1;9,8;9,1;5,2;4,7;75;72;73;48;8,1;2,6;
2019/07/08;1000 UTC;0;918,8;918,8;918,5;10,8;9,7;5,3;9,8;9,3;5,3;4,9;74;73;74;347;7,6;1,6;
2019/07/08;1100 UTC;0;919,5;919,5;918,8;419;11,9;5,9;11,9;9,7;5,9;5,2;74;67;67;47;8,8;3;
2019/07/08;1200 UTC;0;920,4;920,4;919,5;1358,2;15;6,6;15;11,9;6,6;5,8;67;57;57;47;8,1;3,2;
2019/07/08;1300 UTC;0;920,6;920,7;920,4;2014,8;17,7;7,4;17,7;15;7,5;6,5;57;51;51;60;9,9;4;
2019/07/08;1400 UTC;0;920,5;920,7;920,5;2481,1;20,7;7,7;20,7;17,7;7,9;7,1;51;43;43;81;8,4;2,8;
2019/07/08;1500 UTC;0;919,9;920,5;919,9;2737,7;22;5,3;22,3;20,7;7,7;4,7;43;33;34;13;6,3;2,1;
2019/07/08;1600 UTC;0;919,2;919,9;919,2;2694,7;23,4;5,9;23,9;21,6;6,4;4,8;36;30;32;34;6,6;1,8;
2019/07/08;1700 UTC;0;918,4;919,2;918,4;2443,1;24;5,7;24,5;23,2;6,3;4,6;33;29;31;78;6;1,9;
2019/07/08;1800 UTC;0;917,9;918,4;917,8;1930,8;24;4,9;24,9;23,9;6,4;4,7;32;28;29;90;5,3;1,7;
2019/07/08;1900 UTC;0;917,6;917,9;917,5;1355,8;24,7;4,1;25;24;5,9;3,1;31;25;26;11;4,8;1,6;
2019/07/08;2000 UTC;0;917,7;917,7;917,6;649;23,3;4,4;24,7;23,3;4,8;3,4;30;26;29;76;4,3;,7;
2019/07/08;2100 UTC;0;917,7;917,8;917,7;55,1;18,5;5;23,3;18,5;7;4,5;42;29;41;64;3;,8;
2019/07/08;2200 UTC;0;918,1;918,2;917,7;;17;6,2;18,5;17;6,2;4,9;49;41;49;80;3,5;2;
2019/07/08;2300 UTC;0;918,6;918,6;918,1;;15,8;6,5;17;15,7;6,5;6,2;54;49;54;79;4,1;1,9;
2019/07/09;0000 UTC;0;919,1;919,1;918,6;;13,8;7,4;15,8;13,6;7,5;6,5;65;54;65;38;4;1;
2019/07/09;0100 UTC;0;919,3;919,3;919,1;;13,1;7,7;13,8;13,1;7,7;7,4;70;65;70;24;3,7;1,1;
2019/07/09;0200 UTC;0;919,2;919,3;919,1;;13,5;7,9;13,5;13;8;7,7;71;69;69;18;5;1,6;
2019/07/09;0300 UTC;0;919,1;919,4;919,1;;13;7,5;13,6;13;8;7,5;70;69;69;231;4,6;,8;
2019/07/09;0400 UTC;0;919,1;919,1;919;;12,4;7,3;13,1;12,4;7,5;7,3;71;69;71;35;3,5;1,2;
2019/07/09;0500 UTC;0;918,8;919,2;918,8;;12,2;7,2;12,5;12,2;7,4;7,1;72;71;71;64;5,1;2,5;
2019/07/09;0600 UTC;0;918,6;918,8;918,6;;12,7;7,2;12,7;12,2;7,3;7;71;69;69;57;5,8;2,9;
2019/07/09;0700 UTC;0;918,8;918,8;918,6;;12,4;7,2;12,8;12,4;7,2;7,1;71;69;71;45;5,8;2,4;
2019/07/09;0800 UTC;0;919;919,1;918,8;;12,5;6,9;12,6;12,2;7,2;6,9;71;69;69;32;5,9;2,6;
2019/07/09;0900 UTC;0;919,8;919,8;919;;11,8;6,8;12,5;11,8;6,9;6,8;71;69;71;40;5,4;2,5;
2019/07/09;1000 UTC;0;920,1;920,1;919,8;12,8;11,6;6,7;11,8;11,3;6,8;6,6;73;71;72;44;6,4;2,7;
2019/07/09;1100 UTC;0;920,7;920,7;920,1;411,1;14,7;7,5;14,7;11,6;7,6;6,7;72;62;62;46;5,4;1,7;
2019/07/09;1200 UTC;0;921,1;921,2;920,6;1304,8;18,3;7,7;18,3;14,7;8;7,3;62;50;50;63;6,9;3,2;
2019/07/09;1300 UTC;0;921,1;921,2;921,1;1982,4;20,5;7,3;20,6;18,3;8;7;50;42;42;67;7,4;3,3;
2019/07/09;1400 UTC;0;920,5;921,1;920,5;2465,4;21,9;7,2;22,6;20,5;8;7;43;38;39;38;6,5;2,1;
2019/07/09;1500 UTC;0;919,9;920,5;919,9;2706,9;24,3;6,3;24,5;21,8;8,1;5,9;40;31;31;298;4,8;1,4;
2019/07/09;1600 UTC;0;918,7;919,9;918,7;2698,8;24,5;4,7;24,7;23,4;5,9;4;32;28;28;254;3,8;,4;
2019/07/09;1700 UTC;0;918;918,7;918;2434,9;24,8;6,2;25,4;24,2;6,7;4,5;31;27;30;206;6,1;2,9;
2019/07/09;1800 UTC;0;917,6;918;917,6;2038,8;25;5,8;25,3;24,3;6,4;5,3;31;28;29;173;5,7;2,6;
2019/07/09;1900 UTC;0;917,5;917,6;917,4;1359,3;24,4;5;25;24,3;5,8;5;30;28;29;173;5,9;2,7;
2019/07/09;2000 UTC;0;917,6;917,6;917,4;637;22,7;5,9;24,6;22,7;6,1;4,9;34;29;34;165;4,9;1,8;
2019/07/09;2100 UTC;0;918,3;918,3;917,6;51;20,2;7,6;22,7;20,2;7,6;6;44;34;44;138;4,4;2,2;
2019/07/09;2200 UTC;0;918,7;918,7;918,3;;18,4;8;20,2;18,4;8,3;7,6;51;44;51;79;3,9;1,7;
2019/07/09;2300 UTC;0;919;919;918,7;;16,8;7,4;18,6;16,8;8,1;7,4;54;50;54;71;4,2;2,5;
2019/07/10;0000 UTC;0;919,1;919,1;919;;15,9;6,1;16,8;15,9;7,4;6,1;55;52;52;64;4,6;2,3;
2019/07/10;0100 UTC;0;919,2;919,3;919,1;;14,9;6,1;15,9;14,9;6,2;6;56;52;56;61;4,9;2,1;
2019/07/10;0200 UTC;0;919,4;919,4;919,2;;14,5;6,3;15,1;13,9;6,7;6,1;61;56;58;60;4,6;1,8;
2019/07/10;0300 UTC;0;919,2;919,5;919,2;;14,5;6,2;14,8;14,4;6,4;6,1;58;57;57;59;5,2;2,6;
2019/07/10;0400 UTC;0;919;919,3;919;;14,4;6,2;14,5;14,3;6,2;6,1;58;57;58;50;6,3;2,4;
2019/07/10;0500 UTC;0;918,9;919;918,9;;13,5;5,9;14,4;13,5;6,2;5,9;60;58;60;54;5,8;1,8;
2019/07/10;0600 UTC;0;918,6;918,9;918,6;;13,2;5,7;13,5;13,2;6;5,7;62;60;60;65;5,4;3,1;
2019/07/10;0700 UTC;0;918,3;918,6;918,3;;13,1;5,8;13,3;13;5,9;5,7;61;60;61;80;5,5;2,2;
2019/07/10;0800 UTC;0;918,3;918,3;918,3;;12,5;6;13,1;12,5;6,2;5,8;65;61;65;26;5,8;1,8;
2019/07/10;0900 UTC;0;918,8;918,8;918,3;;12,3;6,4;12,6;12,2;6,5;6;68;65;68;49;5,1;2,2;
2019/07/10;1000 UTC;0;919,2;919,2;918,8;12,6;12,3;6,8;12,4;12,1;6,8;6,4;69;68;69;62;6,7;3,2;
2019/07/10;1100 UTC;0;919,6;919,6;919,1;428,5;15;7,8;15;12,3;7,8;6,8;69;62;62;53;6,3;1,9;
2019/07/10;1200 UTC;0;920;920;919,6;1320,2;18,4;7,8;18,4;15;8,1;7,6;62;50;50;33;6,9;2,6;
2019/07/10;1300 UTC;0;919,9;920;919,8;1931,8;19,7;7,3;20,2;18,3;7,9;7,1;50;44;45;30;7,7;3,3;
2019/07/10;1400 UTC;0;919,2;919,9;919,2;2462,3;21,8;6,2;21,8;19,7;7,6;5,9;45;36;36;5;8,4;3,3;
2019/07/10;1500 UTC;0;918,5;919,2;918,5;2715,9;23,6;5,1;24,2;21,8;6,3;4,5;36;29;30;45;6,1;,8;
2019/07/10;1600 UTC;0;917,6;918,5;917,6;2689;24;4,4;24,6;22,9;5,9;4,1;31;28;28;169;4,2;1,5;
2019/07/10;1700 UTC;0;916,7;917,6;916,7;2465;24,2;4,1;24,7;23,6;5,4;3,7;29;27;27;210;6,3;2,6;
2019/07/10;1800 UTC;0;916,4;916,7;916,4;2057;24,5;4,7;25;23,9;5,2;4;29;27;28;179;6,3;2,6;
2019/07/10;1900 UTC;0;916,3;916,4;916,3;1392,4;24,1;4,4;25;23,9;5,5;3,9;29;27;28;178;5,9;2,2;
2019/07/10;2000 UTC;0;916,5;916,5;916,3;670,3;22,8;5;24,2;22,8;5,1;3,5;32;26;31;161;4,7;1,4;
2019/07/10;2100 UTC;0;916,4;916,5;916,4;59,1;19,2;3,8;22,8;19,2;5,4;3,7;36;31;36;131;2,8;,9;
2019/07/10;2200 UTC;0;916,9;916,9;916,4;;15,2;7,5;19,2;15,2;7,5;3,8;60;36;60;275;2,3;0;
2019/07/10;2300 UTC;0;917,1;917,1;916,9;;13,5;7,4;15,2;13,5;7,6;5,9;67;55;66;223;,6;0;
2019/07/11;0000 UTC;0;917,3;917,3;917,1;;14,4;5,5;15,4;13,5;7,4;5,2;67;51;55;77;5,7;,8;
2019/07/11;0100 UTC;0;917,3;917,5;917,3;;15;6,3;15,2;14,4;6,3;5,2;56;52;56;67;4,3;2,5;
2019/07/11;0200 UTC;0;917,1;917,4;917,1;;13,6;6,4;15;13,6;6,6;6,3;62;56;62;48;4,4;2,1;
2019/07/11;0300 UTC;0;916,7;917,1;916,7;;14,8;6,4;14,8;13,6;6,7;6,4;62;57;57;78;4,9;2,5;
2019/07/11;0400 UTC;0;916,5;916,8;916,5;;14;6,6;14,8;14;6,7;6,4;61;57;61;72;4,9;2,1;
2019/07/11;0500 UTC;0;916,2;916,5;916,1;;13,8;6,7;14,4;13,8;6,8;6,5;62;60;62;76;5,6;2,4;
2019/07/11;0600 UTC;0;915,9;916,2;915,9;;13,5;6,6;14,2;13,5;6,9;6,6;63;61;63;64;6,1;3;
2019/07/11;0700 UTC;0;915,8;915,9;915,7;;13,1;6,5;13,6;13,1;6,7;6,5;65;63;65;66;6,9;3,2;
2019/07/11;0800 UTC;0;915,6;915,8;915,6;;12,6;6,2;13,1;12,6;6,5;6,2;66;65;65;76;6;2,5;
2019/07/11;0900 UTC;0;916,1;916,1;915,6;;12,3;6;12,7;12,3;6,2;6;65;64;65;69;6,8;3,4;
2019/07/11;1000 UTC;0;916,3;916,3;916,1;13,4;12,4;6,1;12,4;12,1;6,1;5,9;66;65;65;75;7;3,6;
2019/07/11;1100 UTC;0;917;917;916,3;454,3;13,7;7;13,7;12,3;7;6;66;63;64;43;6,1;1,8;
2019/07/11;1200 UTC;0;917,5;917,5;917;1332,7;18,3;6,8;18,6;13,7;7,8;6,6;64;47;47;29;6,8;3,2;
2019/07/11;1300 UTC;0;917,9;917,9;917,5;2016,5;20,8;6,7;21,1;18,3;7,4;6,5;47;40;40;25;6,8;2,5;
2019/07/11;1400 UTC;0;917,7;918;917,7;2493,4;22,3;5,4;22,6;20,4;6,9;5;40;33;33;40;5,8;1,4;
2019/07/11;1500 UTC;0;916,7;917,7;916,7;2732,6;23,2;4,6;23,3;21,9;5,7;2,9;33;27;30;37;4,7;1,3;
2019/07/11;1600 UTC;0;915,7;916,7;915,7;2705,3;25,1;3,5;25,2;23,2;5,1;2,8;30;24;25;334;3,7;1,7;
2019/07/11;1700 UTC;0;915;915,7;915;2471,6;24,3;5,8;25,5;23,9;6;2,3;31;23;30;180;5,7;2,6;
2019/07/11;1800 UTC;0;914,4;915;914,4;2070,9;24,4;5,5;24,8;23,7;5,8;4,7;30;28;30;189;5,4;2,6;
2019/07/11;1900 UTC;0;914,3;914,4;914,2;1394,6;24,3;5,3;24,7;24,2;5,6;4,6;30;28;29;151;5,1;2,2;
2019/07/11;2000 UTC;0;914,5;914,5;914,3;646,9;22,8;5,4;24,4;22,8;5,6;4,7;32;29;32;161;4,6;1,5;
2019/07/11;2100 UTC;0;914,5;914,6;914,5;58,8;20,4;3,2;22,8;20,4;5,6;3,2;36;32;32;128;3,7;1,9;
2019/07/11;2200 UTC;0;914,9;914,9;914,5;;16,7;5,5;20,4;16,6;6,1;2,9;49;32;48;66;3,6;,6;
2019/07/11;2300 UTC;0;915,3;915,3;914,9;;14,6;6,7;16,7;14,6;6,8;5,4;59;48;59;19;2,2;,1;
2019/07/12;0000 UTC;0;915,4;915,4;915,2;;16,3;4,7;16,6;14;6,9;4,5;62;45;46;73;4,9;2,6;
2019/07/12;0100 UTC;0;915,4;915,6;915,4;;15;5,9;16,3;14,8;6;4,7;55;46;55;66;4;2,1;
2019/07/12;0200 UTC;0;915,5;915,5;915,3;;14,1;6;15,3;14,1;6;5,9;58;54;58;53;4,4;2,7;
2019/07/12;0300 UTC;0;915,4;915,5;915,4;;14,1;6;14,3;13,8;6,1;5,9;59;57;58;44;4,9;2;
2019/07/12;0400 UTC;0;915,1;915,4;915;;14,7;5,9;14,8;13,4;6,2;5,9;61;56;56;49;6,3;2,5;
2019/07/12;0500 UTC;0;914,8;915,1;914,8;;14,9;5,9;14,9;14,5;6;5,8;56;55;55;60;7,6;3,8;
2019/07/12;0600 UTC;0;914,4;914,8;914,4;;14,9;6,1;14,9;14,6;6,3;5,9;57;55;56;69;7,6;3,9;
2019/07/12;0700 UTC;0;914,1;914,4;914,1;;14,6;5,3;15,1;14,6;6,1;5,3;56;54;54;66;8;3,4;
2019/07/12;0800 UTC;0;914;914,1;914;;15,1;5,4;15,2;14,6;5,5;5,2;54;52;52;68;7,7;4,1;
2019/07/12;0900 UTC;0;914,7;914,7;914;;14,1;5,7;15,1;14,1;5,8;5,4;57;52;57;56;7,7;3,3;
2019/07/12;1000 UTC;0;915,4;915,4;914,7;13,1;14,5;5,7;14,5;14;5,8;5,6;57;56;56;47;7,7;2,6;
2019/07/12;1100 UTC;0;915,9;915,9;915,4;456,5;17,3;6,4;17,3;14,5;6,4;5,7;56;49;49;60;8,7;3,3;
2019/07/12;1200 UTC;0;916,5;916,5;915,9;1299,7;21,3;6,7;21,3;17,3;6,8;6,4;49;38;39;44;6,3;2,3;
2019/07/12;1300 UTC;0;916,7;916,7;916,5;1963,4;22,8;6,4;23,3;21,3;7,1;6,2;39;34;35;34;7;3,1;
2019/07/12;1400 UTC;0;916,4;916,7;916,4;2433;25,5;7,4;25,7;22,8;7,8;6,4;36;31;32;40;6,7;2,4;
2019/07/12;1500 UTC;0;915,5;916,5;915,5;2684,6;26,6;6;27,1;25,2;7,3;6;32;27;27;326;5,5;1,6;
2019/07/12;1600 UTC;0;914,6;915,5;914,6;2648,6;28,4;6,2;28,5;26,2;6,8;5,5;28;25;25;264;4,4;1,2;
2019/07/12;1700 UTC;0;914;914,6;914;2408,2;27,9;6,3;28,9;27,5;6,9;5,6;26;24;26;185;5,3;1,5;
2019/07/12;1800 UTC;0;913,7;914;913,7;2000,1;27,6;6,8;28,6;27,4;7,5;6,5;27;26;27;200;6,8;2,9;
2019/07/12;1900 UTC;0;914;914;913,7;1343,6;27;6,6;27,7;27;7,2;6,5;28;27;27;193;6;3,3;
2019/07/12;2000 UTC;0;914,2;914,2;914;612,6;25,8;6,6;27,3;25,8;7;6,5;29;27;29;191;5,6;2,4;
2019/07/12;2100 UTC;0;914,7;914,7;914,2;48,9;22,6;6,9;25,8;22,6;7;6,6;36;29;36;172;4,3;1,7;
2019/07/12;2200 UTC;0;915,1;915,1;914,7;;19,9;7,7;22,6;19,9;8;6,8;45;36;45;42;2,7;0;
2019/07/12;2300 UTC;0;915,4;915,4;915,1;;17,4;9,1;19,9;17,4;9,1;7,7;58;45;58;287;,8;0;
2019/07/13;0000 UTC;0;915,8;915,8;915,4;;15,6;9,2;17,4;15,4;9,5;8,8;66;58;66;188;1,1;0;
2019/07/13;0100 UTC;0;916,2;916,2;915,8;;16,8;8,3;18,1;15,5;9,5;8;67;52;57;70;4,4;1,6;
2019/07/13;0200 UTC;0;916,1;916,2;916,1;;17;8,4;17,2;14,5;9,1;8,3;69;57;57;74;4,2;2,9;
2019/07/13;0300 UTC;0;916;916,1;915,9;;17,2;8,7;17,2;16,6;8,7;8,4;59;57;57;81;5,1;2,9;
2019/07/13;0400 UTC;0;915,7;916;915,7;;16,1;9;17,3;15,6;9,1;8,4;64;57;63;61;5,1;1,4;
2019/07/13;0500 UTC;0;915,1;915,7;915,1;;17;9;17,2;16,1;9,3;9;63;59;59;78;6,1;2,3;
2019/07/13;0600 UTC;0;914,9;915,2;914,9;;16,4;8,9;17,2;16,1;9,1;8,6;62;58;61;58;5,4;2,2;
2019/07/13;0700 UTC;0;914,6;914,9;914,5;;17;8,7;17,1;16,4;9;8,7;61;58;58;81;6,3;2,8;
2019/07/13;0800 UTC;0;914,8;914,8;914,5;;16,9;8,7;17,2;16,8;8,7;8,6;58;58;58;63;6,9;3,2;
2019/07/13;0900 UTC;0;915,4;915,4;914,8;;15,4;8,3;16,9;15,4;8,8;8,3;64;58;63;65;5,6;2,6;
2019/07/13;1000 UTC;0;915,8;915,8;915,4;15;14,5;8,9;15,4;13,5;9,1;8,1;71;63;69;54;4,5;2,3;
2019/07/13;1100 UTC;0;916,4;916,4;915,8;449,7;18;9,8;18;14,1;9,8;8,4;69;59;59;36;4,2;1,4;
2019/07/13;1200 UTC;0;917,1;917,1;916,4;1262,4;22,4;9,2;22,4;18;9,8;9;59;43;43;20;4,1;2,1;
2019/07/13;1300 UTC;0;917,3;917,3;917,1;1918,3;24,8;8,5;25,2;22,4;9,4;8,5;43;35;36;1;5,6;2,3;
2019/07/13;1400 UTC;0;916,7;917,3;916,7;2392,2;26,8;8,8;26,8;24,8;9,1;8,3;36;32;32;18;6,3;3;
2019/07/13;1500 UTC;0;916,1;916,7;916,1;2615,7;28,2;7,8;28,6;26,7;9;7,2;32;27;28;313;6;2,3;
2019/07/13;1600 UTC;0;915;916,1;915;2175;29,4;8;29,4;26,7;8,3;6,9;30;26;26;270;5,4;1,7;
2019/07/13;1700 UTC;0;914,1;915;914,1;2307,3;27,4;6,4;30;27,4;7,9;6,1;26;23;26;274;6,5;2,2;
2019/07/13;1800 UTC;0;913,5;914,1;913,5;1934;27,7;7,1;29,9;27,4;8,3;6,5;27;24;27;226;7,9;2,7;
2019/07/13;1900 UTC;0;913,5;913,5;913,4;1083,4;29,2;7,1;29,2;27,2;8;6,6;29;25;25;256;4,8;1,6;
2019/07/13;2000 UTC;0;913,6;913,6;913,4;626,1;26,7;7,5;29,2;26,7;8,3;6,1;30;24;30;242;5,6;2,4;
2019/07/13;2100 UTC;0;913,9;913,9;913,6;33,6;23,5;9;26,7;23,5;9;7,5;40;30;40;189;4,9;,9;
2019/07/13;2200 UTC;0;914,3;914,3;913,9;;20,5;10,3;23,4;20,5;10,6;8,9;53;40;52;23;2,3;,2;
2019/07/13;2300 UTC;0;914,9;914,9;914,3;;19,7;10,2;20,5;18,8;11,3;10,2;61;52;54;34;2,3;,6;
2019/07/14;0000 UTC;0;915,3;915,3;914,9;;17,8;11,1;19,7;17,8;11,4;10,3;65;54;65;217;2,3;0;
2019/07/14;0100 UTC;0;915,4;915,5;915,2;;16,9;11,5;17,8;16,8;11,5;11;71;65;70;340;1,1;,1;
2019/07/14;0200 UTC;0;915,3;915,4;915,3;;15,6;10,8;17;15,6;11,5;10,8;73;69;73;184;1,1;0;
2019/07/14;0300 UTC;0;915,2;915,4;915,2;;15,7;10,4;16,4;15,5;11;10,3;73;69;71;68;1,9;,4;
2019/07/14;0400 UTC;0;914,8;915,2;914,8;;15,3;10;16,2;15,2;10,4;9,9;71;67;71;197;1,9;,3;
2019/07/14;0500 UTC;0;914,4;914,8;914,4;;15,6;10;15,9;15,2;10,3;9,9;71;68;70;94;1,9;,2;
2019/07/14;0600 UTC;0;914,1;914,4;914,1;;15,2;9,9;15,9;14,8;10,2;9,7;73;68;71;56;4,5;2,4;
2019/07/14;0700 UTC;0;913,8;914,1;913,8;;16,6;9,7;16,9;15,2;10,5;9,7;71;64;64;70;4,7;2,8;
2019/07/14;0800 UTC;0;913,8;913,9;913,7;;15,5;9,1;17;15,5;9,8;9,1;66;61;66;56;5,2;2,4;
2019/07/14;0900 UTC;0;914,4;914,4;913,8;;14,7;9;16,2;14,6;9,4;8,9;69;64;69;46;4,9;3,5;
2019/07/14;1000 UTC;0;915,2;915,2;914,4;24,5;14,3;8,9;15,3;13,9;9,3;8,8;72;67;70;15;5,5;1,4;
2019/07/14;1100 UTC;0;915,8;915,8;915,2;450,2;18,2;10,3;18,2;14,1;10,4;8,9;72;60;60;56;4,5;1;
2019/07/14;1200 UTC;0;916,1;916,1;915,8;1263,1;22,5;10,7;22,5;17,5;11,1;9,6;62;47;47;28;3,3;1,3;
2019/07/14;1300 UTC;0;916,2;916,3;916,1;1903,7;25,8;8,5;25,8;22,2;10,8;8,3;48;33;33;350;4;1,8;
2019/07/14;1400 UTC;0;915,6;916,2;915,6;2365,8;26,1;7,9;27,3;25,8;9;7,2;34;30;32;201;6,2;2,3;
2019/07/14;1500 UTC;0;915,1;915,6;915,1;1654,9;26,6;7,7;27,2;25,9;9,1;6,9;33;29;30;265;6,2;1,4;
2019/07/14;1600 UTC;0;914,3;915,1;914,3;1925,5;26,9;6,1;28,1;26,5;8,1;5,8;31;26;27;219;7,2;3;
2019/07/14;1700 UTC;0;913,6;914,3;913,6;1593,8;26,9;6,6;28;26,7;7,6;6,3;29;27;28;221;7,2;3;
2019/07/14;1800 UTC;0;913;913,6;913;1381,9;27,4;6,3;28,4;26,6;7,5;5,9;29;25;26;203;5,8;2,4;
2019/07/14;1900 UTC;0;912,9;913;912,8;1153,4;27,1;6,2;28;26,9;6,9;6;28;25;27;222;5,9;2,9;
2019/07/14;2000 UTC;0;913,2;913,2;912,9;535,2;26,1;5,8;27,1;26,1;6,1;5,5;28;26;27;203;5,9;2,5;
2019/07/14;2100 UTC;0;913,3;913,3;913,1;35;22,8;5,9;26,1;22,7;6,1;5,8;34;27;33;193;3,7;,5;
2019/07/14;2200 UTC;0;913,7;913,7;913,3;;18,8;9,1;23;18,8;9,3;5,8;53;33;53;338;1,4;0;
2019/07/14;2300 UTC;0;914,2;914,2;913,7;;17,3;9,5;18,8;17,3;9,7;8,9;60;53;60;171;1,4;,1;
2019/07/15;0000 UTC;0;914,5;914,6;914,2;;16,7;9,3;17,5;16,6;9,5;8,9;62;58;62;190;,9;,1;
2019/07/15;0100 UTC;0;914,6;914,7;914,5;;16,3;9,8;17,8;16,1;9,8;8,5;66;55;66;2;2,2;0;
2019/07/15;0200 UTC;0;914,6;914,7;914,6;;16,5;9,3;18,2;16;9,8;8,7;66;55;63;203;4;,2;
2019/07/15;0300 UTC;0;914,4;914,6;914,4;;16,9;8,9;18,4;16,5;9,3;8,4;63;52;60;51;3,7;,4;
2019/07/15;0400 UTC;0;914,1;914,4;914,1;;17,4;8,6;17,4;16,1;9,3;8,6;64;56;56;33;3,7;,8;
2019/07/15;0500 UTC;0;913,7;914,1;913,7;;16,4;8,6;18,4;16,2;8,8;8,1;61;51;60;130;4,2;0;
2019/07/15;0600 UTC;0;913,3;913,7;913,3;;16,4;8,3;16,8;16;8,5;8,2;60;57;59;61;5;3,2;
2019/07/15;0700 UTC;0;913;913,3;913;;16,2;8,3;16,5;15,6;8,4;8,3;62;59;60;54;4,6;2,9;
2019/07/15;0800 UTC;0;913,1;913,2;913;;16,1;8,1;17,2;16;8,3;8;60;55;59;45;4,1;2,4;
2019/07/15;0900 UTC;0;913,5;913,5;913,1;;15,4;8,4;17,1;15,4;8,4;8,2;63;56;63;47;4,7;2,8;
2019/07/15;1000 UTC;0;913,4;913,5;913,4;25,4;16,5;8,7;16,9;15,1;8,7;8,4;64;58;60;59;4,2;2,5;
2019/07/15;1100 UTC;0;914;914;913,4;290,3;17,6;9,2;19;16;9,4;8,6;62;53;58;36;4,5;2,1;
2019/07/15;1200 UTC;0;914,5;914,5;914;1139,3;22,5;10,6;22,5;17,6;10,6;9,3;58;47;47;35;4,2;2,6;
2019/07/15;1300 UTC;0;914,8;914,8;914,5;2013,6;24,9;9,2;25;22,5;10,5;8,8;47;36;37;10;5,9;3,3;
2019/07/15;1400 UTC;0;914,2;914,8;914,2;2311;27,3;7,5;27,5;24,5;10;7,5;39;29;29;20;5,9;3;
2019/07/15;1500 UTC;0;913,4;914,3;913,4;2567,6;28,3;5;29;27,2;7,9;4,5;29;22;23;316;6,9;1,2;
2019/07/15;1600 UTC;0;912,6;913,4;912,6;2369,9;29,1;3,8;29,7;28,3;5,9;2,3;23;18;20;266;7,8;1,8;
2019/07/15;1700 UTC;0;912,2;912,6;912,2;2172,2;28,6;4,2;30,7;28,6;5,2;3,2;22;19;21;246;7,3;1,7;
2019/07/15;1800 UTC;0;912;912,2;911,9;1140,4;28,2;5,2;28,8;28;5,3;4;23;21;23;233;6,5;3,6;
2019/07/15;1900 UTC;0;911,8;912;911,7;1126,9;29,1;5,5;29,2;27,8;5,9;4,8;24;22;23;251;6,9;2,3;
2019/07/15;2000 UTC;0;912,2;912,2;911,8;627,8;27,3;5,2;29,1;27,3;5,7;4,8;25;22;24;220;5,5;2,5;
2019/07/15;2100 UTC;0;912,6;912,6;912,2;43,6;24,2;6,2;27,3;24,2;6,4;5,3;31;24;31;185;4,2;,6;
2019/07/15;2200 UTC;0;913;913;912,6;;19,3;9,6;24,2;19,3;9,7;6,1;53;31;53;102;1,5;0;
2019/07/15;2300 UTC;0;913,4;913,4;913;;17,7;9,8;19,3;17,7;10,1;9;60;52;60;157;,8;0;
2019/07/16;0000 UTC;0;913,6;913,6;913,4;;19,6;8,4;19,6;17,1;10,1;8,4;63;49;49;63;3,8;1,7;
2019/07/16;0100 UTC;0;913,7;913,8;913,6;;16,8;9,4;19,6;16,3;9,7;8,3;64;48;62;247;3,8;,5;
2019/07/16;0200 UTC;0;913,5;913,7;913,5;;15,8;9,2;17,5;15,7;9,5;8,9;65;58;65;351;2,8;,1;
2019/07/16;0300 UTC;0;912,9;913,6;912,8;;16,2;8;17,2;14,9;9,3;7,8;68;54;58;39;3,1;1,2;
2019/07/16;0400 UTC;0;913;913,3;912,6;;18,4;7,7;18,7;16,2;8,1;7,2;58;48;50;247;7,2;2,7;
2019/07/16;0500 UTC;0;913,4;913,4;913;;18,1;8,3;19;18,1;8,4;7,7;53;48;53;194;6,9;,3;
2019/07/16;0600 UTC;0;912,6;913,5;912,6;;16,6;8,7;18,8;16,2;8,9;8,3;61;51;60;27;3,1;1,7;
2019/07/16;0700 UTC;0;913,2;913,4;912,5;;15,9;10,1;16,6;15,8;10,1;8,8;68;60;68;176;4;1,7;
2019/07/16;0800 UTC;0;913,7;913,7;913,2;;15,4;10,4;15,9;15,4;10,6;10;72;68;72;62;3,3;,3;
2019/07/16;0900 UTC;0;914,1;914,1;913,6;;15,1;10,9;15,4;14,8;10,9;10,1;76;72;76;118;1,7;,5;
2019/07/16;1000 UTC;0;914,5;914,5;914;27,8;14,1;10,5;15,1;13,5;10,9;9,9;80;74;79;145;2,8;,1;
2019/07/16;1100 UTC;0;915,1;915,1;914,5;323,9;16,4;11,3;16,4;14,1;11,4;10,3;79;72;72;28;3,1;,4;
2019/07/16;1200 UTC;0;915,9;915,9;915,1;1134,1;20,3;11,7;20,5;16,4;12,4;11,3;72;57;58;200;2,1;,3;
2019/07/16;1300 UTC;0;916,3;916,3;915,9;1473,1;21,3;10,7;21,8;20,3;12,1;10,7;58;51;51;203;5,7;3;
2019/07/16;1400 UTC;0;916,1;916,4;916,1;2313,3;22,4;11,4;22,5;21,2;11,6;10,6;52;50;50;208;6,7;2,9;
2019/07/16;1500 UTC;0;915,4;916,1;915,4;2227,1;23,2;11,1;23,9;22,1;11,5;10,4;50;44;47;197;6,2;2,6;
2019/07/16;1600 UTC;0;914,7;915,4;914,7;1736,4;23,9;10,9;24,3;22,7;11,8;10,8;48;44;44;212;6;3,3;
2019/07/16;1700 UTC;0;914,2;914,7;914,2;984,4;23,5;11,4;24;23,3;11,6;10,6;47;44;47;241;7,2;3,4;
2019/07/16;1800 UTC;0;914;914,2;914;1274,6;24,4;11,7;24,5;23,2;12,1;11,2;48;44;45;246;7,1;2,5;
2019/07/16;1900 UTC;0;914,2;914,2;914;1272;24,6;11,5;24,9;23,1;12,2;10,9;48;44;44;265;7,4;2,2;
2019/07/16;2000 UTC;0;914,5;914,5;914,2;385,4;21,9;12;24,5;21,9;12;11;53;44;53;256;6,6;1,4;
2019/07/16;2100 UTC;0;914,7;914,7;914,5;27,3;20,3;12,3;21,8;20,3;12,3;11,9;60;54;60;246;3,6;,6;
2019/07/16;2200 UTC;0;915;915;914,7;;18,2;12,2;20,3;18,2;12,3;12;68;60;68;204;1,4;0;
2019/07/16;2300 UTC;0;915,6;915,6;915;;16,9;12,3;18,2;16,9;12,4;12;74;68;74;198;1,2;0;
2019/07/17;0000 UTC;0;916;916;915,6;;15,4;11,9;17;15,3;12,3;11,6;80;73;80;327;,5;0;
2019/07/17;0100 UTC;0;916,4;916,4;916;;14,4;11,4;15,5;14,4;12;11,2;82;79;82;27;1,1;,1;
2019/07/17;0200 UTC;0;916,6;916,6;916,3;;14,4;11,7;14,6;14,2;11,7;11,3;84;82;84;211;2,5;0;
2019/07/17;0300 UTC;0;916,7;916,7;916,6;;13,8;11,3;14,6;13,5;12;11;86;83;85;28;1,4;,7;
2019/07/17;0400 UTC;0;916,6;916,7;916,6;;12,3;10,1;14,1;12,3;11,6;10,1;87;84;86;155;1,5;0;
2019/07/17;0500 UTC;0;916,1;916,6;916,1;;12,9;10,7;13,1;12;11,1;9,9;89;86;87;88;2,1;1;
2019/07/17;0600 UTC;0;915,8;916,1;915,8;;11,5;9,3;13,8;11,5;11,3;9,3;87;84;86;98;1,9;0;
2019/07/17;0700 UTC;0;915,8;915,9;915,8;;11,3;9,6;12,2;11,3;10,5;9,3;90;86;89;72;2;,9;
2019/07/17;0800 UTC;0;915,9;916;915,8;;11,6;9,5;12,1;11,3;10,3;9,5;90;87;87;72;2,8;2;
2019/07/17;0900 UTC;0;916,4;916,4;915,9;;10,7;9,1;11,7;10,6;9,8;8,9;90;87;89;84;2,8;,7;
2019/07/17;1000 UTC;0;917,2;917,2;916,4;15,7;10,5;9;11,2;9,6;9,7;7,6;90;87;90;122;2,1;,1;
2019/07/17;1100 UTC;0;918,1;918,1;917,2;484,1;13,4;10,8;13,4;10,4;10,8;8,5;91;84;84;187;,8;,1;
2019/07/17;1200 UTC;0;918,8;918,9;918,1;1341;17,2;11,4;17,3;13,4;11,8;9,9;84;69;69;267;1,4;,3;
2019/07/17;1300 UTC;0;918,9;919;918,8;2006,2;18,9;11,6;19,2;17;12;11;69;61;63;141;3,6;1,3;
2019/07/17;1400 UTC;0;918,7;918,9;918,7;2445;19,4;11,5;19,8;18,6;11,9;10,8;63;59;60;182;4,6;2,5;
2019/07/17;1500 UTC;0;918,1;918,7;918,1;2630;20,5;11,7;21,2;19,4;12,2;10,9;61;54;57;182;5,4;2,8;
2019/07/17;1600 UTC;0;917,3;918,1;917,3;2780,7;21,1;9,9;22;20,2;11,8;9,9;57;48;49;203;6,3;3;
2019/07/17;1700 UTC;0;917;917,3;917;2447,2;22,2;9,7;22,6;21,1;10,8;9,3;50;44;45;196;7,2;2,4;
2019/07/17;1800 UTC;0;916,8;917;916,7;2048,2;23,1;7,8;23,5;22,2;10;7,4;45;36;38;179;5,4;2,5;
2019/07/17;1900 UTC;0;916,8;916,9;916,7;1474,9;22,8;6;23,4;22,6;7,9;5,8;38;32;34;188;5,2;2,5;
2019/07/17;2000 UTC;0;917;917;916,7;694,6;22,3;6,9;23;22,3;6,9;4,9;37;31;37;197;4,8;2;
2019/07/17;2100 UTC;0;917,2;917,2;916,9;64,2;19,4;8,2;22,3;19,3;8,5;7;49;37;48;131;3,4;1,6;
2019/07/17;2200 UTC;0;917,5;917,5;917,2;;16,3;8,6;19,4;16,2;9;7,7;61;47;60;21;2,6;,2;
2019/07/17;2300 UTC;0;918,1;918,1;917,5;;13,9;8,8;16,4;13,9;9,5;8,4;72;60;72;179;2,2;,2;
2019/07/18;0000 UTC;0;918,3;918,3;918,1;;13,5;8,4;14,2;13,4;8,9;8,3;72;69;71;334;2,1;,2;
2019/07/18;0100 UTC;0;918,4;918,5;918,3;;14,7;9,3;15,2;13,3;9,6;8,1;73;68;70;47;2,5;,5;
2019/07/18;0200 UTC;0;918,3;918,4;918,3;;14,5;9;15;14,5;9,7;9;72;69;70;18;3,9;1,1;
2019/07/18;0300 UTC;0;918,1;918,3;918,1;;14,4;9;14,6;14,1;9;8,7;70;69;70;272;3;,2;
2019/07/18;0400 UTC;0;918;918,1;917,9;;15;8,6;15,3;14,3;9,1;8,5;70;65;65;121;3,9;1,6;
2019/07/18;0500 UTC;0;917,3;918;917,3;;14,6;8,5;15,3;14,5;8,7;8,4;67;65;67;115;6,2;1,2;
2019/07/18;0600 UTC;0;917;917,4;916,9;;13,8;8,2;14,6;13,8;8,5;8,2;69;67;69;265;6,5;1,6;
2019/07/18;0700 UTC;0;916,9;917;916,9;;13,2;8,2;13,8;13,1;8,4;8,2;72;69;72;341;6,5;1,4;
2019/07/18;0800 UTC;0;917,1;917,1;916,9;;12,8;7,9;13,2;12,8;8,3;7,9;72;72;72;8;5,8;2,3;
2019/07/18;0900 UTC;0;917,6;917,6;917;;12,1;7,7;12,8;12;7,9;7,6;74;72;74;14;5,9;1,5;
2019/07/18;1000 UTC;0;918,5;918,5;917,6;14,2;11,8;7,6;12,1;11,6;7,7;7,6;76;74;76;53;5,4;2,3;
2019/07/18;1100 UTC;0;919,2;919,2;918,5;482,9;14,3;8,6;14,3;11,7;8,6;7,6;76;68;68;317;5,9;,9;
2019/07/18;1200 UTC;0;919,4;919,4;919,2;1295,8;17,2;9,2;17,2;14,3;9,2;8,3;69;59;59;18;10;2,3;
2019/07/18;1300 UTC;0;919,8;919,9;919,4;1956,4;20,2;10,2;20,3;17,2;10,4;9,1;59;52;53;40;10;2,7;
2019/07/18;1400 UTC;0;919,3;919,8;919,3;2436,5;22,3;10,5;22,5;20,1;10,6;9,9;53;46;47;47;9,8;3,5;
2019/07/18;1500 UTC;0;918,8;919,3;918,8;2672,8;24,7;10,7;24,9;22,3;11,2;10,1;47;41;41;50;9,7;3,3;
2019/07/18;1600 UTC;0;918,2;918,8;918,2;2466,1;24,8;10,2;25,4;23,9;11;9,9;42;39;40;29;7,8;2,7;
2019/07/18;1700 UTC;0;917,6;918,2;917,6;2459,1;25,4;9,5;26;24,3;10,8;8,8;41;35;37;347;7,4;1,7;
2019/07/18;1800 UTC;0;917,1;917,6;917,1;1545,9;25,4;9,4;26,2;24,3;10,1;8,9;39;35;36;64;4,9;,6;
2019/07/18;1900 UTC;0;917,2;917,2;917;1326,6;24,6;8,8;26,1;24,6;9,7;8,5;38;34;37;87;4,2;1,4;
2019/07/18;2000 UTC;0;917,5;917,5;917,2;508,8;22,4;11,4;25,8;22,4;11,5;9;50;36;50;151;4;1,9;
2019/07/18;2100 UTC;0;917,8;917,8;917,4;37,1;20,8;11;22,4;20,5;11,5;11;55;50;53;117;4,7;2,1;
2019/07/18;2200 UTC;0;918;918;917,8;;19;10,7;20,8;19;10,9;10,7;59;53;59;125;4,7;1,4;
2019/07/18;2300 UTC;0;918,6;918,6;918;;17,8;10,6;19;17,8;10,7;10,5;62;59;62;110;7,8;2;
2019/07/19;0000 UTC;0;918,9;918,9;918,6;;16,9;10,5;17,8;16,8;10,6;10,4;66;62;66;265;9;1,3;
2019/07/19;0100 UTC;0;919,1;919,1;918,8;;16,4;10,2;16,9;16,3;10,5;10,2;67;66;67;242;5,1;1,1;
2019/07/19;0200 UTC;0;919;919,2;919;;16,6;9,8;16,6;16,3;10,2;9,8;67;64;64;149;6,8;1,5;
2019/07/19;0300 UTC;0;918,9;919;918,9;;15,5;9,6;16,6;15,4;9,8;9,6;68;64;68;239;6,2;1;
2019/07/19;0400 UTC;0;918,8;918,9;918,8;;14,8;8,7;15,5;14,8;9,6;8,7;69;66;67;116;6;1,9;
2019/07/19;0500 UTC;0;918,5;918,8;918,4;;14;8,1;14,8;14;8,7;8,1;68;66;68;72;6,8;2,1;
2019/07/19;0600 UTC;0;918,3;918,5;918,2;;13,3;8;14;13,2;8,2;8;70;68;70;30;9,5;2,1;
2019/07/19;0700 UTC;0;918,4;918,4;918,2;;12,8;7,7;13,3;12,8;8;7,7;71;70;71;20;7;1,6;
2019/07/19;0800 UTC;0;918,8;918,8;918,3;;12,4;7,4;12,9;12,3;7,7;7,4;72;71;72;350;6,4;1,3;
2019/07/19;0900 UTC;0;919,4;919,5;918,7;;11,8;7,3;12,4;11,8;7,4;7,3;74;72;74;24;5,5;1,7;
2019/07/19;1000 UTC;0;919,6;919,6;919,4;15,3;11,9;7,4;12;11,7;7,4;7,2;74;73;74;274;10,5;2;
2019/07/19;1100 UTC;0;920,2;920,2;919,6;485,5;14,4;7,9;14,4;11,9;7,9;7,4;74;65;65;48;8,5;2,4;
2019/07/19;1200 UTC;0;921;921;920,2;1328;16,4;8,1;16,4;14,4;8,1;7,7;65;58;58;37;9,4;4;
2019/07/19;1300 UTC;0;921,1;921,2;921;1997,5;19,6;8,5;19,6;16,4;8,6;8;58;48;48;39;10,3;3,1;
2019/07/19;1400 UTC;0;920,7;921,1;920,6;2475,3;20,9;8,2;20,9;19,1;8,5;7,5;48;44;44;30;12;4,6;
2019/07/19;1500 UTC;0;920;920,7;920;2724,1;22,7;8,3;22,8;21;8,8;7,7;44;40;40;42;10,1;3,2;
2019/07/19;1600 UTC;0;918,9;920;918,9;2698;22,9;8,1;23,4;22,1;8,9;7,9;41;38;39;18;7,8;4,2;
2019/07/19;1700 UTC;0;918,2;918,9;918,2;2483,4;23,1;6,1;24,1;22,6;8,4;6,1;39;32;33;33;8;3,5;
2019/07/19;1800 UTC;0;917,5;918,2;917,5;2080,6;24,1;7,2;24,2;23,1;7,5;5,9;36;31;34;27;7,1;2,5;
2019/07/19;1900 UTC;0;917,6;917,6;917,4;1411,1;23,4;6,5;24,4;23,4;7,1;5,9;34;32;34;29;7,3;2,7;
2019/07/19;2000 UTC;0;918,1;918,1;917,6;674,4;22,4;6,8;23,9;22,4;7,1;6,1;37;32;37;27;7,1;1,9;
2019/07/19;2100 UTC;0;918,4;918,4;918,1;66,6;19,2;7,1;22,4;19,2;7,3;6,4;45;36;45;40;5,1;,5;
2019/07/19;2200 UTC;0;918,7;918,7;918,4;;16,5;7,3;19,2;16,4;7,6;7,1;55;45;55;71;3,5;1,5;
2019/07/19;2300 UTC;0;919;919,1;918,7;;15;7,7;16,4;14,9;7,7;7,2;62;55;61;246;2,9;,4;
2019/07/20;0000 UTC;0;919,5;919,5;919;;14,1;7,5;15,1;13,9;7,7;7,4;65;61;65;224;3,1;,9;
2019/07/20;0100 UTC;0;919,6;919,8;919,5;;14,3;7,5;14,5;13,9;7,7;7,5;66;63;64;199;4,2;1,2;
2019/07/20;0200 UTC;0;919,2;919,6;919,2;;14,8;6,8;15;14,2;7,5;6,8;64;59;59;45;5,6;1,4;
2019/07/20;0300 UTC;0;918,9;919,2;918,8;;15,4;6,4;15,7;14,6;6,8;6,4;59;55;55;53;5,4;1,8;
2019/07/20;0400 UTC;0;918,1;918,9;918,1;;15,1;6,8;16,1;15,1;6,8;6,3;58;53;58;27;8,2;2,6;
2019/07/20;0500 UTC;0;917,4;918,2;917,4;;14,6;8,1;15,1;14,4;8,1;6,8;65;58;65;44;9,5;3;
2019/07/20;0600 UTC;0;917,4;917,6;917,4;;14;8,4;14,6;14;8,5;8,1;69;65;69;60;10,2;2,3;
2019/07/20;0700 UTC;0;917,5;917,5;917,3;;13,7;8,4;14;13,7;8,5;8,3;70;69;70;48;10,2;2,4;
2019/07/20;0800 UTC;0;917,4;917,6;917,3;;13,4;8,4;13,7;13,2;8,5;8,2;72;70;72;47;8;2,7;
2019/07/20;0900 UTC;0;917,5;917,6;917,2;;13,4;8,5;13,4;13,2;8,6;8,4;73;72;73;51;8,9;2,5;
2019/07/20;1000 UTC;0;917,7;917,7;917,4;13,8;13,4;9,1;13,4;13,2;9,1;8,5;76;73;75;51;9,4;2,7;
2019/07/20;1100 UTC;0;918,1;918,2;917,6;497,5;15,4;9,5;15,4;13,4;9,5;9,1;75;68;68;39;11,1;4;
2019/07/20;1200 UTC;0;919;919;918,1;1373,2;17,9;9,5;18;15,4;9,9;9,5;68;58;58;43;11,7;4,6;
2019/07/20;1300 UTC;0;919,5;919,5;919;2035,3;19,8;9,1;19,8;17,8;9,6;8,9;58;50;50;54;13,1;4,4;
2019/07/20;1400 UTC;0;919,2;919,5;919,1;2511;22,1;8,8;22,1;19,8;9,4;8;50;42;43;34;11,7;3,1;
2019/07/20;1500 UTC;0;918,5;919,2;918,4;2761,7;23,5;8,4;23,6;21,6;8,9;7,5;43;37;38;30;8,7;3,1;
2019/07/20;1600 UTC;0;917,6;918,5;917,6;2741,7;23,6;7,2;24;22,4;8,6;6,6;40;34;35;30;8,9;3,3;
2019/07/20;1700 UTC;0;916,8;917,6;916,8;2432,5;24,4;6,8;25;23,7;8;6,6;36;32;33;60;7,4;3;
2019/07/20;1800 UTC;0;916,4;916,8;916,4;2126,4;24,7;7,1;24,9;23,8;7,3;5,9;33;31;32;20;7,4;3,4;
2019/07/20;1900 UTC;0;916,4;916,5;916,3;1319,8;24,2;7;25,2;23,7;7,2;6,4;34;31;33;25;6,9;3;
2019/07/20;2000 UTC;0;916,5;916,5;916,3;450,6;22,1;6,6;24,4;22,1;7;6,1;37;32;37;36;5,8;1,2;
2019/07/20;2100 UTC;0;916,7;916,7;916,5;56,3;19,6;7,1;22,1;19,6;7,2;6,4;44;37;44;111;3,8;,6;
2019/07/20;2200 UTC;0;917;917;916,7;;17,1;8,2;19,6;17,1;8,2;7,2;56;44;56;147;4,8;1,4;
2019/07/20;2300 UTC;0;917,3;917,3;916,9;;16,7;8,3;17;16,6;8,6;8,2;59;56;58;24;4;1,1;
2019/07/21;0000 UTC;0;917,6;917,6;917,3;;16,2;8,1;16,9;16,1;8,4;8,1;59;57;59;352;4,6;1,1;
2019/07/21;0100 UTC;0;918;918;917,5;;15,1;7,8;16,3;15,1;8,1;7,8;62;58;61;188;5,3;,7;
2019/07/21;0200 UTC;0;917,8;918,1;917,8;;15,1;7,3;15,3;15;7,8;7,3;61;59;60;17;3,7;1,1;
2019/07/21;0300 UTC;0;917,6;917,8;917,6;;13,9;7;15,1;13,6;7,7;6,9;66;59;63;348;4,1;1,2;
2019/07/21;0400 UTC;0;917,1;917,6;917;;14,6;6,5;15,1;13,9;7;6,2;63;56;58;43;5,1;1,6;
2019/07/21;0500 UTC;0;916,4;917,1;916,4;;14,6;8;15,1;14,6;8;6,6;65;58;65;31;8,6;3,4;
2019/07/21;0600 UTC;0;916;916,4;916;;14;8,4;14,6;14;8,5;8;69;65;69;40;8,6;2,2;
2019/07/21;0700 UTC;0;915,8;916;915,8;;14;8,8;14,3;13,9;8,9;8,4;71;69;71;48;7,2;2,2;
2019/07/21;0800 UTC;0;915,7;916;915,7;;13,8;9;14;13,7;9,1;8,8;73;71;73;44;9,4;2,6;
2019/07/21;0900 UTC;0;916;916;915,6;;13,3;9,3;13,8;13,2;9,3;9;76;73;76;44;10,1;3,1;
2019/07/21;1000 UTC;0;916,8;916,8;916;12,7;13,4;9,5;13,4;13;9,5;9,2;78;76;77;21;9,9;3,2;
2019/07/21;1100 UTC;0;917,4;917,4;916,8;439,1;15,2;10,2;15,2;13,4;10,2;9,5;77;72;72;24;8,4;3,4;
2019/07/21;1200 UTC;0;918,2;918,2;917,4;1250,9;18,2;10,7;18,2;15,2;10,8;10,2;72;61;62;35;11;3,6;
2019/07/21;1300 UTC;0;918,3;918,6;918,2;1901,8;20,8;10,5;20,9;18,2;10,8;10,2;62;52;52;29;12,4;4,8;
2019/07/21;1400 UTC;0;918,2;918,3;918,2;2393,1;21,9;10,6;22,1;20,4;11;10,3;53;49;49;22;12,6;5,5;
2019/07/21;1500 UTC;0;917,6;918,2;917,6;2223,3;22,3;10;23,1;21,6;10,7;9,7;49;44;46;32;11,2;3,6;
2019/07/21;1600 UTC;0;917,4;917,6;917,3;1539,8;22,9;9,7;23,1;22,1;10,5;9,4;46;43;43;3;9,7;4,2;
2019/07/21;1700 UTC;0;916,8;917,4;916,8;1240,6;23,2;10,1;23,3;22,6;10,3;9,1;44;42;43;32;8,6;3,4;
2019/07/21;1800 UTC;0;916,2;916,8;916,1;900,8;22,7;10;23,2;22,7;10,4;9,8;45;43;45;13;7,6;3,4;
2019/07/21;1900 UTC;0;916,5;916,5;916,1;556,1;22,4;9,6;22,9;22,3;10,4;9,5;46;44;44;27;7,6;3;
2019/07/21;2000 UTC;0;916,5;916,5;916,4;620;22,7;10,3;23;22,4;10,5;9,7;46;44;46;28;6,2;2;
2019/07/21;2100 UTC;0;916,7;916,7;916,4;107,7;19,9;10,6;22,7;19,9;10,7;10,3;55;45;55;141;5,2;,5;
2019/07/21;2200 UTC;0;916,8;916,8;916,6;;18,1;10,8;19,9;18;10,9;10,6;63;55;62;162;3,3;,7;
2019/07/21;2300 UTC;0;917,1;917,1;916,8;;17;11;18,1;17;11;10,8;68;62;68;353;3,5;,6;
2019/07/22;0000 UTC;0;917,9;917,9;917,1;;16,8;11,2;17,3;16,8;11,3;10,9;69;68;69;230;3,5;,5;
2019/07/22;0100 UTC;0;918,3;918,4;917,9;;16,4;11,1;16,9;16,4;11,4;11,1;71;69;71;172;2,1;,2;
2019/07/22;0200 UTC;0;918,7;918,7;918,2;;15,4;10,9;16,7;15,4;11,3;10,8;75;70;75;205;2,1;0;
2019/07/22;0300 UTC;0;918,5;918,7;918,4;;15,8;10,8;15,9;15,1;11,1;10,7;75;72;72;300;2,9;,5;
2019/07/22;0400 UTC;0;917,3;918,5;917,3;;16,5;9,9;16,5;15,4;10,7;9,9;72;65;65;28;4,6;1,9;
2019/07/22;0500 UTC;0;916,4;917,3;916,4;;16,1;9,8;16,5;15,9;9,9;9,7;67;65;66;32;7,6;2,7;
2019/07/22;0600 UTC;0;916,4;916,6;916,3;;16;9,8;16,3;16;9,9;9,8;67;66;67;42;8,6;3,3;
2019/07/22;0700 UTC;0;916,7;916,7;916,3;;16;9,8;16,2;16;9,9;9,8;67;66;67;33;10,4;3,5;
2019/07/22;0800 UTC;0;917,2;917,2;916,6;;15,4;9,9;16;15,4;9,9;9,8;70;67;70;33;8,2;2,7;
2019/07/22;0900 UTC;0;917,5;917,6;917,1;;14,9;9,8;15,4;14,8;9,9;9,8;72;70;72;64;7,7;2,3;
2019/07/22;1000 UTC;0;918,2;918,2;917,5;9,8;14,8;9,9;14,9;14,7;9,9;9,8;73;72;73;62;10,9;2,8;
2019/07/22;1100 UTC;0;918,5;918,7;918,2;411,9;16,6;10,4;16,6;14,8;10,4;9,9;73;67;67;49;12,2;3,6;
2019/07/22;1200 UTC;0;919,3;919,3;918,5;1373,1;19,1;10,4;19,1;16,6;10,7;10,2;67;57;57;38;12,2;4,5;
2019/07/22;1300 UTC;0;919,5;919,5;919,2;1907,4;21,5;10;21,6;19,1;10,5;9,9;57;48;48;35;12,3;4,1;
2019/07/22;1400 UTC;0;919,4;919,5;919,2;2061,1;21,9;9,9;21,9;20,8;10,1;9,7;50;46;46;31;11,2;4,4;
2019/07/22;1500 UTC;0;918,9;919,5;918,9;1740,3;22,9;9,8;23;21,9;10,2;9,4;47;43;43;48;10,4;3;
2019/07/22;1600 UTC;0;918;918,9;917,9;2128,8;24,1;8,8;24,5;22,9;10,3;8,8;44;38;38;32;8,1;3,1;
2019/07/22;1700 UTC;0;917,3;918;917,3;2345,9;25,7;8,8;25,8;23,5;9,6;8,3;40;34;34;39;8;2,3;
2019/07/22;1800 UTC;0;917;917,3;917;2053,9;25,7;8,7;26;24,7;8,7;7,6;35;33;34;16;7,1;2,4;
2019/07/22;1900 UTC;0;916,8;917;916,8;1448,1;24,6;7,9;25,7;24,5;9;7,6;36;33;35;23;7,1;2,5;
2019/07/22;2000 UTC;0;917;917;916,8;364,7;22,7;9;24,8;22,7;9;7,9;42;35;42;86;6,6;,8;
2019/07/22;2100 UTC;0;917;917;916,8;53;20,7;9,5;22,7;20,7;9,6;9;49;42;49;128;3;1,8;
2019/07/22;2200 UTC;0;917,5;917,5;917;;18,5;9,7;20,7;18,4;9,7;9,5;57;49;57;136;3,3;1,2;
2019/07/22;2300 UTC;0;918,1;918,1;917,5;;17,8;10,4;18,5;17,7;10,4;9,7;62;57;62;147;4,4;1,5;
2019/07/23;0000 UTC;0;918,3;918,3;918;;16,2;10,1;17,8;16,2;10,3;10,1;67;62;67;172;3,5;,8;
2019/07/23;0100 UTC;0;918,7;918,7;918,3;;15,5;10,4;16,3;15,4;10,4;10,2;72;67;72;270;2,4;,4;
2019/07/23;0200 UTC;0;919;919,1;918,7;;14,3;10,3;15,5;14,1;10,5;9,8;77;71;77;268;1,5;,1;
2019/07/23;0300 UTC;0;918,8;919;918,8;;14,1;10,3;14,8;13,8;10,5;9,8;78;75;78;285;2,1;,3;
2019/07/23;0400 UTC;0;918,2;918,8;918,2;;14;9,9;14,3;13,6;10,3;9,8;79;76;76;257;3;,4;
2019/07/23;0500 UTC;0;917,8;918,2;917,7;;14,2;9,6;14,4;13,9;9,9;9,6;76;74;74;301;4;,7;
2019/07/23;0600 UTC;0;917,8;917,9;917,7;;14,4;9,6;14,6;13,8;9,9;9,4;76;73;73;189;4;,3;
2019/07/23;0700 UTC;0;918;918;917,8;;13;9,5;14,4;12,9;10,1;9,2;80;73;79;267;2,4;,2;
2019/07/23;0800 UTC;0;918,1;918,2;918;;12;8,9;13;11,9;9,8;8,9;84;79;82;306;1,6;0;
2019/07/23;0900 UTC;0;918,4;918,5;918,1;;12,2;10,3;12,2;11,1;10,3;8,6;88;82;88;135;1,3;,3;
2019/07/23;1000 UTC;0;918,7;918,7;918,3;16,3;11,8;9,9;12,7;11,4;10,5;9,2;88;85;88;286;2,6;,4;
2019/07/23;1100 UTC;0;919,3;919,3;918,7;458,7;16,2;11,9;16,2;11,7;11,9;9,6;89;75;75;48;4,5;1,3;
2019/07/23;1200 UTC;0;919,9;919,9;919,3;1362,6;19,2;12,5;19,2;16,2;12,7;11,9;75;64;65;47;6,3;2,1;
2019/07/23;1300 UTC;0;919,9;920;919,9;2029,1;21,3;12,1;21,4;19,3;12,5;11,9;65;55;56;25;10,1;4,4;
2019/07/23;1400 UTC;0;919,4;919,9;919,4;2508,9;23,4;11,7;23,8;21,3;12,7;11,5;56;47;48;35;9,1;3;
2019/07/23;1500 UTC;0;918,6;919,4;918,6;2718,6;24,7;12,2;24,7;23,2;12,2;11,1;49;44;46;31;9,8;3,5;
2019/07/23;1600 UTC;0;917,7;918,6;917,7;2672,9;26,4;11,9;26,4;23,6;12,2;10,3;46;40;40;55;7,8;1,8;
2019/07/23;1700 UTC;0;916,9;917,7;916,9;2246,8;25;10,6;26,4;24,7;11,5;10,2;41;37;40;16;7,5;3,3;
2019/07/23;1800 UTC;0;916,3;916,9;916,3;1521,2;25,6;10,4;26,1;24,3;11,4;10,1;43;38;39;39;6,7;1,5;
2019/07/23;1900 UTC;0;916,1;916,3;916,1;1401,7;26,5;9,6;26,7;24,9;10,7;9,2;39;35;35;31;5,9;2;
2019/07/23;2000 UTC;0;916,5;916,5;916;726,5;25,3;10,1;26,5;25,2;10,1;8,8;38;34;38;38;6,7;1,3;
2019/07/23;2100 UTC;0;916,8;916,8;916,5;81,6;21,4;10,7;25,3;21,4;10,7;10,1;51;38;51;42;3,2;,4;
2019/07/23;2200 UTC;0;917,1;917,1;916,7;;19,1;10,7;21,3;19;10,8;10,7;59;51;58;84;2,5;1,2;
2019/07/23;2300 UTC;0;917,5;917,5;917,1;;18,4;10,4;19,1;18,4;10,8;10,4;60;58;60;79;4,2;1,9;
2019/07/24;0000 UTC;0;917,9;917,9;917,5;;18,2;10,6;18,9;16,9;10,9;10;66;58;61;89;4,1;1,6;
2019/07/24;0100 UTC;0;918,3;918,3;917,9;;16,3;10,7;18,2;16,3;10,7;10,2;70;61;70;30;3,3;,7;
2019/07/24;0200 UTC;0;918,3;918,3;918,2;;15,4;10,7;16,5;15,4;10,9;10,5;74;70;73;14;2,4;0;
2019/07/24;0300 UTC;0;918,3;918,4;918,3;;15,3;10,9;15,5;14,8;11;10,4;77;73;75;66;2,8;1,3;
2019/07/24;0400 UTC;0;918;918,3;918;;15,9;10,7;15,9;15,2;11;10,7;75;71;72;76;4,8;2,2;
2019/07/24;0500 UTC;0;917,7;918,1;917,7;;15;10,3;15,9;15;10,7;10,3;73;71;73;60;4,8;2;
2019/07/24;0600 UTC;0;917,3;917,7;917,3;;15;10,4;15;14,6;10,5;10,2;75;73;74;20;4,1;,8;
2019/07/24;0700 UTC;0;917,1;917,4;917,1;;14,5;10,5;15;14,5;10,6;10,3;77;74;77;11;3,2;1,4;
2019/07/24;0800 UTC;0;917,4;917,4;917,1;;14,4;10,8;14,8;13,7;11;10,2;81;76;79;47;3,8;1,6;
2019/07/24;0900 UTC;0;917,6;917,6;917,4;;13,8;10,5;14,5;13,5;10,8;10,3;82;78;81;22;3,5;,8;
2019/07/24;1000 UTC;0;918;918;917,6;17,6;14,1;10,8;14,3;13,4;11;10,4;83;80;80;48;4;1,7;
2019/07/24;1100 UTC;0;918,5;918,6;918;452,4;17;11,8;17;14,1;11,9;10,8;81;71;71;355;4,4;1,2;
2019/07/24;1200 UTC;0;918,9;918,9;918,5;1345,5;21,6;12,6;21,6;17;13,1;11,9;71;57;57;41;6,3;2,8;
2019/07/24;1300 UTC;0;919;919,2;918,9;2016,1;22,7;12,5;23,1;21,3;12,9;12,2;58;51;53;45;7,6;3,2;
2019/07/24;1400 UTC;0;918,4;919;918,3;2503,7;25,4;12,7;25,4;22,7;13;12,1;53;45;45;27;7,6;2,7;
2019/07/24;1500 UTC;0;917,5;918,4;917,5;2757,6;26,5;10,7;26,6;24,5;12,6;9,7;47;36;37;35;7,4;1,9;
2019/07/24;1600 UTC;0;916,9;917,6;916,8;2749,7;26,1;11,2;27,3;25,1;12;10;41;36;39;38;8,3;2,8;
2019/07/24;1700 UTC;0;916,2;916,9;916,2;2496,8;26,8;10,6;27,6;25,8;11,6;10,1;40;34;36;3;6,9;2,9;
2019/07/24;1800 UTC;0;915,7;916,3;915,6;1635;27,3;10,3;27,6;25,7;11,6;9,7;39;34;35;11;6,4;2,8;
2019/07/24;1900 UTC;0;915,7;915,7;915,6;1422,6;26,9;10;27,5;26,5;11;9,6;37;34;35;22;6,3;2,6;
2019/07/24;2000 UTC;0;916,2;916,2;915,7;576,1;25,5;10,2;27;25,5;10,5;9,8;39;35;38;28;5,6;2;
2019/07/24;2100 UTC;0;916,4;916,4;916,2;57,4;21,9;11,2;25,6;21,9;11,2;10,1;51;38;51;65;5,4;1,2;
2019/07/24;2200 UTC;0;916,7;916,7;916,4;;20,5;11,3;21,9;20,5;11,4;11,2;56;51;56;84;2,3;1,3;
2019/07/24;2300 UTC;0;916,9;916,9;916,7;;18,2;11,9;20,7;18,2;12,1;11,2;67;55;67;84;2,8;,6;
2019/07/25;0000 UTC;0;917,3;917,3;916,9;;18,1;11,9;18,7;17,5;12,1;11,6;70;63;67;87;3,4;1,2;
2019/07/25;0100 UTC;0;917,5;917,5;917,3;;18,7;11,8;19,4;17,9;11,9;11,2;67;59;64;68;5,5;2,2;
2019/07/25;0200 UTC;0;917,7;917,8;917,5;;17,6;11,7;18,8;17,6;11,8;11,7;68;64;68;40;3,8;1,5;
2019/07/25;0300 UTC;0;917,7;917,8;917,6;;17,4;11,8;17,7;17,3;12;11,7;70;68;70;34;3,2;1,5;
2019/07/25;0400 UTC;0;917,3;917,7;917,3;;17,8;11,7;18,4;17,3;12,1;11,6;70;66;67;78;4,9;2,2;
2019/07/25;0500 UTC;0;917;917,3;917;;17,5;11,4;17,8;16,9;11,7;11,3;71;67;68;62;5,2;2,1;
2019/07/25;0600 UTC;0;916,7;917;916,7;;16,3;11,3;17,6;16,2;11,6;11,2;73;67;73;50;4,5;2,2;
2019/07/25;0700 UTC;0;916,6;916,7;916,6;;15,4;11,2;17,2;15,4;11,6;11;76;69;76;39;4,2;2;
2019/07/25;0800 UTC;0;916,6;916,7;916,5;;15,3;10,8;15,8;15,1;11,2;10,7;76;73;75;50;4;1,6;
2019/07/25;0900 UTC;0;917;917;916,6;;15;10,8;15,3;14,8;10,8;10,7;76;75;76;50;4,5;2,6;
2019/07/25;1000 UTC;0;917,8;917,8;917,1;33,4;15,7;11,2;15,7;14,7;11,2;10,6;77;74;75;58;4,5;1,7;
2019/07/25;1100 UTC;0;918,4;918,4;917,8;485,3;19,3;11,6;19,3;15,8;11,6;11,1;74;61;61;73;5,1;1,8;
2019/07/25;1200 UTC;0;919;919;918,4;1283;22,6;10,6;22,6;19,3;12;10,3;61;46;46;33;6,8;2,3;
2019/07/25;1300 UTC;0;919,2;919,2;919;2011,5;24,4;10,6;24,4;22,6;10,8;10,1;46;42;42;41;7,7;3;
2019/07/25;1400 UTC;0;918,6;919,2;918,6;2502,1;26,2;8,6;26,3;24,4;10,7;8,5;42;33;33;40;8,9;2,3;
2019/07/25;1500 UTC;0;917,7;918,6;917,7;2828,6;27,3;8,5;27,5;25,8;9,6;8,1;34;30;30;48;6,9;2,6;
2019/07/25;1600 UTC;0;916,7;917,7;916,7;2338,8;27,2;8,5;28,2;26;8,7;7,1;32;28;31;135;5,9;1,5;
2019/07/25;1700 UTC;0;916;916,7;916;1961,7;27,2;7,1;27,9;27;8,8;6,5;31;26;28;21;6,8;2,7;
2019/07/25;1800 UTC;0;915,6;916;915,6;1256,2;26,5;6,6;27,8;26,4;7,6;6,2;29;26;28;29;6,8;2,1;
2019/07/25;1900 UTC;0;915,3;915,7;915,3;1459,9;26,7;6;28,7;26,5;7,1;6;28;24;27;41;6,4;2,7;
2019/07/25;2000 UTC;0;915,5;915,5;915,3;478,6;25,5;6,8;27,1;25,5;6,8;5,9;30;27;30;47;6,4;1;
2019/07/25;2100 UTC;0;916;916;915,5;85,7;22,1;7,5;25,5;22,1;7,5;6,7;39;30;39;113;2,7;,3;
2019/07/25;2200 UTC;0;916,6;916,6;916;;19,2;8,3;22,3;19,1;8,3;7,3;49;38;49;63;3;1,4;
2019/07/25;2300 UTC;0;917,4;917,4;916,6;;17,3;8,5;20;17,3;8,6;7,9;56;46;56;56;2,9;1,1;
2019/07/26;0000 UTC;0;918;918;917,4;;16,2;8,9;17,5;16,2;9;8,4;62;56;62;256;2,3;0;
2019/07/26;0100 UTC;0;918,3;918,3;918;;17,1;9,6;17,3;16,1;9,7;9;64;61;61;65;2,9;1,5;
2019/07/26;0200 UTC;0;918,1;918,3;918;;16,9;9,9;17,2;16,4;9,9;9,5;64;61;63;189;3,5;,6;
2019/07/26;0300 UTC;0;918,1;918,2;918,1;;15,7;9,5;17;15,5;9,8;9,4;67;63;67;358;2,4;,1;
2019/07/26;0400 UTC;0;917,9;918,1;917,9;;15,4;9,4;16,4;15,4;9,9;9,4;68;64;67;72;2,2;,9;
2019/07/26;0500 UTC;0;917,7;918;917,7;;15;9,5;15,9;14,5;9,6;9,1;71;66;70;346;2,6;,5;
2019/07/26;0600 UTC;0;917,8;917,9;917,7;;15,3;9,9;15,4;14,6;9,9;9,3;71;69;70;24;3,2;,4;
2019/07/26;0700 UTC;0;917,6;917,8;917,6;;15,6;10,1;15,9;15,3;10,4;9,9;71;69;70;334;3,9;,8;
2019/07/26;0800 UTC;0;917,7;917,7;917,6;;16,6;10,1;17;15,6;10,5;10,1;70;65;66;126;4,7;2,4;
2019/07/26;0900 UTC;0;918,4;918,4;917,7;;15,7;9,7;16,7;15,6;10,2;9,7;68;65;67;350;5,6;1,3;
2019/07/26;1000 UTC;0;919;919;918,4;15,5;16,1;10;16,5;15,7;10;9,5;67;65;67;124;5,1;1,6;
2019/07/26;1100 UTC;0;919,5;919,6;919;475,5;18,6;11;18,6;16;11;9,9;67;62;62;101;8,8;2,4;
2019/07/26;1200 UTC;0;920,2;920,2;919,5;1443,4;21,4;11,7;21,4;18,6;12;11,1;62;54;54;66;9,2;3,6;
2019/07/26;1300 UTC;0;920,2;920,3;920,1;2064,4;23,6;11,4;23,8;21,2;11,9;11,1;55;46;46;57;9,2;3,4;
2019/07/26;1400 UTC;0;919,9;920,2;919,9;2528,5;25,9;9,4;25,9;23,6;11,7;8;46;33;35;36;7,7;2,8;
2019/07/26;1500 UTC;0;919,3;919,9;919,3;2992,4;26,2;7,5;27,2;25,6;9,3;6,5;35;28;31;19;8,2;2,9;
2019/07/26;1600 UTC;0;918,6;919,4;918,6;2653,7;27,2;7,3;27,5;25,6;8,5;6,7;31;28;28;48;6,6;2,7;
2019/07/26;1700 UTC;0;918,1;918,6;918,1;2354,1;26;7,3;28;25,9;7,9;6,4;31;27;30;60;7,3;2,4;
2019/07/26;1800 UTC;0;917,6;918,1;917,6;1240,4;27,1;7,1;27,5;25,4;8,4;7;32;28;28;10;6,2;1,4;
2019/07/26;1900 UTC;0;917,5;917,6;917,4;930,6;27;7,6;27,5;25,5;8,1;7;32;28;29;31;5,2;1,8;
2019/07/26;2000 UTC;0;918;918;917,4;747,4;25,1;8,2;27,1;25,1;8,4;7,3;34;29;34;69;5,6;1,4;
2019/07/26;2100 UTC;0;918,5;918,5;917,9;53,6;22,1;8,9;25,1;22,1;9;8,3;43;34;43;117;2,8;,5;
2019/07/26;2200 UTC;0;919,1;919,1;918,5;;19,9;9,6;22,1;19,9;9,8;8,9;51;43;51;7;2,4;,1;
2019/07/26;2300 UTC;0;919,5;919,5;919,1;;18,6;9,8;19,9;18,6;9,9;9,5;57;51;57;210;1,6;,2;
2019/07/27;0000 UTC;0;919,7;919,8;919,5;;18;9,7;18,7;18;9,9;9,6;58;56;58;199;2,5;,9;
2019/07/27;0100 UTC;0;920,1;920,1;919,7;;18,1;9,6;18,2;17,9;9,7;9,5;58;57;57;186;4,4;,7;
2019/07/27;0200 UTC;0;919,9;920,1;919,9;;17,6;9,3;18,1;17,5;9,5;9,3;59;57;59;218;3,4;,6;
2019/07/27;0300 UTC;0;919,8;920;919,7;;16,9;9,1;17,6;16,7;9,4;9;60;58;60;174;5,6;,9;
2019/07/27;0400 UTC;0;919,7;919,8;919,7;;16,2;8,6;17,1;16,2;9,1;8,6;61;59;61;329;3,7;,7;
2019/07/27;0500 UTC;0;919,5;919,7;919,5;;16,5;8,1;16,9;16,2;8,7;8,1;61;57;58;117;5,8;1,3;
2019/07/27;0600 UTC;0;919,4;919,5;919,3;;16,2;7,7;16,6;16;8,1;7,7;58;57;57;86;5,4;1,5;
2019/07/27;0700 UTC;0;919,2;919,4;919,2;;15,6;7,1;16,2;15,5;7,7;7,1;58;57;57;332;5,4;1,2;
2019/07/27;0800 UTC;0;919,3;919,3;919,1;;15,2;6,8;15,8;15;7,1;6,7;58;55;57;130;4,8;1,3;
2019/07/27;0900 UTC;0;919,7;919,7;919,2;;14,8;6,8;15,2;14,7;6,9;6,7;59;57;59;17;7,4;1,3;
2019/07/27;1000 UTC;0;920,1;920,1;919,7;19;14,6;7,2;14,7;14,2;7,2;6,7;61;59;61;20;4,1;1,2;
2019/07/27;1100 UTC;0;920,6;920,6;920,1;460,8;17,7;8,5;17,7;14,6;8,5;7,2;61;55;55;54;7,7;2,3;
2019/07/27;1200 UTC;0;921,2;921,2;920,6;1381,6;21,3;7,6;21,3;17,7;8,6;7,4;55;41;41;50;8,2;2,5;
2019/07/27;1300 UTC;0;921,3;921,3;921,1;2083;23,5;6;23,5;21,2;7,2;5,2;41;32;32;40;9,7;3;
2019/07/27;1400 UTC;0;920,9;921,3;920,8;2576,4;24,8;5,8;24,8;23,2;6,2;5,2;32;29;29;40;8,9;3,5;
2019/07/27;1500 UTC;0;920,1;920,9;920,1;2833,8;25,7;5,4;25,7;24,4;6;4,9;30;27;27;23;7,5;1,7;
2019/07/27;1600 UTC;0;919;920,1;919;2779,6;26,3;4,6;26,4;25,2;6;3,9;28;24;25;72;6,8;1,9;
2019/07/27;1700 UTC;0;917,9;919;917,9;2536,4;26,6;3,4;27,1;25,6;4,6;2,4;25;21;22;65;6,3;1,3;
2019/07/27;1800 UTC;0;917,3;917,9;917,3;2159,8;26,7;1,8;27,4;26,1;4,1;1,1;24;19;20;5;5,2;1,7;
2019/07/27;1900 UTC;0;917,3;917,4;917,2;1515,7;26,3;1,5;27,6;26,3;3,1;1,5;21;19;20;35;4,9;1,8;
2019/07/27;2000 UTC;0;917,6;917,6;917,3;763,4;25,1;1,4;27;25,1;2,8;1;21;19;21;31;5,3;2,2;
2019/07/27;2100 UTC;0;918;918;917,6;85,9;20,7;3,4;25,1;20,7;3,4;1,3;32;21;32;62;5,1;,9;
2019/07/27;2200 UTC;0;918,4;918,4;918;;18,8;5;20,6;18,8;5;3,3;40;32;40;75;3,5;1;
2019/07/27;2300 UTC;0;918,7;918,8;918,4;;17,3;5,8;18,8;17,3;5,8;5;47;40;47;33;3,5;,5;
2019/07/28;0000 UTC;0;919;919,1;918,7;;17;6,6;17,8;16,7;6,6;5,7;50;46;50;158;4,3;1,2;
2019/07/28;0100 UTC;0;919,2;919,2;919;;16,9;7,2;17;16,7;7,2;6,6;53;50;53;141;6,5;1,3;
2019/07/28;0200 UTC;0;919,4;919,5;919,1;;16;7,3;17;15,9;7,3;7,1;56;53;56;119;5,1;2,3;
2019/07/28;0300 UTC;0;919,2;919,4;919,1;;15,7;7,5;16;15,3;7,5;7,2;59;56;58;110;6,1;1,9;
2019/07/28;0400 UTC;0;918,8;919,2;918,8;;14,3;7,3;15,7;14,3;7,5;7,2;63;58;63;34;4,4;,7;
2019/07/28;0500 UTC;0;918,3;918,8;918,3;;14,5;7,2;14,9;13,9;7,6;7,2;65;61;61;80;5,1;2,6;
2019/07/28;0600 UTC;0;918,1;918,4;918,1;;14,6;6,6;15,2;14,4;7,3;6,6;61;58;59;79;6;2;
2019/07/28;0700 UTC;0;917,9;918,2;917,9;;13,5;6,7;14,6;13,4;6,8;6,5;64;59;64;68;3,7;1,9;
2019/07/28;0800 UTC;0;918;918;917,8;;14,2;6,4;14,5;13,5;6,7;6,4;64;59;60;73;3,9;1,9;
2019/07/28;0900 UTC;0;918,5;918,5;918;;13,3;6,1;14,6;13,3;6,4;6,1;62;58;62;62;4,4;2,2;
2019/07/28;1000 UTC;0;919;919;918,5;18,5;12,9;6,5;13,6;12,5;6,5;6;66;61;65;40;4,4;1;
2019/07/28;1100 UTC;0;919,4;919,5;919;463,7;16,8;7,4;16,8;12,9;7,4;6,5;65;54;54;41;4,4;1,8;
2019/07/28;1200 UTC;0;919,6;919,6;919,3;1403,3;20,7;7,6;20,7;16,8;8,1;7,2;54;43;43;72;7,8;2,5;
2019/07/28;1300 UTC;0;919,8;919,9;919,6;2080,6;22,9;7,1;23;20,7;8;6,9;43;36;36;64;7,1;3,3;
2019/07/28;1400 UTC;0;919,5;919,9;919,5;2336,7;23,3;6,2;24,2;22,8;7,8;5,7;37;32;33;59;7,4;2,7;
2019/07/28;1500 UTC;0;918,6;919,5;918,5;2817,4;24,9;5,6;25,8;23;7,1;5,6;34;28;29;72;9,2;3,8;
2019/07/28;1600 UTC;0;917,4;918,6;917,4;2646,7;26,2;6,1;26,6;23,9;6,6;5,4;31;27;28;57;9,2;2,8;
2019/07/28;1700 UTC;0;916,3;917,4;916,3;2485,6;26,5;5,7;26,9;25,3;6,7;5,5;29;26;26;98;7,7;,9;
2019/07/28;1800 UTC;0;915,6;916,4;915,6;2171,1;26,4;5,3;27,3;25,8;6,3;5,2;28;25;26;32;7,7;2,2;
2019/07/28;1900 UTC;0;915,7;915,7;915,5;1539,6;26,7;5,9;27,2;25,7;6,5;4,7;27;25;26;42;7,7;2,3;
2019/07/28;2000 UTC;0;915,9;915,9;915,6;808,4;25,2;5,5;27;25,2;6,1;5,1;28;26;28;59;4,9;1,9;
2019/07/28;2100 UTC;0;916,4;916,4;915,9;63,6;21,9;6,4;25,2;21,7;6,8;5,6;38;28;36;74;3,4;1,5;
2019/07/28;2200 UTC;0;917;917;916,4;;19,9;7,1;21,9;19,9;7,1;6,5;43;37;43;64;3,4;1,2;
2019/07/28;2300 UTC;0;917,5;917,5;917;;19,3;7,7;20,4;19;7,8;7;48;43;47;145;4;,5;
2019/07/29;0000 UTC;0;917,9;917,9;917,5;;18;7,6;19,4;18;7,7;7,5;51;46;51;258;4;,4;
2019/07/29;0100 UTC;0;917,8;917,9;917,8;;17,6;7,8;18;17,6;7,9;7,6;53;51;53;128;3,6;1,2;
2019/07/29;0200 UTC;0;917,7;918;917,7;;17,5;7,8;18;17,5;8;7,8;53;52;53;80;3,7;1,9;
2019/07/29;0300 UTC;0;917,2;917,7;917,2;;17,2;7,8;17,6;17,1;7,9;7,7;54;53;54;70;4,2;1,1;
2019/07/29;0400 UTC;0;916,7;917,2;916,7;;16,4;8;17,2;16,4;8;7,8;58;54;58;49;3,1;1,4;
2019/07/29;0500 UTC;0;916,4;916,7;916,4;;17;7,8;17;16,1;8;7,8;58;55;55;36;2,9;,4;
2019/07/29;0600 UTC;0;916,4;916,5;916,3;;17,4;7,8;17,5;16,1;8,1;7,7;59;53;53;108;3,4;,2;
2019/07/29;0700 UTC;0;916,3;916,4;916,2;;17,4;7,8;17,4;17,2;8;7,8;55;53;54;61;4,8;1,1;
2019/07/29;0800 UTC;0;916,3;916,4;916,1;;17,2;8,1;17,5;17,1;8,1;7,8;55;53;55;40;7,7;1,5;
2019/07/29;0900 UTC;0;916,8;916,8;916,3;;17;8,3;17,2;16,8;8,3;8,1;57;55;57;313;7,7;1,3;
2019/07/29;1000 UTC;0;917,1;917,1;916,8;20,4;16,9;8,5;17,1;16,8;8,5;8,1;58;56;58;37;6,8;2;
2019/07/29;1100 UTC;0;917,8;917,8;917,1;193,7;17,8;8,7;17,8;16,9;8,9;8,4;58;55;55;49;9,3;2,4;
2019/07/29;1200 UTC;0;918,3;918,3;917,7;731,6;20,5;9,5;20,5;17,7;9,5;8,6;56;49;49;55;8,2;2,9;
2019/07/29;1300 UTC;0;918,5;918,6;918,3;1476,9;22,5;9,4;22,5;20,5;9,5;9;49;43;43;43;9,3;3,2;
2019/07/29;1400 UTC;0;918;918,5;918;2595,8;24,7;9,2;24,8;22,4;9,7;9,1;43;37;37;47;9,6;3,6;
2019/07/29;1500 UTC;0;917,4;918,1;917,4;3047,7;25,4;8,2;26,2;24,6;9,4;7,6;38;32;34;4;9,2;4;
2019/07/29;1600 UTC;0;916,5;917,5;916,5;1590,1;24,3;8;26,6;24,1;9;7,7;37;32;35;31;8,1;2,8;
2019/07/29;1700 UTC;0;915,8;916,5;915,8;1162,6;25,3;7,7;25,8;23,9;8,9;7,4;37;32;33;44;6,4;3,2;
2019/07/29;1800 UTC;0;915,4;915,8;915,4;1771,5;25,4;6,4;26,7;24,9;8,2;6,3;34;28;30;51;6,8;1,8;
2019/07/29;1900 UTC;0;915,4;915,4;915,3;962,2;24,9;7,7;25,6;24,7;7,8;6,2;34;29;34;359;6,6;3,2;
2019/07/29;2000 UTC;0;915,7;915,7;915,4;558,5;23,2;8,9;24,9;23,2;8,9;7,4;40;33;40;44;6,3;1,8;
2019/07/29;2100 UTC;0;916;916;915,7;87,9;21,5;9,1;23,5;21,5;9,3;8,7;45;39;45;134;4,2;,5;
2019/07/29;2200 UTC;0;916,4;916,4;916;;19,6;9,5;21,5;19,6;9,5;9,1;52;45;52;133;3,1;,8;
2019/07/29;2300 UTC;0;916,7;916,8;916,4;;18,3;9,7;19,6;18,3;9,7;9,4;58;52;58;3;3;,5;
2019/07/30;0000 UTC;0;917;917,1;916,7;;18,5;9,7;18,6;18,3;9,8;9,5;58;56;56;227;3,2;1;
2019/07/30;0100 UTC;0;917,2;917,2;917;;18;10;18,6;17,9;10;9,6;60;56;60;335;4,1;,9;
2019/07/30;0200 UTC;0;917,1;917,3;917,1;;17,3;9,9;18;17,3;10,1;9,9;62;60;62;1;4,1;,9;
2019/07/30;0300 UTC;0;916,8;917,1;916,8;;16,8;9,9;17,3;16,7;10;9,9;64;62;64;27;3,7;1,3;
2019/07/30;0400 UTC;0;916,2;916,8;916,2;;16,7;9,6;16,8;16,4;10,1;9,6;65;63;63;90;3,3;1,6;
2019/07/30;0500 UTC;0;915,7;916,2;915,7;;16;9,2;16,7;15,9;9,6;9,2;65;63;64;49;2,9;1,2;
2019/07/30;0600 UTC;0;915,4;915,7;915,4;;15,7;8,7;16;15,7;9,2;8,7;65;63;63;74;4,3;2;
2019/07/30;0700 UTC;0;915;915,4;914,9;;16;8,1;16;15,6;8,8;8,1;64;59;59;80;4,8;2,6;
2019/07/30;0800 UTC;0;915,1;915,1;914,9;;16,3;7,9;16,3;15,9;8,1;7,8;59;57;58;75;5,7;2,9;
2019/07/30;0900 UTC;0;915,5;915,5;915,1;;16,9;7,9;17,3;16,3;7,9;7,7;58;54;55;69;5,7;3;
2019/07/30;1000 UTC;0;916,1;916,1;915,5;38,4;16,8;8,5;17,2;16,6;8,5;7,9;58;54;58;62;5,2;2,2;
2019/07/30;1100 UTC;0;916,7;916,7;916,1;308,2;18,8;9,9;18,8;16,8;9,9;8,5;59;56;56;32;4,9;2,2;
2019/07/30;1200 UTC;0;917,4;917,4;916,7;1122,4;22;10;22;18,8;10,3;9,8;56;46;47;45;6,8;2,5;
2019/07/30;1300 UTC;0;917,7;917,8;917,4;1418,5;24;10,3;24;22;10,5;9,7;47;42;42;36;7,2;2,7;
2019/07/30;1400 UTC;0;917,2;917,7;917,2;2493;25,4;9,5;25,6;23,6;10,5;8,8;43;36;37;6;8,3;4,3;
2019/07/30;1500 UTC;0;916,4;917,2;916,4;2741;26,8;9;26,9;25,1;9,6;7,9;36;31;33;5;8,3;3,1;
2019/07/30;1600 UTC;0;915,5;916,4;915,5;2610,2;27,3;7,6;28,6;26,2;9,1;7,1;32;28;29;345;6,6;1,3;
2019/07/30;1700 UTC;0;914,7;915,5;914,6;1276,2;27,1;7,5;28,8;26,3;8,2;6,8;30;27;29;251;5,9;1,3;
2019/07/30;1800 UTC;0;914,3;914,7;914,3;1460,3;27,5;6,6;28,9;26,9;7,5;5,8;29;25;27;284;5,9;1,4;
2019/07/30;1900 UTC;0;914,1;914,3;914,1;832,1;26,7;6,8;27,5;26,4;7,3;6,4;29;27;28;230;5,5;2;
2019/07/30;2000 UTC;0;914,2;914,2;914,1;693,9;27;7;28,1;26,7;7,7;6,5;29;26;28;279;4,9;1;
2019/07/30;2100 UTC;0;914,5;914,5;914,2;37;23,2;8;27;23,2;8;6,9;38;28;38;74;2,4;,5;
2019/07/30;2200 UTC;0;915;915;914,5;;19,5;10,6;23,2;19,5;10,6;8,2;56;38;56;303;2;0;
2019/07/30;2300 UTC;0;915,5;915,6;915;;19,5;10,2;19,9;19,1;10,9;9,4;58;51;55;147;2;,1;
2019/07/31;0000 UTC;0;915,8;915,8;915,5;;19,4;9,6;19,6;17,7;10,5;9,5;63;53;53;37;3,3;,9;
2019/07/31;0100 UTC;0;915,9;915,9;915,8;;19,5;9,3;20;19,4;9,6;9,1;53;50;52;54;3,1;1,6;
2019/07/31;0200 UTC;0;916;916,1;915,9;;19,5;9,4;20,5;19,1;9,6;9,1;53;48;52;132;5,1;2;
2019/07/31;0300 UTC;0;916;916;915,9;;17,7;10;19,5;17;10,2;9,2;64;52;60;128;4,3;,5;
2019/07/31;0400 UTC;0;915,6;916;915,6;;16,8;9,8;17,8;15,8;10,2;9,6;68;59;64;119;2,5;,2;
2019/07/31;0500 UTC;0;915;915,7;915;;16,3;9,8;16,8;15,5;9,9;9,4;68;63;65;79;3,5;2,1;
2019/07/31;0600 UTC;0;914,6;915;914,6;;15,7;10,1;16,4;15,7;10,2;9,6;70;65;70;45;3,2;2;
2019/07/31;0700 UTC;0;914,3;914,6;914,2;;15,1;10,4;15,7;15,1;10,6;10;73;70;73;78;3,3;,6;
2019/07/31;0800 UTC;0;914,5;914,5;914,1;;14,7;10,6;15,3;14,6;10,7;10,4;77;73;77;67;3,1;,5;
2019/07/31;0900 UTC;0;915;915;914,5;;14,4;10,5;14,7;14;10,6;10,1;79;76;78;45;1,8;1;
2019/07/31;1000 UTC;0;915,5;915,6;915;23;15,4;10,7;15,5;14,3;10,8;10,4;78;73;74;60;3,7;2;
2019/07/31;1100 UTC;0;916,1;916,1;915,5;465,6;17,9;11,5;17,9;15,4;11,8;10,7;74;66;66;19;4;1,9;
2019/07/31;1200 UTC;0;916,8;916,8;916,1;1379,2;22,6;12;22,6;17,9;12,4;11,5;66;51;51;34;4,6;1,1;
2019/07/31;1300 UTC;0;916,8;917;916,8;2051,6;25,1;10,3;25,2;22,6;12,3;10;51;38;39;33;5,1;2,2;
2019/07/31;1400 UTC;0;916,5;916,8;916,5;2594,5;26,8;8,9;26,8;24,7;10,3;8,2;39;32;32;265;5,6;1,3;
2019/07/31;1500 UTC;0;916;916,5;916;1664,9;25,7;6,5;26,8;25,2;8,8;6,2;34;29;29;231;6;3,1;
2019/07/31;1600 UTC;0;915,1;916;915,1;2389,5;26,7;6,6;27,6;25,6;8,2;6,3;31;26;28;204;7,1;4,4;
2019/07/31;1700 UTC;0;914,1;915,1;914,1;2246;27,5;6,2;28,2;26,4;7,1;5,1;28;24;26;235;7,3;3,9;
2019/07/31;1800 UTC;0;913,8;914,1;913,7;2129,2;28,6;6,3;29,2;27,2;6,5;5;26;23;24;292;7,3;1,9;
2019/07/31;1900 UTC;0;913,5;913,8;913,5;1466,5;27,2;5,5;28,8;26,8;6,4;5;26;23;25;194;8,4;1,7;
2019/07/31;2000 UTC;0;913,6;913,6;913,4;733,9;26,4;5,5;27,4;26,3;5,9;5;26;25;26;197;5,5;2,3;
2019/07/31;2100 UTC;0;913,6;913,7;913,6;73,9;23,1;5,7;26,3;23,1;6,3;5,3;33;26;32;166;3,8;1,6;
2019/07/31;2200 UTC;0;914;914;913,6;;20;6;23,1;20;6,3;5,1;40;32;40;39;2,5;,3;
2019/07/31;2300 UTC;0;914,4;914,5;914,1;;17,2;8,6;19,9;17,2;8,6;6;57;40;57;262;1,3;0;
2019/08/01;0000 UTC;0;914,7;914,7;914,4;;15,6;8,8;17,2;15,6;9;8,3;64;57;64;163;,2;0;
2019/08/01;0100 UTC;0;915;915;914,7;;15,4;7,6;15,8;15,2;8,9;7,5;64;60;60;38;,6;,1;
2019/08/01;0200 UTC;0;915;915;914,9;;17,5;7,3;17,5;14,6;8,4;7,3;66;51;51;72;4,3;2,6;
2019/08/01;0300 UTC;0;915;915,1;915;;15,4;7,9;17,9;14,6;8,3;6,5;62;49;61;15;4,3;1,3;
2019/08/01;0400 UTC;0;914,6;915;914,6;;16,1;8;16,8;15,3;8,6;7,9;62;58;59;20;2,9;1,3;
2019/08/01;0500 UTC;0;913,9;914,6;913,9;;15,9;8,5;16,3;15,3;8,7;8;63;58;62;351;2,5;,6;
2019/08/01;0600 UTC;0;913,7;913,9;913,7;;15,4;8,8;16,3;15,3;9,1;8,5;65;62;65;59;2;,8;
2019/08/01;0700 UTC;0;913,4;913,7;913,3;;15,5;9,3;16;15,2;9,5;8,8;67;65;67;54;3,6;1,7;
2019/08/01;0800 UTC;0;913,4;913,4;913,2;;15,3;9,3;15,9;15,3;9,6;9,3;68;66;68;69;3,9;1,8;
2019/08/01;0900 UTC;0;913,8;913,8;913,4;;15,3;9,3;15,8;15,2;9,6;9,1;68;66;67;61;4,3;2;
2019/08/01;1000 UTC;0;914,2;914,2;913,8;23,7;15,2;9,3;15,5;14,7;9,5;9;69;67;68;59;4,7;1,6;
2019/08/01;1100 UTC;0;914,8;914,8;914,2;484,5;18,2;10,3;18,2;15,2;10,3;9,3;68;60;60;34;3,9;1,6;
2019/08/01;1200 UTC;0;915,5;915,5;914,8;1438,3;22,7;9,2;22,7;18,1;10,6;9;60;42;42;11;7,6;3,3;
2019/08/01;1300 UTC;0;915,6;915,7;915,5;2127,7;25;8;25;22,8;9,1;8;42;34;34;26;9,9;4;
2019/08/01;1400 UTC;0;915;915,6;915;2618,1;27,2;6,9;27,3;24,9;8,5;6,6;34;28;28;18;10,1;4;
2019/08/01;1500 UTC;0;914,3;915;914,3;2862,2;27,9;6,9;28,3;26,6;7,6;6,6;30;26;26;342;9,7;5;
2019/08/01;1600 UTC;0;913,2;914,3;913,2;2790,1;28,9;6,1;29,1;27,8;7,6;5,1;28;22;24;327;10,5;4,2;
2019/08/01;1700 UTC;0;912,5;913,2;912,5;2540;28,9;6,6;29,7;28,5;6,6;4,7;25;21;24;349;9,7;4,3;
2019/08/01;1800 UTC;0;912,1;912,5;912;2126,5;29,1;5,6;30;28,8;6,8;5,1;24;22;23;342;9,7;3,5;
2019/08/01;1900 UTC;0;911,9;912,1;911,8;1480,7;29,1;6;30,1;29;6,5;5,4;24;22;23;338;7,1;3;
2019/08/01;2000 UTC;0;912,2;912,2;911,8;726,3;27,9;6,2;29,4;27,9;6,6;6;25;23;25;336;6;3,1;
2019/08/01;2100 UTC;0;912,8;912,8;912,2;74,8;24,4;7;27,9;24,4;7;6,4;33;25;33;26;6,6;1,6;
2019/08/01;2200 UTC;0;913,7;913,7;912,8;;22,3;7,5;24,4;22,3;7,5;6,9;38;33;38;60;4,5;2,1;
2019/08/01;2300 UTC;0;914,3;914,3;913,7;;22,1;7,8;22,4;21,7;7,9;7,5;41;38;40;56;4,4;1,9;
2019/08/02;0000 UTC;0;914,7;914,7;914,3;;20,8;7,9;22,5;20,8;7,9;7,6;43;38;43;56;5,3;2,2;
2019/08/02;0100 UTC;0;914,9;915;914,7;;20,2;8;20,9;20,2;8;7,9;45;43;45;61;5,7;3,1;
2019/08/02;0200 UTC;0;914,8;914,9;914,7;;18,8;8;20,6;18,8;8,2;7,9;50;44;49;52;5,7;2,3;
2019/08/02;0300 UTC;0;914,9;914,9;914,7;;19,7;7,7;19,8;18,8;8,1;7,7;50;46;46;49;5,5;2,9;
2019/08/02;0400 UTC;0;914,7;914,9;914,6;;19,5;7,8;19,7;19,3;7,9;7,7;47;46;47;61;5,5;2,3;
2019/08/02;0500 UTC;0;914,3;914,7;914,3;;19,2;7,4;19,7;19,2;7,8;7,4;47;46;46;59;4,6;2,4;
2019/08/02;0600 UTC;0;914;914,4;914;;18,1;7,1;19,5;18,1;7,5;7,1;49;45;49;74;4,5;1,3;
2019/08/02;0700 UTC;0;913,7;914;913,7;;16,9;7,7;18,2;16,8;7,9;7,3;55;49;55;78;4,2;1,7;
2019/08/02;0800 UTC;0;913,9;913,9;913,6;;16,6;8,2;17,2;16,2;8,3;7,7;59;54;58;56;4,9;2,7;
2019/08/02;0900 UTC;0;914,3;914,4;913,9;;17,2;7,9;18,3;16,4;8,3;7,8;58;51;54;59;5;2,5;
2019/08/02;1000 UTC;0;914,8;914,8;914,3;35,7;18,5;8,3;18,5;16,3;8,6;7,9;59;51;52;61;5;2,1;
2019/08/02;1100 UTC;0;915,3;915,3;914,8;485,4;21;8,7;21;18,2;8,9;8,3;52;45;45;35;6,6;2,6;
2019/08/02;1200 UTC;0;915,7;915,8;915,3;1028,4;23,2;8,8;23,2;20,8;9,5;8,5;48;40;40;20;9,8;5,4;
2019/08/02;1300 UTC;0;915,8;915,9;915,8;1929,6;26;8,6;26;22,8;9,2;8;41;33;33;20;10,5;4,7;
2019/08/02;1400 UTC;0;915,5;915,8;915,5;2485;27,8;8,9;27,8;25,9;8,9;8,1;33;30;30;15;10,2;4,4;
2019/08/02;1500 UTC;0;915,1;915,5;915,1;2498,6;29,9;7;30,3;27,2;8,7;7;31;24;24;326;10,6;4,1;
2019/08/02;1600 UTC;0;914,1;915,1;914,1;2166,5;29;6,6;30,3;28,9;7,5;6,1;25;23;24;321;10,6;2,8;
2019/08/02;1700 UTC;0;913,1;914,1;913,1;1942,9;30,1;5,9;30,8;29;7,2;5,6;25;22;22;297;8,3;2,5;
2019/08/02;1800 UTC;0;912,6;913,1;912,5;1590,6;29,5;5,6;31,3;29,2;6,8;4,8;23;20;22;253;6,6;2,6;
2019/08/02;1900 UTC;0;912,6;912,6;912,5;1148,9;29;6;30,9;28,9;6,9;5,3;24;21;23;254;7,3;1,7;
2019/08/02;2000 UTC;0;912,9;912,9;912,6;405,9;28;6,2;29,2;28;6,5;5,7;25;23;25;243;4,3;1,8;
2019/08/02;2100 UTC;0;913,2;913,3;912,9;42,4;25,2;6,6;28;25,2;6,9;6;30;25;30;165;4,4;,7;
2019/08/02;2200 UTC;0;913,6;913,7;913,2;;21,4;9,2;25,2;21,4;9,2;6,3;46;30;46;310;1,4;0;
2019/08/02;2300 UTC;0;914,1;914,2;913,6;;19,8;9,7;21,4;19,8;10,2;9,2;53;46;52;21;,7;0;
2019/08/03;0000 UTC;0;914,2;914,2;914,1;;18,5;9,8;19,8;18,4;10,1;9,5;57;52;57;200;,7;,1;
2019/08/03;0100 UTC;0;914,2;914,3;914,2;;17,1;9,8;18,5;17,1;10,1;9,6;62;56;62;317;,7;0;
2019/08/03;0200 UTC;0;914,7;914,7;914,2;;19,4;7,9;19,8;17,1;10;7,7;63;46;47;49;4,8;1,6;
2019/08/03;0300 UTC;0;914,9;914,9;914,6;;19,8;8,4;19,8;18,5;8,9;7,7;54;47;48;329;4,1;,4;
2019/08/03;0400 UTC;0;915,1;915,2;914,9;;21,1;7,9;21,1;19,2;8,7;7,8;51;43;43;215;3,4;1,9;
2019/08/03;0500 UTC;0;914,8;915,2;914,8;;19,5;9;21,2;19,5;9;7,8;51;43;51;193;4;1,3;
2019/08/03;0600 UTC;0;914,9;915;914,8;;18,7;10,1;19,6;18,7;10,1;9;58;51;58;204;2,7;1,7;
2019/08/03;0700 UTC;0;914,8;914,9;914,8;;17,9;10,7;19;17,9;10,8;10,1;63;58;63;199;3;,6;
2019/08/03;0800 UTC;0;914,7;914,9;914,5;;16,1;10,4;17,9;16,1;11;10,4;69;63;69;327;1,6;0;
2019/08/03;0900 UTC;0;915,7;915,7;914,7;;15,9;11,4;16,1;14,9;11,6;10,4;77;69;75;256;2,3;,7;
2019/08/03;1000 UTC;0;916,4;916,4;915,7;34,8;15,8;12,1;15,9;15,2;12,1;11,1;80;74;79;43;2,3;,6;
2019/08/03;1100 UTC;0;917;917;916,4;204,8;16,5;13;16,5;15,1;13;10,8;80;75;80;242;1,7;,5;
2019/08/03;1200 UTC;0;917,5;917,5;917;435;17,2;13,7;17,3;16,5;13,9;12,9;82;78;80;229;3,8;1,5;
2019/08/03;1300 UTC;0;918,1;918,2;917,5;555,9;17,1;13,6;17,4;16,7;14,1;13,2;81;79;80;230;4,9;2,1;
2019/08/03;1400 UTC;0;917,8;918,3;917,8;1058,7;18,2;13,3;18,5;16,9;14;12,9;80;73;74;239;4,3;,8;
2019/08/03;1500 UTC;0;917,2;917,9;917,2;1720,1;20;13,4;20,7;17,6;14,2;12,9;76;64;66;236;3,4;1;
2019/08/03;1600 UTC;0;915,7;917,2;915,7;1267,1;24,2;13,5;24,4;19,6;15,2;13,3;70;51;51;49;4;1,6;
2019/08/03;1700 UTC;0;915,1;915,7;915,1;2378,6;24,2;13,3;25,8;23,7;14,3;11,3;52;42;51;221;6,6;4,3;
2019/08/03;1800 UTC;0;915,5;915,5;915;1812,8;22,3;13,5;24,2;21,8;13,9;12,1;60;48;58;212;9,3;5;
2019/08/03;1900 UTC;0;916,1;916,1;915,4;1113,7;21,3;13,3;22,3;20,9;14;12,8;60;58;60;223;9,6;5,2;
2019/08/03;2000 UTC;0;916,2;916,3;916,1;550,5;20,2;13,9;21,5;20,2;13,9;12,7;67;59;67;232;8,4;4,3;
2019/08/03;2100 UTC;0;916,4;916,5;916,2;45,6;18;14,1;20,2;18;14,2;13,9;78;67;78;232;8,1;4,1;
2019/08/03;2200 UTC;0;916,7;916,7;916,4;;16,8;13,8;18;16,8;14,1;13,8;82;78;82;232;7,2;2,5;
2019/08/03;2300 UTC;0;917,3;917,3;916,7;;15,6;13,5;16,8;15,5;13,8;13,4;88;82;87;226;5,2;2,4;
2019/08/04;0000 UTC;0;917,4;917,4;917,2;;15,2;13,3;15,5;15,2;13,5;13,3;89;87;88;220;3,9;,8;
2019/08/04;0100 UTC;0;917,8;917,8;917,4;;15,1;13,1;15,3;15;13,4;13,1;89;88;88;296;1,8;,7;
2019/08/04;0200 UTC;0;917,8;917,9;917,8;;15,1;13,1;15,3;15;13,3;13;89;87;87;327;1,6;,5;
2019/08/04;0300 UTC;0;917,5;917,8;917,5;;15;13,1;15,1;14,8;13,2;12,9;89;87;88;323;1,6;,1;
2019/08/04;0400 UTC;0;917,1;917,6;917,1;;15,2;13,3;15,4;15;13,5;13,1;89;88;88;201;1,6;,8;
2019/08/04;0500 UTC;0;916,7;917,1;916,6;;14,9;13,2;15,2;14,8;13,4;13;89;88;89;224;1,9;,2;
2019/08/04;0600 UTC;0;916,5;916,8;916,4;;15;13,2;15,1;14,7;13,3;13;90;89;90;204;1,4;,6;
2019/08/04;0700 UTC;0;916,5;916,7;916,4;;14,4;13,2;15;14,2;13,2;12,8;93;89;93;231;3,2;,3;
2019/08/04;0800 UTC;0;916,2;916,6;916,2;;14,5;13,4;14,7;14,2;13,6;13,1;93;93;93;54;2,4;1,1;
2019/08/04;0900 UTC;0;916,7;916,7;916,1;;14,8;13,2;14,9;14,5;13,6;13,2;93;90;90;95;2,4;,8;
2019/08/04;1000 UTC;0;917,4;917,5;916,6;40,8;15,6;13,2;15,6;14,7;13,2;13;90;86;86;149;2;,5;
2019/08/04;1100 UTC;0;918,6;918,6;917,4;178;14,5;13,2;15,6;14,3;13,3;12,9;92;85;92;181;3,1;1,7;
2019/08/04;1200 UTC;0;919,4;919,4;918,5;429,8;15,4;13,5;15,6;14,4;14;13,2;93;89;89;183;3;1,5;
2019/08/04;1300 UTC;0;920,1;920,1;919,4;822,7;16,5;13,8;16,5;15,1;13,9;13,2;89;84;84;202;5,2;3,2;
2019/08/04;1400 UTC;0;920,1;920,2;920;1131;17,5;14;17,5;16,2;14;13,4;84;79;80;191;5,6;2,3;
2019/08/04;1500 UTC;0;919,9;920,3;919,9;1273,2;18,2;13,7;18,4;17,3;14,2;13,4;79;75;75;193;8,4;3,7;
2019/08/04;1600 UTC;0;919,6;920;919,5;865;17,9;13,6;18,7;17,7;14,3;13,4;77;74;76;205;8;3,2;
2019/08/04;1700 UTC;0;919,2;919,6;919,2;399,2;17,6;13,5;18,3;17,4;13,9;13,2;77;75;77;182;7,3;3,3;
2019/08/04;1800 UTC;0;918,5;919,2;918,5;353,8;17,4;13,3;17,8;17,3;13,6;13,2;77;76;77;172;8,3;3,8;
2019/08/04;1900 UTC;0;919,4;919,8;918,5;155,7;15,8;13,6;17,4;15,7;13,6;13;87;77;87;153;7,9;2,8;
2019/08/04;2000 UTC;0;919,4;920,5;919,4;185,3;15,7;13,6;15,8;15,3;13,9;13,5;90;87;87;154;9,1;4,8;
2019/08/04;2100 UTC;0;920,5;920,5;919,4;89,8;15,2;12,8;15,7;15,2;13,6;12,8;89;85;85;156;10,5;3,2;
2019/08/04;2200 UTC;0;920,3;920,6;920,1;;15,1;11,1;15,3;14,9;12,7;11,1;85;77;77;145;8,3;3,7;
2019/08/04;2300 UTC;0;920,6;920,6;920,3;;13,8;11,2;15,1;13,6;11,2;10,8;85;77;85;146;6,3;,5;
2019/08/05;0000 UTC;0;920,8;920,8;920,6;;14,1;11,1;14,1;13,5;11,6;10,9;85;83;83;134;3,1;1,3;
2019/08/05;0100 UTC;0;920,7;920,9;920,6;;13,4;11,4;14,2;13;11,4;10,6;88;82;88;100;3,1;1;
2019/08/05;0200 UTC;0;920,9;921;920,5;;14,3;11,6;14,3;13,3;11,7;11,2;88;83;83;129;5,1;1,2;
2019/08/05;0300 UTC;0;921;921,1;920,8;;14,5;11,3;14,5;14,2;11,6;11,2;83;81;81;114;6,5;2,6;
2019/08/05;0400 UTC;0;920,5;921;920,5;;14,5;10,5;14,5;14,1;11,3;10,5;81;77;77;109;7,7;3,6;
2019/08/05;0500 UTC;0;920,6;920,6;920,2;;14,7;10,6;14,7;14,5;10,7;10,6;78;77;77;130;8,7;2,6;
2019/08/05;0600 UTC;0;920,6;921;920,2;;14,8;10,4;14,9;14,7;10,7;10,4;77;75;75;113;10,4;4,3;
2019/08/05;0700 UTC;0;920,3;920,6;920,2;;14;11,1;14,8;13,9;11,2;10,3;83;75;83;161;9;,8;
2019/08/05;0800 UTC;0;921,2;921,2;920,2;;13,6;11,6;14;13,6;11,6;11,1;88;83;88;233;5,6;,8;
2019/08/05;0900 UTC;3,2;921,5;921,8;921,2;;13;11,8;13,6;13;12;11,6;92;88;92;160;4,7;2,1;
2019/08/05;1000 UTC;0;922;922;921,5;2,7;13,1;11,8;13,1;12,9;11,9;11,7;93;92;92;153;5,9;2,7;
2019/08/05;1100 UTC;0;922,5;922,5;921,8;41;12,8;11,6;13,1;12,8;11,8;11,5;92;92;92;145;8,2;3,8;
2019/08/05;1200 UTC;0;923,5;923,5;922,5;96,2;12,8;11,5;12,9;12,8;11,7;11,5;92;91;92;146;8,2;3,7;
2019/08/05;1300 UTC;0;924;924,1;923,5;272;13,2;11,2;13,2;12,8;11,6;11,1;92;88;88;146;8,3;4,5;
2019/08/05;1400 UTC;0;923,5;924,1;923,5;746,8;14,3;11,5;14,4;13,2;11,8;11,2;88;83;83;145;7,8;4,3;
2019/08/05;1500 UTC;0;922,3;923,5;922,3;1653,1;17,1;12,3;17,1;14,3;12,9;11,6;84;73;73;142;7,9;3,9;
2019/08/05;1600 UTC;0;921,6;922,3;921,6;1751;19,7;11,9;19,7;16,8;12,8;11,6;74;60;61;115;7,1;4;
2019/08/05;1700 UTC;0;920,9;921,6;920,9;1554,1;20,8;11,4;21;18,2;12,6;11,1;67;53;55;64;7,9;2,1;
2019/08/05;1800 UTC;0;920,3;920,9;920,2;1337,2;21,9;11,8;22,1;20,8;12,3;11,3;56;52;53;51;7,9;2,3;
2019/08/05;1900 UTC;0;920,4;920,4;920,1;1185;22;11,5;22,3;21,3;11,9;11,3;54;51;51;59;8,5;2,6;
2019/08/05;2000 UTC;0;920,9;920,9;920,4;253;20,2;11,7;22;20,2;11,8;11,2;58;51;58;108;7;,4;
2019/08/05;2100 UTC;0;921;921,1;920,8;40,7;18,9;11,6;20,2;18,9;11,8;11,5;63;58;63;154;2,5;,5;
2019/08/05;2200 UTC;0;921,5;921,5;921;;16,7;11,6;18,9;16,7;11,7;11,4;72;63;72;128;2,7;,5;
2019/08/05;2300 UTC;0;921,6;921,7;921,4;;16,8;11,5;17;16,1;11,7;11,5;74;71;71;102;2,7;,8;
2019/08/06;0000 UTC;0;921,7;921,8;921,6;;16,6;11,6;16,8;16,4;11,6;11,4;72;71;72;118;4,6;1,5;
2019/08/06;0100 UTC;0;921,9;921,9;921,6;;16,2;11,5;16,8;16,2;11,7;11,5;74;72;74;132;3,2;,9;
2019/08/06;0200 UTC;0;921,7;921,9;921,6;;15,5;11,5;16,2;15,5;11,7;11,3;77;74;77;264;3,5;,3;
2019/08/06;0300 UTC;0;921,4;921,7;921,4;;15,4;11,6;15,8;15,1;11,9;11,5;79;77;78;166;4;,7;
2019/08/06;0400 UTC;0;920,7;921,4;920,7;;15,9;11,4;16,1;15,4;11,8;11,3;78;75;75;34;10;2,6;
2019/08/06;0500 UTC;0;920,4;920,7;920,3;;15,7;11,1;16;15,7;11,4;11,1;75;74;74;40;11,3;2,3;
2019/08/06;0600 UTC;0;920,5;920,5;920,3;;15,6;11;15,8;15,5;11,2;10,9;75;74;74;43;7,5;1,7;
2019/08/06;0700 UTC;0;920,3;920,7;920,3;;15,2;11;15,7;15,2;11,1;10,9;76;74;76;43;7,1;1,5;
2019/08/06;0800 UTC;0;920,5;920,6;920,3;;15,1;11,1;15,4;15;11,1;11;77;75;77;84;7,5;1,5;
2019/08/06;0900 UTC;0;921,3;921,4;920,5;;14,9;11,1;15,2;14,8;11,1;11;78;77;78;66;7,2;2,3;
2019/08/06;1000 UTC;0;921,5;921,5;921,3;18,8;15,3;11,4;15,3;14,8;11,4;11,1;78;77;77;87;7,7;1,8;
2019/08/06;1100 UTC;0;922,2;922,2;921,5;541,7;17,6;11,9;17,6;15,3;11,9;11,4;77;69;69;91;6,8;2,6;
2019/08/06;1200 UTC;0;922,8;922,8;922,2;1475,8;19,4;12,5;19,4;17,6;12,5;11,9;69;63;64;51;8,1;3,2;
2019/08/06;1300 UTC;0;922,9;923;922,7;1206;20,8;12,2;20,9;19,2;12,6;11,9;64;58;58;41;12,3;4,4;
2019/08/06;1400 UTC;0;923,1;923,1;922,8;1570,2;20,8;12;21,3;20,4;12,4;11,8;59;56;57;26;12,2;6,6;
2019/08/06;1500 UTC;0;922,5;923,1;922,5;1475,7;21,8;12,4;21,9;20,5;12,7;11,8;58;55;55;36;12,6;4,8;
2019/08/06;1600 UTC;0;922,2;922,6;922,2;1114,4;20,9;12,3;21,8;20,9;12,6;12;58;55;58;48;9,8;3,4;
2019/08/06;1700 UTC;0;921,1;922,2;921,1;942;21,8;12,2;21,9;20,8;12,5;12;58;54;54;33;9,1;3,8;
2019/08/06;1800 UTC;0;920,7;921,1;920,7;1356,8;22;12,4;22,8;21,6;12,6;11,9;55;52;55;41;9,6;2,7;
2019/08/06;1900 UTC;0;920,8;920,8;920,7;742,9;21,6;12,4;22,4;21,3;12,6;12,1;57;53;56;43;8;2,5;
2019/08/06;2000 UTC;0;920,7;920,8;920,6;370,9;20,7;12,3;21,6;20,7;12,4;12,2;59;56;59;37;8,4;3;
2019/08/06;2100 UTC;0;920,6;920,8;920,6;78,8;19,2;12,2;20,7;19,2;12,4;12,2;64;59;64;40;8,1;1,5;
2019/08/06;2200 UTC;0;920,8;920,8;920,4;;17,8;12;19,2;17,8;12,2;12;69;64;69;31;5,5;1;
2019/08/06;2300 UTC;0;920,9;921;920,7;;17,3;12,3;17,8;17;12,3;12;73;69;73;341;3,5;,7;
2019/08/07;0000 UTC;0;921,6;921,6;920,9;;16,3;12,1;17,3;16,1;12,3;11,8;77;72;76;164;3,3;,4;
2019/08/07;0100 UTC;0;921,9;921,9;921,6;;15,9;12,1;16,6;15,6;12,4;11,9;79;76;78;114;2;,8;
2019/08/07;0200 UTC;0;921,5;922;921,5;;15;11,9;16,3;15;12,4;11,7;82;77;82;292;2;,1;
2019/08/07;0300 UTC;0;921,3;921,5;921,3;;16,1;12,5;16,1;15;12,5;11,7;82;79;79;8;3;,8;
2019/08/07;0400 UTC;0;921,1;921,4;920,9;;16,6;12,7;16,6;16,1;12,7;12,3;79;77;78;3;5;1,3;
2019/08/07;0500 UTC;0;920,5;921,1;920,5;;16,2;12,6;16,8;16,2;12,7;12,6;79;77;79;33;6,5;1,9;
2019/08/07;0600 UTC;0;920,4;920,5;920,2;;15,4;12,5;16,2;15,4;12,7;12,5;83;79;83;192;5,3;,8;
2019/08/07;0700 UTC;0;920,2;920,4;920,1;;16,5;13,2;16,6;15,3;13,4;12,6;84;81;81;119;7,6;1,8;
2019/08/07;0800 UTC;0;920,4;920,4;920,1;;16,6;13,3;16,7;16,3;13,4;13,2;82;81;81;30;8;1,9;
2019/08/07;0900 UTC;0;921;921;920,4;;16,4;13,4;16,7;16,3;13,5;13,3;83;81;83;45;8,4;1,6;
2019/08/07;1000 UTC;0;921,9;921,9;920,9;35,4;16,6;13,6;16,6;16,1;13,6;13,3;84;82;82;31;6,4;2,9;
2019/08/07;1100 UTC;0;922;922,1;921,9;365,3;18,2;14;18,2;16,6;14;13,6;82;76;76;30;8,2;3,3;
2019/08/07;1200 UTC;0;922,7;922,7;922;1593,8;20,2;13,8;20,2;18,2;14,2;13,5;76;66;67;32;12,4;5,5;
2019/08/07;1300 UTC;0;923,1;923,1;922,6;2193,2;21,7;13,8;21,7;20,2;14,1;13,4;66;61;61;34;12,7;4,5;
2019/08/07;1400 UTC;0;922,9;923,2;922,8;2671,5;23,8;13,9;23,8;21,6;14;13,3;61;53;54;20;11,2;5,1;
2019/08/07;1500 UTC;0;922,4;922,9;922,4;2006,3;23,6;13,3;24,2;22,9;13,9;12,8;55;51;52;12;10,5;4,6;
2019/08/07;1600 UTC;0;921,5;922,4;921,5;2568,9;25,2;12,2;25,6;23,1;13,4;11,9;53;44;44;34;10,5;4,3;
2019/08/07;1700 UTC;0;920,5;921,5;920,5;2548,8;26,3;12,3;26,4;23,9;12,7;11,3;47;41;42;30;9,8;3,8;
2019/08/07;1800 UTC;0;920;920,6;920;1964,9;26;11,8;26,7;24,7;12,4;11,1;45;40;41;4;9,5;3,6;
2019/08/07;1900 UTC;0;919,7;920;919,7;1375,5;25,5;11,3;26,3;24,5;12;10,5;43;39;41;26;9,6;3,5;
2019/08/07;2000 UTC;0;919,8;919,8;919,7;837,6;24,3;10,9;25,7;24,3;11,4;10,6;43;41;43;39;7,7;2,6;
2019/08/07;2100 UTC;0;920,1;920,1;919,8;105,9;21,5;11,5;24,3;21,5;11,5;10,9;53;43;53;95;6,7;1;
2019/08/07;2200 UTC;0;920,4;920,4;920;;19,1;11,7;21,5;19,1;11,7;11,4;62;53;62;119;4,1;,3;
2019/08/07;2300 UTC;0;920,8;920,8;920,4;;18;12,2;19,1;18;12,2;11,7;69;62;69;13;3,5;,8;
2019/08/08;0000 UTC;0;920,8;920,9;920,7;;17,2;12,4;18;17,2;12,7;12,2;73;69;73;6;2,6;,6;
2019/08/08;0100 UTC;0;921;921;920,8;;16,7;12,5;17,3;16,5;12,8;12,3;77;73;76;68;3,4;1,9;
2019/08/08;0200 UTC;0;921;921,1;920,9;;16,1;12,2;16,8;16,1;12,5;12,1;77;76;77;70;4,1;1,5;
2019/08/08;0300 UTC;0;920,9;921;920,9;;16;12,2;16,2;15,9;12,2;12,1;78;77;78;75;3,6;1,5;
2019/08/08;0400 UTC;0;920,7;921;920,7;;15,9;12;16,1;15,5;12,2;11,9;80;78;78;67;3,7;1,7;
2019/08/08;0500 UTC;0;920,3;920,7;920,3;;15,5;11,9;15,9;15,4;12;11,8;80;78;79;73;4,2;1,9;
2019/08/08;0600 UTC;0;920,1;920,4;920,1;;15,4;11,7;15,5;15,2;12;11,7;80;79;79;76;4,1;2;
2019/08/08;0700 UTC;0;920,1;920,1;919,9;;14,4;11,3;15,4;14,4;11,7;11,3;82;79;82;63;3,6;1,6;
2019/08/08;0800 UTC;0;919,9;920;919,9;;14,2;11,6;14,6;14;11,6;11,3;85;82;84;57;3;1,3;
2019/08/08;0900 UTC;0;920,5;920,5;919,9;;14,8;11,9;15;14,2;12,1;11,6;85;82;83;44;2,7;1,2;
2019/08/08;1000 UTC;0;921,3;921,3;920,5;26,5;15,2;12,4;15,2;14,2;12,4;11,6;85;82;84;84;4;1,2;
2019/08/08;1100 UTC;0;921,9;921,9;921,3;460;18,6;13,5;18,6;15,2;13,5;12,4;84;72;72;44;4,1;1,7;
2019/08/08;1200 UTC;0;922,4;922,4;921,9;1509,7;21,4;14,3;21,4;18,6;14,5;13,4;72;64;64;39;5,7;2,2;
2019/08/08;1300 UTC;0;922,4;922,5;922,4;2188;23,6;14,1;23,6;21,1;14,6;13,9;65;55;55;41;6,1;2,7;
2019/08/08;1400 UTC;0;921,6;922,4;921,6;2695,8;25,6;11,9;25,7;23,5;14,1;11,4;55;41;42;6;6,7;2,3;
2019/08/08;1500 UTC;0;920,7;921,6;920,7;2768,3;26,3;10,5;27;25;11,9;9,9;43;35;37;341;6,8;2,7;
2019/08/08;1600 UTC;0;919,7;920,7;919,7;2995,5;27,8;9,9;28,2;26,4;10,8;9,2;37;32;33;1;6,2;1,5;
2019/08/08;1700 UTC;0;918,6;919,7;918,6;2305,4;27,8;10,4;28,7;26,7;10,6;9,3;35;31;34;90;5,1;1,3;
2019/08/08;1800 UTC;0;918,1;918,6;918,1;1299,8;26,8;9,2;28,8;26,7;10,3;9;34;30;33;360;6;2,4;
2019/08/08;1900 UTC;0;917,9;918,1;917,8;1648,6;27,9;9,5;29,2;26,8;10;9;33;30;32;13;5,1;2,2;
2019/08/08;2000 UTC;0;917,9;918;917,8;842,2;26,9;8,9;28,5;26,9;9,8;8,8;33;30;32;28;6,1;2,1;
2019/08/08;2100 UTC;0;918,2;918,2;917,9;104,8;23,4;10,7;27,1;23,4;10,7;9;45;32;45;77;4,2;,3;
2019/08/08;2200 UTC;0;918,6;918,6;918,2;;21,9;11,1;23,4;21,9;11,1;10,6;50;45;50;100;2,2;1,3;
2019/08/08;2300 UTC;0;919,1;919,1;918,6;;21,2;11,4;21,9;21;11,5;11;54;50;54;80;3,6;1,8;
2019/08/09;0000 UTC;0;919,2;919,2;919,1;;19,3;11,9;21,1;19;12;11,4;63;54;62;29;3,6;,9;
2019/08/09;0100 UTC;0;919,2;919,3;919,1;;19,4;12,3;19,4;18,7;12,4;11,9;65;62;64;81;4,2;1,8;
2019/08/09;0200 UTC;0;919;919,2;918,9;;19,5;12,2;20,1;19,1;12,7;12,2;65;62;63;84;5,1;2,6;
2019/08/09;0300 UTC;0;919,2;919,3;919;;17,6;12,4;19,5;17,3;12,7;11,9;72;63;72;51;4,5;1,6;
2019/08/09;0400 UTC;0;919;919,2;918,9;;17,6;12,5;17,9;17,1;12,6;12,3;74;71;72;66;4;1,9;
2019/08/09;0500 UTC;0;918,8;919;918,8;;17,3;12,4;17,6;16,9;12,5;12,2;74;72;73;74;4,3;2,2;
2019/08/09;0600 UTC;0;918,5;918,8;918,5;;17,4;12,4;17,5;17;12,4;12,2;74;72;72;58;4,1;1,4;
2019/08/09;0700 UTC;0;918,3;918,5;918,3;;17,1;12,3;17,4;16,8;12,3;12,1;74;72;73;62;3,8;1,2;
2019/08/09;0800 UTC;0;918,5;918,5;918,3;;16,2;12;17,2;16,2;12,3;11,9;76;73;76;11;3,7;,7;
2019/08/09;0900 UTC;0;919;919;918,4;;15,8;12,2;17,3;15,6;12,5;11,9;80;73;80;39;4,3;,6;
2019/08/09;1000 UTC;0;919,2;919,2;919;29,5;16,1;12,7;16,1;15,7;12,7;12,1;81;79;80;84;2,8;,8;
2019/08/09;1100 UTC;0;919,6;919,6;919,2;455;20,1;13,9;20,1;16,1;14;12,6;80;67;67;6;6,3;2,5;
2019/08/09;1200 UTC;0;919,9;920;919,6;1505,1;23;13,8;23;20,1;14,2;13,8;67;56;56;7;7,9;4,4;
2019/08/09;1300 UTC;0;919,6;920;919,6;2179,9;24,3;13,6;24,6;23;14,1;13,5;57;51;51;11;10,1;4,5;
2019/08/09;1400 UTC;0;919,1;919,6;919,1;2687,6;25,4;13,1;26,5;24,2;14;13;52;45;47;22;8,5;3,4;
2019/08/09;1500 UTC;0;918,3;919,1;918,3;2895,1;25,8;11,7;27,5;25,4;13,5;11,7;47;40;41;17;9;3,5;
2019/08/09;1600 UTC;0;917,2;918,3;917,2;2720,7;27,9;11,6;28,5;25,4;12,9;11,1;43;35;36;22;8,8;3,3;
2019/08/09;1700 UTC;0;916,2;917,2;916,2;2450,5;28,1;9,1;29,4;27;11,4;8,5;37;28;30;355;7,3;3,1;
2019/08/09;1800 UTC;0;915,8;916,2;915,7;2340,5;28,8;9,3;29,5;27,7;9,4;7,9;31;26;30;348;6,9;3,1;
2019/08/09;1900 UTC;0;915,6;915,8;915,6;1619,9;28,4;9,1;29,2;27,9;9,6;7,7;31;27;30;16;6,4;2,5;
2019/08/09;2000 UTC;0;916;916;915,6;720,8;26,7;9,7;29,2;26,7;10,6;9;35;30;34;360;6,1;2,1;
2019/08/09;2100 UTC;0;916,5;916,5;916;52,5;24;10,6;26,7;24;10,6;9,6;43;34;43;36;5,3;1;
2019/08/09;2200 UTC;0;916,9;916,9;916,5;;22,3;11,2;24;22,2;11,2;10,6;50;43;50;47;4;2;
2019/08/09;2300 UTC;0;917,3;917,3;916,9;;20;11,6;22,3;20;11,6;11,2;58;50;58;47;4,6;2,3;
2019/08/10;0000 UTC;0;917,7;917,7;917,3;;20,8;11,4;21,2;19,9;11,9;11,4;59;54;55;59;5,4;2,6;
2019/08/10;0100 UTC;0;917,9;917,9;917,7;;20;11,5;20,9;20;11,6;11,4;58;55;58;63;4,8;2,8;
2019/08/10;0200 UTC;0;918,1;918,1;917,9;;19,4;11,6;20;18,8;11,6;11,3;63;58;61;52;5,3;2,3;
2019/08/10;0300 UTC;0;918;918,1;918;;18;11,4;19,7;18;11,6;11,2;65;59;65;51;4,8;1,5;
2019/08/10;0400 UTC;0;917,7;918,1;917,7;;18,1;11,4;18,9;18;11,7;11,4;66;63;65;52;4,4;2,5;
2019/08/10;0500 UTC;0;917,4;917,7;917,4;;18,3;11,4;18,3;17;11,7;11,3;70;64;64;56;4,3;2,2;
2019/08/10;0600 UTC;0;917,3;917,5;917,2;;15,7;11,4;18,6;15,6;11,5;10,7;76;63;76;277;4,2;,1;
2019/08/10;0700 UTC;0;917,1;917,3;917,1;;15,7;11,1;16,2;15,3;11,4;10,9;76;72;74;39;2,6;,9;
2019/08/10;0800 UTC;0;917,2;917,2;917;;15,7;10,8;16,2;15,4;11,2;10,8;74;71;73;52;2,7;1,3;
2019/08/10;0900 UTC;0;918;918;917,2;;15,7;10,8;16;15,5;11;10,7;73;72;73;41;3,6;1,6;
2019/08/10;1000 UTC;0;918,6;918,6;918;34,7;16,1;11;16,2;15,7;11,1;10,8;73;71;72;32;3,4;1,7;
2019/08/10;1100 UTC;0;919,3;919,3;918,6;482;19,9;12,4;19,9;16,1;12,4;11;72;62;62;41;3,9;1,1;
2019/08/10;1200 UTC;0;919,5;919,5;919,2;1550,4;23,8;12,4;23,8;19,9;13;12,3;62;49;49;19;8,2;4,6;
2019/08/10;1300 UTC;0;919,5;919,6;919,5;2230,1;25,6;12,3;25,8;23,7;12,8;12,2;49;43;44;18;8,9;4,8;
2019/08/10;1400 UTC;0;918,9;919,5;918,8;2708,4;27,7;10,7;27,7;25,5;12,8;9,5;44;33;35;356;8,5;3,6;
2019/08/10;1500 UTC;0;918,2;918,9;918,2;2765,3;28,3;7,1;29,2;26,8;10,5;6,2;35;24;26;319;7,7;1,3;
2019/08/10;1600 UTC;0;917,4;918,2;917,4;2305,1;29,3;6,9;30,3;27;8,8;6,4;30;24;24;302;7;3;
2019/08/10;1700 UTC;0;916,6;917,4;916,6;2637,8;29,6;6,3;30,5;28,5;8,3;6,1;27;23;23;287;6,6;1,3;
2019/08/10;1800 UTC;0;916;916,6;915,9;1770,5;29,6;6;30,4;27,7;6,8;5,3;26;22;23;207;4,8;1,4;
2019/08/10;1900 UTC;0;916,2;916,2;915,9;1714,6;29,2;5,1;30,5;28,9;6,1;4,1;23;20;22;247;7,9;2,3;
2019/08/10;2000 UTC;0;916,6;916,6;916,2;339,9;27,6;6,6;29,3;27,2;6,7;4,8;27;21;26;200;4,7;1,1;
2019/08/10;2100 UTC;0;916,8;916,8;916,6;81;25,1;6,5;27,6;25,1;7,4;6,5;31;26;30;151;2,9;1,4;
2019/08/10;2200 UTC;0;917,3;917,3;916,8;;21,9;7,7;25,1;21,9;7,7;6,4;40;30;40;56;2,1;,8;
2019/08/10;2300 UTC;0;917,9;917,9;917,3;;19,2;10,2;21,9;18,9;10,4;7,8;57;40;56;61;2;,2;
2019/08/11;0000 UTC;0;918,2;918,2;917,8;;20,9;7,1;21,1;18,8;9,9;7,1;56;41;41;69;3,6;2,5;
2019/08/11;0100 UTC;0;918,2;918,3;918,2;;20,4;7;21,4;20,3;7,1;6,7;42;39;42;74;3,7;2,3;
2019/08/11;0200 UTC;0;918,2;918,3;918,2;;19,7;7,8;20,9;19,6;7,8;7;46;41;46;72;4,1;2,1;
2019/08/11;0300 UTC;0;917,9;918,2;917,9;;19,7;8,2;20,2;19,3;8,2;7,8;49;45;48;70;3,7;2,2;
2019/08/11;0400 UTC;0;917,6;917,9;917,6;;18,3;8,4;20;18,3;8,5;8;52;47;52;59;3,7;2;
2019/08/11;0500 UTC;0;917,3;917,6;917,3;;17,9;8,8;18,3;17,4;9,1;8,4;57;52;55;70;3,9;2,1;
2019/08/11;0600 UTC;0;917;917,3;917;;17,8;9,4;18;17,2;9,4;8,8;59;55;58;62;4,4;2,3;
2019/08/11;0700 UTC;0;916,9;917;916,9;;18,4;10;18,5;17,7;10;9;58;55;58;79;4,7;2,3;
2019/08/11;0800 UTC;0;917;917;916,9;;18,4;10,4;18,6;17,8;10,5;9,8;61;58;60;81;4,7;2,2;
2019/08/11;0900 UTC;0;917,5;917,5;917;;18,4;10,4;18,6;18,1;10,6;10,2;61;59;60;85;5,9;2,6;
2019/08/11;1000 UTC;0;918,1;918,1;917,5;33,7;17,1;10,6;18,5;17;10,7;9,9;65;59;65;57;4,6;2,4;
2019/08/11;1100 UTC;0;918,6;918,6;918,1;473,4;20,5;11,4;20,5;17,1;11,7;10,4;65;56;56;42;4,4;1,6;
2019/08/11;1200 UTC;0;919;919;918,6;1515,3;25,6;11,7;25,6;20,5;12,3;11,2;56;42;42;12;3,5;1,4;
2019/08/11;1300 UTC;0;919,1;919,2;919;2195,5;27,3;10,5;27,4;25,6;11,7;10,5;42;35;35;40;7,7;2,7;
2019/08/11;1400 UTC;0;918,5;919,1;918,5;2693,2;29;7,4;29,2;27;10,7;7,4;36;26;26;30;8,4;2,2;
2019/08/11;1500 UTC;0;917,7;918,5;917,7;2958,1;28,9;6,6;29,9;28,4;8,7;5,6;29;23;25;352;6,6;1,7;
2019/08/11;1600 UTC;0;916,7;917,8;916,7;2870,5;29,9;7,5;30,7;28,9;7,9;6,2;26;23;25;24;8,3;2,9;
2019/08/11;1700 UTC;0;915,9;916,7;915,9;2600,1;30,7;7,2;31;29,5;8,2;6,8;25;23;23;58;10;2,8;
2019/08/11;1800 UTC;0;915,3;915,9;915,2;2175,5;30,6;7,3;31,4;30;8,1;6,8;24;22;23;358;9,7;2,5;
2019/08/11;1900 UTC;0;915,2;915,3;915,1;1579,2;30,1;6,4;31,3;30,1;7,8;6,1;24;22;23;18;7,5;2,4;
2019/08/11;2000 UTC;0;915,5;915,5;915,2;755;28,8;7,3;30,6;28,8;7,3;6,3;26;22;26;56;5,3;1,5;
2019/08/11;2100 UTC;0;915,8;915,8;915,5;49,9;25;8,3;28,8;25;8,4;7,3;35;26;35;66;3,7;,8;
2019/08/11;2200 UTC;0;916,2;916,2;915,8;;23,7;8,9;25;23,2;9,5;8,3;42;35;39;63;3,1;1,3;
2019/08/11;2300 UTC;0;916,9;916,9;916,2;;22,5;9,6;23,7;22,2;9,6;8,9;44;39;44;146;4,4;,5;
2019/08/12;0000 UTC;0;917,3;917,3;916,9;;21,6;9,7;22,7;21,2;10;9,5;49;43;47;184;3,2;,8;
2019/08/12;0100 UTC;0;917,3;917,3;917,3;;20,8;9,9;21,6;20,8;9,9;9,7;50;47;50;205;4,4;1;
2019/08/12;0200 UTC;0;917,3;917,4;917,3;;20,7;10,1;20,9;20,7;10,1;9,9;51;50;51;221;3,7;1,1;
2019/08/12;0300 UTC;0;917,1;917,3;917,1;;20,4;10,1;21;20,4;10,2;10;52;50;52;332;5,4;,9;
2019/08/12;0400 UTC;0;916,5;917,1;916,5;;19,8;10,1;20,7;19,8;10,2;10;54;51;54;318;5,8;1,1;
2019/08/12;0500 UTC;0;916,4;916,5;916,4;;19;10,1;20;19;10,3;10,1;57;53;56;30;3,2;1,6;
2019/08/12;0600 UTC;0;916,3;916,4;916,1;;18,2;10,1;19;17,8;10,2;10,1;61;56;59;45;3,2;,8;
2019/08/12;0700 UTC;0;915,9;916,3;915,9;;18,2;10,2;18,5;17,7;10,3;10;61;59;60;346;3,2;1,5;
2019/08/12;0800 UTC;0;916,1;916,1;915,8;;17,7;10,4;18,2;17,6;10,5;10,1;62;60;62;23;2,9;1,2;
2019/08/12;0900 UTC;0;916,7;916,7;916,1;;17,3;10,5;17,7;17,3;10,6;10,4;64;62;64;57;2,9;1,3;
2019/08/12;1000 UTC;0;917,1;917,1;916,7;34;17,4;11;17,6;16,6;11,1;10,4;68;64;66;357;2,6;,4;
2019/08/12;1100 UTC;0;917,7;917,7;917,1;483,3;22,8;10,7;22,8;17,4;11,6;10,7;67;47;47;54;7,4;2,4;
2019/08/12;1200 UTC;0;918,5;918,5;917,7;1536,6;25,1;9,9;25,1;22,8;10,9;9,7;47;38;38;32;8,7;3,3;
2019/08/12;1300 UTC;0;918,6;918,8;918,4;2223,8;26,9;9,9;26,9;24,9;10,1;9,1;38;34;34;31;10,1;3,2;
2019/08/12;1400 UTC;0;918;918,6;918;2724,1;28,4;9,3;28,4;26,8;9,9;8,4;34;30;30;31;10,3;4,1;
2019/08/12;1500 UTC;0;917,4;918;917,3;2934,1;28,7;8,8;29,2;27,8;9;8,1;30;28;29;17;9,7;3,1;
2019/08/12;1600 UTC;0;916,4;917,4;916,4;2874,6;29,5;8,2;30,1;28,2;9;7,8;29;26;26;65;8;3,6;
2019/08/12;1700 UTC;0;915,5;916,4;915,5;2598,4;30;7,6;30,8;29,3;8,4;7;26;24;25;15;7,2;2,3;
2019/08/12;1800 UTC;0;914,7;915,5;914,7;2178,4;30,3;7,8;30,8;29,4;8,2;7;25;24;24;311;6;1,2;
2019/08/12;1900 UTC;0;914,5;914,7;914,4;1552,9;29,5;7,7;30,9;29,5;8,3;7,5;26;24;25;2;5,8;1,8;
2019/08/12;2000 UTC;0;914,6;914,6;914,4;791,5;29;8,3;30,3;28,9;8,4;7,5;27;25;27;5;4;1,7;
2019/08/12;2100 UTC;0;915;915;914,6;98,1;25,1;9,4;29;25,1;9,5;8;37;27;37;83;3;,6;
2019/08/12;2200 UTC;0;915,6;915,6;915;;23,1;9,4;26,6;23,1;9,6;8,2;42;31;42;71;3,3;1;
2019/08/12;2300 UTC;0;916,4;916,4;915,6;;22,1;9,5;23,6;22,1;10,5;9,3;47;41;45;56;3,3;2,3;
2019/08/13;0000 UTC;0;916,4;916,5;916,4;;22,3;10;22,6;22;10;9,5;46;44;46;82;3,4;1,4;
2019/08/13;0100 UTC;0;916,8;916,8;916,4;;21;10,8;22,3;20,8;10,9;10,1;53;46;52;59;4,6;1,1;
2019/08/13;0200 UTC;0;916,7;916,8;916,7;;20;10,9;21;19,5;11;10,5;57;52;56;351;4,1;,5;
2019/08/13;0300 UTC;0;916,7;916,8;916,7;;19,4;10,6;20,2;19;11;10,6;58;55;57;62;3,1;1,4;
2019/08/13;0400 UTC;0;916,2;916,7;916,2;;19,7;9,9;19,9;19,1;10,6;9,9;57;53;53;80;4,3;1,8;
2019/08/13;0500 UTC;0;915,8;916,2;915,7;;20,1;8,9;20,2;19,7;9,9;8,9;53;49;49;80;4,5;2,4;
2019/08/13;0600 UTC;0;915,4;915,8;915,3;;18,5;8,5;20,2;18,5;9;8,3;52;48;52;46;4,5;1,9;
2019/08/13;0700 UTC;0;915,2;915,4;915,1;;18,7;8;19,2;17,9;8,7;8;55;48;50;64;4,3;2,1;
2019/08/13;0800 UTC;0;915,3;915,3;915,1;;19;8,1;19,1;17,7;8,4;7,8;54;48;49;78;4,7;1,9;
2019/08/13;0900 UTC;0;915,7;915,7;915,3;;17,7;8,1;19,8;17,4;8,1;7,7;54;46;53;65;5;2;
2019/08/13;1000 UTC;0;916,2;916,2;915,7;39,7;18,6;8,1;19;17,2;8,3;7,7;56;48;51;72;4,7;2,7;
2019/08/13;1100 UTC;0;916,7;916,7;916,2;494,5;20,4;9,5;20,4;17,5;9,5;8,1;57;50;50;36;4,6;1,5;
2019/08/13;1200 UTC;0;917,5;917,5;916,7;1520,1;25,9;8,4;25,9;20,4;9,9;8,3;50;33;33;17;3,7;1,7;
2019/08/13;1300 UTC;0;917,8;917,9;917,5;2194,5;27,6;8,2;27,9;25,7;8,4;7,5;33;28;29;45;5,4;1,6;
2019/08/13;1400 UTC;0;917,2;917,8;917,2;2655,8;28,7;7,4;29,1;27,1;8,2;6,7;29;25;26;103;5,3;1,6;
2019/08/13;1500 UTC;0;916,4;917,2;916,4;2074,1;28,8;6,7;29,5;27,8;7,8;6;28;23;25;133;6,3;1,8;
2019/08/13;1600 UTC;0;915,8;916,4;915,8;1609,1;29,3;6,8;29,8;28,3;7,6;5,6;26;23;24;176;7,4;2,1;
2019/08/13;1700 UTC;0;915;915,8;914,9;2507,5;30,1;6,5;30,6;29,4;6,9;5,4;24;21;23;184;6,8;1;
2019/08/13;1800 UTC;0;914,6;915;914,5;2021;30,5;5,7;30,9;29,8;7;4,7;23;20;21;183;5,7;3,1;
2019/08/13;1900 UTC;0;914,7;914,7;914,4;1638,1;30,1;6,5;30,6;29,9;6,9;5,1;23;21;23;205;7;3,2;
2019/08/13;2000 UTC;0;915;915;914,7;814,6;28,6;7,9;30,3;28,6;7,9;6,5;27;23;27;185;6,9;2;
2019/08/13;2100 UTC;0;915,1;915,1;915;84,4;26,2;7,3;28,6;26,2;8,5;7,3;31;27;30;127;3,6;1,4;
2019/08/13;2200 UTC;0;915,4;915,4;915,1;;23,7;7,4;26,2;23,7;8,1;6,9;35;30;35;73;3,4;2,4;
2019/08/13;2300 UTC;0;915,8;915,8;915,4;;22,2;9,1;23,7;22,1;9,1;7,5;43;35;43;72;3,2;1,8;
2019/08/14;0000 UTC;0;916,2;916,2;915,8;;22,6;8;22,7;21,9;9,1;8;44;39;39;74;3,9;2,4;
2019/08/14;0100 UTC;0;916,4;916,4;916,2;;20,4;8,6;22,6;20,2;8,6;7,9;47;39;47;47;3,9;2,1;
2019/08/14;0200 UTC;0;916,6;916,6;916,4;;19,9;9;21,1;19,9;9,1;8,6;50;45;50;35;3,9;1;
2019/08/14;0300 UTC;0;916,4;916,6;916,4;;19,1;9,5;20,5;19,1;9,5;9,1;54;49;54;30;3,5;1,4;
2019/08/14;0400 UTC;0;915,8;916,4;915,7;;18,6;9,7;19,9;18,3;9,8;9,3;56;52;56;47;3,6;1,4;
2019/08/14;0500 UTC;0;915,2;915,8;915,2;;18,4;9,5;18,6;18,2;9,7;9,5;57;56;56;38;3,6;1,4;
2019/08/14;0600 UTC;0;915,4;915,4;915,1;;18,5;9,2;19,7;17,7;9,7;9,1;58;52;55;2;3,5;,2;
2019/08/14;0700 UTC;0;915,6;915,6;915,3;;17,2;9,8;18,9;16,4;9,8;9;64;55;62;49;3,5;1,5;
2019/08/14;0800 UTC;0;915,7;915,8;915,6;;19,6;9,6;19,7;17;10,3;9,4;62;52;52;90;5,2;,9;
2019/08/14;0900 UTC;0;916,4;916,4;915,7;;17,2;9,7;19,7;17;10;9,4;62;52;61;39;3,3;,1;
2019/08/14;1000 UTC;0;917,2;917,2;916,3;58,5;18,7;10,4;18,7;16,9;10,4;9,6;63;57;59;116;3,7;1,4;
2019/08/14;1100 UTC;0;918;918,1;917,2;556,7;20,5;11,7;20,5;18,4;11,7;10;59;57;57;127;4;1,6;
2019/08/14;1200 UTC;0;918,7;918,7;918;1551,3;22,9;12,2;23,1;20,5;12,5;11,6;57;51;51;85;7,4;2;
2019/08/14;1300 UTC;0;918,8;918,9;918,5;2132,8;25,7;12,4;25,7;22,9;12,7;12;51;44;44;39;9,8;3,3;
2019/08/14;1400 UTC;0;918,9;918,9;918,8;2636;27,4;11,7;27,6;25,6;12,2;11,4;44;37;38;57;9,3;2,8;
2019/08/14;1500 UTC;0;918,6;918,9;918,6;3031,1;27,9;10,9;28,7;27;11,9;10,5;39;33;35;44;8,3;3,1;
2019/08/14;1600 UTC;0;918,1;918,6;918,1;1630,3;27,6;11,4;28,3;26,3;12,1;10,6;40;35;37;86;7,4;2,6;
2019/08/14;1700 UTC;0;917,3;918,1;917,3;1535,6;28,2;10,6;28,5;27,1;12,2;9,8;39;33;33;83;6,3;,8;
2019/08/14;1800 UTC;0;916,7;917,3;916,7;1447,9;26,9;11,2;28,9;26,9;11,3;9,9;38;32;38;114;5,9;2,8;
2019/08/14;1900 UTC;0;916,6;916,7;916,5;1240,9;27,3;11,4;28,3;26,4;12;10,8;39;34;37;110;8,1;2,7;
2019/08/14;2000 UTC;0;916,9;917;916,5;595,9;26;11,9;27,7;26;11,9;10,8;42;36;42;114;6,6;2,7;
2019/08/14;2100 UTC;0;917,3;917,3;916,9;65,1;23,4;12,4;26;23,4;12,4;11,9;50;42;50;129;7;2;
2019/08/14;2200 UTC;0;917,6;917,6;917,3;;22;12,5;23,4;21,9;12,6;12,3;55;50;55;148;3,9;,8;
2019/08/14;2300 UTC;0;918,2;918,2;917,6;;20,7;12,8;22;20,7;12,9;12,4;61;55;61;152;4;,8;
2019/08/15;0000 UTC;0;918,8;918,8;918,2;;20,3;12,8;20,7;20,1;13;12,7;63;61;62;142;5,3;2,2;
2019/08/15;0100 UTC;0;919;919;918,7;;19,7;12,7;20,3;19,7;12,8;12,6;64;62;64;138;6,4;2,3;
2019/08/15;0200 UTC;0;919,1;919,1;919;;18,7;12,3;19,7;18,7;12,8;12,3;66;64;66;269;5,7;1,3;
2019/08/15;0300 UTC;0;919,2;919,3;919;;17,9;11,8;18,7;17,9;12,3;11,8;68;66;68;149;5,4;1,1;
2019/08/15;0400 UTC;0;918,9;919,3;918,9;;17,4;11,6;17,9;17,4;11,9;11,6;69;68;69;140;4,1;,7;
2019/08/15;0500 UTC;0;918,4;918,9;918,4;;16,9;11,6;17,4;16,8;11,7;11,6;71;69;71;87;3,9;,7;
2019/08/15;0600 UTC;0;918,2;918,4;918,2;;16,2;11,6;16,9;15,9;11,7;11,3;75;71;74;163;4,6;1,3;
2019/08/15;0700 UTC;0;918,7;918,7;918,2;;15,5;11,3;16,2;15,3;11,5;11,1;76;74;76;126;4,6;1,7;
2019/08/15;0800 UTC;0;919;919;918,6;;15,2;11;15,6;15,1;11,3;10,9;76;75;76;103;4;2,4;
2019/08/15;0900 UTC;0;919,9;919,9;919;;14,9;10,7;15,3;14,8;11;10,6;76;75;76;109;6;2,4;
2019/08/15;1000 UTC;0;920,7;920,7;919,9;44,7;14,6;10,7;14,9;14,5;10,7;10,6;78;76;77;131;4,9;1,3;
2019/08/15;1100 UTC;0;920,8;920,9;920,6;513,9;16,2;10,9;16,3;14,6;11;10,7;77;71;71;90;10,8;3,4;
2019/08/15;1200 UTC;0;921,8;921,8;920,8;1549,3;19;11,3;19;16,2;11,4;10,9;71;61;61;53;13,5;4,3;
2019/08/15;1300 UTC;0;922,3;922,3;921,8;2235,4;21,2;11,1;21,2;18,9;11,5;10,7;61;52;52;45;13,6;4,9;
2019/08/15;1400 UTC;0;922,1;922,3;922;2746;22,8;10,8;22,8;20,8;11,2;10,3;53;46;47;42;13,5;5;
2019/08/15;1500 UTC;0;921,4;922,1;921,3;3025,4;24,3;10,1;24,4;22,7;10,8;10;47;41;41;36;13,3;4,5;
2019/08/15;1600 UTC;0;920,5;921,4;920,5;2870,4;25,1;9,4;25,3;24;10,4;9,3;41;37;37;37;10,8;4;
2019/08/15;1700 UTC;0;919,6;920,5;919,6;2472,3;25,8;8,6;26,3;25,1;9,8;8,2;37;33;34;55;9,5;3,8;
2019/08/15;1800 UTC;0;919,3;919,7;919,2;2194,3;25,9;7,8;26,5;24,9;9,2;7,3;36;31;32;58;9,7;3,4;
2019/08/15;1900 UTC;0;918,8;919,2;918,8;1650,7;25,3;7;26,5;25,3;8,3;6,8;33;30;31;56;8,1;3,3;
2019/08/15;2000 UTC;0;919;919;918,8;799,8;23,8;8,2;25,7;23,8;8,4;6,7;37;31;37;42;7,7;2,6;
2019/08/15;2100 UTC;0;919,4;919,4;919;120,4;21,3;8;23,8;21,3;8;7,5;42;36;42;30;7,5;1,7;
2019/08/15;2200 UTC;0;920;920;919,4;;18,8;8,8;21,3;18,8;8,8;8;52;42;52;135;4,8;1,4;
2019/08/15;2300 UTC;0;920,5;920,5;920;;17,7;8,7;18,8;17,7;9;8,6;55;52;55;91;3,7;1,1;
2019/08/16;0000 UTC;0;920,6;920,7;920,5;;16,7;8,5;17,9;16,7;8,7;8,5;59;55;59;105;3,8;1,2;
2019/08/16;0100 UTC;0;920,6;920,7;920,6;;15,6;8,5;16,7;15,6;8,6;8,3;62;59;62;76;3,2;1,1;
2019/08/16;0200 UTC;0;920,9;920,9;920,6;;15,5;8,4;16,3;15,5;8,6;8,4;63;60;63;107;4;1,9;
2019/08/16;0300 UTC;0;920,7;921;920,7;;15,3;8,6;15,5;14,8;8,7;8,3;66;63;64;151;4;,8;
2019/08/16;0400 UTC;0;919,8;920,7;919,8;;14,2;9,1;15,3;12,7;9,2;7,9;75;64;72;232;2,4;,8;
2019/08/16;0500 UTC;0;919,6;919,8;919,6;;13,6;8,7;14,4;13,6;9,1;8,6;72;70;72;139;4,2;1,6;
2019/08/16;0600 UTC;0;919,2;919,7;919,2;;13,1;8,8;13,9;13,1;9,4;8,7;75;72;75;14;5,9;1,5;
2019/08/16;0700 UTC;0;919;919,4;919;;12,8;9,1;13,5;12,7;9,4;8,9;78;75;78;15;4,8;1,2;
2019/08/16;0800 UTC;0;919;919,1;918,9;;12,7;9,1;12,9;12,6;9,2;9;80;78;79;301;3,2;,8;
2019/08/16;0900 UTC;0;919,4;919,5;919;;12;8,8;12,7;12;9,2;8,8;81;79;81;19;3,1;,8;
2019/08/16;1000 UTC;0;920,4;920,4;919,4;36,5;13,1;9,2;13,1;12;9,2;8,8;81;77;77;8;4,8;1,1;
2019/08/16;1100 UTC;0;920,8;920,8;920,4;513,1;16,4;9,7;16,4;13,1;9,8;9,2;77;64;64;37;8,5;2,8;
2019/08/16;1200 UTC;0;921,5;921,5;920,8;1627,4;18,8;9,9;18,8;16,4;9,9;9,3;64;56;56;54;10,1;3,8;
2019/08/16;1300 UTC;0;921,5;921,8;921,5;2310,2;21,2;9,5;21,7;18,7;10,1;9,1;56;46;47;32;9,5;3,5;
2019/08/16;1400 UTC;0;920,7;921,5;920,7;2824,9;22,5;9,3;23,1;21,2;10;9;47;42;43;19;9,7;4,5;
2019/08/16;1500 UTC;0;919,8;920,7;919,8;3232,5;24,6;7;24,6;22,2;9,6;6,8;43;32;32;37;8,9;2,9;
2019/08/16;1600 UTC;0;918,8;919,9;918,7;2810,3;25,1;7,8;25,5;23,4;9;6,7;37;32;33;14;8,9;3,8;
2019/08/16;1700 UTC;0;917,6;918,7;917,6;2296,9;25,5;8,3;25,6;23,6;8,7;7,5;38;33;33;62;7,6;2,2;
2019/08/16;1800 UTC;0;917,2;917,7;917,2;2214,4;26,3;7,4;26,8;24,8;8,4;7,2;34;30;30;32;7,6;3,1;
2019/08/16;1900 UTC;0;916,6;917,2;916,6;1680,4;25,6;7,6;26,6;25,2;8;7,1;32;30;32;48;6,3;2,1;
2019/08/16;2000 UTC;0;917;917;916,6;848,3;24,6;7;25,9;24,2;8;6,9;33;31;32;36;7,8;2,6;
2019/08/16;2100 UTC;0;917,3;917,3;916,9;100,7;22,1;8;24,6;22,1;8;6,7;40;32;40;24;6,1;,7;
2019/08/16;2200 UTC;0;917,6;917,6;917,2;;19,8;8,4;22,1;19,8;8,5;8;48;40;48;73;3,7;1,2;
2019/08/16;2300 UTC;0;918;918;917,6;;17,4;8,6;19,8;17,4;8,7;8,3;56;48;56;356;3,3;,7;
2019/08/17;0000 UTC;0;918;918,1;918;;17,4;9,4;17,4;16,8;9,5;8,7;60;56;59;243;3,2;,7;
2019/08/17;0100 UTC;0;918,3;918,3;918;;16,8;9,5;17,4;16,8;9,6;9,3;62;59;62;191;3;,8;
2019/08/17;0200 UTC;0;918,4;918,4;918,3;;16,3;9,4;17;16,3;9,7;9,4;64;62;64;284;3;,6;
2019/08/17;0300 UTC;0;918,5;918,5;918,4;;16;9,4;16,4;15,9;9,5;9,3;65;64;65;357;2,7;1;
2019/08/17;0400 UTC;0;917,9;918,5;917,9;;15,4;9,6;16,1;15,3;9,6;9,3;68;65;68;62;2,4;,1;
2019/08/17;0500 UTC;0;917,1;917,9;917,1;;16;9,5;16,2;15,4;9,6;9,4;68;65;65;67;2,6;1;
2019/08/17;0600 UTC;0;916,6;917,1;916,6;;15,6;9,5;16;15,5;9,6;9,4;67;65;67;80;3;1,4;
2019/08/17;0700 UTC;0;916,2;916,6;916,1;;14,5;9,3;15,9;14,2;9,7;9,1;72;66;71;344;3,5;,6;
2019/08/17;0800 UTC;0;916,5;916,5;916,1;;13,9;9,2;14,5;13,7;9,4;8,9;74;71;73;74;2,4;,7;
2019/08/17;0900 UTC;0;917,3;917,3;916,5;;13,9;9,1;14,4;13,7;9,4;9;74;71;73;43;4,3;1,3;
2019/08/17;1000 UTC;0;917,5;917,5;917,3;47,5;14,5;9,4;14,5;13,7;9,4;9,1;74;71;72;32;4,6;1,6;
2019/08/17;1100 UTC;0;917,7;917,7;917,5;523,4;18,1;9,9;18,1;14,5;10;9,4;72;59;59;20;6,9;3,7;
2019/08/17;1200 UTC;0;918,2;918,2;917,7;1623,6;20,2;9,8;20,2;18,1;10,1;9,6;59;51;51;38;9,5;4;
2019/08/17;1300 UTC;0;918,3;918,3;918,1;2326,4;22,6;9,5;22,6;20,1;9,9;9;51;43;43;27;9,4;3,9;
2019/08/17;1400 UTC;0;917,6;918,3;917,6;2813,6;24,3;8,7;24,3;22,4;9,6;8,2;44;36;37;32;9,9;4,1;
2019/08/17;1500 UTC;0;916,8;917,6;916,8;3089;24,9;7;25,8;24;8,9;6,7;37;31;32;2;11,4;4,3;
2019/08/17;1600 UTC;0;915,8;916,8;915,8;2535,4;25,4;7,1;26,7;24,7;7,7;6,2;32;29;31;10;10,7;3,5;
2019/08/17;1700 UTC;0;914,5;915,8;914,5;2267,1;26,2;6,2;27,4;25,4;7,9;6,2;31;27;28;15;8,5;3,3;
2019/08/17;1800 UTC;0;913,8;914,5;913,8;1976,8;27,3;5,5;27,7;26;6,9;5,3;28;25;25;328;9,1;2,4;
2019/08/17;1900 UTC;0;913,5;913,8;913,5;1661,7;26,7;6,4;28,2;26,5;6,6;5,4;28;25;28;346;7,3;2,7;
2019/08/17;2000 UTC;0;913,7;913,7;913,5;574,1;25,5;6,4;27,6;25,3;6,6;5,9;30;26;30;360;6,8;2,4;
2019/08/17;2100 UTC;0;914;914;913,7;73,6;22,8;6,6;25,5;22,7;6,6;6,4;35;29;35;38;4,4;1,2;
2019/08/17;2200 UTC;0;914,3;914,3;914;;20,8;7;22,8;20,6;7,3;6,6;42;35;41;43;4,1;1,7;
2019/08/17;2300 UTC;0;914,6;914,6;914,3;;19,2;7,1;20,8;19,1;7,2;6,9;46;41;46;63;4,2;1,8;
2019/08/18;0000 UTC;0;915,1;915,2;914,6;;18,2;7,5;19,2;18;7,5;7,1;50;46;50;70;4,2;1,4;
2019/08/18;0100 UTC;0;915,2;915,3;915,1;;18;7,5;18,9;17,8;7,6;7,4;51;48;50;60;4,2;1,8;
2019/08/18;0200 UTC;0;915,5;915,5;915,2;;18,7;6,8;18,7;17,7;7,5;6,8;51;46;46;58;5,6;3;
2019/08/18;0300 UTC;0;915,7;915,7;915,5;;18,1;6,7;18,7;18,1;6,8;6,6;47;46;47;52;6,2;2,5;
2019/08/18;0400 UTC;0;915,5;915,8;915,4;;17,6;6,7;18,3;17,6;6,8;6,7;49;47;49;72;5,8;2,7;
2019/08/18;0500 UTC;0;915,1;915,5;915,1;;16,8;6,8;17,6;16,6;6,9;6,7;52;49;52;75;5,9;2,9;
2019/08/18;0600 UTC;0;914,9;915,2;914,9;;16,6;6,6;17,1;16,4;6,8;6,6;52;50;52;85;6,1;3,1;
2019/08/18;0700 UTC;0;914,8;915;914,8;;17;6,6;17,2;16,4;6,7;6,5;52;50;50;75;7,4;3,9;
2019/08/18;0800 UTC;0;914,8;914,8;914,6;;16,8;6,8;17,1;16,6;6,8;6,6;52;50;51;73;6,9;4;
2019/08/18;0900 UTC;0;915,1;915,1;914,8;;16,2;7,2;17,1;15,3;7,3;6,5;58;51;55;60;7,1;2,7;
2019/08/18;1000 UTC;0;915,5;915,5;915,1;45,2;16,7;7,1;16,7;16,2;7,2;7;55;53;53;76;6;2,4;
2019/08/18;1100 UTC;0;915,9;915,9;915,4;532,5;19,9;7;19,9;16,7;7,4;7;53;43;43;29;6,1;2,5;
2019/08/18;1200 UTC;0;916,6;916,6;915,9;1568,3;22,6;6,6;22,8;19,9;7,7;6,3;44;35;35;12;9,1;4,4;
2019/08/18;1300 UTC;0;916,6;916,8;916,6;2121,8;25,6;6;26;22,7;7;6;35;28;29;9;9,1;4,1;
2019/08/18;1400 UTC;0;916;916,7;916;2615,6;27,4;5,9;27,7;25,4;6,4;5,6;29;25;26;349;9;3,7;
2019/08/18;1500 UTC;0;915,3;916;915,3;2702,7;27,9;5,6;28,7;26,8;6,9;5,1;27;23;24;341;7,5;2,2;
2019/08/18;1600 UTC;0;914,6;915,3;914,6;2801,9;28,7;6;30,1;27,9;6,6;5,2;25;22;24;238;7,7;2,1;
2019/08/18;1700 UTC;0;913,9;914,6;913,9;2177,7;29,6;6,3;30,3;28,4;7;5,5;25;22;23;251;7,2;2,9;
2019/08/18;1800 UTC;0;913,5;913,9;913,5;1921,4;29;6,1;30,2;28,7;6,8;5,4;24;22;24;212;7,2;3,6;
2019/08/18;1900 UTC;0;913,3;913,5;913,3;1565,4;29;5,8;30,6;28,6;7;5,4;24;22;23;218;7;1,7;
2019/08/18;2000 UTC;0;913,4;913,4;913,3;754,1;28;6,3;29;28;6,5;5,6;26;23;25;195;5,9;2,1;
2019/08/18;2100 UTC;0;913,7;913,7;913,4;79,6;25,3;6,7;28;25,3;7;6,4;31;25;30;151;3,9;1,6;
2019/08/18;2200 UTC;0;914,2;914,2;913,7;;22,1;8,4;25,4;22,1;8,4;6,5;41;30;41;298;2,3;,1;
2019/08/18;2300 UTC;0;914,7;914,7;914,2;;19,4;10;22,1;19,3;10,1;8,8;55;42;55;312;1,2;0;
2019/08/19;0000 UTC;0;914,9;914,9;914,5;;18,2;9,3;21;18,1;10;8;56;43;56;148;4,4;0;
2019/08/19;0100 UTC;0;915,3;915,4;914,9;;19,5;8,6;20,2;17,5;9,5;8;57;45;49;60;3,9;1;
2019/08/19;0200 UTC;0;915,2;915,3;915,2;;17,7;9,5;21;17,4;9,6;7,9;60;43;59;341;3,1;0;
2019/08/19;0300 UTC;0;915,2;915,3;915,1;;18,9;9;19,9;17,6;9,5;8,3;59;47;52;306;2,2;0;
2019/08/19;0400 UTC;0;914,9;915,2;914,9;;19,9;8,1;20,1;18;9,7;8,1;58;46;47;66;3,9;2,3;
2019/08/19;0500 UTC;0;914,3;914,9;914,3;;19,3;8,2;20;18;9,1;7,9;56;46;49;83;5,7;3,4;
2019/08/19;0600 UTC;0;913,9;914,3;913,9;;19;8,6;19,4;18,9;8,6;8,2;51;49;51;72;5,9;2,6;
2019/08/19;0700 UTC;0;913,6;913,9;913,6;;18,3;8,7;19;18,3;8,8;8,6;54;51;54;64;4,6;1,7;
2019/08/19;0800 UTC;0;913,7;913,7;913,6;;16,9;8,8;18,3;16,9;8,8;8,6;59;54;59;48;3,9;2,7;
2019/08/19;0900 UTC;0;914,1;914,1;913,7;;16,4;8,8;16,9;16,4;8,9;8,8;61;59;61;54;3,9;2,2;
2019/08/19;1000 UTC;0;914,4;914,4;914;56,4;16,7;9;17,6;16;9,1;8,5;63;56;61;36;4,6;1,8;
2019/08/19;1100 UTC;0;915,2;915,2;914,4;459,6;19,1;10;19,1;16,7;10;9;61;56;56;42;3,5;1,5;
2019/08/19;1200 UTC;0;915,7;915,7;915,2;1188,5;23,5;9,3;23,5;19,1;10,3;9,2;56;41;41;19;6,3;3;
2019/08/19;1300 UTC;0;915,6;915,8;915,6;1916;27,2;8,7;27,2;23,5;9,7;8,1;41;31;31;339;8,8;3,7;
2019/08/19;1400 UTC;0;915,1;915,6;915,1;2263,3;28,8;7,9;29,2;26,8;8,7;7,8;31;27;27;339;8,8;3,2;
2019/08/19;1500 UTC;0;914,7;915,1;914,7;2407,2;28,9;7,1;30,1;28,1;8,7;6,9;28;24;25;293;6,7;2;
2019/08/19;1600 UTC;0;913,9;914,7;913,9;1919,3;29,6;8,1;30,4;28,3;8,2;7;27;24;26;351;6,3;2,6;
2019/08/19;1700 UTC;0;913,2;913,9;913,2;957,6;29,3;8,1;30,2;28,4;8,8;7,7;28;25;26;293;5,9;1,4;
2019/08/19;1800 UTC;0;912,7;913,2;912,7;749,7;28,9;8,2;29,8;28,5;8,6;7,9;28;26;27;276;5,9;2;
2019/08/19;1900 UTC;0;912,7;912,7;912,6;1344,9;29,3;8;30,3;28,9;8,9;7,8;28;25;26;315;5;2,5;
2019/08/19;2000 UTC;0;912,8;912,8;912,7;382,1;28,3;8,4;29,3;28,1;9;7,8;30;26;29;323;5;,6;
2019/08/19;2100 UTC;0;913,1;913,1;912,8;61,7;24,4;9,7;28,3;24,4;9,7;8,3;39;29;39;69;1,8;,9;
2019/08/19;2200 UTC;0;913,7;913,7;913,1;;23,5;9,9;24,4;23,3;10,7;9,7;44;40;42;57;2,3;1,6;
2019/08/19;2300 UTC;0;914;914;913,7;;22,8;9,9;23,5;22,8;10;9,8;44;42;44;63;3,1;1,6;
2019/08/20;0000 UTC;0;914,4;914,4;914;;23,4;9,3;23,5;22,1;10,9;9,3;49;41;41;50;4,5;2,2;
2019/08/20;0100 UTC;0;914,9;915;914,4;;22,1;9,9;23,5;21,5;10,3;9;49;40;46;17;4,1;,1;
2019/08/20;0200 UTC;0;914,8;915;914,8;;22;9,4;22,8;22;9,8;9,2;46;42;45;57;3,6;2;
2019/08/20;0300 UTC;0;914,4;914,9;914,4;;20,6;10,3;22;20,5;10,9;9,5;54;45;52;48;3,5;,6;
2019/08/20;0400 UTC;0;914,3;914,4;914,2;;20,8;9,9;21,1;19,5;11,2;9,9;58;49;50;93;2,8;,6;
2019/08/20;0500 UTC;0;914,1;914,3;914,1;;20,5;10,1;20,8;19,8;11,2;9,9;57;50;51;60;2,3;1,4;
2019/08/20;0600 UTC;,4;913,8;914,3;913,8;;18,9;14,2;20,9;18,8;14,2;10,1;74;50;74;46;3,1;1,5;
2019/08/20;0700 UTC;0;913,9;913,9;913,6;;18,9;13,8;20;18,2;14,3;12,5;75;64;73;90;4,2;1,4;
2019/08/20;0800 UTC;0;914,4;914,5;913,9;;19,4;13,2;19,9;18,2;14;12,9;74;64;67;97;4,4;,4;
2019/08/20;0900 UTC;0;914,7;914,7;914,4;;18,3;13,4;19,5;18;13,9;12,7;77;66;73;57;3,9;2,1;
2019/08/20;1000 UTC;0;915,4;915,4;914,7;40;19;13,2;19,4;18,2;13,7;13;75;67;69;51;3,9;1;
2019/08/20;1100 UTC;,2;916,1;916,1;915,4;314,5;19,8;13,9;20,3;19;14;12,7;69;65;69;162;3,7;,4;
2019/08/20;1200 UTC;0;916,5;916,5;916,1;922,2;23,7;14,7;23,7;19,8;14,7;12,8;69;56;57;330;2,5;,7;
2019/08/20;1300 UTC;0;916,8;916,9;916,6;1065,2;24,5;13,5;25;23,1;14,6;11,6;57;43;50;223;2,5;,4;
2019/08/20;1400 UTC;0;916,6;916,9;916,5;1688;26,1;13,2;27,1;24,4;14,7;10,1;55;35;45;219;3,5;1,5;
2019/08/20;1500 UTC;,8;916,7;917;916,6;426,5;20,9;16,4;26,1;20,9;16,4;13,7;76;45;76;97;5,8;1,1;
2019/08/20;1600 UTC;,2;916,6;917,1;916,6;845,5;22;17;22;20,2;17,2;16,1;80;71;73;66;4,5;1,7;
2019/08/20;1700 UTC;0;915,9;916,6;915,8;984,6;23,2;16,3;23,3;22;17,3;16,2;74;65;65;3;3,4;2,1;
2019/08/20;1800 UTC;0;915,7;915,9;915,7;1558,3;25,2;12,9;26;23,2;16,6;12,4;66;45;46;320;5,4;1,8;
2019/08/20;1900 UTC;0;915,9;915,9;915,7;1166,2;24,9;12,9;26,2;24,9;13,3;11,9;47;42;47;319;6,7;2,7;
2019/08/20;2000 UTC;0;916,2;916,2;915,9;634,1;24;13,3;25,7;24;13,8;12,7;51;46;51;307;5,8;,6;
2019/08/20;2100 UTC;0;916,2;916,3;916,1;41,2;21,3;13,5;24;21,3;13,7;13;61;51;61;75;2,1;1,3;
2019/08/20;2200 UTC;0;916,4;916,4;916,2;;20,2;13,2;21,3;19,8;13,9;13,1;66;61;64;101;2,3;1,2;
2019/08/20;2300 UTC;0;916,9;916,9;916,4;;18,9;12,7;20,2;18,9;13,7;12,7;69;63;67;131;3,6;,4;
2019/08/21;0000 UTC;0;917,5;917,5;916,9;;17,2;13,3;18,9;17,2;13,5;12,7;78;67;78;132;1,8;0;
2019/08/21;0100 UTC;0;917,5;917,5;917,4;;16,5;13;17,7;16,4;13,4;12,6;80;74;80;251;1,8;0;
2019/08/21;0200 UTC;0;917,3;917,5;917,3;;16,1;12,9;16,7;16;13,1;12,7;81;80;81;177;1,8;,1;
2019/08/21;0300 UTC;0;916,9;917,3;916,9;;15,9;12,9;16,2;15,8;13;12,8;82;81;82;286;1,6;,1;
2019/08/21;0400 UTC;0;916,7;916,9;916,7;;16,5;12,9;16,6;15,9;13,2;12,7;82;79;79;36;1;,2;
2019/08/21;0500 UTC;0;916,2;916,7;916,2;;15,5;12,5;16,5;15,5;12,9;12,5;83;79;83;300;1;,2;
2019/08/21;0600 UTC;0;916;916,3;916;;15,1;12,6;15,8;15,1;13,2;12,6;86;83;85;253;,8;0;
2019/08/21;0700 UTC;0;915,9;916;915,8;;14,6;12,6;15,1;14,4;12,8;12,2;88;84;88;43;1,8;,5;
2019/08/21;0800 UTC;0;916,3;916,3;915,9;;14,6;12,8;14,9;14,4;13;12,4;89;87;89;82;1,8;,1;
2019/08/21;0900 UTC;0;916,6;916,6;916,3;;15,4;13,3;15,4;14;13,6;12,1;91;87;87;55;2,4;1,7;
2019/08/21;1000 UTC;0;917,1;917,1;916,6;65,7;16;13,7;16;15,4;13,7;13,2;87;86;86;45;2,7;1;
2019/08/21;1100 UTC;0;917,7;917,7;917,1;528,4;18,5;14,5;18,5;16;14,5;13,5;86;78;78;23;2,6;,9;
2019/08/21;1200 UTC;0;918,2;918,2;917,7;1486,2;22,9;14,8;22,9;18,5;15,8;14,7;78;60;60;48;5,2;2,3;
2019/08/21;1300 UTC;0;918,1;918,3;918,1;2190,2;24,7;14,3;24,7;22,9;14,9;14;60;52;52;8;5,2;1,9;
2019/08/21;1400 UTC;0;917,8;918,1;917,8;2686,4;26,6;13;27;24,7;14,6;12,9;52;43;43;217;4,5;2,1;
2019/08/21;1500 UTC;0;917;917,8;917;2988,6;28,2;12,3;28,3;26,1;13,6;11,8;46;37;37;181;4,5;,9;
2019/08/21;1600 UTC;0;916,3;917;916,3;2892;29,4;9,8;29,5;27,8;12,6;9,2;38;29;30;249;6;1,9;
2019/08/21;1700 UTC;0;915,2;916,3;915,2;2528,2;29,6;9;30,1;28,7;9,6;7,5;30;25;28;260;6,4;1,6;
2019/08/21;1800 UTC;0;914,8;915,2;914,8;2148,3;29,9;6,1;30,8;28,8;9,7;5,7;28;21;22;254;7,6;3,4;
2019/08/21;1900 UTC;0;914,9;914,9;914,8;1558,6;29;5,3;30;28,8;8,3;4,4;27;20;22;225;8,4;4,9;
2019/08/21;2000 UTC;0;915,4;915,4;914,9;760,5;27,7;6,3;29,2;27,7;7,2;5,1;27;22;26;233;8,3;3,7;
2019/08/21;2100 UTC;0;915,5;915,5;915,4;84;25,6;8,8;27,7;25,6;8,8;6,3;35;26;35;217;6,5;2,1;
2019/08/21;2200 UTC;0;915,8;915,8;915,5;;23,7;10,3;25,6;23,7;10,3;8,8;43;35;43;199;3,4;1;
2019/08/21;2300 UTC;0;916,3;916,3;915,8;;20,9;10,5;23,7;20,8;10,5;10,2;51;43;51;332;1,6;0;
2019/08/22;0000 UTC;0;916,5;916,6;916,3;;19,2;11;20,9;19,2;11;10,3;59;51;59;233;2,4;,2;
2019/08/22;0100 UTC;0;916,6;916,6;916,5;;18,1;10,8;19,2;18,1;11,2;10,6;62;59;62;314;1,5;,1;
2019/08/22;0200 UTC;0;916,7;916,7;916,6;;17,4;10,7;18,1;17;10,8;10,5;67;62;65;35;1,2;,2;
2019/08/22;0300 UTC;0;916,4;916,7;916,4;;15,8;10,8;18,1;15,8;11;10,4;72;62;72;164;1,8;0;
2019/08/22;0400 UTC;0;916,3;916,5;916,3;;15,5;10,6;16,2;15,4;10,9;10,6;74;70;73;234;,6;0;
2019/08/22;0500 UTC;0;915,9;916,3;915,9;;14,4;10,4;15,5;14,1;10,8;10,3;79;73;77;144;1,5;,1;
2019/08/22;0600 UTC;0;915,8;915,9;915,7;;14,7;10,5;15,7;14;11,3;10,1;79;73;76;157;2,4;,2;
2019/08/22;0700 UTC;0;915,8;915,9;915,8;;14;10,7;15,1;13,8;11;10,3;81;75;81;127;1,4;0;
2019/08/22;0800 UTC;0;915,9;916;915,8;;13;10,3;14,1;12,9;10,7;10;84;80;84;35;2,3;,5;
2019/08/22;0900 UTC;0;916,6;916,6;915,9;;13,1;10,2;15,2;12,9;12;9,5;86;78;82;269;3,1;0;
2019/08/22;1000 UTC;0;917,2;917,2;916,6;66,3;14;11,1;14;13,1;11,2;10,1;85;81;82;147;2,2;,5;
2019/08/22;1100 UTC;0;917,6;917,7;917,2;549,3;18,1;12;18,1;14;12,3;10,7;82;67;68;355;1,7;,1;
2019/08/22;1200 UTC;0;917,9;917,9;917,6;1519,6;23;13,1;23,1;18,2;13,6;12,2;69;53;53;74;3;,9;
2019/08/22;1300 UTC;0;917,7;917,9;917,7;2235,6;26;11,3;26,3;23;13,3;11,3;54;39;40;347;4,8;2,3;
2019/08/22;1400 UTC;0;917,2;917,8;917,2;2757,4;28,6;10,2;28,6;26;11,6;9,3;40;31;32;332;4,6;1;
2019/08/22;1500 UTC;0;916,5;917,2;916,5;3017,2;27,3;12,1;28,9;26,9;13,7;9,4;43;31;39;202;6;3;
2019/08/22;1600 UTC;0;915,9;916,5;915,9;2901,9;29,2;10,3;30;27,3;12,4;9,6;39;30;31;238;6,5;2,9;
2019/08/22;1700 UTC;0;914,9;915,9;914,9;2555,4;30,4;6,2;30,8;29;10,2;6,1;31;22;22;249;10,9;4,7;
2019/08/22;1800 UTC;0;914,7;914,9;914,6;2169,8;30,1;5,6;31,1;29,5;7,3;3,8;24;18;21;232;9,3;4,7;
2019/08/22;1900 UTC;0;914,9;914,9;914,6;1600,5;28,6;7;30,4;28,6;7,7;5,3;26;21;26;224;10,2;4,8;
2019/08/22;2000 UTC;0;915,2;915,2;914,9;816,2;27,2;6,5;28,7;27,2;7,9;6;28;25;27;247;8;3,5;
2019/08/22;2100 UTC;0;915,6;915,6;915,2;107,8;25,1;8;27,2;25,1;8,1;6,5;34;27;34;218;6,7;1,4;
2019/08/22;2200 UTC;0;916,1;916,1;915,6;;23,4;9,7;25,1;23,4;9,8;8;42;34;42;228;3,3;,5;
2019/08/22;2300 UTC;0;916,8;916,8;916,1;;20;10,3;23,4;20;10,6;9,6;54;42;54;357;1,8;0;
2019/08/23;0000 UTC;0;917;917;916,8;;17,6;10,4;20;17,6;10,7;10,3;63;54;63;331;,8;0;
2019/08/23;0100 UTC;0;917;917;916,9;;16,4;10,4;17,6;16,4;10,7;10,3;68;63;68;173;,8;0;
2019/08/23;0200 UTC;0;917;917,1;917;;15,2;10,3;16,7;15,2;10,7;10;72;66;72;285;1,2;0;
2019/08/23;0300 UTC;0;916,7;917,1;916,7;;14,5;10;15,3;14,5;10,3;10;74;72;74;13;1,7;,1;
2019/08/23;0400 UTC;0;916,5;916,8;916,5;;15,4;9,5;16;14,3;10,4;9,5;75;66;68;44;1,8;,5;
2019/08/23;0500 UTC;0;916,1;916,6;916,1;;13,1;9,3;15,4;13,1;9,8;9,2;78;68;78;311;1,4;0;
2019/08/23;0600 UTC;0;915,7;916,1;915,7;;12,7;8,9;13,4;12,7;9,5;8,9;79;76;78;171;1,3;,4;
2019/08/23;0700 UTC;0;915,3;915,7;915,3;;13,7;9,9;14;12,5;10,1;8,9;81;76;78;80;2,8;1;
2019/08/23;0800 UTC;0;915,8;915,8;915,2;;13,8;10,1;14,8;12,8;10,6;8,9;81;73;78;63;4,1;1,7;
2019/08/23;0900 UTC;0;915,9;916,1;915,7;;13,7;10;14,6;13,3;10,8;9,8;80;77;79;57;4,2;2,2;
2019/08/23;1000 UTC;0;916,4;916,4;915,6;62,5;13,9;10,2;13,9;13,4;10,4;9,8;80;78;78;38;4,6;1,8;
2019/08/23;1100 UTC;0;916,8;916,8;916,3;569,1;18,4;12,2;18,4;13,9;12,3;10,2;78;67;67;39;4,9;1,1;
2019/08/23;1200 UTC;0;916,8;916,9;916,5;1407,6;22,7;12,9;22,7;18,2;13,4;11,8;67;54;54;6;4;1,4;
2019/08/23;1300 UTC;0;917,4;917,4;916,8;1643,2;24;10,3;24,5;22,5;12,6;9,5;54;40;42;243;4,7;2,2;
2019/08/23;1400 UTC;0;917,8;917,8;917,3;1929,4;22,4;12,5;24,4;22,2;13,1;9,3;54;39;54;220;7;4,1;
2019/08/23;1500 UTC;0;917;917,8;917;2876,1;23;11,2;23,5;22,2;12,9;10,1;55;44;47;201;9,7;4,8;
2019/08/23;1600 UTC;0;916,2;917;916,2;2778,9;24,4;7,6;25,3;23;11,6;7,1;47;32;34;187;10,9;4,3;
2019/08/23;1700 UTC;0;915,1;916,2;915,1;2429,5;25,6;8,2;26,2;24;9,3;6,9;36;32;33;216;9,8;3,1;
2019/08/23;1800 UTC;0;914,7;915,1;914,7;2037;25,8;8,9;26;24,9;10,3;8,2;39;33;34;226;7,5;4;
2019/08/23;1900 UTC;0;914,5;914,8;914,5;1523;25,2;8,2;26,4;25,1;9,3;7,8;35;32;34;203;7,5;4,4;
2019/08/23;2000 UTC;0;915,1;915,1;914,5;802,1;24,6;7,9;25,6;24,6;8,5;7,5;35;33;35;223;8,3;4,6;
2019/08/23;2100 UTC;0;915,3;915,3;915,1;110,9;22,7;9,4;24,6;22,7;9,4;7,9;43;34;43;196;7,8;2,4;
2019/08/23;2200 UTC;0;915,7;915,7;915,3;;20,9;9,6;22,7;20,9;9,7;9,3;49;43;49;181;4,7;2,1;
2019/08/23;2300 UTC;0;916,1;916,1;915,7;;19,8;9,7;20,9;19,7;9,7;9,5;52;48;52;169;4,3;2;
2019/08/24;0000 UTC;0;916,5;916,5;916,1;;19,6;9,9;20,1;19,4;9,9;9,6;54;51;53;171;4,9;2,2;
2019/08/24;0100 UTC;0;916,9;917;916,5;;16,8;9,9;19,6;16,1;10,2;9,6;66;53;64;116;3,9;,7;
2019/08/24;0200 UTC;0;917,4;917,4;916,9;;14,6;9,7;16,8;14,5;10;9,3;72;64;72;237;2,5;,1;
2019/08/24;0300 UTC;0;917,2;917,4;917,2;;14,6;9;15,5;14,5;9,9;9;72;68;69;86;3,8;1,1;
2019/08/24;0400 UTC;0;916,7;917,2;916,7;;15,3;9,9;15,3;13,2;10;8,7;76;69;70;105;4,3;2;
2019/08/24;0500 UTC;0;916,2;916,7;916,2;;14,6;8,2;16,6;14,6;9,9;8,2;70;60;65;109;5,8;1,8;
2019/08/24;0600 UTC;0;915,7;916,2;915,7;;15,8;8,3;15,9;13,9;8,7;8,2;70;61;61;102;3,7;1,2;
2019/08/24;0700 UTC;0;915,9;915,9;915,6;;15,2;8,1;15,8;14,9;8,4;8,1;64;61;63;71;4;1,5;
2019/08/24;0800 UTC;0;916;916,1;915,9;;13,5;8,2;15,2;13,4;8,3;8;71;63;70;65;3,8;2,1;
2019/08/24;0900 UTC;0;916,7;916,7;916;;12,9;7,9;13,7;12,9;8,3;7,9;72;70;72;55;4;2,2;
2019/08/24;1000 UTC;0;917,7;917,7;916,7;52,4;13,7;8,5;13,7;12,9;8,5;7,9;72;71;71;54;4;2,1;
2019/08/24;1100 UTC;0;918;918;917,7;618,4;18,4;9,2;18,4;13,7;9,3;8,4;71;55;55;73;5,1;1,8;
2019/08/24;1200 UTC;0;918,6;918,6;918;1768;20,7;7,1;21,3;18,5;9,4;7,1;55;41;41;47;6,9;1,8;
2019/08/24;1300 UTC;0;918,8;919;918,6;2454,8;22,9;2,4;23,2;20,6;7,8;1,5;42;25;26;100;5,5;1,3;
2019/08/24;1400 UTC;0;918,1;918,8;918,1;2976,2;23,7;2,1;24,1;22,2;3;,2;27;22;24;133;5,4;1,7;
2019/08/24;1500 UTC;0;917,3;918,2;917,3;3211,2;25,5;4,2;25,6;23,3;4,5;1,8;27;23;25;115;5,6;,9;
2019/08/24;1600 UTC;0;916,6;917,3;916,5;3036,9;25,8;5,4;27,2;24,8;5,8;3,5;27;24;27;232;6;3,4;
2019/08/24;1700 UTC;0;915,9;916,6;915,9;2638,5;26,6;4,2;27,3;25,3;5,6;3,5;27;23;24;211;6,8;2,7;
2019/08/24;1800 UTC;0;915,4;915,9;915,4;2269;27,1;4,1;27,3;26,3;4,6;2,9;24;22;23;201;6,4;2,5;
2019/08/24;1900 UTC;0;915,2;915,4;915,2;1679,8;26,9;3,4;27,4;26,3;4,5;3,1;24;22;22;177;5,4;2,1;
2019/08/24;2000 UTC;0;915,5;915,5;915,2;884,5;25,8;2;26,9;25,7;3,4;1,8;23;21;21;185;5,5;2,2;
2019/08/24;2100 UTC;0;915,8;915,8;915,5;128,3;22,6;2,6;25,8;22,6;2,6;1,6;27;21;27;146;4,1;1,6;
2019/08/24;2200 UTC;0;916,3;916,3;915,8;;22,1;4;22,7;22;4;2,7;31;27;31;116;3,4;2,1;
2019/08/24;2300 UTC;0;917;917;916,3;;19,9;3,8;22,1;18,8;5,2;3,7;41;31;35;79;4,5;1,9;
2019/08/25;0000 UTC;0;917,3;917,3;917;;19,6;3,6;20,3;19,6;3,8;3,1;35;32;35;80;4,7;2,6;
2019/08/25;0100 UTC;0;917,7;917,7;917,3;;20,4;5,4;20,8;18,5;5,9;3,8;41;34;37;99;6,3;3,1;
2019/08/25;0200 UTC;0;917,8;917,8;917,7;;18,1;6,3;20,4;17,9;6,3;5,3;46;37;46;82;6,6;1,1;
2019/08/25;0300 UTC;0;917,6;917,9;917,6;;17,2;6,3;18,1;16,9;6,5;6,2;50;46;49;75;4,2;1,2;
2019/08/25;0400 UTC;0;917,3;917,6;917,3;;17,9;6,4;19,1;15,4;6,7;5,7;55;42;47;128;6;1,5;
2019/08/25;0500 UTC;0;917;917,3;917;;17,2;6,7;18,9;17,1;6,7;5,7;50;43;50;146;7,8;1,9;
2019/08/25;0600 UTC;0;916,7;917;916,6;;16,2;7,6;17,3;16,2;7,6;6,5;56;49;56;110;8,4;4,1;
2019/08/25;0700 UTC;0;916,5;916,7;916,5;;15,4;8,8;16,3;15,3;8,8;7,6;65;56;65;17;8,4;1,5;
2019/08/25;0800 UTC;0;917;917;916,5;;14,6;9,5;15,4;14,6;9,6;8,6;71;65;71;5;5,9;1,4;
2019/08/25;0900 UTC;0;917,7;917,7;917;;14,4;9,7;14,8;14,4;9,7;9,6;73;72;73;13;5,7;2,5;
2019/08/25;1000 UTC;0;918,3;918,3;917,7;52,8;15;10;15;14,3;10;9,6;74;72;72;13;7,3;2,1;
2019/08/25;1100 UTC;0;918,7;918,7;918,3;634,9;18,4;11,1;18,4;15;11,2;10;72;63;63;22;7;2,1;
2019/08/25;1200 UTC;0;919,1;919,1;918,7;1753,9;20,8;11,8;20,8;18,4;11,8;11,1;63;56;56;35;12,6;4,8;
2019/08/25;1300 UTC;0;919,1;919,2;919;2434,1;24,3;11,7;24,3;20,8;12,2;11,4;56;45;45;46;11,8;4,8;
2019/08/25;1400 UTC;0;918,6;919,1;918,5;2914,9;26,1;10,7;26,7;24,1;11,7;10,1;45;37;38;44;11;4,1;
2019/08/25;1500 UTC;0;918;918,6;918;3162;27,4;8,9;28,1;26,2;10,5;7,8;38;30;31;36;10,6;3,5;
2019/08/25;1600 UTC;0;917,2;918;917,2;2996,9;28,1;6,7;28,7;27;9,8;6,6;32;25;26;6;8,9;3;
2019/08/25;1700 UTC;0;916,4;917,2;916,4;2609,3;28,6;6,3;29,5;28,1;7,7;4,6;27;21;24;43;6,9;2,2;
2019/08/25;1800 UTC;0;916;916,4;915,9;2214,8;29,9;6,7;30,1;28,5;7,2;5,4;25;22;23;45;5,8;2;
2019/08/25;1900 UTC;0;916;916;915,9;1631,7;29,3;6,2;29,9;28,7;7;4,8;25;21;23;72;5,6;1,6;
2019/08/25;2000 UTC;0;916,3;916,3;915,9;842,2;28,4;6,9;29,4;28,2;7,2;6,2;26;23;26;46;6,3;2;
2019/08/25;2100 UTC;0;916,7;916,7;916,3;117,5;24,6;7,7;28,4;24,6;7,7;6,7;34;26;34;47;5;,3;
2019/08/25;2200 UTC;0;917,2;917,2;916,7;;23,1;8,3;24,6;23,1;8,3;7,6;39;34;39;117;4,3;2,1;
2019/08/25;2300 UTC;0;917,5;917,5;917,2;;22,6;8,7;23,8;22,6;9;8;41;37;41;179;5,6;,6;
2019/08/26;0000 UTC;0;917,8;917,9;917,5;;20,6;9,2;22,5;20,6;9,3;8,7;48;41;48;228;4,3;1,1;
2019/08/26;0100 UTC;0;917,9;918;917,8;;19,8;9,2;20,5;19,8;9,4;9,1;50;48;50;205;4,7;1;
2019/08/26;0200 UTC;0;917,8;918;917,8;;18,9;9,2;19,9;18,9;9,3;9,2;53;50;53;234;4,7;,9;
2019/08/26;0300 UTC;0;917,5;917,8;917,5;;18,8;9;19,2;18,8;9,3;9;53;52;53;187;5,1;1,4;
2019/08/26;0400 UTC;0;917,4;917,6;917,4;;17,8;9,4;18,8;17,7;9,4;9;58;53;58;166;4,8;1,1;
2019/08/26;0500 UTC;0;917,3;917,5;917,3;;17;10,2;17,8;16,9;10,2;9,3;64;58;64;209;3,7;1;
2019/08/26;0600 UTC;0;917;917,4;917;;17,2;10,6;17,3;17;10,6;10,2;65;64;65;69;7;2;
2019/08/26;0700 UTC;0;917,4;917,5;917;;15,4;10,5;17,2;15,4;10,7;10,4;73;65;73;39;7;1,3;
2019/08/26;0800 UTC;0;917,9;917,9;917,4;;15;10,7;15,4;15;10,7;10,5;75;73;75;20;4,8;1,8;
2019/08/26;0900 UTC;0;918,3;918,4;917,8;;15,2;11;15,2;14,8;11;10,6;76;75;76;2;5,8;1,3;
2019/08/26;1000 UTC;0;918,7;918,7;918,2;58,4;16,2;11,5;16,2;15,1;11,5;10,9;76;73;73;25;6,6;2,6;
2019/08/26;1100 UTC;0;919,2;919,3;918,7;649,6;18,5;11,9;18,5;16,2;12;11,5;73;65;66;37;10,8;3,6;
2019/08/26;1200 UTC;0;919,3;919,4;919,2;1727,4;21,1;12,2;21,1;18,5;12,4;11,9;66;57;57;37;10,8;4;
2019/08/26;1300 UTC;0;919,2;919,4;919,2;2391,8;23,9;10,9;24,3;21,1;12,6;10,7;57;43;44;43;11,3;4,2;
2019/08/26;1400 UTC;0;919,1;919,3;919,1;2899,7;25,8;10,9;25,8;23,9;11,7;10,1;45;39;39;42;11,3;3,5;
2019/08/26;1500 UTC;0;918,1;919,2;918,1;3150,9;26,8;9,6;27,3;25,2;11,2;9,3;40;34;34;8;7,7;3,3;
2019/08/26;1600 UTC;0;917,3;918,1;917,3;3000;28,8;9;28,8;26,5;9,9;8;35;29;29;22;7,2;2,2;
2019/08/26;1700 UTC;0;916,5;917,3;916,5;2496;27,9;6,8;29,4;27,5;9,1;6,8;29;26;26;16;5,7;,9;
2019/08/26;1800 UTC;0;916,1;916,5;916,1;1956,7;29,7;6,7;29,7;27,5;8,7;6,3;29;23;23;64;4,8;2,2;
2019/08/26;1900 UTC;0;916;916,1;915,9;1420;28,2;6,8;29,8;28,2;7,2;6,1;26;23;26;49;5;2;
2019/08/26;2000 UTC;0;916,1;916,2;916;721;27,2;7,1;28,8;27,2;7,3;6;28;24;28;61;5;1,2;
2019/08/26;2100 UTC;0;916,5;916,5;916,1;89,2;24,1;7,5;27,2;24,1;7,7;7;35;28;35;26;3,4;,2;
2019/08/26;2200 UTC;0;916,8;916,8;916,5;;22,1;7,8;24,1;22,1;8;7,5;40;35;40;83;3,5;1,1;
2019/08/26;2300 UTC;0;917,1;917,2;916,8;;21,3;9,2;22,4;20,9;9,2;7,7;46;39;46;140;4,4;1,3;
2019/08/27;0000 UTC;0;917,5;917,6;917,1;;20,4;10,2;21,4;20,4;10,2;9,2;52;46;52;297;3,9;,9;
2019/08/27;0100 UTC;0;917,5;917,7;917,5;;19,9;10;20,4;19,8;10,2;10;53;52;53;227;4,3;,9;
2019/08/27;0200 UTC;0;917,9;917,9;917,5;;19,2;9,5;19,9;19,2;10;9,5;54;53;53;223;5,1;,9;
2019/08/27;0300 UTC;0;917,8;917,9;917,7;;18,8;9,2;19,3;18,7;9,5;9,2;54;52;54;325;3,1;,9;
2019/08/27;0400 UTC;0;917,2;917,8;917,2;;18,8;9,1;19;18,6;9,3;9;54;53;53;282;3,8;,9;
2019/08/27;0500 UTC;0;916,9;917,2;916,9;;18,8;9,3;19,1;18,3;9,3;9;55;53;54;40;7,4;2,2;
2019/08/27;0600 UTC;0;916,5;917;916,4;;17,8;10;18,8;17,8;10;9,3;60;54;60;45;7,9;2,3;
2019/08/27;0700 UTC;0;916,5;916,6;916,4;;17,6;10,5;17,8;17,6;10,5;10;63;60;63;47;7,2;2,5;
2019/08/27;0800 UTC;0;916,9;916,9;916,5;;17,3;10,6;17,6;17,3;10,6;10,5;65;63;65;45;7,2;2,3;
2019/08/27;0900 UTC;0;917,7;917,7;916,9;;17;10,5;17,3;17;10,6;10,5;66;65;66;41;6,9;2,2;
2019/08/27;1000 UTC;0;918,4;918,4;917,7;86,5;17,2;10,6;17,2;16,9;10,6;10,5;66;65;65;49;7;2,6;
2019/08/27;1100 UTC;0;919;919;918,4;700,4;20;10,8;20;17,2;11;10,6;65;55;55;46;11,9;3,5;
2019/08/27;1200 UTC;0;919,6;919,6;919;1738,8;22,2;10,9;22,2;20;11;10,5;55;49;49;43;11,9;3,6;
2019/08/27;1300 UTC;0;919,7;919,8;919,6;2419,7;24,8;9,7;24,8;22;11,2;9,2;49;38;39;28;11,2;4,1;
2019/08/27;1400 UTC;0;919,3;919,8;919,3;2922,5;26,4;9,1;26,5;24,6;9,9;9;39;34;34;28;9,8;3,3;
2019/08/27;1500 UTC;0;918,7;919,3;918,7;3189,7;27,4;8,1;27,8;25,5;9,3;8,1;35;30;30;31;8,5;2,5;
2019/08/27;1600 UTC;0;917,9;918,7;917,9;2910,3;28;7,7;28,2;26,5;8,7;7,1;32;27;28;56;7,5;1,8;
2019/08/27;1700 UTC;0;917;917,9;917;2338,4;28,5;7,2;28,9;27;8,5;6,7;29;26;26;91;6,4;2,1;
2019/08/27;1800 UTC;0;916,4;917;916,4;1461,9;28;6,6;29,1;27,1;7,5;6;28;24;26;111;6,4;1,6;
2019/08/27;1900 UTC;0;916,5;916,5;916,3;1164,9;27,4;7,3;29,2;27,4;7,3;5,9;28;24;28;187;6,2;1,8;
2019/08/27;2000 UTC;0;916,7;916,7;916,4;493;27,2;6,7;27,9;26,9;7,5;6,5;29;27;27;204;3,7;1,9;
2019/08/27;2100 UTC;0;917;917;916,7;105,4;24,6;6,1;27,3;24,6;7,5;6;31;27;30;95;3,2;1,5;
2019/08/27;2200 UTC;0;917,3;917,3;916,9;;22,9;7;24,6;22,9;7;6;36;30;36;72;3,3;2,2;
2019/08/27;2300 UTC;0;917,6;917,6;917,2;;22,8;7,2;24;22,8;7,2;6,5;37;33;37;104;3,6;1,3;
2019/08/28;0000 UTC;0;917,7;917,8;917,6;;21,7;8,1;22,8;21,7;8,1;7,3;42;37;42;141;4,6;1;
2019/08/28;0100 UTC;0;917,8;917,9;917,7;;21;8,8;21,7;20,9;8,8;8,1;46;42;46;160;3,2;,3;
2019/08/28;0200 UTC;0;917,5;917,8;917,5;;20,2;9,4;21,1;20;9,4;8,7;50;45;50;34;2,7;,6;
2019/08/28;0300 UTC;0;917,1;917,5;917,1;;20;9,7;20,3;19,9;9,8;9,4;52;50;51;123;3,2;1,3;
2019/08/28;0400 UTC;0;916,8;917,1;916,8;;20;9,3;20,5;19,9;9,7;9,3;52;49;50;101;4,9;,9;
2019/08/28;0500 UTC;0;916,3;916,8;916,2;;20,1;9;20,4;19,6;9,5;9;52;48;49;85;4,5;1,6;
2019/08/28;0600 UTC;0;916;916,3;915,9;;19,9;8,6;20,2;19,4;9,3;8,6;52;47;48;102;4,5;1,1;
2019/08/28;0700 UTC;0;916;916,1;915,9;;18,2;8,9;19,9;18,2;9;8,5;55;48;55;165;5,9;,5;
2019/08/28;0800 UTC;0;916,2;916,2;915,8;;17,2;9,3;18,1;17;9,3;8,9;60;55;60;343;4,1;,6;
2019/08/28;0900 UTC;0;916,4;916,4;916;;16,7;9,8;17,2;16,7;9,8;9,3;63;60;63;326;5,9;1,4;
2019/08/28;1000 UTC;0;917,3;917,3;916,4;118,8;17,5;10,2;17,5;16,7;10,2;9,7;64;62;62;1;4,8;1,3;
2019/08/28;1100 UTC;0;917,9;917,9;917,3;447,2;19,2;10,1;19,2;17,5;10,3;10,1;62;56;56;29;8,2;2,7;
2019/08/28;1200 UTC;0;918,3;918,3;917,9;714;20,2;10,5;20,2;19,2;10,5;10;56;54;54;26;8,8;3;
2019/08/28;1300 UTC;0;918,4;918,5;918,1;1431,5;22,6;10,4;22,7;20,2;10,7;10;54;45;46;31;9,5;3,9;
2019/08/28;1400 UTC;0;917,8;918,4;917,8;2519,4;24,5;9,3;25,6;22,4;10,8;9,3;46;37;38;31;10,1;4,8;
2019/08/28;1500 UTC;0;917,4;917,8;917,4;2098,7;24,9;9,6;25,8;24,4;10,1;9,2;39;37;38;54;9,7;2,8;
2019/08/28;1600 UTC;0;916,5;917,4;916,5;1714,3;26,6;9,2;26,6;24,7;9,8;8,4;38;33;33;98;6,4;2,3;
2019/08/28;1700 UTC;0;915,7;916,5;915,7;1954,1;27;7,2;27,2;26,1;9,3;6,8;33;28;29;38;7,3;1,8;
2019/08/28;1800 UTC;0;915,5;915,7;915,5;1559,4;26,9;8,2;27,8;26,5;8,9;5,5;32;26;31;92;5,7;2,2;
2019/08/28;1900 UTC;0;915,5;915,6;915,4;1095,8;25,4;8,5;27,2;25,4;8,9;7,6;34;30;34;105;6,6;3,5;
2019/08/28;2000 UTC;0;915,7;915,7;915,5;479,8;24,3;6,3;25,5;24,3;8,5;6,3;35;31;32;113;7,2;3,9;
2019/08/28;2100 UTC;0;915,9;915,9;915,7;70,5;22,7;9,8;24,3;22,7;9,8;6,1;44;31;44;115;7,2;2,7;
2019/08/28;2200 UTC;0;916,2;916,2;915,8;;21,7;9,4;22,7;21,6;10,1;9,3;46;44;46;112;5,6;2,2;
2019/08/28;2300 UTC;0;916,7;916,7;916,2;;21,1;10;21,7;21,1;10,1;9,4;49;46;49;132;4,9;,7;
2019/08/29;0000 UTC;0;916,9;916,9;916,7;;20,6;9,7;21,1;20,6;10,2;9,7;50;49;50;107;2,9;1,5;
2019/08/29;0100 UTC;0;916,3;916,9;916,3;;20,2;8,9;20,6;20,1;9,7;8,9;50;48;48;28;4,3;1;
2019/08/29;0200 UTC;0;916,2;916,3;916;;19,7;8,7;20,2;19,7;9;8,7;49;48;49;48;7,8;2,4;
2019/08/29;0300 UTC;0;915,9;916,2;915,8;;19;8,7;19,7;19;8,8;8,5;51;49;51;285;8,1;1,4;
2019/08/29;0400 UTC;0;915,4;915,9;915,4;;18,1;8,8;19,1;18,1;8,8;8,7;54;51;54;357;6;1,3;
2019/08/29;0500 UTC;0;914,8;915,4;914,7;;18;8,8;18,2;18;8,8;8,7;55;54;55;29;7;2,2;
2019/08/29;0600 UTC;0;914,5;914,8;914,5;;17,7;8,9;18,1;17,7;9;8,8;57;55;57;26;8;2,8;
2019/08/29;0700 UTC;0;914,3;914,5;914,2;;17,2;9,1;17,7;17,1;9,1;8,9;59;57;59;23;7,8;2,9;
2019/08/29;0800 UTC;0;914,4;914,5;914,3;;16,9;9,2;17,2;16,9;9,3;9,1;61;59;61;40;8,9;2,4;
2019/08/29;0900 UTC;0;915;915,1;914,4;;16,3;9,4;16,9;16,3;9,4;9,2;64;61;64;50;8,7;2,8;
2019/08/29;1000 UTC;0;915,6;915,6;914,8;94,4;16,5;9,4;16,5;16,2;9,4;9,3;64;63;63;52;9,6;2,8;
2019/08/29;1100 UTC;0;916,1;916,2;915,6;586,6;18,4;9;18,4;16,5;9,6;9;63;55;55;43;9,6;3,8;
2019/08/29;1200 UTC;0;916,8;916,8;916,1;1315;20,3;9,3;20,6;18,4;9,5;8,9;55;49;49;39;11,9;3,2;
2019/08/29;1300 UTC;0;916,7;917;916,6;1665,2;24;8,7;24,2;20,3;9,9;8,7;49;38;38;36;10,5;3,6;
2019/08/29;1400 UTC;0;916,5;916,9;916,5;1955,2;24,7;8,6;24,8;22,8;9,1;8,2;40;36;36;29;9,2;3;
2019/08/29;1500 UTC;0;915,6;916,5;915,6;2895,7;25,6;8,1;26,8;24,6;9;7,9;36;32;33;27;8,5;3,8;
2019/08/29;1600 UTC;0;914,7;915,6;914,6;2825,7;26,8;8;27,5;25,6;9;8;33;30;30;32;8,5;2,6;
2019/08/29;1700 UTC;0;914,2;914,7;914,1;1268,4;26,5;8,2;28,1;26,1;8,9;7,6;32;29;31;346;5,9;2,4;
2019/08/29;1800 UTC;0;913,9;914,2;913,8;1171;26,6;7,8;27,5;26,5;8,6;7,8;32;30;30;32;5,6;1,6;
2019/08/29;1900 UTC;0;913,7;913,9;913,6;913,7;27,3;8,1;27,7;26,4;8,4;7,8;32;29;30;349;4,7;,8;
2019/08/29;2000 UTC;0;914,1;914,1;913,7;392,2;26;8,5;27,7;26;8,7;7,9;33;30;33;74;3,8;,1;
2019/08/29;2100 UTC;0;914,6;914,6;914,1;65,7;23,3;9,4;26;23,3;9,5;8,3;41;33;41;55;2;,8;
2019/08/29;2200 UTC;0;914,8;914,9;914,5;;22;9,1;23,3;22;9,3;9,1;44;41;44;80;3,1;1,4;
2019/08/29;2300 UTC;0;915,5;915,5;914,8;;21,7;9;22;20,9;9,1;8,9;47;43;44;89;4,9;1,9;
2019/08/30;0000 UTC;0;916;916;915,5;;20,2;10;21,7;19,9;10,1;9;53;44;52;332;4,9;,7;
2019/08/30;0100 UTC;0;916,1;916,1;916;;19,5;9,9;20,2;19,5;10,1;9,8;54;52;54;30;4,9;1,5;
2019/08/30;0200 UTC;0;916;916,1;916;;18,8;9,7;19,5;18,8;9,9;9,7;56;54;56;35;6;1,6;
2019/08/30;0300 UTC;0;915,7;916;915,7;;18,7;9,5;18,8;18,5;9,8;9,5;56;55;55;24;6,3;1,5;
2019/08/30;0400 UTC;0;915,2;915,8;915,2;;18,9;9,3;19;18,7;9,5;9,3;55;54;54;9;5,2;1,3;
2019/08/30;0500 UTC;0;914,5;915,2;914,5;;18,8;9,1;19,1;18,8;9,3;9,1;54;53;53;13;3,2;1,1;
2019/08/30;0600 UTC;0;914,1;914,5;914,1;;17,7;8,1;18,8;17,7;9,1;8,1;54;53;53;15;3,8;1,8;
2019/08/30;0700 UTC;0;914,1;914,1;914;;17;7,4;17,7;17;8,1;7,4;53;52;53;46;4,3;1,5;
2019/08/30;0800 UTC;0;914,6;914,6;914;;16,3;7,3;17,1;16,2;7,4;7,2;55;53;55;65;4,7;1,5;
2019/08/30;0900 UTC;0;915,2;915,2;914,6;;16;7,2;16,3;16;7,3;7,2;56;55;56;60;4,8;1,7;
2019/08/30;1000 UTC;0;915,7;915,7;915,2;72,4;17,7;7,5;17,7;16;7,5;7,2;56;51;51;54;5,7;2,7;
2019/08/30;1100 UTC;0;916,2;916,2;915,7;758,5;21,7;7,4;21,8;17,7;7,8;7,4;51;39;39;55;7,9;2,6;
2019/08/30;1200 UTC;0;916,3;916,5;916,2;1749,9;23,5;7,2;23,6;21,7;7,7;6,8;40;35;35;35;7,9;3,5;
2019/08/30;1300 UTC;0;916,3;916,5;916,3;2422,7;26,2;7,6;26,4;23,4;7,9;7,3;36;30;31;24;9,2;4,2;
2019/08/30;1400 UTC;0;915,8;916,3;915,8;2906,2;28;7,3;28,3;26,2;8,2;7,3;31;27;27;4;8,4;3,7;
2019/08/30;1500 UTC;0;914,9;915,8;914,9;3120,8;29,3;7,5;29,7;27,6;8,2;6,5;28;24;26;314;8,1;1,6;
2019/08/30;1600 UTC;0;913,9;914,9;913,9;2957,4;30,3;6,6;31,1;28,7;7,6;5,7;26;21;23;318;7,5;1,9;
2019/08/30;1700 UTC;0;912,8;913,9;912,8;2573,4;30,9;6,5;31,4;29,8;6,7;5,3;23;20;22;198;6;1;
2019/08/30;1800 UTC;0;912,2;912,8;912,2;2226;31;5,8;32,1;30,1;6,8;4,8;22;19;21;244;5,5;2,2;
2019/08/30;1900 UTC;0;912;912,2;911,8;1362,1;29,7;5,6;31,8;29,7;6,2;4,7;22;19;22;253;5,9;1,7;
2019/08/30;2000 UTC;0;912,3;912,3;912;881,5;29,4;6,5;31,1;29,4;6,5;4,8;24;20;24;214;5,4;2,3;
2019/08/30;2100 UTC;0;912,6;912,6;912,3;115,6;26,7;6,6;29,4;26,7;7,3;6,3;28;23;28;148;4;1,5;
2019/08/30;2200 UTC;0;913;913;912,6;;23,3;8,5;26,7;23,3;8,6;6,2;39;28;39;311;3,4;,5;
2019/08/30;2300 UTC;0;913,5;913,5;913;;22;8,1;23,3;21;9,6;8,1;48;39;41;84;3,6;1,6;
2019/08/31;0000 UTC;0;913,9;913,9;913,5;;23,6;7,1;23,7;22;8;6,9;41;34;35;89;4,4;3;
2019/08/31;0100 UTC;0;914,1;914,1;913,9;;22,3;7,6;23,8;22,3;7,7;7,1;39;34;39;79;5,3;2,4;
2019/08/31;0200 UTC;0;914,4;914,6;914,1;;21,1;9;22,4;20,5;9;7,5;47;38;46;73;5,6;2,5;
2019/08/31;0300 UTC;0;914,4;914,5;914,3;;20,2;9,5;21,1;20,1;9,5;9;50;46;50;69;4,7;1,8;
2019/08/31;0400 UTC;0;914;914,4;914;;19,6;9,7;20,2;19,5;9,8;9,5;53;50;53;70;3,4;1,1;
2019/08/31;0500 UTC;0;913,5;914;913,5;;19,5;9,5;19,6;19,3;9,6;9,4;53;52;52;72;4,8;1,8;
2019/08/31;0600 UTC;0;913,2;913,5;913,2;;19,3;9,4;19,5;19,3;9,5;9,4;53;52;53;62;5;2,1;
2019/08/31;0700 UTC;0;913,1;913,3;913,1;;19,1;9,4;19,8;19,1;9,5;9,4;53;52;53;66;6,2;2;
2019/08/31;0800 UTC;0;913,4;913,4;913;;18,4;9,5;19,2;18,4;9,6;9,4;56;53;56;69;4,9;1,8;
2019/08/31;0900 UTC;0;914;914;913,4;;19,1;9,5;19,3;18,4;9,7;9,4;56;53;54;72;6;2,9;
2019/08/31;1000 UTC;0;914,4;914,4;914;81,4;20,3;9,8;20,3;18,3;9,8;9,4;57;51;51;68;6,3;3,6;
2019/08/31;1100 UTC;0;914,8;914,8;914,4;788,1;23,7;9,6;23,7;20,3;10,1;9,4;51;41;41;27;7,8;3,6;
2019/08/31;1200 UTC;0;915,3;915,3;914,7;1716,8;25,6;9,7;25,8;23,6;10;9,4;41;36;37;8;9,5;4,8;
2019/08/31;1300 UTC;0;915,5;915,6;915,3;2374,6;27,8;9,2;27,9;25,6;9,9;9,1;37;31;31;9;10,9;5,2;
2019/08/31;1400 UTC;0;914,9;915,5;914,9;2855,6;29,8;8,6;30,3;27,7;9,7;8,6;32;26;27;354;9,9;4,5;
2019/08/31;1500 UTC;0;914,1;914,9;914,1;3082;31,4;8,3;32;29,7;9,5;8;28;23;24;335;8;3;
2019/08/31;1600 UTC;0;913,4;914,1;913,4;2566,5;32,4;8,4;32,9;30,5;9,2;7,7;25;22;23;315;8,3;3,3;
2019/08/31;1700 UTC;0;912,3;913,4;912,3;2297,4;31,5;7,8;33,3;31,4;8,9;7,8;24;22;23;332;9,2;2,1;
2019/08/31;1800 UTC;0;912;912,3;912;942,6;31,6;8,5;32,4;30,9;8,8;7,9;24;23;24;270;6,8;2,9;
2019/08/31;1900 UTC;0;911,7;912;911,7;1146,2;32;8;32,5;31,1;8,8;7,3;24;21;23;297;5,4;1,4;
2019/08/31;2000 UTC;0;911,6;911,7;911,6;562,7;31,1;8;32;30,6;8,6;7,6;25;22;24;344;4;1,2;
2019/08/31;2100 UTC;0;911,9;911,9;911,6;114,8;28,4;9;31,2;28,1;9,2;8;30;24;30;138;3,5;,5;
2019/08/31;2200 UTC;0;912,1;912,2;911,9;;26,3;9,9;28,4;25,9;9,9;8,7;36;30;36;58;2,9;1,1;
2019/08/31;2300 UTC;0;912,5;912,5;912,1;;24;10,7;26,2;23,2;11,6;9,4;48;36;43;74;2,1;,7;
2019/09/01;0000 UTC;0;912,7;912,7;912,5;;22,4;10,4;24,5;22,4;11;9,8;47;40;47;29;3,6;,3;
2019/09/01;0100 UTC;0;913;913;912,7;;23,6;10,1;23,6;22,1;10,5;10;48;43;43;52;3,3;1,3;
2019/09/01;0200 UTC;0;913;913,1;912,9;;21,3;10,7;23,7;21,3;10,7;10;51;42;51;195;3,3;,2;
2019/09/01;0300 UTC;0;912,8;913,1;912,8;;23,4;9,7;23,4;21,1;10,7;9,7;51;42;42;72;4,6;2,2;
2019/09/01;0400 UTC;0;912,2;912,8;912,1;;22,1;9,9;23,4;22,1;9,9;9,7;46;42;46;78;5,4;2,5;
2019/09/01;0500 UTC;0;912,4;912,6;912;;21,5;10,4;22,4;21,2;10,6;9,9;50;46;49;209;7,8;1;
2019/09/01;0600 UTC;0;912,1;912,4;912,1;;19,8;10,6;21,6;19,8;10,7;10,3;56;49;56;89;3;,2;
2019/09/01;0700 UTC;0;911,7;912,2;911,7;;18,1;10,8;19,8;18,1;10,8;10,5;62;56;62;60;2,6;,3;
2019/09/01;0800 UTC;0;912,1;912,1;911,7;;16,7;11,1;18,1;16,6;11,2;10,5;69;62;69;258;1,2;0;
2019/09/01;0900 UTC;0;912,3;912,3;912;;17,4;10,7;17,5;16,5;11,3;10,5;70;65;65;56;3,5;1,4;
2019/09/01;1000 UTC;0;913,3;913,3;912,3;115,6;18,9;10,9;19,1;17,4;11,2;10,7;65;60;60;55;5,4;1;
2019/09/01;1100 UTC;0;913,7;913,7;913,3;639,5;23,1;11,7;23,2;18,5;12;10,8;61;48;49;52;3,5;1;
2019/09/01;1200 UTC;0;914,1;914,1;913,6;850,3;25,3;10,4;25,3;22,9;12;10,2;49;39;39;16;5,7;3;
2019/09/01;1300 UTC;0;914;914,2;914;1641,1;26,9;9,7;27,6;25,2;10,3;9,4;39;33;34;11;6,8;3,1;
2019/09/01;1400 UTC;0;913,1;914;913;2649,9;30,2;9,1;30,3;26,8;10,6;9,1;35;27;27;358;10;5;
2019/09/01;1500 UTC;0;912,4;913,1;912,4;3155,2;31,8;9,2;32,1;30;9,8;8,5;27;25;25;339;11,6;3,9;
2019/09/01;1600 UTC;0;911,4;912,4;911,3;2650,6;31,6;9;32,7;31;9,6;8,6;26;24;25;327;10,1;4,7;
2019/09/01;1700 UTC;0;910,3;911,4;910,2;2683,3;33,2;8,2;33,7;31,4;9,7;8,2;25;21;21;309;9,5;4,2;
2019/09/01;1800 UTC;0;909,8;910,3;909,6;1427;32,3;8,5;33,2;31,9;9,1;8,3;24;21;23;333;8,7;3,4;
2019/09/01;1900 UTC;0;909,9;910;909,8;638,2;31,5;8,3;32,4;31,4;8,7;8;24;23;24;326;7,5;4;
2019/09/01;2000 UTC;0;910;910;909,8;721,3;31,2;8,1;32;31,2;8,7;8,1;24;23;24;328;7,5;3,4;
2019/09/01;2100 UTC;0;910,1;910,1;909,9;85,1;28,4;8,7;31,2;28,4;8,7;8,1;29;24;29;3;6,7;1,9;
2019/09/01;2200 UTC;0;910,3;910,3;910,1;;26,2;8,9;28,4;26;9,2;8,8;34;29;34;70;3,1;1,2;
2019/09/01;2300 UTC;0;910,6;910,7;910,3;;25,5;9,8;26,6;25;9,9;8,8;39;33;37;228;4,9;1,9;
2019/09/02;0000 UTC;0;912,1;912,1;910,6;;23;13,8;25,5;23;13,8;9,8;56;37;56;218;7;3,7;
2019/09/02;0100 UTC;0;913,6;913,6;912,1;;21,1;14,2;23;21;14,3;13,8;65;56;65;208;9,6;3,9;
2019/09/02;0200 UTC;0;913,8;913,9;913,5;;19,9;13,3;21,1;19,9;14,2;13,3;66;64;66;168;10,5;4,1;
2019/09/02;0300 UTC;0;914,6;915,2;913,8;;19,1;13,2;19,9;19,1;13,4;13,1;68;65;68;175;9,9;4,2;
2019/09/02;0400 UTC;0;914,4;914,8;914,4;;19;13,1;19,1;18,9;13,2;13;69;68;68;175;8,2;2,4;
2019/09/02;0500 UTC;0;913,4;914,6;913,3;;18,2;13,1;19,1;18,2;13,2;13;72;68;72;164;6,2;2,7;
2019/09/02;0600 UTC;0;912,1;913,3;912,1;;17,1;12,9;18,2;17,1;13,2;12,9;76;72;76;53;5,5;1,7;
2019/09/02;0700 UTC;0;911,8;912,2;911,8;;17,4;13,1;17,5;17,1;13,1;12,8;77;75;76;66;4;2,4;
2019/09/02;0800 UTC;0;912;912;911,7;;17,6;12,9;17,8;17,4;13,1;12,9;76;74;74;59;5,2;2,9;
2019/09/02;0900 UTC;0;913;913;912;;18,3;12,8;18,3;17,5;13,1;12,8;74;71;71;91;4,6;1,2;
2019/09/02;1000 UTC;0;913,6;913,6;913;116,1;18,1;13,2;18,3;17,6;13,3;12,7;74;70;73;49;3,4;1,5;
2019/09/02;1100 UTC;0;913,7;913,7;913,5;662;22;13,2;22;18,1;13,6;13,1;73;57;57;48;5,8;1,9;
2019/09/02;1200 UTC;0;914,1;914,1;913,7;1613,7;24,2;12,3;24,5;21,9;13,3;12;58;46;48;58;6;2,1;
2019/09/02;1300 UTC;0;913,9;914,2;913,9;2283,5;27,3;11,8;27,7;24,2;12,5;11,4;48;37;38;43;7,1;2,5;
2019/09/02;1400 UTC;0;913,3;913,9;913,3;2769,7;29,2;9,9;29,6;27,3;11,9;9,9;38;30;30;20;8,3;4;
2019/09/02;1500 UTC;0;912,6;913,3;912,6;3024,2;29,9;9,9;30,6;28,6;11;9,7;31;29;29;30;8,2;2,8;
2019/09/02;1600 UTC;0;911,6;912,5;911,6;2931,8;31,2;10,2;31,6;29,5;10,8;9,7;30;27;28;360;6,8;3;
2019/09/02;1700 UTC;0;910,8;911,7;910,8;2604,2;31,6;9,4;32,7;30,6;10,4;8,8;28;25;25;335;7,6;1,8;
2019/09/02;1800 UTC;0;910,4;910,8;910,4;1459,6;32,4;10;32,4;30,6;10,3;9,2;28;25;25;323;6,1;2,9;
2019/09/02;1900 UTC;0;910,4;910,4;910,3;1026,4;32;9,9;32,6;30,8;10,1;9,2;27;25;26;335;7;2,8;
2019/09/02;2000 UTC;0;910,7;910,8;910,4;598,6;30,3;9,7;32,2;30,2;10,3;9,4;28;25;28;319;7;1,5;
2019/09/02;2100 UTC;0;911,2;911,2;910,8;37,2;27,8;10,3;30,3;27,6;11,4;9,8;37;28;34;91;3,6;1,1;
2019/09/02;2200 UTC;0;911,7;911,7;911,2;;26,3;12;27,8;25,9;12,5;10,3;43;34;41;183;2,4;1,1;
2019/09/02;2300 UTC;0;912,3;912,4;911,7;;25,3;12,1;26,3;24,7;12,6;11,8;47;41;44;137;3,7;,4;
2019/09/03;0000 UTC;0;912,7;912,8;912,3;;22,3;12,9;25,6;22,3;12,9;12,2;55;44;55;50;2,9;1,2;
2019/09/03;0100 UTC;0;912,9;912,9;912,7;;22,7;12,7;23,5;22,3;13,2;12,4;57;50;53;68;3,3;1,1;
2019/09/03;0200 UTC;0;913,1;913,1;912,9;;22,3;13,2;22,8;22,3;13,2;12,6;56;53;56;56;3,6;1,8;
2019/09/03;0300 UTC;0;913,2;913,2;913;;23,2;13;23,2;22,2;13,4;13;57;53;53;26;5;1,3;
2019/09/03;0400 UTC;0;912,9;913,2;912,9;;22,9;12,8;23,2;22,8;13;12,7;54;52;53;32;4,9;1;
2019/09/03;0500 UTC;0;912,6;913;912,6;;22;12,6;23,1;21,7;13,1;12,6;57;52;55;49;2,9;,9;
2019/09/03;0600 UTC;0;912,3;912,6;912,2;;21,4;11,9;22;20,9;12,6;11,9;58;55;55;67;4,3;2,7;
2019/09/03;0700 UTC;0;912;912,3;912;;21,3;11,5;21,4;20,9;11,9;11,5;56;54;54;66;5,7;2,8;
2019/09/03;0800 UTC;0;912,3;912,3;912;;20,7;11,7;21,3;20,7;11,7;11,5;57;54;57;73;5,3;2,7;
2019/09/03;0900 UTC;0;913;913;912,2;;20,2;11,6;20,7;20,2;11,8;11,6;58;57;58;70;5;2,2;
2019/09/03;1000 UTC;0;913,9;913,9;913;105,8;21,2;12;21,2;20;12;11,6;58;55;56;53;5,5;2,4;
2019/09/03;1100 UTC;0;914;914;913,9;825,5;25,2;11,5;25,2;21,2;12,6;11,5;56;42;42;14;8,9;3,4;
2019/09/03;1200 UTC;0;914,5;914,5;914;1644,6;27;11,1;27;25,1;11,6;10,8;42;37;37;28;9,7;4,7;
2019/09/03;1300 UTC;0;914,8;914,8;914,5;2300,5;28,7;10,1;28,8;27;11,1;9,9;37;31;31;13;10,6;5,6;
2019/09/03;1400 UTC;0;914,3;914,9;914,3;2801,2;30,6;9,9;30,9;28,7;10,6;9,8;31;28;28;13;10,7;5,2;
2019/09/03;1500 UTC;0;913,5;914,3;913,5;3021,1;32,4;9,5;32,4;30,6;10,5;8,8;28;24;24;353;11,2;4,4;
2019/09/03;1600 UTC;0;912,9;913,5;912,9;2505,9;33,2;9,5;33,7;31,5;9,6;8,4;25;22;23;348;9,6;2,4;
2019/09/03;1700 UTC;0;912,3;912,9;912,3;1809,7;32,3;8,3;33,7;32,3;9,2;8,2;23;21;23;325;8,8;3,5;
2019/09/03;1800 UTC;0;912;912,3;911,9;1669,5;33,1;8,6;33,6;31,9;9,3;8,3;24;22;22;322;8,3;4;
2019/09/03;1900 UTC;0;911,8;912,1;911,8;1082,5;32,2;8,5;33,7;32,1;9,1;8,1;23;21;23;342;8;2,4;
2019/09/03;2000 UTC;0;912;912;911,7;547,8;31,8;8,9;32,6;31,5;8,9;8,4;25;23;24;339;6,3;2,3;
2019/09/03;2100 UTC;0;912,6;912,6;911,9;59,8;28,8;9,1;31,8;28,8;9,1;8,6;29;24;29;21;5,6;1;
2019/09/03;2200 UTC;0;913,2;913,2;912,6;;26,6;9,5;28,8;26,6;9,7;9,1;34;29;34;186;3,3;,6;
2019/09/03;2300 UTC;0;913,8;913,9;913,2;;25;10,7;27;25;11;9,5;41;34;41;75;2,7;,2;
2019/09/04;0000 UTC;0;914,2;914,2;913,8;;23,9;11,3;25;23,1;11,8;10,8;49;41;45;133;2,4;1,1;
2019/09/04;0100 UTC;0;914,6;914,6;914,1;;22,8;12,4;23,9;21,7;12,5;11,2;54;45;52;145;3,2;,1;
2019/09/04;0200 UTC;0;914,5;914,7;914,5;;21,5;13,7;22,8;21,3;13,8;11,9;61;52;61;67;3,4;2,2;
2019/09/04;0300 UTC;0;914,4;914,5;914,4;;22,1;14;22,1;21,5;14,5;13,8;63;60;60;61;3,1;1,5;
2019/09/04;0400 UTC;0;914;914,4;914;;22;13,9;22,2;21;14;13,6;63;60;60;63;2,9;1,8;
2019/09/04;0500 UTC;0;913,8;914;913,8;;21,1;13,5;22,3;20,4;13,9;13,2;65;58;62;68;2,9;1,5;
2019/09/04;0600 UTC;0;913,8;913,8;913,5;;20,7;12,8;21,4;20,5;13,5;12,8;62;60;61;63;2,7;,5;
2019/09/04;0700 UTC;0;914,2;914,2;913,8;;21,4;12,9;21,4;20;13;12,5;63;58;58;114;3,6;2,1;
2019/09/04;0800 UTC;0;914,6;914,6;914,2;;18,9;12,7;21,6;18,9;13;12,5;67;58;67;75;3,6;,8;
2019/09/04;0900 UTC;0;915,1;915,1;914,6;;19,2;13;19,9;17,6;13,5;11,8;72;64;67;70;3,9;1,9;
2019/09/04;1000 UTC;0;916,1;916,1;915,1;102,5;19,3;13;19,4;18,1;13,1;12,4;71;66;67;29;3,9;,9;
2019/09/04;1100 UTC;0;916,5;916,5;916;912,1;24;12,6;24;19,3;13,4;12,5;67;49;49;358;2,8;1,5;
2019/09/04;1200 UTC;0;917,1;917,1;916,5;1724,7;27,5;10,1;27,5;24;12,7;10,1;49;34;34;5;5;2,2;
2019/09/04;1300 UTC;0;917,3;917,4;917,1;2391,5;30,1;9,3;30,1;27,4;10,5;8,8;34;27;28;1;6,5;1,9;
2019/09/04;1400 UTC;0;916,9;917,3;916,8;2877,7;31,3;8,6;31,7;30;9,7;8,2;28;24;25;22;5,4;2,1;
2019/09/04;1500 UTC;0;916;916,9;916;3100,5;32,5;7,8;33,1;31;9,3;6,7;25;20;22;10;5,4;1,5;
2019/09/04;1600 UTC;0;915,3;916;915,3;3023,8;33,8;7,8;34,6;32,2;8,5;7;22;19;20;249;6,5;2,2;
2019/09/04;1700 UTC;0;914,5;915,3;914,5;2723,2;34,2;8;34,8;32,8;8,3;7,2;21;19;20;50;5,9;1,9;
2019/09/04;1800 UTC;0;913,9;914,5;913,9;1205,6;33,8;7,6;34,2;32,4;8,1;7,1;21;19;20;297;5,1;,4;
2019/09/04;1900 UTC;0;913,7;913,9;913,6;1393,4;33,4;7,7;34,5;32,8;7,9;6,9;21;19;21;194;3,6;,9;
2019/09/04;2000 UTC;0;913,9;913,9;913,6;799,9;32,2;8,6;33,7;32,1;8,9;7,9;23;21;23;204;5,4;3;
2019/09/04;2100 UTC;0;914,3;914,4;913,9;115,4;29,6;9,1;32,2;29,6;9,5;8,5;28;23;28;149;4,7;1,6;
2019/09/04;2200 UTC;0;915;915;914,3;;28,9;9;29,6;28,9;9,1;8,8;29;28;29;148;3,6;1,8;
2019/09/04;2300 UTC;0;915,5;915,5;915;;25,3;11,1;28,9;25,1;12,1;8,9;44;29;41;91;3,6;1;
2019/09/05;0000 UTC;0;915,8;915,8;915,5;;27,7;9,8;28,2;25,3;11;8,7;41;30;33;116;4,2;1,9;
2019/09/05;0100 UTC;0;916;916,1;915,8;;26,7;9,7;27,7;24,4;10,8;9,2;42;32;34;126;5,1;2,5;
2019/09/05;0200 UTC;0;916,2;916,3;916;;25,7;9,2;26,8;24,8;10;9,1;39;34;35;131;5,1;1,7;
2019/09/05;0300 UTC;0;916,2;916,4;916,2;;23,1;9,6;25,7;22,6;10,5;9,1;44;35;42;66;3,7;1,8;
2019/09/05;0400 UTC;0;915,7;916,2;915,7;;22;10,4;23,1;21,6;10,4;9,5;48;42;48;77;2,8;1,7;
2019/09/05;0500 UTC;0;915,4;915,8;915,4;;21,5;10,1;22;21,5;10,5;10,1;49;48;48;66;2,8;1,9;
2019/09/05;0600 UTC;0;915,3;915,4;915,1;;21,1;10,4;21,5;20,7;10,4;10;51;48;50;43;2,8;1,3;
2019/09/05;0700 UTC;0;915,4;915,5;915,2;;20,4;10,1;21,2;20,4;10,4;9,9;52;49;52;57;1,9;,6;
2019/09/05;0800 UTC;0;915,5;915,6;915,4;;19,4;10,1;20,4;19,3;10,4;10,1;56;52;55;27;2,1;,9;
2019/09/05;0900 UTC;0;915,9;915,9;915,4;;19,4;11,5;19,4;18,7;11,5;10,1;61;55;60;64;2,2;,6;
2019/09/05;1000 UTC;0;916,5;916,5;915,9;120,9;21,2;11,5;21,2;19,4;11,7;11,2;60;54;54;7;2,9;,9;
2019/09/05;1100 UTC;0;916,8;916,8;916,5;956,8;26,3;8;26,3;21,2;11,6;7,9;54;31;31;24;7,5;3,2;
2019/09/05;1200 UTC;0;917,4;917,4;916,8;1798,1;27,9;7,9;28,3;26,3;8,1;7,4;32;28;28;43;8,2;3,7;
2019/09/05;1300 UTC;0;917,5;917,6;917,3;2448,9;30,6;7,5;30,6;27,9;8,3;7;29;23;24;35;8,7;2,9;
2019/09/05;1400 UTC;0;917,1;917,6;917,1;2909,8;32,5;7,1;32,5;30,3;7,6;6,4;24;20;21;57;8,3;3;
2019/09/05;1500 UTC;0;916,4;917,1;916,3;3132,4;33,4;5,7;33,8;31,7;7,4;5,6;21;18;18;15;7,3;2,3;
2019/09/05;1600 UTC;0;915,5;916,4;915,5;2990,2;34,7;6;34,7;33,1;6,5;4,8;19;16;17;339;6,1;1,9;
2019/09/05;1700 UTC;0;914,8;915,6;914,8;2561,2;34,6;6,1;34,9;32,7;6,7;5,1;19;16;17;353;7,2;2;
2019/09/05;1800 UTC;0;914,2;914,8;914,2;2268,5;34,8;5,8;35,2;33,3;6,6;5,3;18;16;17;33;6,3;1,9;
2019/09/05;1900 UTC;0;914,2;914,3;914,2;679,2;32,8;6,9;34,7;32,8;7;5,6;20;17;20;34;4,8;1,5;
2019/09/05;2000 UTC;0;914,5;914,5;914,2;451,4;31,9;7,7;33,6;31,9;7,8;6,3;22;19;22;104;3,6;1,5;
2019/09/05;2100 UTC;0;914,9;914,9;914,5;34;29,7;9,3;31,9;29,7;9,3;7,9;28;22;28;92;4,9;1,2;
2019/09/05;2200 UTC;0;915,3;915,3;914,9;;27;10,5;29,7;27;10,5;9,3;36;28;36;134;5,9;,7;
2019/09/05;2300 UTC;0;915,8;915,8;915,3;;26,8;10,9;27;26,6;10,9;10,1;37;36;37;92;5,5;1,3;
2019/09/06;0000 UTC;0;916,6;916,7;915,8;;27,3;10,8;27,3;26;11,6;10,8;40;36;36;153;7,3;3,8;
2019/09/06;0100 UTC;0;917;917,1;916,6;;25,5;11,5;27,7;25,5;11,6;10,5;42;34;42;99;7,6;,5;
2019/09/06;0200 UTC;0;917;917,5;917;;23,7;14,9;25,8;23,7;14,9;11,5;58;41;58;97;10,6;1,9;
2019/09/06;0300 UTC;0;916,2;917;916,2;;22,9;15;23,7;22,9;15,1;14,9;61;58;61;69;11,3;2,8;
2019/09/06;0400 UTC;0;916,1;916,2;915,8;;22;14,9;22,9;22;15;14,9;64;61;64;38;11,8;2,2;
2019/09/06;0500 UTC;0;915,9;916,3;915,8;;21,1;14,7;22;21,1;14,9;14,7;67;64;67;25;9,2;2,3;
2019/09/06;0600 UTC;0;916,1;916,1;915,9;;20,7;14,6;21,1;20,7;14,7;14,6;68;67;68;123;8,8;1,6;
2019/09/06;0700 UTC;0;915,5;916,1;915,5;;20,1;14,6;20,7;20,1;14,7;14,6;71;68;71;208;10,1;2,1;
2019/09/06;0800 UTC;0;916,2;916,2;915,4;;19,3;14,7;20,1;19,3;14,8;14,6;75;71;75;314;10,4;2,5;
2019/09/06;0900 UTC;0;916,9;916,9;916,2;;19,2;14,8;19,3;19,1;14,8;14,7;76;75;76;215;7,1;1,9;
2019/09/06;1000 UTC;0;917,5;917,5;916,9;219;20;14,9;20,1;19,1;15;14,7;76;72;72;43;7,7;2,2;
2019/09/06;1100 UTC;0;918;918;917,5;765,7;21,5;15;21,5;20;15,1;14,8;72;67;67;35;10,8;4,3;
2019/09/06;1200 UTC;0;918,1;918,2;918;1779,1;24,1;14,9;24,1;21,5;15,2;14,8;67;56;56;44;13,1;5;
2019/09/06;1300 UTC;0;917,9;918,1;917,9;2402,5;25,9;14,5;26,1;24;15,1;14,1;57;48;50;48;13,2;4,6;
2019/09/06;1400 UTC;0;917,2;917,9;917,2;2905,4;28;13;28;25,9;14,8;13;50;40;40;44;13,8;4,7;
2019/09/06;1500 UTC;0;916,8;917,3;916,7;3126,8;28,9;11,6;29,4;27,5;13,9;11,3;43;34;34;30;13,8;4,8;
2019/09/06;1600 UTC;0;916,3;916,8;916,3;2988,4;30,6;11,2;31,4;28,7;12;10,8;35;30;30;25;11,2;3,9;
2019/09/06;1700 UTC;0;915,3;916,3;915,3;2604,8;30,8;10,6;31,9;30;11,8;10,6;31;28;29;48;8,9;3,4;
2019/09/06;1800 UTC;0;914,9;915,3;914,9;2199,7;31,4;11,2;32;30,4;12,1;10,6;30;28;29;24;7,5;3,1;
2019/09/06;1900 UTC;0;914,9;914,9;914,7;1721,9;31,5;11,4;31,9;30,8;11,6;10,9;30;28;29;21;8;3;
2019/09/06;2000 UTC;0;915,1;915,2;914,9;438,2;25,4;13;31,6;25,4;14,4;11;48;29;46;104;9,6;3,6;
2019/09/06;2100 UTC;0;915,5;915,5;915,1;121,1;24,9;13,7;25,6;24,1;14,9;13,4;55;46;50;109;7,3;3,2;
2019/09/06;2200 UTC;0;916,2;916,2;915,4;;23,9;15;25;23,8;15;13,7;58;50;58;126;7,3;3,4;
2019/09/06;2300 UTC;0;917,2;917,2;916,2;;24,6;15,2;24,6;23,1;15,8;15;63;56;56;110;7,5;1,8;
2019/09/07;0000 UTC;0;917,9;917,9;917,2;;23,9;15,2;24,6;23,6;15,6;15,1;61;55;58;137;3,6;1;
2019/09/07;0100 UTC;0;918,5;918,5;917,9;;22,5;16,4;24,2;22,5;16,4;15,2;69;57;69;135;4,8;1,7;
2019/09/07;0200 UTC;0;918,6;918,7;918,5;;21,6;16,3;22,5;21,6;16,6;16,2;72;68;72;151;7,4;4,2;
2019/09/07;0300 UTC;,4;918,7;919,1;918,6;;21;16,5;21,6;19,8;17,4;15,8;86;72;76;124;9,9;5;
2019/09/07;0400 UTC;1;917,4;918,7;917,4;;20,1;16,3;21;19,7;17;16,3;84;75;79;40;9,6;1,8;
2019/09/07;0500 UTC;0;917,2;917,6;917,2;;20,3;15,1;20,3;19,7;16,5;15,1;80;72;72;53;6,4;1,4;
2019/09/07;0600 UTC;0;916,9;917,2;916,8;;20;14,4;20,6;20;15,2;14,4;72;69;70;44;8,6;2,6;
2019/09/07;0700 UTC;0;917;917;916,8;;19,4;14,1;20;19,4;14,4;14,1;72;70;71;49;8,7;2,7;
2019/09/07;0800 UTC;0;917,7;917,7;917;;18,9;14,1;19,4;18,9;14,1;14;74;71;74;38;8,2;3,1;
2019/09/07;0900 UTC;0;918,4;918,4;917,7;;18,5;13,9;18,9;18,5;14;13,9;75;74;75;36;8,2;3,1;
2019/09/07;1000 UTC;0;918,9;918,9;918,4;160,3;19,1;14,1;19,1;18,4;14,1;13,9;75;73;73;33;9,1;3,2;
2019/09/07;1100 UTC;0;919,1;919,1;918,9;1001,1;21,2;14,5;21,2;19,1;14,5;14,1;73;66;66;38;12,1;5;
2019/09/07;1200 UTC;0;919,5;919,6;919,1;1829,1;23,4;14;23,7;21,2;14,5;13,9;66;55;56;32;13,5;5,2;
2019/09/07;1300 UTC;0;919,3;919,6;919,3;2490,3;25,8;14,1;25,8;23,3;14,4;13,8;56;48;48;36;12,9;4,2;
2019/09/07;1400 UTC;0;919;919,3;919;2980,6;27,4;13,9;27,5;25,3;14,4;13,4;49;43;43;26;10,3;3,6;
2019/09/07;1500 UTC;0;918,3;919;918,3;3209,1;28,3;13;29,4;26,9;14,2;13;44;38;39;36;8,4;3,7;
2019/09/07;1600 UTC;0;917,2;918,3;917,2;3074,9;30;12,1;30,7;28,2;13,6;11,8;40;33;33;56;7,7;2,5;
2019/09/07;1700 UTC;0;916,3;917,2;916,3;2759,9;30,7;10,8;31,6;29,6;12,7;10,4;34;29;29;38;7,4;2,1;
2019/09/07;1800 UTC;0;916,1;916,3;916,1;2406,7;31,9;11,2;32;30,5;12,2;10,8;31;28;28;355;6,5;2,1;
2019/09/07;1900 UTC;0;916,1;916,1;916;1138,4;31,4;10,9;32,1;29,8;11,5;10,5;31;28;28;43;7,2;2,3;
2019/09/07;2000 UTC;0;916,4;916,4;916,1;727,4;30,1;11,2;31,4;29,9;11,2;10,6;31;28;31;54;5,8;1,6;
2019/09/07;2100 UTC;0;916,7;916,7;916,4;120;27,3;11,6;30,1;27,3;11,8;11;38;31;38;39;4,8;,3;
2019/09/07;2200 UTC;0;917,2;917,2;916,7;;25;12,5;27,3;25;12,5;11,6;46;38;46;61;2,8;1,4;
2019/09/07;2300 UTC;0;917,8;917,8;917,2;;24,5;12,6;25;24,4;12,6;12,4;47;46;47;87;3,9;1,6;
2019/09/08;0000 UTC;0;918,3;918,4;917,8;;23,3;13,7;24,6;23,3;13,7;12,6;55;47;55;174;3,8;,4;
2019/09/08;0100 UTC;0;918,5;918,5;918,3;;22,7;13,7;23,4;22,5;14,2;13,5;57;55;57;357;2,5;,8;
2019/09/08;0200 UTC;0;918,5;918,5;918,4;;21,7;13,5;22,8;21,5;13,7;13,4;60;56;60;10;2,9;,4;
2019/09/08;0300 UTC;0;918,3;918,6;918,3;;21;13,3;21,8;20,8;13,5;13,3;62;59;61;40;3,2;1,3;
2019/09/08;0400 UTC;0;918;918,4;918;;21,1;13,1;21,6;20,6;13,5;13,1;63;59;60;30;3,1;,6;
2019/09/08;0500 UTC;0;917,5;918;917,5;;20,7;13,1;21,1;20,5;13,2;13,1;63;60;62;43;2,9;1,3;
2019/09/08;0600 UTC;0;917,2;917,5;917,2;;20,5;12,9;20,8;20,5;13,1;12,8;62;61;62;43;3,2;,8;
2019/09/08;0700 UTC;0;917,5;917,5;917,2;;19,9;12,7;20,5;19,9;12,9;12,7;64;62;63;39;3;1,2;
2019/09/08;0800 UTC;0;918;918;917,5;;19,1;12,7;20,4;19,1;12,9;12,6;67;62;67;79;4,8;,9;
2019/09/08;0900 UTC;0;918,7;918,7;918;;19,8;13;19,9;18,4;13,2;12,7;70;65;65;84;3,8;2,1;
2019/09/08;1000 UTC;0;919,6;919,6;918,7;192,4;20,3;13,3;20,3;19,5;13,3;12,8;66;64;64;45;3,9;1,4;
2019/09/08;1100 UTC;0;920,2;920,2;919,6;1005,7;23,6;13,3;23,6;20,3;13,5;13,1;64;52;52;52;6,1;2,6;
2019/09/08;1200 UTC;0;920,5;920,7;920,2;1787,4;25,3;13,4;25,3;23,6;13,5;12,8;52;48;48;43;8,1;2,8;
2019/09/08;1300 UTC;0;920,2;920,5;920,2;2346,7;27,2;13,2;27,2;25;13,7;12,9;48;42;42;18;7,7;3,7;
2019/09/08;1400 UTC;0;919,5;920,2;919,5;2999;29,2;11,8;29,5;26,6;13,3;11,6;43;34;34;20;7,5;2,5;
2019/09/08;1500 UTC;0;918,6;919,5;918,6;3181,6;29,7;11;30,4;28,9;12,3;10,9;35;31;31;120;7,1;1,5;
2019/09/08;1600 UTC;0;917,5;918,6;917,5;3011,2;31,3;10,5;32;29,5;11,7;10,3;32;27;28;66;7,6;1,6;
2019/09/08;1700 UTC;0;916,5;917,5;916,5;2492,5;31;10;32;30,5;11,1;10;29;27;27;189;7,2;2;
2019/09/08;1800 UTC;0;916;916,5;916;1494,1;30,2;11,4;32,4;30,2;12;10,2;32;27;32;145;6,4;2,3;
2019/09/08;1900 UTC;0;915,9;916;915,8;1532,2;31,6;11,4;31,9;30,1;12,3;10,3;32;27;29;176;6,3;2,9;
2019/09/08;2000 UTC;0;916;916;915,8;768,9;30,9;7,3;31,9;30,9;11,6;7,3;30;23;23;112;6,1;2,1;
2019/09/08;2100 UTC;0;916,2;916,2;916;119,5;27,7;10;30,9;27,6;12,5;7,2;39;23;33;139;5,2;1,6;
2019/09/08;2200 UTC;0;916,6;916,6;916,2;;25,2;8,1;27,7;25,2;9,5;7,8;34;29;34;52;2,5;,6;
2019/09/08;2300 UTC;0;917,1;917,1;916,6;;24,4;9,8;25,5;24,4;9,8;8,1;40;34;40;147;3,3;,8;
2019/09/09;0000 UTC;0;917,5;917,5;917,1;;24;10,7;24,5;23,9;10,7;9,9;43;40;43;139;4,8;1,5;
2019/09/09;0100 UTC;0;917,3;917,5;917,2;;22,9;11,2;24,1;22,9;11,3;10,7;48;43;48;319;3,3;,6;
2019/09/09;0200 UTC;0;917,5;917,5;917,2;;22;11,5;23,2;22;11,6;11,2;51;48;51;72;3,6;2,2;
2019/09/09;0300 UTC;0;917,4;917,6;917,4;;20,8;11,7;22;20,8;11,7;11,5;56;51;56;77;4,3;1,1;
2019/09/09;0400 UTC;0;916,8;917,4;916,8;;20,5;11,9;20,9;20,3;11,9;11,7;58;56;58;67;3,2;1,5;
2019/09/09;0500 UTC;0;916,6;916,9;916,6;;19,9;12,1;20,6;19,9;12,1;11,8;61;58;61;11;2,9;,9;
2019/09/09;0600 UTC;0;916,2;916,6;916,1;;18,9;12,1;19,9;18,9;12,3;12;65;61;65;356;2,6;,8;
2019/09/09;0700 UTC;0;916,2;916,3;916,1;;18,7;12,2;19;18,7;12,5;12,1;66;65;66;358;4,6;1,2;
2019/09/09;0800 UTC;0;916,3;916,3;916;;18,2;12,4;18,7;18;12,4;12,1;69;66;69;3;4,6;1,4;
2019/09/09;0900 UTC;0;917,1;917,1;916,3;;17,4;12,3;18,3;17,3;12,4;12,2;72;69;72;21;4,7;1,9;
2019/09/09;1000 UTC;0;917,6;917,6;917,1;195,6;19;12,6;19;17,2;12,6;12,2;73;67;67;23;6,4;2,3;
2019/09/09;1100 UTC;0;918,2;918,2;917,6;1088,5;22,2;12;22,2;19;12,7;11,8;67;53;53;35;7,5;3,3;
2019/09/09;1200 UTC;0;918,3;918,4;918,2;1943,4;24,2;12,2;24,2;22,2;12,4;11,8;52;47;47;34;9,6;4;
2019/09/09;1300 UTC;0;917,9;918,3;917,9;2601,3;26,5;11,8;26,7;23,8;12,5;11,7;48;40;40;23;9,3;4,1;
2019/09/09;1400 UTC;0;917,4;917,9;917,4;3094,8;27,7;11,4;28,1;25,9;12,3;11;41;35;36;16;8,3;3,7;
2019/09/09;1500 UTC;0;916,4;917,4;916,4;3305,4;29,4;10,5;29,8;27,7;11,7;9,9;37;30;31;343;7,5;3,2;
2019/09/09;1600 UTC;0;915,1;916,4;915,1;3171,7;30,4;8,3;31,2;28,7;10,5;8,2;31;25;25;18;7,8;2,8;
2019/09/09;1700 UTC;0;914,4;915,1;914,4;2779,4;30,9;8,8;31,6;30;9,5;6,7;27;22;25;18;8,5;3,5;
2019/09/09;1800 UTC;0;914;914,4;913,8;2304,6;30,9;8,6;32,2;30,2;9,9;8,1;26;24;25;9;7,9;2,9;
2019/09/09;1900 UTC;0;913,7;914;913,7;1685,6;31,6;8,1;32;30,9;9,4;8,1;25;23;23;341;7,3;2,7;
2019/09/09;2000 UTC;0;914;914;913,7;880,4;30,3;8,8;31,9;30,3;8,8;8;26;23;26;360;6,3;2;
2019/09/09;2100 UTC;0;914,4;914,4;913,9;114,9;27,7;8,9;30,3;27,7;9;8,6;31;26;31;23;6,7;1,7;
2019/09/09;2200 UTC;0;914,9;914,9;914,4;;25,1;9,1;27,7;25,1;9,1;8,8;36;31;36;53;3,4;1,6;
2019/09/09;2300 UTC;0;915,5;915,5;914,9;;24,2;9,3;25,1;24,1;9,3;9,1;39;36;39;88;4,3;2,3;
2019/09/10;0000 UTC;0;915,9;915,9;915,5;;23,2;9,9;24,2;22,9;9,9;9,2;43;39;43;71;4,8;1,6;
2019/09/10;0100 UTC;0;916;916;915,9;;21,9;10;23,2;21,9;10;9,9;47;43;47;69;3,3;1,5;
2019/09/10;0200 UTC;0;916;916,1;915,9;;21,2;10;21,9;21,2;10,2;10;49;47;49;74;4,5;1,4;
2019/09/10;0300 UTC;0;915,7;916;915,7;;20,2;10,5;21,3;20,2;10,5;10;53;49;53;65;3,9;,5;
2019/09/10;0400 UTC;0;915,1;915,7;915,1;;20,3;10,8;20,3;20;10,9;10,5;55;53;55;53;3,5;,9;
2019/09/10;0500 UTC;0;914,7;915,1;914,7;;20,5;10,9;20,7;20,3;11;10,7;55;53;54;76;4,1;1,7;
2019/09/10;0600 UTC;0;914,2;914,7;914,2;;20,6;10,9;20,9;20,5;11;10,8;54;53;54;84;5,7;2,1;
2019/09/10;0700 UTC;0;914,2;914,3;914,2;;20,7;10,7;20,7;20,5;10,9;10,7;54;53;53;76;5,3;2,5;
2019/09/10;0800 UTC;0;914,5;914,5;914,1;;19,9;10,7;20,7;19,9;10,8;10,7;55;53;55;47;5,7;1,9;
2019/09/10;0900 UTC;0;915,2;915,2;914,5;;19,3;10,4;19,9;19,3;10,7;10,4;57;55;56;72;4,4;1,8;
2019/09/10;1000 UTC;0;915,5;915,5;915,1;205;21,4;10,5;21,4;19,3;10,5;10,3;56;50;50;55;6,8;2,9;
2019/09/10;1100 UTC;0;916,1;916,1;915,5;1103,2;26;10;26;21,4;10,6;9,9;50;36;36;34;8;1,9;
2019/09/10;1200 UTC;0;916,5;916,5;916,1;1936,7;27,3;10;27,5;25,8;10,3;9,7;37;34;34;28;9,5;4,1;
2019/09/10;1300 UTC;0;916,3;916,5;916,2;2594,9;29,7;9,1;30,1;27,3;10,4;9,1;34;28;28;6;9,7;4,9;
2019/09/10;1400 UTC;0;915,9;916,3;915,8;3083,5;31,7;9,8;31,7;29,6;10;9;28;26;26;12;9,7;3,5;
2019/09/10;1500 UTC;0;915,2;915,9;915,2;3278,5;33,4;9,6;33,4;31,1;10,1;8,7;26;23;23;275;7,2;1,4;
2019/09/10;1600 UTC;0;914,2;915,2;914,2;3161,9;32,7;7,5;33,6;32,5;9,5;7;24;20;21;124;6;1,5;
2019/09/10;1700 UTC;0;913,2;914,2;913,2;2690,4;34,4;6,8;34,7;32,5;8,7;6,7;22;18;18;299;5,3;1,3;
2019/09/10;1800 UTC;0;912,8;913,2;912,7;2388,2;34,1;6,6;35,2;33,6;7,9;5,7;19;17;18;180;6,9;2;
2019/09/10;1900 UTC;0;912,5;912,8;912,4;1595;33,4;6,2;34,3;33;6,6;5,7;19;18;18;143;6,1;2;
2019/09/10;2000 UTC;0;912,6;912,7;912,4;876,7;32,6;6,4;33,7;32,6;6,7;6;20;18;20;187;4,9;1,8;
2019/09/10;2100 UTC;0;912,9;912,9;912,6;116,8;30,2;7,1;32,6;30,2;7,6;6,6;24;20;24;135;3,2;2;
2019/09/10;2200 UTC;0;913,1;913,1;912,9;;27,1;8,1;30,2;27;9;6,9;32;23;30;354;3,1;,2;
2019/09/10;2300 UTC;0;913,5;913,5;913,1;;26,5;7,9;27,6;26,5;8,8;7,8;32;29;31;74;3,3;2,2;
2019/09/11;0000 UTC;0;914,2;914,2;913,5;;24,2;8,8;27;24,2;9,6;7,8;39;30;38;52;4,5;0;
2019/09/11;0100 UTC;0;914,4;914,4;914,1;;24,3;8,8;25;23,9;9,1;8,3;39;35;37;33;2,1;,8;
2019/09/11;0200 UTC;0;914,5;914,6;914,4;;24,3;8,9;25,1;24,3;9;8,2;38;34;37;71;3,5;1,7;
2019/09/11;0300 UTC;0;914,3;914,6;914,3;;23,2;9,5;24,4;22,9;9,6;8,9;43;37;42;101;3,5;,3;
2019/09/11;0400 UTC;0;913,8;914,3;913,8;;22,2;8,9;23,6;22,2;9,5;8,9;43;40;42;60;3,3;1,5;
2019/09/11;0500 UTC;0;913,2;913,8;913,2;;22,8;8,5;23;22,3;8,9;8,5;42;40;40;69;5,2;2,1;
2019/09/11;0600 UTC;0;912,9;913,2;912,9;;22,3;8,1;23,3;22,3;8,4;8;40;38;40;77;5,9;3,4;
2019/09/11;0700 UTC;0;912,8;912,9;912,8;;21,9;8;22,4;21,8;8,1;8;41;40;41;76;6,6;2,3;
2019/09/11;0800 UTC;0;913,2;913,2;912,8;;22;7,7;22;21,3;8,1;7,7;42;40;40;67;5,6;3,1;
2019/09/11;0900 UTC;0;913,8;913,8;913,2;;21,7;7,5;22;21,1;7,8;7,5;42;40;40;76;5,6;2,5;
2019/09/11;1000 UTC;0;914,5;914,5;913,8;211,2;22,1;8,1;22,3;21,5;8,3;7,4;41;39;41;51;4,1;1,1;
2019/09/11;1100 UTC;0;915,2;915,2;914,5;1095,7;26,8;8,6;26,8;22,1;9,1;8;41;32;32;10;4,3;1,9;
2019/09/11;1200 UTC;0;915,3;915,4;915,2;1923,6;29,2;6,8;29,3;26,8;8,3;6,2;32;24;24;30;7,7;3,4;
2019/09/11;1300 UTC;0;914,9;915,4;914,9;2551,2;31,5;6,2;31,5;29,1;7,3;5,9;25;21;21;1;8,8;4,2;
2019/09/11;1400 UTC;0;914,1;914,9;914,1;3102,5;32,7;5,8;32,7;31,1;6,2;5,4;21;19;19;4;8,9;3,1;
2019/09/11;1500 UTC;0;913,3;914,1;913,2;3333,1;33,6;5,6;34,2;32,3;6,6;4,8;20;17;18;30;7;2,6;
2019/09/11;1600 UTC;0;912,3;913,3;912,3;3169,1;35,3;4;35,4;32,9;5,7;3,4;18;14;14;314;6,1;2,8;
2019/09/11;1700 UTC;0;911,4;912,3;911,4;2805,3;35,4;2,3;35,9;33,2;4,5;2,3;16;13;13;3;5,3;1,5;
2019/09/11;1800 UTC;0;910,7;911,5;910,7;2228,8;35;2,8;35,5;33,8;3,4;2;14;13;13;241;5,3;1,2;
2019/09/11;1900 UTC;0;910,6;910,8;910,6;1135,3;34,1;2,2;35,7;33,5;3,3;1,7;14;13;13;111;4,1;1,8;
2019/09/11;2000 UTC;0;911;911;910,6;597,5;33,3;3;34,1;33,3;3,1;1,8;15;13;15;44;4;1,2;
2019/09/11;2100 UTC;0;911,4;911,4;910,9;64,4;29,6;4,3;33,3;29,3;5,1;2,5;21;15;20;102;3,4;,8;
2019/09/11;2200 UTC;0;911,9;911,9;911,4;;27,1;4,4;29,6;27;5,8;4,1;25;20;23;92;1,5;,1;
2019/09/11;2300 UTC;0;912,5;912,5;911,9;;25,6;5,7;27,4;24,7;6,9;4,2;31;23;28;42;2,9;1,4;
2019/09/12;0000 UTC;0;912,9;912,9;912,5;;23,5;5,8;26,1;22,7;8,1;4,8;39;26;32;48;4,3;,8;
2019/09/12;0100 UTC;0;912,9;913,1;912,9;;23,8;5,4;24,8;22,6;5,7;4,9;33;28;30;89;4,4;,9;
2019/09/12;0200 UTC;0;912,9;913;912,9;;22,6;5,4;24,2;22,6;5,6;5,2;33;30;33;61;3,7;,7;
2019/09/12;0300 UTC;0;912,6;912,9;912,6;;23;5,5;23;22,3;5,7;5,3;34;32;32;106;3;,4;
2019/09/12;0400 UTC;0;912,3;912,6;912,3;;22,9;5,4;24;22,2;5,7;5,1;33;30;32;40;3,8;1;
2019/09/12;0500 UTC;0;911,9;912,3;911,9;;23,8;4,5;24;22,8;5,3;4,5;32;29;29;42;5,3;2,4;
2019/09/12;0600 UTC;0;911,7;911,9;911,7;;23,6;4,5;24,3;23,3;4,5;4,4;29;28;29;69;5,7;2,7;
2019/09/12;0700 UTC;0;911,9;911,9;911,6;;23,1;5,2;23,7;22,7;5,2;4,5;32;29;31;42;5,1;1;
2019/09/12;0800 UTC;0;912,4;912,4;911,9;;21,4;5,5;23,3;21,4;5,6;5;36;31;36;52;4,2;2;
2019/09/12;0900 UTC;0;913;913;912,4;;20,6;6,1;21,7;20,6;6,1;5,3;39;35;39;42;4,9;2,3;
2019/09/12;1000 UTC;0;913,6;913,6;912,9;224,3;22,5;6;22,5;20,5;6,3;6;39;34;34;46;4,8;2,3;
2019/09/12;1100 UTC;0;914,6;914,6;913,5;1095,4;26,1;6,3;26,1;22,5;7;5,8;34;28;28;66;7;3,1;
2019/09/12;1200 UTC;0;914,4;914,6;914,3;1951,2;29,4;6,8;29,4;26,1;6,8;6,3;28;24;24;13;10;5,4;
2019/09/12;1300 UTC;0;914,2;914,5;914,2;2619,3;31,5;6,1;31,7;29,4;7,2;6;24;20;20;27;9,8;3,9;
2019/09/12;1400 UTC;0;913,8;914,2;913,8;3072,9;33,3;4,6;34;31,4;6,8;4,5;21;17;17;2;8,1;2,5;
2019/09/12;1500 UTC;0;913,4;913,9;913,4;2952,7;34,5;3;34,9;32,5;4,8;2,6;17;14;14;17;5,9;1,8;
2019/09/12;1600 UTC;0;912,7;913,5;912,6;3002,7;34,9;3;35,8;34,3;3,6;2,2;14;13;14;233;5,2;1,4;
2019/09/12;1700 UTC;0;911,8;912,7;911,8;2589,2;34,6;2,8;36,1;34,5;3,5;2,3;14;13;14;179;6,3;2,7;
2019/09/12;1800 UTC;0;911,3;911,8;911,3;2204;35,5;3;35,9;34,2;3,7;2,4;14;13;13;55;6,3;1,5;
2019/09/12;1900 UTC;0;911,4;911,4;911,2;1592,2;34,6;3;35,9;34,4;3,4;2,5;14;13;14;185;6,1;2,5;
2019/09/12;2000 UTC;0;911,8;911,8;911,3;693,9;32,9;2,9;34,7;32,9;3,4;2,4;15;14;15;190;5,6;2,4;
2019/09/12;2100 UTC;0;912,2;912,2;911,7;55,4;30,7;3;32,9;30,6;4,3;2,8;18;15;17;147;4,1;1,6;
2019/09/12;2200 UTC;0;912,6;912,6;912,2;;26,4;7,1;30,7;26,4;7,1;2,7;29;17;29;314;2,8;0;
2019/09/12;2300 UTC;0;913,2;913,2;912,6;;24,3;7,8;26,4;24,2;8,4;7;36;29;35;84;1,3;,6;
2019/09/13;0000 UTC;0;913,7;913,7;913,2;;26,5;4,6;26,5;24,3;7,7;4,6;35;25;25;63;3,5;2;
2019/09/13;0100 UTC;0;914;914;913,7;;24,7;4,9;26,7;23;7,5;4,3;37;24;28;62;4,9;1,7;
2019/09/13;0200 UTC;0;914;914,1;913,9;;25,4;5;26,6;24,7;5;4,3;28;24;27;71;4,5;2,2;
2019/09/13;0300 UTC;0;913,6;914;913,6;;25,3;5,1;25,8;24,4;5,2;4,8;29;26;27;71;4,4;1,9;
2019/09/13;0400 UTC;0;913,2;913,6;913,2;;24,1;5,6;25,7;24,1;5,6;5,1;30;27;30;64;4,6;1,1;
2019/09/13;0500 UTC;0;912,6;913,2;912,6;;23,3;5,7;24,4;23,1;5,8;5,6;32;30;32;81;4,2;1,1;
2019/09/13;0600 UTC;0;912,2;912,6;912,2;;23,8;5,3;23,8;23,1;5,7;5,3;32;30;30;71;3,4;1,7;
2019/09/13;0700 UTC;0;912,3;912,3;912,1;;22,3;5,3;23,9;21,9;5,5;5,2;34;30;33;56;3,4;1,5;
2019/09/13;0800 UTC;0;912,7;912,7;912,3;;22,9;5,1;22,9;21,4;5,9;5,1;36;31;32;71;4,8;2,5;
2019/09/13;0900 UTC;0;913,3;913,3;912,7;;22,7;4,6;22,9;20,7;5,9;4,6;38;31;31;83;4,8;2,1;
2019/09/13;1000 UTC;0;914;914;913,3;188,5;22,8;5,5;23,8;22;5,5;4,6;33;30;32;67;4,9;1,8;
2019/09/13;1100 UTC;0;914,5;914,5;914;916,2;27;7;27;22,5;7;5,3;33;27;28;38;4;1,7;
2019/09/13;1200 UTC;0;914,6;914,6;914,5;1879,9;31,4;4,5;31,4;27;6,6;3,9;28;18;18;20;6,4;3,2;
2019/09/13;1300 UTC;0;914,7;914,7;914,6;2563,5;33,2;4,3;33,5;31,2;5;3,9;19;16;16;14;7,3;3;
2019/09/13;1400 UTC;0;914,4;914,7;914,4;3058,3;34,6;3,8;34,9;33,1;5,2;3,4;17;15;15;16;7,9;2,5;
2019/09/13;1500 UTC;0;913,8;914,4;913,8;2720,3;35,3;3,4;35,6;33,4;4,5;2,4;15;13;14;71;7;1,8;
2019/09/13;1600 UTC;0;912,6;913,8;912,6;3497,8;35,6;3,6;36,1;34,3;4;2,7;14;13;14;7;6,8;1,8;
2019/09/13;1700 UTC;0;912;912,6;912;3116,6;35,7;3;37;35,2;4,3;3;14;13;13;61;6,2;2,1;
2019/09/13;1800 UTC;0;911,6;912;911,6;1338,3;33,9;3,4;36,3;33,8;4,7;3,1;16;13;15;155;5,6;1,4;
2019/09/13;1900 UTC;0;911,5;911,6;911,5;1251;35,2;4,3;35,4;33,7;4,6;3,2;16;14;15;184;5,5;2,7;
2019/09/13;2000 UTC;0;911,8;911,8;911,5;628,8;33,6;4,1;35,3;33,6;4,6;3,3;16;14;16;135;5,9;1,1;
2019/09/13;2100 UTC;0;912,2;912,2;911,7;95,1;31;5,6;33,7;31;5,7;3,6;20;15;20;130;3,5;1,7;
2019/09/13;2200 UTC;0;912,8;912,8;912,2;;28,9;7,3;31,3;28,9;7,6;4,7;26;19;26;73;4,3;1,4;
2019/09/13;2300 UTC;0;913,1;913,1;912,8;;27,9;6,6;28,9;27,6;7,8;6,3;29;24;26;78;3,3;,9;
2019/09/14;0000 UTC;0;913,4;913,4;913,1;;26,9;7,2;27,9;26,9;7,2;6,6;29;26;29;140;4,7;,4;
2019/09/14;0100 UTC;0;913,6;913,7;913,4;;27;7;27,2;26,2;7,6;6,9;30;28;28;149;3,9;1;
2019/09/14;0200 UTC;0;913,8;913,8;913,6;;26,5;7,2;27;26,4;7,3;6,9;30;28;29;344;2,9;,2;
2019/09/14;0300 UTC;0;913,6;913,9;913,6;;26,3;6,7;26,8;25,8;7,6;6,6;31;28;29;109;2;1,2;
2019/09/14;0400 UTC;0;913,2;913,6;913,2;;24,9;7,2;26,4;24,8;8,3;6,6;34;28;32;95;2,7;,3;
2019/09/14;0500 UTC;0;912,9;913,5;912,8;;25,5;6,8;25,8;24,4;9;6,7;38;30;30;81;4,6;,6;
2019/09/14;0600 UTC;0;912,4;912,8;912,3;;23,1;7,9;25,5;22,9;8,4;6,8;39;30;38;253;2,3;,8;
2019/09/14;0700 UTC;0;912,3;912,4;912,2;;23,3;6,4;24,2;23,1;7,6;6,3;38;32;34;5;4,8;1,4;
2019/09/14;0800 UTC;0;912,7;912,7;912,3;;23,9;6,5;24;23,3;6,5;6,3;34;32;33;47;7,4;2,4;
2019/09/14;0900 UTC;0;913,3;913,3;912,7;;23,5;6,6;23,9;23,3;6,6;6,5;34;33;34;32;7,7;1,8;
2019/09/14;1000 UTC;0;914,1;914,2;913,3;251,8;24,4;7,6;24,4;23,4;7,8;6,6;36;34;34;15;6,6;1,4;
2019/09/14;1100 UTC;0;914,8;914,8;914,1;1018,7;27,5;7,9;27,5;24,4;8,1;7,6;34;29;29;53;8,1;1,9;
2019/09/14;1200 UTC;0;915,2;915,2;914,8;1806,4;29,3;8,3;29,5;27,5;8,5;7,8;29;27;27;43;10,4;3,6;
2019/09/14;1300 UTC;0;914,9;915,2;914,9;2445;31,8;5,6;31,9;29,3;8,7;5,6;27;19;19;43;10,9;4,4;
2019/09/14;1400 UTC;0;914,7;915;914,7;2955,1;33,5;4,3;33,7;31,7;6,4;4,3;19;16;16;45;10,9;3,5;
2019/09/14;1500 UTC;0;913,9;914,7;913,9;3158;33,7;6,2;34,4;33,2;6,3;3,9;18;15;18;38;10,4;4,8;
2019/09/14;1600 UTC;0;913;913,9;913;3011,7;34,4;5,6;35;33,5;6,8;5,3;18;17;17;37;10,9;4,2;
2019/09/14;1700 UTC;0;912,2;913;912,2;2196,3;33,2;5,8;35,2;33,2;6,6;5;18;16;18;47;10,9;2,6;
2019/09/14;1800 UTC;0;911,8;912,3;911,7;2230,7;34,6;5,4;35,4;33,2;6,5;4,4;18;15;16;37;9;3,1;
2019/09/14;1900 UTC;0;912;912;911,7;683,9;32,5;5,7;34,6;32,4;5,8;4,7;19;16;19;52;8,1;1,4;
2019/09/14;2000 UTC;0;912,3;912,3;912;319,6;31,6;5,7;32,7;31,6;5,8;5,2;20;18;20;47;4,8;1,1;
2019/09/14;2100 UTC;0;912,8;912,8;912,3;63,2;28,8;6,8;31,6;28,8;7,1;5,8;25;20;25;160;3,6;,6;
2019/09/14;2200 UTC;0;913,3;913,3;912,8;;26,6;7,1;28,8;26,6;7,3;6,8;29;25;29;145;4,3;1,3;
2019/09/14;2300 UTC;0;913,9;913,9;913,3;;26,2;7,7;26,6;26;7,7;7,2;31;29;31;162;3,2;,9;
2019/09/15;0000 UTC;0;914,2;914,2;913,9;;24,9;8,3;26,2;24,8;8,3;7,7;35;31;35;159;4,2;1;
2019/09/15;0100 UTC;0;914,2;914,2;914,1;;25,2;8,7;25,5;24,8;8,7;8,2;35;34;35;89;5;1,6;
2019/09/15;0200 UTC;0;914,1;914,2;914,1;;24,5;9,4;25,2;24,4;9,5;8,8;39;35;38;169;5,1;1,1;
2019/09/15;0300 UTC;0;913,8;914,2;913,8;;24;9,5;24,5;23,8;9,7;9,4;41;38;40;22;5,4;1,4;
2019/09/15;0400 UTC;0;913,4;913,9;913,4;;24,4;8;24,9;23,9;9,5;7,9;40;34;35;44;7,9;2,3;
2019/09/15;0500 UTC;0;913,2;913,4;913,1;;23;8,7;24,4;23;8,8;8,1;40;35;40;32;7,4;2,6;
2019/09/15;0600 UTC;0;912,8;913,2;912,7;;22,3;9,3;23;22,3;9,3;8,7;44;40;44;54;8,4;2,9;
2019/09/15;0700 UTC;0;913;913;912,6;;21,9;9,9;22,4;21,9;9,9;9,3;47;44;47;28;10;2,5;
2019/09/15;0800 UTC;0;913,3;913,3;912,9;;21,2;10,5;21,9;21,2;10,5;9,9;50;47;50;34;10;2,7;
2019/09/15;0900 UTC;0;913,8;913,8;913,3;,2;21;10,8;21,2;21;10,8;10,5;52;50;52;45;9,6;3,7;
2019/09/15;1000 UTC;0;914,6;914,6;913,7;228,6;22,1;11,1;22,1;21;11,1;10,8;52;50;50;38;10,5;3,4;
2019/09/15;1100 UTC;0;915,2;915,2;914,6;1104,1;24;11;24,2;22,1;11,2;11;50;44;44;36;11,2;4,3;
2019/09/15;1200 UTC;0;915,2;915,3;915;1939,7;26,7;9,3;26,7;24;11,3;9,2;44;33;33;43;14,3;4,9;
2019/09/15;1300 UTC;0;915,3;915,3;915,1;2620;29;8,7;29;26,7;9,6;8,1;33;28;28;37;14,3;4,3;
2019/09/15;1400 UTC;0;915;915,4;914,9;3113,7;30,2;7,4;30,7;28,8;8,7;7,2;28;24;24;25;12,7;5,9;
2019/09/15;1500 UTC;0;914,3;915;914,2;3305,4;32,9;7,6;32,9;29,9;8,4;6,1;25;20;21;34;12,7;3,9;
2019/09/15;1600 UTC;0;913,6;914,3;913,6;3153,1;33,5;6,7;33,7;31,8;7,5;5,9;21;19;19;46;11,3;3,6;
2019/09/15;1700 UTC;0;912,9;913,6;912,9;2773,1;34,1;5,9;34,6;32,9;6,9;5,3;19;17;17;46;9,4;2,9;
2019/09/15;1800 UTC;0;912,4;912,9;912,3;2223,1;33,5;5;34,3;33;6,4;5;18;17;17;54;11,4;3,8;
2019/09/15;1900 UTC;0;912,4;912,5;912,1;1650;33,2;4,9;33,9;33;5,4;3,3;18;15;17;47;10,6;3,4;
2019/09/15;2000 UTC;0;912,6;912,6;912,3;811,8;31,3;6,4;33,3;31,3;6,5;4,5;21;17;21;43;8,9;3;
2019/09/15;2100 UTC;0;912,9;912,9;912,5;103,8;28,5;7,2;31,3;28,5;7,3;6,2;26;21;26;65;8;1,2;
2019/09/15;2200 UTC;0;913,4;913,4;912,9;;25,7;8;28,5;25,7;8,1;7,3;33;26;33;192;3,6;,8;
2019/09/15;2300 UTC;0;914;914;913,4;;25;9;25,9;24,9;9;8;36;33;36;106;4,2;1,1;
2019/09/16;0000 UTC;0;914,3;914,3;914;;24,8;10,1;25,1;24,3;10,1;9;40;36;39;46;5,5;1,5;
2019/09/16;0100 UTC;0;914,6;914,6;914,3;;24,6;10,3;24,9;24,6;10,3;10;41;39;41;2;5,5;1,2;
2019/09/16;0200 UTC;0;914,6;914,6;914,5;;22,6;10,6;24,9;22,6;10,8;10,2;47;40;47;195;4,4;,7;
2019/09/16;0300 UTC;0;914,3;914,6;914,3;;21,2;10,8;23;21,2;11;10,6;51;46;51;84;2,6;,7;
2019/09/16;0400 UTC;0;913,9;914,3;913,9;;22,1;11,2;22,3;21,2;11,4;10,9;52;49;50;197;2,3;,9;
2019/09/16;0500 UTC;0;913,6;913,9;913,6;;21,2;11,3;22,1;20,7;11,3;11;54;50;53;239;2,7;,5;
2019/09/16;0600 UTC;0;913,5;913,7;913,5;;21;11,5;21,2;20,6;11,5;11,1;55;53;55;223;3;1;
2019/09/16;0700 UTC;0;913,6;913,6;913,4;;20,3;11,7;21;20,1;11,7;11,4;58;55;58;331;5,8;1,1;
2019/09/16;0800 UTC;0;914,1;914,1;913,6;;20,2;12;20,5;20,1;12,1;11,7;59;58;59;50;4,6;1,8;
2019/09/16;0900 UTC;0;914,6;914,6;914,1;,7;19,7;12,1;20,2;19,6;12,1;11,9;62;59;62;336;4,5;1,3;
2019/09/16;1000 UTC;0;915,2;915,2;914,6;229,5;21,1;12,4;21,1;19,4;12,6;12,1;63;58;58;29;5,4;2,4;
2019/09/16;1100 UTC;0;915,4;915,5;915,2;1121,2;24,1;11,9;24,1;21,1;12,5;11,8;58;46;47;37;8,3;2,9;
2019/09/16;1200 UTC;0;915,4;915,6;915,4;1961,5;26,6;11,4;26,6;24,1;12;11,1;47;38;39;30;7,4;3,2;
2019/09/16;1300 UTC;0;915,1;915,4;915,1;2637,6;29,5;9,3;29,6;26,4;11,3;8,3;39;28;28;40;8,7;3,2;
2019/09/16;1400 UTC;0;914,6;915,1;914,6;3134,9;30,2;7,9;31,1;28,9;9,7;7,4;30;24;25;28;8,6;3,9;
2019/09/16;1500 UTC;0;913,9;914,6;913,9;3330,9;32,4;8;32,4;30,2;8,3;6,4;25;21;22;7;10,2;3,3;
2019/09/16;1600 UTC;0;913,1;913,9;913,1;3167,3;33,3;6,5;33,3;31,5;8;5,7;23;18;19;46;8,7;3,5;
2019/09/16;1700 UTC;0;912,3;913,1;912,3;2804,8;33,9;6,3;34,1;31,9;7,5;6,3;21;18;18;44;7,9;3,2;
2019/09/16;1800 UTC;0;912;912,3;911,9;2293,2;33,3;6,3;34,1;32,7;6,7;5,4;19;17;19;7;8,9;4,3;
2019/09/16;1900 UTC;0;911,9;912;911,8;1636,6;32,7;6,1;33,7;32,4;6,8;5,7;20;18;19;335;7,9;2,2;
2019/09/16;2000 UTC;0;912,1;912,1;911,8;852,2;31,6;6,4;32,9;31,6;6,8;6,3;21;19;21;5;6,8;2,6;
2019/09/16;2100 UTC;0;912,6;912,6;912,1;114,6;28,5;6,9;31,6;28,5;7;6,4;26;21;26;37;4,6;,5;
2019/09/16;2200 UTC;0;913;913;912,6;;26,6;7;28,5;26,6;7,1;6,8;29;26;29;66;2,6;1,5;
2019/09/16;2300 UTC;0;913,6;913,6;913;;25,6;7,1;26,6;25,2;7,3;7;32;29;31;70;3;1,5;
2019/09/17;0000 UTC;0;914;914;913,6;;24,2;7,4;25,6;24,2;7,4;7,1;34;31;34;76;5,3;1,2;
2019/09/17;0100 UTC;0;913,9;914,1;913,9;;22,7;8,4;24,2;22,7;8,4;7,4;40;34;40;64;2,7;1,1;
2019/09/17;0200 UTC;0;914,1;914,3;913,9;;23;9;23;22,3;9;8,4;42;40;41;76;3,5;1,1;
2019/09/17;0300 UTC;0;913,7;914,1;913,7;;22,2;9,1;23,1;21,9;9,2;8,8;44;40;43;85;5,5;2,3;
2019/09/17;0400 UTC;0;912,8;913,7;912,8;;22,1;8,8;22,5;22;9,1;8,8;43;42;43;85;5,1;1,8;
2019/09/17;0500 UTC;0;912,3;912,8;912,3;;21,5;9;22,2;21,4;9;8,8;45;43;45;67;5,1;1,2;
2019/09/17;0600 UTC;0;911,8;912,3;911,8;;21,3;9;22;21,3;9,1;8,8;46;43;45;56;4,3;2,1;
2019/09/17;0700 UTC;0;911,8;911,8;911,7;;20,9;9,2;21,5;20,9;9,2;9;47;45;47;51;6;2,3;
2019/09/17;0800 UTC;0;912;912;911,8;;20,6;9,4;21,1;20,5;9,5;9,3;49;47;49;61;5,6;3,2;
2019/09/17;0900 UTC;0;912,5;912,5;912;1,7;20,3;9,7;20,7;20,3;9,7;9,4;51;49;51;72;7;3;
2019/09/17;1000 UTC;0;913;913;912,5;258,3;22,4;10,4;22,4;20,2;10,4;9,7;51;47;47;67;6,6;3,3;
2019/09/17;1100 UTC;0;913,4;913,4;913;1116,9;25,4;9,9;25,4;22,4;10,6;9,5;47;38;38;41;8,3;3,1;
2019/09/17;1200 UTC;0;913,4;913,5;913,4;1917,7;27,5;8,8;27,5;25,4;10;8,6;38;31;31;15;8,9;5;
2019/09/17;1300 UTC;0;913,4;913,5;913,3;2661,7;29,4;7,9;29,7;27,4;8,9;7,3;31;26;26;357;10;4,2;
2019/09/17;1400 UTC;0;912,7;913,4;912,7;3086,9;30,6;6,6;31,8;29,4;8,5;6,5;27;22;22;355;8,4;2,9;
2019/09/17;1500 UTC;0;911,9;912,7;911,9;3197,4;33,3;7,3;33,3;30,6;7,7;6,1;23;20;20;351;7,8;2,3;
2019/09/17;1600 UTC;0;910,8;911,9;910,8;3130,5;33,9;6,8;34,1;32,2;7,2;5,8;20;18;19;81;7,6;1,7;
2019/09/17;1700 UTC;0;909,7;910,8;909,7;2821,2;33,8;6;34,3;32,2;6,8;4,5;19;16;18;15;8,8;3,4;
2019/09/17;1800 UTC;0;909;909,7;909;2328,4;33,8;6;34,5;33;6,4;4,8;19;17;18;19;8,1;2,5;
2019/09/17;1900 UTC;0;908,8;909;908,8;1698,4;33,3;5,7;34,6;33,1;6,1;5,2;18;17;18;355;7;2,4;
2019/09/17;2000 UTC;0;909,1;909,1;908,7;876,8;32,2;6,3;33,7;32,2;6,4;5,4;20;18;20;7;6;2,5;
2019/09/17;2100 UTC;0;909,3;909,3;909,1;126,5;28,8;6,9;32,2;28,8;6,9;6,1;25;20;25;29;5,1;,9;
2019/09/17;2200 UTC;0;909,8;909,8;909,3;;27;7;28,8;27;7,1;6,8;28;25;28;53;4,5;2,2;
2019/09/17;2300 UTC;0;910,1;910,1;909,8;;25,8;7,4;27;25,8;7,4;7;31;28;31;55;5,2;2,8;
2019/09/18;0000 UTC;0;910,4;910,4;910,1;;24,9;7,4;25,9;24,9;7,4;7,3;33;31;33;45;4,6;2,3;
2019/09/18;0100 UTC;0;910,3;910,5;910,3;;23,9;7,3;24,9;23,9;7,5;7,3;34;33;34;38;5,4;2,4;
2019/09/18;0200 UTC;0;910,2;910,3;910,1;;23,4;7,1;23,9;23,4;7,3;7,1;36;34;35;41;6,3;3,2;
2019/09/18;0300 UTC;0;909,9;910,2;909,9;;23,3;6,9;23,4;23,1;7,2;6,9;36;35;35;39;6,5;2,8;
2019/09/18;0400 UTC;0;909,5;909,9;909,5;;22,6;7,2;23,4;22,5;7,2;6,6;37;34;37;44;6,4;2,7;
2019/09/18;0500 UTC;0;909,2;909,5;909,2;;21,8;7,6;22,7;21,8;7,6;7,2;40;37;40;40;5,3;2;
2019/09/18;0600 UTC;0;908,8;909,2;908,8;;21,3;7,8;21,9;20,9;7,9;7,6;43;40;42;41;5,5;1,7;
2019/09/18;0700 UTC;0;908,6;908,8;908,5;;21,3;7,7;22,2;21,2;7,9;7,6;42;39;42;25;6,2;2,7;
2019/09/18;0800 UTC;0;909,1;909,1;908,6;;21,7;7,9;21,9;20,7;8;7,7;43;40;41;34;6,1;1,9;
2019/09/18;0900 UTC;0;909,4;909,4;909,1;2,3;21,6;7,9;22,2;21,6;7,9;7,7;41;39;41;32;6,7;2,4;
2019/09/18;1000 UTC;0;909,9;910;909,4;253;23;7,9;23;21,4;8,1;7,9;42;38;38;22;8;4,3;
2019/09/18;1100 UTC;0;910,3;910,3;909,9;1128,9;25,8;6,2;25,8;23;7,9;6,1;38;29;29;13;13,7;7,4;
2019/09/18;1200 UTC;0;910,6;910,7;910,3;1983,6;28,9;5,6;28,9;25,8;6,5;5,5;29;23;23;9;13,7;7,1;
2019/09/18;1300 UTC;0;910,4;910,7;910,4;2642,9;30,7;5,1;31,3;28,9;5,8;5,1;23;20;20;351;14,4;6,9;
2019/09/18;1400 UTC;0;910,2;910,6;910,2;3108,3;32,5;4,8;33;30,6;5,9;4,5;20;17;18;347;13,8;5,5;
2019/09/18;1500 UTC;0;909,6;910,2;909,6;3282,6;34,3;4;34,3;32,4;5,3;3,6;18;15;15;324;11,5;5,2;
2019/09/18;1600 UTC;0;908,5;909,6;908,5;2783,3;33,7;3,5;34,7;33,3;4,5;3,3;16;15;15;308;10,8;4,3;
2019/09/18;1700 UTC;0;907,7;908,6;907,7;1960,8;34,9;3,5;35,1;33,5;3,9;3,1;15;14;14;312;8,1;2,4;
2019/09/18;1800 UTC;0;907,4;907,8;907,4;1645,3;34,3;3,6;35,2;34,1;4;3,2;15;14;15;309;7,3;2,9;
2019/09/18;1900 UTC;0;907,3;907,4;907,2;911,4;33,7;3,6;34,8;33,7;4,2;3,1;15;14;15;282;6,9;2,9;
2019/09/18;2000 UTC;0;907,6;907,7;907,3;416,1;32,3;4,5;33,8;32,3;4,5;3,3;17;15;17;267;6,4;2,7;
2019/09/18;2100 UTC;0;907,9;907,9;907,6;25,7;29,8;6;32,3;29,8;6;4,6;22;18;22;344;6,1;,5;
2019/09/18;2200 UTC;0;908,1;908,1;907,9;;28,5;6,2;29,9;28,5;7,8;5,8;27;22;24;56;3,1;1,2;
2019/09/18;2300 UTC;0;908,7;908,7;908,1;;27,4;6,7;28,7;25,7;8,9;6;33;24;27;57;4,1;2,3;
2019/09/19;0000 UTC;0;909,1;909,1;908,7;;26,3;6,8;28,1;26,3;6,8;6,1;29;25;29;47;3,7;1;
2019/09/19;0100 UTC;0;909,1;909,2;909;;26,9;6;27,1;25,1;6,9;6;31;26;26;67;4,8;2,5;
2019/09/19;0200 UTC;0;909,2;909,3;909,1;;25,4;6,2;27;25,3;6,3;5,7;30;26;29;49;4,8;1,5;
2019/09/19;0300 UTC;0;908,9;909,3;908,9;;26;6,2;26,7;25,4;6,3;5,9;29;27;28;37;6,1;2,4;
2019/09/19;0400 UTC;0;908,6;908,9;908,5;;25,6;6,3;26,1;25,6;6,4;6,2;29;28;29;37;7,5;2,4;
2019/09/19;0500 UTC;0;908,3;908,6;908,3;;24,7;6;25,6;24,7;6,3;6;30;29;30;44;6,9;2,9;
2019/09/19;0600 UTC;0;908;908,3;908;;23,7;5,9;24,7;23,7;6;5,9;32;30;32;37;6,9;2,3;
2019/09/19;0700 UTC;0;908,2;908,2;907,9;;23,7;5,3;25;23,6;6;5,2;32;29;30;33;5,6;2,1;
2019/09/19;0800 UTC;0;908,9;908,9;908,2;;23,2;4,9;23,7;23,1;5,2;4,9;31;30;30;30;6,6;2,8;
2019/09/19;0900 UTC;0;909,4;909,4;908,9;2,1;22,4;5,2;23,3;22,4;5,2;4,8;33;30;33;38;7,1;3,2;
2019/09/19;1000 UTC;0;910;910;909,4;236;23,4;5,1;23,4;22,4;5,3;5,1;33;31;31;33;8,1;3,8;
2019/09/19;1100 UTC;0;910,2;910,3;910;933,9;26,1;4,7;26,1;23,4;5,4;4,7;31;25;25;21;9,9;5,6;
2019/09/19;1200 UTC;0;910,2;910,5;910,2;1662,1;29,6;2,3;29,6;26,1;4,7;2,3;25;17;17;3;11,9;6,7;
2019/09/19;1300 UTC;0;910,4;910,5;910,2;2348,2;32,1;1,1;32,2;29,6;3,3;,8;18;14;14;347;15,1;7,6;
2019/09/19;1400 UTC;0;909,8;910,4;909,8;2442,7;33,3;3,3;33,6;31,6;3,8;1;16;14;15;350;13,5;5,5;
2019/09/19;1500 UTC;0;909,1;909,8;909;3256,2;35;4,5;35,4;33,3;4,5;3,1;15;15;15;328;12,6;5,3;
2019/09/19;1600 UTC;0;908,4;909,1;908,3;2140,7;35;3,9;35,2;33,7;4,4;3,2;15;14;14;341;11,2;5,7;
2019/09/19;1700 UTC;0;907,7;908,4;907,7;2325,4;34,8;3,1;36,1;34,6;4;3;14;13;14;338;12;4,1;
2019/09/19;1800 UTC;0;907,2;907,7;907,2;1911,6;34,7;2,3;35,8;34,3;3,4;2,1;14;13;13;347;8,9;3;
2019/09/19;1900 UTC;0;907,3;907,3;907,1;1065,4;34,3;1,8;35,3;34,2;2,6;1,6;13;13;13;352;8,7;3,6;
2019/09/19;2000 UTC;0;907,4;907,4;907,2;566;32,8;1,9;34,8;32,8;2,2;1,5;14;13;14;5;7,7;2,8;
2019/09/19;2100 UTC;0;907,9;908;907,4;86,7;30,2;3,1;32,8;30,2;3,1;1,8;18;14;18;25;6,3;1,4;
2019/09/19;2200 UTC;0;908,6;908,6;907,9;;28,4;3,3;30,2;28,4;3,3;3;20;18;20;40;4,5;2,3;
2019/09/19;2300 UTC;0;909,2;909,2;908,6;;27,5;3,4;28,4;27,4;3,4;3,2;21;20;21;42;5,5;2,7;
2019/09/20;0000 UTC;0;909,7;909,8;909,1;;26,9;3,7;27,5;26,9;3,7;3,4;22;21;22;43;5,7;1,6;
2019/09/20;0100 UTC;0;909,8;909,9;909,8;;25,8;3,7;26,9;25,6;4,1;3,7;25;22;24;42;5,9;2,3;
2019/09/20;0200 UTC;0;910,1;910,1;909,8;;25,5;3,5;25,8;25,1;3,7;3,5;25;24;24;41;4,6;1,8;
2019/09/20;0300 UTC;0;909,8;910,1;909,7;;25,5;3,3;25,6;24,3;3,7;3,3;26;24;24;49;4,4;2,7;
2019/09/20;0400 UTC;0;909,5;909,8;909,5;;24,9;3,4;25,5;24,8;3,4;3,2;25;24;25;49;5,5;2,6;
2019/09/20;0500 UTC;0;909,1;909,5;909,1;;24,8;3,5;25,2;24,6;3,5;3,3;25;24;25;43;5,8;3;
2019/09/20;0600 UTC;0;909,6;909,7;909,1;;23,3;3,8;24,8;23,2;3,8;3,4;28;25;28;53;5,8;2,7;
2019/09/20;0700 UTC;0;910,6;910,6;909,6;;23,3;3,8;24,1;22,6;4,4;3,7;30;27;28;42;5,6;1,1;
2019/09/20;0800 UTC;0;910,8;910,8;910,6;;21,5;4,2;23,9;21,5;4,2;3,7;32;28;32;57;6,5;2,9;
2019/09/20;0900 UTC;0;911,7;911,7;910,8;4,6;22,7;4,2;23,5;21,1;4,4;3,9;33;28;30;49;7;3,7;
2019/09/20;1000 UTC;0;912,3;912,3;911,7;224,5;23,6;5,2;24,8;22,2;5,2;4;31;26;30;59;7;2,8;
2019/09/20;1100 UTC;0;912,8;912,8;912,3;960,2;27,1;6,1;27,1;23,6;6,3;4,5;30;25;26;43;6;2;
2019/09/20;1200 UTC;0;912,8;912,8;912,7;1782,7;30,2;4,6;30,3;27,1;6,4;4,4;26;20;20;15;6,7;3,6;
2019/09/20;1300 UTC;0;912,7;912,8;912,7;2467;32,6;4,8;32,8;30,2;5,2;3,8;20;17;17;341;6,4;2,4;
2019/09/20;1400 UTC;0;912,1;912,7;912,1;2850,1;34,7;3;35,1;32,4;4,8;3;17;14;14;299;9,3;3,2;
2019/09/20;1500 UTC;0;911,6;912,1;911,5;2846,4;35,3;3,3;35,8;34,2;4,1;2,5;14;13;14;256;11;3,8;
2019/09/20;1600 UTC;0;910,8;911,6;910,8;2096,4;34,3;3,8;35,8;34;4,2;2,6;15;13;15;258;11;4;
2019/09/20;1700 UTC;0;910;910,8;909,9;1463,1;34,3;4;35;34,2;5,5;3,7;16;14;15;281;8,7;3,7;
2019/09/20;1800 UTC;0;909,8;910;909,8;1174,2;34;5,6;34,7;33,9;5,7;4;17;15;17;256;10,6;3,4;
2019/09/20;1900 UTC;0;909,9;909,9;909,8;1055,7;33,3;6,6;34,6;33,3;6,7;4,2;19;15;19;235;7,4;3,4;
2019/09/20;2000 UTC;0;910;910;909,9;408,6;32,1;7,8;33,3;32,1;7,8;6,5;22;19;22;227;6,1;2,2;
2019/09/20;2100 UTC;0;910,7;910,7;910;51,7;29,8;8,3;32,1;29,8;8,5;7,7;26;22;26;149;3,6;0;
2019/09/20;2200 UTC;0;911,1;911,1;910,7;;25,9;10,6;29,9;25,9;10,7;8,3;38;26;38;258;2;,1;
2019/09/20;2300 UTC;0;911,6;911,6;911,1;;24,2;11,1;25,9;24,2;11,3;10,7;44;38;44;242;,8;,1;
2019/09/21;0000 UTC;0;912,1;912,2;911,6;;26,9;10;26,9;23,9;11,3;10;45;35;35;153;4;1,7;
2019/09/21;0100 UTC;0;912,4;912,5;912,1;;24;10,3;27;24;10,4;9,8;42;34;42;70;3,8;1,6;
2019/09/21;0200 UTC;0;912,4;912,7;912,4;;23,6;10,6;25,4;23,2;10,7;9,9;45;38;44;24;4;1,1;
2019/09/21;0300 UTC;0;912,8;913;912,4;;22,8;11,4;23,7;22,8;11,4;10,6;49;44;49;188;2,3;,5;
2019/09/21;0400 UTC;0;912,7;912,9;912,7;;21,4;12,2;23;21,4;12,8;11,5;56;49;56;147;1,4;,2;
2019/09/21;0500 UTC;0;912,4;912,8;912,3;;20,4;12,9;22,3;20;13,5;12,3;62;56;62;61;1,9;,5;
2019/09/21;0600 UTC;0;911,8;912,4;911,8;;20,7;13;21,5;20,3;13,5;12,6;63;60;61;78;3,5;1,8;
2019/09/21;0700 UTC;0;912,1;912,1;911,7;;19,6;13,2;21,1;19,3;13,6;12,4;67;61;66;35;4,5;,9;
2019/09/21;0800 UTC;0;912,5;912,5;912,1;;20,7;13,7;20,9;19,6;13,9;13;67;63;64;287;2,8;,1;
2019/09/21;0900 UTC;0;913,7;913,7;912,5;9;21,3;13,9;21,4;20,4;14;13,4;65;62;63;194;4,1;2,1;
2019/09/21;1000 UTC;0;913,9;914;913,6;373,7;22,9;14,5;23,2;21,3;14,6;14;63;57;59;2;4,1;,5;
2019/09/21;1100 UTC;0;914,3;914,3;913,9;750,2;25,2;14,1;25,5;22,9;14,8;13,9;59;49;50;169;3,3;1,5;
2019/09/21;1200 UTC;0;914,2;914,3;914,2;658,2;25,8;13,5;26;25,2;14,1;13,3;50;46;47;158;3,3;1,5;
2019/09/21;1300 UTC;0;913,9;914,2;913,9;973,5;28,2;13,6;28,4;25,8;14,3;13,2;48;39;41;139;4,5;2,6;
2019/09/21;1400 UTC;0;913,5;913,9;913,5;924,2;29,4;13,9;29,5;27,6;15;13,6;45;39;39;120;4,4;,9;
2019/09/21;1500 UTC;0;913,1;913,5;913,1;576;27,7;15,2;29,4;26,6;15,7;13,9;51;39;46;147;4;1,8;
2019/09/21;1600 UTC;0;912,3;913,1;912,3;1342,4;30;13,8;30,5;27,7;15,1;13,8;46;37;37;172;3,6;1,7;
2019/09/21;1700 UTC;0;911,6;912,3;911,6;1614,2;30,6;13,4;30,8;30;14,4;12,9;38;34;35;161;4,9;1,8;
2019/09/21;1800 UTC;0;911,4;911,6;911,4;676,6;29,1;14;30,9;29,1;14,9;13,1;41;34;40;176;5,7;3,1;
2019/09/21;1900 UTC;0;911,4;911,5;911,3;645,4;30;13,2;30,2;29;14,1;12,9;40;35;36;165;6,1;3;
2019/09/21;2000 UTC;0;911,6;911,6;911,4;436,5;29;13,5;30,1;29;13,5;12,8;39;36;39;160;5,9;2,9;
2019/09/21;2100 UTC;0;911,8;911,8;911,5;97,5;27,7;13,1;29;27,7;13,7;13,1;41;39;41;159;5,4;2,1;
2019/09/21;2200 UTC;0;912,2;912,2;911,8;;27;13,3;27,9;27;13,3;12,5;43;39;43;46;5,2;,2;
2019/09/21;2300 UTC;0;912,5;912,5;912,2;;25,5;13,8;27;25,5;13,8;13;49;43;49;49;2,9;1,8;
2019/09/22;0000 UTC;0;912,8;912,8;912,5;;26,4;13,5;26,9;25,4;14;13,3;49;43;45;133;3,7;1,1;
2019/09/22;0100 UTC;0;912,6;912,8;912,6;;24,3;13,9;26,4;24,3;14,3;13,4;52;45;52;42;2,5;,8;
2019/09/22;0200 UTC;0;912,6;912,7;912,5;;24,1;13,9;24,3;23,8;14;13,8;54;52;53;48;3,3;1,3;
2019/09/22;0300 UTC;0;912,5;912,6;912,5;;24;13,9;24,5;23,8;14,1;13,6;55;51;54;209;2,8;0;
2019/09/22;0400 UTC;0;912;912,5;912;;23,6;14,2;24,1;23,4;14,3;13,9;57;53;56;37;1;,1;
2019/09/22;0500 UTC;0;911,5;912;911,5;;23,3;13,9;23,7;23;14,6;13,9;58;55;56;122;1;,1;
2019/09/22;0600 UTC;0;911,4;911,5;911,3;;22;14,3;23,3;22;14,3;13,7;62;56;62;67;1,6;0;
2019/09/22;0700 UTC;0;911,6;911,6;911,4;;22,7;13,6;23,1;21,8;14,5;13,4;63;55;56;67;2,6;1,9;
2019/09/22;0800 UTC;0;912,2;912,2;911,6;;22,9;13,5;23,7;21,9;14;13,4;59;53;55;332;3,7;,4;
2019/09/22;0900 UTC;0;912,9;912,9;912,2;5,4;21,6;13,7;22,9;21,4;13,8;13,5;62;55;61;41;2,1;,6;
2019/09/22;1000 UTC;0;913,7;913,7;912,9;266,7;23,2;14,3;23,2;21,6;14,3;13,7;61;56;57;283;3,4;,2;
2019/09/22;1100 UTC;0;914,3;914,3;913,7;1055,4;27,1;14,5;27,1;23,2;15;14,2;58;46;46;55;5,5;2;
2019/09/22;1200 UTC;0;914,3;914,4;914,3;1891,3;29,6;14;29,7;27,1;14,4;13,8;46;38;39;44;7,3;2,5;
2019/09/22;1300 UTC;0;914,3;914,4;914,2;2569,7;31;12,4;31,9;29,3;14,1;12,4;39;32;32;25;8;3,8;
2019/09/22;1400 UTC;0;914,1;914,4;914,1;3035,9;32,3;12,3;32,5;31;13;12;33;30;30;343;7,7;2;
2019/09/22;1500 UTC;0;913,4;914,1;913,4;3387,8;34,6;12,4;34,6;32,1;12,8;11,5;30;26;26;298;6,3;1,5;
2019/09/22;1600 UTC;0;912,7;913,5;912,7;2459,4;33;10,9;34,9;32,1;12,2;10,3;28;24;26;241;5;2;
2019/09/22;1700 UTC;0;911,9;912,8;911,9;1988,4;34,8;10,8;34,8;32,7;12,1;10,2;27;23;23;201;5,3;2,4;
2019/09/22;1800 UTC;0;911,7;911,9;911,6;1483,5;33;11,2;35;33;11,7;9,5;27;22;26;171;7,8;3,7;
2019/09/22;1900 UTC;0;911,9;912;911,6;416,4;30,7;11;33,3;30,7;12,7;11;33;26;30;160;9,8;2,6;
2019/09/22;2000 UTC;0;913;913;911,9;227,3;28,7;13,8;30,7;28,7;13,8;11;40;30;40;189;9,2;5;
2019/09/22;2100 UTC;,2;913,1;913,4;912,8;141,4;25,4;16;28,7;24,2;16,5;14,1;61;40;56;150;14,9;3;
2019/09/22;2200 UTC;0;913,7;913,7;913;;24,4;16,6;25,9;24,3;16,6;15,9;62;55;62;157;8,8;2,4;
2019/09/22;2300 UTC;0;914,3;914,3;913,7;;23,7;16,7;24,7;23;16,9;16,2;68;59;65;123;4,5;,1;
2019/09/23;0000 UTC;0;915,3;915,3;914,3;;24,5;15;24,6;23,4;16,7;14,5;66;54;56;104;4;2,1;
2019/09/23;0100 UTC;0;915,4;915,4;915,3;;23,6;15,9;24,6;23,6;16;15,1;62;56;62;126;6;2,6;
2019/09/23;0200 UTC;0;915,7;915,7;915,3;;23,2;16,2;23,6;22,5;16,3;15,8;66;62;65;109;6,1;2,5;
2019/09/23;0300 UTC;0;915,5;915,8;915,5;;22,3;16,6;23,2;22,2;16,6;16,2;71;65;70;112;4,9;2;
2019/09/23;0400 UTC;0;915;915,6;915;;21,9;16,8;22,3;21,8;16,8;16,6;73;70;73;109;7;1,4;
2019/09/23;0500 UTC;0;914,4;915;914,4;;21,3;16,7;21,9;21,2;16,8;16,6;75;73;75;122;4,7;2,2;
2019/09/23;0600 UTC;0;914,2;914,5;914,2;;21;16,7;21,4;21;16,8;16,6;77;75;76;95;5,4;2,7;
2019/09/23;0700 UTC;0;914,5;914,6;914,2;;20,8;16,5;21;20,7;16,7;16,5;77;76;76;112;6,4;2,2;
2019/09/23;0800 UTC;0;915,1;915,1;914,5;;20,3;16,3;20,8;20,3;16,6;16,3;78;76;78;92;8,1;2;
2019/09/23;0900 UTC;0;915,7;915,7;915;7,5;19,9;15,9;20,3;19,9;16,3;15,9;78;78;78;304;5,7;1,6;
2019/09/23;1000 UTC;0;916;916;915,6;294,6;20,7;15,5;20,7;19,9;15,9;15,4;78;72;72;47;10,1;2,9;
2019/09/23;1100 UTC;0;916,5;916,6;915,9;1151,1;22,6;15,1;22,6;20,7;15,5;15,1;72;63;63;51;11,8;4,8;
2019/09/23;1200 UTC;0;916,8;916,8;916,4;1974,3;24,8;14,7;24,8;22,6;15,2;14,3;63;53;54;39;14,2;5;
2019/09/23;1300 UTC;0;916,6;916,8;916,5;2644,6;26,7;14,1;27,2;24,8;14,8;13,9;54;45;46;45;14,2;4,8;
2019/09/23;1400 UTC;0;916,4;916,7;916,4;3128,7;28,7;14,4;28,7;26,7;14,6;13,9;46;42;42;45;12,1;4,4;
2019/09/23;1500 UTC;0;915,9;916,5;915,9;3298,9;28,6;14,1;29,7;28,2;14,7;14;43;40;41;55;11,1;4,2;
2019/09/23;1600 UTC;0;915,5;916;915,5;2676,9;29,5;14,7;30,6;28,5;14,7;13,4;42;37;41;68;9,5;2,5;
2019/09/23;1700 UTC;0;915;915,6;915;2198,5;29,9;14,2;30,8;28,6;14,9;14;42;37;38;44;8,1;3;
2019/09/23;1800 UTC;0;914,6;915,1;914,6;2158,4;29,8;14,6;30,4;28,7;14,7;13,9;42;38;40;73;8,6;3,4;
2019/09/23;1900 UTC;0;914,5;914,6;914,4;1661,5;28,8;14,4;29,8;28,6;14,6;14;42;39;41;51;9;3;
2019/09/23;2000 UTC;0;915,2;915,2;914,5;788,8;26,8;14,4;28,8;26,8;14,6;14,2;47;41;47;67;7,4;2,4;
2019/09/23;2100 UTC;0;915,8;915,8;915,2;89;24,4;14,5;26,8;24,4;14,5;14,3;54;47;54;51;8;1,9;
2019/09/23;2200 UTC;0;916;916;915,8;;23,1;14,5;24,4;23,1;14,5;14,4;58;54;58;54;7;2,4;
2019/09/23;2300 UTC;0;916,4;916,4;916;;22,7;14,1;23,1;22,7;14,5;14,1;59;58;59;49;7,5;1,5;
2019/09/24;0000 UTC;0;916,8;916,8;916,3;;22;13,9;22,7;22;14,1;13,9;60;58;60;50;8,2;2,2;
2019/09/24;0100 UTC;0;916,8;916,9;916,6;;21,5;13,7;22;21,5;13,9;13,7;61;60;61;41;6,5;1,9;
2019/09/24;0200 UTC;0;916,6;916,9;916,5;;21,2;13,8;21,5;21,2;13,8;13,7;63;61;63;44;8,9;2,3;
2019/09/24;0300 UTC;0;916,3;916,6;916,2;;19,9;13,1;21,2;19,9;13,8;13,1;65;63;65;46;10,8;4;
2019/09/24;0400 UTC;0;916;916,3;916;;18,9;12,9;19,9;18,9;13,1;12,9;68;65;68;48;11,2;3,6;
2019/09/24;0500 UTC;0;915,6;916;915,6;;18,4;12,8;18,9;18,3;12,9;12,8;70;68;70;56;13,1;4,4;
2019/09/24;0600 UTC;0;915,3;915,7;915,3;;17,8;12,6;18,4;17,8;12,8;12,6;72;70;72;46;12,3;3,9;
2019/09/24;0700 UTC;0;915,5;915,5;915,2;;17,3;12,3;17,8;17,3;12,6;12,3;73;72;73;53;12,2;3,9;
2019/09/24;0800 UTC;0;916;916;915,5;;16,9;12,1;17,2;16,9;12,3;12,1;74;73;73;48;12,6;3,6;
2019/09/24;0900 UTC;0;916,5;916,5;916;10;16,9;12;16,9;16,8;12,1;12;73;73;73;33;10,1;3,8;
2019/09/24;1000 UTC;0;917,1;917,2;916,5;296,3;18,2;12,3;18,2;16,9;12,3;12;73;69;69;37;10,5;3,5;
2019/09/24;1100 UTC;0;917,6;917,6;917,1;1179,9;20,8;12,9;20,8;18,1;12,9;12,3;69;60;60;40;12,1;3,7;
2019/09/24;1200 UTC;0;917,3;917,7;917,2;2006,2;23,1;12,6;23,4;20,8;13,1;12,4;60;51;51;34;12,4;5;
2019/09/24;1300 UTC;0;916,9;917,3;916,9;2669,7;25,6;12,5;25,7;23,1;13;12,3;52;44;44;32;12,4;5,2;
2019/09/24;1400 UTC;0;916,3;916,9;916,3;3148,9;27,1;12,6;27,3;25,1;12,8;12,2;45;40;41;18;12,5;6,1;
2019/09/24;1500 UTC;0;915,6;916,3;915,5;3327,5;28,5;12,5;29,1;27;12,9;12,1;41;36;37;29;11,7;4,6;
2019/09/24;1600 UTC;0;914,6;915,6;914,6;3248,3;30,2;12;30,6;28,5;12,9;11,7;37;32;33;11;9,7;3,6;
2019/09/24;1700 UTC;0;913,8;914,6;913,7;1611;30,2;11,8;30,6;29,1;12,2;11,3;34;32;32;11;11,7;2,5;
2019/09/24;1800 UTC;0;913,2;913,8;913,1;1806,4;29,9;11,6;31,6;29,5;12,6;11,4;33;30;32;8;11,7;2,5;
2019/09/24;1900 UTC;0;913,3;913,4;913,1;944,9;27,8;12,8;30,9;27,8;13,4;11,5;41;31;40;88;7,1;2,4;
2019/09/24;2000 UTC;0;913,4;913,5;913,3;387,3;26,9;11,9;27,8;26,6;13,8;11,8;44;39;39;77;6,5;2,8;
2019/09/24;2100 UTC;0;913,7;913,7;913,4;71,1;25;13,3;26,9;25;13,3;11,7;48;39;48;84;5,8;2,8;
2019/09/24;2200 UTC;0;914,2;914,3;913,6;;25;14,4;25,1;24,5;14,5;13,3;54;48;52;89;11,8;2,5;
2019/09/24;2300 UTC;0;914,4;914,4;913,9;;22,7;14,2;24,9;22,6;14,6;13,5;60;51;59;97;11,8;3,2;
2019/09/25;0000 UTC;3,6;915,2;915,4;914,3;;20,2;16,4;24,6;20,2;16,6;14,1;79;54;79;39;9,8;2,3;
2019/09/25;0100 UTC;0;915;915,2;914,9;;19,6;16,7;20,9;19,6;16,8;16,4;83;76;83;31;6,7;1,1;
2019/09/25;0200 UTC;0;914,6;915;914,5;;20,1;16,6;20,2;19,5;16,9;16,6;84;80;80;35;6,3;,9;
2019/09/25;0300 UTC;0;914;914,6;914;;19,8;15,9;20,2;19,8;16,5;15,8;81;77;78;45;4,1;1,2;
2019/09/25;0400 UTC;0;913;914;912,9;;20,4;15,2;20,7;19,7;15,9;15,1;78;71;72;37;5,7;1,1;
2019/09/25;0500 UTC;0;912,2;913;912,2;;19,3;15,4;20,4;19,1;15,4;15,1;79;72;78;4;3,6;1,1;
2019/09/25;0600 UTC;0;911,8;912,2;911,6;;20,6;14,4;20,9;19,3;15,4;14,4;78;67;67;23;6,7;2,4;
2019/09/25;0700 UTC;3,2;915,2;915,2;911,8;;17,7;16,6;21;17,7;16,6;14,2;93;65;93;212;15,8;6,1;
2019/09/25;0800 UTC;3,2;914,5;915,3;914,5;;17,7;16,6;17,9;17,6;16,8;16,5;94;93;94;43;9,4;1,5;
2019/09/25;0900 UTC;,6;914,5;914,5;914;6,1;18;15,7;18,1;17,7;16,7;15,6;94;86;86;32;5,9;2;
2019/09/25;1000 UTC;0;916,5;916,5;914,5;50,7;17,8;16,1;18,3;17,8;16,1;15,5;90;84;90;155;4,8;2,7;
2019/09/25;1100 UTC;,2;916,6;916,9;916,5;89,7;18;16,3;18,2;17,8;16,6;16,2;92;89;90;99;7,2;3,2;
2019/09/25;1200 UTC;0;916,5;916,8;916,2;812,8;19,9;15,5;20,1;17,9;16,5;15,5;90;76;76;67;7,9;3,4;
2019/09/25;1300 UTC;0;915,8;917,1;915,8;411,8;19;15,4;19,9;18,9;15,6;15,2;81;76;80;73;7,9;2,5;
2019/09/25;1400 UTC;0;915,5;915,8;914,8;288,7;19,1;14,8;19,4;18,9;15,5;14,5;80;74;76;35;10,1;2,1;
2019/09/25;1500 UTC;1;914;915,5;913,9;155,1;19;15,2;19,1;18,2;15,7;14,8;84;76;78;54;8,1;2,5;
2019/09/25;1600 UTC;0;912,7;914,5;912,7;241,5;19,1;14,9;19,2;18,8;15,2;14,6;80;75;77;50;8,7;3,4;
2019/09/25;1700 UTC;,4;912,7;912,7;912,4;439,7;19;14,9;19,6;19;15;14,4;77;72;77;109;9,9;3,1;
2019/09/25;1800 UTC;0;912,2;912,7;912,1;1257,5;20,4;14,9;21,1;19;16,2;14,4;77;70;71;99;10,3;3,4;
2019/09/25;1900 UTC;,6;912,9;913,1;912,1;313,6;18,7;15,7;20,4;18,7;15,7;14,8;83;71;83;113;6,8;2,5;
2019/09/25;2000 UTC;0;913,2;913,6;912,9;68,7;17,9;15,8;18,6;17,9;15,8;15,5;87;83;87;135;5,1;2,1;
2019/09/25;2100 UTC;0;913,2;913,6;913,2;49,8;17,7;15,2;17,9;17,7;16,2;15,2;90;85;85;110;5,2;2,4;
2019/09/25;2200 UTC;0;914,2;914,2;913,1;;17,9;15,2;17,9;17,7;15,2;15;85;83;84;264;5,2;,4;
2019/09/25;2300 UTC;0;915,2;915,2;914,2;;17,3;16,1;18,1;17,2;16,2;15,1;93;84;93;189;5,2;3,3;
2019/09/26;0000 UTC;,4;915,8;915,8;915,2;;17;15,9;17,3;17;16,2;15,8;93;93;93;159;6,3;2;
2019/09/26;0100 UTC;0;915,9;915,9;915,7;;16,7;15,5;17;16,6;15,9;15,5;93;93;93;124;5,1;,2;
2019/09/26;0200 UTC;2,8;915,8;916;915,7;;16,2;15,2;16,8;16,2;15,7;15,2;94;93;94;200;2,8;1,3;
2019/09/26;0300 UTC;1,6;915,1;915,8;915,1;;16,3;15,3;16,3;16,1;15,3;15,1;94;94;94;98;2,4;1,2;
2019/09/26;0400 UTC;1,4;914,6;915,2;914,6;;16,1;15,2;16,4;16,1;15,4;15,1;94;94;94;50;2,1;,7;
2019/09/26;0500 UTC;2;913,6;914,6;913,6;;16,2;15,2;16,2;16,1;15,3;15,1;94;94;94;50;2,9;1,2;
2019/09/26;0600 UTC;1,4;913,2;913,6;913,2;;16,1;14,8;16,3;16,1;15,2;14,8;94;92;92;43;4,7;1,4;
2019/09/26;0700 UTC;1,2;913,3;913,3;913;;16,3;15,1;16,3;16,1;15,1;14,8;93;92;93;41;4;1,2;
2019/09/26;0800 UTC;,8;913,6;913,6;913,3;;16,7;15,6;16,7;16,3;15,6;15;93;93;93;58;4,5;1,6;
2019/09/26;0900 UTC;,8;913,9;914;913,6;;16,9;15,7;17;16,7;15,8;15,5;93;92;93;52;4,8;1,3;
2019/09/26;1000 UTC;,8;914,1;914,3;914;59,8;17,2;15,9;17,2;16,9;15,9;15,7;93;92;92;93;4,6;,9;
2019/09/26;1100 UTC;,4;914,8;914,8;914,1;245,5;18;16,5;18;17,2;16,5;15,8;92;91;91;48;4,4;,9;
2019/09/26;1200 UTC;,2;915,3;915,3;914,8;324;18,2;16,2;18,3;18;16,6;16,1;91;88;88;39;5,5;1,2;
2019/09/26;1300 UTC;,8;915,2;915,3;915,2;441,7;18,4;16,6;18,5;18,2;16,7;16,2;90;88;89;29;4,4;1;
2019/09/26;1400 UTC;3,6;915;915,6;914,7;278,4;18,4;17;18,4;17,7;17,1;16,2;92;89;92;46;4,7;1,1;
2019/09/26;1500 UTC;,6;914,5;915,2;914,5;410,2;18,9;17;18,9;18,3;17;16,5;92;89;89;14;5,4;2,8;
2019/09/26;1600 UTC;0;914;914,5;914;1072,7;19,7;16,9;19,8;18,8;17,2;16,8;89;84;84;6;6,6;2,6;
2019/09/26;1700 UTC;0;913;914;912,9;582,8;19,3;16,5;19,9;19,3;17;16,3;84;82;84;7;6,5;2,2;
2019/09/26;1800 UTC;7,6;913,3;913,4;913;84;17,8;16,2;19,3;17,7;16,6;16,1;91;83;91;61;4,8;,5;
2019/09/26;1900 UTC;8,4;913,1;913,3;912,8;118,1;17,6;16,4;17,8;17,6;16,5;16,2;93;91;93;58;3,6;1,4;
2019/09/26;2000 UTC;6,2;913,3;913,3;913,1;44,7;17,4;16,3;17,6;17,4;16,5;16,3;94;93;94;35;3,6;1,4;
2019/09/26;2100 UTC;1,8;913,9;913,9;913,3;16,1;17,2;16,2;17,4;17,2;16,3;16,2;94;94;94;47;3,2;1,3;
2019/09/26;2200 UTC;2,2;914,4;914,4;913,9;;17,1;16,1;17,3;17,1;16,3;16,1;94;94;94;64;2,8;,5;
2019/09/26;2300 UTC;,2;914,5;914,6;914,4;;17,2;16,2;17,4;17,1;16,4;16,1;94;94;94;41;1,9;,1;
2019/09/27;0000 UTC;0;915,1;915,1;914,5;;17,3;16,4;17,4;17,1;16,5;16,2;94;94;94;12;,8;,1;
2019/09/27;0100 UTC;0;915,1;915,3;915;,1;17,5;16,6;17,6;17,3;16,6;16,4;94;94;94;230;1,5;,7;
2019/09/27;0200 UTC;,2;914,8;915,2;914,8;;17,1;16,1;17,5;17,1;16,6;16,1;94;94;94;145;3;1,1;
2019/09/27;0300 UTC;0;914,2;914,8;914,2;;16,5;15,5;17,1;16,4;16,1;15,4;94;94;94;114;2,2;,4;
2019/09/27;0400 UTC;0;913,6;914,2;913,6;;16,1;15,2;16,7;16,1;15,7;15,1;94;94;94;167;2,7;,7;
2019/09/27;0500 UTC;0;913,1;913,6;913,1;;16,4;15,6;16,5;15,9;15,6;15;95;94;95;195;2,7;1,2;
2019/09/27;0600 UTC;0;912,7;913,1;912,7;;16,4;15,6;16,5;16,3;15,7;15,5;95;95;95;142;2,7;1,3;
2019/09/27;0700 UTC;0;912,8;912,8;912,6;,6;16,4;15,5;16,6;16,4;15,7;15,5;95;94;94;76;2,7;,2;
2019/09/27;0800 UTC;0;913,1;913,1;912,8;;16;14,9;16,4;16;15,5;14,9;94;93;93;108;2,4;,6;
2019/09/27;0900 UTC;0;913,6;913,6;913,1;17,1;15,4;14,3;16;15,3;14,9;14,2;94;93;93;157;1,8;,7;
2019/09/27;1000 UTC;0;914,1;914,2;913,6;363,8;16,5;15,5;16,5;15,4;15,5;14,4;94;93;94;206;1,6;0;
2019/09/27;1100 UTC;0;915,1;915,1;914,1;1152,3;18,3;15;18,6;16,5;16,3;14,8;94;80;81;106;4,2;2;
2019/09/27;1200 UTC;0;915,1;915,2;915,1;1449,5;19,5;14,8;19,6;18,3;15,5;14,4;81;74;74;104;4,2;2;
2019/09/27;1300 UTC;0;915,1;915,1;915;1857;21,2;15,6;21,2;19,4;15,9;14,6;76;69;70;36;4,6;1,4;
2019/09/27;1400 UTC;0;914,5;915,1;914,5;2857,5;23,3;15,4;23,3;20,5;16,2;14,7;71;60;61;47;4,9;1,8;
2019/09/27;1500 UTC;0;913,8;914,5;913,8;2555,3;22,8;14,7;23,9;22,2;16;14,5;65;59;60;55;5;1,4;
2019/09/27;1600 UTC;0;913,1;913,8;913,1;3122,3;26;14,2;26,4;22,8;16,4;14,2;63;48;48;317;4,3;,5;
2019/09/27;1700 UTC;0;912,1;913;912,1;3211,2;26,5;13;27,1;25,3;15,4;13;52;43;43;249;5;1,4;
2019/09/27;1800 UTC;0;911,9;912,1;911,9;2783,7;26,8;14,5;27,9;25,5;15,6;12,8;49;43;47;241;6;2,3;
2019/09/27;1900 UTC;0;911,9;912;911,9;1146,4;26,4;15,1;26,7;25,1;15,4;14;54;46;50;233;5,7;2;
2019/09/27;2000 UTC;0;912,1;912,1;911,9;1029,7;25,1;14,4;26,4;25;15,2;14,2;52;48;52;236;5;2,1;
2019/09/27;2100 UTC;0;912,4;912,4;912,1;134,7;23,5;14,2;25,1;23,5;14,5;14;56;51;56;197;4,3;1,7;
2019/09/27;2200 UTC;0;912,9;912,9;912,4;;22,6;14,7;23,5;22,6;14,7;14;61;55;61;196;3,3;1,7;
2019/09/27;2300 UTC;0;913,5;913,5;912,9;;20,3;15;22,6;20,2;15,2;14,7;72;61;72;95;2,7;0;
2019/09/28;0000 UTC;0;914,1;914,1;913,5;;19,2;15,6;20,3;19;15,6;14,8;80;71;80;14;0;0;
2019/09/28;0100 UTC;0;914,1;914,3;914,1;;18,6;14,6;19,4;17,6;15,7;14,6;83;78;78;118;1,8;,1;
2019/09/28;0200 UTC;0;914;914,1;913,9;;18,4;14,1;18,8;18,1;14,6;14;79;75;76;77;2,8;1,1;
2019/09/28;0300 UTC;0;913,8;914;913,8;;17,9;13,9;19;17,2;14,4;13,7;83;73;78;79;3,2;0;
2019/09/28;0400 UTC;0;913,3;913,8;913,3;;17,5;13,7;17,9;17;14,1;13,7;83;78;79;60;2,3;,7;
2019/09/28;0500 UTC;0;912,6;913,3;912,6;;17;13,6;17,9;16,9;14,3;13,6;81;78;80;37;3;,8;
2019/09/28;0600 UTC;0;912,4;912,6;912,4;;17;14,3;17;16,5;14,3;13,5;85;80;84;46;1,9;,5;
2019/09/28;0700 UTC;0;912,5;912,5;912,4;;17;14,1;17,3;16,9;14,3;13,9;84;82;83;64;2,8;1,2;
2019/09/28;0800 UTC;0;913;913;912,5;;16,8;14,1;17,5;16,6;14,3;13,8;84;81;84;72;4,3;,7;
2019/09/28;0900 UTC;0;914;914;913;11,6;16;13,7;17;16;14,3;13,6;86;83;86;233;2,5;0;
2019/09/28;1000 UTC;0;914,5;914,5;914;336,5;17,6;14,8;17,6;15,9;14,8;13,7;87;83;83;297;1;,1;
2019/09/28;1100 UTC;0;915,1;915,1;914,5;1380,3;22,1;14,8;22,2;17,6;15,8;14,5;83;62;63;94;4,1;2;
2019/09/28;1200 UTC;0;915,2;915,3;915,1;2210,8;24,2;14,5;24,6;21,8;15,6;14,4;64;54;55;116;4,9;2;
2019/09/28;1300 UTC;0;914,8;915,2;914,7;2865,3;26,5;13,9;26,6;24,1;15;12,8;55;46;46;9;5,6;2,6;
2019/09/28;1400 UTC;0;914,3;914,8;914,3;3348,9;28;12,6;28,4;26;14,5;12,5;47;38;39;250;5,4;1;
2019/09/28;1500 UTC;0;913,4;914,3;913,2;2448,3;29,6;14,1;29,6;27,7;14,4;12,4;43;38;39;8;11,9;2,6;
2019/09/28;1600 UTC;0;912,5;913,5;912,5;2823,3;30,2;13,1;30,6;28,9;14,1;12,1;39;34;35;236;11,9;1,4;
2019/09/28;1700 UTC;0;911,9;912,6;911,9;1949,5;30,1;13,7;30,7;28,6;14,3;12;41;33;37;244;7,6;2,5;
2019/09/28;1800 UTC;0;911,4;911,9;911,4;2331,2;30,2;13,4;30,6;28,7;14,2;12,4;39;34;36;210;7,1;3,7;
2019/09/28;1900 UTC;0;911,2;911,4;911,1;1347;30,1;13;30,3;28,7;13,7;12,1;39;34;35;232;7,7;4;
2019/09/28;2000 UTC;0;911,2;911,3;911,1;849,1;28,1;12,9;30,2;28,1;13,4;12,2;40;34;39;221;8,9;5;
2019/09/28;2100 UTC;0;911,9;911,9;911,1;122,2;26,1;13,8;28,2;26,1;13,8;12,9;47;39;47;224;8,3;1,8;
2019/09/28;2200 UTC;0;912,3;912,3;911,9;;24,9;13,9;26,1;24,8;14;13,8;51;47;50;193;3,8;2;
2019/09/28;2300 UTC;0;912,8;912,8;912,3;;24;13,5;24,9;24;13,9;13,4;52;50;52;203;4,7;2,3;
2019/09/29;0000 UTC;0;913,3;913,3;912,8;;23,3;13,1;24;23,3;13,6;13,1;53;51;53;194;3,5;1,6;
2019/09/29;0100 UTC;0;913,8;913,8;913,3;;21;14;23,4;21;14,1;13,1;64;53;64;234;2,5;0;
2019/09/29;0200 UTC;0;913,7;913,8;913,7;;19,3;14,4;21;19,1;14,6;13,7;74;64;74;148;1,6;0;
2019/09/29;0300 UTC;0;913,3;913,7;913,3;;18,2;13,9;19,4;18,2;14,6;13,8;78;71;76;82;1,5;,3;
2019/09/29;0400 UTC;0;912,6;913,3;912,6;;17,6;13,9;18,2;17,4;14,2;13,8;81;76;79;20;1,7;,3;
2019/09/29;0500 UTC;0;911,9;912,6;911,9;;18,3;13,3;18,3;17,3;14;13,1;79;72;72;63;3,6;1,9;
2019/09/29;0600 UTC;0;911,4;911,9;911,4;;18,7;12,9;18,8;18,1;13,2;12,9;73;69;69;58;3,8;1,9;
2019/09/29;0700 UTC;0;911,1;911,4;911,1;;18,5;13,5;18,8;18,2;13,5;12,8;72;69;72;48;4,9;1,8;
2019/09/29;0800 UTC;0;911,5;911,5;911,1;;18,8;15,2;19;18,3;15,2;13,6;80;71;80;54;5,1;1,7;
2019/09/29;0900 UTC;0;912,2;912,2;911,5;14,3;18,1;15,8;18,8;17,7;15,8;15,1;87;80;87;95;4,2;,7;
2019/09/29;1000 UTC;0;912,8;912,8;912,2;321,5;19,1;15,5;19,1;17,9;15,9;15,2;87;79;79;307;2,5;,3;
2019/09/29;1100 UTC;0;913,1;913,1;912,9;1321,1;22,1;16,6;22,1;19,1;16,8;15,5;80;71;71;33;7,8;3,4;
2019/09/29;1200 UTC;0;912,8;913,1;912,8;2276,9;24,5;17,2;24,5;21,8;17,4;16,4;72;63;64;22;7,8;3,1;
2019/09/29;1300 UTC;0;912,8;912,9;912,7;2920,2;28,2;10,9;28,2;24,4;17,3;9,9;64;33;34;325;7,8;1,9;
2019/09/29;1400 UTC;0;912,4;912,8;912,4;3406,4;29,9;8,3;30,2;27,7;10,6;7,5;34;25;26;276;6,7;3,5;
2019/09/29;1500 UTC;0;911,8;912,4;911,8;3640,7;30;7,8;30,7;29,5;9,2;6,3;27;22;25;229;9,1;3,8;
2019/09/29;1600 UTC;0;911,1;911,8;911,1;3486,4;31;7,7;31,2;29,2;9,8;7,5;28;23;23;252;10;4;
2019/09/29;1700 UTC;0;910,4;911,1;910,3;3093,4;31,2;8,7;31,4;29,8;10,5;7,3;29;23;25;258;10,5;3,3;
2019/09/29;1800 UTC;0;910;910,4;909,9;2564;29,9;5,1;31,2;29,6;8,4;4,5;25;20;21;224;10,7;4,8;
2019/09/29;1900 UTC;0;910;910;909,8;1927,6;29,1;2,2;30,2;28,9;5,7;,8;22;16;18;228;10,7;4,9;
2019/09/29;2000 UTC;0;910,1;910,1;910;1050,4;28,2;7,4;29,3;28,2;7,7;1,4;27;17;27;245;10,7;2,1;
2019/09/29;2100 UTC;0;910,2;910,2;910,1;121,5;26,3;8,6;28,2;26,3;8,9;7,3;33;27;33;235;5;2;
2019/09/29;2200 UTC;0;910,6;910,6;910,2;;24,4;8,8;26,3;24,4;9,3;8,5;38;33;37;227;3,4;,7;
2019/09/29;2300 UTC;0;910,9;910,9;910,5;;20,9;11,6;24,4;20,9;11,6;8,8;55;37;55;110;1,4;0;
2019/09/30;0000 UTC;0;911,5;911,5;910,9;;19,3;11,7;20,9;19,3;12,2;11,2;62;54;61;301;1,9;0;
2019/09/30;0100 UTC;0;911,8;911,8;911,5;;18,1;11,5;19,3;18;12,2;11,1;66;61;65;221;1,3;0;
2019/09/30;0200 UTC;0;912;912;911,8;;17,3;11,8;18,6;17,2;11,8;11,1;70;64;70;336;1,1;0;
2019/09/30;0300 UTC;0;911,8;912,2;911,8;;16,4;11,2;17,5;16,2;11,8;11;73;68;72;212;1,1;,1;
2019/09/30;0400 UTC;0;911,1;911,8;911;;16,8;10,8;17,2;16,1;11,4;10,1;73;63;68;124;2,1;0;
2019/09/30;0500 UTC;0;910,5;911,1;910,5;;16,7;10,3;18,1;16,7;10,9;10;68;61;66;38;3,5;1,6;
2019/09/30;0600 UTC;0;910,7;910,7;910,5;;16,8;11,4;17;16,4;11,4;10,3;71;66;71;28;3,5;1;
2019/09/30;0700 UTC;0;911,1;911,2;910,6;;17,6;12,5;17,7;16,8;12,7;11,4;73;71;72;340;2,6;,7;
2019/09/30;0800 UTC;0;911,4;911,4;911,1;;17,3;13,2;17,6;17;13,2;12,4;77;72;77;305;3,5;1,1;
2019/09/30;0900 UTC;0;911,5;911,5;911,3;12,8;17,4;14;17,4;17;14;13,1;80;76;80;161;5,6;1;
2019/09/30;1000 UTC;0;912,2;912,2;911,5;392,3;19,5;15,4;19,5;17,4;15,4;14;81;77;77;40;7,5;2,6;
2019/09/30;1100 UTC;0;912,6;912,7;912,2;1431,2;21,4;15,7;21,4;19,5;15,7;15,3;77;70;70;62;13,5;4;
2019/09/30;1200 UTC;0;913;913;912,6;2261,7;24,1;16,4;24,1;21,4;16,4;15,6;70;62;62;48;13,5;4,6;
2019/09/30;1300 UTC;0;912,8;913,2;912,8;2900,9;26,2;16,5;26,2;23,8;16,7;16,1;62;55;55;52;11,9;3,8;
2019/09/30;1400 UTC;0;912,4;912,9;912,4;3397,7;28,1;13,9;28,8;26,2;16,7;13,9;55;41;42;16;10,8;3,5;
2019/09/30;1500 UTC;0;911,7;912,4;911,7;3604,6;30,1;12,5;30,6;27,8;14,8;12,1;44;33;34;66;8,2;2,5;
2019/09/30;1600 UTC;0;910,7;911,7;910,6;3435,6;31,4;10,9;32,1;29,9;13,4;10,5;36;28;28;301;7,3;1,7;
2019/09/30;1700 UTC;0;909,6;910,7;909,6;2897,1;33,5;9,4;33,6;31;11,4;8,5;29;22;23;256;6,6;2,4;
2019/09/30;1800 UTC;0;909,3;909,6;909,3;2120;31,8;9,1;33,5;31,2;10,8;8,4;28;22;25;232;6,4;2,5;
2019/09/30;1900 UTC;0;909,3;909,4;909,2;1357,9;31,4;10,8;32,4;31;10,8;9,2;28;25;28;189;7,2;2,9;
2019/09/30;2000 UTC;0;909,3;909,3;909,2;823,3;30,8;9,8;31,7;30,8;10,5;9,5;28;26;27;192;5,9;2,4;
2019/09/30;2100 UTC;0;909,6;909,6;909,2;117,2;28;10,6;30,8;28;10,7;9,8;34;27;34;173;5,1;1,7;
2019/09/30;2200 UTC;0;909,9;909,9;909,6;;27,2;9,6;28;27,1;10,6;9,6;34;33;33;161;3,4;1,6;
2019/09/30;2300 UTC;0;910,4;910,4;909,9;;23,2;11,6;27,2;23,2;12,5;9,7;48;33;48;49;3,4;1,6;
2019/10/01;0000 UTC;0;911;911;910,4;;23,8;13,5;24,5;22,8;13,5;11,6;53;45;53;68;3,3;1;
2019/10/01;0100 UTC;0;911,3;911,3;911;;23;14;23,9;23;14,1;13,6;57;53;57;61;5,2;,5;
2019/10/01;0200 UTC;0;911,4;911,5;911,3;;22,3;13,9;23,2;22,3;14;13,8;59;56;59;42;4,1;1;
2019/10/01;0300 UTC;0;911,3;911,4;911,3;;20,6;14,1;22,3;20,5;14,2;13,8;67;59;66;30;3,8;1,2;
2019/10/01;0400 UTC;0;911;911,3;911;;20,6;13,9;20,8;20,1;14,2;13,8;68;66;66;122;2,3;,3;
2019/10/01;0500 UTC;0;910,4;911;910,4;;21,1;13;21,2;20,6;13,9;13;66;60;60;274;4,2;,5;
2019/10/01;0600 UTC;0;910,1;910,4;910,1;;20,9;12,5;21,2;20,6;13;12,5;61;58;58;354;3,3;1,5;
2019/10/01;0700 UTC;0;910;910,2;910;;20,5;13;20,9;20,3;13;12,3;62;58;62;317;6;1,9;
2019/10/01;0800 UTC;0;910,8;910,8;910;;20,1;13,8;20,5;20;13,8;13;67;62;67;63;7,7;1,7;
2019/10/01;0900 UTC;0;911,5;911,5;910,8;16,6;19,8;14,6;20,1;19,7;14,6;13,8;72;67;72;40;8,5;2,7;
2019/10/01;1000 UTC;0;912,2;912,2;911,5;377,7;22;15,3;22;19,8;15,4;14,6;72;66;66;40;10,4;3,1;
2019/10/01;1100 UTC;0;912,6;912,6;912,1;1415,3;24,3;15,7;24,3;22;15,8;15,3;66;59;59;42;11,9;3,4;
2019/10/01;1200 UTC;0;912,6;912,6;912,5;2269,4;26,6;15,8;26,6;24,2;16,3;15,6;59;52;52;38;13,7;5,2;
2019/10/01;1300 UTC;0;912,7;912,8;912,6;2913,8;28,3;15,7;28,5;26,3;16,1;15,4;52;46;46;22;11,9;4,9;
2019/10/01;1400 UTC;0;912,4;912,8;912,4;3390,5;29,8;15,3;29,8;28,3;15,9;14,5;46;40;41;12;11,2;5,3;
2019/10/01;1500 UTC;0;911,8;912,5;911,7;3595,9;31,5;13,7;31,5;29,5;15,3;13;42;33;34;8;10;3,9;
2019/10/01;1600 UTC;0;911,1;911,8;911,1;3060,2;32,6;10,4;33,3;30,6;13,8;10,4;35;25;26;334;8,4;2,9;
2019/10/01;1700 UTC;0;910,3;911,1;910,3;2911,9;33,1;10,3;33,9;31,6;11,9;10,1;29;24;25;289;6,9;2;
2019/10/01;1800 UTC;0;909,7;910,3;909,7;2476,9;33,5;10;34;32,3;11,1;9,5;26;23;24;21;5,7;1,4;
2019/10/01;1900 UTC;0;909,7;909,8;909,6;2014,5;33;9,2;34,2;32,8;10,6;8,9;25;22;23;216;4,6;1,8;
2019/10/01;2000 UTC;0;909,6;909,7;909,6;984,1;32,2;10;33,2;32,1;10,7;9;26;23;26;111;4;1,2;
2019/10/01;2100 UTC;0;909,9;909,9;909,6;136,6;29,7;9,7;32,2;29,7;10,6;9,6;29;26;29;131;3,6;1,9;
2019/10/01;2200 UTC;0;910,1;910,1;909,9;;27;11,7;29,7;27;11,7;9,4;39;29;39;48;3,3;1,9;
2019/10/01;2300 UTC;0;910,7;910,7;910,1;;25,5;11,4;27;25,2;12,9;11,3;44;39;41;72;2,8;1,7;
2019/10/02;0000 UTC;0;911,2;911,2;910,7;;25,1;14,1;25,9;24,6;14,1;10,7;50;40;50;107;4;1,2;
2019/10/02;0100 UTC;0;911,4;911,4;911,2;;24;15;25,1;24;15;14,1;57;50;57;139;5,3;1,6;
2019/10/02;0200 UTC;0;911,3;911,4;911,3;;23,3;15,4;24;23,3;15,4;15;61;57;61;141;5,3;1;
2019/10/02;0300 UTC;0;911,5;911,5;911,3;;23,8;14,4;24,1;23,3;15,4;14,4;61;56;56;100;5;1;
2019/10/02;0400 UTC;0;911,2;911,5;911,2;;23,1;14;24;23,1;14,5;14;57;55;57;42;5;1,3;
2019/10/02;0500 UTC;0;910,9;911,2;910,9;;23,2;13,2;23,3;22,9;14;13,2;57;53;53;27;5,9;1,6;
2019/10/02;0600 UTC;0;910,5;910,9;910,5;;22,4;13,2;23,2;22,2;13,2;13,1;56;53;56;10;5,9;1,2;
2019/10/02;0700 UTC;0;910,7;910,7;910,5;;21,9;13,3;22,7;21,9;13,3;13,1;58;55;58;35;5,8;1,5;
2019/10/02;0800 UTC;0;910,7;910,7;910,5;;21,5;12,6;22;21,3;13,3;12,6;59;57;57;18;7,4;1,9;
2019/10/02;0900 UTC;0;911,5;911,5;910,7;17,1;21;12,3;21,6;20,9;12,6;12,3;58;57;58;42;5,5;1,4;
2019/10/02;1000 UTC;0;912,5;912,5;911,5;403,3;23;12,4;23;20,9;12,7;12,3;58;51;51;49;7,2;2,8;
2019/10/02;1100 UTC;0;913;913;912,5;1448;25,2;12,1;25,3;23;12,5;11,9;51;44;44;43;12,7;4,2;
2019/10/02;1200 UTC;0;913,4;913,4;913;2295,2;27,4;11,4;28;25,2;12,7;11,4;44;37;37;46;12,7;4;
2019/10/02;1300 UTC;0;913,1;913,5;913;2946,8;30,2;11,6;30,2;27,3;12;11,1;38;32;32;35;9,8;3,4;
2019/10/02;1400 UTC;0;913,2;913,3;913;3401,6;31;10,7;31,4;29,7;11,9;10,4;32;28;29;50;7,5;1,5;
2019/10/02;1500 UTC;0;912,4;913,2;912,4;3577,4;32,2;9,8;33,4;30,8;11,4;9,7;30;24;25;343;5,6;2,2;
2019/10/02;1600 UTC;0;911,7;912,4;911,7;3354,6;33,4;9,3;34,5;32;11;8,9;26;22;23;268;5,1;1,4;
2019/10/02;1700 UTC;0;910,9;911,7;910,9;2953;33,3;8,2;34;32,8;9,4;7,3;23;20;21;231;7,7;3,5;
2019/10/02;1800 UTC;0;910,3;911;910,3;2527,4;33,4;8,4;34,1;32,6;9,8;7,7;24;20;21;187;8,8;2,5;
2019/10/02;1900 UTC;0;909,9;910,4;909,9;1836,3;33,3;9,8;33,7;32,8;10,1;8,2;24;21;24;137;5,5;2,3;
2019/10/02;2000 UTC;0;909,9;910;909,8;907,5;32,4;9,9;33,5;32,4;10,1;9,1;25;23;25;170;5,1;2;
2019/10/02;2100 UTC;0;910;910;909,9;76,9;30;10,3;32,4;30;10,5;9,3;30;24;30;134;3,5;1,6;
2019/10/02;2200 UTC;0;910,3;910,3;910;;28,3;10,4;30;28,3;10,4;9,8;33;29;33;114;3;,8;
2019/10/02;2300 UTC;0;910,8;910,8;910,3;;25,3;13,5;28,3;25,2;13,6;10,9;48;33;48;334;1,7;,1;
2019/10/03;0000 UTC;0;911,6;911,6;910,8;;23,7;13,8;25,3;23,6;13,9;12,2;54;45;54;334;1,1;,2;
2019/10/03;0100 UTC;0;912;912;911,6;;21,9;13,6;23,6;21,8;14,1;13,2;59;54;59;297;1,1;0;
2019/10/03;0200 UTC;0;912,1;912,1;912;;22,7;12,7;22,7;21,4;13,7;12,7;61;53;53;322;1,4;,7;
2019/10/03;0300 UTC;0;912;912,1;912;;21,1;13,4;23,1;21,1;13,5;11,6;62;49;62;235;2,4;0;
2019/10/03;0400 UTC;0;911,6;912;911,6;;22,3;12;23,2;21,1;13,4;11;62;47;52;165;2,5;,2;
2019/10/03;0500 UTC;0;911,2;911,7;911,2;;22,8;11,5;22,8;21,4;12,5;11,5;57;49;49;50;3,5;,8;
2019/10/03;0600 UTC;0;911,4;911,7;911,1;;22,1;12,9;22,8;20,4;13,3;11,2;60;48;56;295;7,3;,3;
2019/10/03;0700 UTC;0;911,7;911,7;911,4;;21,5;14,3;22,1;21,4;14,4;13;64;56;63;49;2,5;,6;
2019/10/03;0800 UTC;0;912,3;912,3;911,7;;20,3;14,2;21,5;20,1;14,8;13,4;70;63;68;170;5,4;,7;
2019/10/03;0900 UTC;0;912,7;912,8;912,3;20,4;19,7;15,1;20,3;19,3;15,1;14,2;75;68;75;99;4,6;,7;
2019/10/03;1000 UTC;0;913,3;913,3;912,7;387,8;21,1;14,6;21,1;19,7;15,1;14,6;75;66;66;35;3,4;,8;
2019/10/03;1100 UTC;0;913,3;913,4;913,2;1345,7;24,7;12,8;24,8;21,1;14,9;12,8;67;47;48;17;4,7;2,9;
2019/10/03;1200 UTC;0;913,3;913,4;913,2;2240;27,9;11,6;28;24,7;13;11,2;48;36;36;8;6,5;2,8;
2019/10/03;1300 UTC;0;913;913,3;913;2934;30,4;10,7;30,5;27,9;12;10,7;37;30;30;18;5,4;1;
2019/10/03;1400 UTC;0;912,4;913;912,4;3380,1;32,5;9,1;32,6;30,4;12,4;7,7;31;22;24;155;5,5;2;
2019/10/03;1500 UTC;0;911,8;912,5;911,8;3626,4;33,4;7,4;33,4;31,7;9,8;6,2;25;19;20;168;8,8;3,6;
2019/10/03;1600 UTC;0;911,1;911,9;911,1;3495,1;33,7;8,2;34,2;32,4;9,1;5,8;22;18;21;164;9;4,3;
2019/10/03;1700 UTC;0;910,2;911,2;910,2;3131,9;33,6;5,8;34,4;32,9;9,4;3,1;23;14;18;215;9;3,7;
2019/10/03;1800 UTC;0;909,8;910,2;909,7;2536,6;34;6,7;34,6;33,3;8;5,5;20;17;18;167;8,3;3,6;
2019/10/03;1900 UTC;0;909,8;909,8;909,7;1835,6;33,9;3,7;34,3;33,5;6,9;3,1;19;14;15;156;8,5;3,2;
2019/10/03;2000 UTC;0;910;910;909,7;988,8;32,5;3,7;33,9;32,5;4,4;2,4;17;14;16;155;5,6;2,3;
2019/10/03;2100 UTC;0;910,4;910,4;910;105,6;29,9;4,9;32,5;29,9;5,8;3,9;21;16;21;132;4,6;2,6;
2019/10/03;2200 UTC;0;910,6;910,6;910,4;;28,6;2;29,9;28,5;5,5;2;22;18;18;117;6,3;3,4;
2019/10/03;2300 UTC;0;911,6;911,6;910,6;;27,6;4,3;28,7;27,6;4,3;1,2;23;17;23;139;6,3;1,4;
2019/10/04;0000 UTC;0;912,5;912,5;911,6;;26;6,5;27,5;25;7,1;3,8;32;23;29;142;3,7;2;
2019/10/04;0100 UTC;0;912,8;912,8;912,5;;23,4;7,9;26;23,4;7,9;6,3;37;29;37;54;3,6;1,5;
2019/10/04;0200 UTC;0;912,5;912,8;912,5;;22,8;8,3;23,4;21,1;9,1;8;46;37;39;58;4,7;2,5;
2019/10/04;0300 UTC;0;912;912,5;912;;22,6;7,9;22,9;22,6;8,3;7,9;40;39;39;70;5;1,6;
2019/10/04;0400 UTC;0;911,6;912;911,5;;22,1;8,1;22,6;22,1;8,2;7,9;41;39;41;126;4,9;1,3;
2019/10/04;0500 UTC;0;911,4;911,6;911,4;;21;9,3;22,1;20,9;9,3;8;47;41;47;46;7,1;2,4;
2019/10/04;0600 UTC;0;911,3;911,5;911,3;;20,7;10,5;21;20,6;10,5;9,3;52;47;52;60;8,5;2,4;
2019/10/04;0700 UTC;0;911,6;911,7;911,3;;19,9;10,8;20,7;19,9;10,8;10,6;56;52;56;357;8;2,2;
2019/10/04;0800 UTC;0;912,1;912,1;911,6;;19,3;11;19,9;19,2;11;10,8;59;56;59;58;7,5;1,7;
2019/10/04;0900 UTC;0;912,8;912,8;912,1;17,4;19,1;11,2;19,3;18,9;11,2;11;61;59;60;216;5,9;1,1;
2019/10/04;1000 UTC;0;913,3;913,3;912,8;431,3;21,5;11,2;21,5;19,1;11,5;11,2;61;52;52;49;8,1;2,3;
2019/10/04;1100 UTC;0;914,1;914,1;913,3;1500,8;24,2;10,9;24,2;21,5;11,3;10,6;52;43;43;42;10,6;3,3;
2019/10/04;1200 UTC;0;914;914,2;914;2342,8;26,8;10,2;26,8;24,1;11,4;9,8;44;35;35;55;10,5;4,9;
2019/10/04;1300 UTC;0;914,1;914,1;913,9;2976,8;28,3;10,6;28,7;26,5;11,1;9,8;36;32;33;38;11,4;3,4;
2019/10/04;1400 UTC;0;913,6;914,1;913,6;3443;29,9;10,7;30,2;27,6;11,1;9,9;34;30;31;28;10,3;3,2;
2019/10/04;1500 UTC;0;912,9;913,6;912,9;3581,7;30,9;9,7;31,1;29,5;11,1;9,3;31;27;27;28;9,3;2,7;
2019/10/04;1600 UTC;0;911,9;912,9;911,9;3432,4;31,5;7,6;32,1;30,3;9,9;7,4;28;22;23;278;8,3;2,1;
2019/10/04;1700 UTC;0;911;911,9;911;3084,9;32,3;7,1;32,6;31,1;8,2;6;23;20;21;333;5,8;1,8;
2019/10/04;1800 UTC;0;910,4;911;910,4;2502,2;32,4;6,3;33,2;31,7;7,5;5,8;21;19;20;107;5,4;2,5;
2019/10/04;1900 UTC;0;909,9;910,4;909,9;1811,3;32,1;6,9;33,1;31,7;7,5;6;21;19;21;163;4,8;1,5;
2019/10/04;2000 UTC;0;909,9;910;909,8;969,2;31,2;5,7;32,4;31,1;7,1;5,2;21;19;20;183;6;2,6;
2019/10/04;2100 UTC;0;910;910;909,8;109;28,5;6,2;31,3;28,5;6,3;5,1;25;20;24;134;4,4;2,3;
2019/10/04;2200 UTC;0;910,3;910,3;910;;27,6;8,5;28,5;27,6;8,6;6,3;30;24;30;110;5,8;3,5;
2019/10/04;2300 UTC;0;910,9;910,9;910,3;;26,5;9,5;27,7;26,5;9,5;8,2;34;30;34;104;7,5;2,2;
2019/10/05;0000 UTC;0;911,6;911,6;910,8;;24,5;11,3;26,5;24,5;11,3;9,5;44;34;44;133;5,6;1,2;
2019/10/05;0100 UTC;0;912;912;911,6;;23,2;11,8;24,5;23,2;11,8;11,4;49;44;49;171;4,9;,9;
2019/10/05;0200 UTC;0;912;912,1;912;;22,4;11,6;23,2;22,4;11,9;11,5;51;49;50;139;4,5;,9;
2019/10/05;0300 UTC;0;911,6;912,1;911,6;;22,2;11;22,6;22,2;11,5;11;50;49;49;147;5,4;1,2;
2019/10/05;0400 UTC;0;911,4;911,7;911,3;;22,8;10,8;22,9;22;11,1;10,8;50;47;47;45;6,8;1,7;
2019/10/05;0500 UTC;0;911;911,4;911;;21,6;11,1;22,8;21,6;11,1;10,8;51;47;51;50;6,8;2,3;
2019/10/05;0600 UTC;0;910,8;911;910,8;;21,1;11,2;21,6;21,1;11,3;11,1;53;51;53;24;7,1;1,8;
2019/10/05;0700 UTC;0;910,9;910,9;910,8;;20,9;11,5;21,2;20,8;11,5;11,2;55;53;55;44;6,8;2,1;
2019/10/05;0800 UTC;0;911,7;911,7;910,9;;19,9;11,6;20,9;19,8;11,6;11,5;59;55;59;58;7,4;1,8;
2019/10/05;0900 UTC;0;912,3;912,3;911,6;20,5;19,9;11,9;19,9;19,8;11,9;11,6;60;59;60;44;7,4;2,5;
2019/10/05;1000 UTC;0;912,8;912,8;912,4;440,7;21,9;12,1;21,9;19,9;12,3;11,9;60;54;54;45;8,2;2,9;
2019/10/05;1100 UTC;0;913,2;913,2;912,7;1463,4;24,2;12,5;24,2;21,9;12,6;12,1;54;48;48;35;10;3,6;
2019/10/05;1200 UTC;0;912,9;913,2;912,9;2305,3;26,4;12,3;26,8;24;13,2;12,3;49;41;42;41;10,4;4;
2019/10/05;1300 UTC;0;912,4;912,9;912,4;2947,6;28,1;12,6;28,3;26,2;12,8;12;42;37;38;16;11,4;5,3;
2019/10/05;1400 UTC;0;912,1;912,5;912,1;3396,8;29,6;12,2;29,9;28,1;13,1;12,1;39;34;34;7;10,2;4,7;
2019/10/05;1500 UTC;0;911,1;912,1;911,1;3648,1;30,5;11,6;31;29,4;12,9;11,5;35;31;31;12;10,5;4,5;
2019/10/05;1600 UTC;0;910,1;911,1;910,1;1930;30,9;10,8;31,7;29,6;13,1;10,8;34;29;29;356;9,2;2,1;
2019/10/05;1700 UTC;0;909,3;910,1;909,3;1769,9;31;9,4;32;30,3;11,2;9,3;30;26;26;50;7,3;1,8;
2019/10/05;1800 UTC;0;908,7;909,3;908,7;2713,6;33,5;8,9;33,7;31;10,4;7,9;27;21;22;315;6,3;2,7;
2019/10/05;1900 UTC;0;908,3;908,7;908,2;1784,1;31,7;8,3;33,4;31,7;9,2;7,3;24;21;23;225;6,3;1,4;
2019/10/05;2000 UTC;0;908,2;908,2;908,2;746,9;31,2;7,9;32,4;31,1;8,8;7,8;24;22;24;32;4,2;,5;
2019/10/05;2100 UTC;0;908,5;908,5;908,2;86,7;28,5;9,5;31,2;28,5;9,6;7,8;30;24;30;87;2,1;,6;
2019/10/05;2200 UTC;0;909;909;908,5;;26,8;10,3;28,5;26,8;10,4;9,3;36;30;36;83;3,1;1,6;
2019/10/05;2300 UTC;0;909,9;909,9;909;;25,3;11;26,9;25,3;11,1;10,2;41;35;41;83;3,5;1,4;
2019/10/06;0000 UTC;0;910,5;910,5;909,9;;24,3;12,9;25,4;24,1;12,9;11;49;41;49;77;3,7;,8;
2019/10/06;0100 UTC;0;911,1;911,1;910,5;;23,7;13,6;24,4;23,7;13,8;12,9;54;49;53;152;3,9;,7;
2019/10/06;0200 UTC;0;911,1;911,2;911,1;;23,2;13,7;23,7;23,1;13,7;13,6;55;53;55;325;4,8;1;
2019/10/06;0300 UTC;0;910,6;911,1;910,6;;23;13,5;23,3;22,8;13,7;13,5;56;55;55;225;4,5;1;
2019/10/06;0400 UTC;0;910;910,6;910;;23,3;12,7;23,4;22,7;13,4;12,7;55;51;51;243;4,6;1,3;
2019/10/06;0500 UTC;0;909,7;910;909,7;;22,4;12,7;23,3;22,3;12,8;12,6;54;51;54;163;5,3;1,2;
2019/10/06;0600 UTC;0;909,5;909,7;909,5;;22,2;12,9;22,5;22,2;12,9;12,7;56;54;56;46;7,7;2,2;
2019/10/06;0700 UTC;0;909,5;909,6;909,4;;22,1;13,1;22,3;22,1;13,1;12,9;56;56;56;55;7,7;2,6;
2019/10/06;0800 UTC;0;910,3;910,3;909,5;;21,6;13,4;22,1;21,6;13,4;13,1;60;56;60;58;8,3;3,2;
2019/10/06;0900 UTC;0;910,9;910,9;910,3;22,8;21,7;13,6;21,8;21,4;13,6;13,4;61;59;60;34;7,5;3;
2019/10/06;1000 UTC;0;911,8;911,8;910,9;401;23,1;14;23,1;21,7;14;13,6;60;56;56;32;8,4;3,2;
2019/10/06;1100 UTC;0;912,3;912,4;911,8;1450,1;25;13,4;25,1;23,1;14;13,3;56;49;49;12;11,9;5,9;
2019/10/06;1200 UTC;0;912,5;912,5;912,3;2260,1;26,8;13,3;26,8;25;13,7;13,1;49;43;43;5;12,6;5,8;
2019/10/06;1300 UTC;0;912,1;912,5;912,1;2899;29,2;12,8;29,2;26,7;14;12,8;44;37;37;357;10,8;6,1;
2019/10/06;1400 UTC;0;911,8;912,1;911,8;3409,3;31,5;12,9;31,5;28,9;13,4;12,1;37;32;32;355;11,2;4,5;
2019/10/06;1500 UTC;0;911,2;911,8;911,2;3201,6;31,5;12,2;32,1;30,5;13,3;11,6;34;30;31;332;9,1;4,1;
2019/10/06;1600 UTC;0;910,4;911,2;910,4;2346,3;31,6;12;33,1;30,2;12,7;11,5;33;27;30;353;8,5;3,2;
2019/10/06;1700 UTC;0;909,4;910,4;909,4;1386,4;30,7;11,6;32,4;30,6;12,5;11,2;31;29;31;12;8;1,4;
2019/10/06;1800 UTC;5,4;908,8;909,8;908,8;402,3;26,2;12,3;30,7;22;18,2;11,3;72;30;42;56;8,3;2,4;
2019/10/06;1900 UTC;0;909,3;909,3;908,5;249,6;24,3;16,4;26,3;24,1;17,9;12,9;63;42;62;305;9;1,9;
2019/10/06;2000 UTC;0;909;909,4;908,9;47,5;23,6;16,3;24,7;23,5;16,5;15,3;65;56;63;61;7,2;1,8;
2019/10/06;2100 UTC;0;910,1;910,1;909;17,3;23,4;17;24,1;22,4;17,4;15,2;72;57;67;320;4,3;,7;
2019/10/06;2200 UTC;0;911;911;910;;22,5;16;23,4;22,3;17,5;15,7;74;64;66;204;3,5;1;
2019/10/06;2300 UTC;1,4;912,1;912,1;911;;20,4;17,4;22,5;20,3;17,4;15,6;83;65;83;212;2,7;1;
2019/10/07;0000 UTC;1,6;912,4;912,5;912,1;;19,5;16,9;20,4;19,5;17,6;16,6;85;81;85;68;2,9;,1;
2019/10/07;0100 UTC;,8;912,7;912,7;912,3;;19,3;17,2;19,6;19,3;17,4;16,8;88;84;88;131;3;1,9;
2019/10/07;0200 UTC;,2;912,7;913,1;912,6;;20;16,6;20;19,3;17,6;16,6;90;81;81;88;4,5;2,5;
2019/10/07;0300 UTC;0;912,4;912,7;912,4;,6;19,4;17;20,6;19,4;17,1;16,2;86;76;86;357;4,1;,1;
2019/10/07;0400 UTC;0;912,2;912,4;912,2;;19,4;16,6;19,8;19,2;17,1;16,5;87;83;84;34;2,4;,7;
2019/10/07;0500 UTC;0;911,7;912,2;911,7;;18,7;16,5;19,4;18,5;16,7;16,4;88;84;87;78;2,9;1,9;
2019/10/07;0600 UTC;0;911,1;911,7;911,1;;19,3;15,8;19,8;18,7;16,5;15,4;87;77;80;73;4,4;2,2;
2019/10/07;0700 UTC;0;911,2;911,2;910,9;;18,5;16;19,9;18,3;16,1;15,3;85;76;85;106;4,6;,2;
2019/10/07;0800 UTC;0;911,2;911,3;911,2;;19;15,6;19;18,4;16,1;15,6;86;80;81;56;2,7;1,7;
2019/10/07;0900 UTC;0;911,7;911,7;911,1;25,8;18,9;15,7;19;18,4;15,7;15,5;83;81;82;354;2,7;,3;
2019/10/07;1000 UTC;0;912,3;912,3;911,7;453,6;21,2;16,4;21,2;18,5;16,4;15,6;84;74;74;54;2;,3;
2019/10/07;1100 UTC;0;912,9;912,9;912,3;1421,6;24;15,7;24,2;21,2;16,7;15,6;74;59;60;48;7,3;2,9;
2019/10/07;1200 UTC;0;912,8;912,9;912,7;2250,5;26;16,8;26;24;17;15,8;61;56;57;38;8,7;2,9;
2019/10/07;1300 UTC;0;912,7;912,8;912,6;2891,5;28,4;15,9;28,5;25,9;17,2;15;57;46;46;23;8,8;3,1;
2019/10/07;1400 UTC;0;912,3;912,7;912,3;3326,9;30,2;15,2;30,3;28,3;16,1;14,3;47;40;40;356;7,7;2,5;
2019/10/07;1500 UTC;0;911,5;912,4;911,5;3087,9;31,2;14,7;31,3;29,5;15,2;13,3;41;36;37;22;6;1,4;
2019/10/07;1600 UTC;0;910,9;911,5;910,9;1452,7;29,3;16,4;31,7;27,7;17,9;13,3;54;33;46;331;10;2,2;
2019/10/07;1700 UTC;6;910,8;911;910,5;996,6;21;17,5;30,9;21;18,6;14,5;81;37;80;54;8;2,2;
2019/10/07;1800 UTC;9,8;910,4;911,1;910,3;359,6;22,3;18,9;22,6;20,4;19,4;17,5;86;76;81;97;12,3;3,3;
2019/10/07;1900 UTC;0;909,8;910,5;909,7;1410;26,6;17,4;26,7;22,2;19,9;16,6;85;54;57;113;6,1;1,7;
2019/10/07;2000 UTC;0;910,1;910,2;909,8;372,8;23,5;18,3;27,3;23,2;18,4;16,7;74;53;72;358;5,4;,8;
2019/10/07;2100 UTC;0;910,7;910,8;910,1;31,7;23,1;18,5;23,5;22,5;18,9;17,9;80;72;75;147;2;,1;
2019/10/07;2200 UTC;0;911,1;911,1;910,5;;22,1;18;23,8;22,1;18,3;16,3;78;63;78;59;5,4;2,3;
2019/10/07;2300 UTC;0;911,9;911,9;911,1;;22,8;17,8;23,5;22,1;18;17;78;67;73;195;4;1;
2019/10/08;0000 UTC;,4;912,4;912,5;911,9;;21,3;18,2;22,8;21,3;18,5;17,9;82;73;82;174;6,5;1,2;
2019/10/08;0100 UTC;0;912,8;913;912,3;;21,1;18,9;21,3;20,8;18,9;18,1;88;82;87;110;2,9;1,2;
2019/10/08;0200 UTC;0;912,9;913;912,8;;20,6;18,5;21,2;20,6;18,9;18,5;89;86;88;57;3,5;1,1;
2019/10/08;0300 UTC;0;912,3;912,8;912,3;;20,8;18;21,2;20,6;18,5;17,9;88;82;84;44;4;,6;
2019/10/08;0400 UTC;0;911,4;912,3;911,3;;21;17,6;21;20,3;18,1;17,6;87;81;81;88;3,1;,7;
2019/10/08;0500 UTC;0;911,2;911,5;911;;21;17,4;21,2;20,5;17,9;17,3;85;79;80;35;6,2;1,3;
2019/10/08;0600 UTC;0;911;911,2;910,8;;20,4;17,4;21;20,2;17,6;17,2;85;80;83;276;4,2;,4;
2019/10/08;0700 UTC;0;911,1;911,1;910,9;;20,3;17,3;20,4;20,2;17,5;17,1;84;82;83;56;3,3;1,5;
2019/10/08;0800 UTC;0;912,2;912,2;911;;20;17,4;20,4;20;17,5;17,3;85;83;85;53;3,6;,1;
2019/10/08;0900 UTC;0;912,8;912,8;912,2;17;20;17,7;20;19,8;17,7;17,4;87;85;87;191;1,2;,1;
2019/10/08;1000 UTC;0;914;914;912,8;126;20,3;17,9;20,4;19,9;18;17,6;87;86;86;294;2,4;,7;
2019/10/08;1100 UTC;,2;914,8;914,8;914;344,1;20,7;18,2;20,7;20,2;18,3;17,8;87;85;86;297;2,9;,5;
2019/10/08;1200 UTC;0;915,1;915,2;914,8;859;21,9;18,2;22;20,6;18,9;18,2;87;80;80;8;2,2;,7;
2019/10/08;1300 UTC;0;914,8;915,1;914,8;1122,2;23;18,6;23;21,8;18,8;18;80;75;76;341;3,6;1,7;
2019/10/08;1400 UTC;,2;914,4;914,8;914,4;618,8;21,8;18,1;23,1;21,8;18,5;17,7;80;73;80;17;3,9;2;
2019/10/08;1500 UTC;1,6;913,9;914,5;913,9;506,1;21,5;18,9;21,8;21;19,2;17,9;87;80;85;65;3,8;1,4;
2019/10/08;1600 UTC;1;913,4;913,9;913,3;753,6;22,1;18,8;22,2;21,5;19,4;18,8;86;82;82;27;3,7;1,3;
2019/10/08;1700 UTC;,2;912,7;913,4;912,7;1073,4;23;18,6;23,3;21,9;19,5;18,6;83;76;76;34;5,1;1,6;
2019/10/08;1800 UTC;0;912,2;912,7;912,2;712,8;22,7;18,5;23,1;22,6;19,4;18,1;79;75;77;26;3,8;1,8;
2019/10/08;1900 UTC;0;911,7;912,2;911,7;681,1;23,1;17,9;23,1;22,7;18,7;17,6;78;72;73;28;4,3;2,1;
2019/10/08;2000 UTC;0;911,9;911,9;911,7;527,1;22,4;17,5;23,2;22,4;18;17,3;75;71;74;54;4,7;1,9;
2019/10/08;2100 UTC;0;911,9;912;911,9;90,5;21,4;17,1;22,4;21,4;17,6;17,1;77;74;77;69;5;1,8;
2019/10/08;2200 UTC;0;912,6;912,7;911,9;;20,9;16,6;21,4;20,9;17,1;16,6;77;75;77;68;4;,7;
2019/10/08;2300 UTC;0;913,3;913,3;912,6;;20,7;16,9;20,9;20,5;17,1;16,6;81;77;79;81;2,2;,1;
2019/10/09;0000 UTC;0;913,8;913,9;913,3;;20,2;17,3;20,7;20,2;17,5;16,9;84;79;83;117;1,9;,1;
2019/10/09;0100 UTC;,2;914,2;914,2;913,8;;19,8;17,5;20,3;19,7;17,7;17,1;87;82;87;93;1,6;,1;
2019/10/09;0200 UTC;0;913,6;914,2;913,6;;19,8;18,1;20;19,7;18,2;17,6;90;87;90;139;,9;0;
2019/10/09;0300 UTC;0;913,1;913,6;913;;19,5;17,6;20,2;19,5;18,2;17,4;90;86;89;57;2,9;1,4;
2019/10/09;0400 UTC;0;913;913,3;913;;19,9;18,1;19,9;19,5;18,1;17,6;89;88;89;108;2,9;1,2;
2019/10/09;0500 UTC;0;912,6;913;912,6;;19,6;17,6;19,9;19,6;18,1;17,4;89;86;88;215;1,9;,2;
2019/10/09;0600 UTC;,2;912,5;912,6;912,4;;19,2;17,7;19,5;19,2;18;17,5;91;88;91;50;1,3;,4;
2019/10/09;0700 UTC;0;913;913;912,5;;19,6;18;19,6;19,2;18;17,7;91;90;90;122;1,6;,3;
2019/10/09;0800 UTC;0;913,5;913,5;912,9;;19,8;17,5;20,1;19,6;18;17,3;90;84;87;142;3,6;,4;
2019/10/09;0900 UTC;0;914,1;914,2;913,5;7,1;19,7;17,5;19,8;19,5;17,7;17,4;89;87;87;86;2,1;1;
2019/10/09;1000 UTC;0;914,8;914,8;914;196;20,2;18;20,4;19,8;18;17,2;87;82;87;12;2,5;,2;
2019/10/09;1100 UTC;0;915,3;915,3;914,8;509,3;21,7;18,2;21,7;20,2;18,4;17,8;88;79;80;266;2,8;1;
2019/10/09;1200 UTC;0;915,1;915,3;915,1;1131,9;23,2;17,5;23,2;21,6;18,4;17,4;81;70;70;27;5,8;2,8;
2019/10/09;1300 UTC;0;914,5;915,1;914,4;1454,1;24;17,8;24,2;23,2;18,2;17,3;71;67;68;44;6,8;2,2;
2019/10/09;1400 UTC;0;914,3;914,8;914,3;963,1;23,9;17,7;24,4;23,9;18;17,3;69;66;68;43;6,7;1,9;
2019/10/09;1500 UTC;0;913,8;914,3;913,8;1658,3;25,3;18;25,4;23,9;18,5;17,2;69;63;64;43;7,1;2,7;
2019/10/09;1600 UTC;0;913,2;913,8;913,2;1833,1;25,5;17,5;26;25,1;18,3;17,1;64;60;62;42;6,5;1,8;
2019/10/09;1700 UTC;0;912,3;913,2;912,3;1660,6;26,2;17,3;26,7;25,4;18;16,7;62;56;58;21;5,3;2,3;
2019/10/09;1800 UTC;0;911,6;912,3;911,6;1738,5;26,6;16,4;27,4;26,3;17,8;16,3;58;53;53;7;5;2,1;
2019/10/09;1900 UTC;0;911,6;911,6;911,4;1590,5;26,6;16,5;28,4;26,5;17,3;16,2;55;49;54;29;5,1;1,7;
2019/10/09;2000 UTC;0;911,9;911,9;911,5;300,7;26;16,5;26,8;26;16,7;16,1;56;53;56;129;4,1;,5;
2019/10/09;2100 UTC;0;912,2;912,2;911,9;74,5;22,5;16,3;25,9;22,5;16,7;16;70;56;68;130;7,8;4,2;
2019/10/09;2200 UTC;0;912,5;912,5;912,2;;21,8;16,2;22,8;21,8;16,3;16;70;66;70;63;6,4;,8;
2019/10/09;2300 UTC;0;913,2;913,2;912,5;;21,6;16,2;21,9;21,4;16,4;16,1;73;71;71;49;3,2;,4;
2019/10/10;0000 UTC;0;913,8;913,8;913,2;;21,3;16,7;21,8;21,2;16,7;16,1;75;70;75;188;2,3;,1;
2019/10/10;0100 UTC;0;913,5;913,9;913,5;;20,6;16,6;21,5;20,6;17,1;16,3;79;73;78;173;1,7;,4;
2019/10/10;0200 UTC;0;913,5;913,5;913,3;;19,6;16,8;20,6;19,6;17,1;16,6;83;78;83;161;2,7;,3;
2019/10/10;0300 UTC;0;913,1;913,5;913,1;;19,3;16,8;19,7;19,2;17,1;16,6;86;83;85;36;2,3;,8;
2019/10/10;0400 UTC;0;912,1;913,1;912,1;;20;17;20,1;19,2;17,2;16,8;86;83;83;76;5,9;1,5;
2019/10/10;0500 UTC;0;911,5;912,1;911,5;;20,3;16,9;20,4;20,1;17,1;16,9;83;81;81;64;7,6;2,1;
2019/10/10;0600 UTC;0;910,8;911,5;910,6;;20;16,5;20,3;19,9;16,9;16,5;81;80;80;122;7,5;2,1;
2019/10/10;0700 UTC;0;911,1;911,5;910,8;;19,8;16,4;20;19,7;16,5;16,4;81;80;81;73;5,5;2,2;
2019/10/10;0800 UTC;0;912,1;912,1;911,1;;19,8;16,4;20,1;19,6;16,4;16,3;82;79;81;73;7,9;1,6;
2019/10/10;0900 UTC;0;912,5;912,5;912,1;29,8;19,9;16,2;20;19,6;16,4;16,2;82;79;79;95;4,2;,9;
2019/10/10;1000 UTC;0;913,5;913,5;912,5;377,6;20,7;16,4;20,7;19,9;16,5;16,2;79;76;76;75;5;,8;
2019/10/10;1100 UTC;0;914,2;914,3;913,4;974,8;22,5;16,1;22,7;20,7;16,8;15,9;76;67;67;68;7,4;2,1;
2019/10/10;1200 UTC;0;914,2;914,2;913,9;1524,7;24,3;15,7;24,6;22,5;16,4;15,3;67;57;59;41;11,6;3,1;
2019/10/10;1300 UTC;0;914,3;914,3;914,2;1272,2;25,7;15,8;25,7;23,9;16,3;15,4;60;55;55;35;9,5;2,4;
2019/10/10;1400 UTC;0;914,5;914,5;914,2;1383,3;25,4;15,2;26,5;25,4;16;14,9;55;50;53;28;8,2;2,9;
2019/10/10;1500 UTC;0;915,4;915,4;914,5;277,1;20,8;18,3;25,5;20,8;18,3;15;85;53;85;232;7,2;3;
2019/10/10;1600 UTC;,4;915,1;915,4;915,1;184,3;19,6;18,4;20,8;19,4;18,4;18,1;93;85;93;136;6,2;,7;
2019/10/10;1700 UTC;,2;913,7;915,1;913,7;246,1;19,8;18,2;19,9;19,5;18,6;18,2;93;91;91;72;4,9;2,6;
2019/10/10;1800 UTC;10,8;913,3;913,7;913,3;357,1;20,2;18,3;20,2;19,8;18,4;18;91;89;89;52;4,9;1,6;
2019/10/10;1900 UTC;,2;913;913,3;913;727,4;20,7;17,7;20,9;20,2;18,6;17,7;89;83;83;65;5,8;2,8;
2019/10/10;2000 UTC;0;913,2;913,2;913;409,4;20,4;17,3;20,7;20,4;17,8;17,3;84;82;83;92;6,5;2,8;
2019/10/10;2100 UTC;0;913,2;913,3;913,2;66,7;19,8;16,6;20,4;19,8;17,3;16,6;83;82;82;59;7;3,1;
2019/10/10;2200 UTC;0;913,2;913,5;913,1;;19,1;16,1;19,8;19;16,8;16,1;85;82;83;61;6;2,7;
2019/10/10;2300 UTC;0;913,9;913,9;913,2;;18,9;16,1;19,2;18,8;16,2;15,9;84;81;84;53;5,9;2,9;
2019/10/11;0000 UTC;0;914,5;914,5;913,9;;18,4;15,7;18,9;18,4;16,1;15,7;85;83;84;32;6,1;1,1;
2019/10/11;0100 UTC;0;914,9;914,9;914,5;;18,4;15,4;18,8;18,4;15,7;15,3;84;81;83;63;7,6;3,5;
2019/10/11;0200 UTC;0;914,6;914,9;914,6;;18,4;15,7;18,5;18,2;15,7;15,4;85;83;84;43;5,9;1,7;
2019/10/11;0300 UTC;0;914,2;914,6;914,1;;18,5;15;18,5;18,3;15,7;15;84;80;80;62;7,1;1,5;
2019/10/11;0400 UTC;0;913,4;914,2;913,4;;18,3;15;18,5;18,1;15;14,8;81;80;81;27;7,8;3,1;
2019/10/11;0500 UTC;0;912,9;913,4;912,8;;18,1;15,2;18,4;18,1;15,2;15;83;81;83;8;9,2;3;
2019/10/11;0600 UTC;0;912,3;912,9;912,2;;18,2;15,1;18,3;18;15,3;15,1;84;82;82;8;6,2;1,7;
2019/10/11;0700 UTC;0;912,5;912,6;912,3;;18,3;15;18,4;18;15,1;15;83;81;81;64;4,7;2,1;
2019/10/11;0800 UTC;0;913;913;912,5;;18,3;15;18,5;18,1;15,1;15;82;80;81;37;5,4;1,3;
2019/10/11;0900 UTC;0;913,5;913,5;913;35,5;18,5;14,8;18,6;18,2;15;14,8;81;79;79;50;4,8;1,8;
2019/10/11;1000 UTC;0;914,4;914,4;913,4;376,3;19,8;15,1;19,8;18,5;15,2;14,6;79;74;75;194;6,2;,5;
2019/10/11;1100 UTC;0;915,1;915,1;914,4;1162,3;21,8;15,5;21,8;19,8;15,8;15;75;66;67;45;6,9;2,6;
2019/10/11;1200 UTC;0;915,4;915,4;915,1;1881,1;23,6;15,3;23,7;21,8;15,9;14,8;68;59;60;57;8,8;2,9;
2019/10/11;1300 UTC;0;915,1;915,4;915,1;1838;25,1;14,9;25,3;23,2;16,1;14,9;62;53;53;48;10,6;3,8;
2019/10/11;1400 UTC;0;915;915,2;915;2677,2;26,7;15,1;27;25,1;15,7;14,3;54;47;49;35;10,6;3;
2019/10/11;1500 UTC;0;914,5;915;914,5;2697,6;27,5;15,4;27,5;26,2;15,7;14,5;51;47;48;43;10,1;3,7;
2019/10/11;1600 UTC;0;913,8;914,5;913,8;2874,2;27,9;15,2;28,6;27,3;16,3;14,2;50;43;46;38;8,9;2,5;
2019/10/11;1700 UTC;0;913,3;913,8;913,3;2495,9;28,4;14,1;29,6;27,5;15,7;13,7;46;40;42;28;7,4;2,6;
2019/10/11;1800 UTC;0;912,9;913,3;912,9;1857,1;28,5;14,5;29;28,3;14,9;13,6;43;40;43;23;7,3;1,9;
2019/10/11;1900 UTC;0;912,8;913;912,8;990,3;28;14,5;28,7;28;14,9;13,7;44;41;44;34;5;1,6;
2019/10/11;2000 UTC;0;913,2;913,2;912,8;448;27,5;14,7;28,2;27,5;14,8;14,1;46;43;46;35;3,6;1;
2019/10/11;2100 UTC;0;913,7;913,7;913,2;107;25,8;15,6;27,5;25,8;15,7;14,8;53;46;53;56;2,7;,3;
2019/10/11;2200 UTC;0;914;914;913,7;;24,1;16,1;25,8;24,1;16,1;15,5;61;53;61;103;2,6;,3;
2019/10/11;2300 UTC;0;914,2;914,2;914;;23,1;16,2;24,1;23,1;16,4;15,9;65;61;65;62;2,7;1,3;
2019/10/12;0000 UTC;0;914,4;914,4;914,2;;22,9;15,9;23,3;22,4;16,4;15,8;69;64;65;85;5,2;2,3;
2019/10/12;0100 UTC;0;914,5;914,7;914,4;;21,4;16,5;23;21,4;16,5;15,8;73;64;73;42;5,2;1,5;
2019/10/12;0200 UTC;0;914,5;914,6;914,4;;21,3;16,5;21,6;21,2;16,6;16,2;74;73;74;34;4;1,5;
2019/10/12;0300 UTC;0;914,1;914,5;914,1;;21,1;16,5;21,5;21,1;16,7;16,5;76;74;75;20;3,3;,8;
2019/10/12;0400 UTC;0;913,6;914,2;913,6;;20,7;16,2;21,3;20,7;16,6;16,2;76;73;75;359;3,2;,8;
2019/10/12;0500 UTC;0;913,5;913,6;913,5;;21,1;15,9;21,2;20,7;16,3;15,9;75;72;72;25;2,9;,8;
2019/10/12;0600 UTC;0;913,6;913,6;913,5;;20,5;15,7;21,3;20,5;15,9;15,7;74;71;74;28;3,1;,9;
2019/10/12;0700 UTC;0;913,6;913,7;913,5;;20,1;15,7;20,5;19,7;16;15,7;79;74;76;61;2,4;,8;
2019/10/12;0800 UTC;0;913,9;913,9;913,6;;19,7;15,2;20,1;19,7;15,7;15,2;76;75;75;88;3,3;,6;
2019/10/12;0900 UTC;0;914,4;914,4;913,9;50,4;20,1;14,9;20,1;19,5;15,2;14,9;76;72;72;16;5;1,3;
2019/10/12;1000 UTC;0;915;915;914,4;521,2;22,9;14,8;22,9;20,1;14,9;14,5;72;60;61;32;5,6;1,5;
2019/10/12;1100 UTC;0;915,4;915,4;915;1567,7;25,6;13,7;25,6;22,9;15;13,5;61;47;48;40;7,6;3,3;
2019/10/12;1200 UTC;0;915,4;915,5;915,3;2435,6;26,9;14,4;27,4;25,6;14,9;13,3;48;44;46;27;8,6;3,9;
2019/10/12;1300 UTC;0;915;915,4;915;3042,5;29,2;13,5;29,2;26,9;15;12,9;47;38;38;31;9,4;4;
2019/10/12;1400 UTC;0;914,6;915;914,6;3496;29,1;13,5;29,8;28,6;14,4;13;40;37;38;25;9,3;4,7;
2019/10/12;1500 UTC;0;913,9;914,6;913,9;3690,3;30,3;12,5;31;29,2;14,2;12,1;39;33;34;20;8,3;3,2;
2019/10/12;1600 UTC;0;913,1;913,9;913,1;3696,6;31,8;12,8;31,8;30;13,3;11,2;35;29;31;359;8,4;1,2;
2019/10/12;1700 UTC;0;912,1;913,1;912,1;2635,4;31,7;11,6;32,5;30,2;12,9;10,8;34;28;29;357;6;2,5;
2019/10/12;1800 UTC;0;911,3;912,1;911,3;2365,6;32;9,9;32,6;30,7;12;9,7;31;25;26;236;5,6;,8;
2019/10/12;1900 UTC;0;911,1;911,3;911,1;1507,4;31;11;32,6;31;11,7;10,3;30;26;29;359;5,5;1,6;
2019/10/12;2000 UTC;0;911,2;911,2;911;401,3;29,3;12,3;31,2;29,3;12,3;10,6;35;28;35;19;3,4;,9;
2019/10/12;2100 UTC;0;911,4;911,4;911,1;90,1;27,4;13,2;29,3;27,4;13,8;12,2;42;35;42;50;2,2;1;
2019/10/12;2200 UTC;0;911,8;911,8;911,4;;25,3;14,1;27,3;25,3;14,1;13;50;42;50;81;2,6;,9;
2019/10/12;2300 UTC;0;912,1;912,1;911,8;;24,5;13,8;25,4;24,5;13,9;13,4;52;48;52;68;2,5;1,1;
2019/10/13;0000 UTC;0;912,7;912,7;912,1;;23,5;13,8;24,6;23,5;13,8;13,4;54;50;54;65;3,8;,5;
2019/10/13;0100 UTC;0;912,8;912,9;912,7;;22,7;13,9;23,5;22,7;14,1;13,7;58;54;57;329;2,2;,5;
2019/10/13;0200 UTC;0;912,7;912,9;912,7;;22,1;14,2;22,9;21,7;14,2;13,9;62;57;61;13;2,7;1,6;
2019/10/13;0300 UTC;0;912,3;912,7;912,3;;21,1;14,2;22,2;21,1;14,2;14;65;60;65;52;3,1;1;
2019/10/13;0400 UTC;0;911,9;912,3;911,9;;21,4;14;21,4;20,8;14,3;13,9;66;63;63;74;2,8;1;
2019/10/13;0500 UTC;0;911,8;912;911,8;;20,9;13,7;21,4;20,9;14;13,6;64;61;63;41;4,5;,8;
2019/10/13;0600 UTC;0;911,4;911,8;911,4;;21,7;13,5;21,7;20,9;13,7;13,4;64;59;60;74;4,5;2;
2019/10/13;0700 UTC;0;911,5;911,5;911,4;;20,8;13,1;21,9;20,8;13,4;13,1;62;58;61;70;4,5;2;
2019/10/13;0800 UTC;0;912;912;911,5;;20,2;13,2;20,9;19,4;13,6;13,2;69;61;64;68;4,9;2,1;
2019/10/13;0900 UTC;0;912,7;912,7;912;29,8;19,8;13,3;20,2;19,5;13,6;13,1;68;64;66;43;3,9;,6;
2019/10/13;1000 UTC;0;913,3;913,3;912,7;597,2;24;13,8;24;19,8;14,4;13,2;66;53;53;360;5,6;1,9;
2019/10/13;1100 UTC;0;914;914;913,3;1613,6;26,8;12,5;26,8;24;13,7;12,4;53;41;41;46;7,5;3;
2019/10/13;1200 UTC;0;914,3;914,3;914;2441,6;27,9;13,1;27,9;26,7;13,1;11,9;42;39;40;26;9,4;4,3;
2019/10/13;1300 UTC;0;914;914,3;913,9;3079,6;30,5;11,7;30,6;27,8;13,4;11,1;40;31;32;16;8,8;3,9;
2019/10/13;1400 UTC;0;913,6;914;913,6;3535,9;31,1;11;32;30,2;12,2;10,5;32;28;29;36;7,6;2,5;
2019/10/13;1500 UTC;0;912,9;913,6;912,9;3511,9;31,4;10,4;32,3;30,8;11,8;8,9;30;25;27;65;6,3;1,7;
2019/10/13;1600 UTC;0;912,1;912,9;912,1;2650,3;32;8,4;32,4;31,2;10,8;6,9;27;21;23;233;6;1,2;
2019/10/13;1700 UTC;0;911,2;912,1;911,2;2885,5;32,3;9,8;33,5;31,6;11,3;8,8;27;23;25;122;5,6;1,1;
2019/10/13;1800 UTC;0;910,7;911,2;910,7;1853,4;31,3;10;33,5;31,3;10,5;8,6;28;23;27;111;5,5;1,4;
2019/10/13;1900 UTC;,4;910,3;910,9;910,3;931,9;32,8;10;32,8;31;10,8;8,7;28;23;25;227;5,2;1,2;
2019/10/13;2000 UTC;,6;911;911;910,3;926,4;26,3;14,8;32,9;26,1;15,6;8,8;53;23;49;178;8,4;3,1;
2019/10/13;2100 UTC;0;911;911;910,7;136,7;26,2;13,6;26,7;24,9;15,7;13,1;57;44;46;150;7,5;,9;
2019/10/13;2200 UTC;0;911,3;911,3;911;,2;28;10,9;29;26,2;14,3;10,3;47;31;34;139;6,6;1,8;
2019/10/13;2300 UTC;0;911,9;911,9;911,3;;25,2;12,9;28,1;25,2;13,2;10,6;46;34;46;73;3,2;2,2;
2019/10/14;0000 UTC;0;912,3;912,3;911,9;;24,2;13,1;25,2;24,1;13,5;12,5;51;46;50;109;4,4;1,3;
2019/10/14;0100 UTC;0;912,6;912,6;912,2;;24,3;11;24,6;23,9;13,1;10,9;51;43;43;129;3,1;,4;
2019/10/14;0200 UTC;0;912,6;912,7;912,6;;23;10,9;24,3;23;11,1;10,8;47;43;46;45;4,7;1,2;
2019/10/14;0300 UTC;0;912,3;912,6;912,3;;22,4;10,9;23;22,4;11,1;10,7;48;46;48;43;5,4;,7;
2019/10/14;0400 UTC;0;911,9;912,3;911,9;;22,5;10,8;22,7;22,4;11;10,7;48;47;48;54;4,9;1,1;
2019/10/14;0500 UTC;0;911,4;911,9;911,4;;22;10,9;23,1;22;10,9;10,6;49;45;49;45;4,1;,8;
2019/10/14;0600 UTC;0;911,2;911,4;911;;22,2;9,9;22,3;21,6;11,1;9,8;51;45;46;59;4,4;1,5;
2019/10/14;0700 UTC;0;911,4;911,4;911,2;;20,6;10,7;22,2;20,5;11;9,8;53;46;53;64;4,4;1;
2019/10/14;0800 UTC;0;911,9;911,9;911,4;;19,9;10,6;20,7;19,9;10,8;10,5;55;53;55;95;3,3;1,1;
2019/10/14;0900 UTC;0;912,5;912,5;911,9;8,3;20,2;10,7;20,3;19,9;10,7;10,5;55;54;55;75;4,9;2;
2019/10/14;1000 UTC;0;913,2;913,2;912,5;333,4;22,4;11,5;22,4;20;11,5;10,7;56;50;50;53;4,7;1,2;
2019/10/14;1100 UTC;0;913,5;913,5;913,2;1306,2;25,4;9,8;25,5;22,4;11,5;9,8;50;37;37;43;7,6;3,2;
2019/10/14;1200 UTC;0;913,5;913,6;913,5;2178,2;27,4;11,3;27,4;25,4;11,3;9,9;39;35;37;26;8,6;3,1;
2019/10/14;1300 UTC;0;913,4;913,6;913,3;2902,1;29,9;10,2;29,9;27,5;11,5;9,6;37;29;30;5;7,9;3,1;
2019/10/14;1400 UTC;0;913,2;913,4;913,1;3405,9;31,3;9;31,5;29,4;10,1;8,4;30;25;25;331;6,4;1,9;
2019/10/14;1500 UTC;0;912,6;913,2;912,6;3676,5;31,6;8,7;32,5;30;10,4;8;27;23;24;81;5,5;2;
2019/10/14;1600 UTC;0;912;912,6;912;3431,4;32,2;9,2;32,9;31,1;10,5;7,9;27;23;24;187;4,9;1,8;
2019/10/14;1700 UTC;0;911,1;912;911,1;2398,5;32,9;10;33,1;31,1;10,8;8,9;28;24;25;192;6,2;2,5;
2019/10/14;1800 UTC;0;910,8;911,1;910,6;2757,2;33,4;10,4;33,4;32;11,4;9,6;27;24;25;196;7;2,3;
2019/10/14;1900 UTC;0;910,3;910,8;910,2;1845,1;32;7,5;34;31,8;10,4;7,3;25;21;22;167;12,3;1,8;
2019/10/14;2000 UTC;0;910,2;910,3;910,1;1199,2;32,2;6,8;33;31,9;8,3;5,5;22;18;21;118;5,8;2,6;
2019/10/14;2100 UTC;0;910,3;910,3;910,1;277,9;30,1;7,2;32,3;30,1;8,5;6,5;25;20;24;122;4,4;2;
2019/10/14;2200 UTC;0;910,8;910,8;910,3;1;28,7;8,2;30,1;28,7;8,4;7,2;28;24;28;104;4,1;2,7;
2019/10/14;2300 UTC;0;911,3;911,3;910,8;;25,8;9,6;28,7;25,7;9,6;8,2;36;28;36;72;4,4;2,4;
2019/10/15;0000 UTC;0;911,6;911,6;911,3;;25,2;10,4;25,8;25;10,4;9,6;40;36;39;87;4,4;,9;
2019/10/15;0100 UTC;0;912,4;912,4;911,7;;24,1;11;25,2;24;11;10,4;44;39;44;31;4,2;1,1;
2019/10/15;0200 UTC;0;912,6;912,7;912,4;;23,7;10,7;24,5;23,6;11;10,6;44;42;44;56;4,8;1,4;
2019/10/15;0300 UTC;0;912,5;912,6;912,5;;22,9;11,1;24,1;22,9;11,1;10,6;47;43;47;40;4,4;1,4;
2019/10/15;0400 UTC;0;912;912,5;912;;21,9;11,3;23,4;21,8;11,4;10,8;51;45;51;52;4,5;1,4;
2019/10/15;0500 UTC;0;911,6;912;911,6;;21,6;11,5;22,9;21,5;11,5;10,9;53;47;53;43;4,2;1,6;
2019/10/15;0600 UTC;0;911,2;911,6;911,2;;21,6;11,3;21,8;21,3;11,5;11,2;53;51;52;64;3,6;1,8;
2019/10/15;0700 UTC;0;912;912;911,1;;21,1;12;21,6;20,4;12,1;11,3;58;52;56;138;3,2;1,7;
2019/10/15;0800 UTC;0;912,5;912,5;912;;19,9;12,5;22;19,9;12,9;11,7;62;53;62;49;6,6;1,5;
2019/10/15;0900 UTC;0;912,9;912,9;912,4;10;20,4;11,9;20,5;19,3;12,6;11,9;64;58;58;72;4;2,3;
2019/10/15;1000 UTC;0;913,7;913,7;912,9;280,6;22;12,2;22;20,4;12,4;11,6;58;54;54;51;5,1;1,1;
2019/10/15;1100 UTC;0;914,1;914,1;913,7;1092,6;25,1;8,8;25,3;21,7;12,7;8,8;55;36;36;46;6,6;2,7;
2019/10/15;1200 UTC;0;914,4;914,4;914,1;1734,4;27,6;9,7;27,7;25,1;9,7;8,2;37;31;33;34;8,3;3,5;
2019/10/15;1300 UTC;0;914,2;914,5;914,2;2866,1;29,4;7,7;30;27,3;9,8;7,5;33;25;26;28;10,5;3,3;
2019/10/15;1400 UTC;0;913,8;914,2;913,7;3388,1;31,8;9,2;31,8;29,4;9,2;7,6;27;24;25;42;8,1;3;
2019/10/15;1500 UTC;0;913,5;913,8;913,5;3655,3;31,4;8,4;32,4;30,5;9,9;7,6;27;23;24;79;6,7;1,9;
2019/10/15;1600 UTC;0;912,5;913,5;912,5;3608,4;32,8;9,8;33,3;31,1;11;7,9;27;23;24;14;5,9;1;
2019/10/15;1700 UTC;0;911,8;912,5;911,8;2522,5;32,4;9,3;33,1;31,5;10,3;8,6;26;23;24;253;4,3;,5;
2019/10/15;1800 UTC;0;911,4;911,8;911,4;1803,8;31,8;9,7;33,6;31,7;10,6;8,5;27;22;26;177;4,9;1,8;
2019/10/15;1900 UTC;0;911,1;911,4;911;1804,3;32,5;9,9;33,1;31,7;10,8;9;27;23;25;204;6,4;3,1;
2019/10/15;2000 UTC;0;911,2;911,2;911,1;413,4;30,4;10,8;32,5;30,4;11;9,5;30;25;30;176;6,6;2;
2019/10/15;2100 UTC;0;911,5;911,5;911,2;71,6;28,6;10,9;30,4;28,6;11,6;10,7;35;30;33;79;6,5;1,8;
2019/10/15;2200 UTC;0;911,8;911,8;911,5;;28,4;11,2;28,6;27,8;11,8;10,8;37;33;34;102;4,1;1,6;
2019/10/15;2300 UTC;0;912,2;912,2;911,8;;27,5;11,5;28,5;27,5;11,8;11,1;37;34;37;84;3,2;1;
2019/10/16;0000 UTC;0;912,6;912,6;912,2;;26,5;12,7;28,2;26,4;12,7;11,1;43;35;43;178;4,9;,3;
2019/10/16;0100 UTC;0;913,1;913,2;912,6;;25,2;12,8;26,5;25,2;13;12,3;46;41;46;123;2,8;,9;
2019/10/16;0200 UTC;0;912,7;913,2;912,7;;23,7;12,9;25,3;23,7;12,9;12,4;51;45;51;34;2,4;,4;
2019/10/16;0300 UTC;0;912,5;912,8;912,4;;24,4;12,5;24,4;22,9;13,2;12,5;54;47;47;89;3,2;,9;
2019/10/16;0400 UTC;0;912,3;912,6;912,3;;23,8;12,4;24,4;23,3;12,7;12,3;51;48;49;103;4;1,8;
2019/10/16;0500 UTC;0;912,3;912,6;912,3;;24,2;12,2;24,7;23,8;12,6;12,1;49;46;47;110;5;1,7;
2019/10/16;0600 UTC;0;912,2;912,3;912,1;;22,9;12,4;24,2;22,7;12,7;12,2;53;47;52;73;4,2;1;
2019/10/16;0700 UTC;0;912,3;912,3;912,1;;23,1;10,8;23,3;22,9;12,3;10,8;52;46;46;39;6,8;1,7;
2019/10/16;0800 UTC;0;912,7;912,7;912,3;;22,2;11,1;23,1;22,2;11,1;10,6;49;45;49;66;7,6;2,4;
2019/10/16;0900 UTC;0;913,2;913,2;912,7;7,1;21,8;10,8;22,2;21,8;11;10,7;50;49;50;326;8,4;1,6;
2019/10/16;1000 UTC;0;913,7;913,7;913,2;339,7;23,4;11,2;23,4;21,8;11,3;10,8;50;46;46;93;8,4;2;
2019/10/16;1100 UTC;0;914,2;914,3;913,7;1422,9;25,1;11;25,1;23,4;11,4;10,7;46;41;41;53;10,6;4,2;
2019/10/16;1200 UTC;0;914,6;914,6;914,2;2062,5;26,6;10,6;26,9;24,8;11,7;10,5;42;37;37;39;11,8;3,8;
2019/10/16;1300 UTC;0;914,5;914,7;914,4;2800,1;29,2;10,7;29,2;26,6;11,2;10,2;37;32;32;59;10;4,2;
2019/10/16;1400 UTC;0;914,3;914,5;914,2;3294,8;30,6;11,3;30,6;28,8;11,4;9,8;32;30;30;26;10,7;4,3;
2019/10/16;1500 UTC;0;913,9;914,3;913,9;3548;31,4;10,8;31,6;30,1;11,3;10;31;27;28;38;8,6;2,8;
2019/10/16;1600 UTC;0;912,9;913,9;912,9;3537,4;31,5;11;32,1;30,9;11,6;10;29;27;28;30;7,7;2,5;
2019/10/16;1700 UTC;0;912;912,9;912;2714,9;31,6;10,8;32,4;30,7;11,7;10;29;27;28;16;7,7;2,6;
2019/10/16;1800 UTC;0;911,4;912;911,4;1880,5;31;10,9;32,6;30,7;11,5;10,3;30;26;29;95;6,9;1,1;
2019/10/16;1900 UTC;0;911,2;911,4;911,2;1337;31;11,2;32,4;30,9;12,5;10,6;30;28;30;148;4,6;1,6;
2019/10/16;2000 UTC;0;911,2;911,3;911,2;1040,3;31,2;10,9;31,9;30,9;11,9;10,7;31;28;29;49;4,8;1,5;
2019/10/16;2100 UTC;0;911,5;911,5;911,2;286,6;29,4;12,3;31,4;29,4;12,3;11;35;29;35;128;3,4;1,5;
2019/10/16;2200 UTC;0;912,1;912,1;911,5;,2;27,8;12,8;29,4;27,8;13;11,7;40;34;39;133;3,9;2,3;
2019/10/16;2300 UTC;0;912,7;912,7;912,1;;25,6;13,8;27,8;25,6;13,8;12,8;48;40;48;108;4,5;,8;
2019/10/17;0000 UTC;0;913,2;913,3;912,7;;25;14,1;26,5;25;14,1;13,7;51;46;51;140;3,9;,4;
2019/10/17;0100 UTC;0;913,8;913,8;913,2;;24,7;14,1;25;24,4;14,3;14;53;51;52;272;2,6;,5;
2019/10/17;0200 UTC;0;913,5;913,8;913,5;;24,2;13,9;24,7;24,1;14,1;13,9;53;52;53;153;3,6;,8;
2019/10/17;0300 UTC;0;913,3;913,6;913,3;;23,9;13,8;24,2;23,9;13,9;13,8;53;52;53;146;3,5;,8;
2019/10/17;0400 UTC;0;912,8;913,3;912,8;;24,5;13,7;24,5;23,9;13,9;13,6;53;51;51;229;3,2;,9;
2019/10/17;0500 UTC;0;912,3;912,8;912,3;;23,6;13,7;24,5;23,6;13,7;13,5;54;51;54;184;3,6;1,1;
2019/10/17;0600 UTC;0;912;912,3;912;;23,2;12,8;23,6;23,1;13,8;12,8;55;52;52;12;5,2;1,4;
2019/10/17;0700 UTC;0;912,1;912,2;912;;22,7;12;23,2;22,6;12,9;12;53;51;51;61;7;1,7;
2019/10/17;0800 UTC;0;912,6;912,7;912,1;;22,4;11,6;22,8;22,3;12;11,6;51;50;50;76;7,4;2,3;
2019/10/17;0900 UTC;0;913,2;913,3;912,6;11,5;21,9;11,7;22,4;21,8;11,7;11,5;52;50;52;49;8,4;2,4;
2019/10/17;1000 UTC;0;913,8;913,8;913,2;311,6;23,4;12;23,4;21,9;12;11,7;53;49;49;53;8,8;2,7;
2019/10/17;1100 UTC;0;914,6;914,6;913,8;1264,4;25,2;12;25,2;23,4;12,1;11,7;49;44;44;46;8,9;3,1;
2019/10/17;1200 UTC;0;914,6;914,7;914,6;2081,5;27;11,2;27,5;25,1;12,6;11,1;44;37;37;38;10,9;4,6;
2019/10/17;1300 UTC;0;914,6;914,8;914,6;2793,2;28,7;11,3;28,8;27;11,6;10,7;38;33;34;25;12,1;4,7;
2019/10/17;1400 UTC;0;914,4;914,7;914,4;3351,5;29,8;11,1;30,5;28,6;11,7;10,5;34;31;31;20;9,3;4,3;
2019/10/17;1500 UTC;0;913,8;914,4;913,8;3612,8;30,9;11,1;31,8;29,7;12,1;11,1;32;29;29;23;9,3;3,5;
2019/10/17;1600 UTC;0;913;913,8;913;3564;31,3;11,9;32,4;30,7;12,2;10,6;31;28;31;346;7,4;1,6;
2019/10/17;1700 UTC;0;912,3;913;912,3;3057,4;31,8;11;33,2;31,3;12,3;10,7;31;27;28;57;5,9;1,8;
2019/10/17;1800 UTC;0;911,8;912,3;911,7;2246,8;32;10,7;33,4;31,5;12,5;10,6;31;26;27;55;5,9;2,1;
2019/10/17;1900 UTC;0;911,3;911,7;911,3;1941,1;32,7;10,6;33,3;31,9;12;10,2;28;25;26;23;6,7;,6;
2019/10/17;2000 UTC;0;911,3;911,4;911,3;1050,7;30,7;13,6;32,7;30,6;13,6;10,4;35;25;35;13;5,8;3,2;
2019/10/17;2100 UTC;0;911,5;911,5;911,2;288,7;29,4;12;30,7;29,4;14;12;37;33;34;48;5,8;,4;
2019/10/17;2200 UTC;0;911,6;911,6;911,4;,1;27;12,7;29,4;27;12,7;11,9;41;34;41;126;4,5;1,6;
2019/10/17;2300 UTC;0;911,9;912;911,6;;25,5;12,8;27;25,5;13;12,7;45;41;45;139;4,9;1,5;
2019/10/18;0000 UTC;0;912,5;912,6;911,9;;24,6;13,2;25,5;24,6;13,2;12,8;49;45;49;205;3,3;1,1;
2019/10/18;0100 UTC;0;913;913;912,5;;24,3;13,2;24,7;24,3;13,4;13,1;50;49;50;213;4,2;1,3;
2019/10/18;0200 UTC;0;912,8;913,1;912,8;;23,9;13;24,3;23,7;13,3;13;52;50;51;321;4,6;1,1;
2019/10/18;0300 UTC;0;912,3;912,8;912,3;;23,7;12,5;24,2;23,6;13,1;12,5;51;49;50;10;4,4;1;
2019/10/18;0400 UTC;0;912;912,3;912;;23,3;12,5;23,9;23,3;12,6;12,4;51;49;51;285;4,4;,8;
2019/10/18;0500 UTC;0;912;912,1;911,9;;22,3;12,6;23,5;22,3;12,6;12,3;54;50;54;344;3,9;1,3;
2019/10/18;0600 UTC;0;911,9;912;911,8;;23;11,8;23;22,3;12,6;11,8;54;49;49;37;4;1,3;
2019/10/18;0700 UTC;0;912,3;912,3;911,9;;22,5;9,6;23;22,3;11,8;9,6;49;44;44;11;4,5;1,5;
2019/10/18;0800 UTC;0;913;913;912,3;;21,4;8,8;22,5;21,4;9,5;8,8;45;43;45;22;5;1,6;
2019/10/18;0900 UTC;0;913,2;913,2;913;13,1;20,9;8,3;21,4;20,9;8,8;8,3;45;44;44;62;5,6;2,5;
2019/10/18;1000 UTC;0;913,9;913,9;913,2;322,8;23,2;8,3;23,2;20,9;8,8;8,2;44;39;39;43;5,7;1,9;
2019/10/18;1100 UTC;0;914,4;914,4;913,9;1254,9;25,8;7,7;25,8;23,2;8,3;7,2;39;32;32;33;9,2;3,7;
2019/10/18;1200 UTC;0;914,4;914,5;914,4;2133,4;28,1;7,2;28,1;25,8;8,4;7,1;32;27;27;17;9,2;4,4;
2019/10/18;1300 UTC;0;914,4;914,5;914,4;2846,2;30,1;8,2;30,1;27,9;8,2;6,5;27;24;25;19;9,2;3,6;
2019/10/18;1400 UTC;0;913,9;914,4;913,9;3341,8;31,7;7,7;31,9;30;8,9;7,7;26;23;23;22;7,4;3;
2019/10/18;1500 UTC;0;913,4;913,9;913,4;3617,3;32,6;9,2;33,1;31,1;9,9;7,5;25;22;24;272;6,8;2;
2019/10/18;1600 UTC;0;912,7;913,4;912,7;2820,9;32,7;9,1;33,5;32;10,2;8,2;25;22;23;212;5,5;1,5;
2019/10/18;1700 UTC;0;912,2;912,7;912,2;2232,8;33,1;9,2;33,7;32,2;10,5;8,5;25;22;23;232;4,5;1,5;
2019/10/18;1800 UTC;0;911,6;912,2;911,6;3014,2;34;9,6;34,5;33,1;10,9;8,7;25;21;22;136;7,1;2,1;
2019/10/18;1900 UTC;0;910,9;911,6;910,9;2174,9;33;8,7;34,9;33;10,7;8,3;24;20;22;191;5,8;3;
2019/10/18;2000 UTC;0;910,4;911;910,4;1046,9;33;10;33,4;32,3;10,4;9;25;22;25;182;5,8;2,1;
2019/10/18;2100 UTC;0;910,5;910,5;910,4;251,6;30,5;11,1;33,1;30,5;11,2;9,7;30;24;30;112;4;1,2;
2019/10/18;2200 UTC;0;910,7;910,7;910,5;;29,6;10,4;30,4;29,4;11,2;10,4;31;30;30;114;3,6;2;
2019/10/18;2300 UTC;0;911,5;911,5;910,7;;27,8;11;29,7;27,8;11,5;10,4;36;30;35;75;3,8;2,3;
2019/10/19;0000 UTC;0;912;912;911,5;;27,5;10,9;28,3;27,5;11,1;10,4;35;33;35;80;4,4;1,5;
2019/10/19;0100 UTC;0;912,3;912,3;912,1;;25,7;11,4;27,5;25,7;11,4;10,9;41;36;41;70;3,9;1,5;
2019/10/19;0200 UTC;0;912,1;912,3;912,1;;24,6;11,4;25,7;24,6;11,6;11,4;44;41;44;65;4,7;1,9;
2019/10/19;0300 UTC;0;912,1;912,1;912;;24;11,3;24,6;23,9;11,5;11,3;45;43;45;56;4,3;2,3;
2019/10/19;0400 UTC;0;911,8;912,2;911,8;;24;11;24,6;23,7;11,4;10,9;45;42;44;74;4,5;2;
2019/10/19;0500 UTC;0;911,3;911,8;911,3;;24,2;10,3;24,5;23,9;11,1;10,3;44;41;42;53;4,5;1,6;
2019/10/19;0600 UTC;0;910,8;911,3;910,8;;23,3;11,7;24,3;23,3;11,7;10,3;48;41;48;45;4;1,4;
2019/10/19;0700 UTC;0;912;912;910,8;;22,8;13,2;23,8;21,7;13,6;11,8;60;47;55;211;7,6;1,8;
2019/10/19;0800 UTC;0;913;913;912;;22,3;15,3;23;22,2;15,3;13,1;65;54;65;148;4,2;,8;
2019/10/19;0900 UTC;0;913,2;913,3;913;;21,9;15,8;22,3;21,7;15,8;14,8;69;64;69;274;2,3;,8;
2019/10/19;1000 UTC;0;914,1;914,1;913,2;59,9;21,6;16,1;21,9;21,5;16,1;15,8;71;69;71;221;3,8;2,1;
2019/10/19;1100 UTC;0;914,6;914,6;914,1;539,2;22,6;16;22,6;21,5;16,5;15,9;71;66;66;190;4,2;1,4;
2019/10/19;1200 UTC;0;914,7;914,7;914,4;2085,3;26;15,6;26,1;22,5;16,4;15,2;66;52;53;180;7,6;3,3;
2019/10/19;1300 UTC;0;914,4;914,7;914,4;1690,5;27;15,9;27;25;15,9;14,9;55;50;51;180;7,3;3;
2019/10/19;1400 UTC;0;913,3;914,4;913,3;2582,5;28,5;14,3;28,7;26,7;15,9;14,2;51;42;42;158;6,2;2;
2019/10/19;1500 UTC;0;912,5;913,3;912,5;2429,2;29,8;14,5;30,9;28,5;15,6;12;42;33;39;169;4,8;1,8;
2019/10/19;1600 UTC;0;911,6;912,5;911,6;3524,7;32,2;11,9;32,4;29,8;16,2;11,5;41;29;29;25;6,5;2;
2019/10/19;1700 UTC;0;910,6;911,6;910,6;3203,9;33,5;11,6;34,6;31,7;12,9;10,4;31;23;26;285;5,1;2,6;
2019/10/19;1800 UTC;0;910,2;910,6;910,1;2743,5;33,5;10,9;34,5;33;12;10,1;27;23;25;311;8;3,2;
2019/10/19;1900 UTC;0;909,6;910,2;909,6;1042,5;32;12,8;33,8;31,9;12,8;10,6;31;25;31;207;8;3;
2019/10/19;2000 UTC;0;909,4;909,7;909,3;1268,9;31,9;11,2;32,7;31,8;13,5;11,1;32;28;28;213;6,5;3,8;
2019/10/19;2100 UTC;0;909,7;909,7;909,4;290,8;30,3;11,4;31,9;30,3;11,7;11,1;31;28;31;194;6,8;2,4;
2019/10/19;2200 UTC;0;909,8;909,8;909,7;2,8;29,2;11,1;30,3;29,2;11,6;10,7;33;31;33;176;4;,7;
2019/10/19;2300 UTC;0;910,4;910,4;909,8;;27,5;12,7;29,2;27,5;13;10,8;40;33;40;99;3,5;1,3;
2019/10/20;0000 UTC;0;911,2;911,2;910,4;;26,8;14,6;27,4;26,6;14,6;12,1;47;39;47;115;4,7;2,5;
2019/10/20;0100 UTC;0;911,7;911,7;911,2;;25,9;14,8;27,1;25,9;14,8;14,1;51;45;50;81;4,7;2,1;
2019/10/20;0200 UTC;0;911,9;912,3;911,7;;25,6;14,4;26,1;25,6;15;14,3;52;49;50;174;7,3;1,2;
2019/10/20;0300 UTC;0;911,6;912;911,6;;24,4;14,5;25,6;24,4;14,6;14,4;54;50;54;123;2,8;,3;
2019/10/20;0400 UTC;0;911;911,6;910,9;;24,4;14,8;24,5;24,3;14,9;14,2;55;53;55;140;3,6;1,6;
2019/10/20;0500 UTC;0;910;911;910;;23,9;15,1;24,4;22,6;15,3;14,7;63;55;58;97;4;1,8;
2019/10/20;0600 UTC;0;909,3;910;909,3;;23,5;15;24,7;23,4;15;14,6;59;54;59;106;6,1;1,8;
2019/10/20;0700 UTC;0;909,3;909,3;909,2;;22,9;15,3;23,5;22,9;15,3;14,9;62;59;62;134;4,8;1,5;
2019/10/20;0800 UTC;0;909,6;909,6;909,3;;22,4;15,4;22,9;22,4;15,4;15,1;65;62;65;121;5;2,7;
2019/10/20;0900 UTC;0;910,2;910,3;909,6;12,9;21,9;15,6;22,5;21,8;15,7;15,4;68;65;68;162;6,5;,9;
2019/10/20;1000 UTC;0;910,7;910,7;910,1;347,6;23,2;16;23,2;21,9;16,1;15,7;68;64;64;46;4,4;1,4;
2019/10/20;1100 UTC;0;911;911;910,6;1242,9;25,5;16,3;25,5;23,2;16,4;15,7;64;56;57;109;5,3;2,5;
2019/10/20;1200 UTC;0;910,8;911;910,8;2134,4;28,5;16,2;28,5;25,5;16,7;16;57;47;47;81;5,5;1,9;
2019/10/20;1300 UTC;0;910,7;910,8;910,7;2821,3;30,2;15,1;30,4;28,5;16;14,3;47;39;40;91;6,2;1,2;
2019/10/20;1400 UTC;0;910,3;910,7;910,3;3262,8;30,7;16,5;31,2;29,6;17,7;14;47;37;42;189;6,2;2,9;
2019/10/20;1500 UTC;0;909,6;910,3;909,6;3637,3;32,5;15,9;32,7;30,4;17,3;15;44;36;37;227;7,1;2,7;
2019/10/20;1600 UTC;0;908,6;909,6;908,6;3604,6;32,6;14,3;33,1;31,3;16;13,9;38;32;33;217;8,7;4,2;
2019/10/20;1700 UTC;0;907,1;908,6;907,1;3315,6;32,7;13;33,6;32;14,5;13;34;30;30;210;8,9;4,9;
2019/10/20;1800 UTC;0;907,1;907,3;907;2791,3;33,4;14,1;34,1;32,3;14,3;12,7;32;28;31;222;8,7;4;
2019/10/20;1900 UTC;0;907,3;907,3;906,8;1369,3;28,2;13,9;33,7;28,2;14,8;13,6;41;30;41;33;9,9;4,2;
2019/10/20;2000 UTC;5;907,7;907,7;907,1;205,2;22,6;18,4;28,2;21,7;18,9;13,9;81;41;77;46;9,9;2,3;
2019/10/20;2100 UTC;6,6;908,4;908,8;907,5;136,1;20,8;18,3;23;20,7;18,7;16,6;86;69;86;53;7,7;2,7;
2019/10/20;2200 UTC;,2;908,5;909;908,2;9,4;20,9;17,8;21,6;20,7;18,6;15,8;86;71;82;57;9,8;1,7;
2019/10/20;2300 UTC;0;908,6;908,6;908,3;;21,9;16,4;22,1;20,8;17,9;16,3;83;70;71;69;7;1,8;
2019/10/21;0000 UTC;2;909,5;909,8;908,6;;20,9;17,3;22,1;20,8;18,1;16,4;81;71;80;358;5;1,8;
2019/10/21;0100 UTC;1,2;910,4;910,5;909,3;;21;17,1;21,1;20,1;17,7;17;85;78;78;135;5,3;2,8;
2019/10/21;0200 UTC;0;910,3;910,6;910,3;;20,9;17,9;21,6;20,4;17,9;16,9;83;75;83;64;4,9;1,6;
2019/10/21;0300 UTC;0;909,9;910,3;909,8;;20,5;18,1;20,9;20,2;18,2;17,7;87;83;86;31;4;,9;
2019/10/21;0400 UTC;0;909,2;909,9;909,2;;20,6;18,3;20,9;20,3;18,5;17,9;88;84;87;286;2,1;,1;
2019/10/21;0500 UTC;0;909,3;909,5;909,2;;20,9;18,2;20,9;20,3;18,5;18,1;88;84;84;185;2,7;1,7;
2019/10/21;0600 UTC;0;909,6;909,6;909,3;,8;20,5;17,1;21,1;20,5;18,1;17;84;80;81;208;4,7;2,6;
2019/10/21;0700 UTC;0;910,2;910,2;909,6;1;20,3;17,8;20,5;20,3;17,9;17,1;86;81;86;244;5,2;1,8;
2019/10/21;0800 UTC;,2;911,2;911,2;910,2;;19,5;17,6;20,4;19,5;18,3;17,6;90;86;89;233;8,4;4,3;
2019/10/21;0900 UTC;0;911,7;911,7;911,2;3,2;19,5;17,1;19,6;19,4;17,6;17,1;89;86;86;248;7,7;2,2;
2019/10/21;1000 UTC;0;911,9;911,9;911,7;107,8;19,7;17,3;19,7;19,5;17,4;17;87;85;86;278;4,4;1,7;
2019/10/21;1100 UTC;,4;912,3;912,3;911,9;379,8;19,7;17,6;19,9;19,7;17,8;17;88;84;88;312;4,3;1,2;
2019/10/21;1200 UTC;,6;911,9;912,3;911,9;303;20,1;18,3;20,1;19,6;18,4;17,5;91;88;89;316;2,5;,7;
2019/10/21;1300 UTC;0;911;911,9;911;1111,5;21,9;17,9;22,1;20,1;18,7;17,8;90;78;78;32;3,3;1,3;
2019/10/21;1400 UTC;0;910,6;911;910,6;2691,8;23,4;16,5;23,8;21,5;18,6;16;81;62;65;355;3,5;1,4;
2019/10/21;1500 UTC;0;910;910,6;910;2985,5;25,1;16,6;25,6;23,5;18,2;16,1;68;59;59;355;4,3;1,1;
2019/10/21;1600 UTC;0;908,9;910;908,9;3285,8;27,4;16,4;27,6;25,1;18,1;15,6;62;49;51;279;8,8;3,5;
2019/10/21;1700 UTC;0;907,8;908,9;907,8;2129,8;27,8;16,6;27,9;26,9;17,2;16;54;50;51;280;8,8;2,1;
2019/10/21;1800 UTC;0;906,9;907,8;906,9;2652,9;29;14,7;29,6;27,7;17,4;14,7;53;41;42;304;7,5;3,4;
2019/10/21;1900 UTC;0;906,3;906,9;906,3;1679,1;28,4;15,5;29,6;28,4;16,4;14,5;46;42;45;284;8,1;2,6;
2019/10/21;2000 UTC;0;906,6;906,6;906,3;672,7;27,9;15,1;28,9;27,8;15,8;14,7;47;44;46;241;7,3;3,2;
2019/10/21;2100 UTC;0;907;907;906,5;142,9;26,9;16,1;27,9;26,9;16,2;15,1;52;46;52;265;6,2;1;
2019/10/21;2200 UTC;2,8;908,4;908,4;907;;18,7;15,3;26,9;18,7;16,8;15,3;81;52;81;222;8,4;4,5;
2019/10/21;2300 UTC;24,2;911,3;911,3;908,2;1,2;17,1;16,3;19,6;16,9;17,8;15,2;95;81;95;250;19,4;3,7;
2019/10/22;0000 UTC;4,8;911,2;911,5;911,2;;17,6;16,7;17,7;17;16,8;16,2;95;95;95;222;9,5;3;
2019/10/22;0100 UTC;,2;911,1;911,4;911;;17,6;16,7;17,8;17,6;17;16,7;95;95;95;231;5,5;1,1;
2019/10/22;0200 UTC;0;910,3;911,1;910,3;;17,7;16,9;17,9;17,6;17;16,7;95;95;95;30;2,7;1,5;
2019/10/22;0300 UTC;,2;909,8;910,3;909,5;;18;17;18;17,7;17,1;16,8;95;94;94;43;6,1;2,8;
2019/10/22;0400 UTC;0;909,3;909,9;909,3;;18,1;16,6;18,4;17,8;17;16,6;94;91;91;31;5,5;,7;
2019/10/22;0500 UTC;0;908;909,3;908;;18,3;16;18,4;18,1;16,7;16;91;86;87;39;4,7;1,8;
2019/10/22;0600 UTC;0;907,9;908;907,8;;17,9;15,5;19,1;17,9;16;15,2;87;79;86;149;5;,7;
2019/10/22;0700 UTC;0;908;908;907,6;;18,2;16,3;18,2;17,8;16,3;15,5;89;86;89;145;2,4;1,1;
2019/10/22;0800 UTC;0;908,9;908,9;908;;17,7;16,1;18,5;17,7;16,2;15,8;90;85;90;334;2,8;,1;
2019/10/22;0900 UTC;0;909,5;909,5;908,9;17,9;17,7;16,4;17,8;17,4;16,4;15,9;92;90;92;269;1,1;0;
2019/10/22;1000 UTC;0;910,3;910,3;909,5;73,6;18,4;16,4;18,4;17,7;16,7;16,3;92;88;88;276;3,7;1,5;
2019/10/22;1100 UTC;0;910,7;910,7;910,3;194;18,3;16,6;18,5;18,1;16,8;16,3;91;88;90;234;4,8;2,2;
2019/10/22;1200 UTC;0;911,1;911,1;910,7;998,4;19,8;16,7;19,9;18,3;17,5;16,6;91;82;83;229;5,9;2,8;
2019/10/22;1300 UTC;0;911,5;911,6;911;1160,3;20,6;16,5;21,1;19,1;17,4;16,2;85;77;78;238;5,7;2,6;
2019/10/22;1400 UTC;0;911,6;911,7;911,5;1468,6;21,6;16,8;21,6;20,2;17,4;16,1;80;73;74;245;4,6;2,1;
2019/10/22;1500 UTC;0;911,2;911,7;911,2;2080,3;22,2;17,1;22,3;21,3;17,5;15,6;75;68;73;228;4,4;1,7;
2019/10/22;1600 UTC;0;910,5;911,2;910,5;3404,2;23,9;15,7;24,9;22,2;17,8;15,4;74;58;60;219;4;1,7;
2019/10/22;1700 UTC;0;910,1;910,5;910,1;2304,7;24,2;16;25;23,3;17,1;14,6;65;56;60;183;5,7;2,1;
2019/10/22;1800 UTC;0;909,8;910,1;909,7;2406,2;25;15,3;25,9;24,1;16,7;14,6;61;54;55;213;5,7;2,4;
2019/10/22;1900 UTC;0;909,5;909,7;909,4;1505,2;24,5;15,3;25,2;24,4;16,2;14,7;58;54;57;204;4,8;2,5;
2019/10/22;2000 UTC;0;909,4;909,5;909,4;979,4;24,9;16,1;24,9;24,2;16,3;15;59;56;58;248;4,7;1,7;
2019/10/22;2100 UTC;0;909,7;909,7;909,4;293,6;23,7;15,6;24,9;23,7;16,2;15,4;61;56;61;217;3,8;2;
2019/10/22;2200 UTC;0;909,9;910;909,7;3,2;22,1;16,5;23,6;22,1;16,5;15,7;71;61;71;197;3,2;,9;
2019/10/22;2300 UTC;0;910,4;910,4;909,9;;21;16,5;22,1;21;16,6;16,3;76;71;76;27;1,6;,2;
2019/10/23;0000 UTC;0;911,2;911,2;910,4;;20,1;16,7;21;19,9;16,9;16,5;81;76;80;21;1,6;,1;
2019/10/23;0100 UTC;0;911,5;911,5;911,2;;19,4;16,4;20,1;19,3;17,1;16,4;85;80;83;24;,9;,3;
2019/10/23;0200 UTC;0;911,2;911,5;911,2;;18,9;16,5;19,4;18,9;16,6;16,3;86;83;86;309;1;,1;
2019/10/23;0300 UTC;0;910,5;911,2;910,5;;18,3;16,1;18,9;18,3;16,5;16,1;88;86;87;54;1,6;,8;
2019/10/23;0400 UTC;0;910,2;910,5;910,2;;17,9;16,1;18,4;17,5;16,3;15,5;89;87;89;121;1,6;,2;
2019/10/23;0500 UTC;0;909,7;910,3;909,7;;18;15,8;18,7;17,9;16,5;15,8;89;86;87;68;2,3;,6;
2019/10/23;0600 UTC;0;910;910;909,6;;17,4;15,6;18;17,4;16;15,6;89;87;89;195;2,3;,5;
2019/10/23;0700 UTC;0;910,1;910,2;909,9;;17,9;15,7;18,2;17,4;16,2;15,7;90;87;87;23;1,4;0;
2019/10/23;0800 UTC;0;911;911;910,1;;17,4;15,8;17,9;17,2;15,9;15,4;90;87;90;192;2;,1;
2019/10/23;0900 UTC;0;911,4;911,4;910,9;18,3;17,7;15,7;17,9;17,4;16,1;15,6;90;88;88;73;3;2;
2019/10/23;1000 UTC;0;912;912;911,4;371,1;19,2;16,4;19,2;17,7;16,4;15,7;88;83;84;32;3;1,3;
2019/10/23;1100 UTC;0;912,2;912,4;912;1367,2;22,9;16,4;23,3;19,2;17,4;16,3;84;67;67;20;4,5;1,1;
2019/10/23;1200 UTC;0;912,5;912,5;912,2;2252,7;25,5;16,1;25,5;22,8;16,9;15,4;68;54;56;44;6;2,3;
2019/10/23;1300 UTC;0;912,6;912,8;912,5;2801,2;26,7;15,6;26,8;25,3;16,7;15;57;49;50;11;5,6;2,3;
2019/10/23;1400 UTC;0;912,2;912,6;912,2;3710,7;28,2;15,3;28,5;26,6;16,4;14,4;51;43;45;64;5,8;1,6;
2019/10/23;1500 UTC;0;911,7;912,2;911,7;2900,1;29,1;14,3;29,7;28,2;15,9;13,9;46;40;40;314;4,8;2,2;
2019/10/23;1600 UTC;0;910,7;911,7;910,7;3150,4;29,5;14,6;30,1;28,7;17,2;13,6;47;38;40;196;4,8;1,7;
2019/10/23;1700 UTC;0;910,2;910,7;910,2;2978,3;30,2;15,3;31,3;29,5;17,7;13,6;46;35;41;222;6,6;2,8;
2019/10/23;1800 UTC;0;909,5;910,2;909,5;3036,9;31,4;15,3;31,5;29,6;16,7;13,8;43;37;38;224;5,6;2,7;
2019/10/23;1900 UTC;0;908,9;909,5;908,9;2203,9;30,2;14,8;31,3;29,8;15,6;14,2;41;37;39;213;6,9;3,4;
2019/10/23;2000 UTC;0;908,9;908,9;908,8;1429,4;29,8;14,1;30,3;29,7;14,9;13,3;40;36;38;209;6,8;3,1;
2019/10/23;2100 UTC;0;909,7;909,7;908,8;385,9;26,4;16,4;29,8;26,4;16,5;13,3;54;38;54;68;5,2;2,4;
2019/10/23;2200 UTC;0;910;910;909,6;9,6;25,8;16,3;26,4;25,5;16,5;15,8;57;52;56;128;4,2;,5;
2019/10/23;2300 UTC;0;910,8;910,8;910;;24,8;16,3;25,8;24,1;16,9;16,3;64;56;59;89;4,6;1,3;
2019/10/24;0000 UTC;0;911,3;911,3;910,8;;23,2;16,9;25;23,2;17,3;16,3;68;59;68;38;3,3;,2;
2019/10/24;0100 UTC;0;911,8;911,8;911,3;;22,6;16,6;23,2;22,3;17,2;16,4;72;67;69;138;2,3;,7;
2019/10/24;0200 UTC;0;911,7;911,8;911,7;;21,9;16,4;22,6;21,5;16,9;16,1;72;68;71;97;5,3;1,4;
2019/10/24;0300 UTC;0;911,3;911,7;911,3;;21,5;14,9;22,2;21,4;16,6;14,9;73;66;66;65;3,5;1,5;
2019/10/24;0400 UTC;0;911,6;911,7;911,2;;21,5;14,9;21,8;20,9;15,6;14,6;72;64;66;132;3,3;1,1;
2019/10/24;0500 UTC;0;911,4;911,8;911,4;;20,6;16,1;21,7;20,6;16,1;14,6;75;64;75;16;5;2,7;
2019/10/24;0600 UTC;0;911;911,4;911;;20,9;16,4;21;20,6;16,4;16,1;76;74;75;28;6,3;2,9;
2019/10/24;0700 UTC;0;911,1;911,1;911;;20,5;17;20,9;20,2;17;16,2;80;75;80;24;7,4;3,6;
2019/10/24;0800 UTC;0;911,4;911,4;911,1;;20,1;17;20,5;20,1;17;17;82;80;82;26;6,8;2,2;
2019/10/24;0900 UTC;0;911,9;911,9;911,4;16,9;19,9;17;20,1;19,7;17,1;16,8;84;83;83;17;5,2;2,4;
2019/10/24;1000 UTC;0;912,7;912,7;911,9;315,9;20,7;17,3;20,7;19,9;17,3;16,9;83;81;81;42;6,7;1,7;
2019/10/24;1100 UTC;0;913,6;913,6;912,7;1040,8;22,3;17,3;22,3;20,7;17,6;17;81;73;73;32;6,6;2,8;
2019/10/24;1200 UTC;0;914;914;913,6;1614,4;23,2;17;23,6;22,3;17,4;16,6;73;66;68;34;7,7;3,4;
2019/10/24;1300 UTC;0;913,8;914;913,7;2755,3;25,7;16,6;25,9;23,2;17,6;16,3;69;57;57;15;7,9;3,4;
2019/10/24;1400 UTC;0;913,4;913,8;913,3;3191,6;27,3;16,7;27,5;25,6;17,1;16,3;58;52;53;21;9;3,6;
2019/10/24;1500 UTC;0;912,9;913,4;912,9;2936,3;28,3;16,2;28,8;27;17,4;15,4;53;46;48;12;9;2,6;
2019/10/24;1600 UTC;0;912,1;912,9;912,1;2787,2;29;15;30;28,4;16,6;14,2;48;40;42;335;7,1;3,1;
2019/10/24;1700 UTC;0;911,2;912;911,2;3485,8;30,4;14,7;31,3;29;15,9;13;43;34;38;333;8,5;3,3;
2019/10/24;1800 UTC;0;910,8;911,2;910,8;2518,6;30,3;14,5;31,6;29,9;15,8;14;40;35;38;340;9,2;2,6;
2019/10/24;1900 UTC;0;909,9;910,8;909,9;1834,4;31;14,4;31,7;30;15,4;13,7;39;35;37;326;5,7;2;
2019/10/24;2000 UTC;0;909,4;909,9;909,4;1483,8;30;15;31,7;30;15,7;14;41;35;40;17;6;3,1;
2019/10/24;2100 UTC;0;909,7;909,8;909,4;209,6;28,3;15,7;30;28,3;15,7;14,8;46;40;46;19;6;,8;
2019/10/24;2200 UTC;0;910,5;910,5;909,7;;26,2;16;28,3;26,2;16,1;15,5;53;46;53;64;3,5;1,5;
2019/10/24;2300 UTC;0;910,9;910,9;910,5;;24,9;16,8;26,2;24,8;16,9;16;61;53;61;70;3,8;,8;
2019/10/25;0000 UTC;0;912;912;910,9;;24,5;17,6;25,3;24,5;17,6;16,7;65;59;65;351;4;1,7;
2019/10/25;0100 UTC;,8;911,9;912,3;911,8;;23,2;19;24,5;22,8;19,1;17,7;77;65;77;336;4,5;,7;
2019/10/25;0200 UTC;6,8;913,6;913,6;911,9;0;18,8;17,4;23,2;18,8;19,2;17,4;92;76;92;160;14,9;6,2;
2019/10/25;0300 UTC;4;913,6;913,6;913,1;,3;19,1;16,4;19,2;18,6;17,9;16,4;94;84;84;112;12,5;6,3;
2019/10/25;0400 UTC;8,2;914,2;914,4;913,6;;16,5;14,7;19,1;16,5;16,4;14,4;89;78;89;156;11,5;2,5;
2019/10/25;0500 UTC;6,6;913,1;914,2;913;;17,4;15,9;18;16,4;15,9;14,6;92;85;91;345;8,3;2,5;
2019/10/25;0600 UTC;2,8;912;913,2;912;;18,2;16,6;18,2;17,4;16,6;15,9;92;90;91;8;7,4;4,1;
2019/10/25;0700 UTC;,2;912;912,5;912;1,3;18,8;15,2;18,9;18,1;16,7;15,2;91;80;80;19;8,7;5;
2019/10/25;0800 UTC;0;911,7;912;911,7;,9;19,5;14,3;19,6;18,8;15,2;14,1;80;71;72;33;8,5;3;
2019/10/25;0900 UTC;0;911,3;911,7;911,1;4,7;20,3;14,2;20,4;19,2;14,5;13,8;74;66;68;261;7;,9;
2019/10/25;1000 UTC;0;913,3;913,4;911,3;140,9;19,9;14,5;22;19,8;14,7;13,4;72;58;71;85;6,6;2,8;
2019/10/25;1100 UTC;0;914,1;914,1;913,3;621,3;21,5;14,9;21,6;19,9;14,9;13,8;71;62;66;21;6,5;1,8;
2019/10/25;1200 UTC;0;914;914,2;914;1141,7;24,1;15,5;24,1;21,5;15,5;14,2;67;59;59;60;6,2;2;
2019/10/25;1300 UTC;0;914;914,1;913,8;2778,8;26,9;14,5;27,3;24,1;15,9;14,5;59;47;47;54;8,4;3,1;
2019/10/25;1400 UTC;0;914,1;914,2;913,9;3543,2;28,4;16,1;28,4;26,7;16,8;14,4;53;44;47;15;8,4;2,7;
2019/10/25;1500 UTC;0;913,6;914,1;913,6;3772,3;29,3;12;29,8;27,8;16;11,2;47;32;34;310;5,8;1,6;
2019/10/25;1600 UTC;0;912,9;913,6;912,9;3646;30,7;14,4;31;29;15,9;12;42;34;37;340;5,1;2,3;
2019/10/25;1700 UTC;0;912,3;912,9;912,3;2484,4;29,9;13,5;30,9;29,5;15;12,4;40;34;37;20;5,2;1,1;
2019/10/25;1800 UTC;0;911,7;912,3;911,7;2623,8;30,6;11,8;32,1;29,9;15,3;11,8;39;30;32;203;4,9;2,7;
2019/10/25;1900 UTC;0;910,9;911,7;910,9;1469,7;31,4;12,3;31,6;30,4;13,3;11,2;34;29;31;173;4,3;1,6;
2019/10/25;2000 UTC;0;910,7;910,9;910,6;1393,7;30,9;12,2;31,5;30,8;13,2;11,3;33;30;32;233;4,7;1,4;
2019/10/25;2100 UTC;0;910,9;910,9;910,6;288;28,4;13,2;30,9;28,4;13,6;11;40;30;39;137;3,5;1;
2019/10/25;2200 UTC;0;911,2;911,3;910,9;8,4;26,5;14;28,4;26,5;14,7;11,6;48;36;46;79;1,6;0;
2019/10/25;2300 UTC;0;911,5;911,6;911,2;;25,5;13,9;26,5;24,7;15,4;13,7;56;45;49;78;3,5;2,1;
2019/10/26;0000 UTC;0;912;912;911,5;;24;14,8;25,5;23,7;15,8;13,9;59;49;57;87;3,4;1,8;
2019/10/26;0100 UTC;0;912,2;912,4;912;;24,1;14,6;24,7;23,4;15,3;14,5;60;54;55;66;3,7;2,2;
2019/10/26;0200 UTC;0;912,4;912,4;912,2;;24,4;14,9;24,5;23,9;14,9;14,6;56;54;55;64;4,6;1,9;
2019/10/26;0300 UTC;0;912,5;912,5;912,3;;22,8;15,6;24,8;22,6;15,7;14,7;65;54;64;307;4,4;1,2;
2019/10/26;0400 UTC;0;911,9;912,7;911,9;;23;15;23,3;22,7;15,7;14,8;64;60;60;32;3;1,1;
2019/10/26;0500 UTC;0;911,4;911,9;911,4;;22,9;15,6;23,1;22,7;15,7;15;64;60;64;49;3,3;1,6;
2019/10/26;0600 UTC;0;911,1;911,4;911;;21,3;16,1;22,9;21,3;16,1;15,5;72;63;72;305;3,7;0;
2019/10/26;0700 UTC;0;911,3;911,3;911,1;;21;16,1;21,3;20,8;16,4;16;75;72;74;9;1,1;0;
2019/10/26;0800 UTC;0;912,1;912,1;911,3;;22,3;15,9;22,3;20,7;16,2;15,9;75;67;67;36;7,2;2,8;
2019/10/26;0900 UTC;0;912,5;912,5;912;12,4;21,6;15,7;22,4;21,6;15,8;15,6;69;66;69;19;8,1;2,2;
2019/10/26;1000 UTC;0;913,3;913,3;912,5;408,3;22,8;16;22,8;21,6;16,2;15,7;69;66;66;32;5,5;2,3;
2019/10/26;1100 UTC;0;914,4;914,4;913,3;1263,1;24,2;16,6;24,2;22,8;16,7;16;66;63;63;16;7,2;3,2;
2019/10/26;1200 UTC;0;914,4;914,5;914,3;2119,5;26;17,3;26;24,1;17,6;16,4;63;59;59;22;7,4;3,2;
2019/10/26;1300 UTC;0;914,3;914,5;914,3;2898,8;28,2;16,9;28,3;25,8;17,8;16,7;60;50;50;352;6,7;3;
2019/10/26;1400 UTC;0;913,9;914,3;913,9;3257,5;30;16,2;30,6;28,2;17,2;15,8;51;42;43;329;7,3;2,2;
2019/10/26;1500 UTC;0;913,1;913,9;913,1;2318,3;30,7;15;31,8;29,1;16,9;13,9;46;35;39;335;6,3;2;
2019/10/26;1600 UTC;0;912,3;913,1;912,3;1565,4;29,8;17,3;32;29;17,3;14,3;47;36;47;209;6;3,2;
2019/10/26;1700 UTC;0;911;912,3;911;3562,8;32,5;14,1;33,3;29,8;18,4;14,1;48;33;33;305;5,6;2,5;
2019/10/26;1800 UTC;0;910,5;911,1;910,5;3043,5;32,3;13,4;33,1;31,4;15,8;13;37;31;32;329;6,3;2,4;
2019/10/26;1900 UTC;0;910,2;910,5;910,1;1858,9;30,3;14,6;33,3;30,3;15,3;12,9;38;31;38;340;8,1;4;
2019/10/26;2000 UTC;0;910,2;910,6;910,2;700,5;28,4;15,9;30,4;28,4;15,9;14,1;47;38;47;8;8,1;2,4;
2019/10/26;2100 UTC;0;910,2;910,2;910,1;387;27,4;16;29,1;27,4;16;15,1;50;44;50;52;3,8;1,3;
2019/10/26;2200 UTC;0;911,3;911,3;910,2;2,6;26;16,3;27,3;26;16,3;15,4;55;48;55;163;6,7;3,5;
2019/10/26;2300 UTC;0;911,7;911,7;911,1;;25;16,2;26,2;25;16,6;15,9;59;55;58;81;6,6;1,8;
2019/10/27;0000 UTC;0;912,8;912,8;911,8;;24,6;16,5;25;24,3;16,5;16,2;61;58;61;114;3,7;,9;
2019/10/27;0100 UTC;0;913;913,2;912,8;;23,9;16,6;25;23,9;17,1;16,5;65;60;64;130;5,6;1,2;
2019/10/27;0200 UTC;0;913,1;913,3;912,9;;23;15,8;23,9;23;16,7;15,7;64;61;64;12;6,3;1,4;
2019/10/27;0300 UTC;0;913;913,3;913;;22,7;15,5;23,1;22,6;15,9;15,5;65;63;64;32;8;2,3;
2019/10/27;0400 UTC;0;912,8;913,1;912,8;;22;14,9;22,8;22;15,5;14,9;65;63;64;34;9,8;3,2;
2019/10/27;0500 UTC;6,8;913,2;913,7;912,7;;19;16;22;19;16,5;14,7;84;64;83;20;9,4;2,9;
2019/10/27;0600 UTC;,8;912,7;913,2;912,6;;18,6;16,1;19,2;18,5;16,1;15,8;86;81;86;78;6,6;1,8;
2019/10/27;0700 UTC;0;912,8;912,9;912,6;;19,2;16,2;19,2;18,5;16,3;16;86;83;83;35;5;1,4;
2019/10/27;0800 UTC;0;913,2;913,2;912,7;;19,1;16;19,3;19;16,2;16;84;81;83;50;6,3;1,8;
2019/10/27;0900 UTC;0;913,7;913,7;913,1;25,2;19,7;16,2;19,7;19;16,3;16;83;81;81;47;5,7;1,7;
2019/10/27;1000 UTC;0;914,3;914,3;913,7;283,1;20,4;16,6;20,4;19,7;16,6;16,2;81;77;79;24;6,2;2;
2019/10/27;1100 UTC;0;914,5;914,5;914,3;1439,9;23,4;16,7;23,4;20,4;17;16,3;79;65;66;35;8,1;3,6;
2019/10/27;1200 UTC;0;914,5;914,6;914,4;2197,4;25,7;16,2;25,8;23,4;16,7;15,9;66;56;56;24;9,3;4,1;
2019/10/27;1300 UTC;0;914,3;914,5;914,3;2910,5;27,1;16,4;27,1;25,4;16,8;15,4;56;51;52;13;11,8;5,3;
2019/10/27;1400 UTC;0;913,8;914,4;913,8;3503,6;28,4;16,1;28,7;26,9;17;15,7;53;47;47;28;11,2;3,9;
2019/10/27;1500 UTC;0;913;913,8;913;3761,9;30,2;15,1;30,2;28,3;16,7;14,8;48;39;40;353;8,5;2,5;
2019/10/27;1600 UTC;0;912,3;913;912,3;2980,4;30,6;15;31;29,7;16,4;14;43;37;39;352;6,4;2,8;
2019/10/27;1700 UTC;0;911,5;912,3;911,5;2143,2;30,2;15,1;31,7;29,9;15,9;14,3;41;35;40;27;6,1;2,4;
2019/10/27;1800 UTC;,4;910,8;911,5;910,8;1243,3;28;19,1;31,1;28;19,1;13,1;58;34;58;346;5,4;2,1;
2019/10/27;1900 UTC;0;910,1;910,8;910,1;774,3;29,2;17,1;29,2;27,2;18,7;16,7;59;48;48;141;5,9;,8;
2019/10/27;2000 UTC;0;910,1;910,1;909,9;1176,1;29;15,8;30,7;29;17,1;14,6;48;39;45;29;5,5;2,5;
2019/10/27;2100 UTC;0;910,3;910,3;910,1;339,1;28;16,8;29,2;28;16,8;15,8;50;45;50;26;5,1;1,3;
2019/10/27;2200 UTC;0;911,1;911,1;910,3;4,6;25,9;17,1;28,1;25,9;17,4;16,6;58;50;58;64;4,4;,3;
2019/10/27;2300 UTC;0;911,7;911,7;911,1;;24,6;16,6;25,9;24,3;17,4;16,6;65;59;61;69;4,8;1,8;
2019/10/28;0000 UTC;0;912,2;912,2;911,7;;23;15,2;24,6;23;16,8;14,9;62;57;62;68;4,8;2,2;
2019/10/28;0100 UTC;0;913,3;913,3;912,1;;23,2;16,1;23,3;22,2;16,2;15,3;68;61;64;25;5,4;2,2;
2019/10/28;0200 UTC;0;912,9;913,3;912,9;;23,9;16,1;23,9;22,9;16,1;15,8;65;62;62;44;6,7;2,8;
2019/10/28;0300 UTC;0;913,2;913,5;912,9;;22,2;15,4;24,1;22,1;16,3;15,2;66;62;65;39;5,7;1,6;
2019/10/28;0400 UTC;0;912,4;913,2;912,4;;21,7;15,8;22,5;21,7;15,8;15,4;69;65;69;43;6;2,6;
2019/10/28;0500 UTC;0;912;912,4;911,9;;21,4;15,9;21,7;21,3;16,1;15,8;72;69;71;45;6,2;2;
2019/10/28;0600 UTC;0;911,8;912;911,7;;21,4;15,8;21,5;21,1;15,9;15,7;72;70;71;344;4,3;,7;
2019/10/28;0700 UTC;0;912,1;912,1;911,8;;21,2;15,2;21,4;20,6;15,9;15,2;74;68;69;57;4;1,3;
2019/10/28;0800 UTC;0;912,7;912,7;912,1;;20,6;15,4;21,4;20,6;15,4;14,8;72;67;72;152;4,1;2,1;
2019/10/28;0900 UTC;0;913,1;913,1;912,6;17,3;20,3;16,1;20,8;20;16,1;15,4;77;72;77;8;4,1;,1;
2019/10/28;1000 UTC;0;914;914;913,1;407,4;21,3;15,9;21,3;20;16,4;15,9;78;72;72;128;3,5;1,6;
2019/10/28;1100 UTC;0;914;914,1;913,9;1232,5;23,5;16;23,5;21,3;16,3;15,5;72;62;63;168;4,9;,9;
2019/10/28;1200 UTC;0;914,4;914,4;914;2379,7;25,2;15,4;25,6;23,5;16,3;15,3;63;54;55;159;4,7;2;
2019/10/28;1300 UTC;0;914,4;914,5;914,3;2378,7;26,3;17,2;27,2;25,1;17,2;14,8;57;50;57;180;4,2;2;
2019/10/28;1400 UTC;0;914,8;915;914,4;1289,6;25,6;15,7;26,3;25,1;17,4;14,8;61;52;54;202;7,7;3,1;
2019/10/28;1500 UTC;0;913,8;914,8;913,8;2257,6;27,3;14,7;27,5;25,3;16,5;14;57;44;46;213;6,8;3,7;
2019/10/28;1600 UTC;0;912,7;913,8;912,7;2897,1;28,2;14,7;29,3;26,7;16,4;14,1;49;41;44;240;6,7;2,7;
2019/10/28;1700 UTC;0;912,3;912,8;912,2;2206;28,2;14,8;28,9;27,8;15,7;13,9;46;41;44;242;8,1;3,2;
2019/10/28;1800 UTC;1,4;912;912,7;912;623;20;16,9;28,5;19,8;17,1;14,8;84;44;82;34;12,6;3;
2019/10/28;1900 UTC;0;910,5;912,1;910,5;715,4;21,3;17,2;21,6;20;18;16,5;84;73;78;77;7,4;3,3;
2019/10/28;2000 UTC;0;910,5;910,8;910,4;1183,2;23,4;17,1;24,2;21,3;19;17;79;65;68;77;6;2,1;
2019/10/28;2100 UTC;0;910;910,5;910;187;22,3;18,5;23,4;22,2;18,5;16,9;79;67;79;49;4,1;,9;
2019/10/28;2200 UTC;0;910,5;910,5;910;9,5;20,7;17,1;22,3;20,5;18,5;16,9;82;72;80;47;4,3;1,6;
2019/10/28;2300 UTC;0;911,2;911,2;910,5;;21,3;16,4;21,3;20,7;17,1;16,1;80;73;73;58;5;2,2;
2019/10/29;0000 UTC;0;912;912;911,2;;21,6;16,6;21,7;21,3;16,7;16,3;74;72;73;61;4,2;1,3;
2019/10/29;0100 UTC;0;912,8;912,8;912;;21;17,4;21,7;21;17,4;16,6;80;73;80;34;3,6;1,2;
2019/10/29;0200 UTC;0;912,7;912,8;912,6;;21,4;17;21,8;21;17,5;16,6;80;73;76;59;5,6;2,5;
2019/10/29;0300 UTC;0;912,1;912,7;912,1;;20,6;16,9;21,4;20,6;17,4;16,9;80;76;79;41;4,5;1,1;
2019/10/29;0400 UTC;0;911,5;912,1;911,5;;20,7;16,2;20,9;20,5;16,9;16,2;79;75;76;29;3,3;1,1;
2019/10/29;0500 UTC;0;911,4;911,5;911,2;;20,4;15,9;21;20,4;16,1;15,9;76;73;75;138;3,9;1,6;
2019/10/29;0600 UTC;0;911,4;911,5;911,2;;20,4;16,3;20,8;20,3;16,3;15,6;77;72;77;177;2,9;,2;
2019/10/29;0700 UTC;0;911,1;911,4;911;;20,2;16,3;20,5;20,2;16,7;16,3;80;77;78;69;1,9;1;
2019/10/29;0800 UTC;0;910,9;911,1;910,8;;20,1;16,5;20,2;19,7;16,5;16,2;81;78;80;53;4,3;1;
2019/10/29;0900 UTC;0;911,1;911,1;910,7;24,5;20;16,9;20,1;19,8;16,9;16,4;83;80;82;30;5,2;2,8;
2019/10/29;1000 UTC;0;911,6;911,6;911,1;255,1;20,8;16,8;20,8;20;16,9;16,8;82;78;78;34;5,8;2,4;
2019/10/29;1100 UTC;0;911,8;912;911,6;790,2;22,9;17,1;22,9;20,7;17,4;16,8;78;70;70;25;5,4;2,4;
2019/10/29;1200 UTC;0;912,1;912,1;911,8;1781,5;25,8;16,6;25,9;22,9;17,5;16,2;71;57;57;17;4,7;2;
2019/10/29;1300 UTC;0;912,4;912,5;912,1;1681;27;15,9;27,4;25,7;17;15,5;57;49;51;339;4,6;2,3;
2019/10/29;1400 UTC;0;912,2;912,4;912,2;2680,2;28,9;15,7;29;27,1;17,1;15,3;52;44;45;305;6,2;2,1;
2019/10/29;1500 UTC;0;911,8;912,2;911,8;1901,8;29,1;15;29,6;28,2;15,8;13,7;45;39;42;317;6,4;2,3;
2019/10/29;1600 UTC;0;910,4;911,8;910,4;2540,5;30,1;15,1;30,4;29;15,2;13,8;43;37;40;332;7;3,2;
2019/10/29;1700 UTC;,2;910,6;910,6;909,6;980,4;22;17,5;31,3;21,4;17,5;14;77;36;75;191;12,1;6,4;
2019/10/29;1800 UTC;11,4;910,6;911,7;910,3;37,9;18,6;16,4;22;18,5;17,5;15,9;91;75;87;56;16,7;3,2;
2019/10/29;1900 UTC;,8;911;911;910,3;66;18,7;16,8;19,6;18,5;16,8;16;89;82;89;57;5,8;1,7;
2019/10/29;2000 UTC;,8;912;912,1;910,9;76,2;19,1;17;19,5;18,7;17,4;16,8;89;85;88;41;5;2,1;
2019/10/29;2100 UTC;,2;911,2;912,2;911,1;45;19,3;16,6;19,5;18,8;17;16,5;88;84;84;39;7,4;2,5;
2019/10/29;2200 UTC;0;910,7;911,2;910,7;5,7;19,8;15,7;19,9;19,3;16,6;15,6;85;77;77;63;7,5;3,2;
2019/10/29;2300 UTC;0;910,6;910,7;910,3;;20,3;14,4;20,3;19,6;15,7;14,4;78;69;69;78;5,8;3,3;
2019/10/30;0000 UTC;0;911,2;911,2;910,6;;19,8;14,1;20,6;19,8;14,5;13,9;70;66;70;71;6,1;3,8;
2019/10/30;0100 UTC;0;911,8;911,8;911,2;;18,9;15,1;20,1;18,8;15,2;14,1;80;69;78;44;6,4;3,1;
2019/10/30;0200 UTC;0;912;912,2;911,8;;20,1;14,8;20,3;18,9;15,1;14,4;78;69;72;74;6,6;4,1;
2019/10/30;0300 UTC;0;911,8;912,1;911,8;;20,8;13,9;20,8;20;14,9;13,9;72;65;65;76;6,9;3,3;
2019/10/30;0400 UTC;0;911,4;911,8;911,4;;21,1;13,4;21,1;20,1;14,3;13,4;69;61;61;67;5;2;
2019/10/30;0500 UTC;1;911;911,5;911;;18,7;15,8;21,3;18,5;15,9;13,4;84;61;83;49;9,1;2,7;
2019/10/30;0600 UTC;0;910,9;911;910,7;;19,1;15,8;19,4;18,6;16;15,7;84;80;81;61;8,2;4,1;
2019/10/30;0700 UTC;0;910,8;911,1;910,6;;19;15,5;19,4;18,9;15,9;15,5;82;79;80;8;6,8;1,2;
2019/10/30;0800 UTC;0;911,1;911,1;910,8;;17,9;15,4;19;17,9;16;15,4;86;81;85;141;3,4;,4;
2019/10/30;0900 UTC;0;911,6;911,6;911;29;17,5;15,6;17,9;17,4;15,6;15,3;89;85;89;157;3,1;,8;
2019/10/30;1000 UTC;0;912,2;912,3;911,6;402;19;16,4;19;17,5;16,5;15,6;89;85;85;17;3,1;1,4;
2019/10/30;1100 UTC;0;912,1;912,2;912;1461,1;22,3;16,8;22,4;19;17,4;16,4;85;71;71;36;5,3;2,2;
2019/10/30;1200 UTC;0;912,3;912,3;912;2477,2;24,4;16,9;24,9;22,3;17,7;16,7;71;62;63;23;5,6;3,5;
2019/10/30;1300 UTC;0;912;912,3;912;3124;26,7;17,1;26,7;24,4;18;17;64;56;56;23;6,3;2,4;
2019/10/30;1400 UTC;0;911,7;912;911,6;3509,4;28,2;15,9;28,9;26,3;17,9;15,4;58;45;47;69;6,1;1,2;
2019/10/30;1500 UTC;0;911,5;911,8;911,4;3786,4;29,1;14,9;29,8;27,9;17,1;14,9;49;42;42;336;4,8;2;
2019/10/30;1600 UTC;0;911,2;911,6;911,2;3638;29,9;14,4;31;28,8;16,5;14;46;37;39;264;4,8;1,9;
2019/10/30;1700 UTC;0;910,2;911,2;910,2;3612,2;30,6;15,9;31,3;29,9;16,5;14,4;43;37;41;223;5,9;2,6;
2019/10/30;1800 UTC;0;909,6;910,2;909,6;2982,3;31,2;14,3;31,5;30,4;16;13,5;42;35;36;213;6,1;3;
2019/10/30;1900 UTC;0;909,4;909,6;909,3;1687,3;28,7;15,3;32;28,4;15,7;13,1;45;33;44;191;9,3;3,7;
2019/10/30;2000 UTC;0;909,9;909,9;909,3;676,1;27,8;15;29,7;27,8;16;14,8;46;41;46;157;7,1;2,3;
2019/10/30;2100 UTC;0;910,2;910,4;909,9;155,2;25,3;15,8;27,8;25,3;16,1;14,8;56;45;56;123;8,6;3,6;
2019/10/30;2200 UTC;0;911,3;911,3;910,2;5,1;23,8;16,2;25,4;23,8;16,5;15,8;63;56;62;55;6;2,4;
2019/10/30;2300 UTC;0;911,7;911,7;911,3;;22,4;15,4;23,8;22,4;16,6;15,4;67;62;65;52;5,4;2,6;
2019/10/31;0000 UTC;0;912,1;912,1;911,7;;22,3;15,5;22,7;22,2;15,7;15,1;65;63;65;42;5,1;1,9;
2019/10/31;0100 UTC;0;912,6;912,7;912,1;;21,8;15,3;22,4;21,7;15,7;15,2;67;65;66;40;5,6;1,7;
2019/10/31;0200 UTC;0;912,4;912,8;912,4;;21,4;15,1;22;21,4;15,3;15,1;68;65;68;75;5,9;2,6;
2019/10/31;0300 UTC;0;911,9;912,4;911,9;;21,1;15,4;21,5;21;15,7;15,2;71;67;70;87;5,8;2,6;
2019/10/31;0400 UTC;0;911,7;911,9;911,5;;20,9;15,4;21,3;20,8;15,4;15,2;71;69;70;74;5,2;2,1;
2019/10/31;0500 UTC;0;912,2;912,3;911,7;;20,5;15,9;21,2;20,5;15,9;15,4;75;70;75;89;4,3;,9;
2019/10/31;0600 UTC;0;912,2;912,4;912,2;;19,6;16;20,5;19,5;16,1;15,9;80;75;80;62;2,8;1,6;
2019/10/31;0700 UTC;0;912;912,2;911,9;;19,8;15,9;19,8;19,1;16;15,7;82;78;78;48;4,5;1,8;
2019/10/31;0800 UTC;0;912;912,1;911,8;;19,4;15,8;19,8;19,3;15,9;15,8;81;78;80;28;5,7;2,3;
2019/10/31;0900 UTC;0;912,6;912,6;912,1;53,5;18,9;16;19,4;18,7;16;15,8;84;80;83;23;4,7;1,7;
2019/10/31;1000 UTC;0;913,6;913,6;912,7;412,9;20,5;16,4;20,5;18,9;16,4;16;83;77;78;28;5;2,4;
2019/10/31;1100 UTC;0;913,7;913,7;913,5;1417,8;23,1;16,8;23,1;20,5;17,2;16,3;78;68;68;7;5,4;2,4;
2019/10/31;1200 UTC;0;913,8;914,1;913,7;2306,4;25,2;16,6;25,5;23;17,2;16,3;68;58;59;8;5;2,5;
2019/10/31;1300 UTC;0;913,6;913,8;913,5;3010,9;27,8;15,8;28;25,2;17,2;15,7;59;47;48;309;5,9;1,9;
2019/10/31;1400 UTC;0;912,8;913,6;912,8;3520,3;29,9;16,1;29,9;27,3;17;14,9;51;42;43;296;5;1,6;
2019/10/31;1500 UTC;0;912,4;912,8;912,4;2613,6;30,2;16,5;30,4;28,3;16,5;14,3;46;40;44;316;4,7;1,7;
2019/10/31;1600 UTC;,4;912,5;912,5;912,1;2952,5;24,5;17,1;31,7;24,4;17,2;14,2;63;36;63;89;8,3;4;
2019/10/31;1700 UTC;2,4;911,5;912,6;911,4;278,2;22,9;18,6;24,5;21,5;18,7;16,6;80;63;77;240;9,7;1,9;
2019/10/31;1800 UTC;0;910,8;911,5;910,8;896,6;24,7;18,6;24,8;22,1;19,1;17,8;80;67;69;11;4,6;1,4;
2019/10/31;1900 UTC;0;910,4;910,8;910,2;1207,9;27,1;17,7;27,1;24,2;18,8;16,6;70;53;57;358;3,3;,2;
2019/10/31;2000 UTC;0;910,6;910,6;910,1;590;25,2;18,4;27,2;25,2;18,8;17,1;66;55;66;173;4;1,8;
2019/10/31;2100 UTC;0;910,9;911;910,6;131,7;24;17,8;25,2;24;18,5;17,8;69;66;68;144;5,8;2,9;
2019/10/31;2200 UTC;0;911,6;911,6;910,9;,8;22,9;18,2;24,1;22,9;18,5;17,8;75;68;75;72;4,7;2,4;
2019/10/31;2300 UTC;0;911,5;911,6;911,1;;22,1;18,2;23,4;22,1;18,3;17,8;79;71;79;46;3,7;2;
2019/11/01;0000 UTC;0;912;912;911,5;;22,1;16,3;22,7;22;18,3;16,1;79;67;70;65;4,4;1,9;
2019/11/01;0100 UTC;0;913,1;913,1;912;;22,1;16,1;22,1;21,6;16,6;16,1;73;69;69;87;3,8;2,4;
2019/11/01;0200 UTC;0;913,2;913,3;913;;21,3;16,5;22,9;21,2;16,6;16;75;65;74;48;4,4;1,2;
2019/11/01;0300 UTC;0;912,2;913,2;912,2;;21,3;16,7;22;20,9;16,7;16,3;76;70;75;60;2,3;1;
2019/11/01;0400 UTC;0;911,7;912,2;911,6;;21,4;16,8;21,4;21;16,9;16,6;77;75;75;50;3,3;1,1;
2019/11/01;0500 UTC;0;911,1;911,7;911,1;;21,2;16,6;21,4;21,1;16,8;16,5;75;75;75;58;4,4;2,2;
2019/11/01;0600 UTC;0;911;911,2;910,9;;21,5;16,5;21,6;21,2;16,7;16,5;75;73;73;65;6,3;2,2;
2019/11/01;0700 UTC;0;911;911;910,9;;21,1;16,4;21,5;21,1;16,7;16,4;76;73;75;57;5;1,2;
2019/11/01;0800 UTC;0;911,5;911,5;911;;20,9;16;21,2;20,9;16,4;16;75;73;74;65;5,1;1,3;
2019/11/01;0900 UTC;0;911,8;911,8;911,5;26,3;20,8;16,2;21,3;20,7;16,4;16;75;73;75;51;4,3;1;
2019/11/01;1000 UTC;0;912,7;912,7;911,8;349,7;22,7;17,5;22,7;20,5;17,6;16,2;78;72;72;235;3,1;,5;
2019/11/01;1100 UTC;0;913,1;913,1;912,7;1427,6;26,2;17,1;26,2;22,7;17,7;16,9;72;57;57;114;5,5;2,1;
2019/11/01;1200 UTC;0;914,1;914,1;913,1;2255,8;27,6;16,7;27,9;26,2;17,8;16,5;58;51;51;92;5,5;1,8;
2019/11/01;1300 UTC;0;914;914,1;913,9;2414,1;28,5;16,6;29,2;27,6;17,9;16,4;53;47;49;7;5,2;1,8;
2019/11/01;1400 UTC;0;914;914;913,9;1952,4;28,9;16,9;29,6;28,3;17,5;16;50;45;48;1;4,8;2,8;
2019/11/01;1500 UTC;0;913,3;914;913,3;1582,5;28,2;17,3;29,5;28,1;17,5;16,3;52;46;52;25;6,2;1,7;
2019/11/01;1600 UTC;0;912,2;913,3;912,2;1311,7;28,1;17,7;28,8;28;17,9;16,9;54;50;53;83;4,7;2,2;
2019/11/01;1700 UTC;,2;912,4;912,4;911,3;1212,3;25,2;17,4;28,5;25,2;18,8;16,9;62;50;62;8;10,8;3,3;
2019/11/01;1800 UTC;,8;912,2;912,7;912,2;96,8;21,2;17,8;25,1;21,1;18;16,6;81;62;81;78;10,8;1,9;
2019/11/01;1900 UTC;1,4;911,5;912,1;911,5;124,7;20,9;16,6;21,3;20,3;17,9;16,4;84;76;76;64;6,1;2,6;
2019/11/01;2000 UTC;0;911,7;911,7;911,4;200,5;21,9;16,9;21,9;20,8;17,3;16,5;78;72;73;85;5,3;2,5;
2019/11/01;2100 UTC;0;912,6;912,6;911,7;96,8;22;16,9;22,3;21,8;17,4;16,6;75;70;73;19;4,8;,4;
2019/11/01;2200 UTC;0;913,1;913,3;912,6;,3;21,2;17,4;22,1;21,2;17,5;16,9;79;73;79;278;8,2;1,7;
2019/11/01;2300 UTC;0;912,6;913,1;912,6;;20,7;17,2;21,3;20,7;17,4;17,1;81;78;80;48;4,3;2,1;
2019/11/02;0000 UTC;0;911,8;912,6;911,8;;21,2;16,9;21,2;20,3;17,4;16,9;83;76;76;80;5,5;2,5;
2019/11/02;0100 UTC;0;913;913;911,8;;22,3;16,9;22,4;21,1;17;16,3;77;69;72;99;6,5;3;
2019/11/02;0200 UTC;0;913,1;913,3;913;;21,6;15,6;22,3;21,1;17,2;15,6;78;68;69;112;7,2;2,5;
2019/11/02;0300 UTC;0;912,3;913,1;912,3;;20,8;15,9;21,6;20,7;15,9;15,4;74;68;73;12;5,7;1,7;
2019/11/02;0400 UTC;0;912,7;912,8;911,9;;20,3;16,5;21,7;20,3;16,5;15,8;79;69;79;38;5,7;1,4;
2019/11/02;0500 UTC;0;912,5;913;912,5;;19,6;16,4;20,3;19,6;16,5;16,3;81;79;81;48;4,5;,9;
2019/11/02;0600 UTC;0;912,3;912,5;912;;19,4;16,4;19,6;19,2;16,5;16,3;84;81;83;45;4,9;1,9;
2019/11/02;0700 UTC;0;912,4;912,5;912,3;;19,1;16,5;19,4;18,8;16,6;16,2;85;83;85;148;4,9;,5;
2019/11/02;0800 UTC;0;912,7;912,7;912,3;;19,9;16,4;20;18,9;16,8;16,3;85;80;80;328;4,5;1,1;
2019/11/02;0900 UTC;0;912,9;912,9;912,7;28,9;20;16,2;20,1;19,7;16,4;16,2;81;79;79;121;7,2;4;
2019/11/02;1000 UTC;0;913,5;913,5;912,9;322,8;20,7;16,8;20,8;19,9;16,9;16,2;79;78;78;54;9,5;2,3;
2019/11/02;1100 UTC;0;913,4;913,5;913,4;1376,8;22,6;17,2;22,6;20,7;17,4;16,8;79;71;72;36;8,2;3,1;
2019/11/02;1200 UTC;0;913,8;913,8;913,4;2355,2;24,4;17,4;24,5;22,6;17,6;16,7;72;64;65;39;9,5;3,2;
2019/11/02;1300 UTC;0;913,5;913,8;913,4;3007;25,8;17,5;25,8;24,4;17,7;16,8;65;60;60;44;9,6;3,9;
2019/11/02;1400 UTC;0;913;913,5;912,9;3421,5;26,9;17,1;26,9;25,3;18;16,6;61;55;55;43;9,7;3,7;
2019/11/02;1500 UTC;0;912,3;913;912,3;3483,9;28,3;17,2;28,3;26,7;17,6;16,3;56;51;51;26;8,7;2,7;
2019/11/02;1600 UTC;0;911,6;912,3;911,5;3120;28,8;16,9;29,1;27,6;17,4;16,1;53;46;49;48;6,6;2,4;
2019/11/02;1700 UTC;0;910,7;911,6;910,7;3183,3;30;16,5;30,5;28,2;17,4;15,4;49;43;44;60;6,4;2,1;
2019/11/02;1800 UTC;0;910;910,7;910;1621,3;29,5;16,2;30,3;28,4;17,1;15,4;50;43;45;71;6,9;2,5;
2019/11/02;1900 UTC;0;909,7;910;909,6;1746,2;28,9;15,3;29,9;28,8;16,6;15,3;46;42;44;70;6,9;2;
2019/11/02;2000 UTC;0;909,6;909,7;909,6;716,8;28,1;16,2;30,1;28;16,7;15,1;49;42;49;121;4,2;2;
2019/11/02;2100 UTC;0;909,8;909,8;909,5;412,3;27,2;16,1;28,5;27,2;16,5;15,6;51;46;51;110;5,3;2,5;
2019/11/02;2200 UTC;0;910,4;910,4;909,8;6,8;25,7;16,1;27,2;25,7;16,3;16;55;51;55;107;4,8;,9;
2019/11/02;2300 UTC;0;911;911;910,4;;23,3;16;25,7;23,3;16,7;16;63;55;63;43;4,2;1,6;
2019/11/03;0000 UTC;0;911,6;911,6;911;;22,3;16,1;23,6;22,3;16,3;16;68;63;68;78;3,1;,6;
2019/11/03;0100 UTC;0;911,7;911,8;911,6;;21,6;16,1;22,4;21,6;16,1;15,8;71;67;71;13;4,7;,9;
2019/11/03;0200 UTC;0;911,7;911,7;911,5;;21,4;16,4;21,8;21,3;16,4;16,1;73;71;73;357;3,5;1,1;
2019/11/03;0300 UTC;0;911,1;911,8;911,1;;21,3;16,8;21,9;20,9;17;16,3;76;73;76;21;5,7;1,2;
2019/11/03;0400 UTC;0;910,6;911,1;910,6;;21;16,9;21,3;20,9;17;16,7;78;76;78;12;4,5;1,3;
2019/11/03;0500 UTC;0;909,8;910,6;909,8;;20,6;16,8;21;20,6;17,1;16,7;79;78;79;21;5,5;1,5;
2019/11/03;0600 UTC;0;909,8;909,9;909,6;;20,6;16,9;20,6;20,4;17,1;16,7;81;79;79;19;5,5;1,7;
2019/11/03;0700 UTC;0;909,8;909,8;909,7;;20,4;16,7;20,7;20,4;16,9;16,6;80;78;79;32;5,1;1,2;
2019/11/03;0800 UTC;0;910;910;909,7;;20,3;16,4;20,6;20,3;16,8;16,4;80;78;78;19;5,7;1,5;
2019/11/03;0900 UTC;0;910,8;910,8;910;24,6;20,2;16,4;20,3;20,1;16,4;16,3;79;78;78;51;6,1;1,7;
2019/11/03;1000 UTC;0;911,5;911,5;910,8;412,3;22,4;16,8;22,4;20,2;16,8;16,4;78;71;71;41;7;2,6;
2019/11/03;1100 UTC;0;911,8;911,8;911,4;1477,8;24,6;17,3;24,6;22,4;17,3;16,8;71;64;64;43;9,1;2,5;
2019/11/03;1200 UTC;0;912,3;912,4;911,8;2332,3;26,2;17;26,5;24,4;17,7;16,7;64;56;57;14;7,7;3,6;
2019/11/03;1300 UTC;0;912;912,4;912;3036,1;27,5;17;27,8;26,1;17,4;16,3;58;51;53;10;8,4;4,1;
2019/11/03;1400 UTC;0;910,9;912;910,9;3564,9;28,9;16,4;29,3;27,1;17,8;16,4;54;47;47;357;8,5;4,7;
2019/11/03;1500 UTC;0;910,4;910,9;910,4;3764,9;29,7;16,4;30,3;28,6;17,5;16,1;49;44;45;2;8,8;3,7;
2019/11/03;1600 UTC;0;909,8;910,4;909,8;2415,6;31,1;16,5;31,1;28,8;17,3;15,5;48;42;42;353;7,6;3,7;
2019/11/03;1700 UTC;0;908,9;909,8;908,9;2476,6;31,8;15,4;31,8;29,9;16,1;14,2;43;35;37;337;7;2,8;
2019/11/03;1800 UTC;0;908,2;908,9;908,2;3412,6;31,8;14;32,5;31,2;15,8;13,5;39;33;34;354;7;2,3;
2019/11/03;1900 UTC;0;907,7;908,2;907,7;1945,2;32;14;32,2;30,6;14,7;12,9;36;32;34;278;5,8;2,1;
2019/11/03;2000 UTC;0;907,7;907,7;907,5;1516,4;29,9;16,5;32;29,6;16,8;13,7;46;33;45;282;5,7;2,5;
2019/11/03;2100 UTC;0;908,1;908,1;907,7;448,3;28,7;16,8;29,8;28,7;17,2;16,6;49;45;49;309;7,2;1,9;
2019/11/03;2200 UTC;0;908,5;908,5;908,1;4;26,7;16,8;28,7;26,7;16,9;16,5;55;49;55;66;4,1;,5;
2019/11/03;2300 UTC;0;909,1;909,1;908,5;;25;17;26,7;25;17,3;16,6;62;54;61;54;2,4;1,4;
2019/11/04;0000 UTC;0;909,9;909,9;909,1;;24,5;17,2;25,2;23,8;17,3;16,9;67;61;64;25;2,6;,7;
2019/11/04;0100 UTC;0;910,2;910,2;909,8;;23,3;17,2;24,8;22,9;17,5;16,9;71;62;69;49;2,4;,5;
2019/11/04;0200 UTC;0;910,5;910,6;910;;22,2;16,8;24,6;22,2;17,1;16,5;72;61;72;339;2,5;,8;
2019/11/04;0300 UTC;0;910;910,5;910;;22,9;16,4;23,7;21,9;17,2;16,3;73;63;67;46;3;1,3;
2019/11/04;0400 UTC;0;909,7;910;909,7;;22,6;16,6;23,4;22,3;16,6;16,3;70;64;69;57;3,3;1,2;
2019/11/04;0500 UTC;0;909,3;909,8;909,3;;22,6;16,6;22,8;22,2;16,7;16,4;70;68;69;53;3,3;1,7;
2019/11/04;0600 UTC;0;909,1;909,3;909;;21,7;16,4;22,6;21,7;16,9;16,4;72;69;72;46;3,6;1;
2019/11/04;0700 UTC;0;909,3;909,4;909;;20,6;16,7;21,7;20,4;16,9;16,4;79;72;78;48;3,8;2,2;
2019/11/04;0800 UTC;0;909,9;909,9;909,3;;20,6;16,8;20,7;20,2;17;16,5;80;78;79;20;3,6;1,4;
2019/11/04;0900 UTC;0;910,3;910,3;909,8;29,5;20,5;17;20,7;20,3;17;16,6;80;78;80;45;3,1;,4;
2019/11/04;1000 UTC;0;910,8;910,8;910,3;322,2;22,5;18,1;22,5;20,4;18,1;16,8;81;76;76;77;2,7;,6;
2019/11/04;1100 UTC;0;911;911;910,7;1281,1;26,1;18;26,2;22,5;18,4;17,5;76;61;61;19;3,1;1,4;
2019/11/04;1200 UTC;0;910,7;911,2;910,7;2299,8;28,5;17,1;28,7;26;18,7;15,9;62;48;50;293;2,4;,9;
2019/11/04;1300 UTC;0;910,4;910,8;910,4;3072,8;29,7;15,8;30,5;28,4;18,1;15,8;53;42;43;306;5,7;1,4;
2019/11/04;1400 UTC;0;910,1;910,5;910,1;2729,9;29,3;17,4;31,6;29,3;18,2;15;50;39;49;224;6;,9;
2019/11/04;1500 UTC;0;909,6;910,1;909,6;1495,2;30,9;15,2;30,9;29,2;18,4;14,9;52;38;38;31;4;1,2;
2019/11/04;1600 UTC;0;908,8;909,6;908,8;1685,4;31,1;14,8;31,8;30,7;15,3;13,6;39;35;37;5;7,7;2,6;
2019/11/04;1700 UTC;0;907,9;908,8;907,9;3620,6;32,4;14,5;33,4;31,1;16;14;39;32;34;349;8,6;2,3;
2019/11/04;1800 UTC;0;907;907,9;907;2727,1;32,4;13,6;34,3;32,3;15,2;13,6;35;31;32;10;6,5;2,9;
2019/11/04;1900 UTC;0;906,4;907;906,4;2161,3;33,6;14,3;34,3;32,3;15,3;13,7;35;29;31;326;7,9;4,1;
2019/11/04;2000 UTC;0;906,5;906,6;906,4;1233,8;31,8;14,1;33,6;31,8;14,3;13,3;34;30;34;350;8,1;2,8;
2019/11/04;2100 UTC;0;907,3;907,3;906,4;143,5;29;14,4;31,8;29;16,3;13,8;43;34;41;20;7,7;2,3;
2019/11/04;2200 UTC;0;908;908;907,3;5,7;27,8;16,6;29;27,6;16,6;14,4;51;41;51;105;5,5;1,2;
2019/11/04;2300 UTC;0;908,8;908,8;908;;26,1;17,5;28;25,9;17,6;16,1;60;49;59;134;5,4;1,8;
2019/11/05;0000 UTC;0;909,4;909,6;908,8;;24,8;17,7;26,6;24,8;18,1;17,2;66;57;64;97;4,1;1,7;
2019/11/05;0100 UTC;0;910;910,1;909,4;;24,2;18,7;25,1;23,9;18,7;17,9;73;64;71;69;3,9;1,3;
2019/11/05;0200 UTC;0;910,5;910,5;910;;24,9;17,5;25,2;23,6;18,9;17,5;75;63;63;36;6,2;2,4;
2019/11/05;0300 UTC;0;910,2;910,5;910,1;;22,7;17,3;24,9;22,7;17,5;17,3;72;63;72;21;8,8;4,6;
2019/11/05;0400 UTC;,2;909,9;910,2;909,9;;22,3;17,6;22,7;21,9;17,6;17,1;76;71;75;18;11;4,9;
2019/11/05;0500 UTC;7,6;909,8;909,9;909,7;;20,6;18,4;22,3;20,1;18,5;17,6;89;75;87;32;12,3;3,8;
2019/11/05;0600 UTC;0;910,6;910,7;909,8;3;20,7;17,8;21;20,6;18,4;17,8;87;83;84;81;7,9;1,6;
2019/11/05;0700 UTC;0;910,9;910,9;910,3;1,3;20,9;17,6;21,1;20,7;17,9;17,5;84;81;82;82;6,7;,4;
2019/11/05;0800 UTC;0;911,2;911,2;910,9;;21,1;17,6;21,2;20,7;17,7;17,5;83;80;80;101;2,6;,7;
2019/11/05;0900 UTC;0;911,8;911,8;911,2;8,3;20,7;18,3;21,1;20,6;18,4;17,6;87;80;87;83;2,5;,8;
2019/11/05;1000 UTC;0;912,5;912,6;911,8;152,7;21,3;18,8;21,3;20,6;18,9;18,2;87;84;86;68;2,3;,6;
2019/11/05;1100 UTC;0;912,7;912,7;912,5;506,3;22,7;19,6;22,8;21,3;19,8;18,6;86;83;83;51;3,3;1,4;
2019/11/05;1200 UTC;0;913;913;912,7;787,1;24,4;19,7;24,4;22,7;20;19,1;83;74;75;67;3,2;1,2;
2019/11/05;1300 UTC;0;913,2;913,2;913;993,6;25,2;18,8;25,3;24,3;19,8;17,8;75;64;68;16;2,8;1,4;
2019/11/05;1400 UTC;0;913;913,2;913;1373,3;26,9;17,6;26,9;25,2;18,7;17,3;68;57;57;77;2,8;,8;
2019/11/05;1500 UTC;0;912,7;913,1;912,7;2054,7;28,5;17,4;28,5;26,7;18,6;16,5;60;50;51;329;3;1,1;
2019/11/05;1600 UTC;0;911,8;912,7;911,8;2207,2;29,4;17,7;29,5;28,1;18,7;16,1;54;48;50;231;3,6;,4;
2019/11/05;1700 UTC;0;910,8;911,8;910,8;1933,2;28,6;18,4;29,5;28,3;19,6;16,8;58;48;54;179;5,1;2,7;
2019/11/05;1800 UTC;0;910,9;911,1;910,5;2328,8;24,7;17,3;30,1;24,5;19,2;16;64;47;64;283;9,7;3,3;
2019/11/05;1900 UTC;0;909,2;910,9;909,2;145,2;23,2;18,4;24,7;22,9;18,6;17,3;77;64;75;74;9;1,5;
2019/11/05;2000 UTC;0;909,3;909,3;908,9;205,7;23,6;18,3;23,9;22,8;18,6;17,8;77;69;72;67;5;1;
2019/11/05;2100 UTC;0;909,5;909,5;909,2;155,3;23,7;18,3;23,8;23,2;18,8;17,9;76;70;72;82;4,4;2,7;
2019/11/05;2200 UTC;0;910,4;910,4;909,5;9,4;23,3;18,5;24,1;23,3;18,8;18;76;69;74;111;4,4;,8;
2019/11/05;2300 UTC;0;911,1;911,1;910,4;;23,7;17,5;23,9;22,9;19,1;17,2;79;67;68;62;3,5;,9;
2019/11/06;0000 UTC;0;911,6;911,7;911,1;;23,1;17,9;23,7;22,5;18,7;17,7;78;68;72;51;3,5;,4;
2019/11/06;0100 UTC;0;911,9;911,9;911,6;;23,2;17,9;23,4;22,8;18,5;17,7;77;70;72;35;2,8;,4;
2019/11/06;0200 UTC;0;911,7;912,1;911,7;;22,8;18,1;23,3;22,8;18,1;17,6;75;71;75;45;2,9;,4;
2019/11/06;0300 UTC;0;911,3;911,7;911,2;;22,8;18,1;24;22,5;18,2;17,1;76;65;75;49;3,7;1;
2019/11/06;0400 UTC;0;912;912,1;911,3;;22,1;18,3;23,4;22;18,6;17,9;80;73;79;236;12,5;1,3;
2019/11/06;0500 UTC;0;911,7;912,2;911,6;;21,1;18,3;22,1;21,1;18,5;18,3;84;79;84;141;3,9;1;
2019/11/06;0600 UTC;0;911,4;911,9;911,4;;21,1;18,3;21,4;21;18,6;18,3;85;84;84;157;4,8;2;
2019/11/06;0700 UTC;0;911,9;912;911,4;;20,4;17,8;21,1;20,4;18,3;17,8;85;84;85;202;4,8;1,5;
2019/11/06;0800 UTC;0;912,2;912,2;911,8;;20;17,5;20,5;19,9;17,9;17,5;86;85;86;45;3,1;,3;
2019/11/06;0900 UTC;0;912,4;912,4;912,2;31,7;19,5;17,4;20,2;19,4;17,6;17,2;87;85;87;343;1,9;,2;
2019/11/06;1000 UTC;0;912,9;912,9;912,3;344,2;21,2;17,8;21,2;19,5;18;17,4;87;81;81;358;1,4;,3;
2019/11/06;1100 UTC;0;912,5;912,9;912,4;1414,8;25,8;17,9;25,8;21,2;18,6;17,7;81;62;62;58;3,7;1,2;
2019/11/06;1200 UTC;0;912,7;912,7;912,3;2281,5;29,3;17,6;29,3;25,8;18;16,5;62;48;50;83;5,5;2;
2019/11/06;1300 UTC;0;912,8;912,9;912,7;3011,3;29,6;17,5;29,7;28,6;18;16,3;51;46;48;37;7,5;3,2;
2019/11/06;1400 UTC;0;912,2;912,8;912,2;3540,4;30,8;16,9;31;29,4;18,4;16,2;51;42;43;28;7,4;3;
2019/11/06;1500 UTC;0;911,3;912,2;911,3;3690,9;31,4;16,5;31,9;30,3;18,2;16,5;47;41;41;29;9,2;2,8;
2019/11/06;1600 UTC;0;910,6;911,3;910,6;3772;31,6;15,9;32,3;31,3;17,4;15;43;37;39;14;7,2;2,2;
2019/11/06;1700 UTC;0;909,3;910,6;909,3;3616,3;33;16,1;33,6;31,6;17,2;15;42;34;36;8;5;1,8;
2019/11/06;1800 UTC;0;908,5;909,3;908,5;2412,4;32,3;14,9;33,9;32,3;17;14,8;39;33;35;352;4,6;2,4;
2019/11/06;1900 UTC;0;907,9;908,5;907,9;1091,8;32;15,9;33,2;31,8;16,4;14,3;39;32;38;317;4,6;2,1;
2019/11/06;2000 UTC;,2;909,4;909,4;907,9;148,2;23,9;19,5;32;23,9;19,6;15,6;76;38;76;264;10,3;2,2;
2019/11/06;2100 UTC;0;910,3;910,6;909,4;10;21,4;18,5;24;21,4;19,7;18,5;85;74;83;232;10,7;3,3;
2019/11/06;2200 UTC;0;911,2;911,3;910,3;;21,3;18,9;21,9;21,2;19,2;18,4;86;83;86;208;6,2;2,1;
2019/11/06;2300 UTC;0;911,6;911,7;911;;21,5;17,9;21,5;21;19,1;17,9;87;80;80;129;6,1;2,6;
2019/11/07;0000 UTC;0;911,8;911,9;911,6;;22;18,5;22;21,5;18,6;17,8;82;79;81;157;4,5;1,5;
2019/11/07;0100 UTC;0;911,9;911,9;911,7;;21,4;18,6;22,1;21,3;18,6;18,5;84;81;84;103;3;,1;
2019/11/07;0200 UTC;0;911,6;912,1;911,6;;21,4;18,3;22;21,3;18,7;18,2;84;80;83;69;2,6;,2;
2019/11/07;0300 UTC;0;911,4;911,6;911,3;;20,6;18,5;21,7;20,6;18,5;18,1;88;81;88;172;3,9;1,9;
2019/11/07;0400 UTC;0;910,9;911,5;910,9;;20,4;19,1;20,6;20,3;19,2;18,5;92;88;92;290;3,9;0;
2019/11/07;0500 UTC;0;910,7;911;910,5;;20,2;18,9;20,6;20,2;19,2;18,8;92;91;92;29;2,3;,9;
2019/11/07;0600 UTC;0;910,4;910,8;910,4;;21;17,9;21;20;18,9;17,9;92;83;83;126;3,5;1,2;
2019/11/07;0700 UTC;0;910,4;910,4;910,3;;20,8;17,5;21,2;20,7;17,8;17,4;83;80;81;113;6,4;2,5;
2019/11/07;0800 UTC;0;910,7;910,7;910,3;;21;17,2;21,1;20,7;17,5;17,2;82;79;79;78;9,1;3;
2019/11/07;0900 UTC;0;911,2;911,3;910,7;34,4;20,9;17,1;21;20,7;17,3;17,1;80;79;79;354;5,6;1;
2019/11/07;1000 UTC;0;912;912;911,2;414,3;22,6;17,3;22,6;20,9;17,4;17,1;79;72;72;20;7;2,3;
2019/11/07;1100 UTC;0;912,2;912,3;911,9;1315,1;24,6;17,9;24,7;22,6;18;17,3;72;66;66;36;8,7;3,3;
2019/11/07;1200 UTC;0;912,4;912,4;912,2;1639,2;24,7;18,3;25,5;24,2;18,4;17,6;69;64;68;35;11,6;4,5;
2019/11/07;1300 UTC;0;912,2;912,5;912,1;2704,9;26,9;18,4;27,2;24,7;19,1;18;68;59;60;41;9,8;3,9;
2019/11/07;1400 UTC;0;911,8;912,2;911,8;3295,5;28,4;18,7;28,6;26,8;19,1;18,2;61;55;56;22;9,2;4;
2019/11/07;1500 UTC;0;911,1;911,8;911,1;3843,5;30,1;18,7;30,1;28,1;19,5;18,1;57;50;50;360;8,6;3,4;
2019/11/07;1600 UTC;0;910,7;911,2;910,7;3852,8;30,5;17,1;31,7;29,6;19,3;16,4;51;42;44;53;7,2;2,4;
2019/11/07;1700 UTC;0;909,8;910,7;909,8;2188,3;31;17;31,7;29,9;17,8;16,3;47;41;43;72;6,6;1,6;
2019/11/07;1800 UTC;0;908,5;909,8;908,5;1415,6;30,3;17,2;31,9;30,2;17,3;16,4;46;40;45;37;7,1;1,5;
2019/11/07;1900 UTC;0;908,2;908,8;908,1;1190;30,5;16,9;30,7;28,8;18,2;16,9;52;44;44;356;5,4;1,9;
2019/11/07;2000 UTC;0;907,9;908,4;907,8;403,3;29,4;17,4;30,5;29,4;17,5;16,2;49;43;48;92;3,9;,6;
2019/11/07;2100 UTC;,2;908,5;908,5;907,9;81,2;25,4;17,1;29,4;24,8;20,3;16,1;69;47;60;114;6,6;1,4;
2019/11/07;2200 UTC;0;908,4;908,6;908,3;4,2;25,8;17,6;25,9;25;18,5;17,2;67;60;61;68;3,4;1,7;
2019/11/07;2300 UTC;0;909,2;909,2;908,3;;25,3;17,9;25,8;25,1;18,2;17,6;65;60;64;49;4,4;,8;
2019/11/08;0000 UTC;0;909,6;909,8;909,2;;24,5;18,6;25,3;24,3;18,8;17,8;72;64;69;150;2,1;,4;
2019/11/08;0100 UTC;0;910,2;910,2;909,6;;23,7;18,4;24,5;23,6;18,7;18,1;72;68;72;295;2,7;,5;
2019/11/08;0200 UTC;0;910,3;910,4;910,2;;22,6;19,1;23,9;22,6;19,2;18,4;80;72;80;218;7;3,3;
2019/11/08;0300 UTC;0;910,1;910,3;909,9;;22,1;18,9;22,6;21,9;19,2;18,8;83;80;82;125;4,9;,2;
2019/11/08;0400 UTC;0;909,5;910,1;909,5;;21,7;19;22,1;21,7;19,2;18,9;85;82;85;89;2,2;,5;
2019/11/08;0500 UTC;0;909;909,5;909;;21,3;18,5;21,9;21,3;19,2;18,5;85;83;84;23;2,6;,3;
2019/11/08;0600 UTC;0;908,9;909,1;908,9;;20,7;18,5;21,5;20,7;18,6;18,4;87;84;87;111;1,3;,2;
2019/11/08;0700 UTC;0;909,2;909,2;908,8;;20;17,9;20,8;20;18,7;17,9;89;87;88;159;2,5;1,3;
2019/11/08;0800 UTC;0;909,6;909,6;909,2;;20,2;18,2;20,3;20;18,2;17,9;88;88;88;49;2,5;,1;
2019/11/08;0900 UTC;0;910,6;910,6;909,6;12,5;20,3;18,4;20,3;20;18,4;18,1;89;88;89;19;1,9;,4;
2019/11/08;1000 UTC;0;911,3;911,4;910,6;244,5;21,5;18,9;21,5;20,3;18,9;18,4;89;85;85;275;2,5;,3;
2019/11/08;1100 UTC;0;912,4;912,4;911,3;917,9;22,8;18,8;22,8;21,5;19,2;18,3;85;78;78;247;5,5;2,7;
2019/11/08;1200 UTC;0;912,5;912,8;912,3;1144,6;22,9;18,9;23,2;22;18,9;17,9;80;75;78;228;5,7;1,8;
2019/11/08;1300 UTC;0;912,3;912,6;912,2;2235,3;23,5;17,6;24,3;22,5;19,3;17,6;79;69;70;198;5,8;2,3;
2019/11/08;1400 UTC;0;912,5;912,5;912,2;1921,9;24,5;18,2;25,2;23,3;18,7;17,4;72;64;68;194;4,8;2,4;
2019/11/08;1500 UTC;0;911,9;912,5;911,9;2672,8;26,1;17,3;26,2;24,3;18,8;17,3;68;58;58;224;5,1;2,1;
2019/11/08;1600 UTC;0;911,1;911,9;911,1;3091;27,4;17,2;28,1;26,1;18,4;16,4;60;52;53;204;5,1;2,2;
2019/11/08;1700 UTC;0;910,2;911,1;910,2;3257,3;28,2;16,2;28,7;26,8;17,4;15,4;54;47;48;215;7;3,3;
2019/11/08;1800 UTC;0;909,4;910,2;909,4;2035,9;27;14,9;28,4;26,9;17;14,5;52;46;48;194;6,3;3,3;
2019/11/08;1900 UTC;0;909,6;909,6;909,3;1302,8;26,8;15,5;28,1;26,7;15,8;14,5;50;46;50;204;5,5;2,9;
2019/11/08;2000 UTC;0;909,8;910;909,5;472,9;23,8;15,3;26,9;23,8;16,3;15,3;59;49;59;33;6,2;2,7;
2019/11/08;2100 UTC;0;909,2;909,8;909,2;164,8;23,9;16,8;24,1;23,5;16,8;15,5;64;59;64;36;6;,4;
2019/11/08;2200 UTC;0;909,8;909,9;909,2;2,5;23;17;24;23;17,1;16,6;69;64;69;53;2,5;1,3;
2019/11/08;2300 UTC;0;910;910,1;909,9;;22,6;16,8;23,3;22,5;17,1;16,5;70;66;70;76;3,4;1,6;
2019/11/09;0000 UTC;0;910,5;910,5;910;;22,2;17,3;23,2;22,2;17,5;16,9;74;69;74;284;3,7;,2;
2019/11/09;0100 UTC;0;911,2;911,2;910,5;;22,4;17,6;22,6;22,2;17,6;17,2;75;72;75;76;3,2;2,1;
2019/11/09;0200 UTC;0;910,7;911,2;910,7;;22,4;18;22,6;22,3;18;17,6;77;75;76;66;3,3;1,5;
2019/11/09;0300 UTC;0;910,5;910,8;910,5;;22;18,2;22,4;22;18,2;17,9;79;76;79;46;3,6;1,4;
2019/11/09;0400 UTC;0;910,2;910,5;910,1;;21,3;17,7;22;21,3;18,2;17,7;80;78;80;122;3,9;,6;
2019/11/09;0500 UTC;0;909,8;910,2;909,8;;20,9;17,8;21,3;20,9;17,8;17,5;82;80;82;34;2,9;,7;
2019/11/09;0600 UTC;0;909,5;909,8;909,5;;21,1;17,9;21,2;20,9;18,1;17,8;83;81;82;25;3,8;1,9;
2019/11/09;0700 UTC;0;909,4;909,5;909,3;;20,8;17,8;21,1;20,7;18,1;17,8;84;82;83;32;4,3;2,3;
2019/11/09;0800 UTC;0;909,8;909,9;909,4;;20,4;17,1;20,8;20,4;17,8;17,1;83;82;82;32;6,3;2,5;
2019/11/09;0900 UTC;0;910,5;910,5;909,8;29,5;20;17;20,4;20;17,2;17;83;81;83;41;6,3;1,6;
2019/11/09;1000 UTC;0;911,1;911,2;910,5;418;22,6;16,3;22,6;20;17,2;16,3;83;67;67;30;6,4;2,8;
2019/11/09;1100 UTC;0;911,7;911,8;911,1;1472,2;24,9;16,8;25,1;22,6;17;15,9;67;60;61;24;9,1;3,9;
2019/11/09;1200 UTC;0;912,1;912,1;911,7;2304,2;27,5;17;27,6;24,9;17,5;16,8;61;53;53;34;10,4;4,1;
2019/11/09;1300 UTC;0;912;912,2;912;2997;29,3;17,2;29,3;27,5;17,5;16,6;54;47;48;24;9,7;4,1;
2019/11/09;1400 UTC;0;911,7;912;911,7;3487,7;30,3;16,8;30,7;29,3;17,5;16,2;49;43;44;15;9,7;4,1;
2019/11/09;1500 UTC;0;911,3;911,7;911,3;3777,7;31,3;13,7;32;30,3;17,4;13,7;45;34;34;347;7,9;2,2;
2019/11/09;1600 UTC;0;910,3;911,3;910,3;1633,7;31,3;13,9;32,4;30,7;15,2;13,7;38;33;35;306;5,3;,9;
2019/11/09;1700 UTC;0;909,3;910,3;909,3;1061,1;30,6;15,1;31,4;30,3;16,5;13,9;43;35;39;200;4,1;,4;
2019/11/09;1800 UTC;0;908,3;909,3;908,2;2109,4;29,8;15,3;30,7;26,9;17,1;13,5;48;39;41;94;8,6;2,1;
2019/11/09;1900 UTC;,4;908,6;908,6;908,1;444,3;23,7;17,5;29,9;23,7;17,9;14,9;69;40;68;36;5,6;1,7;
2019/11/09;2000 UTC;3,4;909,1;909,1;908,4;142,2;22,8;18,2;24,8;22;19,6;17;81;65;75;146;6,5;4,1;
2019/11/09;2100 UTC;0;909,6;909,7;909,1;127,9;22,8;18,6;23,1;22,7;18,7;18;78;74;77;152;8,6;3,4;
2019/11/09;2200 UTC;0;909,9;909,9;909,4;7,9;22,2;18,8;22,8;22;18,8;18,5;81;77;81;153;7,3;,6;
2019/11/09;2300 UTC;0;910,1;910,1;909,7;;21,6;17,7;22,3;21,5;19;17,6;83;78;78;65;4,3;2,4;
2019/11/10;0000 UTC;0;910,3;910,5;910,1;;23,5;17,1;23,5;21,6;17,7;17,1;78;67;67;81;4,3;1,9;
2019/11/10;0100 UTC;0;910,4;910,5;910,3;;22,5;16,8;23,6;22,5;17,2;16,7;72;67;70;56;3,5;1,6;
2019/11/10;0200 UTC;0;910,9;911,1;910,4;;21,7;16,9;22,5;21,7;17,1;16,7;74;70;74;150;4,2;,6;
2019/11/10;0300 UTC;0;910,4;911,1;910,4;;21,1;17;21,8;21;17,3;16,8;79;74;78;72;2,6;1,8;
2019/11/10;0400 UTC;0;910,1;910,5;910,1;;20,5;17,3;21,1;20;17,5;16,9;84;77;82;130;2,6;,2;
2019/11/10;0500 UTC;0;910,3;910,6;910;;20,3;16,9;21,2;20,2;17,4;16,7;82;77;81;38;3,2;1,2;
2019/11/10;0600 UTC;0;911,2;911,5;910,3;;20,7;17,3;21,2;20,3;17,3;16,8;81;76;81;228;3,9;2,1;
2019/11/10;0700 UTC;0;911,6;911,6;911,1;;20,3;17,8;20,8;20,3;17,8;17,3;86;81;86;137;3,9;,5;
2019/11/10;0800 UTC;0;911,9;912;911,6;;20;17,9;20,4;20;18;17,7;88;86;88;135;3,4;,3;
2019/11/10;0900 UTC;0;912;912;911,8;49;19,6;17,6;20,6;19,6;18,1;17,6;88;84;88;18;2,2;,4;
2019/11/10;1000 UTC;0;912,6;912,6;912;217,2;21,2;18,3;21,2;19,5;18,3;17,6;89;84;84;274;2;,2;
2019/11/10;1100 UTC;0;913,3;913,3;912,6;1202,7;24,2;19,2;24,2;21;19,2;18;85;72;74;356;1,6;,1;
2019/11/10;1200 UTC;0;913,5;913,6;913,3;2024;26,5;18,1;26,5;24;19,2;17;74;59;60;142;3,3;1,4;
2019/11/10;1300 UTC;0;913,5;913,6;913,5;2827,9;26,7;17,4;27,4;25,7;18,8;16,9;62;55;57;198;4,3;2,1;
2019/11/10;1400 UTC;0;913,2;913,5;913,2;2825,8;27,9;18,4;28,5;26,6;19,3;17,5;60;55;56;180;5;1,6;
2019/11/10;1500 UTC;0;912,6;913,2;912,6;2784,7;28,4;18,4;28,8;27,5;19,1;17,8;57;52;55;162;6;1,9;
2019/11/10;1600 UTC;0;911,9;912,6;911,9;2586,8;29,2;18,1;29,5;28,3;18,8;17,5;55;51;51;206;5,7;3;
2019/11/10;1700 UTC;0;911,5;911,9;911,5;3310;30,1;17,7;30,7;29,1;18,8;17,6;53;47;48;175;5,7;2,3;
2019/11/10;1800 UTC;0;910,7;911,5;910,7;2091,4;30;17,3;31,1;29,7;18,5;16,8;50;44;47;220;5,4;1,4;
2019/11/10;1900 UTC;1,6;910,6;911;910,5;1364,5;29,9;19,7;30,2;27,4;21,5;17,5;67;46;55;199;5,1;1,9;
2019/11/10;2000 UTC;0;910,1;910,6;909,9;1168,9;28,3;19,2;30;28,3;19,8;17,7;58;49;58;180;6,6;3;
2019/11/10;2100 UTC;0;910,6;910,6;910,1;191,1;26,8;18,7;28,3;26,8;19,2;18,3;61;58;61;158;5,8;2,2;
2019/11/10;2200 UTC;0;910,6;910,6;910,5;11,7;25,6;18,9;26,8;25,6;19;18,8;66;61;66;154;4,5;2,2;
2019/11/10;2300 UTC;0;911,2;911,4;910,6;;24,6;19;25,6;24,6;19,3;18,8;71;66;71;51;4,3;,7;
2019/11/11;0000 UTC;0;911,9;911,9;911,2;;23,6;18,4;24,8;23,6;19,2;18,4;74;70;73;81;3,5;1,9;
2019/11/11;0100 UTC;0;912,5;912,5;911,9;;23,1;18,6;23,8;22,9;18,7;18,5;76;73;76;64;3,1;1;
2019/11/11;0200 UTC;0;912,3;912,5;912,3;;23;18,7;23,1;22,6;18,7;18,5;78;76;77;65;2,5;1,7;
2019/11/11;0300 UTC;0;911,6;912,3;911,6;;22,5;18,4;23,1;22,4;18,6;18,3;79;75;78;101;2,5;,2;
2019/11/11;0400 UTC;0;910,9;911,6;910,9;;21,7;18,4;23,3;21,7;18,7;18,2;82;74;82;249;3;,1;
2019/11/11;0500 UTC;0;910,4;910,9;910,4;;21,6;18,3;21,7;21,2;18,5;18,3;83;82;82;58;1,8;,9;
2019/11/11;0600 UTC;0;910,2;910,4;910,1;;20,6;18;21,6;20,5;18,4;18;86;82;85;176;1,8;0;
2019/11/11;0700 UTC;0;910,2;910,2;910;;20,6;18,1;21;20,6;18,3;18;86;84;86;331;1,3;0;
2019/11/11;0800 UTC;0;910,9;910,9;910,2;;21;18,5;21;20,5;18,5;18,1;86;85;85;99;,7;,1;
2019/11/11;0900 UTC;0;911,4;911,4;910,9;37,5;20,8;17,9;21,7;20,8;18,4;17,7;85;81;83;65;3,2;1,6;
2019/11/11;1000 UTC;0;911,7;911,7;911,4;448,1;23,9;19,2;23,9;20,3;19,2;17,6;86;75;75;79;3,2;,7;
2019/11/11;1100 UTC;0;912;912;911,7;1428,5;27,1;18,8;27,1;23,9;19,4;17,8;75;58;61;146;4,9;1,6;
2019/11/11;1200 UTC;0;912,2;912,2;912;2265,6;27,6;19;28;26,1;19,6;18,2;66;58;60;192;4;1,9;
2019/11/11;1300 UTC;0;912,1;912,3;912,1;2936,5;29,3;19;29,9;27,5;19,6;17,9;61;49;54;186;4,5;2,2;
2019/11/11;1400 UTC;0;911,6;912,1;911,6;3514,9;30,9;19,7;30,9;29,3;20,1;18,6;55;49;51;196;5,2;2,2;
2019/11/11;1500 UTC;0;911;911,6;911;3458,6;32;14,2;32;30,1;19,4;14,2;51;34;34;215;7;3,5;
2019/11/11;1600 UTC;0;910,6;911,1;910,6;3226;29,8;17,5;32,9;28,9;17,5;13,9;48;33;48;39;8,5;2;
2019/11/11;1700 UTC;0;910;910,6;909,9;2756,1;30,9;16,2;32,6;28,8;17,3;15;48;35;41;71;8,7;3,6;
2019/11/11;1800 UTC;0;910,4;910,4;909,7;1694,5;27,2;17,4;31,4;27,1;17,5;16,5;55;41;55;341;9,1;2,6;
2019/11/11;1900 UTC;2,6;909,7;910,4;909,7;205,7;23,4;17,7;27,2;22,8;18,7;17,3;78;55;70;70;7,4;2,2;
2019/11/11;2000 UTC;0;909,2;909,7;908,9;419,2;24,7;18,9;25;23,4;19;17,5;73;65;70;358;4,8;1,3;
2019/11/11;2100 UTC;0;909,9;910,1;909;158,9;23;18,6;24,7;23;19,3;18,5;77;68;76;172;7,3;2,3;
2019/11/11;2200 UTC;0;910,1;910,2;909,9;5,6;22,4;18,4;23;22,2;18,6;18,2;79;76;78;128;4;,4;
2019/11/11;2300 UTC;0;910,6;910,8;910,1;;22,5;17,6;23;22,3;18,5;17,6;78;72;74;131;5,7;1,9;
2019/11/12;0000 UTC;0;911,2;911,2;910,6;;22,6;16,8;23;22,5;17,5;16,8;73;68;70;117;6;,8;
2019/11/12;0100 UTC;,2;911,4;911,6;911,2;;21,6;17,6;22,6;21,4;18,1;16,8;80;70;78;93;3,8;,7;
2019/11/12;0200 UTC;0;911,2;911,4;910,8;;21,4;17,9;21,8;21,3;18,1;17;81;74;81;337;3,4;1;
2019/11/12;0300 UTC;0;911;911,2;911;;21;18,4;21,4;20,8;18,6;17,8;86;81;86;268;2,9;,2;
2019/11/12;0400 UTC;0;910,8;911;910,6;;20,9;18,3;21;20,6;18,7;18,3;88;85;85;72;1,7;,7;
2019/11/12;0500 UTC;0;909,2;910,8;909,2;;21,9;15,6;22,1;20,9;18,2;15,5;85;66;67;109;7,6;4,1;
2019/11/12;0600 UTC;0;909,6;909,6;909,2;;21,5;16,5;22,1;21,4;16,5;15,4;73;66;73;147;8;1,7;
2019/11/12;0700 UTC;0;909,9;909,9;909,6;;21,3;16,2;22;21,3;16,5;15,9;73;69;73;82;6,5;1,1;
2019/11/12;0800 UTC;0;910,4;910,4;909,9;;21;16,5;21,3;21;16,5;16,2;75;73;75;83;5,3;2,5;
2019/11/12;0900 UTC;0;910,7;910,8;910,4;46,2;20,5;16,8;21;20,5;16,8;16,5;80;75;79;46;6,7;1,1;
2019/11/12;1000 UTC;0;911,2;911,3;910,6;365,5;21,6;16,8;21,6;20,5;17,1;16,8;80;74;74;121;7,4;2,9;
2019/11/12;1100 UTC;0;912;912;911,2;1391,7;23,8;17,1;23,8;21,6;17,2;16,5;74;65;66;140;5,5;1,7;
2019/11/12;1200 UTC;0;912,6;912,6;912;1926,4;25,1;17;25,2;23,8;17,4;16,4;66;60;61;82;6,3;2,7;
2019/11/12;1300 UTC;0;912,4;912,6;912,4;3027,1;28;18,4;28;25,1;18,4;16,7;62;55;56;84;6,9;1,9;
2019/11/12;1400 UTC;0;912,3;912,5;912,2;3097,8;28,4;17,7;28,4;27;18;16,8;57;52;52;90;6,2;2,6;
2019/11/12;1500 UTC;0;911,9;912,3;911,8;3571,3;29,5;17,6;29,9;28,1;18,3;16,5;54;46;49;20;7,7;3;
2019/11/12;1600 UTC;0;911;911,9;911;1654,3;29,3;17,4;29,7;28,1;17,7;16,6;52;47;49;27;5,9;1,4;
2019/11/12;1700 UTC;0;910,2;911;910,2;2289,5;30,8;15,8;30,8;29,1;17,9;15,2;51;39;40;47;5,2;,9;
2019/11/12;1800 UTC;0;909,2;910,2;909,2;2551,7;30,7;17,7;31,5;30,3;19,5;15,3;50;39;46;179;5;2,8;
2019/11/12;1900 UTC;0;908,7;909,2;908,7;2268,5;31,2;18,7;31,6;29,6;19,6;17,9;53;46;47;186;7,2;3;
2019/11/12;2000 UTC;0;908,7;908,8;908,4;1737,7;27,2;17,4;31,2;27,2;19,6;16,6;55;46;55;112;8,9;4,6;
2019/11/12;2100 UTC;0;909,2;909,2;908,7;318,3;25;18,4;27,2;25;18,5;17,4;67;55;67;42;8,2;1,7;
2019/11/12;2200 UTC;,6;910,5;910,5;909,1;10,2;21,3;18;25,1;21,3;18,4;16,5;81;59;81;357;7,4;4,3;
2019/11/12;2300 UTC;1,8;910,3;910,7;910,3;;20,9;18,4;21,3;20,7;18,6;18;87;81;86;87;7,3;3;
2019/11/13;0000 UTC;0;910,4;910,4;910,1;;21,8;17,4;21,8;20,8;18,4;17,4;86;76;76;113;6,2;3,6;
2019/11/13;0100 UTC;0;910,9;910,9;910,4;,2;21,5;17,1;21,8;21,3;17,3;17;78;75;76;123;6,3;1,6;
2019/11/13;0200 UTC;0;911,1;911,2;910,9;;21,8;17,9;21,9;21,5;17,9;17,1;79;76;79;21;6,4;1,4;
2019/11/13;0300 UTC;0;911;911,3;911;;21,7;18;21,9;21,7;18;17,9;79;78;79;41;8;2,1;
2019/11/13;0400 UTC;0;910,5;911,1;910,4;;21,7;17,9;21,7;21,6;18;17,8;80;79;79;30;8;2,4;
2019/11/13;0500 UTC;0;909,4;910,5;909,4;;21,4;17,6;21,8;21,4;17,8;17,6;79;78;79;76;8,6;1,5;
2019/11/13;0600 UTC;0;909,2;909,5;909,2;;21,2;17,2;21,4;21,2;17,6;17,1;79;78;78;26;7,1;1,9;
2019/11/13;0700 UTC;0;909,4;909,5;909,2;;21,1;17,2;21,2;21,1;17,2;17,1;78;78;78;13;7,1;1,8;
2019/11/13;0800 UTC;0;909,6;909,6;909,3;;20,9;17,1;21,2;20,9;17,2;17;79;78;79;24;8,4;2,2;
2019/11/13;0900 UTC;0;909,9;909,9;909,6;36,7;20,8;17,1;20,9;20,8;17,1;17;79;79;79;41;10;2,4;
2019/11/13;1000 UTC;0;910,7;910,7;909,9;299;21,4;17;21,4;20,8;17,1;16,9;79;76;76;32;12,1;3,4;
2019/11/13;1100 UTC;0;911,6;911,6;910,7;765,2;22,9;17,4;23;21,4;17,6;17;76;71;71;47;10,3;3,5;
2019/11/13;1200 UTC;0;911,8;911,9;911,6;2372,3;25,4;17,8;25,4;22,9;17,8;17,3;71;63;63;41;11,3;4,3;
2019/11/13;1300 UTC;0;911,8;911,9;911,7;3001,4;27;17,8;27,2;25,4;18,3;17,2;63;56;57;33;14,1;4,4;
2019/11/13;1400 UTC;0;911,6;911,8;911,5;3169,1;27,6;17,7;27,7;26,5;17,9;17;58;54;55;27;14,5;5,1;
2019/11/13;1500 UTC;0;911;911,7;911;3570,9;28,5;17,2;28,8;27,3;18,2;16,9;56;49;50;27;11,9;5,9;
2019/11/13;1600 UTC;0;910,3;911;910,3;3638,8;30;17;30,4;28,5;17,7;16,3;51;44;46;29;13,5;4,6;
2019/11/13;1700 UTC;0;910,1;910,3;910;3316,9;29,8;17,2;30,6;29,4;17,5;16,4;47;43;47;8;10,9;4,4;
2019/11/13;1800 UTC;0;909,6;910,1;909,6;2752,8;29,9;16,9;30,8;29,7;17,2;16,1;47;42;46;360;10,3;4,5;
2019/11/13;1900 UTC;0;908,6;909,6;908,6;2177,2;29,7;17,2;30,5;29,3;17,6;16,6;47;45;47;24;9,8;4,5;
2019/11/13;2000 UTC;0;908,2;908,6;908,2;343;27;17,3;29,7;27;17,4;16,7;56;47;55;23;9,8;3,2;
2019/11/13;2100 UTC;0;908,5;908,6;908,2;120,2;26;17,6;27;26;17,6;17,2;60;55;60;28;7,9;3,2;
2019/11/13;2200 UTC;0;909,5;909,5;908,5;9,5;25,2;17,1;26;25,2;17,5;17,1;61;60;61;42;9,7;3;
2019/11/13;2300 UTC;0;909,8;909,8;909,5;;24,4;16,6;25,2;24,4;17,2;16,5;62;61;62;38;9,7;2,8;
2019/11/14;0000 UTC;0;910;910;909,8;;24,1;16,4;24,4;23,9;16,7;16,4;64;62;62;29;7,2;2,9;
2019/11/14;0100 UTC;0;910,4;910,5;910;;24;16;24,1;24;16,4;16;62;61;61;40;7,4;2,7;
2019/11/14;0200 UTC;0;910,4;910,5;910,3;;24;16,7;24,1;24;16,9;15,8;64;60;63;18;8,3;3,8;
2019/11/14;0300 UTC;0;909,8;910,4;909,8;;23,8;17,3;24;23,7;17,3;16,6;67;63;67;26;7,9;3,1;
2019/11/14;0400 UTC;0;909,6;909,8;909,4;;23,7;17,4;23,8;23,6;17,5;17,3;68;67;68;181;7,1;1,1;
2019/11/14;0500 UTC;0;909,2;909,6;909,2;;23,7;17,4;23,7;23,5;17,5;17,3;69;68;68;111;4,9;,7;
2019/11/14;0600 UTC;0;908,7;909,2;908,7;;23,6;17;23,7;23,5;17,4;16,9;68;66;66;4;3,1;,8;
2019/11/14;0700 UTC;0;909,4;909,4;908,5;;23,6;16,9;23,9;23,5;16,9;16,5;66;63;66;248;5,5;2,2;
2019/11/14;0800 UTC;0;910,5;910,5;909,4;;22;18;23,8;22;18;16,8;78;65;78;262;5,9;1;
2019/11/14;0900 UTC;0;911,4;911,4;910,5;10,4;20,8;18,5;22;20,8;18,6;17,9;87;78;87;320;3,3;1,4;
2019/11/14;1000 UTC;0;912;912;911,4;154,2;21,3;18,6;21,3;20,6;18,8;18,4;87;85;85;57;2,7;,9;
2019/11/14;1100 UTC;0;912;912,2;912;619,8;22,9;18,4;23;21,3;19;18,3;85;76;76;84;2,4;,4;
2019/11/14;1200 UTC;0;912,3;912,4;912;873,9;24,2;18,2;24,2;22,9;18,8;17,9;76;68;69;17;1,9;,5;
2019/11/14;1300 UTC;0;912,6;912,8;912,3;540,1;22,4;19,1;24,5;22,4;19,2;17,7;82;67;82;226;6,7;3,3;
2019/11/14;1400 UTC;0;912,6;912,8;912,5;711,1;22,5;19,1;22,6;22;19,4;18,7;83;81;81;225;5,5;2;
2019/11/14;1500 UTC;,2;912,2;912,8;912,2;627,9;22,2;19,5;22,5;21,8;19,9;19;88;81;85;21;4,4;,1;
2019/11/14;1600 UTC;,2;910,7;912,2;910,7;856;23,9;20;23,9;22,1;20,2;19,3;88;78;79;35;6,2;2,7;
2019/11/14;1700 UTC;0;910;910,7;910;1847,8;25,7;19,3;25,7;23,9;20,1;18,9;79;68;68;8;9,3;4,1;
2019/11/14;1800 UTC;0;908,8;910;908,8;2601,9;28,5;17,2;28,5;25,5;19,2;17,2;68;50;50;5;9,3;3,9;
2019/11/14;1900 UTC;0;908,6;908,8;908,5;2153,5;29;16,1;30,1;28,4;17,1;14,1;50;39;46;314;7;3,3;
2019/11/14;2000 UTC;0;908,8;908,8;908,4;413,7;26,3;16,8;29;26,2;17,5;16,2;56;46;56;286;6,1;2,4;
2019/11/14;2100 UTC;0;908,5;908,8;908,4;89,7;24,8;18;26,3;24,8;18;16,8;66;56;66;62;5,9;1,7;
2019/11/14;2200 UTC;0;909,3;909,3;908,5;;24,3;17,6;24,8;24,3;18;17,6;67;65;66;75;2,7;,8;
2019/11/14;2300 UTC;0;910,1;910,1;909,2;;23,8;17,4;24,5;23,7;17,6;16,9;67;63;67;208;5;,8;
2019/11/15;0000 UTC;3,4;911,7;911,7;910,1;;20,6;18,3;24,2;20,4;18,4;17,2;87;65;87;299;11,9;4,7;
2019/11/15;0100 UTC;1,2;911,3;911,7;911,3;;19,8;17,9;20,6;19,7;18,3;17,7;90;87;88;330;10,9;1,1;
2019/11/15;0200 UTC;,2;911,1;911,3;911;;20,1;17,7;20,1;19,8;17,9;17,6;88;86;86;323;3,5;1;
2019/11/15;0300 UTC;0;910,7;911,1;910,6;;20,3;17,7;20,4;19,9;17,9;17,5;87;85;85;300;2,9;,3;
2019/11/15;0400 UTC;,4;910,5;910,9;910,5;;19,6;18,1;20,7;19,4;18,1;17,6;91;84;91;185;3,8;1,4;
2019/11/15;0500 UTC;0;909,5;910,5;909,5;;19,4;17,8;19,6;19,3;18,1;17,8;91;90;91;86;2,7;,5;
2019/11/15;0600 UTC;,2;908,9;909,5;908,9;;19,3;18;19,4;19,2;18,1;17,8;93;91;93;11;2,4;,6;
2019/11/15;0700 UTC;0;908,9;908,9;908,6;;19,1;17,9;19,4;19,1;18,2;17,9;93;92;92;10;1,3;0;
2019/11/15;0800 UTC;0;909,1;909,1;908,8;;19,2;18;19,3;19;18,1;17,8;93;92;93;40;3;1,3;
2019/11/15;0900 UTC;0;910;910;909,1;19,4;19,5;18,1;19,5;19,1;18,2;17,9;93;92;92;43;3;1,3;
2019/11/15;1000 UTC;0;909,9;910,1;909,9;336,9;20,4;18,4;20,4;19,5;18,5;18,1;92;88;88;49;4,4;2;
2019/11/15;1100 UTC;0;910,3;910,3;909,9;736,7;22,1;18,7;22,1;20,4;19,1;18,5;88;81;81;45;3,7;,3;
2019/11/15;1200 UTC;0;910,5;910,5;910,3;1707,9;23,9;18,5;24,4;22;19,2;18;82;70;72;335;2,2;,7;
2019/11/15;1300 UTC;0;910,7;910,7;910,4;1316,5;23,9;18,6;24,4;23,7;19,1;17,9;74;69;72;225;4;2,4;
2019/11/15;1400 UTC;0;910,6;910,7;910,6;1493,2;23,8;18,2;24,7;23,8;19;17,7;73;68;71;208;5,6;2,9;
2019/11/15;1500 UTC;0;910,2;910,6;910,2;1779;24,7;19,2;25;23,6;19,3;18,1;72;69;71;230;5,6;1,5;
2019/11/15;1600 UTC;0;909;910,2;909;1971,6;24,7;19;25,2;24,4;19,9;18,5;73;68;70;221;6;2,4;
2019/11/15;1700 UTC;0;908,4;909;908,3;1642,3;24;18,7;25,5;24;19,8;18,6;72;68;72;205;7,7;4,9;
2019/11/15;1800 UTC;,2;907,9;908,4;907,9;797,8;22,7;19,9;24,2;22,5;19,9;18,7;84;72;84;206;8,5;4,1;
2019/11/15;1900 UTC;0;907,4;907,9;907,4;1309,7;23,4;18,1;23,7;22,7;20,2;17,8;85;70;72;223;7,2;2,7;
2019/11/15;2000 UTC;0;907,1;907,4;907,1;589,5;23,5;18,3;24;23,3;18,9;17,9;74;71;73;215;4,6;2,1;
2019/11/15;2100 UTC;0;907,3;907,3;907,1;196,2;22,8;18,3;23,6;22,8;18,6;18;76;72;76;224;3,9;2,2;
2019/11/15;2200 UTC;0;908,2;908,2;907,3;10,3;22,2;18,5;22,8;22,2;18,6;18,3;79;76;79;234;3,9;1,1;
2019/11/15;2300 UTC;0;908,7;908,7;908,2;;22,1;18,7;22,2;22;18,7;18,4;81;80;81;325;2,3;,7;
2019/11/16;0000 UTC;,2;909,1;909,2;908,7;;21,4;19;22,2;21,4;19;18,6;86;81;86;43;2,5;,9;
2019/11/16;0100 UTC;0;909,3;909,3;909;;21,6;18,6;21,7;21,3;19;18,6;86;83;83;40;3,2;1,1;
2019/11/16;0200 UTC;,2;908,9;909,4;908,9;;21,1;18,8;21,7;21,1;18,8;18,5;86;82;86;41;2,9;,8;
2019/11/16;0300 UTC;,2;908,2;908,9;908,2;;20,4;18,4;21,3;20,2;18,9;18,3;89;86;89;37;7,1;,7;
2019/11/16;0400 UTC;0;907,7;908,2;907,6;;20,3;17,5;20,6;20,1;18,5;17,5;89;83;84;338;3,4;1,1;
2019/11/16;0500 UTC;0;907,2;907,7;907,2;;20,4;17,4;20,5;20,2;17,7;17,4;85;83;83;343;3;,8;
2019/11/16;0600 UTC;0;906,8;907,2;906,8;;19,9;17,7;20,4;19,7;17,8;17,4;88;83;87;323;2;,3;
2019/11/16;0700 UTC;0;906,7;906,9;906,7;;19,3;17,5;20;19,3;18;17,5;90;86;89;47;2,1;1;
2019/11/16;0800 UTC;0;906,8;906,8;906,6;;18,9;17,4;19,3;18,9;17,6;17,3;91;89;91;68;2,3;,6;
2019/11/16;0900 UTC;0;907,1;907,2;906,8;48,4;19,3;17,8;19,3;18,8;17,8;17,3;92;91;91;56;2,5;1,2;
2019/11/16;1000 UTC;0;907,8;907,8;907,1;229,2;20,6;18,4;20,6;19,3;18,5;17,9;91;88;88;89;3,2;,1;
2019/11/16;1100 UTC;0;908,1;908,1;907,7;794,5;21,4;18,3;21,8;20,6;18,7;17,9;88;80;83;235;3,6;2,2;
2019/11/16;1200 UTC;0;908,5;908,5;908,1;1084,7;22;18,1;22,8;21,4;19,1;18,1;83;77;79;222;4;1,9;
2019/11/16;1300 UTC;0;908,3;908,6;908,3;2606,8;24,6;18,3;24,8;21,9;19,2;17,9;82;67;68;226;4;1,6;
2019/11/16;1400 UTC;0;908,1;908,4;908,1;3998,9;27,8;16,8;28,3;24,6;18,9;16,3;69;51;51;275;3,5;1;
2019/11/16;1500 UTC;0;907,4;908,1;907,4;3008,8;27,8;15,9;27,8;25,6;17,7;15,3;58;47;48;90;3,3;1,2;
2019/11/16;1600 UTC;0;906,8;907,4;906,8;3641,5;28,4;15,6;29,5;27,8;17,8;14,7;51;43;46;203;5,6;1,3;
2019/11/16;1700 UTC;0;906,1;906,8;906,1;3064,3;29,3;15,5;29,7;27,8;16,7;14,1;48;40;43;212;6,2;2,4;
2019/11/16;1800 UTC;0;905,5;906,2;905,5;2829,6;30,1;14,4;30,4;29,3;15,6;13,4;43;36;38;255;8,1;3,1;
2019/11/16;1900 UTC;0;905,1;905,6;905,1;2354,2;29,2;14,8;30,4;29,2;15,1;11,9;42;33;42;209;8,3;4,7;
2019/11/16;2000 UTC;0;905,2;905,2;905;1490,6;29;12,5;30;28,8;15,4;11,8;43;35;36;236;8,3;4,2;
2019/11/16;2100 UTC;0;905,4;905,4;905;581;27,6;11,6;29,2;27,6;12,8;11,2;37;34;37;237;8,1;3,3;
2019/11/16;2200 UTC;0;906,3;906,3;905,4;18,9;25,7;12,7;27,6;25,7;12,7;11,5;45;37;45;214;6,6;,5;
2019/11/16;2300 UTC;0;906,9;906,9;906,3;;24,2;14,1;25,7;24,2;14,3;12,6;54;44;53;157;2,1;,7;
2019/11/17;0000 UTC;0;907,5;907,5;906,9;;22,7;15,2;24,2;22,5;15,6;14,1;64;53;62;356;2,8;,1;
2019/11/17;0100 UTC;0;908,2;908,2;907,5;;22,4;16,4;22,8;21,3;16,6;14,8;71;61;69;69;3,1;1,9;
2019/11/17;0200 UTC;0;908;908,3;908;;22,3;16,6;22,4;21,9;16,7;16,2;71;69;70;89;3,1;,9;
2019/11/17;0300 UTC;0;907,8;908;907,7;;20,9;16,9;22,4;20,9;16,9;16,5;78;70;78;75;3,1;1,3;
2019/11/17;0400 UTC;0;907,2;907,8;907,2;;20,4;16,4;21,3;20,4;17,2;16,4;78;77;78;94;3,1;1;
2019/11/17;0500 UTC;0;907,1;907,2;907,1;;19,4;16,9;20,4;18,8;17,2;16,2;87;78;85;157;2,2;,5;
2019/11/17;0600 UTC;0;907;907,1;906,9;;19,3;16,6;19,5;18,7;17,1;16,2;87;84;84;73;3,2;,8;
2019/11/17;0700 UTC;0;907,4;907,4;907;;18,8;16,4;19,3;18,7;16,8;16,3;87;84;86;48;2,8;1,4;
2019/11/17;0800 UTC;0;907,7;907,8;907,4;;19;16,8;19;18,4;16,8;16,2;88;86;87;70;2,3;1,1;
2019/11/17;0900 UTC;0;908,4;908,4;907,7;36,2;19,1;16,9;19,1;17,9;16,9;15,5;89;85;87;77;2,3;1,1;
2019/11/17;1000 UTC;0;908,8;908,8;908,3;417,3;21;18,1;21;19,1;18,1;16,8;87;84;84;16;2;,5;
2019/11/17;1100 UTC;0;909,1;909,2;908,8;1510;24,8;18,2;24,8;21;18,7;18;84;67;67;47;4,2;1,9;
2019/11/17;1200 UTC;0;909,5;909,5;909,1;2439,8;26,7;17,8;27,1;24,5;19,1;17,7;69;58;58;75;5,1;2;
2019/11/17;1300 UTC;0;909,4;909,7;909,4;3285,6;27,9;17,5;28,2;26,5;18,5;16,3;60;50;53;326;4,1;1,2;
2019/11/17;1400 UTC;0;909;909,5;909;3240,6;29,7;16,7;29,7;27,8;18;15,3;54;45;46;77;3,2;,9;
2019/11/17;1500 UTC;0;908,5;909;908,5;2459,4;29;16,5;30,2;28,5;17;15,3;50;42;47;188;3,8;1,2;
2019/11/17;1600 UTC;0;907,7;908,5;907,7;2658,6;29,8;15,8;30,9;28,5;17,3;14,9;48;40;43;204;5,5;2,3;
2019/11/17;1700 UTC;0;906,8;907,7;906,8;2645,7;30;14,7;31,3;29,6;16,7;14,6;44;38;40;223;7,2;3,1;
2019/11/17;1800 UTC;0;906,2;906,8;906,2;2962,1;31,9;12,5;33,1;30;16,2;12,5;41;30;30;250;9,3;3,5;
2019/11/17;1900 UTC;0;906,1;906,3;906,1;2049,6;31,2;12,3;32,3;30,4;13,7;12,2;34;30;31;216;8;4,5;
2019/11/17;2000 UTC;0;906,1;906,2;906;1497,8;30,7;11,7;31,8;30,5;12,9;11,7;32;30;31;238;7,8;3,4;
2019/11/17;2100 UTC;0;906,8;906,8;906,2;544,2;29,3;11,3;30,7;29,3;12,7;11,2;34;31;33;211;7;3,2;
2019/11/17;2200 UTC;0;907,5;907,5;906,8;17,3;27,2;12,5;29,3;27,2;12,5;11,3;40;33;40;186;5,3;1,9;
2019/11/17;2300 UTC;0;908,3;908,3;907,5;;25,7;13,8;27,2;25,7;13,8;12,5;48;40;48;170;4,5;1,7;
2019/11/18;0000 UTC;0;909,3;909,3;908,3;;25;14,3;25,9;25;14,3;13,8;51;48;51;158;4,5;1,1;
2019/11/18;0100 UTC;0;910;910,1;909,3;;23,4;17,1;25;22,8;17,1;14,2;68;51;68;100;5,3;2,2;
2019/11/18;0200 UTC;0;909,9;910;909,7;;22,1;17,5;23,9;22;17,5;16,8;75;66;75;57;5,3;1,8;
2019/11/18;0300 UTC;0;909,7;909,9;909,6;;21,7;16,8;22,2;21,7;17,6;16,8;76;73;74;74;3,5;1,6;
2019/11/18;0400 UTC;0;909,2;909,7;909,2;;21,2;17;21,8;21,1;17;16,8;77;74;77;75;4,1;,8;
2019/11/18;0500 UTC;0;909,2;909,3;909,2;;21,4;17,6;21,5;21,1;17,6;17;79;77;79;59;4,1;1;
2019/11/18;0600 UTC;0;908,9;909,2;908,9;;20,8;17,5;21,4;20,8;17,6;17,4;81;79;81;14;4;1,6;
2019/11/18;0700 UTC;0;909,4;909,5;908,9;;20,5;17,5;20,8;20,5;17,6;17,4;83;81;83;80;3,6;,7;
2019/11/18;0800 UTC;0;909,9;909,9;909,4;;20,6;17,8;20,7;20,4;17,9;17,5;84;83;84;51;5,6;1,7;
2019/11/18;0900 UTC;0;910,7;910,7;909,9;37,4;21,1;18;21,1;20,5;18;17,8;85;82;82;31;6,9;2,3;
2019/11/18;1000 UTC;0;911,4;911,4;910,7;442,3;22,5;17,9;22,6;21,1;18,1;17,9;82;75;75;29;7,8;2,7;
2019/11/18;1100 UTC;0;912,1;912,1;911,4;1584,7;23,6;18,1;24;22,5;18,5;17,8;75;71;71;29;9,4;3,7;
2019/11/18;1200 UTC;0;912,6;912,6;912;1791,2;24,7;18,4;24,8;23,5;18,7;17,8;72;68;68;21;9,4;4,1;
2019/11/18;1300 UTC;0;913;913,1;912,6;2329,5;26,4;18,6;26,4;24,3;19,1;17,7;69;62;62;22;9,4;3,9;
2019/11/18;1400 UTC;0;913;913;912,9;2173,9;26,5;17,7;27,1;25,9;18,4;17,2;62;56;59;8;8,7;4;
2019/11/18;1500 UTC;0;912,3;913;912,3;3178,4;28,3;17,7;28,7;26,5;18,1;17,1;59;52;53;1;9;4,6;
2019/11/18;1600 UTC;0;911,8;912,3;911,8;3134;28,4;17,7;28,8;27,3;18,1;16,7;56;50;52;7;8,6;4,6;
2019/11/18;1700 UTC;0;911,4;911,8;911,4;2638,9;29,2;16,9;29,6;27,4;17,9;16,7;53;48;48;5;8,8;3,9;
2019/11/18;1800 UTC;0;911,1;911,4;910,7;1441,7;27;17;29,5;26,9;17,7;16,3;55;47;54;359;8,5;4,4;
2019/11/18;1900 UTC;0;911,6;911,6;910,9;247;25,8;16,9;27;25,7;17;16,6;58;54;58;335;9;3,6;
2019/11/18;2000 UTC;0;911,3;911,9;911,3;194,4;24,2;17,7;25,8;23,8;18,2;16,7;70;58;67;317;7,7;1,2;
2019/11/18;2100 UTC;0;911,1;911,3;911;208,9;23,7;17,7;24,3;23,7;17,9;17,3;69;66;69;53;4,3;1,7;
2019/11/18;2200 UTC;0;911,5;911,6;911,1;11,5;23,3;17,7;23,9;23,3;17,9;17,7;71;68;71;60;3,4;1,7;
2019/11/18;2300 UTC;0;912;912;911,5;;22,9;17,1;23,5;22,9;17,8;17,1;72;70;70;63;3,7;1,6;
2019/11/19;0000 UTC;0;912,5;912,5;912;;22,4;16,8;23,1;22,4;17,1;16,8;71;69;71;50;3;1,1;
2019/11/19;0100 UTC;0;912,9;912,9;912,5;;21,5;16,7;22,4;21,5;17;16,7;74;71;74;49;4,6;2,1;
2019/11/19;0200 UTC;0;912,7;912,9;912,7;;21,2;16,3;21,5;21,2;16,7;16,3;75;74;74;47;4,6;1,5;
2019/11/19;0300 UTC;0;912,5;912,7;912,4;;20,8;15,7;21,2;20,7;16,3;15,7;74;73;73;72;4,5;2;
2019/11/19;0400 UTC;0;912,3;912,5;912,2;;20,7;15,5;21,1;20,6;15,8;15,3;73;70;72;42;5,6;,9;
2019/11/19;0500 UTC;0;912,1;912,3;912;;20,6;15,7;21;20,6;15,7;15,5;74;71;74;69;3,4;,5;
2019/11/19;0600 UTC;0;911,9;912,1;911,9;;19,9;15,5;20,6;19,9;15,9;15,5;76;74;76;51;3,4;1,1;
2019/11/19;0700 UTC;0;912,3;912,3;911,9;;19,4;15,7;19,9;19,4;15,7;15,4;79;76;79;52;3,9;1,3;
2019/11/19;0800 UTC;0;912,7;912,8;912,3;;19,5;16,3;19,6;19,4;16,3;15,7;82;79;82;61;4,8;1;
2019/11/19;0900 UTC;0;913,5;913,5;912,7;52,8;19,5;16,2;19,5;19,4;16,4;16,2;82;81;82;83;6;2;
2019/11/19;1000 UTC;0;913,8;913,8;913,5;470,3;21,6;16,9;21,6;19,5;17,1;16,2;82;75;75;45;5,7;1,4;
2019/11/19;1100 UTC;0;914,1;914,1;913,8;1229,1;23,8;16,9;23,8;21,6;17,1;16,3;75;65;65;47;5,7;2,3;
2019/11/19;1200 UTC;0;914,3;914,4;914,1;1983,5;25,2;16,8;25,2;23,6;17,2;16,2;66;59;60;20;5,5;2,6;
2019/11/19;1300 UTC;0;913,9;914,3;913,9;2540,7;25,7;16;26,8;25,2;17,1;15,7;60;53;55;356;5,5;2,4;
2019/11/19;1400 UTC;0;913,6;913,9;913,6;2659,7;27,1;15,7;28,4;25,7;17,3;15,5;55;47;50;5;5,8;2,4;
2019/11/19;1500 UTC;0;913,2;913,6;913,2;2576,1;28,9;16,3;28,9;27;16,8;15,5;51;46;47;324;5,5;2,1;
2019/11/19;1600 UTC;0;912,4;913,2;912,4;3094,9;28,4;15,3;30,1;28,3;16,3;14,9;46;41;45;360;5,3;1,7;
2019/11/19;1700 UTC;0;911,3;912,4;911,3;2762,4;30;14,9;30,1;28,4;16,1;14,3;46;40;40;157;4;1,9;
2019/11/19;1800 UTC;0;910,5;911,3;910,5;3369,7;31,1;15,3;31,7;30;15,9;14,5;41;37;39;221;6,3;2,9;
2019/11/19;1900 UTC;0;909,8;910,5;909,8;1624,8;30,1;16,1;31,1;29,1;16,6;15,4;44;39;43;184;7,2;2,7;
2019/11/19;2000 UTC;0;909,7;909,8;909,6;1129,8;28,7;17,3;30,2;28,6;17,4;15,3;50;42;50;162;7,2;3,4;
2019/11/19;2100 UTC;0;910,4;910,4;909,7;250,6;25,9;18,8;28,7;25,9;18,8;16,9;65;50;65;197;8,2;2,8;
2019/11/19;2200 UTC;,2;911,6;911,6;910,3;34,5;23,4;18,1;25,9;23,4;20,1;17,9;75;65;72;56;5,3;1,8;
2019/11/19;2300 UTC;0;912,5;912,6;911,6;;21,9;17,5;23,6;21,9;18,3;17,4;76;71;76;24;6,9;2,3;
2019/11/20;0000 UTC;0;912,6;912,8;912,5;;21,6;17,5;22;21,4;17,5;17,4;78;76;78;18;4,5;1,5;
2019/11/20;0100 UTC;0;912,9;912,9;912,5;;21,2;17,1;22;21,2;17,4;17,1;78;74;78;28;3,5;1,6;
2019/11/20;0200 UTC;0;912,9;913,1;912,8;;20,5;16,1;21,3;20,5;17,1;16,1;79;76;76;47;5,3;1,4;
2019/11/20;0300 UTC;0;913;913;912,9;;20,1;15,5;20,5;19,9;16,1;15,5;77;75;75;37;4,4;1,3;
2019/11/20;0400 UTC;0;913;913,1;912,8;;19,6;15,8;20,2;19,6;15,9;15,5;79;75;79;29;3,2;1,4;
2019/11/20;0500 UTC;0;912,1;913;912;;19,4;15,9;19,7;19,3;16;15,8;80;79;80;65;4,1;1;
2019/11/20;0600 UTC;0;911,4;912,1;911,4;;19,4;16,1;19,5;19,3;16,1;15,8;82;80;81;67;5,7;3;
2019/11/20;0700 UTC;0;911,5;911,5;911,1;;19,6;16,1;19,8;19,4;16,2;16;81;79;81;91;6,8;3,3;
2019/11/20;0800 UTC;0;912,4;912,4;911,5;;19,8;16,5;20,1;19,5;16,5;16,1;81;80;81;112;6;1,1;
2019/11/20;0900 UTC;0;913,1;913,1;912,4;41,8;19,6;16,6;19,9;19,3;16,6;16,3;84;81;83;179;1,8;,2;
2019/11/20;1000 UTC;0;913,6;913,6;913,1;296,5;19,9;17;20,4;19,6;17,3;16,7;84;82;84;20;3,4;1,3;
2019/11/20;1100 UTC;0;913,9;913,9;913,4;1317,3;23,7;17,8;23,8;19,9;18,3;17,1;84;69;70;82;5,4;1,7;
2019/11/20;1200 UTC;0;914;914,1;913,8;2446,4;26,1;16,3;26,4;23,7;18,1;16,3;70;55;55;50;6,4;1,9;
2019/11/20;1300 UTC;0;913,8;914,1;913,8;2849;27,7;15,7;27,9;25,9;16,8;15,1;57;47;48;37;7;2,7;
2019/11/20;1400 UTC;0;913,5;913,8;913,5;3534,7;28,6;16;28,8;27,1;16,4;14,8;49;45;47;27;7;2,7;
2019/11/20;1500 UTC;0;912,9;913,6;912,9;1962;27,8;16,5;29,1;27,2;16,9;15,5;51;46;50;133;7;,9;
2019/11/20;1600 UTC;0;912,4;912,9;912,4;1940,3;25,9;18,1;28,6;24,5;18,4;15,9;65;47;62;22;9,6;3,1;
2019/11/20;1700 UTC;0;911,6;912,4;911,6;1025,4;25,4;15,8;26,5;24,9;18,3;14,2;63;49;55;31;6,7;1,6;
2019/11/20;1800 UTC;0;910,8;911,6;910,8;681,5;25,4;16,5;25,7;24,5;16,9;15,7;62;55;58;188;4,4;1,4;
2019/11/20;1900 UTC;0;910,8;910,8;910,5;1762,7;27,4;15,9;28,3;25,3;17,1;15,4;60;46;50;122;3,8;1,7;
2019/11/20;2000 UTC;0;910,8;910,9;910,6;1359,4;26,1;18;28,2;26,1;18;15,7;61;49;61;169;6,5;3,1;
2019/11/20;2100 UTC;0;911,3;911,3;910,8;128,5;24,9;17,4;26,2;24,7;18,1;16,5;63;59;63;36;6,5;1,3;
2019/11/20;2200 UTC;0;911,9;911,9;911,3;0;23,3;18,2;25;23,3;18,5;17,5;74;63;73;110;2,8;,5;
2019/11/20;2300 UTC;0;912,5;912,7;911,8;;22,6;17,3;23,7;22,6;18,3;17,3;73;70;72;38;7,2;1,9;
2019/11/21;0000 UTC;0;912,3;912,7;912,2;;21;15,9;22,6;21;17,3;15,7;74;71;72;45;7;1,9;
2019/11/21;0100 UTC;0;912,1;912,4;912,1;;20,9;15,2;21,3;20,6;16;15,2;74;69;70;32;4,8;,5;
2019/11/21;0200 UTC;0;912,4;912,4;912;;20,2;14,7;20,9;20,2;15,3;14,6;73;69;71;2;4,9;,6;
2019/11/21;0300 UTC;0;912;912,5;912;;20,2;14,4;20,4;19,9;14,8;14,1;72;68;69;9;3,4;1,5;
2019/11/21;0400 UTC;0;911,6;912;911,6;;20;16,4;20,2;19,6;16,4;14,4;80;69;80;12;5,3;1,2;
2019/11/21;0500 UTC;0;911,2;911,6;911,1;;19,9;17;20;19,7;17;16,4;84;80;84;14;4,5;1,3;
2019/11/21;0600 UTC;0;911,2;911,3;911,1;;19,7;17;19,9;19,6;17,2;17;85;84;84;78;5;1;
2019/11/21;0700 UTC;0;911,1;911,3;911;;19,7;16,1;19,8;19,5;17;16,1;85;80;80;46;5,8;2,2;
2019/11/21;0800 UTC;0;911,3;911,3;911;;19,3;15,8;19,8;19,3;16,1;15,7;80;79;80;49;7,2;1,4;
2019/11/21;0900 UTC;0;911,9;911,9;911,3;51,7;19,6;15,7;19,6;19,2;15,8;15,6;80;79;79;32;7,8;2,5;
2019/11/21;1000 UTC;0;912,5;912,5;911,9;461,7;20,9;15,8;20,9;19,6;16;15,7;79;72;73;38;8,1;2,2;
2019/11/21;1100 UTC;0;912,8;912,9;912,5;1576,4;22,9;15,9;23;20,9;16,1;15,7;73;65;65;31;10,6;3;
2019/11/21;1200 UTC;0;913,4;913,4;912,8;2408,7;25,3;15,5;25,5;22,6;16,5;15,4;66;55;55;58;8,7;2,9;
2019/11/21;1300 UTC;0;913,3;913,4;913,3;3057,1;26,7;15,7;26,9;25;16,3;15;56;49;51;33;8;2,9;
2019/11/21;1400 UTC;0;912,9;913,3;912,9;3453,4;28,5;15,2;28,5;26,6;16,2;14,4;51;43;44;32;7,6;2,4;
2019/11/21;1500 UTC;0;912,2;912,9;912,2;4073;29,4;14,8;29,8;27,7;15,3;13,7;45;38;41;29;6,3;2,6;
2019/11/21;1600 UTC;0;911,7;912,3;911,7;2194,9;28,3;15;30,3;27,9;15,6;13,6;45;38;44;5;6,6;2,5;
2019/11/21;1700 UTC;0;910,5;911,7;910,5;3215,9;30,5;14,8;30,8;28,3;15,5;13,3;44;36;39;3;7,5;3,2;
2019/11/21;1800 UTC;0;910;910,5;910;1228,6;25,4;16,7;30,8;25,4;16,9;13,3;59;36;59;131;8,6;4,6;
2019/11/21;1900 UTC;0;909,1;910;909,1;1796,4;29;15,5;29;24,8;17,1;14,9;60;44;44;159;10,3;3,7;
2019/11/21;2000 UTC;0;909,2;909,2;908,9;928,8;27,8;15;29,3;27,2;15,8;14,5;49;43;46;138;6,5;2,6;
2019/11/21;2100 UTC;0;909,5;909,5;908,8;334,8;26,3;15,7;28;26,3;15,9;15;52;45;52;126;5,9;1,9;
2019/11/21;2200 UTC;0;910,2;910,3;909,5;16,5;24,8;16;26,3;24,8;16;15,6;58;52;58;49;4,5;1,1;
2019/11/21;2300 UTC;0;910,7;910,7;910,2;;24,3;16,4;24,9;24,1;16,5;15,9;62;58;61;127;3;,6;
2019/11/22;0000 UTC;0;911,2;911,2;910,7;;23,7;16,6;24,6;23,5;16,7;16,3;65;60;64;64;2,6;1;
2019/11/22;0100 UTC;0;911,8;911,8;911,2;;23,2;16,3;23,8;23,2;16,6;16,3;65;64;65;25;5,6;1,7;
2019/11/22;0200 UTC;0;911,4;911,8;911,4;;22,3;16,3;23,2;22,2;16,4;16,1;70;65;69;6;5,4;2;
2019/11/22;0300 UTC;0;910,9;911,4;910,9;;21,8;16,1;22,5;21,7;16,3;15,9;70;67;70;338;4,5;1,1;
2019/11/22;0400 UTC;0;910,6;910,9;910,6;;21,3;16,3;22,2;21;16,3;15,9;74;68;73;28;5,5;,6;
2019/11/22;0500 UTC;0;910,4;910,6;910,4;;22;16,3;22,1;21,3;16,4;16,2;73;70;70;30;6;2,2;
2019/11/22;0600 UTC;0;910,2;910,4;910,2;;21,7;16,6;22;21,7;16,7;16,3;73;70;73;35;6,7;2,3;
2019/11/22;0700 UTC;0;910,2;910,3;910,1;;21,4;16,7;21,7;21,4;16,7;16,6;74;73;74;28;6,6;2,2;
2019/11/22;0800 UTC;0;910,4;910,4;910,2;;21,1;16,7;21,4;21,1;16,7;16,6;76;74;76;32;6,1;1,5;
2019/11/22;0900 UTC;0;910,9;910,9;910,4;60,5;20,8;17,3;21,1;20,3;17,3;16,7;83;76;81;12;6;2,1;
2019/11/22;1000 UTC;0;911,7;911,7;910,9;465,6;22,4;17,3;22,4;20,8;17,6;17,2;81;73;73;12;4,7;1,6;
2019/11/22;1100 UTC;0;911,9;911,9;911,6;1579,5;24,5;17,3;24,5;22,4;17,6;16,8;73;64;64;16;6,1;2,9;
2019/11/22;1200 UTC;0;912;912,1;911,9;1945,9;25,4;17,2;25,9;24,4;17,7;16,9;65;59;60;18;6,1;3;
2019/11/22;1300 UTC;0;911,9;912;911,8;2414;26,7;16,5;27,2;25,4;17,5;16,1;61;52;54;7;8;3,9;
2019/11/22;1400 UTC;0;911,8;912;911,8;2798,4;28,7;16,6;28,7;26,5;17,3;15,9;55;48;48;3;9,8;4,3;
2019/11/22;1500 UTC;0;911,1;911,8;911,1;2833,9;29;15,8;30;28;16,9;15,4;49;43;45;345;8,5;4,1;
2019/11/22;1600 UTC;0;909,9;911,1;909,9;3437,7;30,6;15,5;30,8;28,2;16,9;15,4;48;40;40;10;9,3;3,7;
2019/11/22;1700 UTC;0;909,3;909,9;909,3;1933,5;28,4;15,8;31,5;27,9;17,4;14,2;51;36;46;342;12;4,2;
2019/11/22;1800 UTC;0;909,3;909,8;909,2;759,9;23;17,1;28,6;22,8;17,5;15,7;72;46;70;159;11,8;5,3;
2019/11/22;1900 UTC;1;909,6;910;908,9;464,9;20,9;16,6;24,1;20,9;18,1;16,2;76;65;76;235;9,2;3,2;
2019/11/22;2000 UTC;1;909,1;909,6;909;258,5;21,6;18,2;21,7;20,2;18,2;16,5;85;76;81;353;6,5;,4;
2019/11/22;2100 UTC;,8;910,2;910,3;909,1;95,6;20,9;18,4;21,9;20,9;18,7;17,5;86;77;86;55;3,7;1,7;
2019/11/22;2200 UTC;,8;910,6;910,6;910;7,4;19,7;17,5;21;19,7;18,4;17,1;87;81;87;26;4,9;2,1;
2019/11/22;2300 UTC;,4;911,1;911,1;910,6;;20;18;20;19,6;18;17,6;89;87;88;75;4,1;2,3;
2019/11/23;0000 UTC;,6;912,1;912,1;911,1;;20,1;18,2;20,3;19,9;18,2;17,9;89;87;88;57;4,1;2;
2019/11/23;0100 UTC;,2;912;912,3;912;;19,6;17,8;20,2;19,4;18,2;17,6;89;88;89;72;5,8;2,8;
2019/11/23;0200 UTC;0;911,5;912;911,5;;19,8;17,6;19,8;19,6;17,9;17,5;89;87;87;75;5,2;2,3;
2019/11/23;0300 UTC;0;911,3;911,5;911,3;;19,7;17,6;20,1;19,6;17,7;17,4;88;85;88;47;5,2;1,5;
2019/11/23;0400 UTC;0;910,7;911,3;910,7;;19,8;17,7;19,9;19,5;17,9;17,6;89;87;88;50;3,3;,2;
2019/11/23;0500 UTC;0;910,3;910,7;910,3;;19,8;17,9;19,8;19,6;18;17,8;90;88;88;38;2,7;1;
2019/11/23;0600 UTC;0;910,1;910,3;910,1;;19,6;17,7;19,8;19,5;17,8;17,5;89;88;89;51;2,7;,3;
2019/11/23;0700 UTC;0;909,9;910,2;909,9;;19,7;17,5;19,8;19,6;17,8;17,4;89;87;87;55;3,4;2;
2019/11/23;0800 UTC;0;910,2;910,2;909,9;;19,9;17,5;19,9;19,7;17,6;17,5;87;86;86;47;3,6;1,6;
2019/11/23;0900 UTC;0;910,5;910,5;910,2;28,2;20,3;17,5;20,3;19,9;17,5;17,4;86;84;84;51;4,3;2,2;
2019/11/23;1000 UTC;0;911,1;911,1;910,5;286,9;21,7;17,8;21,7;20,3;17,8;17,3;84;79;79;46;4,3;1,9;
2019/11/23;1100 UTC;0;911,7;911,7;911,1;1143,9;23,8;18,1;23,8;21,7;18,5;17,8;79;71;71;28;3,4;1,3;
2019/11/23;1200 UTC;0;912,3;912,3;911,7;1928;25,9;18,7;25,9;23,8;18,7;17,6;72;63;65;328;6,4;1,9;
2019/11/23;1300 UTC;0;912,2;912,4;912,2;2479,6;27,5;18,5;28;25,9;19,1;18,1;65;56;58;297;6,4;2,4;
2019/11/23;1400 UTC;1;912;912,2;911,8;1713,7;22,6;19,1;29;22,6;19,7;17,6;81;54;81;209;11;4,3;
2019/11/23;1500 UTC;,8;912,2;912,2;911,1;583,9;23,1;19,8;24,1;22,3;20,1;18,9;81;76;81;284;7,2;2,5;
2019/11/23;1600 UTC;3,8;911;912,2;910,8;436;21,6;18,8;23,1;20,4;19,6;18,2;90;82;84;46;8,7;1,7;
2019/11/23;1700 UTC;0;910,9;911,1;910,7;1291,3;21,6;18,1;24;21,6;19,9;18;85;75;81;321;8,9;3,7;
2019/11/23;1800 UTC;,6;908,8;910,9;908,8;302,1;21,2;19;21,6;20,6;19;17,6;88;80;87;42;8,9;1,4;
2019/11/23;1900 UTC;0;908,4;908,8;908,1;1071,2;23,9;19,7;23,9;21,2;19,9;18,6;87;77;77;7;4,6;1,9;
2019/11/23;2000 UTC;0;908;908,5;908;1090,6;24,7;19,2;25,5;23,9;19,8;18,1;77;65;72;41;5,1;1,6;
2019/11/23;2100 UTC;0;908,8;908,9;907,6;414,3;23,3;18,9;24,8;23,3;19,2;18,8;76;70;76;64;4,6;2,5;
2019/11/23;2200 UTC;0;909,4;909,4;908,7;18,5;22,8;18,6;23,3;22,4;18,9;18,4;78;76;77;43;4,9;2;
2019/11/23;2300 UTC;0;909,8;909,8;909,3;;22,5;18,5;23,2;22,2;18,6;18,4;80;75;78;55;5,8;2,4;
2019/11/24;0000 UTC;0;910,5;910,5;909,8;;22,5;18,7;22,7;22,4;18,7;18,5;79;77;79;47;5,9;2,8;
2019/11/24;0100 UTC;,2;911,4;911,4;910,4;;22,3;19,1;22,5;21,9;19,1;18,6;83;79;82;143;5,9;1,4;
2019/11/24;0200 UTC;14;911,4;912,6;911,3;;18;16,9;22,4;17,9;19,1;16,3;94;81;94;49;13;2,8;
2019/11/24;0300 UTC;1,2;912,9;912,9;911;;18,5;17,2;19,3;17,9;17,9;16,9;94;91;92;214;9,1;5,2;
2019/11/24;0400 UTC;20,4;911,3;913;911,3;;18,4;17,5;18,5;18,1;17,6;17;95;92;95;68;9,5;1,4;
2019/11/24;0500 UTC;3,4;911;911,5;911;;18,2;17,3;18,6;18,2;17,7;17,3;95;94;94;30;3,2;1,4;
2019/11/24;0600 UTC;4;910,2;911;910,2;;18,1;17,2;18,3;18,1;17,4;17,2;94;94;94;50;4,4;2,2;
2019/11/24;0700 UTC;,2;909,9;910,2;909,9;;18;17,1;18,2;18;17,3;17,1;94;94;94;40;4,4;1,9;
2019/11/24;0800 UTC;0;910,1;910,1;909,8;;18,2;17,2;18,2;18;17,2;17;94;94;94;40;4,3;1,1;
2019/11/24;0900 UTC;0;910,8;910,8;910,1;45,5;18,5;17,2;18,5;18,2;17,2;17,1;94;92;92;63;3,9;1,4;
2019/11/24;1000 UTC;0;911,6;911,6;910,8;292,5;19,3;17,6;19,3;18,5;17,6;17,2;92;89;89;47;4;1,8;
2019/11/24;1100 UTC;0;912,2;912,2;911,6;1155,1;21,8;18;22,1;19,3;18,6;17,6;89;79;79;42;4;1,3;
2019/11/24;1200 UTC;0;912,5;912,5;912,2;1345,6;22,9;18,1;23,1;21,7;19;17,5;79;74;74;299;3,3;1,4;
2019/11/24;1300 UTC;0;912,4;912,6;912,4;1596,1;23,4;18,1;24;22,8;19,2;17,6;75;70;72;213;4,2;2;
2019/11/24;1400 UTC;0;912,1;912,4;912,1;1723,9;23,6;18,4;24,2;23,2;19,4;17,9;75;71;73;229;5,3;2,2;
2019/11/24;1500 UTC;0;911,5;912,1;911,5;1451,4;24;18,8;24,5;22,9;19,4;18,4;77;71;73;251;4,3;1,3;
2019/11/24;1600 UTC;0;911;911,5;911;1792,2;24,4;19,4;25,1;23,8;20,1;18,7;76;70;74;242;5;2,2;
2019/11/24;1700 UTC;0;910,1;911;910,1;1899,7;25,7;19,5;26,1;24,1;20,5;18,5;76;66;69;231;5,6;2;
2019/11/24;1800 UTC;0;909,3;910,1;909,3;2626,7;25,4;19;26,3;24,6;20,3;18,4;73;65;67;232;5,2;2,5;
2019/11/24;1900 UTC;0;909,1;909,3;908,9;2182,9;26,4;18,9;26,8;24,7;19,7;18;70;62;64;233;6,3;2,7;
2019/11/24;2000 UTC;0;908,7;909,1;908,7;1548,7;27,4;19;27,4;25,8;19,2;18,2;65;60;60;267;5,7;1,5;
2019/11/24;2100 UTC;0;909,3;909,3;908,7;307,4;24,7;18,5;27,4;24,7;18,7;17,9;69;59;68;252;3,6;1,3;
2019/11/24;2200 UTC;0;909,6;909,6;909,2;13,5;23,7;18,7;24,8;23,6;18,9;18,6;75;68;74;165;3,2;,5;
2019/11/24;2300 UTC;0;910;910;909,6;;22,5;19;23,8;22,5;19;18,6;81;73;81;119;2;,1;
2019/11/25;0000 UTC;0;910,8;910,8;910;;22,2;19,2;22,6;22,1;19,2;18,9;83;80;83;202;1,7;,3;
2019/11/25;0100 UTC;0;911,3;911,3;910,8;;21,7;19,1;22,2;21,7;19,3;19;85;83;85;313;1,4;,1;
2019/11/25;0200 UTC;0;911,4;911,5;911,1;;21,4;19;21,8;21,2;19,2;18,9;87;85;86;51;2,7;,9;
2019/11/25;0300 UTC;0;910,8;911,5;910,8;;20,9;18,7;21,6;20,9;19;18,5;87;84;87;30;2,1;,5;
2019/11/25;0400 UTC;0;910,2;910,9;910,2;;21;18,4;21;20,6;18,8;18,4;88;85;85;81;2,1;1;
2019/11/25;0500 UTC;0;909,8;910,2;909,8;;21;18,5;21,1;20,9;18,5;18,4;86;85;86;33;2,6;,3;
2019/11/25;0600 UTC;0;909,8;909,9;909,7;;20,7;18,1;21;20,5;18,5;18,1;87;85;85;38;2;,6;
2019/11/25;0700 UTC;0;910;910;909,8;;20,9;18,1;20,9;20,7;18,1;18;85;84;84;16;3,4;1,1;
2019/11/25;0800 UTC;0;910,1;910,2;910;;20,6;18,1;20,9;20,6;18,2;18,1;86;84;86;32;3,2;,8;
2019/11/25;0900 UTC;0;910,6;910,6;910,1;39,6;20,4;18;20,7;20,2;18,2;17,9;87;86;86;52;4,2;1,3;
2019/11/25;1000 UTC;0;911,1;911,1;910,6;387,6;22;18,3;22;20,4;18,6;18;86;80;80;44;4,6;1,8;
2019/11/25;1100 UTC;0;911,9;911,9;911,1;992;22,9;18,2;23;22;18,5;17,9;80;75;75;21;6,9;2,4;
2019/11/25;1200 UTC;0;912;912,1;911,9;1666,4;24,9;18,4;25,4;22,9;18,8;17,8;75;65;67;48;6,4;2,3;
2019/11/25;1300 UTC;0;911,9;912,1;911,9;2964,2;27,2;18,3;27,2;24,9;19;17,8;67;58;58;13;6,4;2,6;
2019/11/25;1400 UTC;0;911,7;912;911,6;2485,1;27;16,7;28,1;26,4;18,9;16,2;60;50;53;17;5,9;1,9;
2019/11/25;1500 UTC;0;911,1;911,7;911,1;1142,9;27,6;16,9;27,9;26,8;17,8;16,3;56;50;52;297;4,7;2,1;
2019/11/25;1600 UTC;0;910,2;911,1;910,2;3101;29,5;17,8;30,4;27,6;18,8;15,9;54;44;49;289;6,2;2,9;
2019/11/25;1700 UTC;0;909,2;910,2;909,2;2548,5;29,5;16,8;30,3;28,7;18,2;15,5;50;44;46;252;5,9;1,7;
2019/11/25;1800 UTC;0;908,4;909,2;908,4;2697,5;29,4;17;31,1;29,4;18;15,9;49;42;47;242;6;1,9;
2019/11/25;1900 UTC;0;907,9;908,4;907,9;2252,4;29;17,4;30,9;28,8;17,7;16,5;50;44;50;268;5,9;1;
2019/11/25;2000 UTC;0;907,6;907,9;907,5;1499,4;28,8;17,5;30,2;28,7;19,1;17,2;56;48;51;150;5,1;1,2;
2019/11/25;2100 UTC;0;908;908;907,5;746;28;19,2;29,6;27,6;19,4;17;60;48;59;331;3,7;1,1;
2019/11/25;2200 UTC;0;908,7;908,7;908;41,9;26,7;18,7;28;26,6;19,4;18,6;62;58;62;120;2,9;1,5;
2019/11/25;2300 UTC;0;909,3;909,3;908,7;;24,4;19,1;26,7;24,2;19,7;18,7;74;62;73;79;2,8;,8;
2019/11/26;0000 UTC;0;910,1;910,1;909,3;;23,6;18,5;24,8;23,6;19,1;18,4;73;70;73;76;4,3;1,6;
2019/11/26;0100 UTC;0;910,5;910,5;910,1;;23,2;18,5;23,6;23,2;18,6;18,4;75;73;75;30;4,3;1;
2019/11/26;0200 UTC;0;910,6;910,7;910,5;;23;18,6;23,2;22,9;18,6;18,5;77;75;76;19;4,6;1,2;
2019/11/26;0300 UTC;0;910,7;910,8;910,6;;22,2;18,4;23;22,2;18,6;18,4;79;76;79;14;3,4;,9;
2019/11/26;0400 UTC;0;910,2;910,8;910,2;;22,1;18,1;22,6;22;18,5;18,1;80;77;78;33;3,5;1,2;
2019/11/26;0500 UTC;0;909,8;910,2;909,8;;22,1;18,1;22,2;21,8;18,5;18,1;81;78;78;53;7,1;1,2;
2019/11/26;0600 UTC;0;909,8;909,9;909,7;;21,9;18,1;22,2;21,9;18,1;18;79;78;79;24;7,6;2,8;
2019/11/26;0700 UTC;0;910;910;909,6;;21,3;17,8;21,9;21,3;18,1;17,8;80;79;80;33;7,6;2,6;
2019/11/26;0800 UTC;0;910,6;910,6;910;;21;17,4;21,3;21;17,8;17,4;81;80;80;20;7,1;2,3;
2019/11/26;0900 UTC;0;911,1;911,1;910,6;46,5;20,9;17,3;21;20,7;17,4;17,3;81;80;80;15;10,4;3,5;
2019/11/26;1000 UTC;0;911,4;911,6;911,1;400,4;22,1;17,7;22,1;20,9;17,7;17,3;80;76;76;40;8,7;3;
2019/11/26;1100 UTC;0;911,8;911,9;911,3;1627,6;23,6;17,8;23,7;22,1;18,1;17,5;76;70;70;27;10,5;5,1;
2019/11/26;1200 UTC;0;912,3;912,3;911,8;2297,4;24,1;17,7;24,3;23,3;18;17,3;70;67;68;34;12,3;4,6;
2019/11/26;1300 UTC;0;912,3;912,4;912,2;2996,2;25,6;18;25,7;24,1;18,3;17,4;68;62;63;36;11,1;4,1;
2019/11/26;1400 UTC;0;912,2;912,5;912,2;3647,4;26,9;18,3;27;25,5;18,6;17,7;63;59;59;34;10,7;4,4;
2019/11/26;1500 UTC;0;912;912,3;912;2632,2;27,4;18,1;27,5;26,2;18,7;17,7;61;57;57;20;11,2;4,8;
2019/11/26;1600 UTC;0;911,3;912,1;911,3;3375,2;28,5;18;28,5;26,9;19;17,3;59;53;53;13;9,5;4,3;
2019/11/26;1700 UTC;0;910,2;911,4;910,2;2763,5;29,4;17,2;29,7;28,2;18,4;17,2;54;48;48;20;9;3,4;
2019/11/26;1800 UTC;0;909;910,2;909;2692,5;29,8;16,6;30,5;28,7;18;16,6;50;45;45;354;7,7;3,8;
2019/11/26;1900 UTC;0;908,5;909;908,4;1982,5;29,5;16,9;30,6;29,1;17,7;16,3;48;44;47;19;7,4;2,7;
2019/11/26;2000 UTC;0;908,1;908,5;908,1;999,8;29,1;17;29,8;28,9;17,3;16,4;49;45;48;12;7;3,3;
2019/11/26;2100 UTC;0;908,4;908,4;908;535,9;28;17,2;29,3;28;17,4;16,6;52;47;52;16;6,1;2,9;
2019/11/26;2200 UTC;0;909;909;908,4;25,9;26,1;18;28;26,1;18;17,3;61;52;61;7;5,9;1,6;
2019/11/26;2300 UTC;0;910;910;909;;24,3;18;26,1;24,3;18,1;17,8;68;61;68;93;3,4;1,1;
2019/11/27;0000 UTC;0;910,9;910,9;910;;23,6;18,1;24,6;23,5;18,2;17,9;71;67;71;60;3,3;1,1;
2019/11/27;0100 UTC;0;911,3;911,3;910,9;;23,2;18,1;23,7;23,2;18,3;18;73;71;73;342;2,7;,8;
2019/11/27;0200 UTC;0;911,2;911,5;911,2;;23;18,1;23,3;23;18,1;18;74;73;74;38;4,3;1,3;
2019/11/27;0300 UTC;0;911,1;911,4;911,1;;22,6;17,9;23,2;22,3;18,1;17,8;76;73;75;336;4,3;,9;
2019/11/27;0400 UTC;0;910,2;911,2;910,2;;23,2;17,3;23,2;22,3;17,9;17,3;75;69;69;6;6,5;3,9;
2019/11/27;0500 UTC;0;909,6;910,2;909,6;;22,7;17,1;23,4;22,7;17,3;17;71;68;70;1;7,9;2,7;
2019/11/27;0600 UTC;0;909,5;909,7;909,5;;22,5;17;22,7;21,9;17,2;17;74;71;71;19;7,5;3,7;
2019/11/27;0700 UTC;0;909,5;909,5;909,3;;21,9;16,9;22,7;21,9;17;16,9;73;70;73;22;8,7;3,7;
2019/11/27;0800 UTC;0;909,2;909,5;909,2;;21,4;16,6;21,9;21,4;16,9;16,6;74;73;74;18;9,5;4,2;
2019/11/27;0900 UTC;0;910,1;910,1;909,2;50,7;21,3;16,8;21,5;21,2;16,8;16,6;76;74;75;18;10,5;4,6;
2019/11/27;1000 UTC;0;910,9;910,9;910,1;422,7;22,4;17,2;22,4;21,3;17,2;16,7;76;72;72;27;10,4;3,7;
2019/11/27;1100 UTC;0;911,3;911,4;910,9;1537,8;24,1;16,5;24,1;22,4;17,4;16,1;72;62;63;15;12,2;6,2;
2019/11/27;1200 UTC;0;911,6;911,7;911,2;2376,7;25,2;16,6;25,5;24;17;16,2;63;59;59;8;12,6;5,5;
2019/11/27;1300 UTC;0;911,8;911,8;911,6;2619;26,7;17,3;26,7;25,1;17,6;16,6;60;56;57;12;11,8;5,2;
2019/11/27;1400 UTC;0;911,9;912;911,8;2462,7;27,7;16,9;28;26,4;17,5;16,4;57;52;52;351;11,1;4,7;
2019/11/27;1500 UTC;0;911,3;911,9;911,3;2859,6;29,2;17,4;29,3;27,3;17,9;16,7;54;48;49;338;11;5,4;
2019/11/27;1600 UTC;0;910,3;911,3;910,3;3374,9;28,7;16,5;30,1;28,5;17,4;15,9;50;45;48;354;11;5,4;
2019/11/27;1700 UTC;0;909,3;910,3;909,3;2691,7;29,5;16,4;30,4;28,3;16,9;15,6;48;43;45;10;10,1;4,7;
2019/11/27;1800 UTC;0;908,5;909,4;908,5;2702,9;30,6;16,3;30,7;28,7;17;15,4;47;41;42;357;9,6;4,3;
2019/11/27;1900 UTC;0;908;908,5;908;2015,5;29,4;16;31,1;29,4;16,8;15,6;45;41;44;9;9,1;3,7;
2019/11/27;2000 UTC;0;908,5;908,5;907,9;781,1;29;16,6;30;28,8;16,8;15,6;48;43;47;339;7,6;3,2;
2019/11/27;2100 UTC;0;908,8;908,8;908,4;233,4;27,5;17,3;29;27,4;17,3;16,6;54;47;54;2;6,3;2,9;
2019/11/27;2200 UTC;0;909,5;909,5;908,8;9,2;24,4;18,6;27,5;24,4;19;17,3;72;54;70;351;8;1,8;
2019/11/27;2300 UTC;0;910;910;909,5;;24,1;18,6;24,6;24,1;18,7;18,4;71;68;71;19;5,3;1,5;
2019/11/28;0000 UTC;0;910,6;910,6;910;;24,8;18,5;25;24,1;18,8;18,3;72;67;68;326;5;2,1;
2019/11/28;0100 UTC;0;911,1;911,3;910,6;;22,7;18,9;24,9;22,7;19,3;18,5;79;68;79;58;6,4;1,7;
2019/11/28;0200 UTC;6,4;911,2;911,4;911,1;;21,6;19,8;22,8;21,1;20;18,4;90;79;90;15;3,9;,5;
2019/11/28;0300 UTC;1,2;911;911,2;911;;21,5;20;21,9;21,3;20,4;19,6;92;89;92;31;2;,7;
2019/11/28;0400 UTC;0;910,4;911;910,4;;21,9;20,4;22;21,4;20,5;19,9;92;91;91;228;2,4;,5;
2019/11/28;0500 UTC;13,6;909,9;910,4;909,9;;20,6;19,7;21,9;20,6;20,5;19,6;94;91;94;224;7,2;3,9;
2019/11/28;0600 UTC;1,2;909,3;909,9;909,3;0;20,4;19,5;20,6;20,4;19,7;19,5;94;94;94;185;7,5;2;
2019/11/28;0700 UTC;0;908,6;909,4;908,6;;20,2;19,3;20,5;20,2;19,6;19,3;94;94;94;76;3,7;1,9;
2019/11/28;0800 UTC;0;908,4;908,6;908,3;;20,6;19,4;20,6;20,2;19,5;19,2;94;93;93;29;4,1;1,9;
2019/11/28;0900 UTC;,2;909,2;909,3;908,4;29,7;20,8;19,4;20,8;20,6;19,4;19,3;93;92;92;36;4,2;1,3;
2019/11/28;1000 UTC;0;910;910;909,2;532,7;22,1;19,8;22,1;20,8;19,8;19,3;92;86;87;33;3,6;1,5;
2019/11/28;1100 UTC;0;910,2;910,2;910;1209,1;23,6;20,2;23,6;22,1;20,3;19,4;87;80;81;9;5;2,8;
2019/11/28;1200 UTC;0;910,6;910,6;910,2;1116,6;24;19,6;24,3;23,5;20,6;19,6;82;77;77;6;5,2;2,8;
2019/11/28;1300 UTC;0;910,5;910,6;910,5;1324,3;25,5;19,7;25,6;24;20,1;19,3;77;69;70;353;6,5;3,2;
2019/11/28;1400 UTC;0;910,4;910,6;910,4;1481,5;25,9;19,4;26,6;25,2;20;19,1;71;65;67;352;6;2,8;
2019/11/28;1500 UTC;0;910;910,5;909,9;578,2;23,9;20,5;26,2;23,9;20,7;19;81;65;81;211;5,2;2,5;
2019/11/28;1600 UTC;3,4;909,7;910;909,6;683,3;22,4;20,9;24,4;22,2;21,6;20,4;92;81;92;286;5,3;,6;
2019/11/28;1700 UTC;0;908,7;909,7;908,7;927,9;23,8;20,5;24;22,3;21,7;20,4;92;81;82;212;2;1;
2019/11/28;1800 UTC;,6;908;908,8;908;516,8;23,9;21,1;23,9;22;21,1;20;90;81;85;236;6,5;,1;
2019/11/28;1900 UTC;0;907,9;908;907,6;2490,4;26,2;19,2;26,8;23,9;20,8;19,1;85;65;65;265;3,4;1;
2019/11/28;2000 UTC;0;908,1;908,3;907,9;490,8;25,3;20,3;26,8;25;20,3;19;74;64;74;149;2,7;1,1;
2019/11/28;2100 UTC;0;908,3;908,3;908;322,4;24,7;20,5;25,6;24,7;20,5;20;77;72;77;80;2;1;
2019/11/28;2200 UTC;0;908,4;908,6;908,3;12,1;23,3;20,2;24,8;23,3;20,7;20,2;83;77;83;33;5,4;2;
2019/11/28;2300 UTC;7,4;910,2;910,2;908,3;;20,7;19,3;23,3;20,7;20,1;18,9;92;82;92;180;6,4;2,1;
2019/11/29;0000 UTC;33,4;910,8;910,8;910,1;,3;20,5;19,6;20,7;20,4;19,7;19,3;95;92;95;92;6;2;
2019/11/29;0100 UTC;4,6;911,2;911,2;910,8;;19,9;19,1;20,6;19,9;19,7;19,1;95;95;95;45;5,2;1,9;
2019/11/29;0200 UTC;1,6;911,4;911,5;911,2;;20;19,2;20,2;19,9;19,3;19;95;95;95;1;4,2;1,1;
2019/11/29;0300 UTC;,8;910,9;911,4;910,9;;19,9;19;20,2;19,9;19,3;19;95;95;95;49;2,6;,5;
2019/11/29;0400 UTC;0;909,9;910,9;909,9;0;19,9;19;20,1;19,9;19,2;19;95;95;95;60;2,9;1,7;
2019/11/29;0500 UTC;,4;909,4;909,9;909,4;;19,9;19;20;19,9;19;19;95;94;94;74;3,8;1,8;
2019/11/29;0600 UTC;0;909;909,4;909;;20,1;19,1;20,1;19,8;19,1;18,9;94;94;94;91;3,1;1,7;
2019/11/29;0700 UTC;0;908,8;909,1;908,8;;19,9;18,9;20,1;19,8;19,1;18,8;94;94;94;153;2,7;,5;
2019/11/29;0800 UTC;0;909,1;909,1;908,8;;19,8;18,8;20,1;19,7;19,1;18,7;94;94;94;81;2,6;1,3;
2019/11/29;0900 UTC;,2;909,6;909,6;909,1;27;19,9;18,9;20;19,8;18,9;18,7;94;94;94;34;2,6;,8;
2019/11/29;1000 UTC;0;910,5;910,6;909,6;233,9;20,7;19,5;20,7;19,9;19,6;18,8;94;93;93;20;1,7;,3;
2019/11/29;1100 UTC;0;911,1;911,1;910,5;744,4;22,3;20,3;22,3;20,7;20,3;19,6;93;88;88;13;2,6;1,2;
2019/11/29;1200 UTC;0;911,2;911,3;911,1;1240,9;23,9;20;23,9;22,4;20,4;19,3;88;78;79;32;4,7;2,1;
2019/11/29;1300 UTC;0;911,1;911,3;911,1;1774,7;25;19,4;25;23,8;19,7;18,8;79;71;71;25;4,5;1,8;
2019/11/29;1400 UTC;0;910,9;911,1;910,9;2658,6;25,8;18,3;27;24,8;20,3;18,3;72;62;63;15;4,3;1,8;
2019/11/29;1500 UTC;,4;910,2;910,9;910,2;1083,7;25;20,9;25,9;24,1;20,9;18,2;79;63;78;70;4,9;,6;
2019/11/29;1600 UTC;0;909,6;910,2;909,6;1158,3;25,5;19,1;26,3;25;21,2;18,8;78;66;68;1;4,3;1,6;
2019/11/29;1700 UTC;0;909,1;909,6;909,1;363,5;23,9;20;25,5;23,5;20,2;19,1;81;68;79;264;4,5;,5;
2019/11/29;1800 UTC;,4;908,9;909,2;908,6;329,9;22,8;20,6;23,9;22,4;20,7;19,7;87;79;87;278;2,6;,7;
2019/11/29;1900 UTC;,4;908,4;909;908,3;292,8;22,6;20,1;23;22,6;21;20,1;89;86;86;20;2,6;1;
2019/11/29;2000 UTC;,6;908,8;908,8;908,4;130,4;22,3;20,4;22,7;22,3;20,5;20,1;89;86;89;20;1,8;,7;
2019/11/29;2100 UTC;,2;909;909;908,8;55,6;21,7;19,9;22,3;21,7;20,5;19,9;90;88;90;69;2;1,2;
2019/11/29;2200 UTC;,2;909,2;909,2;909;4,8;21,5;19,7;21,7;21,4;19,9;19,7;90;89;89;87;2,5;1,1;
2019/11/29;2300 UTC;0;909,8;909,8;909,2;;21,3;19,9;21,9;21,3;20,1;19,6;92;89;92;89;3,6;,5;
2019/11/30;0000 UTC;0;910,3;910,3;909,8;;21,1;19,9;21,4;21,1;20;19,8;93;92;93;46;1,6;,2;
2019/11/30;0100 UTC;0;910,9;910,9;910,3;;21,4;19,9;21,4;21,1;20;19,8;93;91;91;63;2,6;,9;
2019/11/30;0200 UTC;0;910,7;910,9;910,6;;21,3;19,5;21,5;21,2;19,9;19,5;91;90;90;73;3,2;1,1;
2019/11/30;0300 UTC;0;910,4;910,7;910,3;;20,7;18,7;21,3;20,7;19,5;18,7;90;88;89;67;3,8;,9;
2019/11/30;0400 UTC;0;910,4;910,5;910,3;;20,5;18,7;20,7;20,4;18,7;18,6;89;89;89;57;3,2;1,3;
2019/11/30;0500 UTC;0;909,7;910,4;909,7;;20,6;18,7;20,7;20,4;18,9;18,7;90;88;88;37;4,5;1,9;
2019/11/30;0600 UTC;0;909,6;909,7;909,5;;20,9;18,6;21;20,4;18,8;18,6;89;86;86;37;4,3;1,7;
2019/11/30;0700 UTC;0;909,8;909,8;909,4;;21;18,9;21,1;20,7;19;18,6;88;86;88;43;5,2;1,8;
2019/11/30;0800 UTC;0;910;910;909,8;;20,9;19;21,1;20,9;19,1;18,9;89;88;89;12;5,4;1,6;
2019/11/30;0900 UTC;0;910,6;910,6;910;30,6;20,8;19;20,9;20,7;19;19;90;89;89;20;4,1;1,8;
2019/11/30;1000 UTC;0;911,6;911,6;910,7;214,9;21,3;19,4;21,3;20,8;19,4;19;90;89;89;34;3,9;1,6;
2019/11/30;1100 UTC;0;912,2;912,2;911,6;647,7;22,4;19,7;22,7;21,3;20,2;19,4;89;84;85;25;3,6;1,5;
2019/11/30;1200 UTC;0;912,4;912,4;912,1;1048,2;23,9;19,9;24,1;22,4;20,5;19,5;85;77;79;322;4,7;2;
2019/11/30;1300 UTC;0;912,2;912,5;912,2;1406,5;24,8;19,9;24,9;23,8;20,2;19,7;79;74;74;315;5,6;2,4;
2019/11/30;1400 UTC;0;911,5;912,1;911,5;1749,8;25,8;19;26,4;24,8;20,4;19;75;66;66;256;4,8;1,5;
2019/11/30;1500 UTC;3,4;910,9;911,5;910,9;1322,4;25,7;21,2;26;22,8;22,1;19,2;87;66;77;258;4,1;1,8;
2019/11/30;1600 UTC;,8;910,9;911,3;910,8;449,4;21;18,9;25,7;20,7;21,4;18,4;90;74;88;341;12,3;1,6;
2019/11/30;1700 UTC;0;909,6;910,9;909,6;191,5;21,1;19,3;21,2;20,9;19,3;18,7;89;87;89;31;4;1;
2019/11/30;1800 UTC;,4;909,3;909,7;909,2;376,7;21,9;19,7;21,9;21;19,7;19;90;84;87;59;3,4;1,6;
2019/11/30;1900 UTC;0;909;909,3;908,9;711,5;22,8;19,5;23,1;21,9;20;19,3;87;80;82;331;5,9;2,6;
2019/11/30;2000 UTC;0;909,5;909,5;908,7;459,8;22;18,9;22,8;22;19,6;18,9;84;81;83;360;5,9;2,4;
2019/11/30;2100 UTC;0;910;910;909,4;152,3;21,5;18,9;22;21,5;19,1;18,9;86;83;85;36;4,9;1,6;
2019/11/30;2200 UTC;0;910,5;910,5;909,9;8,5;21,4;19,1;21,6;21,4;19,1;18,9;86;85;86;18;3,5;1,1;
2019/11/30;2300 UTC;0;910,7;910,7;910,5;;20,8;19,1;21,4;20,8;19,2;18,9;90;86;90;40;2,8;1,1;
2019/12/01;0000 UTC;,2;911,2;911,2;910,7;;20,7;19,3;20,8;20,7;19,3;19;91;90;91;44;2,6;,6;
2019/12/01;0100 UTC;0;911,5;911,5;911,2;;20,5;19,1;20,8;20,5;19,4;19,1;92;91;92;25;5;2,5;
2019/12/01;0200 UTC;0;911,6;911,8;911,5;;20,3;18,8;20,6;20,3;19,1;18,8;92;91;91;46;5;2,1;
2019/12/01;0300 UTC;0;911,3;911,6;911,3;;20,3;18,9;20,3;20,1;18,9;18,7;92;91;92;43;4,3;1,4;
2019/12/01;0400 UTC;0;911;911,3;911;;20,5;18,6;20,6;20,3;19;18,6;92;89;89;42;3,8;1,3;
2019/12/01;0500 UTC;0;910,9;911;910,8;;20,5;18,6;20,8;20,5;18,8;18,5;89;88;89;42;2,9;1,3;
2019/12/01;0600 UTC;0;910,8;911;910,7;;20,8;19;20,8;20,3;19;18,6;90;89;90;4;3,5;1,4;
2019/12/01;0700 UTC;0;910,7;910,8;910,7;;20,9;18,8;21,2;20,8;19,1;18,7;90;87;88;331;3,7;,4;
2019/12/01;0800 UTC;0;910,9;910,9;910,6;;20,5;18,5;21;20,5;18,8;18,5;89;87;89;6;3;1,5;
2019/12/01;0900 UTC;,2;911,6;911,7;910,9;56,2;20,5;18,3;20,5;20,2;18,5;18,3;90;87;87;351;3;1,1;
2019/12/01;1000 UTC;0;912,2;912,2;911,6;392,8;21,4;18,4;21,4;20,5;18,8;18,3;88;83;83;41;3;,6;
2019/12/01;1100 UTC;0;912,7;912,7;912,2;735,4;22,3;18,2;22,4;21,4;18,7;18,1;83;77;78;340;3,4;1,8;
2019/12/01;1200 UTC;0;913,1;913,1;912,7;886,1;23;18,8;23,1;22,3;18,9;18,1;79;76;77;7;3,7;1,3;
2019/12/01;1300 UTC;,6;913,3;913,5;913,1;1268,9;23,9;18,5;24,2;22,3;20,2;18,2;82;72;72;246;2,9;,5;
2019/12/01;1400 UTC;0;912,9;913,3;912,9;3094,5;25,5;19,2;25,9;23,6;21;18,3;76;66;68;296;4,6;2,1;
2019/12/01;1500 UTC;0;912,5;913;912,5;2725,8;26,8;18,6;27,7;25,2;20,3;18,6;71;60;61;241;6,1;2,5;
2019/12/01;1600 UTC;0;911,9;912,5;911,9;1545,8;26,1;19,7;27,5;25,3;20,2;18,6;70;61;68;252;6,2;1,8;
2019/12/01;1700 UTC;0;911,3;911,9;911,3;1792;26,6;19,3;27;26;19,8;18,1;67;60;64;295;5,7;1,8;
2019/12/01;1800 UTC;,2;909,9;911,3;909,9;2574,3;27,3;19,5;28,3;26,3;20,6;19,1;66;59;63;322;5,7;2,5;
2019/12/01;1900 UTC;0;908,9;909,9;908,9;1341,8;26,9;18,5;28,7;26,7;20,1;18,5;64;57;60;306;6,5;2,7;
2019/12/01;2000 UTC;0;909,6;909,6;908,9;533,7;25,7;20;27,1;25,7;20;18,5;70;60;70;247;5,4;1,5;
2019/12/01;2100 UTC;0;909;909,6;908,7;142,7;24,9;20,5;25,7;24,9;20,5;19,9;76;71;76;134;3;,2;
2019/12/01;2200 UTC;0;910,5;910,6;909;5,1;22,6;20,7;25;22,1;20,7;19,6;90;76;89;278;7;1,4;
2019/12/01;2300 UTC;0;911,6;911,6;910,4;;21,4;19;22,7;21,4;20,8;19;89;86;86;315;7,1;2,4;
2019/12/02;0000 UTC;31,6;912,3;912,4;911,6;;20,5;19,5;21,4;20,5;19,8;19;94;86;94;276;8,6;2;
2019/12/02;0100 UTC;7,2;911,8;912,5;911,8;;20,7;19,8;20,7;20,4;19,8;19,5;95;94;95;119;4,7;1,8;
2019/12/02;0200 UTC;,8;911,4;911,8;910,9;;20,9;20;21,5;20,7;20,4;19,7;95;94;94;229;5,4;1,2;
2019/12/02;0300 UTC;0;911,1;911,5;911,1;;20,6;19,6;21;20,6;20;19,6;94;94;94;347;2,9;1;
2019/12/02;0400 UTC;0;910,4;911,1;910,4;;20,5;19,6;20,7;20,5;19,7;19,5;94;94;94;64;1,8;,5;
2019/12/02;0500 UTC;0;909,9;910,4;909,9;;20,1;19,1;20,6;20;19,6;19;94;94;94;22;1,4;0;
2019/12/02;0600 UTC;0;910,2;910,2;909,8;;20,1;19,2;20,2;20;19,2;19;94;94;94;82;3,2;1,8;
2019/12/02;0700 UTC;0;910,5;910,5;910,2;;19,8;18,9;20,2;19,8;19,2;18,9;94;94;94;45;3,1;,9;
2019/12/02;0800 UTC;0;910,7;910,8;910,5;;20;19,1;20,1;19,8;19,2;18,8;94;94;94;42;2,8;1,1;
2019/12/02;0900 UTC;0;911,2;911,2;910,7;17,1;20,3;19,4;20,3;20;19,4;19,1;94;94;94;49;2,8;1,1;
2019/12/02;1000 UTC;0;911,3;911,4;911,1;171,5;21,2;20;21,2;20,3;20,1;19,4;94;93;93;75;2,3;0;
2019/12/02;1100 UTC;0;911,3;911,5;911,3;1253,3;23,4;19,9;23,4;21,2;20,7;19,9;93;81;81;73;2,1;,4;
2019/12/02;1200 UTC;0;911,5;911,5;911,3;1743,6;23,6;20,1;25,5;23;21,2;19,3;82;73;81;213;4,5;2,3;
2019/12/02;1300 UTC;0;911,2;911,5;911,2;1923,2;25,3;20,3;25,3;23,3;20,7;19,2;83;71;74;182;4,5;2,1;
2019/12/02;1400 UTC;0;911;911,3;911;2453,1;26,3;19;27,1;24,8;21;18,8;74;64;64;217;4,5;1,2;
2019/12/02;1500 UTC;0;910,5;911;910,5;3908;28,5;20;29,2;26,3;21,2;18,6;66;56;60;235;4,5;1,7;
2019/12/02;1600 UTC;0;910;910,5;909,9;4086,9;29,7;19,7;30,2;27,9;20,9;18,2;63;51;55;255;5,2;1,6;
2019/12/02;1700 UTC;0;908,8;910;908,8;3392;29,5;18,2;30,1;28,7;20,5;18,2;58;50;51;210;6,7;3,4;
2019/12/02;1800 UTC;0;908,2;908,8;908,2;3031,5;29,9;18,8;30,7;29;19,8;17,3;55;47;52;222;7,8;5,1;
2019/12/02;1900 UTC;0;908,1;908,2;908;1417,5;28,6;20,5;30,2;27;20,6;18,4;65;51;62;194;9,1;3,2;
2019/12/02;2000 UTC;0;908,3;908,4;908;1632;25,5;18,1;29,1;25,5;20,3;17,6;64;56;64;26;6,7;2;
2019/12/02;2100 UTC;0;909,2;909,3;908,2;171,2;22,9;18,6;25,5;22,9;19;18;77;64;77;18;5,5;2,2;
2019/12/02;2200 UTC;0;909,2;909,2;909;21,4;22,6;19;23,3;22,4;19,1;18,2;81;74;81;38;5,1;1,5;
2019/12/02;2300 UTC;0;910;910;909,2;;22,3;18,9;22,8;22,3;19,1;18,7;81;78;81;21;3,9;1,2;
2019/12/03;0000 UTC;0;909,9;910;909,8;;22,1;19,1;22,3;21,9;19,2;18,9;84;81;84;55;4;,9;
2019/12/03;0100 UTC;0;910,7;910,7;909,8;;22;19;22,2;21,9;19,3;18,8;85;82;83;30;1,8;,6;
2019/12/03;0200 UTC;0;910,5;910,7;910,4;;21,9;18,7;22;21,8;19,2;18,6;85;82;82;120;2,4;,4;
2019/12/03;0300 UTC;0;910,1;910,5;910;;21,5;18,9;22,5;21,5;19,1;18,3;85;77;85;74;2,2;,1;
2019/12/03;0400 UTC;0;909,3;910,1;909,3;;21,5;18,8;21,7;21,2;19;18,8;86;85;85;334;1,4;,3;
2019/12/03;0500 UTC;0;908,4;909,3;908,4;;21,1;18,8;21,4;21;18,8;18,5;87;84;87;150;2,8;,5;
2019/12/03;0600 UTC;0;908,2;908,4;908,2;;20,4;18,4;21,1;20,4;18,8;18,4;88;86;88;37;3,7;,6;
2019/12/03;0700 UTC;0;908,5;908,5;908,1;;20;18,3;20,5;20;18,5;18,2;90;88;90;49;2;,8;
2019/12/03;0800 UTC;0;908,6;908,6;908,2;;19,8;18,1;20,3;19,8;18,5;18;90;89;90;141;2,8;,2;
2019/12/03;0900 UTC;0;909,2;909,2;908,5;46,6;20,1;18,3;20,4;19,7;18,5;17,8;90;88;90;45;2,8;,3;
2019/12/03;1000 UTC;0;910,2;910,2;909,2;356,8;21,7;19,2;21,7;20,1;19,2;18,3;90;85;86;16;2,4;,7;
2019/12/03;1100 UTC;0;910,5;910,5;910,1;1403,2;23,6;19,6;24,1;21,7;20,2;18,9;86;76;78;51;4,9;1,3;
2019/12/03;1200 UTC;0;911,2;911,2;910,5;934,5;23,5;19;23,8;23,2;19,7;18,9;79;76;76;32;5,9;2,2;
2019/12/03;1300 UTC;0;911,4;911,4;911,2;1461,4;24,4;19;24,5;23,3;19,4;18,8;77;71;72;30;6;2,6;
2019/12/03;1400 UTC;0;911,1;911,4;911,1;2793,5;26,5;19,5;26,8;24,4;19,9;18,8;72;64;66;359;6;2,2;
2019/12/03;1500 UTC;0;910,1;911,1;910,1;2707,6;27,1;19,4;28,1;26,5;19,8;18,5;66;58;63;27;4,6;1,1;
2019/12/03;1600 UTC;0;909,3;910;909,3;915;26,2;19,5;27,2;26,1;19,9;18,5;67;60;66;225;4,3;2,2;
2019/12/03;1700 UTC;0;908,4;909,3;908,4;1603;27;19,4;27,5;26,2;20,8;19,2;69;63;63;225;4;1,9;
2019/12/03;1800 UTC;0;907,7;908,4;907,7;1291,8;27,5;20;27,5;26,4;20,3;19,2;66;62;64;208;3,8;1,8;
2019/12/03;1900 UTC;0;907,7;907,7;907,4;2183,2;28,8;18,6;29,5;27;20,6;18,6;65;54;54;265;3,9;1,5;
2019/12/03;2000 UTC;0;908,5;908,6;907,6;939,4;22,8;19,3;29,3;22,3;19,5;17,4;82;51;81;140;11,5;3,8;
2019/12/03;2100 UTC;0;908,9;909,1;908,4;187,6;22,9;17,8;23,8;22,8;19,2;17,4;81;71;73;101;7,9;1,2;
2019/12/03;2200 UTC;0;909,2;909,2;908,7;10,4;22,4;18,2;22,9;22,3;18,2;17,6;77;72;77;73;3;,1;
2019/12/03;2300 UTC;0;910,3;910,3;909,2;;22,2;18,8;22,4;22,1;19;18,2;82;77;81;18;3,3;1,8;
2019/12/04;0000 UTC;0;910,8;910,9;910,3;;21,7;18,9;22,2;21,5;18,9;18,2;84;81;84;44;4;1,2;
2019/12/04;0100 UTC;0;911,5;911,5;910,7;;21,6;18,7;22;21,6;19;18,6;85;82;84;160;3,5;,8;
2019/12/04;0200 UTC;0;911,4;911,6;911,4;;21,1;19;21,9;21,1;19;18,6;88;82;88;51;2,3;,9;
2019/12/04;0300 UTC;0;911,1;911,4;911,1;;21;18,7;21,5;21;19,1;18,7;88;85;87;51;2,4;1;
2019/12/04;0400 UTC;0;910,7;911,1;910,7;;21,3;18,7;21,3;20,8;18,8;18,7;88;85;85;74;2,8;1,6;
2019/12/04;0500 UTC;0;909,8;910,7;909,8;;21,1;18,6;21,4;21,1;18,7;18,6;85;84;85;70;3,5;1,6;
2019/12/04;0600 UTC;0;910,1;910,2;909,8;;21,3;18,6;21,4;21,1;18,6;18,5;86;84;85;91;3,7;,7;
2019/12/04;0700 UTC;0;909,9;910,2;909,8;;20,9;18,5;21,3;20,8;18,6;18,5;87;85;86;24;4,3;1,7;
2019/12/04;0800 UTC;0;910;910,1;909,8;;20,6;18,5;20,9;20,6;18,5;18,5;88;86;88;19;3,6;2;
2019/12/04;0900 UTC;0;910,7;910,7;910;31,5;21,1;18,6;21,1;20,5;18,8;18,5;89;86;86;39;3,8;1,5;
2019/12/04;1000 UTC;0;911,6;911,6;910,7;301,4;22,1;18,8;22,1;21,1;18,9;18,6;86;82;82;38;4,1;1,6;
2019/12/04;1100 UTC;0;912;912,1;911,6;679;22,7;18,7;22,7;22,1;19;18,4;82;77;78;35;5,1;1,8;
2019/12/04;1200 UTC;0;912,2;912,3;912;1464,9;24,2;18,6;24,6;22,7;19,2;18,5;78;70;71;13;6,6;2,9;
2019/12/04;1300 UTC;0;912,2;912,4;912,2;2436;25,4;18,9;25,9;23,9;19,6;18,4;72;66;67;6;6,8;2,7;
2019/12/04;1400 UTC;0;911,7;912,2;911,7;3145,6;27,8;19,1;28;25,4;19,4;18,3;68;58;59;359;6,9;3,4;
2019/12/04;1500 UTC;0;911,5;911,8;911,4;1995,2;25,1;19,1;28,9;25,1;19,4;17,2;70;53;70;239;6,6;3,6;
2019/12/04;1600 UTC;0;910,7;911,5;910,7;839,1;23,8;20,3;25,1;23;20,4;19;82;70;81;239;7,7;2,2;
2019/12/04;1700 UTC;0;910,2;910,8;910,2;1103,1;24,4;19,5;24,4;23,1;20,7;19,5;82;74;74;196;4,8;1,6;
2019/12/04;1800 UTC;0;909,1;910,2;909,1;2059,2;27;18,3;27,1;24,3;19,8;18,1;75;59;59;181;3,5;1,2;
2019/12/04;1900 UTC;0;908,3;909,1;908,3;1909,5;26,6;18,6;27,7;26,3;20;18;65;58;62;161;5;1,7;
2019/12/04;2000 UTC;0;908,4;908,5;908,3;778,1;26,1;19,9;26,7;26,1;19,9;18,1;69;60;69;123;4,2;2,2;
2019/12/04;2100 UTC;0;909,2;909,2;908,4;482,9;25,7;19,5;26,1;25,4;20,1;19,2;71;68;69;98;5,2;1;
2019/12/04;2200 UTC;0;910,1;910,1;909,1;85,7;24,2;19,2;25,7;24,2;19,5;19,1;74;68;74;21;4,5;2,3;
2019/12/04;2300 UTC;0;911;911;910,1;;23,1;18,9;24,2;23,1;19,3;18,8;77;74;77;37;5,7;1,4;
2019/12/05;0000 UTC;0;911,5;911,5;911;;22,1;19;23,1;22,1;19,2;18,8;83;77;83;7;5,9;3;
2019/12/05;0100 UTC;0;911,5;911,6;911,4;;21,6;18,8;22,1;21,6;19,3;18,8;87;83;84;30;6,1;2,5;
2019/12/05;0200 UTC;0;911,4;911,6;911,3;;21,8;18,7;21,8;21,5;18,8;18,6;84;83;83;25;6,1;2,6;
2019/12/05;0300 UTC;0;910,8;911,4;910,8;;21,3;18,6;21,9;21,3;18,8;18,6;86;82;85;23;5,4;1,8;
2019/12/05;0400 UTC;0;910,6;910,8;910,6;;21,5;18,7;21,5;21,1;18,7;18,6;86;84;84;40;4,5;1,6;
2019/12/05;0500 UTC;0;910,3;910,6;910,2;;21,5;18,9;21,6;21,5;18,9;18,7;85;84;85;31;5,6;2,1;
2019/12/05;0600 UTC;0;910,1;910,4;910,1;;21,3;19;21,5;21,3;19,1;18,9;87;85;87;18;6;2,2;
2019/12/05;0700 UTC;0;909,9;910,1;909,9;;21,1;18,9;21,3;21,1;19,1;18,9;87;87;87;20;4,4;1,2;
2019/12/05;0800 UTC;0;909,9;910,1;909,9;;21;18,8;21,3;21;19;18,8;88;86;87;15;4,2;2,1;
2019/12/05;0900 UTC;0;910,4;910,6;909,9;45,6;21;18,6;21,1;21;18,8;18,6;88;86;86;20;4,8;2,7;
2019/12/05;1000 UTC;0;911,1;911,1;910,4;264,6;21,7;19;21,7;20,9;19,1;18,6;87;85;85;17;5;2,9;
2019/12/05;1100 UTC;0;911,6;911,6;911,1;522,3;22,6;19,4;22,7;21,7;19,5;19;85;82;82;10;5,4;2,7;
2019/12/05;1200 UTC;0;911,9;911,9;911,6;709,3;23,5;19,3;23,6;22,6;19,7;19,3;82;78;78;356;6,2;3,5;
2019/12/05;1300 UTC;0;911,6;911,9;911,6;1559,4;25,1;19,2;25,3;23,4;20;19,1;78;69;70;355;8,1;4;
2019/12/05;1400 UTC;1,6;911;911,6;911;2184,4;26,3;19,9;26,5;23,4;21,7;19,2;82;67;68;335;8,5;3,1;
2019/12/05;1500 UTC;0;910;911;909,9;1745,5;27,6;19,6;28,2;25,3;20,4;18,7;71;58;62;310;8,2;3,9;
2019/12/05;1600 UTC;26,6;909,5;910,5;909,5;409,6;21,2;20,2;27,7;20,3;20,9;17,2;94;60;94;24;16,6;2;
2019/12/05;1700 UTC;,8;908,8;909,5;908,8;1065,5;23,4;21,2;23,8;21,2;22,4;20,2;94;87;87;43;4,8;2;
2019/12/05;1800 UTC;,2;908,3;908,8;908,2;648;20,7;18,6;24,7;20,7;22;18,6;88;78;88;206;11,4;5,6;
2019/12/05;1900 UTC;0;908,5;908,7;908,4;359,5;21,6;19,5;21,7;20,6;19,6;18,7;90;87;87;251;9,1;,5;
2019/12/05;2000 UTC;,2;909,1;909,1;908,5;96,3;21,3;19,3;21,9;21,2;19,8;19,2;89;87;89;344;3,8;,2;
2019/12/05;2100 UTC;,8;910;910;909,1;56,5;20,8;19,1;21,3;20,8;19,7;19,1;91;89;90;224;4,1;2,4;
2019/12/05;2200 UTC;,8;910;910;909,9;5,4;20,6;19,4;20,8;20,6;19,4;19;93;90;93;35;4,1;,8;
2019/12/05;2300 UTC;1,2;910,5;910,5;910;;20,5;19,3;20,6;20,4;19,4;19,3;93;93;93;47;3;1,1;
2019/12/06;0000 UTC;,2;910,8;910,8;910,5;;20,3;19,1;20,5;20,3;19,4;19,1;93;92;92;59;2,2;,8;
2019/12/06;0100 UTC;0;910,9;911,2;910,8;;20,3;18,7;20,4;20,3;19,1;18,6;92;90;90;70;2,7;1,5;
2019/12/06;0200 UTC;0;910,5;910,9;910,4;;20,4;18,4;20,5;20,3;18,7;18,3;90;88;88;49;3,6;1,8;
2019/12/06;0300 UTC;0;910,4;910,6;910,4;;20,4;18,7;20,5;20,3;18,7;18,4;90;88;90;42;3,8;1,5;
2019/12/06;0400 UTC;0;909,7;910,5;909,7;;20,3;18,4;20,5;20,3;18,7;18,4;90;89;89;51;4,2;2,1;
2019/12/06;0500 UTC;0;909,2;909,8;909,2;;19,9;18,4;20,3;19,9;18,5;18,4;91;89;91;53;4,5;2,5;
2019/12/06;0600 UTC;0;908,9;909,2;908,9;;19,8;18,3;20;19,6;18,4;18,1;91;90;91;44;4,6;2;
2019/12/06;0700 UTC;0;909,1;909,1;908,6;;20,4;18,4;20,4;19,7;18,5;18,3;91;88;88;345;5;2,7;
2019/12/06;0800 UTC;0;909,2;909,2;909;;20,5;18,6;20,5;20,4;18,7;18,4;90;88;89;6;5,9;1,2;
2019/12/06;0900 UTC;0;909,9;909,9;909,2;27,7;20,8;18,7;20,8;20,5;18,8;18,5;89;87;88;350;3,4;,9;
2019/12/06;1000 UTC;0;910,7;910,7;909,9;340,9;21,6;18,9;21,6;20,8;18,9;18,6;88;84;85;319;3,3;1,4;
2019/12/06;1100 UTC;0;911,4;911,4;910,7;1142,6;23;18,6;23,4;21,6;19,3;18,2;85;75;76;281;6,3;2,1;
2019/12/06;1200 UTC;0;911,9;911,9;911,4;1432,6;23,7;18,3;24,6;23;19,9;18,3;76;71;72;285;6,1;2,1;
2019/12/06;1300 UTC;0;911,7;911,9;911,7;1675;24,9;19,3;25,1;23,5;19,5;18,3;75;69;71;290;6,1;2,5;
2019/12/06;1400 UTC;0;911,2;911,7;911,2;2342,5;26,3;19;27;24,6;20,3;18,8;72;64;64;251;6,4;2,8;
2019/12/06;1500 UTC;0;910,5;911,2;910,5;2152,4;26,9;18,9;27,3;26,1;20,3;18,5;68;61;61;266;6,5;2,9;
2019/12/06;1600 UTC;0;909,5;910,5;909,5;2531,5;28,3;19,4;28,5;25,5;20,6;18,2;70;57;59;264;8;2,7;
2019/12/06;1700 UTC;6,6;909;909,8;908,9;988;23,7;20,9;28,2;21,3;21,5;17,9;86;58;84;214;10,1;3;
2019/12/06;1800 UTC;1,6;908,2;909,1;908,2;1396,1;25;20,8;25;21,8;21,3;19,4;89;76;78;221;6,5;2,4;
2019/12/06;1900 UTC;,4;908;908,2;907,7;1468,1;25,4;21,5;26;23,4;22,5;19,5;85;72;79;247;5,8;2,1;
2019/12/06;2000 UTC;0;907,9;908,1;907,8;1022,5;24,7;20,5;26,1;24,7;21,9;20,4;80;75;78;253;6,9;1,6;
2019/12/06;2100 UTC;0;908,7;908,7;907,9;210,9;23,9;20,3;24,8;23,9;20,6;20;80;76;80;240;5,2;2,8;
2019/12/06;2200 UTC;0;909,5;909,5;908,7;19,3;21,4;18,8;23,9;21,3;20,4;18,8;88;80;86;211;10,2;3,1;
2019/12/06;2300 UTC;0;910,2;910,3;909,4;;21,1;18,9;21,4;21,1;19;18,8;88;86;87;200;5,4;,2;
2019/12/07;0000 UTC;0;910,4;910,4;910,1;;21,1;19,2;21,2;21;19,2;18,8;89;86;89;27;1,3;,1;
2019/12/07;0100 UTC;0;910,8;910,8;910,4;;20,9;18,9;21,3;20,8;19,2;18,7;89;86;88;37;2,2;,5;
2019/12/07;0200 UTC;0;911;911,1;910,8;;21;19;21,1;20,7;19,1;18,8;89;88;88;30;1,8;0;
2019/12/07;0300 UTC;0;910,7;911;910,7;;21;19;21,1;21;19,1;19;89;88;88;23;1,4;0;
2019/12/07;0400 UTC;0;910,1;910,7;910,1;;21,1;18,8;21,2;20,9;19;18,8;89;87;87;31;1,7;,4;
2019/12/07;0500 UTC;0;909,8;910,1;909,8;;20,8;18,7;21,1;20,8;18,8;18,6;88;87;88;43;2,2;,4;
2019/12/07;0600 UTC;0;909,4;909,8;909,4;;20,8;18,5;20,8;20,5;18,9;18,5;90;87;87;64;2,8;1,2;
2019/12/07;0700 UTC;0;909,5;909,6;909,4;;20,7;18,7;20,9;20,6;18,7;18,4;89;86;88;49;2,6;1,3;
2019/12/07;0800 UTC;0;909,7;909,8;909,4;;20,8;18,8;20,9;20,6;18,9;18,5;89;86;89;13;2,6;,6;
2019/12/07;0900 UTC;,2;910,4;910,4;909,7;10,4;20,6;19,2;20,8;20,6;19,2;18,8;91;89;91;145;2;,5;
2019/12/07;1000 UTC;,2;910,9;910,9;910,4;94,8;21;19,3;21;20,6;19,3;19,1;91;90;90;186;2,2;,9;
2019/12/07;1100 UTC;0;911,3;911,3;910,9;226,9;20,2;18,6;21,2;20,1;19,5;18,6;91;89;91;150;4,5;2,1;
2019/12/07;1200 UTC;4,8;911,8;911,9;911,3;246,2;19,8;18,7;20,2;19,7;19;18,3;94;91;94;309;4;,3;
2019/12/07;1300 UTC;1;912,2;912,2;911,8;549,9;21,1;19,6;21,2;19,8;19,9;18,8;94;91;91;20;1,2;,1;
2019/12/07;1400 UTC;3;912;912,2;912;638,5;21,2;19,5;21,2;20,4;19,7;18,8;92;90;90;104;2,2;,6;
2019/12/07;1500 UTC;,4;911,2;912;911,2;1785,7;23,5;20;23,5;21,2;20,8;19,5;90;81;81;59;3,6;1,5;
2019/12/07;1600 UTC;0;910,3;911,2;910,3;2197,9;25,3;19,8;25,3;23,5;20,7;18,5;82;69;71;229;3,6;1;
2019/12/07;1700 UTC;0;909,5;910,3;909,5;2886,1;26,2;20,3;27,1;25,3;20,4;17,7;72;61;70;282;4,4;1,6;
2019/12/07;1800 UTC;0;908,8;909,5;908,8;2215,1;27,4;19,6;27,7;25,5;20,7;19,3;72;62;62;223;5;2;
2019/12/07;1900 UTC;0;908,3;908,8;908,3;2528,5;28,2;18,7;28,3;27;20,5;17,5;65;52;56;181;5;1,8;
2019/12/07;2000 UTC;0;908;908,3;907,9;1575,6;27,1;18,5;28,4;27,1;19;17,6;60;53;59;198;4,6;1,3;
2019/12/07;2100 UTC;0;908,6;908,6;908;714,8;26,5;19;28,4;26,5;19,3;18,4;64;57;64;227;3;1,6;
2019/12/07;2200 UTC;0;908,9;908,9;908,6;36,8;24,7;19,6;26,5;24,5;19,8;19,1;74;64;73;149;2,5;,4;
2019/12/07;2300 UTC;0;909,5;909,5;908,9;;22,8;19,9;24,7;22,8;19,9;19,3;84;73;84;2;1,2;,1;
2019/12/08;0000 UTC;0;910,1;910,1;909,5;;21,9;19,3;22,8;21,8;19,9;19,1;86;82;86;20;2,6;,1;
2019/12/08;0100 UTC;0;910,8;910,9;910,1;;22;19,2;22;20,8;19,6;18,6;89;84;84;69;3,7;1;
2019/12/08;0200 UTC;0;910,9;911;910,9;;22,4;19,5;22,4;22;19,5;19;84;82;83;79;3,3;1,8;
2019/12/08;0300 UTC;0;910,6;910,9;910,6;;22,4;19,6;22,8;22,4;19,8;19,5;85;82;84;49;4,5;1,5;
2019/12/08;0400 UTC;0;910,2;910,6;910,1;;22;19,4;22,4;22;19,7;19,3;85;83;85;50;3,7;1,2;
2019/12/08;0500 UTC;0;910;910,2;909,9;;21,7;19,3;22,1;21,6;19,4;19,3;87;85;86;31;2,7;,4;
2019/12/08;0600 UTC;0;909,8;910;909,7;;21,3;19,4;21,9;21,1;19,5;19,2;89;86;89;47;3,4;1,2;
2019/12/08;0700 UTC;0;909,9;910;909,8;;20,7;19,1;21,4;20,7;19,5;19;91;89;91;35;4,9;1,4;
2019/12/08;0800 UTC;0;910,3;910,3;909,9;;20,7;18,7;20,8;20,4;19,1;18,7;91;88;88;47;3,3;,9;
2019/12/08;0900 UTC;0;910,9;910,9;910,3;47,8;20,9;18,5;20,9;20,6;18,7;18,5;88;86;86;96;4,2;,9;
2019/12/08;1000 UTC;0;911,2;911,2;910,9;442,5;22,8;19,1;22,8;20,9;19,1;18,4;86;79;80;64;4,4;1,7;
2019/12/08;1100 UTC;0;911,6;911,7;911,2;1466;24,6;18,6;24,6;22,8;19,1;18,5;80;69;69;54;7,3;2,7;
2019/12/08;1200 UTC;0;911,9;911,9;911,6;2205,2;26,5;17,9;26,5;24,6;18,9;17,4;70;59;59;57;7,7;3;
2019/12/08;1300 UTC;0;911,8;911,9;911,7;2898,1;27,1;18,5;27,6;26,3;19,2;17,7;62;57;60;27;8;3,6;
2019/12/08;1400 UTC;0;911,4;911,8;911,4;3296,6;28,3;17,8;28,5;27,1;19,1;17,7;60;53;53;50;7,5;3,2;
2019/12/08;1500 UTC;0;910,9;911,4;910,8;3290,7;28,7;18,2;29,6;27,9;19,4;17,1;57;50;53;41;6,8;2,3;
2019/12/08;1600 UTC;0;910,3;910,9;910,3;3019,8;29,4;17,2;30,1;28,3;18,9;17,2;53;48;48;16;6;2,1;
2019/12/08;1700 UTC;0;909,6;910,3;909,6;1679,7;28,5;18,2;29,9;28,3;18,2;16,7;54;47;54;106;6,3;1,6;
2019/12/08;1800 UTC;1,2;909;909,6;909;775,1;23,9;19,3;29,1;23,9;19,4;16,7;76;48;76;167;8,5;3,4;
2019/12/08;1900 UTC;6,4;909,3;909,4;909;1488,8;23;20,2;24,4;22,8;21,2;19;85;74;84;83;8,5;2;
2019/12/08;2000 UTC;,2;909,1;909,3;908,7;1302;23,3;19,7;24,3;22,8;21,5;19,7;88;80;80;66;4,8;1,5;
2019/12/08;2100 UTC;0;909,5;909,5;909,1;249;22,6;19,4;23,3;21,7;20;18,7;86;80;82;74;6,6;,6;
2019/12/08;2200 UTC;0;909,8;909,8;909,5;40;22,1;19,1;22,6;21,6;19,6;18,9;86;82;83;48;3,5;,9;
2019/12/08;2300 UTC;0;910,4;910,4;909,8;;23,2;18,2;23,3;22,1;19,3;18,2;84;73;74;28;6,5;2,9;
2019/12/09;0000 UTC;0;911,1;911,1;910,3;;22,4;18,2;23,2;22,4;18,2;18,1;77;73;77;29;7,4;2,6;
2019/12/09;0100 UTC;0;911,6;911,6;911,1;;22,2;18,2;22,4;22,2;18,3;18,2;78;77;78;28;8,7;3,4;
2019/12/09;0200 UTC;0;911,6;911,8;911,5;;21,7;18,3;22,2;21,7;18,3;18,2;81;78;81;34;8,7;3,4;
2019/12/09;0300 UTC;0;911,2;911,6;911,2;;21,2;18,3;21,7;21,2;18,3;18,2;83;81;83;36;10,2;3,4;
2019/12/09;0400 UTC;0;910,5;911,2;910,4;;21;18,2;21,2;20,9;18,3;18,2;85;83;85;15;8,7;3,9;
2019/12/09;0500 UTC;0;909,9;910,5;909,9;;20,7;18,2;21;20,7;18,2;18,2;85;84;85;36;9,4;2,1;
2019/12/09;0600 UTC;0;909,5;909,9;909,5;;20,8;18,1;20,8;20,6;18,2;18;85;85;85;42;6,5;2,3;
2019/12/09;0700 UTC;0;909,5;909,5;909,4;;20,7;18;20,8;20,6;18,1;17,9;85;84;84;32;7,4;2,4;
2019/12/09;0800 UTC;0;910,3;910,3;909,5;;21;18,1;21,1;20,7;18,1;17,9;84;83;83;35;7,6;2,8;
2019/12/09;0900 UTC;0;910,6;910,6;910,2;53,5;20,8;18,3;21,1;20,6;18,3;18,1;86;83;86;20;7,8;3,7;
2019/12/09;1000 UTC;0;910,9;911;910,5;508,2;21,8;18,7;21,8;20,8;18,7;18,3;86;83;83;23;9,9;4,8;
2019/12/09;1100 UTC;0;911,7;911,7;910,9;1432,7;23,5;19;23,6;21,7;19,2;18,5;83;76;76;13;11,6;4,1;
2019/12/09;1200 UTC;0;912,5;912,5;911,7;1270,5;24,1;18,8;24,1;23,1;19;18,3;76;73;73;17;10,6;4,7;
2019/12/09;1300 UTC;0;912,7;912,8;912,4;2167,6;25,1;19;25,2;24,1;19,3;18,4;73;68;69;20;8,7;3,7;
2019/12/09;1400 UTC;0;912;912,7;912;2354,8;25,9;19,2;27;25;19,8;18,6;69;63;67;14;9,7;4,6;
2019/12/09;1500 UTC;0;911,5;912;911,5;3392,7;27,2;18,9;27,7;25,7;19,9;18,6;68;60;61;7;10,3;4,7;
2019/12/09;1600 UTC;0;910,9;911,5;910,9;1029,1;22,7;18,9;27,3;22,1;19,4;17,7;80;60;79;143;9,2;4,4;
2019/12/09;1700 UTC;0;910;911;910;848,7;24,6;18,8;24,7;21,9;19,4;18,3;83;70;70;106;7,3;2,2;
2019/12/09;1800 UTC;0;909,3;910;909,3;1575,7;25,3;19,6;27,1;24,5;20;18,7;73;63;70;168;6,8;1,7;
2019/12/09;1900 UTC;0;909;909,4;908,9;803,9;23,7;19,1;27,3;23,7;19,7;18,4;76;59;76;166;5,7;1,8;
2019/12/09;2000 UTC;3;909,3;909,4;909;348,1;22,5;20,3;23,6;21,1;20,9;19;92;76;87;90;7,9;2,3;
2019/12/09;2100 UTC;0;909,8;909,9;909,3;307,3;22,9;20;22,9;22,4;20,6;19,8;89;83;84;91;4,3;1,7;
2019/12/09;2200 UTC;0;910,9;910,9;909,8;17,8;21,2;19,8;22,9;21,2;20,1;19,3;92;83;92;218;5,2;2,5;
2019/12/09;2300 UTC;7,4;910,9;911;910,8;;21,4;20,3;21,6;21,1;20,4;19,8;93;92;93;52;5,1;,5;
2019/12/10;0000 UTC;0;911,7;911,8;910,8;;21,3;20;21,5;21,2;20,3;20;93;92;93;57;2,1;,8;
2019/12/10;0100 UTC;0;912,5;912,5;911,6;;21,2;19,8;21,4;21,1;20,1;19,6;93;91;91;212;3,1;,1;
2019/12/10;0200 UTC;0;912,5;912,7;912,5;;21,3;20,1;21,4;21,2;20,2;19,9;93;91;93;320;1,5;,7;
2019/12/10;0300 UTC;,2;912;912,6;912;;21;19,4;21,3;20,8;20;19,4;94;90;90;354;4,5;1,8;
2019/12/10;0400 UTC;0;911,3;912;911,3;;20,6;18,7;21;20,3;19,3;18,5;90;88;89;348;5,8;1,2;
2019/12/10;0500 UTC;0;910,4;911,3;910,4;;20,4;18,1;20,8;20,4;18,7;18,1;89;85;87;21;5,8;1,3;
2019/12/10;0600 UTC;0;909,6;910,4;909,6;;19,9;18,3;20,3;19,8;18,3;18,1;91;87;91;54;3;1,8;
2019/12/10;0700 UTC;0;909,9;909,9;909,6;;20;18,4;20;19,9;18,4;18,3;91;90;91;28;3;,6;
2019/12/10;0800 UTC;0;910,9;910,9;909,9;;19,8;18,4;20;19,8;18,6;18,4;92;91;91;43;2,6;1,3;
2019/12/10;0900 UTC;0;911,6;911,6;910,8;35,5;19,7;18,4;19,8;19,6;18,4;18,3;92;92;92;32;2,4;1,1;
2019/12/10;1000 UTC;0;912;912;911,6;328,1;20,8;18,6;20,8;19,7;18,8;18,4;93;87;87;37;4,1;1,7;
2019/12/10;1100 UTC;0;912,7;912,7;912;541,5;21,7;18,8;21,7;20,8;18,8;18,4;87;83;83;36;5,4;1,6;
2019/12/10;1200 UTC;0;913,2;913,2;912,7;740,7;22,5;18,7;22,6;21,7;19,1;18,5;83;79;79;15;4,1;2;
2019/12/10;1300 UTC;0;913,4;913,4;913,2;1275,8;23;18,7;23,3;22,5;19,1;18,4;80;75;77;358;5,4;3,1;
2019/12/10;1400 UTC;0;913,1;913,4;913,1;1309,2;23,9;18,7;24;22,8;19,1;18,3;77;72;73;17;5,6;2,3;
2019/12/10;1500 UTC;0;912,6;913,1;912,6;1759;24,6;18,3;25;23,6;19,1;18,1;73;67;68;21;4,7;2,3;
2019/12/10;1600 UTC;0;911,8;912,6;911,8;2339,5;26,5;19,4;26,6;24,6;19,6;18;69;61;65;340;5;2,5;
2019/12/10;1700 UTC;0;910,8;911,8;910,8;2572,6;27,9;19,1;28;26,3;19,4;18;65;58;59;326;6,4;2,3;
2019/12/10;1800 UTC;0;909,8;910,8;909,8;2124,3;27,5;18,3;27,9;26,2;19,3;17,8;64;55;57;338;5,4;1,7;
2019/12/10;1900 UTC;0;908,9;909,8;908,9;1134,2;26,9;17,7;27,9;26,8;19,1;17,7;60;55;57;300;5;1,1;
2019/12/10;2000 UTC;0;909,5;909,5;908,9;863,2;26,4;17,2;28,7;26,4;19,1;17;59;54;57;261;4,8;1,7;
2019/12/10;2100 UTC;,8;910;910;909,5;77,9;21,9;19,1;26,4;21,8;19,4;17;86;57;84;54;7,1;,5;
2019/12/10;2200 UTC;,2;910,4;910,4;910;6;21,4;19,3;22;21,4;19,5;18,9;89;84;88;48;2,5;,9;
2019/12/10;2300 UTC;1;911,4;911,4;910,5;;21,4;19,7;21,6;21,1;19,7;19,2;90;87;90;21;3,9;1,2;
2019/12/11;0000 UTC;,2;912;912;911,4;;21,1;19,3;21,4;21,1;19,8;19,3;91;89;89;42;3,9;1,6;
2019/12/11;0100 UTC;,2;912,5;912,5;912;;20,5;19;21,1;20,5;19,3;18,9;91;89;91;62;3,6;1,6;
2019/12/11;0200 UTC;0;912,4;912,5;912,2;;20,8;19;20,8;20,5;19,2;18,9;91;89;90;46;3,8;1,5;
2019/12/11;0300 UTC;0;911,8;912,4;911,8;;20,6;19,1;20,9;20,5;19,1;18,9;91;89;91;49;4,9;1;
2019/12/11;0400 UTC;0;911,4;911,8;911,3;;20,6;19,1;20,7;20,5;19,1;19;91;91;91;78;3,1;,4;
2019/12/11;0500 UTC;0;910,7;911,4;910,7;;20,5;19,1;20,7;20,5;19,2;19;91;90;91;150;1,7;,9;
2019/12/11;0600 UTC;0;910,1;910,7;910,1;;20,3;19,1;20,7;20,2;19,2;18,9;93;91;93;118;3,1;,5;
2019/12/11;0700 UTC;,2;910;910,1;909,9;;20,1;19,1;20,4;20,1;19,3;19,1;94;93;94;23;3,1;1,7;
2019/12/11;0800 UTC;0;910;910;909,9;;20,5;19,1;20,5;20,1;19,3;19,1;94;92;92;49;4,8;2,3;
2019/12/11;0900 UTC;0;910,5;910,5;910;35,3;20,6;18,9;20,6;20,4;19,1;18,8;92;90;90;33;4,8;1,3;
2019/12/11;1000 UTC;0;910,8;910,8;910,5;287;21,4;19,2;21,4;20,6;19,2;18,9;90;87;87;54;4,2;1,4;
2019/12/11;1100 UTC;0;911,2;911,2;910,8;479,6;22,2;19,3;22,2;21,4;19,3;19;87;84;84;20;4,3;2;
2019/12/11;1200 UTC;0;911,5;911,5;911,2;908,1;23,4;19,6;23,4;22,2;19,8;19,2;84;79;79;25;4,3;2,1;
2019/12/11;1300 UTC;0;911,6;911,6;911,4;1535,9;25,2;19,3;25,3;23,3;19,8;19,1;80;70;70;331;6,7;3,1;
2019/12/11;1400 UTC;0;910,5;911,6;910,5;2014,3;26,4;19,7;26,4;24,9;20,1;19;71;67;67;347;6,7;3,6;
2019/12/11;1500 UTC;,2;910,1;910,5;909,8;1258,1;21,6;19;26,5;21,6;19,6;18,5;85;63;85;240;10;4;
2019/12/11;1600 UTC;6;909,2;910,8;909,2;1223,8;23,1;20,2;23,2;19,4;21,8;18;94;82;84;55;10;1,5;
2019/12/11;1700 UTC;4,8;908,5;909,2;908,4;2465,5;23;20,2;24,5;21,3;21,4;18,6;89;78;84;190;8,7;1,9;
2019/12/11;1800 UTC;3,8;908,8;908,8;907,9;823,9;19,5;16,8;23,1;19,5;20,8;16,8;88;83;85;356;8,7;4,4;
2019/12/11;1900 UTC;3;908,5;908,9;908,3;54,6;19,5;18,6;19,6;19,1;18,7;17,2;94;85;94;178;8,7;1,2;
2019/12/11;2000 UTC;2,8;908,2;908,5;908,1;279,5;20,6;19,6;20,6;19,5;19,7;18,6;95;94;94;163;3,4;,6;
2019/12/11;2100 UTC;2,6;909,3;909,3;908,2;68,5;20,3;19,3;20,6;20,3;19,5;19,2;94;94;94;36;2,4;1,3;
2019/12/11;2200 UTC;2,2;910,2;910,2;909,3;2,6;20,1;19,1;20,4;20;19,3;19;94;94;94;176;2,7;,4;
2019/12/11;2300 UTC;2,2;910,1;910,3;910;;19,6;18,7;20,1;19,6;19,2;18,7;94;94;94;137;2,1;,8;
2019/12/12;0000 UTC;2;910,2;910,4;910;;19,8;18,9;19,9;19,6;18,9;18,7;95;94;94;64;3,1;,6;
2019/12/12;0100 UTC;1,8;910,7;910,7;910,1;;19,8;18,8;19,9;19,7;19;18,7;94;94;94;41;3,2;1,4;
2019/12/12;0200 UTC;1,8;910,7;910,9;910,7;;19,6;18,6;19,8;19,6;18,8;18,6;94;94;94;81;3,9;1,5;
2019/12/12;0300 UTC;1,8;909,8;910,7;909,8;;19,6;18,5;19,6;19,5;18,6;18,4;94;94;94;68;4,1;1,8;
2019/12/12;0400 UTC;1,6;909,2;909,8;909,2;;19,6;18,4;19,7;19,5;18,5;18,3;94;93;93;41;3,7;1,1;
2019/12/12;0500 UTC;1,4;908,5;909,2;908,5;;19,8;18,5;19,9;19,6;18,7;18,4;93;92;92;34;5,1;2,1;
2019/12/12;0600 UTC;1,4;907,8;908,5;907,8;;19,8;18,1;20;19,8;18,5;18,1;92;90;90;53;5,3;1,8;
2019/12/12;0700 UTC;1,2;908,1;908,1;907,7;;19,8;18,3;19,9;19,8;18,3;18,1;91;90;91;44;5,1;1,7;
2019/12/12;0800 UTC;1,2;908,9;908,9;908,1;;19,6;18,3;19,8;19,6;18,3;18,2;92;91;92;8;6,4;2,3;
2019/12/12;0900 UTC;1,2;909,4;909,4;908,8;15,7;19,7;18,3;19,8;19,5;18,4;18,1;93;91;92;16;5,7;2,8;
2019/12/12;1000 UTC;1,2;910;910,1;909,4;324,4;20,3;18,4;20,3;19,7;18,5;18,2;92;89;89;12;8,6;4,2;
2019/12/12;1100 UTC;1,2;910,5;910,5;910;516,7;20,9;18,4;20,9;20,2;18,5;18,3;89;85;85;357;7,9;3,9;
2019/12/12;1200 UTC;1;910,9;910,9;910,5;999,3;21,6;18,2;21,6;20,9;18,4;18;86;81;81;350;8,8;4,9;
2019/12/12;1300 UTC;1,2;910,7;911;910,6;924,8;21,8;17,4;21,9;21,6;18,4;17,4;81;76;76;10;9,8;4,4;
2019/12/12;1400 UTC;1;911,2;911,2;910,7;808,4;22,8;17,6;22,8;21,8;17,7;16,8;76;70;73;32;7,4;,9;
2019/12/12;1500 UTC;1;911,1;911,3;911,1;1491,3;24,3;17,3;24,7;22,8;18,2;17;74;63;65;338;5,3;2,7;
2019/12/12;1600 UTC;1;910,7;911,2;910,7;1020,3;22,9;18,5;24,7;21,8;18,6;16,7;80;63;76;2;5,8;1,5;
2019/12/12;1700 UTC;,8;909,5;910,7;909,5;2273,5;26,1;18,2;26,1;22,8;20,1;17,6;77;62;62;329;7,2;2,9;
2019/12/12;1800 UTC;,8;908,4;909,5;908,4;2814,5;27,1;18,3;27,8;26;18,7;16,7;63;53;59;278;7,2;2,5;
2019/12/12;1900 UTC;,8;908,1;908,4;907,9;1548,9;27;17,6;27,9;26,7;18,5;17;58;55;57;243;6,9;2,2;
2019/12/12;2000 UTC;,8;908,7;908,7;908;910,9;26,4;18;27;26,3;18,2;16,8;60;56;60;278;5,2;1,7;
2019/12/12;2100 UTC;,6;909,2;909,2;908,7;312,8;25,2;18,3;26,4;25,2;18,6;17,8;66;60;66;281;4,3;1;
2019/12/12;2200 UTC;,6;909,1;909,2;908,9;27,8;24;18,8;25,2;24;18,9;18,3;73;66;73;331;3,5;,3;
2019/12/12;2300 UTC;,4;909,9;909,9;909,1;;22,7;18,7;24;22,5;19;18,6;79;73;78;227;1,6;,1;
2019/12/13;0000 UTC;,4;910,8;910,8;909,9;;21,7;18,4;22,7;21,7;18,6;18,2;81;76;81;342;1,4;0;
2019/12/13;0100 UTC;,4;911,6;911,7;910,8;;21,5;18,2;21,8;21,3;18,8;18,1;85;81;82;190;,9;0;
2019/12/13;0200 UTC;,4;911,5;911,7;911,5;;20,7;18,5;21,5;20,5;18,7;18,3;88;82;87;109;1,8;,4;
2019/12/13;0300 UTC;,4;911;911,5;911;;20,4;18,5;20,7;20,3;18,6;18,3;89;87;89;186;1,6;,3;
2019/12/13;0400 UTC;,2;910,8;911,1;910,8;;20,2;18,4;20,6;20,1;18,6;18,1;89;88;89;68;2,6;,7;
2019/12/13;0500 UTC;,4;910,3;910,8;910,3;;20,4;18,7;20,4;20;18,8;18,3;91;89;90;110;2,4;,8;
2019/12/13;0600 UTC;,2;910;910,3;909,8;;20,1;18,7;20,4;20,1;18,8;18,6;92;90;92;49;2,9;,6;
2019/12/13;0700 UTC;,4;909,9;910,1;909,8;;20,5;18,5;20,6;20,1;19;18,5;92;88;89;81;4;2,3;
2019/12/13;0800 UTC;,2;910,2;910,2;909,7;;20,2;18,5;20,5;19,9;18,7;18,3;91;89;90;123;3,9;,3;
2019/12/13;0900 UTC;,2;910,7;910,7;910,2;38,6;20,5;18,3;20,5;20,1;18,6;18,1;90;87;87;82;3,6;1,6;
2019/12/13;1000 UTC;,4;910,9;911;910,7;386,7;21,4;18,9;21,4;20,5;18,9;18,3;87;85;86;36;3,9;,7;
2019/12/13;1100 UTC;,2;910,9;910,9;910,8;1010,8;23,9;19,7;23,9;21,4;20;18,9;86;77;78;27;3,2;1,4;
2019/12/13;1200 UTC;,2;911,8;911,8;910,9;1460,2;25;19,2;25,4;23,9;19,8;18,7;78;67;70;22;3,6;1,9;
2019/12/13;1300 UTC;,2;912;912,1;911,8;1930,7;27;19,4;27;25;19,8;18,3;71;62;63;325;5;1,7;
2019/12/13;1400 UTC;,2;911,8;912;911,8;2917,3;27,7;18;28,2;26,8;19,9;17,9;64;55;56;22;5,1;1,5;
2019/12/13;1500 UTC;,2;911,4;911,9;911,4;2747,9;28,9;17,6;30;27,4;19,9;17,6;57;50;51;139;3,6;1,3;
2019/12/13;1600 UTC;,2;910,7;911,4;910,4;2368,5;26,9;19,6;30,8;26,9;20;17,3;65;47;64;312;6,5;3,2;
2019/12/13;1700 UTC;,2;910,1;910,9;910;166,2;23;19,9;26,9;22,9;20,4;18,8;85;64;83;157;6,5;2;
2019/12/13;1800 UTC;,2;909,9;910,3;909,7;135,6;22,8;19,6;23,1;22,8;20;19,2;84;79;82;117;3,3;,5;
2019/12/13;1900 UTC;0;910,7;910,7;909,9;336,3;22,5;19,8;23,3;22,3;20;19;85;79;85;158;4;1,5;
2019/12/13;2000 UTC;,2;911,2;911,2;910,7;296;22,3;19;22,6;22,3;19,7;18,7;85;79;82;79;3,4;,5;
2019/12/13;2100 UTC;,2;911,4;911,4;911;146,6;21,7;18,4;22,3;21,7;19,4;18,4;85;81;81;152;4,2;1,1;
2019/12/13;2200 UTC;0;911,5;911,5;911,3;27;21,1;18,1;21,7;21,1;18,4;18;83;80;83;119;4,9;,5;
2019/12/13;2300 UTC;,2;912;912;911,5;;20,4;18,3;21,2;20,4;18,4;18,1;88;83;88;46;2,3;1,1;
2019/12/14;0000 UTC;,2;912,7;912,7;911,9;;20,6;17,8;20,6;20,4;18,4;17,8;88;84;84;68;3,1;,9;
2019/12/14;0100 UTC;0;913,4;913,4;912,7;;20,7;17,7;20,8;20,6;18;17,7;85;83;83;221;2;0;
2019/12/14;0200 UTC;,2;913,8;913,8;913,4;;20,2;18,4;20,9;20,2;18,4;17,7;89;82;89;151;2,7;1;
2019/12/14;0300 UTC;0;913,5;913,9;913,5;;20,2;18,6;20,3;20,1;18,8;18,4;91;89;91;85;1,8;,9;
2019/12/14;0400 UTC;,2;912,5;913,5;912,5;;21,1;16,7;21,1;19,8;18,6;16,7;92;76;76;86;4,2;1,6;
2019/12/14;0500 UTC;0;912,2;912,5;912,2;;20,8;16;21,8;19,6;17,5;15,6;88;68;74;102;6,8;1;
2019/12/14;0600 UTC;,2;911,9;912,2;911,9;;20,5;17;20,8;20,3;17;16;80;74;80;59;5,6;,7;
2019/12/14;0700 UTC;0;912;912,1;911,9;;20,2;17,2;20,7;20,2;17,2;16,9;83;80;83;108;4,7;,9;
2019/12/14;0800 UTC;0;912,6;912,6;912;;20,3;17,6;20,4;19,9;17,6;17,2;85;83;84;4;5;2;
2019/12/14;0900 UTC;0;913,8;913,8;912,6;65,5;20,6;17,6;20,6;20,1;17,7;17,5;85;83;83;24;4;,6;
2019/12/14;1000 UTC;0;914,4;914,4;913,7;454,5;22,1;18;22,1;20,6;18;17,6;84;78;78;292;4,1;1,4;
2019/12/14;1100 UTC;0;915,1;915,1;914,4;1128;23,7;18,1;23,7;22,1;18,5;17,6;78;70;71;127;4,9;1,3;
2019/12/14;1200 UTC;0;915,4;915,4;915,1;2236,9;26,1;18,4;26,1;23,7;18,9;17,7;71;62;63;71;9,2;3,4;
2019/12/14;1300 UTC;0;915,6;915,6;915,3;2125,8;27,7;18,3;27,7;26,1;18,7;17,9;63;57;57;61;8,7;2,2;
2019/12/14;1400 UTC;0;915,6;915,6;915,5;2395,6;28,3;17,5;28,6;27,7;19;17,4;57;51;52;29;8,5;3,2;
2019/12/14;1500 UTC;0;915,3;915,7;915,3;2296,6;28,4;19,1;29,5;28,2;19,1;17,4;57;50;57;22;8,5;2,5;
2019/12/14;1600 UTC;0;914,8;915,3;914,8;2655,5;29,5;18,6;29,6;28,4;19,5;17,8;57;50;52;14;8,2;4,1;
2019/12/14;1700 UTC;0;914;914,8;914;3410,3;30,5;18,4;31;28,9;19,3;17,6;53;46;48;31;7,5;3,6;
2019/12/14;1800 UTC;0;913,1;914;913,1;3337,9;31,3;17,6;31,7;30,2;19,5;16,7;50;42;44;42;7,8;3,2;
2019/12/14;1900 UTC;0;912,4;913,1;912,4;2436,4;31;17;31,9;30,6;18;16;45;41;43;61;7,8;2,8;
2019/12/14;2000 UTC;0;911,9;912,4;911,9;1292,1;29,5;16,8;31,2;29,5;17,8;16,3;47;42;46;48;7,6;1,9;
2019/12/14;2100 UTC;0;912,2;912,2;911,8;479,3;28,1;17,1;29,7;28,1;17,2;16,7;51;46;51;39;5,9;1;
2019/12/14;2200 UTC;0;912,5;912,5;912,2;24,5;26,3;18;28,1;26,3;18,2;17,2;60;51;60;112;3,8;,8;
2019/12/14;2300 UTC;0;912,6;912,8;912,5;;25;18,5;26,3;25;18,5;18;67;60;67;133;3;1,3;
2019/12/15;0000 UTC;0;913,4;913,4;912,6;;24,5;18,6;25,1;24,4;18,8;18,5;71;67;70;209;4,3;,1;
2019/12/15;0100 UTC;0;914;914;913,4;;24,1;18,5;24,6;24;18,7;18,5;71;70;71;149;3,1;,9;
2019/12/15;0200 UTC;0;914,4;914,4;914;;23,7;18,5;24,1;23,4;18,6;18,4;74;71;73;138;3,1;,7;
2019/12/15;0300 UTC;0;913,5;914,4;913,5;;22,9;18,7;23,7;22,6;18,8;18,3;78;72;78;37;2,9;,7;
2019/12/15;0400 UTC;0;913,4;913,5;913,3;;23,6;17,4;23,6;22,9;18,8;17,4;78;68;68;67;4,2;1;
2019/12/15;0500 UTC;0;913,4;913,5;913,3;;22,8;15,9;23,6;22,8;17,5;15,9;69;65;65;31;5,5;1,4;
2019/12/15;0600 UTC;0;913,1;913,4;913,1;;21,6;15,6;22,8;21,6;15,9;15,6;69;65;68;7;5,5;1,4;
2019/12/15;0700 UTC;0;912,8;913,2;912,8;;21,4;14,9;21,7;21,1;15,6;14,9;70;67;67;49;6,4;1,7;
2019/12/15;0800 UTC;0;913,4;913,4;912,8;;21;14,8;21,5;20,9;15;14,7;68;66;68;32;6,4;,9;
2019/12/15;0900 UTC;0;914,2;914,2;913,4;32,8;20,2;15,1;21,1;20,2;15,1;14,7;72;67;72;6;3,7;1,3;
2019/12/15;1000 UTC;0;914,8;914,8;914,2;240,9;20,7;15,7;20,7;19,9;15,7;15,1;74;72;73;25;3,6;1,4;
2019/12/15;1100 UTC;0;914,8;914,8;914,7;1416,1;24,4;15,8;24,4;20,7;16,5;15,7;73;59;59;34;7,9;3,7;
2019/12/15;1200 UTC;0;914,9;915;914,8;2419,5;26,4;16,1;26,5;24,4;16,2;15,5;59;52;53;32;8,3;3,2;
2019/12/15;1300 UTC;0;914,7;915;914,7;3111,5;27;16;27,6;26,3;16,9;15,8;54;51;51;29;9,6;4,3;
2019/12/15;1400 UTC;0;914,4;914,7;914,4;3512,1;28,9;16,8;28,9;26,9;17,1;15,7;52;47;48;37;10,3;3,7;
2019/12/15;1500 UTC;0;913,8;914,4;913,8;4173,1;30;15,8;30,3;28,6;17,4;14,9;49;41;42;25;9;3,6;
2019/12/15;1600 UTC;0;913,5;913,8;913,4;3336,7;30,6;16,9;30,6;28,9;17;14,7;46;40;44;6;7,9;3,4;
2019/12/15;1700 UTC;0;913;913,5;913;3371,5;31,4;15,3;31,4;29,2;16,6;14,1;44;36;38;358;7,8;3,3;
2019/12/15;1800 UTC;0;912,6;913;912,6;2400,5;29,8;14,2;31,9;29,8;15,5;13;40;35;39;16;7,4;3;
2019/12/15;1900 UTC;0;912,4;912,6;912,4;1473,8;30,6;15;31,7;29,8;15,3;13,5;40;35;39;360;6;2,4;
2019/12/15;2000 UTC;0;912,1;912,4;912,1;1719,5;30,6;14,4;31,2;30,2;15,8;13,7;40;35;37;3;5,5;2,8;
2019/12/15;2100 UTC;0;912;912,1;911,9;517,6;28,6;15,6;30,7;28,6;15,6;13,4;46;36;45;36;5,2;1,3;
2019/12/15;2200 UTC;0;912,1;912,1;911,9;32,4;26,2;16,9;28,5;26,2;16,9;15,6;57;45;57;73;3,9;,4;
2019/12/15;2300 UTC;0;912,5;912,5;912;;24,3;17,2;26,2;24,2;17,2;16,9;65;57;65;166;3,6;1,2;
2019/12/16;0000 UTC;0;913;913;912,5;;23,7;17;24,3;23,7;17,3;16,9;66;65;66;242;2,7;,6;
2019/12/16;0100 UTC;0;913,6;913,6;913;;22,7;16,3;23,7;22,7;17;16,3;67;65;67;9;3,9;,9;
2019/12/16;0200 UTC;0;913,8;913,8;913,6;;22,7;15,8;23;21,9;16,3;15,5;70;63;65;6;3,5;1;
2019/12/16;0300 UTC;0;913,4;913,8;913,4;;22;15,1;22,9;21,9;15,7;15;66;61;65;3;4;,7;
2019/12/16;0400 UTC;0;912,7;913,4;912,7;;21,9;14,2;22,4;21,7;15,2;14,2;66;60;61;3;4,5;1,2;
2019/12/16;0500 UTC;0;911,9;912,7;911,9;;21,1;13,8;21,9;21,1;14,2;13,7;64;61;63;14;4,5;1;
2019/12/16;0600 UTC;0;911,4;911,9;911,4;;20,9;13,4;21,2;20,6;13,8;13,4;64;62;62;17;4,3;1,3;
2019/12/16;0700 UTC;0;911,4;911,5;911,4;;20,4;14;20,9;20,4;14;13,4;67;62;67;101;5,7;1,5;
2019/12/16;0800 UTC;0;912,1;912,1;911,3;;19,7;14,5;20,5;19,7;14,5;14;72;67;72;19;5,7;1,4;
2019/12/16;0900 UTC;0;912,9;912,9;912,1;27,9;19,9;14,9;19,9;19,4;14,9;14,5;74;72;73;33;4,5;1,6;
2019/12/16;1000 UTC;0;913,4;913,4;912,9;354,9;22,2;15,6;22,2;19,9;15,6;14,9;73;66;66;43;7,4;2,5;
2019/12/16;1100 UTC;0;913,2;913,4;913,2;1527,1;24;15,8;24,1;22,2;16;15,5;66;60;60;36;8,7;3,4;
2019/12/16;1200 UTC;0;912,8;913,2;912,8;2377,4;25,9;15,3;26;24;16,2;15,1;61;52;52;28;10,6;4,3;
2019/12/16;1300 UTC;0;912,6;913;912,6;3098,7;27,3;15,7;27,5;25,8;16,3;15;53;48;49;14;11,7;6,1;
2019/12/16;1400 UTC;0;912,6;912,7;912,5;3629;28,7;15;29;27,3;16,3;14,5;50;43;43;28;10,4;3,9;
2019/12/16;1500 UTC;0;912;912,6;912;3916,3;29,6;14,6;29,8;28,5;15,9;13,2;44;39;40;5;9,1;4,4;
2019/12/16;1600 UTC;0;911,5;912;911,5;4026,4;30,2;13,7;31,1;29,5;15,6;12,6;40;34;36;16;8,5;3,3;
2019/12/16;1700 UTC;0;910,7;911,5;910,7;3892,9;31;14,3;31,9;30;15,3;12,9;40;33;36;5;7,1;2,4;
2019/12/16;1800 UTC;0;909,9;910,7;909,9;3186,8;31,5;13,6;32,1;30,2;14,6;12,3;37;31;34;5;6,3;2,1;
2019/12/16;1900 UTC;0;909;909,9;909;2379,6;31,6;12,6;32;30,6;14,5;12,5;36;31;31;16;6;2,3;
2019/12/16;2000 UTC;0;908,6;909;908,6;1525,7;30,2;11,8;31,8;30,2;13;11,3;33;29;32;33;4,9;2,3;
2019/12/16;2100 UTC;0;908,8;908,8;908,5;556;28,5;13,5;30,8;28,5;13,5;12;40;32;40;65;4,9;,8;
2019/12/16;2200 UTC;0;909,2;909,2;908,8;17,7;25,5;13,9;28,6;25,5;14,1;13,2;49;39;49;70;2,5;1,3;
2019/12/16;2300 UTC;0;909,6;909,7;909,2;;24,3;14;25,5;24;14,4;13,8;55;49;53;54;3,8;1,3;
2019/12/17;0000 UTC;0;910;910;909,6;;23,5;14,4;24,3;23,4;14,5;14;57;53;57;82;3,8;,9;
2019/12/17;0100 UTC;0;910,7;910,7;910;;22,3;14,5;23,5;22,3;14,6;14,4;62;57;61;31;3,9;1,6;
2019/12/17;0200 UTC;0;910,7;910,9;910,7;;21,9;15;22,6;21,8;15;14,5;65;61;65;219;4,4;,8;
2019/12/17;0300 UTC;0;910,7;910,9;910,7;;21,7;14,8;22,1;21,7;15,2;14,8;65;64;65;16;3,7;1,4;
2019/12/17;0400 UTC;0;910,5;910,8;910,5;;21;14;21,7;21;14,9;14;65;64;64;23;4,3;1,8;
2019/12/17;0500 UTC;0;910;910,5;910;;20,3;13,7;21;20,1;14;13,7;67;64;66;85;3,4;,7;
2019/12/17;0600 UTC;0;910,2;910,2;910;;19,8;13,6;20,3;19,8;13,7;13,6;68;66;68;72;2,9;1,4;
2019/12/17;0700 UTC;0;910,3;910,3;910,1;;20,2;13,3;20,7;19,7;13,6;13,3;68;63;65;35;4,2;,6;
2019/12/17;0800 UTC;0;910,8;910,8;910,3;;19,6;13,4;20,2;19,6;13,5;13,3;67;65;67;71;4,1;1,7;
2019/12/17;0900 UTC;0;911,4;911,4;910,8;41;19,7;13,7;19,8;19,3;13,7;13,4;69;67;68;40;4;1,2;
2019/12/17;1000 UTC;0;911,7;911,7;911,4;375,1;22,6;14,4;22,6;19,7;14,5;13,7;68;60;60;25;4,2;1,9;
2019/12/17;1100 UTC;0;912,6;912,6;911,7;1381,7;23,9;15,1;24;22,6;15,5;14,2;61;57;58;234;6,2;3,5;
2019/12/17;1200 UTC;0;912,6;912,8;912,6;2383,1;25,8;18,7;26,1;23,9;18,7;14,9;66;54;65;250;6,2;2,7;
2019/12/17;1300 UTC;0;912,3;912,6;912,3;2682,7;26;18,1;26,4;24,6;18,9;17,3;68;61;62;303;5,5;1,8;
2019/12/17;1400 UTC;0;911,5;912,3;911,5;2324;26;18;26,7;25,1;19,2;17,1;66;61;61;242;5,2;1,2;
2019/12/17;1500 UTC;0;911;911,5;911;3929,5;29,4;18,8;29,5;25,8;19,8;17,7;65;53;53;299;4,8;1,5;
2019/12/17;1600 UTC;0;910,4;911;910,4;3407;30,2;12,6;30,7;28,3;19;12,4;55;33;34;7;8;3,8;
2019/12/17;1700 UTC;0;909,9;910,4;909,9;3234,5;30,6;11,8;31,6;29,8;13,3;11,1;35;30;32;8;8;3,4;
2019/12/17;1800 UTC;0;909,3;909,9;909,3;3295,9;30,9;12,2;31,9;30,4;13,1;11,5;33;29;32;10;7,8;3,4;
2019/12/17;1900 UTC;0;908,5;909,3;908,4;2563,7;30,8;12;31,8;30,8;13,3;11,7;33;30;31;4;7,3;3,1;
2019/12/17;2000 UTC;0;908;908,5;908;1680;30,7;11,4;31,9;30,4;12,9;11,2;33;30;30;6;6,2;3,1;
2019/12/17;2100 UTC;0;908,2;908,2;908;757,2;29,5;11,5;31;29,5;12;11;34;30;33;346;6,2;3,1;
2019/12/17;2200 UTC;0;909,2;909,2;908,2;26,5;26,9;13,3;29,5;26,9;13,3;11,2;43;32;43;3;5,2;,9;
2019/12/17;2300 UTC;0;909,9;909,9;909,2;;26;12,6;26,9;25,7;13,9;12,5;48;43;43;20;4,2;1,9;
2019/12/18;0000 UTC;0;910,2;910,2;909,9;;24,1;13,1;26;24,1;13,1;12,5;50;43;50;57;4,2;1,8;
2019/12/18;0100 UTC;0;910,9;910,9;910,2;;23,7;13,8;24,1;23,6;13,8;13,1;54;50;54;50;4,4;1,7;
2019/12/18;0200 UTC;0;911,3;911,4;910,9;;22,3;14,2;23,7;22,3;14,4;13,7;61;54;60;136;4,4;,9;
2019/12/18;0300 UTC;0;911,8;911,9;911,3;;22;15,2;22,5;21;15,4;13,9;68;58;65;244;2,9;1,1;
2019/12/18;0400 UTC;0;911,9;911,9;911,8;;21,1;17,4;22,2;21,1;17,4;15,2;80;65;80;252;6,8;3;
2019/12/18;0500 UTC;0;911,9;912,1;911,9;;20,6;18,1;21,1;20,5;18,1;17,3;86;80;86;244;7,2;2,6;
2019/12/18;0600 UTC;0;911,4;911,9;911,4;;20;18,2;20,6;20;18,3;18;89;85;89;208;7;3,7;
2019/12/18;0700 UTC;0;911,2;911,4;911,1;;19,6;17,6;20;19,5;18,2;17,5;90;88;88;206;5,9;1,6;
2019/12/18;0800 UTC;0;910,9;911,2;910,9;;19;17,3;19,6;19;17,7;17,3;90;88;90;81;2,5;,9;
2019/12/18;0900 UTC;0;911,4;911,4;910,9;32,2;19;17,3;19,3;19;17,4;17,2;90;88;89;81;3,4;1,2;
2019/12/18;1000 UTC;0;912;912;911,4;342,4;21;18,2;21;19;18,2;17,3;90;84;84;55;2,8;1;
2019/12/18;1100 UTC;0;912,1;912,1;911,9;923,4;23,5;18;23,5;21,1;18,2;17,8;84;72;72;64;4,4;1,6;
2019/12/18;1200 UTC;0;912,4;912,4;912,1;2152,4;26,6;17,9;26,6;23,4;18,6;17,3;72;59;59;10;4,4;1,7;
2019/12/18;1300 UTC;0;912,4;912,5;912,3;3120,1;29,1;17,8;29,1;26,6;18,6;16,1;60;48;51;350;3,3;1,1;
2019/12/18;1400 UTC;0;912,1;912,4;912,1;2598;28,6;18,7;29,7;28;19,8;15,5;59;44;55;200;5,4;2,2;
2019/12/18;1500 UTC;,4;912;912,1;911,6;1657,5;22,4;18,9;30;21,8;19,2;17,2;82;48;81;159;9,7;3,6;
2019/12/18;1600 UTC;1,2;911,6;912;911,1;2957,3;25,3;18;28,8;22,4;20,1;17,3;81;53;64;339;8,8;3,1;
2019/12/18;1700 UTC;1;911;911,6;911;2276,2;26,9;20,5;27,3;21,3;22,1;17,9;87;64;68;21;12;2,2;
2019/12/18;1800 UTC;,4;911;911,2;910,7;766,7;19,7;16,7;27,3;19,3;20,4;15,8;83;58;83;78;13,3;3,3;
2019/12/18;1900 UTC;,4;910,3;911;910,3;1023,7;23,9;18,4;24;19,7;19,5;16,5;83;70;71;69;6,7;2,5;
2019/12/18;2000 UTC;,2;910,9;910,9;910,1;1392,6;24,3;18,2;27;23,9;19,4;17,5;72;60;69;338;5,2;2,1;
2019/12/18;2100 UTC;,2;911;911;910,7;396,2;24,3;19,2;24,3;23,3;19,3;18,2;78;69;73;218;3,6;,9;
2019/12/18;2200 UTC;0;911,7;911,7;911;63,8;22,8;18,1;24,4;22,8;19,2;18,1;77;71;75;192;3,6;1,1;
2019/12/18;2300 UTC;,2;911,8;911,9;911,7;;22,6;17,2;22,9;22,4;18,2;17,2;75;71;72;145;3,1;1,2;
2019/12/19;0000 UTC;0;912,6;912,6;911,9;;21,2;18,6;22,6;21,2;18,6;17,1;85;72;85;51;3,9;1,6;
2019/12/19;0100 UTC;,2;913,2;913,2;912,6;;21;18,3;21,4;20,9;18,8;18,2;86;84;84;40;3,5;1,2;
2019/12/19;0200 UTC;0;913,1;913,3;912,8;;21;17,9;21,3;20,9;18,3;17,9;85;81;83;37;4,4;1,3;
2019/12/19;0300 UTC;0;912,5;913,1;912,5;;21,4;17,3;21,5;20,9;18;17,3;83;77;77;81;4,6;2,2;
2019/12/19;0400 UTC;,2;911,7;912,5;911,7;;21,4;17;21,7;21,2;17,3;16,9;78;74;76;47;4,4;1,6;
2019/12/19;0500 UTC;0;911,2;911,8;911,2;;20,4;18;21,5;20,4;18;16,9;86;76;86;116;3,6;,6;
2019/12/19;0600 UTC;0;911,3;911,3;911;;20,2;17,9;20,6;20,2;18;17,6;87;83;87;183;1,5;,2;
2019/12/19;0700 UTC;0;911,6;911,6;911,3;;20,2;17,9;20,5;20,2;18;17,8;87;85;87;176;1,7;,4;
2019/12/19;0800 UTC;,2;912,5;912,5;911,6;;19,6;17,9;20,2;19,5;18,3;17,8;90;87;90;39;2,5;1,2;
2019/12/19;0900 UTC;0;913,3;913,3;912,5;43,6;19,9;17,7;20;19,5;17,9;17,6;90;88;88;188;2,6;,2;
2019/12/19;1000 UTC;0;913,5;913,6;913,2;257,7;21,2;17,8;21,2;19,9;18,1;17,8;88;81;81;131;1,6;,6;
2019/12/19;1100 UTC;0;914;914;913,5;641,8;22,5;18,1;22,5;21;18,7;17,8;85;76;76;26;3;,8;
2019/12/19;1200 UTC;0;914,4;914,5;914;277,5;22,4;18;22,5;22,3;18,3;17,7;78;74;76;44;3,1;,9;
2019/12/19;1300 UTC;0;914,7;914,7;914,1;680,9;24;18,2;24;22,4;18,5;17,9;77;69;70;336;4,3;,7;
2019/12/19;1400 UTC;0;915;915;914,7;568,1;22,1;18;24,4;22,1;19;18;79;69;77;336;5,5;3;
2019/12/19;1500 UTC;,2;914,7;915,1;914,7;930,5;21,8;18,7;22,3;21,3;19,3;17,7;87;76;82;30;8,5;3;
2019/12/19;1600 UTC;0;914,2;914,7;914,1;991,8;21,1;19;21,8;20,9;19;18;88;80;88;34;8,3;1,8;
2019/12/19;1700 UTC;0;914,1;914,2;913,9;644,6;22,1;19,6;22,1;20,9;19,7;18,8;89;84;86;157;5,5;1,1;
2019/12/19;1800 UTC;0;913,8;914,2;913,8;740,3;22,9;19,6;22,9;21,9;20,1;19,2;86;81;82;114;2,7;,8;
2019/12/19;1900 UTC;,2;912,9;913,8;912,9;1556;24;19,2;24,1;22,9;19,8;18,9;82;74;75;157;4,7;2,2;
2019/12/19;2000 UTC;0;912,2;912,9;912,2;1121,4;23,5;19,4;24;23,2;19,8;18,7;78;73;78;172;4,7;1,7;
2019/12/19;2100 UTC;0;912;912,2;912;469,6;22,8;19,1;23,7;22,8;19,3;18,8;80;75;80;148;3,9;1,5;
2019/12/19;2200 UTC;0;912,7;912,7;911,9;43,8;22,3;18,9;22,8;22,2;19,2;18,9;82;80;81;134;3,7;1,7;
2019/12/19;2300 UTC;0;913;913;912,7;;21,6;18,9;22,3;21,6;19;18,8;85;81;85;65;3,2;1;
2019/12/20;0000 UTC;0;913,5;913,5;913;;21,7;18,5;21,8;21,3;19;18,5;86;82;82;100;6;2,4;
2019/12/20;0100 UTC;,2;913,5;913,5;913,4;;21,7;18;21,7;21,2;18,4;18;84;79;79;97;5,5;2,9;
2019/12/20;0200 UTC;0;913,8;913,8;913,5;;21,3;17,9;21,8;21,3;18;17,6;81;78;81;40;5,5;1,5;
2019/12/20;0300 UTC;0;913,2;913,8;913,2;;21,1;17,6;21,3;21,1;17,9;17,6;82;80;80;65;5,1;1,4;
2019/12/20;0400 UTC;0;912,5;913,2;912,5;;20,7;17,7;21,1;20,5;17,7;17,5;84;80;83;17;3,9;2,1;
2019/12/20;0500 UTC;0;912,2;912,6;912,2;;20,6;17,4;20,7;20,5;17,7;17,4;83;82;82;68;4,1;1,2;
2019/12/20;0600 UTC;0;912,2;912,3;912,1;;20,7;16,7;20,7;20,5;17,4;16,7;82;78;78;81;3,9;,3;
2019/12/20;0700 UTC;,2;912,1;912,3;912;;20,5;15,4;21;20,5;16,7;15,2;78;71;73;46;5;1,5;
2019/12/20;0800 UTC;0;912,3;912,4;912,1;;20;15,6;20,5;19,9;15,6;15,3;76;72;76;47;5;1;
2019/12/20;0900 UTC;0;912,6;912,6;912,3;47,7;20,1;15,5;20,1;19,8;15,7;15,5;77;75;75;36;3,7;,9;
2019/12/20;1000 UTC;0;912,9;912,9;912,6;205,4;21;15,9;21;20,1;16;15,4;75;72;73;40;5,5;1,6;
2019/12/20;1100 UTC;0;913,3;913,3;912,9;316,3;21,8;16,8;21,8;21;16,8;15,8;74;71;74;45;5,9;1,6;
2019/12/20;1200 UTC;0;913,7;913,7;913,3;705,4;23,5;17,7;23,5;21,8;18;16,8;74;70;70;55;4,9;1,3;
2019/12/20;1300 UTC;0;913,7;913,8;913,7;1051;24,6;18,7;24,6;23,4;18,7;17,6;71;69;70;39;6,6;2;
2019/12/20;1400 UTC;0;913,5;913,8;913,5;1883,6;26,9;18,2;27;24,6;19,5;18,2;70;59;59;25;6,6;2,3;
2019/12/20;1500 UTC;,2;912,9;913,5;912,8;3377,1;29,4;18,1;29,4;26,9;19;17,2;60;49;51;3;7,3;3,8;
2019/12/20;1600 UTC;0;912;912,9;912;2450,7;28,5;17,9;29,9;28;20,7;17,2;62;49;53;19;7,2;1,7;
2019/12/20;1700 UTC;0;910,9;913,1;910,9;1246,5;27,4;19,9;28,5;19,7;19,9;15,6;85;53;64;133;16,2;1,6;
2019/12/20;1800 UTC;0;910,7;910,9;910,4;1416,5;24,9;18,8;28,8;24,9;22;17,5;69;59;69;140;7;1,6;
2019/12/20;1900 UTC;0;910,3;910,8;910,3;772,5;23,7;18,2;24,9;23,7;19,7;18,1;76;69;71;88;6,9;3,1;
2019/12/20;2000 UTC;,2;910;910,7;910;593,3;21,4;17,1;23,7;21,4;18,3;16,9;77;71;76;110;8,9;3,4;
2019/12/20;2100 UTC;0;910,5;910,7;909,9;212,7;21,1;17,3;21,6;21,1;17,6;17,1;79;76;79;48;5,9;2,3;
2019/12/20;2200 UTC;0;910,8;910,9;910,4;8,7;20,7;16,5;21,1;20,5;17,3;16,5;80;77;77;67;4,9;3;
2019/12/20;2300 UTC;0;912,6;912,6;910,8;;20,5;16,8;21,1;20,5;16,8;16,3;79;74;79;21;6,1;1,8;
2019/12/21;0000 UTC;0;912,9;912,9;912,6;;19,4;17,2;20,5;19,4;17,2;16,8;87;79;87;54;4,8;1,2;
2019/12/21;0100 UTC;0;913,4;913,5;912,9;;19,2;17,4;19,6;19,1;17,5;17,2;89;87;89;43;5,1;1,6;
2019/12/21;0200 UTC;0;913,3;913,5;913,2;;19,3;17,3;19,4;19,1;17,5;17,2;89;88;88;50;4,6;2,1;
2019/12/21;0300 UTC;0;913,4;913,5;913,3;;19,3;17,5;19,3;19,1;17,5;17,2;90;88;89;37;5,9;2,1;
2019/12/21;0400 UTC;0;912,6;913,5;912,6;;19,3;17,4;19,4;19,1;17,6;17,4;90;88;88;51;5,8;1,5;
2019/12/21;0500 UTC;0;912,7;912,8;912,4;;19;17,5;19,4;19;17,6;17,2;91;88;91;37;4,8;1;
2019/12/21;0600 UTC;,2;912,9;913;912,7;;18,8;17,4;19;18,8;17,6;17,4;92;91;92;38;5,3;2;
2019/12/21;0700 UTC;0;912,7;912,9;912,7;;19;16,9;19,1;18,6;17,5;16,9;92;88;88;7;4,3;2;
2019/12/21;0800 UTC;0;912,1;912,9;912,1;;18,3;16,5;19,1;18,3;16,9;16,3;90;84;90;82;5,3;3,2;
2019/12/21;0900 UTC;0;913,2;913,2;912,1;13,5;18,6;16,7;18,6;18,2;16,8;16,5;91;89;89;40;5,6;1,8;
2019/12/21;1000 UTC;0;913,2;913,4;913,1;133,8;19,1;16,2;19,3;18,6;16,7;16,1;89;82;83;57;5,9;2,4;
2019/12/21;1100 UTC;0;913,3;913,4;913,1;652,7;20,9;17,2;20,9;19,1;17,2;16,1;83;79;79;41;5,2;2,2;
2019/12/21;1200 UTC;0;913,7;913,7;913,3;1157,4;21,8;17,4;22,3;20,9;17,7;16,8;79;72;76;17;8,5;4,6;
2019/12/21;1300 UTC;0;913,9;913,9;913,6;1420,1;22,7;17;22,7;21,8;17,7;16,3;77;69;70;360;10,3;5;
2019/12/21;1400 UTC;,2;913,5;913,9;913,5;1772,3;23;17,3;24,1;22,7;18,5;17;72;68;70;14;12;5,6;
2019/12/21;1500 UTC;0;913,1;913,5;913,1;648,2;23,1;17,6;23,1;22,7;17,6;17;72;70;71;19;10,3;4,2;
2019/12/21;1600 UTC;0;912,5;913,1;912,5;1499,5;24,6;18;24,6;23,1;18;17,1;71;65;67;33;8,9;2,7;
2019/12/21;1700 UTC;0;911,9;912,5;911,9;2684;26,3;18;26,9;24,5;18,7;17,2;67;57;60;26;6;1,5;
2019/12/21;1800 UTC;0;911,1;911,9;911,1;1393,4;26,3;17;27;25,5;19;16,6;65;55;57;320;4,9;1;
2019/12/21;1900 UTC;0;910,2;911,1;910,2;1406,5;27,3;18;27,3;26,3;18,6;17;60;55;57;333;4;1,8;
2019/12/21;2000 UTC;0;909,7;910,2;909,7;961,7;26,2;17;27,3;26,2;18;16,5;60;55;57;1;4;1;
2019/12/21;2100 UTC;0;910,3;910,3;909,7;202,9;25,2;18,2;26,2;25,2;18,2;16,8;65;56;65;21;2,5;,6;
2019/12/21;2200 UTC;0;911,1;911,1;910,3;51,3;23,8;18,4;25,2;23,8;18,8;18,3;72;65;72;59;2;,5;
2019/12/21;2300 UTC;0;911,6;911,6;911,1;;23,1;17,9;23,8;23;18,5;17,8;74;71;73;54;3,5;1,3;
2019/12/22;0000 UTC;0;912,2;912,2;911,6;;22,3;18,1;23,1;22,2;18,2;17,8;78;73;77;53;3,3;1,7;
2019/12/22;0100 UTC;,2;912,3;912,3;912;;21,6;17,7;22,4;21,5;18,1;17,6;79;76;79;58;4,5;1,3;
2019/12/22;0200 UTC;0;912,4;912,7;912,3;;21,9;17,6;21,9;21,5;17,7;17,4;79;77;77;69;3,9;2,1;
2019/12/22;0300 UTC;0;913,4;913,8;912,2;;19,3;17,6;22,1;19,2;18,5;17,2;90;77;90;268;10,3;2,2;
2019/12/22;0400 UTC;0;912,7;913,4;912,7;;19,2;16,8;19,3;19;17,7;16,8;91;86;86;340;6,6;1,8;
2019/12/22;0500 UTC;0;911,3;912,7;911,3;;18,3;16,6;19,2;18,2;17;16,4;90;86;90;61;3,5;1,7;
2019/12/22;0600 UTC;0;911;911,3;910,8;;18,3;16,6;18,5;18,2;16,8;16,5;91;89;90;93;4,2;,2;
2019/12/22;0700 UTC;0;910,7;911;910,6;;18,1;16,7;18,4;18;16,7;16,5;92;90;92;44;3,5;1,4;
2019/12/22;0800 UTC;0;911,1;911,1;910,7;;18,4;16,5;18,4;18;16,8;16,5;92;89;89;49;3,9;,6;
2019/12/22;0900 UTC;0;911,9;911,9;911,1;45,1;18,5;16,8;18,6;17,9;16,8;16,3;91;88;90;42;2,3;,8;
2019/12/22;1000 UTC;0;912,8;912,8;911,9;235,9;20,2;16,5;20,2;18,4;16,9;16,1;90;78;79;91;3,5;,3;
2019/12/22;1100 UTC;0;913,1;913,1;912,8;437,2;20,9;16,3;20,9;20,2;16,7;16,3;80;75;75;56;4,4;2,4;
2019/12/22;1200 UTC;0;913,4;913,4;913,1;864,3;23,2;17,7;23,2;20,9;17,7;16,4;76;70;71;50;4,4;,9;
2019/12/22;1300 UTC;0;913,4;913,5;913,4;1556;25,1;18,1;25,3;23,3;18,8;17,5;72;64;65;20;2,6;,7;
2019/12/22;1400 UTC;,2;913,1;913,5;913,1;2953,8;27;15,2;27,5;25,1;18,6;14,5;65;46;48;201;3,7;1,9;
2019/12/22;1500 UTC;0;913;913,2;913;2469,8;27,6;17,4;27,8;26,5;17,9;15,1;56;47;54;238;4,3;1,7;
2019/12/22;1600 UTC;0;912,5;913;912,5;1001,9;25,8;18;27,6;25,2;19;16,6;67;52;62;323;4,7;1,4;
2019/12/22;1700 UTC;0;910,9;912,5;910,9;2623,7;27,5;19,7;27,5;25;19,7;17,6;67;59;62;22;4,1;1,7;
2019/12/22;1800 UTC;0;910,8;911;910,7;2023,1;26,3;19;28,8;26,3;19,2;17,1;64;51;64;230;7,3;4;
2019/12/22;1900 UTC;0;911,5;911,6;910,7;107,6;21,3;17,1;26,3;21,3;19,1;15,9;78;62;77;277;12,2;,8;
2019/12/22;2000 UTC;0;911,6;911,7;911,2;156,7;20,2;18,3;21,3;19,9;18,7;17;89;77;89;23;3,3;1,5;
2019/12/22;2100 UTC;0;911,2;911,8;911,2;183,2;20,4;18,6;20,8;20,2;18,7;18,1;90;86;89;74;4,4;2,3;
2019/12/22;2200 UTC;0;911,7;911,7;911;139,5;20,2;18,1;20,7;20,2;18,7;18;89;87;88;160;3,7;,1;
2019/12/22;2300 UTC;,2;912,3;912,3;911,6;;19,8;17,9;20,4;19,8;18,5;17,9;89;87;89;356;1,6;,4;
2019/12/23;0000 UTC;0;912,7;912,8;912,3;;20;17,5;20,1;19,8;18,6;17,5;91;85;85;55;4,2;2,4;
2019/12/23;0100 UTC;0;913,3;913,3;912,7;;20,2;17,5;20,3;20;17,6;17,4;86;84;85;43;3,8;1,8;
2019/12/23;0200 UTC;0;913,4;913,7;913,2;0;20,2;17,9;20,3;20,1;17,9;17,5;87;84;86;55;4,5;1,4;
2019/12/23;0300 UTC;0;913,7;913,7;913,2;;20,2;18,1;20,4;20,2;18,3;17,8;88;86;88;254;6,2;1,9;
2019/12/23;0400 UTC;0;913;913,7;913;;18,9;17,2;20,2;18,9;18,1;17,1;91;88;90;191;7,3;1,5;
2019/12/23;0500 UTC;0;911,9;913;911,9;;18,6;16,9;18,9;18,5;17,2;16,9;90;90;90;169;2,8;,7;
2019/12/23;0600 UTC;0;911,2;911,9;911,2;;18,5;16,8;18,7;18,4;17;16,7;90;89;90;124;1,6;,6;
2019/12/23;0700 UTC;0;910,5;911,2;910,5;;18,3;16,9;18,5;18,3;17;16,7;92;90;92;74;3,7;1,1;
2019/12/23;0800 UTC;0;910,7;910,7;910,3;;18,5;16,6;18,6;18,3;17;16,6;92;89;89;66;5,2;2;
2019/12/23;0900 UTC;0;911,6;911,6;910,7;8,6;18,6;16,4;18,6;18,3;16,7;16,4;90;87;87;53;4,4;,5;
2019/12/23;1000 UTC;0;912,8;912,8;911,6;134,3;19;17;19;18,5;17;16,4;89;87;88;52;4,8;2;
2019/12/23;1100 UTC;0;913,4;913,4;912,8;411,4;19,8;17,6;19,8;19;17,6;17,1;89;86;87;57;5,8;2,4;
2019/12/23;1200 UTC;0;913,6;913,8;913,4;931;20,7;18,1;20,8;19,8;18,3;17,6;87;85;85;44;5,6;2,6;
2019/12/23;1300 UTC;0;914,3;914,4;913,6;1501,3;22,7;18,7;22,8;20,7;19,4;18,2;87;78;78;30;4,7;1,8;
2019/12/23;1400 UTC;0;913,8;914,3;913,8;2249,4;23,3;18;23,7;22,4;19;17,7;79;71;72;9;5,2;2,5;
2019/12/23;1500 UTC;0;913,2;913,8;913,1;1442;23,7;18;23,8;23,1;18,8;17,7;75;69;70;17;5,2;2,3;
2019/12/23;1600 UTC;0;912,6;913,2;912,6;1837,6;24,5;17,3;24,9;23,6;18,3;17,1;71;63;64;93;5,2;,8;
2019/12/23;1700 UTC;,2;912,2;912,6;912,2;1756;25,3;17,1;26,1;24,4;18,6;16,8;67;60;61;327;4,2;1,4;
2019/12/23;1800 UTC;0;911,5;912,2;911,5;1257;25,7;18,3;25,7;24,7;18,5;17,1;66;61;64;32;4,3;1,5;
2019/12/23;1900 UTC;0;911,3;911,5;911,2;1556,3;25,5;18,4;26,5;25,3;18,8;17,2;66;60;65;272;3,8;1,1;
2019/12/23;2000 UTC;0;911,8;911,8;911,1;345,4;21,5;19,7;25,8;21,4;19,7;18,4;89;64;89;224;5,4;2,9;
2019/12/23;2100 UTC;0;911,1;911,8;910,6;107,8;19,8;18,5;21,5;19,6;19,7;17,8;93;89;92;33;5,5;1,3;
2019/12/23;2200 UTC;0;912;912;911;16,4;20,5;19,3;20,7;19,7;19,6;18,5;93;92;93;12;2,7;,3;
2019/12/23;2300 UTC;0;912,2;912,3;912;;20,6;19,3;20,7;20,3;19,6;19,1;93;93;93;128;1,3;,5;
2019/12/24;0000 UTC;0;912,8;912,8;912,2;;20,5;19,3;20,8;20,4;19,5;19,1;93;92;93;97;1,9;,2;
2019/12/24;0100 UTC;0;913,5;913,6;912,8;;20,5;19,4;20,6;20,4;19,4;19,2;93;93;93;61;2,3;,4;
2019/12/24;0200 UTC;0;913,4;913,7;913,4;;20,4;19,3;20,6;20,4;19,5;19,3;93;93;93;73;1,1;,1;
2019/12/24;0300 UTC;0;912,3;913,4;912,3;;20,1;19;20,4;20,1;19,3;19;93;93;93;74;1,8;1,1;
2019/12/24;0400 UTC;0;911,6;912,3;911,6;;20,1;19;20,3;20;19,2;18,9;94;93;93;108;1,8;,2;
2019/12/24;0500 UTC;,2;910,7;911,6;910,7;;20,1;19;20,3;20;19,3;19;94;93;94;68;2,5;1,1;
2019/12/24;0600 UTC;0;910,5;911;910,3;;20,3;19,2;20,3;20;19,2;18,9;94;93;93;59;3,5;,9;
2019/12/24;0700 UTC;0;910,5;910,6;910,1;;19,8;18,2;20,4;19,7;19,2;18,2;93;91;91;81;5,6;1,3;
2019/12/24;0800 UTC;0;911,4;911,4;910,4;,2;19,8;18,5;19,9;19,7;18,5;18,2;92;90;92;358;3,7;1;
2019/12/24;0900 UTC;0;911,7;911,8;911,2;25,4;18,7;17,5;19,9;18,7;18,6;17,4;93;91;92;37;3,2;1,3;
2019/12/24;1000 UTC;0;912,2;912,3;911,8;269,8;19,7;18,2;19,7;18,6;18,2;17,4;93;91;91;68;3,5;1,2;
2019/12/24;1100 UTC;0;912,5;912,5;912,1;719;21,1;18,6;21,1;19,7;18,6;18,1;91;86;86;77;4,2;1,1;
2019/12/24;1200 UTC;0;913;913,1;912,5;1477,7;22;18,4;22,3;21,1;19,5;18,3;86;80;80;23;4,8;2,4;
2019/12/24;1300 UTC;0;913,4;913,5;913;2189,9;23;18,2;23,4;22;19,1;18;81;74;74;28;6,7;3,3;
2019/12/24;1400 UTC;0;912,9;913,4;912,9;2707,5;24,1;17,7;24,7;22,9;19;17,6;75;67;68;11;7,4;3;
2019/12/24;1500 UTC;0;912,4;912,9;912,4;3243,4;26,3;17,6;26,6;24,1;18,9;16,8;70;58;59;9;6,9;2,4;
2019/12/24;1600 UTC;0;911,7;912,4;911,7;3471,1;28;18,4;28;25,9;18,7;16,8;61;54;56;22;6,3;2,8;
2019/12/24;1700 UTC;0;911,1;911,7;911,1;2610,6;27;17,8;28,1;26,5;18,5;16,8;60;52;57;37;5,8;1,4;
2019/12/24;1800 UTC;,2;910,4;911,1;910,4;1919,8;28,4;17,7;28,6;26,3;18,3;16,7;60;51;52;283;4,8;1,2;
2019/12/24;1900 UTC;0;909,6;910,4;909,6;1703,9;28,1;18,3;29,1;26,8;18,8;16,4;60;48;55;2;7,1;1,4;
2019/12/24;2000 UTC;0;909,3;909,6;909,3;1527,7;28,1;17,1;29;27,4;18,3;16,3;55;48;51;346;5,9;2,1;
2019/12/24;2100 UTC;0;909,4;909,4;909,3;777,5;26,7;18,4;28,4;26,7;18,6;16,7;61;50;61;42;4,5;1,1;
2019/12/24;2200 UTC;0;910;910;909,4;175,9;24,6;17,9;26,9;24,6;18,7;17,9;67;58;66;113;6,5;2,2;
2019/12/24;2300 UTC;0;910,5;910,5;909,9;;21,6;15,1;24,6;21,6;17,3;14,7;67;57;67;71;7,6;3,3;
2019/12/25;0000 UTC;0;911,3;911,3;910,5;;21,4;17,8;21,7;21,2;17,8;15;80;67;80;76;5,4;1,5;
2019/12/25;0100 UTC;0;912;912;911,2;;21,7;18,5;21,7;21,2;18,5;17,8;83;80;82;358;4,1;1,3;
2019/12/25;0200 UTC;0;911,8;912,1;911,8;;20,9;17,8;21,7;20,9;18,3;17,8;83;81;83;187;5,7;,8;
2019/12/25;0300 UTC;0;911,5;911,8;911,5;;20,5;17,6;20,9;20,5;17,8;17,6;83;82;83;51;5,6;1,3;
2019/12/25;0400 UTC;0;911,1;911,5;911,1;;20,1;17,5;20,5;20;17,6;17,4;85;83;85;69;5,6;1,4;
2019/12/25;0500 UTC;0;910,7;911,1;910,6;;19,7;17,3;20,1;19,6;17,5;17,2;86;85;86;73;3,4;1,2;
2019/12/25;0600 UTC;0;910,5;910,7;910,5;;19,4;17,1;19,7;19,4;17,3;17,1;87;86;87;77;4,5;2,3;
2019/12/25;0700 UTC;0;910,4;910,5;910,4;;19,4;16,9;19,6;19,4;17,2;16,9;87;85;85;54;5,3;2,4;
2019/12/25;0800 UTC;0;911,1;911,1;910,4;;18,9;16,6;19,5;18,9;16,9;16,6;87;85;87;54;5,3;1,7;
2019/12/25;0900 UTC;0;911,9;912;911,1;29,3;19;16,8;19;18,7;16,8;16,6;88;87;87;69;3,9;1,8;
2019/12/25;1000 UTC;0;912,2;912,2;911,9;319,3;21,2;17,6;21,2;19;17,6;16,8;87;79;80;31;4,7;1,4;
2019/12/25;1100 UTC;,2;912,6;912,6;912,2;1420;22,7;17,9;22,7;21,2;18,1;17,4;80;74;75;38;6,1;2,5;
2019/12/25;1200 UTC;0;912,8;912,8;912,6;2300,6;24,9;18,8;24,9;22,6;18,8;17,6;75;69;69;47;6,9;2,7;
2019/12/25;1300 UTC;0;912,9;913;912,8;2888,2;26,8;18,7;26,8;24,2;19,2;18;71;61;61;6;6,6;3;
2019/12/25;1400 UTC;0;912,6;913;912,6;3526,6;27,9;18,6;28;26,2;18,9;15,8;61;49;57;4;6,2;2,4;
2019/12/25;1500 UTC;0;912,3;912,6;912,3;3827,4;29,1;17,2;29,6;27,7;18,4;16,9;57;47;49;34;5,4;2,1;
2019/12/25;1600 UTC;0;912;912,3;912;3381,6;29;17,4;30,2;28,6;17,8;16,3;51;45;50;14;5,6;1,8;
2019/12/25;1700 UTC;0;911;912;911;2038,1;30;16,7;30,5;28,5;18,3;16,3;52;45;45;14;4;1,4;
2019/12/25;1800 UTC;0;910,4;910,9;910,2;1784,3;29,5;16,3;30,5;29;17,9;16;49;43;45;247;4,5;1,3;
2019/12/25;1900 UTC;0;910,2;910,4;909,8;646,2;27,4;18,3;29,5;27,2;18,3;16,6;58;45;58;273;7,4;3,4;
2019/12/25;2000 UTC;0;910,6;910,6;909,9;607;25,2;18,2;27,9;25,2;18,8;18,1;66;57;65;8;7,4;3,8;
2019/12/25;2100 UTC;0;911,1;911,3;910,6;743;24,5;17,2;25,2;24;18,8;16,9;69;62;64;59;6,3;2,4;
2019/12/25;2200 UTC;,2;911,4;911,6;911;106,6;23,1;17,4;24,6;23,1;17,6;17,2;70;64;70;37;5,8;2;
2019/12/25;2300 UTC;0;911,8;911,8;911;;22,1;18;23,1;22;18;17,3;78;70;78;121;4,3;,5;
2019/12/26;0000 UTC;0;912,3;912,7;911,8;;21,8;17,8;22,7;21,5;18,2;17,7;80;74;78;33;3,1;1,6;
2019/12/26;0100 UTC;0;913,1;913,1;912,3;;22,6;17,3;23,1;21,5;17,7;17,2;78;70;72;115;5,6;2,2;
2019/12/26;0200 UTC;0;913,2;913,3;913,1;;20,9;17,5;22,6;20,9;17,5;17,2;81;72;81;76;4,7;,5;
2019/12/26;0300 UTC;0;913,1;913,3;913,1;;21;17,3;21,5;20,9;17,6;17,2;81;78;79;71;3,1;1;
2019/12/26;0400 UTC;0;912,1;913,1;912,1;;20,7;16,9;21,5;20,6;17,3;16,7;79;75;79;42;4,3;1,6;
2019/12/26;0500 UTC;0;912,1;912,2;912,1;;19,7;16,8;20,7;19,7;16,9;16,8;83;79;83;57;3,6;1,8;
2019/12/26;0600 UTC;0;912,1;912,2;912;;19,9;17,1;19,9;19,7;17,1;16,8;84;83;84;50;3,6;1,6;
2019/12/26;0700 UTC;0;912,2;912,2;911,9;;19,9;17;20,8;19,8;17,3;16,8;84;80;83;53;3,6;1,7;
2019/12/26;0800 UTC;0;912,5;912,5;912,2;;20,4;16,9;20,7;19,7;17,4;16,9;85;80;80;59;3,8;2,3;
2019/12/26;0900 UTC;0;913,1;913,1;912,5;23,4;19,8;16,9;20,4;19,6;17,1;16,7;84;80;83;53;3,6;1;
2019/12/26;1000 UTC;0;913,6;913,6;913,1;288,3;22,9;17,9;22,9;19,7;18,1;16,9;85;73;74;26;3,2;1;
2019/12/26;1100 UTC;0;914;914;913,6;1429,7;25,2;17,3;25,3;22,8;18,5;17,3;74;61;62;41;5,4;2,3;
2019/12/26;1200 UTC;0;914;914,1;913,9;2316,3;27;18,3;27,5;25,3;18,3;17,2;62;55;59;31;6,5;3,4;
2019/12/26;1300 UTC;0;914;914,1;914;3034,7;28,8;19,3;28,8;26,8;19,3;17,7;60;56;57;24;7,7;3,3;
2019/12/26;1400 UTC;,2;913,4;914;913,4;3660,6;29,4;18,4;29,6;28,2;18,9;16,7;57;47;51;21;8,3;4;
2019/12/26;1500 UTC;0;913;913,4;913;3786,6;30,5;17;31;28,5;18,7;16,5;51;43;44;16;8,7;3,6;
2019/12/26;1600 UTC;0;912,5;913;912,5;3288,6;31,1;17,2;31,1;29,3;18,1;16,3;48;42;43;360;7,4;3,6;
2019/12/26;1700 UTC;0;911,7;912,5;911,7;3944,2;31,8;15,9;32,5;31;17,6;13,7;44;34;38;9;7;2,9;
2019/12/26;1800 UTC;0;910,8;911,7;910,8;2931,7;32,3;17;32,4;30,9;17;14,2;41;34;40;311;6,8;2,5;
2019/12/26;1900 UTC;0;911,1;911,3;910,5;1257,2;21,8;17,5;32,7;21,7;20,9;14,9;78;35;77;43;12;3,2;
2019/12/26;2000 UTC;0;911,3;911,4;910,8;444,8;24;17,4;24;21,4;18,2;16,9;81;66;67;56;11,5;,4;
2019/12/26;2100 UTC;0;910,8;911,3;910,7;467,2;24;18,7;25;23,6;19,1;17,4;74;65;72;83;5,5;1,3;
2019/12/26;2200 UTC;0;912;912;910,7;112;23,6;18,3;25,1;23,6;18,8;17,9;73;64;72;78;5,1;1,1;
2019/12/26;2300 UTC;0;912,4;912,4;911,9;;22,6;18,7;23,6;22,6;18,7;18,1;78;71;78;16;3,1;,7;
2019/12/27;0000 UTC;0;913,6;913,6;912,3;;22,2;18,1;22,8;22;18,9;18,1;81;78;78;102;4,2;1;
2019/12/27;0100 UTC;0;913,8;914;913,6;;21,7;17,8;22,6;21,6;18,1;17,8;79;76;78;66;7,4;1,5;
2019/12/27;0200 UTC;,2;913,8;913,9;913,4;;21,3;18;21,7;21,2;18,1;17,8;82;78;81;81;3,3;,6;
2019/12/27;0300 UTC;0;913,3;913,8;913,2;;20,6;18,1;21,4;20,6;18,2;17,8;86;81;86;25;2,8;,5;
2019/12/27;0400 UTC;0;913;913,6;912,9;;20,1;17,9;20,7;20,1;18,2;17,8;88;83;87;97;3;1,7;
2019/12/27;0500 UTC;0;912,2;913;912,1;;20,3;16,5;20,5;19,7;17,9;16,5;87;79;79;75;4,4;2,1;
2019/12/27;0600 UTC;0;911,8;912,2;911,7;;20,2;15,9;20,4;19,2;16,5;15,9;82;76;76;80;4,4;1,5;
2019/12/27;0700 UTC;0;911,7;911,8;911,6;;19,8;16,8;20,4;19,6;16,8;15,7;84;75;83;73;4,6;2,9;
2019/12/27;0800 UTC;0;912,7;912,7;911,7;;19,6;16,6;19,9;19,2;16,8;16,4;84;82;83;65;4,6;1,9;
2019/12/27;0900 UTC;0;913,3;913,3;912,7;45,3;19,9;16,8;20,2;19,4;17,1;16,6;84;81;82;50;3,8;1,5;
2019/12/27;1000 UTC;0;914;914;913,3;343,4;22,1;17,7;22,1;19,9;17,8;16,8;82;76;76;2;4,3;1;
2019/12/27;1100 UTC;0;914,5;914,5;914;1343,3;24,5;18,2;24,9;22,1;18,9;17,7;77;67;68;22;2,8;1,4;
2019/12/27;1200 UTC;0;914,6;914,6;914,4;2054,5;25,6;18,4;26,2;24,5;18,7;17,9;68;62;64;25;5,9;2,8;
2019/12/27;1300 UTC;0;914,8;914,8;914,6;2932,9;27,9;18,8;28,2;25,6;19,5;18,3;65;56;57;48;5,5;1,6;
2019/12/27;1400 UTC;0;914,4;914,8;914,4;3402,8;28,8;18,2;29,5;27,9;19,1;17,3;58;49;53;9;6,9;3,7;
2019/12/27;1500 UTC;0;914;914,4;914;3640,9;30,1;18;30,4;28,4;19;16,5;55;45;48;7;7;2,8;
2019/12/27;1600 UTC;0;913,5;914;913,5;3717,5;30,7;17,8;31;29,3;18,4;16,3;49;44;46;13;7,2;2,3;
2019/12/27;1700 UTC;0;913,7;913,9;913,2;1091,5;18,9;16,8;31,4;18,9;19,1;16,1;88;42;88;183;23,8;9,4;
2019/12/27;1800 UTC;0;912,5;913,7;912,5;321,6;23,1;19,2;23,1;18,7;21;17;94;79;79;89;23,8;2,2;
2019/12/27;1900 UTC;0;911,9;912,5;911,9;2193,7;27,7;19;28,1;23,1;20,9;18,4;80;59;59;72;8;2,9;
2019/12/27;2000 UTC;0;911,8;912,1;911,7;1222,2;24,7;16;28,6;24,5;20,2;16;63;55;59;22;8;2,1;
2019/12/27;2100 UTC;0;911,7;911,8;911,6;611,8;24,5;17,3;25,2;24,4;17,5;16,1;65;58;64;2;5,3;1,9;
2019/12/27;2200 UTC;0;911,7;911,7;911,4;89,8;23;17,3;24,7;23;17,3;16,7;71;61;71;55;5,3;0;
2019/12/27;2300 UTC;,2;911,5;911,7;911,4;;22,5;17,3;23,4;22,4;17,7;17,2;73;70;73;49;3,6;1,2;
2019/12/28;0000 UTC;0;911,8;911,9;911,5;;22,7;17,7;22,7;22,1;17,8;17,3;76;73;73;72;4,2;1,8;
2019/12/28;0100 UTC;0;912,7;912,7;911,8;;21,1;17,8;22,7;21,1;17,8;17,5;81;73;81;24;4,2;,3;
2019/12/28;0200 UTC;0;913;913,1;912,7;;21,5;17,9;21,7;20,9;18,2;17,8;82;80;80;67;2,6;,9;
2019/12/28;0300 UTC;0;912,8;913;912,7;;20,5;17,6;21,6;20,5;18;17,6;84;80;84;349;2,1;,3;
2019/12/28;0400 UTC;0;912,5;912,8;912,4;;20,5;17,8;21;20,3;18;17,6;85;82;84;347;3,1;1,2;
2019/12/28;0500 UTC;0;912;912,5;912;;21,1;17,3;21,3;20,2;17,8;17,3;85;79;79;351;3,1;1,5;
2019/12/28;0600 UTC;0;911,9;912;911,9;;21;16,7;21,1;19,9;17,3;16,7;84;76;76;17;3,9;1,3;
2019/12/28;0700 UTC;0;912,1;912,1;911,8;;20,2;16,5;21;20;16,7;16,4;81;77;79;360;3,8;1,1;
2019/12/28;0800 UTC;0;912,6;912,6;912,1;;19,6;16,5;20,2;19,3;16,6;16,4;84;79;83;2;3,6;1,5;
2019/12/28;0900 UTC;0;913;913;912,5;34,6;19,4;16,5;19,7;19,1;16,6;16,2;84;82;83;310;3,1;,4;
2019/12/28;1000 UTC;0;913,6;913,6;913;324,9;22,1;17,1;22,1;19,4;17,2;16,6;83;73;73;10;3,9;2,1;
2019/12/28;1100 UTC;0;913,9;913,9;913,5;1212,7;24,1;17,6;24,1;22,1;17,9;17,1;74;67;67;10;5,8;2,7;
2019/12/28;1200 UTC;0;914,4;914,6;913,9;2194;25,9;17,8;26,1;24;18,3;17,2;67;60;61;49;7;1,6;
2019/12/28;1300 UTC;0;914,4;914,4;914,3;2874,9;26,9;17;27,4;25,7;18,2;16,6;63;55;55;12;6,7;3;
2019/12/28;1400 UTC;0;913,9;914,4;913,9;3450,2;28,4;16,5;29,4;26,7;18;16,4;56;48;49;4;5,9;2,5;
2019/12/28;1500 UTC;0;913,4;913,9;913,4;2836,7;28,7;16,8;29,8;27,6;17,9;16;51;46;49;358;6,2;3,3;
2019/12/28;1600 UTC;0;912,8;913,4;912,8;2081,7;29;15,8;29,8;28,3;17,4;15,2;49;43;45;16;5,8;2,8;
2019/12/28;1700 UTC;0;912,3;912,9;912,3;2613,3;29,8;14,6;30,6;29;16,9;14,6;46;39;40;50;5,3;1,3;
2019/12/28;1800 UTC;0;911,6;912,3;911,6;1348,3;29,3;15,7;30,7;29,1;16,5;14,5;44;39;44;227;3,8;,8;
2019/12/28;1900 UTC;0;911,3;911,6;911,1;1863,4;30;16,7;31,3;29,2;16,7;14,1;45;38;45;165;10,2;2,6;
2019/12/28;2000 UTC;0;911,2;912,1;911,2;655,8;22,2;18,2;30;21,5;19;15,7;85;44;78;69;11,2;3,4;
2019/12/28;2100 UTC;0;911;911,3;911;314,3;22,5;17,9;23,1;22,2;18,3;17,7;78;72;75;50;5,8;2,9;
2019/12/28;2200 UTC;0;911,1;911,1;910,9;52,1;22;17,8;22,6;22;18,2;17,6;77;74;77;58;5,1;1,5;
2019/12/28;2300 UTC;,2;911,5;911,5;911,1;;21,1;18,4;22;20,9;18,7;17,8;86;77;85;5;2,4;,5;
2019/12/29;0000 UTC;0;912;912;911,5;;20,6;18,1;21,1;20,4;18,4;17,8;86;84;86;173;2,2;,4;
2019/12/29;0100 UTC;0;912,4;912,4;912;;19,8;17,8;20,6;19,8;18,2;17,6;89;85;88;324;2,2;0;
2019/12/29;0200 UTC;0;912,3;912,6;912,3;;19,9;17;21;19,4;18,1;16,6;89;79;83;59;3;1,9;
2019/12/29;0300 UTC;0;912,3;912,4;912,3;;21;16,9;21;19,9;17;16,7;83;77;77;73;3,6;1,8;
2019/12/29;0400 UTC;0;911,9;912,3;911,9;;20,4;16,4;21,1;20,3;16,9;16,3;79;75;78;54;3,6;1,4;
2019/12/29;0500 UTC;0;911,6;911,9;911,6;;19,8;16,2;21;19,8;16,5;16,1;79;75;79;61;3,6;1,9;
2019/12/29;0600 UTC;0;911,3;911,6;911,3;;19,4;16,5;20,1;19,3;16,5;16,1;84;79;84;40;3,4;1,3;
2019/12/29;0700 UTC;0;911,4;911,4;911,2;;18,8;16,1;19,7;18,8;16,6;16,1;85;81;84;35;3;,9;
2019/12/29;0800 UTC;0;912,2;912,2;911,4;;20,2;16;20,3;18,8;16,6;15,9;85;77;77;97;2,9;1,2;
2019/12/29;0900 UTC;0;912,4;912,7;912,2;22,8;20,1;15,9;20,6;19,3;16,3;15,8;81;75;77;26;5,4;1,1;
2019/12/29;1000 UTC;0;913,4;913,4;912,4;201,3;21;17;21;18,9;17,1;15,8;85;77;78;191;3,1;,6;
2019/12/29;1100 UTC;0;913,4;913,5;913,3;703,5;22,8;17,3;22,8;21;18;16,8;80;71;71;59;2,4;,8;
2019/12/29;1200 UTC;0;913,4;913,5;913,4;1174,9;24,3;17,8;24,3;22,4;18,1;16,9;73;67;67;80;3,6;1,7;
2019/12/29;1300 UTC;0;913,2;913,4;913,2;2908,1;26;17,7;26,3;24,2;18,6;17,1;67;59;60;37;4,7;1,8;
2019/12/29;1400 UTC;0;912,8;913,3;912,8;3401,8;27,5;17,4;27,7;25,8;18,4;16,7;61;54;54;5;5,2;1,9;
2019/12/29;1500 UTC;0;911,8;912,8;911,8;3719,6;28,5;16,9;28,7;27;18;16;57;47;50;19;5,4;2;
2019/12/29;1600 UTC;0;911,4;911,8;911,4;3612,3;29,4;16,6;29,5;28;18;14,6;51;42;46;336;5,3;1,1;
2019/12/29;1700 UTC;0;910,9;911,4;910,9;3220,5;29,7;15,1;31,2;29,3;16,2;13,6;46;36;41;288;4,5;1,1;
2019/12/29;1800 UTC;0;910,1;910,9;910,1;3184,3;30,3;15,5;31,8;29,5;16,9;14,4;44;37;41;229;5,8;2,8;
2019/12/29;1900 UTC;0;909,4;910,1;909,4;2278,8;30,7;14,7;31,5;30,1;17,3;13,7;44;35;38;230;6,4;2,3;
2019/12/29;2000 UTC;0;908,8;909,4;908,7;1764,8;30,3;14,6;31,3;30,1;15,5;13,8;40;36;39;213;5,3;2,2;
2019/12/29;2100 UTC;0;909,1;909,2;908,8;231,6;26,5;16,5;30,3;26,2;17,4;14,1;58;38;54;93;7,1;2,8;
2019/12/29;2200 UTC;0;909,2;909,5;909,1;48,3;25,3;15,3;27,1;25,2;17,7;15,1;62;52;54;187;5;1,8;
2019/12/29;2300 UTC;0;909,3;909,8;909,2;;23,8;18,2;25,3;23,8;18,2;14,6;71;52;71;135;9,4;3,1;
2019/12/30;0000 UTC;0;909,4;909,5;909,2;;22,9;17,9;24,4;22,9;18,5;17,9;74;69;73;65;5;2,2;
2019/12/30;0100 UTC;0;909,8;909,8;909,4;;22,5;17,4;23;22,5;17,9;17,3;74;71;73;74;3,9;1,7;
2019/12/30;0200 UTC;0;909,9;910,1;909,8;;22;17,4;22,6;21,9;17,6;17,4;76;73;75;60;2,7;1,3;
2019/12/30;0300 UTC;0;909,8;909,9;909,8;;22,1;17,5;22,1;21,3;17,7;17,4;80;75;76;70;1,9;1;
2019/12/30;0400 UTC;,2;909,5;909,9;909,5;;22,3;18,1;22,3;22,1;18,2;17,4;78;74;77;72;1,9;,1;
2019/12/30;0500 UTC;0;909,4;909,5;909,4;;22,5;18,5;22,5;22;18,6;17,9;80;76;78;263;1,6;,3;
2019/12/30;0600 UTC;0;909,2;909,4;909,1;;21,6;18;22,5;21,6;18,5;17,9;80;77;80;55;2;,3;
2019/12/30;0700 UTC;0;909,1;909,3;909;;20,9;17,9;21,7;20,9;18,1;17,8;83;79;83;61;2,4;,6;
2019/12/30;0800 UTC;0;909,5;909,5;909;;20;17,6;20,9;20;18,1;17,6;87;83;86;352;2,4;,5;
2019/12/30;0900 UTC;0;909,8;909,9;909,5;21,3;20,7;16;20,7;20;17,6;16;86;74;74;15;5,3;1,4;
2019/12/30;1000 UTC;0;910,5;910,5;909,8;286,5;22,2;15,9;22,2;20,7;15,9;15,8;74;68;68;47;7,5;2,4;
2019/12/30;1100 UTC;0;910,8;910,8;910,4;1522;24,3;16,2;24,3;22,2;16,4;15,8;68;61;61;39;7,5;3,4;
2019/12/30;1200 UTC;0;911;911;910,8;1387,2;24,8;16,6;25,1;23,7;17,4;15,9;64;60;61;42;8,4;3,1;
2019/12/30;1300 UTC;0;911,3;911,3;911;2276,8;26,1;17,2;26,1;24,4;17,2;16,1;62;57;58;43;10,1;3,2;
2019/12/30;1400 UTC;0;910,9;911,3;910,9;3183,5;27,2;17,1;27,4;25,9;17,4;16,1;58;52;54;24;10,1;4;
2019/12/30;1500 UTC;0;910,1;910,9;910,1;3553,4;29,4;17,4;29,4;27,1;18;16,6;55;49;49;34;8;2,8;
2019/12/30;1600 UTC;0;909,7;910,1;909,7;2975;28,6;16,1;30,2;28,1;17,7;16;51;43;47;7;7;3;
2019/12/30;1700 UTC;0;909,2;909,8;909,2;1034,3;28,5;16,7;29,2;28;17,3;15,9;51;47;49;333;5,8;1,8;
2019/12/30;1800 UTC;0;908,6;909,3;908,6;2983,3;29,3;16,1;30,1;28,2;18,1;15,9;52;44;45;319;8;2,1;
2019/12/30;1900 UTC;0;907,7;908,5;907,7;2412,4;30,3;16,1;30,6;29,2;17,1;14,6;46;39;42;304;5,5;2,1;
2019/12/30;2000 UTC;0;907,4;907,8;907,4;1506;29,4;16,4;30,9;28,9;16,7;15,2;47;40;45;330;4,9;1;
2019/12/30;2100 UTC;0;907,5;907,6;907,4;496,8;28,3;16,8;29,8;28,3;17,1;16,2;50;45;50;77;3,7;,1;
2019/12/30;2200 UTC;0;908,1;908,1;907,5;85,3;24,4;17,1;28,3;24,4;17,9;16,5;64;49;64;31;5;1,8;
2019/12/30;2300 UTC;0;908,5;908,5;908;;22,7;16,7;24,4;22,6;17,2;16,4;69;63;69;64;4,6;1,6;
2019/12/31;0000 UTC;0;908,6;908,6;908,4;;21,9;16,8;22,8;21,9;16,8;16,7;73;69;73;51;4,2;2,3;
2019/12/31;0100 UTC;0;909,4;909,4;908,6;;21,9;16,6;22,1;21,8;16,8;16,5;73;71;72;77;5,1;2,5;
2019/12/31;0200 UTC;0;909,4;909,5;909,3;;21,7;16,1;22,1;21,5;16,7;16,1;73;71;71;77;5,1;2,7;
2019/12/31;0300 UTC;0;909,4;909,5;909,3;;21,2;16,3;21,8;21;16,3;16;74;70;74;51;4,8;1,1;
2019/12/31;0400 UTC;0;908,8;909,4;908,8;;21,8;16,4;21,9;21,2;16,4;16,2;74;70;71;71;5,4;2,3;
2019/12/31;0500 UTC;0;908,7;908,8;908,7;;20,8;16,5;21,8;20,8;16,6;16,3;76;71;76;39;4,4;,8;
2019/12/31;0600 UTC;0;909,3;909,3;908,7;;21,2;16,8;21,4;20,1;17;16,5;82;76;76;172;4,6;1,8;
2019/12/31;0700 UTC;0;909,2;909,4;909,1;;20,4;17;21,9;19,9;17,3;16,6;83;73;81;103;9,1;4,3;
2019/12/31;0800 UTC;0;909,5;909,5;909;;19,3;17,2;20,4;19,2;17,2;16,9;88;81;88;48;7;2;
2019/12/31;0900 UTC;0;909,7;909,7;909,5;23;19,8;16,6;20,2;19,2;17,2;16,5;88;80;82;67;5,3;1,6;
2019/12/31;1000 UTC;0;909,9;909,9;909,7;300,4;20,9;17,3;20,9;19,8;17,4;16,6;82;80;80;58;3,2;,7;
2019/12/31;1100 UTC;0;910,1;910,1;909,9;776,6;23,5;16,9;23,6;20,8;17,7;16,9;81;66;67;51;4,4;1,2;
2019/12/31;1200 UTC;,2;910,1;910,1;910;2252,9;25,8;16,1;26,2;23,5;17,8;15,8;67;54;55;30;6,7;3,1;
2019/12/31;1300 UTC;0;910,2;910,2;910;2956,6;27,8;16,8;27,8;25,7;17,7;16,2;58;51;51;45;9,1;2,6;
2019/12/31;1400 UTC;0;910,5;910,5;910,2;3510;28,6;15,6;29;27,5;17,4;15,2;53;44;45;22;6,7;2,8;
2019/12/31;1500 UTC;0;910,1;910,5;910;3856,5;29,7;15,4;30,1;28,5;16,7;14,8;47;41;42;48;6,3;1,3;
2019/12/31;1600 UTC;0;909,4;910,1;909,4;2829,8;29,4;16,5;30,4;28,8;17,6;15,3;48;41;46;1;4,9;1,7;
2019/12/31;1700 UTC;0;908,4;909,4;908,4;1548,8;29,4;15,8;30,5;29,1;17,5;15,3;47;42;44;60;4,1;,7;
2019/12/31;1800 UTC;0;907,5;908,4;907,5;2397,1;30,8;15,8;31,6;29,1;16,9;15,3;47;39;40;198;5,3;2,3;
2019/12/31;1900 UTC;0;907;907,5;907;1732,3;29,5;18,7;31,5;29,5;18,9;15;52;39;52;321;8,5;3,7;
2019/12/31;2000 UTC;0;907;907,1;906,8;667,2;26,1;16,7;30,3;26,1;19,3;16,5;62;50;56;322;8,5;3,1;
2019/12/31;2100 UTC;0;907,2;907,3;906,8;318,4;24,8;14,6;26,1;24,2;16,7;14,5;60;52;53;8;12,4;1,6;
2019/12/31;2200 UTC;0;908,7;908,7;907,2;9,2;22,1;18,1;24,9;21,6;18,2;14,6;79;53;78;176;8,2;3,3;
2019/12/31;2300 UTC;0;909,4;909,5;908,7;;19,6;17,7;22,1;19,6;18,6;17,1;90;78;89;46;7,4;2,3;
